227
      1249.95  8.03216e-09  1.42384e-11
      1250.27  4.01430e-09  1.07643e-11
      1250.58  1.62242e-09  8.11866e-12
      1250.89  1.29246e-09  7.67499e-12
      1251.20  1.56346e-09  8.05923e-12
      1251.52  2.23783e-09  8.39869e-12
      1251.83  3.66761e-09  1.00133e-11
      1252.14  4.56271e-09  1.11174e-11
      1252.46  4.30068e-09  1.14953e-11
      1252.77  3.99960e-09  1.12090e-11
      1253.09  6.75151e-09  1.49191e-11
      1253.40  1.27579e-08  2.06486e-11
      1253.71  1.54569e-08  2.32631e-11
      1254.03  9.34901e-09  1.72644e-11
      1254.34  4.62890e-09  1.19427e-11
      1254.66  5.94805e-09  1.33957e-11
      1254.97  8.84177e-09  1.67011e-11
      1255.29  5.91102e-09  1.37575e-11
      1255.60  2.86916e-09  9.97337e-12
      1255.92  3.17185e-09  1.08713e-11
      1256.23  5.44233e-09  1.36996e-11
      1256.55  8.57943e-09  1.75536e-11
      1256.87  5.87055e-09  1.41607e-11
      1257.18  2.77748e-09  9.85224e-12
      1257.50  2.15359e-09  8.44032e-12
      1257.81  2.45928e-09  8.75296e-12
      1258.13  2.99825e-09  9.66899e-12
      1258.45  2.92960e-09  9.57004e-12
      1258.76  3.10726e-09  9.68704e-12
      1259.08  5.55610e-09  1.22347e-11
      1259.40  1.12849e-08  1.70113e-11
      1259.72  1.49617e-08  1.89730e-11
      1260.03  1.11209e-08  1.50330e-11
      1260.35  8.32074e-09  1.21746e-11
      1260.67  1.04701e-08  1.36529e-11
      1260.99  9.52940e-09  1.28973e-11
      1261.30  7.84680e-09  1.15601e-11
      1261.62  9.68659e-09  1.37633e-11
      1261.94  1.01736e-08  1.38762e-11
      1262.26  1.04491e-08  1.44494e-11
      1262.58  7.43947e-09  1.16165e-11
      1262.90  8.17249e-09  1.15116e-11
      1263.22  1.28260e-08  1.49342e-11
      1263.54  1.00608e-08  1.26600e-11
      1263.86  6.22605e-09  1.03988e-11
      1264.17  4.96664e-09  1.00704e-11
      1264.49  3.64558e-09  9.08527e-12
      1264.81  4.11022e-09  9.89217e-12
      1265.13  8.26321e-09  1.43132e-11
      1265.45  1.25429e-08  1.75791e-11
      1265.77  1.09005e-08  1.58259e-11
      1266.10  5.81771e-09  1.13136e-11
      1266.42  3.06697e-09  8.53603e-12
      1266.74  2.68498e-09  8.46986e-12
      1267.06  3.69147e-09  9.67635e-12
      1267.38  7.90321e-09  1.37920e-11
      1267.70  1.41624e-08  1.98283e-11
      1268.02  1.48783e-08  2.01509e-11
      1268.34  1.45959e-08  1.98008e-11
      1268.67  1.30999e-08  1.73158e-11
      1268.99  1.31646e-08  1.69701e-11
      1269.31  9.78479e-09  1.39106e-11
      1269.63  6.33030e-09  1.09932e-11
      1269.95  5.33162e-09  1.03518e-11
      1270.28  6.72087e-09  1.13716e-11
      1270.60  1.15536e-08  1.55640e-11
      1270.92  1.36014e-08  1.60464e-11
      1271.25  1.48025e-08  1.61023e-11
      1271.57  1.43259e-08  1.52252e-11
      1271.89  8.40778e-09  1.08314e-11
      1272.22  3.72489e-09  7.16861e-12
      1272.54  2.39020e-09  6.22948e-12
      1272.86  2.02149e-09  6.17708e-12
      1273.19  1.95243e-09  6.46665e-12
      1273.51  2.38278e-09  7.26405e-12
      1273.84  3.55507e-09  8.90468e-12
      1274.16  4.56297e-09  9.98332e-12
      1274.49  6.12385e-09  1.06917e-11
      1274.81  1.08451e-08  1.41705e-11
      1275.14  1.46940e-08  1.66812e-11
      1275.46  1.29657e-08  1.59866e-11
      1275.79  8.35844e-09  1.34224e-11
      1276.11  5.47577e-09  1.15727e-11
      1276.44  7.54789e-09  1.38383e-11
      1276.76  1.30053e-08  1.85676e-11
      1277.09  1.29499e-08  1.71430e-11
      1277.42  1.33672e-08  1.80334e-11
      1277.74  8.91859e-09  1.39732e-11
      1278.07  4.07915e-09  9.11882e-12
      1278.40  2.55449e-09  7.65604e-12
      1278.72  2.07713e-09  7.24961e-12
      1279.05  2.08868e-09  7.25637e-12
      1279.38  2.72270e-09  8.07270e-12
      1279.71  4.00766e-09  9.39404e-12
      1280.03  5.10546e-09  1.01005e-11
      1280.36  4.67182e-09  8.76122e-12
      1280.69  4.96372e-09  8.50773e-12
      1281.02  6.52906e-09  9.45025e-12
      1281.34  9.64783e-09  1.17351e-11
      1281.67  1.15058e-08  1.34503e-11
      1282.00  8.85699e-09  1.20734e-11
      1282.33  9.36294e-09  1.30729e-11
      1282.66  1.45989e-08  1.69751e-11
      1282.99  1.85487e-08  1.93062e-11
      1283.32  1.83673e-08  1.90487e-11
      1283.65  1.24575e-08  1.53768e-11
      1283.98  6.37045e-09  1.11280e-11
      1284.31  3.72233e-09  9.20524e-12
      1284.64  2.89615e-09  8.78491e-12
      1284.97  2.92056e-09  9.08072e-12
      1285.30  3.41022e-09  1.01160e-11
      1285.63  2.93986e-09  9.55039e-12
      1285.96  2.79971e-09  8.92127e-12
      1286.29  4.22794e-09  9.97203e-12
      1286.62  5.70079e-09  1.09358e-11
      1286.95  5.34153e-09  1.00203e-11
      1287.28  6.95232e-09  1.09968e-11
      1287.61  1.19094e-08  1.47417e-11
      1287.95  1.40580e-08  1.58849e-11
      1288.28  1.39379e-08  1.56081e-11
      1288.61  1.39230e-08  1.51872e-11
      1288.94  1.35986e-08  1.47038e-11
      1289.27  9.58152e-09  1.15629e-11
      1289.61  7.11581e-09  1.01071e-11
      1289.94  5.56584e-09  9.19140e-12
      1290.27  3.86238e-09  8.00772e-12
      1290.61  3.38629e-09  8.43238e-12
      1290.94  2.60207e-09  8.01511e-12
      1291.27  2.02549e-09  7.53445e-12
      1291.61  2.31948e-09  8.08116e-12
      1291.94  3.66599e-09  9.73399e-12
      1292.27  6.23905e-09  1.16630e-11
      1292.61  9.08160e-09  1.40529e-11
      1292.94  6.34262e-09  1.12601e-11
      1293.28  4.87899e-09  1.08210e-11
      1293.61  6.51905e-09  1.26498e-11
      1293.95  8.46172e-09  1.40073e-11
      1294.28  1.26634e-08  1.69122e-11
      1294.62  1.40155e-08  1.68833e-11
      1294.95  1.17271e-08  1.41786e-11
      1295.29  1.11715e-08  1.32597e-11
      1295.62  9.44257e-09  1.16342e-11
      1295.96  6.90400e-09  9.87008e-12
      1296.29  6.05576e-09  9.64896e-12
      1296.63  6.34583e-09  1.01334e-11
      1296.97  8.05171e-09  1.16032e-11
      1297.30  1.27304e-08  1.49183e-11
      1297.64  1.66968e-08  1.73420e-11
      1297.98  1.37934e-08  1.56473e-11
      1298.31  8.56741e-09  1.24897e-11
      1298.65  4.79270e-09  9.82217e-12
      1298.99  3.80205e-09  9.14973e-12
      1299.33  6.79736e-09  1.26606e-11
      1299.66  1.22516e-08  1.72793e-11
      1300.00  1.33536e-08  1.78581e-11
      1300.34  1.15253e-08  1.69210e-11
      1300.68  7.59268e-09  1.26698e-11
      1301.02  8.16481e-09  1.20472e-11
      1301.35  1.49107e-08  1.64730e-11
      1301.69  1.73550e-08  1.70437e-11
      1302.03  1.67657e-08  1.65691e-11
      1302.37  1.46445e-08  1.50194e-11
      1302.71  1.73988e-08  1.67057e-11
      1303.05  1.90081e-08  1.68354e-11
      1303.39  2.18716e-08  1.78015e-11
      1303.73  2.35376e-08  1.82239e-11
      1304.07  2.16298e-08  1.73992e-11
      1304.41  2.20440e-08  1.83812e-11
      1304.75  2.35051e-08  2.01713e-11
      1305.09  2.48824e-08  2.20415e-11
      1305.43  2.96655e-08  2.55404e-11
      1305.77  3.51886e-08  2.88848e-11
      1306.11  3.43906e-08  2.81708e-11
      1306.46  2.26975e-08  2.13366e-11
      1306.80  1.07701e-08  1.45117e-11
      1307.14  5.48502e-09  1.06680e-11
      1307.48  3.74163e-09  9.04766e-12
      1307.82  3.02854e-09  8.11897e-12
      1308.16  3.09044e-09  8.18743e-12
      1308.51  3.59290e-09  9.00109e-12
      1308.85  2.92224e-09  7.56679e-12
      1309.19  2.18060e-09  6.32130e-12
      1309.53  2.01203e-09  5.84768e-12
      1309.88  1.98907e-09  5.75529e-12
      1310.22  2.14128e-09  6.11024e-12
      1310.56  2.76360e-09  7.18912e-12
      1310.91  5.11863e-09  1.00004e-11
      1311.25  9.48282e-09  1.47457e-11
      1311.60  9.16197e-09  1.48696e-11
      1311.94  5.19680e-09  1.17035e-11
      1312.28  2.76137e-09  8.64802e-12
      1312.63  1.96649e-09  7.27170e-12
      1312.97  1.72101e-09  6.80501e-12
      1313.32  2.32496e-09  7.73801e-12
      1313.66  3.72162e-09  9.69444e-12
      1314.01  3.03919e-09  8.85158e-12
      1314.35  1.79897e-09  6.91591e-12
      1314.70  1.43888e-09  6.07447e-12
      1315.05  1.44675e-09  5.65010e-12
      1315.39  1.62692e-09  5.52353e-12
      1315.74  2.04295e-09  5.84836e-12
      1316.08  3.12198e-09  6.96600e-12
      1316.43  6.34847e-09  1.01878e-11
      1316.78  1.03534e-08  1.42098e-11
      1317.12  8.05242e-09  1.31111e-11
      1317.47  3.79068e-09  9.57887e-12
      1317.82  2.31238e-09  7.96493e-12
      1318.17  2.47964e-09  7.92494e-12
      1318.51  3.96280e-09  9.74145e-12
      1318.86  4.67946e-09  1.03112e-11
      1319.21  3.17754e-09  8.90198e-12
      1319.56  1.96049e-09  7.42538e-12
      1319.91  1.97541e-09  7.61557e-12
      1320.25  1.97630e-09  7.33615e-12
      1320.60  1.99256e-09  6.87426e-12
      1320.95  2.40610e-09  6.79634e-12
      1321.30  3.47689e-09  7.27934e-12
      1321.65  7.34533e-09  9.89242e-12
      1322.00  1.30990e-08  1.40804e-11
      1322.35  1.07507e-08  1.32293e-11
      1322.70  5.39148e-09  1.01080e-11
      1323.05  3.43411e-09  9.12505e-12
      1323.40  3.82371e-09  9.95282e-12
      1323.75  4.52626e-09  1.07084e-11
      1324.10  4.65105e-09  1.09119e-11
      1324.45  3.33883e-09  8.80654e-12
      1324.80  2.44982e-09  8.31614e-12
      