227
      1249.95  0.00000e+00  0.00000e+00
      1250.27  0.00000e+00  0.00000e+00
      1250.58  0.00000e+00  0.00000e+00
      1250.89  0.00000e+00  0.00000e+00
      1251.20  0.00000e+00  0.00000e+00
      1251.52  0.00000e+00  0.00000e+00
      1251.83  0.00000e+00  0.00000e+00
      1252.14  0.00000e+00  0.00000e+00
      1252.46  0.00000e+00  0.00000e+00
      1252.77  0.00000e+00  0.00000e+00
      1253.09  0.00000e+00  0.00000e+00
      1253.40  0.00000e+00  0.00000e+00
      1253.71  0.00000e+00  0.00000e+00
      1254.03  5.09933e-09  2.43729e-11
      1254.34  5.33827e-09  2.32019e-11
      1254.66  6.74958e-09  1.89187e-11
      1254.97  8.96403e-09  1.90265e-11
      1255.29  5.77327e-09  1.49280e-11
      1255.60  2.83779e-09  1.15040e-11
      1255.92  3.18141e-09  1.28654e-11
      1256.23  5.43667e-09  1.58703e-11
      1256.55  8.78629e-09  2.07320e-11
      1256.87  5.74206e-09  1.56940e-11
      1257.18  2.69221e-09  1.12262e-11
      1257.50  2.16068e-09  9.82621e-12
      1257.81  2.46999e-09  1.01233e-11
      1258.13  2.97545e-09  1.12286e-11
      1258.45  2.92522e-09  1.13709e-11
      1258.76  3.13622e-09  1.18950e-11
      1259.08  5.64422e-09  1.51625e-11
      1259.40  1.14024e-08  2.14859e-11
      1259.72  1.49345e-08  2.43827e-11
      1260.03  1.09651e-08  1.95879e-11
      1260.35  8.29602e-09  1.58933e-11
      1260.67  1.06261e-08  1.86946e-11
      1260.99  9.48550e-09  1.77796e-11
      1261.30  6.97629e-09  2.01938e-11
      1261.62  6.32600e-09  2.45869e-11
      1261.94  6.23612e-09  2.53946e-11
      1262.26  0.00000e+00  0.00000e+00
      1262.58  0.00000e+00  0.00000e+00
      1262.90  0.00000e+00  0.00000e+00
      1263.22  0.00000e+00  0.00000e+00
      1263.54  0.00000e+00  0.00000e+00
      1263.86  0.00000e+00  0.00000e+00
      1264.17  0.00000e+00  0.00000e+00
      1264.49  0.00000e+00  0.00000e+00
      1264.81  0.00000e+00  0.00000e+00
      1265.13  0.00000e+00  0.00000e+00
      1265.45  0.00000e+00  0.00000e+00
      1265.77  2.96035e-09  1.63134e-11
      1266.10  2.93237e-09  1.52198e-11
      1266.42  2.77221e-09  1.07539e-11
      1266.74  2.68142e-09  9.57410e-12
      1267.06  3.66783e-09  1.08957e-11
      1267.38  8.01777e-09  1.60420e-11
      1267.70  1.45170e-08  2.29984e-11
      1268.02  1.47864e-08  2.20919e-11
      1268.34  1.47513e-08  2.23168e-11
      1268.67  1.29416e-08  1.93831e-11
      1268.99  1.31336e-08  1.94994e-11
      1269.31  9.73377e-09  1.62288e-11
      1269.63  6.27896e-09  1.31695e-11
      1269.95  5.38019e-09  1.26554e-11
      1270.28  6.92304e-09  1.46679e-11
      1270.60  1.14831e-08  1.99773e-11
      1270.92  1.36395e-08  2.13004e-11
      1271.25  1.48041e-08  2.17887e-11
      1271.57  1.43938e-08  2.15318e-11
      1271.89  1.17591e-08  2.48730e-11
      1272.22  1.10238e-08  2.85655e-11
      1272.54  1.09247e-08  2.91489e-11
      1272.86  0.00000e+00  0.00000e+00
      1273.19  0.00000e+00  0.00000e+00
      1273.51  0.00000e+00  0.00000e+00
      1273.84  0.00000e+00  0.00000e+00
      1274.16  0.00000e+00  0.00000e+00
      1274.49  0.00000e+00  0.00000e+00
      1274.81  0.00000e+00  0.00000e+00
      1275.14  6.89864e-09  2.41088e-11
      1275.46  6.83692e-09  2.34178e-11
      1275.79  6.40390e-09  1.90535e-11
      1276.11  5.37109e-09  1.32059e-11
      1276.44  7.66584e-09  1.57771e-11
      1276.76  1.28915e-08  2.14040e-11
      1277.09  1.30971e-08  2.02127e-11
      1277.42  1.31349e-08  2.00857e-11
      1277.74  8.79169e-09  1.56625e-11
      1278.07  4.08476e-09  1.04249e-11
      1278.40  2.56025e-09  9.03263e-12
      1278.72  2.08255e-09  9.11016e-12
      1279.05  2.09771e-09  9.39822e-12
      1279.38  2.76985e-09  1.05231e-11
      1279.71  4.06028e-09  1.23289e-11
      1280.03  5.14107e-09  1.38505e-11
      1280.36  4.56115e-09  1.28962e-11
      1280.69  4.22003e-09  1.71887e-11
      1281.02  4.17229e-09  1.88107e-11
      1281.34  0.00000e+00  0.00000e+00
      1281.67  0.00000e+00  0.00000e+00
      1282.00  0.00000e+00  0.00000e+00
      1282.33  0.00000e+00  0.00000e+00
      1282.66  0.00000e+00  0.00000e+00
      1282.99  0.00000e+00  0.00000e+00
      1283.32  0.00000e+00  0.00000e+00
      1283.65  3.16856e-09  1.66261e-11
      1283.98  3.16062e-09  1.63008e-11
      1284.31  3.09927e-09  1.40466e-11
      1284.64  2.86600e-09  1.02771e-11
      1284.97  2.94109e-09  1.04817e-11
      1285.30  3.35425e-09  1.15566e-11
      1285.63  2.89716e-09  1.06210e-11
      1285.96  2.82953e-09  1.00193e-11
      1286.29  4.26867e-09  1.16138e-11
      1286.62  5.67389e-09  1.28641e-11
      1286.95  5.31308e-09  1.20127e-11
      1287.28  7.05008e-09  1.38131e-11
      1287.61  1.20465e-08  1.91367e-11
      1287.95  1.40472e-08  2.11070e-11
      1288.28  1.39511e-08  2.23093e-11
      1288.61  1.36726e-08  3.07228e-11
      1288.94  1.36092e-08  3.44955e-11
      1289.27  1.36012e-08  3.50049e-11
      1289.61  0.00000e+00  0.00000e+00
      1289.94  0.00000e+00  0.00000e+00
      1290.27  0.00000e+00  0.00000e+00
      1290.61  0.00000e+00  0.00000e+00
      1290.94  0.00000e+00  0.00000e+00
      1291.27  3.98308e-09  1.92034e-11
      1291.61  4.03047e-09  1.86154e-11
      1291.94  4.42151e-09  1.51587e-11
      1292.27  6.46655e-09  1.35447e-11
      1292.61  8.87407e-09  1.60643e-11
      1292.94  6.29194e-09  1.30047e-11
      1293.28  4.98133e-09  1.20574e-11
      1293.61  6.55781e-09  1.47219e-11
      1293.95  8.65414e-09  1.67022e-11
      1294.28  1.27500e-08  2.04766e-11
      1294.62  1.39129e-08  2.09130e-11
      1294.95  1.17534e-08  1.82785e-11
      1295.29  1.12333e-08  1.76218e-11
      1295.62  9.48380e-09  1.62310e-11
      1295.96  7.63096e-09  1.96868e-11
      1296.29  7.23354e-09  2.28373e-11
      1296.63  7.18464e-09  2.32992e-11
      1296.97  0.00000e+00  0.00000e+00
      1297.30  0.00000e+00  0.00000e+00
      1297.64  0.00000e+00  0.00000e+00
      1297.98  0.00000e+00  0.00000e+00
      1298.31  3.12978e-09  1.59430e-11
      1298.65  3.20187e-09  1.51732e-11
      1298.99  3.78711e-09  1.20760e-11
      1299.33  6.94088e-09  1.43793e-11
      1299.66  1.25069e-08  2.02697e-11
      1300.00  1.33343e-08  2.05957e-11
      1300.34  1.13464e-08  1.87915e-11
      1300.68  7.61586e-09  1.44972e-11
      1301.02  8.44158e-09  1.45031e-11
      1301.35  1.48478e-08  1.98661e-11
      1301.69  1.73544e-08  2.14453e-11
      1302.03  1.65926e-08  2.14511e-11
      1302.37  1.48661e-08  2.08018e-11
      1302.71  1.61438e-08  3.00170e-11
      1303.05  1.68463e-08  3.67029e-11
      1303.39  1.69434e-08  3.76843e-11
      1303.73  0.00000e+00  0.00000e+00
      1304.07  0.00000e+00  0.00000e+00
      1304.41  0.00000e+00  0.00000e+00
      1304.75  0.00000e+00  0.00000e+00
      1305.09  3.66482e-08  5.45098e-11
      1305.43  3.66936e-08  5.28102e-11
      1305.77  3.68867e-08  4.23749e-11
      1306.11  3.42132e-08  3.24146e-11
      1306.46  2.19147e-08  2.45244e-11
      1306.80  1.02874e-08  1.61269e-11
      1307.14  5.37470e-09  1.19861e-11
      1307.48  3.69981e-09  1.05027e-11
      1307.82  2.99496e-09  9.96084e-12
      1308.16  3.08818e-09  1.03375e-11
      1308.51  3.67829e-09  1.17440e-11
      1308.85  2.94535e-09  1.06320e-11
      1309.19  2.31381e-09  1.35044e-11
      1309.53  2.20552e-09  1.53690e-11
      1309.88  2.19310e-09  1.56195e-11
      1310.22  0.00000e+00  0.00000e+00
      1310.56  0.00000e+00  0.00000e+00
      1310.91  0.00000e+00  0.00000e+00
      1311.25  3.70226e-09  1.81551e-11
      1311.60  3.67500e-09  1.77315e-11
      1311.94  3.45525e-09  1.46780e-11
      1312.28  2.62259e-09  9.42967e-12
      1312.63  1.93215e-09  7.88620e-12
      1312.97  1.75054e-09  7.58015e-12
      1313.32  2.41862e-09  8.81652e-12
      1313.66  3.65448e-09  1.12570e-11
      1314.01  2.99704e-09  1.03393e-11
      1314.35  1.80959e-09  8.51143e-12
      1314.70  1.44493e-09  7.82811e-12
      1315.05  1.45314e-09  7.72155e-12
      1315.39  1.52792e-09  1.01404e-11
      1315.74  1.54705e-09  1.21727e-11
      1316.08  1.54939e-09  1.24658e-11
      1316.43  0.00000e+00  0.00000e+00
      1316.78  0.00000e+00  0.00000e+00
      1317.12  0.00000e+00  0.00000e+00
      1317.47  1.99666e-09  1.38149e-11
      1317.82  2.07120e-09  1.28463e-11
      1318.17  2.58215e-09  9.82732e-12
      1318.51  4.04937e-09  1.20572e-11
      1318.86  4.63560e-09  1.21314e-11
      1319.21  3.05688e-09  9.85279e-12
      1319.56  1.93436e-09  8.62173e-12
      1319.91  1.97098e-09  9.92404e-12
      1320.25  1.96154e-09  9.20110e-12
      1320.60  1.97945e-09  9.00456e-12
      1320.95  2.37065e-09  9.52504e-12
      1321.30  2.67089e-09  1.35394e-11
      1321.65  2.72724e-09  1.53509e-11
      1322.00  2.73365e-09  1.55788e-11
      1322.35  0.00000e+00  0.00000e+00
      1322.70  0.00000e+00  0.00000e+00
      1323.05  0.00000e+00  0.00000e+00
      1323.40  5.15371e-09  2.03689e-11
      1323.75  5.13509e-09  1.85866e-11
      1324.10  4.83555e-09  1.29241e-11
      1324.45  3.29795e-09  9.86386e-12
      1324.80  2.43809e-09  8.96333e-12
      