227
      1249.95  8.04063e-09  1.48373e-11
      1250.27  4.03660e-09  1.10006e-11
      1250.58  1.62538e-09  8.15354e-12
      1250.89  1.29329e-09  7.56224e-12
      1251.20  1.56487e-09  7.71446e-12
      1251.52  2.25770e-09  7.93166e-12
      1251.83  3.66578e-09  9.26341e-12
      1252.14  4.56869e-09  1.02050e-11
      1252.46  4.29832e-09  1.03834e-11
      1252.77  3.96767e-09  9.99697e-12
      1253.09  6.70400e-09  1.31317e-11
      1253.40  1.27997e-08  1.81875e-11
      1253.71  1.56952e-08  2.07041e-11
      1254.03  9.28203e-09  1.50728e-11
      1254.34  4.55165e-09  1.03857e-11
      1254.66  5.90724e-09  1.17365e-11
      1254.97  8.85881e-09  1.55512e-11
      1255.29  5.91822e-09  1.24059e-11
      1255.60  2.86789e-09  9.76251e-12
      1255.92  3.19917e-09  1.07609e-11
      1256.23  5.49638e-09  1.36000e-11
      1256.55  8.42231e-09  1.72675e-11
      1256.87  5.84261e-09  1.36280e-11
      1257.18  2.80958e-09  9.31031e-12
      1257.50  2.16466e-09  8.37250e-12
      1257.81  2.46508e-09  8.66642e-12
      1258.13  3.00372e-09  9.78237e-12
      1258.45  2.93360e-09  9.89261e-12
      1258.76  3.07962e-09  1.00477e-11
      1259.08  5.49069e-09  1.29720e-11
      1259.40  1.13092e-08  1.82921e-11
      1259.72  1.50887e-08  2.05299e-11
      1260.03  1.11080e-08  1.64934e-11
      1260.35  8.23653e-09  1.37273e-11
      1260.67  1.04750e-08  1.58080e-11
      1260.99  9.56325e-09  1.47672e-11
      1261.30  7.84570e-09  1.31043e-11
      1261.62  9.64731e-09  1.53914e-11
      1261.94  1.02369e-08  1.54887e-11
      1262.26  1.03296e-08  1.56388e-11
      1262.58  7.52121e-09  1.24093e-11
      1262.90  8.27976e-09  1.18785e-11
      1263.22  1.26667e-08  1.48380e-11
      1263.54  1.00577e-08  1.24026e-11
      1263.86  6.28461e-09  9.94120e-12
      1264.17  4.97933e-09  9.35016e-12
      1264.49  3.61715e-09  8.23868e-12
      1264.81  4.04243e-09  8.78663e-12
      1265.13  8.25515e-09  1.26286e-11
      1265.45  1.27029e-08  1.55855e-11
      1265.77  1.09546e-08  1.40360e-11
      1266.10  5.74178e-09  9.90230e-12
      1266.42  3.02723e-09  7.53798e-12
      1266.74  2.68653e-09  7.54051e-12
      1267.06  3.69645e-09  9.00940e-12
      1267.38  7.89444e-09  1.34574e-11
      1267.70  1.40626e-08  1.88818e-11
      1268.02  1.48992e-08  1.88754e-11
      1268.34  1.45332e-08  1.87132e-11
      1268.67  1.31761e-08  1.68022e-11
      1268.99  1.30459e-08  1.66886e-11
      1269.31  9.80512e-09  1.41271e-11
      1269.63  6.39822e-09  1.15558e-11
      1269.95  5.31956e-09  1.09034e-11
      1270.28  6.70145e-09  1.21911e-11
      1270.60  1.15990e-08  1.69164e-11
      1270.92  1.35425e-08  1.78069e-11
      1271.25  1.48099e-08  1.82913e-11
      1271.57  1.44792e-08  1.73234e-11
      1271.89  8.46143e-09  1.21861e-11
      1272.22  3.70629e-09  7.91667e-12
      1272.54  2.37555e-09  6.63038e-12
      1272.86  2.02200e-09  6.43801e-12
      1273.19  1.95488e-09  6.56165e-12
      1273.51  2.38216e-09  7.09649e-12
      1273.84  3.54530e-09  8.33552e-12
      1274.16  4.57902e-09  9.12722e-12
      1274.49  6.18314e-09  9.68192e-12
      1274.81  1.08504e-08  1.25246e-11
      1275.14  1.46045e-08  1.46756e-11
      1275.46  1.29200e-08  1.41055e-11
      1275.79  8.38938e-09  1.22283e-11
      1276.11  5.56238e-09  1.13100e-11
      1276.44  7.60997e-09  1.28598e-11
      1276.76  1.28267e-08  1.77005e-11
      1277.09  1.29220e-08  1.68019e-11
      1277.42  1.35158e-08  1.73787e-11
      1277.74  8.83189e-09  1.33696e-11
      1278.07  4.04509e-09  8.92465e-12
      1278.40  2.54285e-09  7.56887e-12
      1278.72  2.06826e-09  7.44828e-12
      1279.05  2.07763e-09  7.77905e-12
      1279.38  2.72432e-09  8.74008e-12
      1279.71  3.99741e-09  1.03779e-11
      1280.03  5.11980e-09  1.15044e-11
      1280.36  4.67391e-09  1.00736e-11
      1280.69  4.95584e-09  9.66397e-12
      1281.02  6.54583e-09  1.04605e-11
      1281.34  9.62917e-09  1.26233e-11
      1281.67  1.14364e-08  1.38569e-11
      1282.00  8.92810e-09  1.20602e-11
      1282.33  9.42559e-09  1.25562e-11
      1282.66  1.45613e-08  1.56413e-11
      1282.99  1.85014e-08  1.73075e-11
      1283.32  1.82435e-08  1.67601e-11
      1283.65  1.24159e-08  1.34428e-11
      1283.98  6.41421e-09  9.78205e-12
      1284.31  3.74757e-09  8.17360e-12
      1284.64  2.88971e-09  7.99989e-12
      1284.97  2.90979e-09  8.47206e-12
      1285.30  3.43799e-09  9.92484e-12
      1285.63  2.90035e-09  8.93273e-12
      1285.96  2.74622e-09  8.26411e-12
      1286.29  4.20077e-09  9.68953e-12
      1286.62  5.74059e-09  1.10606e-11
      1286.95  5.31719e-09  1.04395e-11
      1287.28  6.85756e-09  1.17044e-11
      1287.61  1.18811e-08  1.61856e-11
      1287.95  1.40514e-08  1.78399e-11
      1288.28  1.39060e-08  1.76878e-11
      1288.61  1.39385e-08  1.70988e-11
      1288.94  1.35691e-08  1.60757e-11
      1289.27  9.64737e-09  1.23680e-11
      1289.61  7.10084e-09  1.03987e-11
      1289.94  5.56155e-09  9.08973e-12
      1290.27  3.87887e-09  7.59439e-12
      1290.61  3.36378e-09  7.66644e-12
      1290.94  2.60608e-09  7.18850e-12
      1291.27  2.03508e-09  6.74487e-12
      1291.61  2.34017e-09  7.20681e-12
      1291.94  3.67397e-09  8.58416e-12
      1292.27  6.27731e-09  1.06598e-11
      1292.61  9.05604e-09  1.35646e-11
      1292.94  6.21999e-09  1.10542e-11
      1293.28  4.87040e-09  1.03676e-11
      1293.61  6.55052e-09  1.25439e-11
      1293.95  8.36474e-09  1.39392e-11
      1294.28  1.27706e-08  1.80371e-11
      1294.62  1.40600e-08  1.79865e-11
      1294.95  1.16278e-08  1.52687e-11
      1295.29  1.12104e-08  1.50361e-11
      1295.62  9.48906e-09  1.33227e-11
      1295.96  6.90002e-09  1.11677e-11
      1296.29  6.05026e-09  1.05408e-11
      1296.63  6.36373e-09  1.06919e-11
      1296.97  8.07242e-09  1.17043e-11
      1297.30  1.26994e-08  1.42766e-11
      1297.64  1.66386e-08  1.60215e-11
      1297.98  1.38022e-08  1.39664e-11
      1298.31  8.55371e-09  1.09720e-11
      1298.65  4.82026e-09  8.55432e-12
      1298.99  3.85611e-09  8.10857e-12
      1299.33  6.82433e-09  1.14600e-11
      1299.66  1.21000e-08  1.64633e-11
      1300.00  1.33058e-08  1.74961e-11
      1300.34  1.13987e-08  1.60874e-11
      1300.68  7.65329e-09  1.25148e-11
      1301.02  8.32242e-09  1.24146e-11
      1301.35  1.47968e-08  1.69929e-11
      1301.69  1.72398e-08  1.80756e-11
      1302.03  1.67825e-08  1.86761e-11
      1302.37  1.45088e-08  1.68809e-11
      1302.71  1.74947e-08  1.89402e-11
      1303.05  1.88657e-08  1.84281e-11
      1303.39  2.18876e-08  1.87893e-11
      1303.73  2.35833e-08  1.84252e-11
      1304.07  2.15439e-08  1.66859e-11
      1304.41  2.20256e-08  1.69141e-11
      1304.75  2.35205e-08  1.81011e-11
      1305.09  2.47943e-08  1.94084e-11
      1305.43  2.96463e-08  2.25985e-11
      1305.77  3.52010e-08  2.57120e-11
      1306.11  3.45658e-08  2.61760e-11
      1306.46  2.25707e-08  2.08111e-11
      1306.80  1.05438e-08  1.37600e-11
      1307.14  5.44156e-09  1.02241e-11
      1307.48  3.74214e-09  9.10999e-12
      1307.82  3.04087e-09  8.51074e-12
      1308.16  3.10968e-09  9.04930e-12
      1308.51  3.58541e-09  9.86874e-12
      1308.85  2.94104e-09  8.70401e-12
      1309.19  2.18300e-09  7.19524e-12
      1309.53  2.01577e-09  6.46818e-12
      1309.88  1.99335e-09  6.02426e-12
      1310.22  2.15091e-09  6.01015e-12
      1310.56  2.78446e-09  6.77532e-12
      1310.91  5.17926e-09  9.03754e-12
      1311.25  9.36614e-09  1.27627e-11
      1311.60  9.05742e-09  1.28570e-11
      1311.94  5.22935e-09  9.96120e-12
      1312.28  2.81188e-09  7.91610e-12
      1312.63  1.96574e-09  6.99780e-12
      1312.97  1.71603e-09  6.53973e-12
      1313.32  2.32285e-09  7.39664e-12
      1313.66  3.76652e-09  9.88776e-12
      1314.01  3.02376e-09  9.05097e-12
      1314.35  1.79775e-09  7.25990e-12
      1314.70  1.44436e-09  6.71144e-12
      1315.05  1.44984e-09  6.43314e-12
      1315.39  1.62737e-09  6.22101e-12
      1315.74  2.03762e-09  6.43709e-12
      1316.08  3.08617e-09  7.16385e-12
      1316.43  6.28491e-09  9.80724e-12
      1316.78  1.04902e-08  1.32221e-11
      1317.12  8.06108e-09  1.17127e-11
      1317.47  3.73921e-09  8.31832e-12
      1317.82  2.29581e-09  6.98022e-12
      1318.17  2.45938e-09  7.07125e-12
      1318.51  3.94118e-09  9.05524e-12
      1318.86  4.67266e-09  1.00171e-11
      1319.21  3.15846e-09  8.40336e-12
      1319.56  1.94558e-09  7.30696e-12
      1319.91  1.97495e-09  7.73551e-12
      1320.25  1.98651e-09  7.80644e-12
      1320.60  2.00225e-09  7.60731e-12
      1320.95  2.41374e-09  7.85835e-12
      1321.30  3.50873e-09  8.22906e-12
      1321.65  7.37696e-09  1.07053e-11
      1322.00  1.29702e-08  1.43949e-11
      1322.35  1.07972e-08  1.29186e-11
      1322.70  5.43077e-09  9.33341e-12
      1323.05  3.45443e-09  8.01486e-12
      1323.40  3.81337e-09  8.67987e-12
      1323.75  4.50686e-09  9.38033e-12
      1324.10  4.59434e-09  9.73166e-12
      1324.45  3.35739e-09  8.33339e-12
      1324.80  2.46378e-09  7.54660e-12
      