227
      1249.95  7.68984e-09  2.08104e-11
      1250.27  3.74607e-09  1.56461e-11
      1250.58  1.23258e-09  1.10653e-11
      1250.89  8.93151e-10  1.00411e-11
      1251.20  1.16071e-09  9.86675e-12
      1251.52  1.78904e-09  1.03972e-11
      1251.83  3.10625e-09  1.22912e-11
      1252.14  3.99133e-09  1.49585e-11
      1252.46  3.74078e-09  1.38738e-11
      1252.77  3.56475e-09  1.29726e-11
      1253.09  6.04246e-09  1.62614e-11
      1253.40  1.17894e-08  2.20647e-11
      1253.71  1.47500e-08  2.44303e-11
      1254.03  8.86897e-09  1.79915e-11
      1254.34  4.12553e-09  1.23515e-11
      1254.66  5.11886e-09  1.34918e-11
      1254.97  8.63108e-09  1.85875e-11
      1255.29  5.53447e-09  1.49830e-11
      1255.60  2.30546e-09  1.10298e-11
      1255.92  2.68673e-09  1.25294e-11
      1256.23  4.71065e-09  1.46204e-11
      1256.55  7.80641e-09  1.86358e-11
      1256.87  5.58640e-09  1.50555e-11
      1257.18  2.42866e-09  1.03233e-11
      1257.50  1.76242e-09  9.32685e-12
      1257.81  2.02231e-09  9.96833e-12
      1258.13  2.51988e-09  1.14032e-11
      1258.45  2.53483e-09  1.18248e-11
      1258.76  2.67455e-09  1.21514e-11
      1259.08  4.86663e-09  1.48076e-11
      1259.40  1.03105e-08  2.03198e-11
      1259.72  1.41420e-08  2.29818e-11
      1260.03  1.05224e-08  1.89410e-11
      1260.35  7.53108e-09  1.53071e-11
      1260.67  9.85799e-09  1.84950e-11
      1260.99  9.01981e-09  1.79445e-11
      1261.30  7.00094e-09  1.59011e-11
      1261.62  9.15773e-09  1.93695e-11
      1261.94  9.41233e-09  1.88864e-11
      1262.26  9.90396e-09  1.96162e-11
      1262.58  7.11479e-09  1.54039e-11
      1262.90  7.24340e-09  1.49142e-11
      1263.22  1.17372e-08  1.94261e-11
      1263.54  9.83378e-09  1.75766e-11
      1263.86  5.91506e-09  1.43083e-11
      1264.17  4.17065e-09  1.15767e-11
      1264.49  2.76847e-09  1.29260e-11
      1264.81  3.63294e-09  1.14058e-11
      1265.13  7.50007e-09  1.51194e-11
      1265.45  1.16882e-08  1.84273e-11
      1265.77  1.03521e-08  1.68616e-11
      1266.10  5.48904e-09  1.21861e-11
      1266.42  2.71389e-09  9.33504e-12
      1266.74  2.28411e-09  9.07094e-12
      1267.06  3.10264e-09  1.05912e-11
      1267.38  6.97233e-09  1.52459e-11
      1267.70  1.34194e-08  2.17795e-11
      1268.02  1.40104e-08  2.08826e-11
      1268.34  1.39458e-08  2.05626e-11
      1268.67  1.22604e-08  1.83098e-11
      1268.99  1.25230e-08  1.90197e-11
      1269.31  9.42017e-09  1.64287e-11
      1269.63  5.88289e-09  1.35552e-11
      1269.95  4.89719e-09  1.31333e-11
      1270.28  6.08947e-09  1.46021e-11
      1270.60  1.05294e-08  1.95389e-11
      1270.92  1.28408e-08  2.05296e-11
      1271.25  1.39340e-08  2.04401e-11
      1271.57  1.36596e-08  1.99698e-11
      1271.89  8.25002e-09  1.50038e-11
      1272.22  3.50949e-09  1.02494e-11
      1272.54  2.07439e-09  8.91665e-12
      1272.86  1.67316e-09  8.71876e-12
      1273.19  1.60111e-09  8.92069e-12
      1273.51  1.96130e-09  9.57689e-12
      1273.84  3.05998e-09  1.10826e-11
      1274.16  4.30961e-09  1.07177e-11
      1274.49  5.76249e-09  1.31678e-11
      1274.81  1.00457e-08  1.51536e-11
      1275.14  1.39260e-08  1.84663e-11
      1275.46  1.24023e-08  1.78525e-11
      1275.79  7.96619e-09  1.50051e-11
      1276.11  5.02272e-09  1.27101e-11
      1276.44  6.70766e-09  1.45651e-11
      1276.76  1.22015e-08  1.99538e-11
      1277.09  1.22352e-08  1.83500e-11
      1277.42  1.26995e-08  1.87795e-11
      1277.74  8.71885e-09  1.51840e-11
      1278.07  3.81465e-09  1.04424e-11
      1278.40  2.24136e-09  9.16765e-12
      1278.72  1.75378e-09  8.68497e-12
      1279.05  1.73162e-09  9.06878e-12
      1279.38  2.30931e-09  9.96389e-12
      1279.71  3.51386e-09  1.14180e-11
      1280.03  4.64111e-09  1.24387e-11
      1280.36  4.28586e-09  1.13522e-11
      1280.69  4.43154e-09  1.16120e-11
      1281.02  5.87888e-09  1.30080e-11
      1281.34  8.78047e-09  1.63222e-11
      1281.67  1.08378e-08  1.90352e-11
      1282.00  8.56322e-09  1.68724e-11
      1282.33  8.60254e-09  1.66678e-11
      1282.66  1.51934e-08  1.98617e-11
      1282.99  1.78780e-08  2.46265e-11
      1283.32  1.74788e-08  2.04562e-11
      1283.65  1.20823e-08  1.68915e-11
      1283.98  6.14462e-09  1.25702e-11
      1284.31  3.43920e-09  1.04677e-11
      1284.64  2.57151e-09  9.85282e-12
      1284.97  2.54013e-09  1.02094e-11
      1285.30  3.07349e-09  1.13813e-11
      1285.63  2.59697e-09  1.01775e-11
      1285.96  2.35557e-09  9.23638e-12
      1286.29  3.67392e-09  1.08708e-11
      1286.62  5.27920e-09  1.27546e-11
      1286.95  4.95155e-09  1.21861e-11
      1287.28  6.09685e-09  1.36487e-11
      1287.61  1.09349e-08  1.94805e-11
      1287.95  1.33293e-08  2.11982e-11
      1288.28  1.31993e-08  2.08105e-11
      1288.61  1.31414e-08  2.01532e-11
      1288.94  1.30100e-08  1.94459e-11
      1289.27  9.49160e-09  1.59739e-11
      1289.61  6.70627e-09  1.37649e-11
      1289.94  5.32864e-09  1.29664e-11
      1290.27  3.63058e-09  1.10834e-11
      1290.61  2.64532e-09  9.36011e-12
      1290.94  2.00339e-09  1.12377e-11
      1291.27  1.73597e-09  8.60482e-12
      1291.61  2.00679e-09  8.57258e-12
      1291.94  3.24263e-09  9.95774e-12
      1292.27  5.64833e-09  1.21770e-11
      1292.61  8.37844e-09  1.54555e-11
      1292.94  6.03951e-09  1.31078e-11
      1293.28  4.48449e-09  1.19137e-11
      1293.61  5.93562e-09  1.43076e-11
      1293.95  7.52856e-09  1.56247e-11
      1294.28  1.17977e-08  1.95188e-11
      1294.62  1.35813e-08  2.00209e-11
      1294.95  1.10407e-08  1.69878e-11
      1295.29  1.06389e-08  1.71564e-11
      1295.62  9.20904e-09  1.59950e-11
      1295.96  6.55904e-09  1.38811e-11
      1296.29  5.61143e-09  1.37090e-11
      1296.63  5.83227e-09  1.41186e-11
      1296.97  7.21196e-09  1.52515e-11
      1297.30  1.13206e-08  1.82793e-11
      1297.64  1.51632e-08  1.92764e-11
      1297.98  1.04178e-08  1.96362e-11
      1298.31  7.84346e-09  1.44992e-11
      1298.65  4.63320e-09  1.14989e-11
      1298.99  3.46716e-09  1.00937e-11
      1299.33  6.02879e-09  1.33754e-11
      1299.66  1.10147e-08  1.84605e-11
      1300.00  1.27229e-08  1.94311e-11
      1300.34  1.09970e-08  1.78546e-11
      1300.68  7.58295e-09  1.43336e-11
      1301.02  7.57369e-09  1.38072e-11
      1301.35  1.33142e-08  1.90591e-11
      1301.69  1.63893e-08  2.14100e-11
      1302.03  1.60308e-08  2.21280e-11
      1302.37  1.41142e-08  2.05265e-11
      1302.71  1.62607e-08  2.25565e-11
      1303.05  1.78876e-08  2.26706e-11
      1303.39  2.05382e-08  2.35074e-11
      1303.73  2.25236e-08  2.42487e-11
      1304.07  2.07838e-08  2.30357e-11
      1304.41  2.09229e-08  2.21920e-11
      1304.75  2.20440e-08  3.02280e-11
      1305.09  2.31356e-08  2.59173e-11
      1305.43  2.79223e-08  2.76535e-11
      1305.77  3.36373e-08  3.00502e-11
      1306.11  3.44906e-08  3.01616e-11
      1306.46  2.29950e-08  2.38710e-11
      1306.80  1.04895e-08  1.58304e-11
      1307.14  5.20596e-09  1.19223e-11
      1307.48  3.50527e-09  1.06155e-11
      1307.82  2.74779e-09  9.96353e-12
      1308.16  2.70113e-09  1.01970e-11
      1308.51  3.27923e-09  1.11195e-11
      1308.85  2.80060e-09  1.00993e-11
      1309.19  1.95465e-09  8.41849e-12
      1309.53  1.76903e-09  8.05522e-12
      1309.88  1.74259e-09  7.99921e-12
      1310.22  1.86105e-09  8.19467e-12
      1310.56  2.40340e-09  9.34975e-12
      1310.91  5.49264e-09  1.14211e-11
      1311.25  9.90962e-09  2.28374e-11
      1311.60  8.79247e-09  1.66030e-11
      1311.94  5.29459e-09  1.25444e-11
      1312.28  2.69703e-09  9.06399e-12
      1312.63  1.78523e-09  7.83620e-12
      1312.97  1.52542e-09  7.80625e-12
      1313.32  2.01534e-09  8.93697e-12
      1313.66  3.22398e-09  1.13121e-11
      1314.01  2.91478e-09  1.10854e-11
      1314.35  1.70597e-09  8.55258e-12
      1314.70  1.25176e-09  7.76160e-12
      1315.05  1.22544e-09  7.26647e-12
      1315.39  1.37622e-09  7.47499e-12
      1315.74  1.73271e-09  7.96780e-12
      1316.08  2.59562e-09  9.58575e-12
      1316.43  5.30931e-09  1.29663e-11
      1316.78  9.52996e-09  1.80260e-11
      1317.12  7.45794e-09  1.47793e-11
      1317.47  2.52441e-09  1.18950e-11
      1317.82  2.02359e-09  8.93286e-12
      1318.17  2.11141e-09  8.15207e-12
      1318.51  3.49017e-09  1.01298e-11
      1318.86  4.43544e-09  1.18099e-11
      1319.21  3.08294e-09  1.04764e-11
      1319.56  1.75748e-09  8.69526e-12
      1319.91  1.74531e-09  9.23827e-12
      1320.25  1.76438e-09  9.11818e-12
      1320.60  1.74088e-09  8.65415e-12
      1320.95  2.06902e-09  8.67857e-12
      1321.30  2.88366e-09  9.40813e-12
      1321.65  5.81330e-09  1.25070e-11
      1322.00  1.22918e-08  1.93933e-11
      1322.35  1.13470e-08  1.87119e-11
      1322.70  5.54914e-09  1.33108e-11
      1323.05  3.39404e-09  9.63689e-12
      1323.40  3.81689e-09  1.43946e-11
      1323.75  4.17808e-09  1.14886e-11
      1324.10  4.44630e-09  1.15505e-11
      1324.45  3.25352e-09  9.86359e-12
      1324.80  2.23332e-09  1.00141e-11
      