227
      1249.95  7.65637e-09  1.82629e-11
      1250.27  3.67483e-09  1.37812e-11
      1250.58  1.21371e-09  9.88322e-12
      1250.89  8.97409e-10  9.09208e-12
      1251.20  1.17088e-09  9.00613e-12
      1251.52  1.81698e-09  9.60970e-12
      1251.83  3.12211e-09  1.17598e-11
      1252.14  4.03738e-09  1.32041e-11
      1252.46  3.88477e-09  1.25178e-11
      1252.77  3.63982e-09  1.22145e-11
      1253.09  6.20104e-09  1.50119e-11
      1253.40  1.21258e-08  2.00588e-11
      1253.71  1.51547e-08  2.18402e-11
      1254.03  9.03379e-09  1.55318e-11
      1254.34  4.17927e-09  1.04850e-11
      1254.66  5.22073e-09  1.12261e-11
      1254.97  8.84419e-09  1.52764e-11
      1255.29  5.63931e-09  1.21534e-11
      1255.60  2.35844e-09  8.78219e-12
      1255.92  2.76241e-09  9.63819e-12
      1256.23  4.84075e-09  1.15048e-11
      1256.55  7.98289e-09  1.45700e-11
      1256.87  5.66904e-09  1.12351e-11
      1257.18  2.46373e-09  7.63099e-12
      1257.50  1.79833e-09  6.91020e-12
      1257.81  2.06499e-09  7.26784e-12
      1258.13  2.56425e-09  8.23891e-12
      1258.45  2.55773e-09  8.47523e-12
      1258.76  2.70838e-09  8.79629e-12
      1259.08  4.99141e-09  1.10073e-11
      1259.40  1.05426e-08  1.52249e-11
      1259.72  1.42912e-08  1.74097e-11
      1260.03  1.05125e-08  1.44575e-11
      1260.35  7.61197e-09  1.20403e-11
      1260.67  9.99038e-09  1.48480e-11
      1260.99  9.01133e-09  1.45497e-11
      1261.30  7.05106e-09  1.32247e-11
      1261.62  9.26171e-09  1.64446e-11
      1261.94  9.46140e-09  1.61912e-11
      1262.26  9.92676e-09  1.70690e-11
      1262.58  7.04719e-09  1.34736e-11
      1262.90  7.39120e-09  1.34965e-11
      1263.22  1.18443e-08  1.77234e-11
      1263.54  9.70693e-09  1.59894e-11
      1263.86  5.85755e-09  1.32304e-11
      1264.17  4.49504e-09  1.25163e-11
      1264.49  3.26654e-09  1.05336e-11
      1264.81  3.72481e-09  1.00738e-11
      1265.13  7.67495e-09  1.34048e-11
      1265.45  1.19495e-08  1.59537e-11
      1265.77  1.05759e-08  1.42426e-11
      1266.10  5.59973e-09  1.00531e-11
      1266.42  2.77367e-09  7.68243e-12
      1266.74  2.32980e-09  7.44655e-12
      1267.06  3.19319e-09  8.36511e-12
      1267.38  7.18585e-09  1.17228e-11
      1267.70  1.37545e-08  1.64760e-11
      1268.02  1.42624e-08  1.54375e-11
      1268.34  1.41852e-08  1.50331e-11
      1268.67  1.24266e-08  1.31445e-11
      1268.99  1.27020e-08  1.36416e-11
      1269.31  9.45885e-09  1.18208e-11
      1269.63  5.92595e-09  9.95882e-12
      1269.95  4.94920e-09  9.82708e-12
      1270.28  6.22820e-09  1.12104e-11
      1270.60  1.07352e-08  1.53370e-11
      1270.92  1.29542e-08  1.63395e-11
      1271.25  1.40554e-08  1.66999e-11
      1271.57  1.36238e-08  1.65583e-11
      1271.89  8.06690e-09  1.25517e-11
      1272.22  3.43405e-09  8.81817e-12
      1272.54  2.05954e-09  7.85511e-12
      1272.86  1.67368e-09  7.84173e-12
      1273.19  1.60931e-09  8.14008e-12
      1273.51  1.99597e-09  8.88707e-12
      1273.84  3.10657e-09  1.04492e-11
      1274.16  4.13192e-09  1.09806e-11
      1274.49  5.66723e-09  1.06573e-11
      1274.81  1.02861e-08  1.35540e-11
      1275.14  1.42509e-08  1.60712e-11
      1275.46  1.26672e-08  1.52138e-11
      1275.79  8.11973e-09  1.24706e-11
      1276.11  5.11901e-09  1.03622e-11
      1276.44  6.88270e-09  1.13350e-11
      1276.76  1.24679e-08  1.53074e-11
      1277.09  1.24586e-08  1.38433e-11
      1277.42  1.29105e-08  1.38260e-11
      1277.74  8.68526e-09  1.09337e-11
      1278.07  3.79937e-09  7.49812e-12
      1278.40  2.24712e-09  6.65812e-12
      1278.72  1.76503e-09  6.46973e-12
      1279.05  1.75515e-09  6.87649e-12
      1279.38  2.35801e-09  7.77458e-12
      1279.71  3.59250e-09  9.13733e-12
      1280.03  4.68942e-09  1.01375e-11
      1280.36  4.29097e-09  9.43550e-12
      1280.69  4.49469e-09  9.97369e-12
      1281.02  5.99068e-09  1.14734e-11
      1281.34  8.94982e-09  1.47391e-11
      1281.67  1.08502e-08  1.77855e-11
      1282.00  8.40019e-09  1.58465e-11
      1282.33  8.71876e-09  1.57775e-11
      1282.66  1.37131e-08  1.92575e-11
      1282.99  1.79134e-08  1.94355e-11
      1283.32  1.79481e-08  1.79842e-11
      1283.65  1.23332e-08  1.43817e-11
      1283.98  6.26097e-09  1.02882e-11
      1284.31  3.50923e-09  8.42069e-12
      1284.64  2.60547e-09  7.75014e-12
      1284.97  2.57875e-09  7.66562e-12
      1285.30  3.10599e-09  8.33639e-12
      1285.63  2.61672e-09  7.38271e-12
      1285.96  2.41136e-09  6.63132e-12
      1286.29  3.76857e-09  7.80299e-12
      1286.62  5.36419e-09  9.31914e-12
      1286.95  4.97962e-09  9.06444e-12
      1287.28  6.26844e-09  1.06196e-11
      1287.61  1.11870e-08  1.55731e-11
      1287.95  1.34360e-08  1.72442e-11
      1288.28  1.32626e-08  1.74126e-11
      1288.61  1.32196e-08  1.72980e-11
      1288.94  1.29884e-08  1.70309e-11
      1289.27  9.33001e-09  1.41514e-11
      1289.61  6.66248e-09  1.25530e-11
      1289.94  5.25273e-09  1.19631e-11
      1290.27  3.58745e-09  1.04166e-11
      1290.61  3.01540e-09  1.06149e-11
      1290.94  2.32778e-09  8.79703e-12
      1291.27  1.79147e-09  7.38825e-12
      1291.61  2.05982e-09  7.22727e-12
      1291.94  3.32706e-09  7.99751e-12
      1292.27  5.78998e-09  9.43095e-12
      1292.61  8.53664e-09  1.16678e-11
      1292.94  6.10106e-09  9.68447e-12
      1293.28  4.58188e-09  8.74374e-12
      1293.61  6.07087e-09  1.03950e-11
      1293.95  7.71167e-09  1.14162e-11
      1294.28  1.20864e-08  1.46735e-11
      1294.62  1.36622e-08  1.52803e-11
      1294.95  1.10495e-08  1.33574e-11
      1295.29  1.07317e-08  1.40556e-11
      1295.62  9.14164e-09  1.33739e-11
      1295.96  6.50671e-09  1.19870e-11
      1296.29  5.62156e-09  1.21648e-11
      1296.63  5.88306e-09  1.28645e-11
      1296.97  7.36525e-09  1.41809e-11
      1297.30  1.16301e-08  1.73307e-11
      1297.64  1.58566e-08  2.01126e-11
      1297.98  1.33228e-08  1.67734e-11
      1298.31  8.40821e-09  1.20700e-11
      1298.65  4.74797e-09  9.26125e-12
      1298.99  3.55021e-09  8.11661e-12
      1299.33  6.21644e-09  1.03465e-11
      1299.66  1.12840e-08  1.37921e-11
      1300.00  1.29143e-08  1.41815e-11
      1300.34  1.10740e-08  1.28545e-11
      1300.68  7.61010e-09  1.02715e-11
      1301.02  7.80394e-09  1.02989e-11
      1301.35  1.36403e-08  1.45944e-11
      1301.69  1.65564e-08  1.68331e-11
      1302.03  1.60599e-08  1.79340e-11
      1302.37  1.41815e-08  1.72091e-11
      1302.71  1.64838e-08  1.96562e-11
      1303.05  1.80214e-08  2.00904e-11
      1303.39  2.07920e-08  2.14645e-11
      1303.73  2.25444e-08  2.24015e-11
      1304.07  2.07316e-08  2.15655e-11
      1304.41  2.09955e-08  2.25223e-11
      1304.75  2.25681e-08  2.27813e-11
      1305.09  2.38577e-08  2.10856e-11
      1305.43  2.85743e-08  2.27216e-11
      1305.77  3.43968e-08  2.37413e-11
      1306.11  3.50963e-08  2.29360e-11
      1306.46  2.31048e-08  1.75496e-11
      1306.80  1.04188e-08  1.14121e-11
      1307.14  5.19364e-09  8.59951e-12
      1307.48  3.50857e-09  7.77260e-12
      1307.82  2.76462e-09  7.54326e-12
      1308.16  2.74700e-09  8.05080e-12
      1308.51  3.31873e-09  9.07719e-12
      1308.85  2.76503e-09  8.41631e-12
      1309.19  1.94344e-09  7.28522e-12
      1309.53  1.77294e-09  7.15412e-12
      1309.88  1.74894e-09  7.32773e-12
      1310.22  1.88217e-09  7.67315e-12
      1310.56  2.46365e-09  8.95007e-12
      1310.91  4.54198e-09  1.17469e-11
      1311.25  8.71512e-09  1.46547e-11
      1311.60  8.98563e-09  1.34172e-11
      1311.94  5.35938e-09  9.79408e-12
      1312.28  2.72049e-09  6.81081e-12
      1312.63  1.80739e-09  5.74345e-12
      1312.97  1.55049e-09  5.54614e-12
      1313.32  2.07784e-09  6.42262e-12
      1313.66  3.29307e-09  8.30467e-12
      1314.01  2.89261e-09  8.22625e-12
      1314.35  1.68321e-09  6.69250e-12
      1314.70  1.25357e-09  6.30835e-12
      1315.05  1.23692e-09  6.16045e-12
      1315.39  1.39374e-09  6.56244e-12
      1315.74  1.76765e-09  7.24506e-12
      1316.08  2.69486e-09  8.96478e-12
      1316.43  5.59329e-09  1.24825e-11
      1316.78  9.69430e-09  1.73580e-11
      1317.12  7.94022e-09  1.58787e-11
      1317.47  3.66516e-09  1.03060e-11
      1317.82  2.13702e-09  7.02758e-12
      1318.17  2.15629e-09  6.27372e-12
      1318.51  3.59991e-09  7.71274e-12
      1318.86  4.51466e-09  8.63613e-12
      1319.21  3.06274e-09  7.46673e-12
      1319.56  1.76375e-09  6.30495e-12
      1319.91  1.77242e-09  6.99043e-12
      1320.25  1.77507e-09  7.14508e-12
      1320.60  1.75598e-09  7.07917e-12
      1320.95  2.10994e-09  7.40250e-12
      1321.30  2.98111e-09  8.37457e-12
      1321.65  6.17799e-09  1.16636e-11
      1322.00  1.26034e-08  1.81275e-11
      1322.35  1.09758e-08  1.72217e-11
      1322.70  5.27846e-09  1.24403e-11
      1323.05  3.15161e-09  1.03009e-11
      1323.40  3.57576e-09  9.56779e-12
      1323.75  4.23696e-09  8.75670e-12
      1324.10  4.50036e-09  8.54699e-12
      1324.45  3.25585e-09  7.11442e-12
      1324.80  2.24916e-09  6.76262e-12
      