227
      1249.95  7.87194e-09  1.60766e-11
      1250.27  3.80994e-09  1.22021e-11
      1250.58  1.26346e-09  8.67664e-12
      1250.89  9.20733e-10  7.78971e-12
      1251.20  1.18929e-09  7.56637e-12
      1251.52  1.86141e-09  7.83866e-12
      1251.83  3.21151e-09  9.48207e-12
      1252.14  4.13280e-09  1.07199e-11
      1252.46  3.91939e-09  1.06563e-11
      1252.77  3.63688e-09  1.04831e-11
      1253.09  6.22537e-09  1.29215e-11
      1253.40  1.22323e-08  1.73901e-11
      1253.71  1.53577e-08  1.92190e-11
      1254.03  9.00291e-09  1.37905e-11
      1254.34  4.12348e-09  9.56880e-12
      1254.66  5.25523e-09  1.04957e-11
      1254.97  8.92623e-09  1.47445e-11
      1255.29  5.69256e-09  1.19339e-11
      1255.60  2.40063e-09  9.04702e-12
      1255.92  2.79168e-09  1.01112e-11
      1256.23  4.95563e-09  1.22762e-11
      1256.55  8.01447e-09  1.56315e-11
      1256.87  5.68357e-09  1.25558e-11
      1257.18  2.48267e-09  8.71711e-12
      1257.50  1.82648e-09  8.12813e-12
      1257.81  2.08588e-09  8.80412e-12
      1258.13  2.60005e-09  9.85419e-12
      1258.45  2.58082e-09  1.03116e-11
      1258.76  2.73444e-09  1.01956e-11
      1259.08  5.08536e-09  1.27912e-11
      1259.40  1.07946e-08  1.74794e-11
      1259.72  1.46598e-08  1.98441e-11
      1260.03  1.07182e-08  1.59269e-11
      1260.35  7.70769e-09  1.31070e-11
      1260.67  1.02043e-08  1.63345e-11
      1260.99  9.11965e-09  1.45985e-11
      1261.30  7.19510e-09  1.20120e-11
      1261.62  9.49573e-09  1.47047e-11
      1261.94  9.76744e-09  1.45374e-11
      1262.26  9.90416e-09  1.59692e-11
      1262.58  6.44006e-09  1.21189e-11
      1262.90  7.59894e-09  1.13871e-11
      1263.22  1.21196e-08  1.49527e-11
      1263.54  9.95651e-09  1.32127e-11
      1263.86  6.02640e-09  1.05185e-11
      1264.17  4.62413e-09  1.00478e-11
      1264.49  3.37199e-09  8.71055e-12
      1264.81  3.77791e-09  8.83122e-12
      1265.13  7.79189e-09  1.18563e-11
      1265.45  1.20648e-08  1.42477e-11
      1265.77  1.06010e-08  1.29481e-11
      1266.10  5.57674e-09  9.31949e-12
      1266.42  2.77690e-09  7.25414e-12
      1266.74  2.34545e-09  7.39967e-12
      1267.06  3.23570e-09  8.79642e-12
      1267.38  7.11007e-09  1.34252e-11
      1267.70  1.36125e-08  2.03654e-11
      1268.02  1.43615e-08  1.83584e-11
      1268.34  1.44134e-08  1.79996e-11
      1268.67  1.26253e-08  1.60586e-11
      1268.99  1.28272e-08  1.66285e-11
      1269.31  9.54834e-09  1.41674e-11
      1269.63  6.03265e-09  1.15823e-11
      1269.95  5.02878e-09  1.12442e-11
      1270.28  6.38380e-09  1.26698e-11
      1270.60  1.10043e-08  1.69565e-11
      1270.92  1.32583e-08  1.81305e-11
      1271.25  1.43833e-08  1.76547e-11
      1271.57  1.39187e-08  1.56578e-11
      1271.89  8.30624e-09  1.11741e-11
      1272.22  3.58364e-09  7.59088e-12
      1272.54  2.14902e-09  6.62463e-12
      1272.86  1.76012e-09  6.59036e-12
      1273.19  1.65665e-09  6.70091e-12
      1273.51  2.06049e-09  7.19358e-12
      1273.84  3.21710e-09  8.11549e-12
      1274.16  4.22595e-09  8.55470e-12
      1274.49  5.68863e-09  8.87897e-12
      1274.81  1.03575e-08  1.19004e-11
      1275.14  1.43515e-08  1.45394e-11
      1275.46  1.27560e-08  1.41138e-11
      1275.79  8.16077e-09  1.19618e-11
      1276.11  5.14215e-09  1.01616e-11
      1276.44  6.73676e-09  1.21212e-11
      1276.76  1.22807e-08  1.83982e-11
      1277.09  1.25915e-08  1.59352e-11
      1277.42  1.30730e-08  1.63193e-11
      1277.74  8.81401e-09  1.32193e-11
      1278.07  3.85038e-09  9.26494e-12
      1278.40  2.26483e-09  7.92215e-12
      1278.72  1.78194e-09  7.58997e-12
      1279.05  1.78063e-09  7.94246e-12
      1279.38  2.40665e-09  8.64772e-12
      1279.71  3.66041e-09  1.00378e-11
      1280.03  4.78669e-09  1.08142e-11
      1280.36  4.39097e-09  9.22596e-12
      1280.69  4.66703e-09  8.65132e-12
      1281.02  6.19614e-09  9.71978e-12
      1281.34  9.20812e-09  1.23141e-11
      1281.67  1.13457e-08  1.72954e-11
      1282.00  7.73977e-09  1.45883e-11
      1282.33  8.99612e-09  1.25880e-11
      1282.66  1.40683e-08  1.50848e-11
      1282.99  1.80392e-08  1.62619e-11
      1283.32  1.80211e-08  1.57763e-11
      1283.65  1.23850e-08  1.30825e-11
      1283.98  6.30695e-09  9.86941e-12
      1284.31  3.53547e-09  8.39604e-12
      1284.64  2.63198e-09  8.00024e-12
      1284.97  2.60136e-09  8.36571e-12
      1285.30  3.18021e-09  9.62489e-12
      1285.63  2.68087e-09  8.74126e-12
      1285.96  2.45558e-09  8.11458e-12
      1286.29  3.85004e-09  9.46313e-12
      1286.62  5.44699e-09  1.08889e-11
      1286.95  5.06543e-09  1.04680e-11
      1287.28  6.37944e-09  1.18897e-11
      1287.61  1.13733e-08  1.71669e-11
      1287.95  1.38093e-08  1.83607e-11
      1288.28  1.36687e-08  1.60350e-11
      1288.61  1.36336e-08  1.47669e-11
      1288.94  1.34042e-08  1.42466e-11
      1289.27  9.64424e-09  1.15587e-11
      1289.61  6.87303e-09  1.01898e-11
      1289.94  5.40568e-09  9.47939e-12
      1290.27  3.68969e-09  8.13057e-12
      1290.61  3.09741e-09  7.89995e-12
      1290.94  2.38526e-09  7.26875e-12
      1291.27  1.80248e-09  6.52276e-12
      1291.61  2.08397e-09  6.81352e-12
      1291.94  3.34662e-09  7.92294e-12
      1292.27  5.85953e-09  9.94766e-12
      1292.61  8.65282e-09  1.29936e-11
      1292.94  6.20324e-09  1.12358e-11
      1293.28  4.65683e-09  1.06091e-11
      1293.61  6.19057e-09  1.26818e-11
      1293.95  7.86722e-09  1.33900e-11
      1294.28  1.23616e-08  1.70178e-11
      1294.62  1.43718e-08  2.08581e-11
      1294.95  1.05490e-08  1.66935e-11
      1295.29  1.09798e-08  1.49500e-11
      1295.62  9.27077e-09  1.24428e-11
      1295.96  6.70527e-09  1.02947e-11
      1296.29  5.79404e-09  9.96467e-12
      1296.63  6.03604e-09  1.03695e-11
      1296.97  7.54971e-09  1.12411e-11
      1297.30  1.19982e-08  1.33790e-11
      1297.64  1.63818e-08  1.53224e-11
      1297.98  1.39301e-08  1.36360e-11
      1298.31  8.57694e-09  1.08740e-11
      1298.65  4.77446e-09  8.81572e-12
      1298.99  3.58350e-09  8.23414e-12
      1299.33  6.28418e-09  1.13283e-11
      1299.66  1.14447e-08  1.58282e-11
      1300.00  1.31330e-08  1.69732e-11
      1300.34  1.12803e-08  1.57974e-11
      1300.68  7.73862e-09  1.24885e-11
      1301.02  7.97513e-09  1.21049e-11
      1301.35  1.38837e-08  1.66178e-11
      1301.69  1.69140e-08  1.89732e-11
      1302.03  1.64459e-08  1.93840e-11
      1302.37  1.45502e-08  1.62931e-11
      1302.71  1.69204e-08  1.67304e-11
      1303.05  1.85486e-08  1.64825e-11
      1303.39  2.13773e-08  1.69922e-11
      1303.73  2.32036e-08  1.77342e-11
      1304.07  2.13380e-08  1.66205e-11
      1304.41  2.16560e-08  1.71983e-11
      1304.75  2.31184e-08  1.83695e-11
      1305.09  2.41170e-08  1.93019e-11
      1305.43  2.88191e-08  2.20478e-11
      1305.77  3.47031e-08  2.44512e-11
      1306.11  3.55145e-08  2.52982e-11
      1306.46  2.35290e-08  2.04459e-11
      1306.80  1.06275e-08  1.37524e-11
      1307.14  5.25437e-09  1.02889e-11
      1307.48  3.56294e-09  9.10936e-12
      1307.82  2.82641e-09  8.54296e-12
      1308.16  2.80433e-09  8.75158e-12
      1308.51  3.37738e-09  9.57279e-12
      1308.85  2.79948e-09  7.64926e-12
      1309.19  2.01966e-09  6.19053e-12
      1309.53  1.84861e-09  5.75895e-12
      1309.88  1.81254e-09  5.75304e-12
      1310.22  1.93469e-09  6.13884e-12
      1310.56  2.53202e-09  6.88478e-12
      1310.91  4.68132e-09  9.02669e-12
      1311.25  8.70470e-09  1.24180e-11
      1311.60  9.09796e-09  1.28007e-11
      1311.94  5.44316e-09  9.97412e-12
      1312.28  2.76633e-09  7.50225e-12
      1312.63  1.84400e-09  6.68236e-12
      1312.97  1.56847e-09  6.71166e-12
      1313.32  2.11180e-09  7.62150e-12
      1313.66  3.36927e-09  9.60154e-12
      1314.01  2.97815e-09  9.33064e-12
      1314.35  1.74397e-09  7.75671e-12
      1314.70  1.29437e-09  6.62659e-12
      1315.05  1.29131e-09  5.62243e-12
      1315.39  1.43699e-09  5.50731e-12
      1315.74  1.81584e-09  5.70981e-12
      1316.08  2.75055e-09  6.96382e-12
      1316.43  5.73170e-09  9.73129e-12
      1316.78  1.00162e-08  1.32219e-11
      1317.12  8.17165e-09  1.19674e-11
      1317.47  3.88742e-09  8.39219e-12
      1317.82  2.17597e-09  6.72951e-12
      1318.17  2.16819e-09  6.65569e-12
      1318.51  3.63355e-09  8.61710e-12
      1318.86  4.59428e-09  1.04237e-11
      1319.21  3.12053e-09  8.99938e-12
      1319.56  1.81872e-09  7.80424e-12
      1319.91  1.81681e-09  8.20512e-12
      1320.25  1.82446e-09  7.90874e-12
      1320.60  1.80660e-09  7.38305e-12
      1320.95  2.22122e-09  6.76049e-12
      1321.30  3.09544e-09  6.85667e-12
      1321.65  6.28190e-09  9.09855e-12
      1322.00  1.29053e-08  1.43759e-11
      1322.35  1.13414e-08  1.34468e-11
      1322.70  5.41608e-09  9.48038e-12
      1323.05  3.21565e-09  7.93070e-12
      1323.40  3.56813e-09  8.63054e-12
      1323.75  4.28985e-09  9.07081e-12
      1324.10  4.55120e-09  9.42660e-12
      1324.45  3.31910e-09  8.33846e-12
      1324.80  2.29269e-09  7.58039e-12
      