227
      1249.95  8.14202e-09  1.75735e-11
      1250.27  3.98392e-09  1.31699e-11
      1250.58  1.58577e-09  9.90230e-12
      1250.89  1.30225e-09  9.70720e-12
      1251.20  1.58918e-09  9.54560e-12
      1251.52  2.29496e-09  1.00973e-11
      1251.83  3.63926e-09  1.18269e-11
      1252.14  4.53089e-09  1.30747e-11
      1252.46  4.28508e-09  1.30327e-11
      1252.77  4.01344e-09  1.34900e-11
      1253.09  6.71043e-09  1.70921e-11
      1253.40  1.27935e-08  2.37146e-11
      1253.71  1.57489e-08  2.65349e-11
      1254.03  9.18574e-09  1.90720e-11
      1254.34  4.47486e-09  1.30414e-11
      1254.66  5.77810e-09  1.41579e-11
      1254.97  9.12118e-09  1.87201e-11
      1255.29  5.98230e-09  1.49275e-11
      1255.60  2.80399e-09  1.09041e-11
      1255.92  3.19560e-09  1.25572e-11
      1256.23  5.46475e-09  1.55547e-11
      1256.55  8.34093e-09  1.95902e-11
      1256.87  5.97139e-09  1.56066e-11
      1257.18  2.84702e-09  1.09760e-11
      1257.50  2.17099e-09  9.47804e-12
      1257.81  2.45454e-09  9.80089e-12
      1258.13  2.96113e-09  1.06882e-11
      1258.45  2.91844e-09  1.11122e-11
      1258.76  3.02357e-09  1.13633e-11
      1259.08  5.32857e-09  1.45202e-11
      1259.40  1.12436e-08  2.06886e-11
      1259.72  1.53577e-08  2.38150e-11
      1260.03  1.11155e-08  1.90122e-11
      1260.35  8.00586e-09  1.51024e-11
      1260.67  1.03364e-08  1.68443e-11
      1260.99  8.55950e-09  1.54297e-11
      1261.30  7.60785e-09  1.30129e-11
      1261.62  9.74714e-09  1.56765e-11
      1261.94  1.02245e-08  1.62682e-11
      1262.26  1.02941e-08  1.71739e-11
      1262.58  7.63287e-09  1.41894e-11
      1262.90  8.30646e-09  1.43785e-11
      1263.22  1.23981e-08  1.77592e-11
      1263.54  1.00900e-08  1.55406e-11
      1263.86  6.33408e-09  1.26281e-11
      1264.17  4.94846e-09  1.21802e-11
      1264.49  3.63963e-09  1.11728e-11
      1264.81  4.06663e-09  1.17007e-11
      1265.13  8.23173e-09  1.62343e-11
      1265.45  1.27408e-08  2.01424e-11
      1265.77  1.10319e-08  1.81223e-11
      1266.10  5.72908e-09  1.25274e-11
      1266.42  2.99894e-09  9.20355e-12
      1266.74  2.66132e-09  9.04320e-12
      1267.06  3.64352e-09  1.06463e-11
      1267.38  7.68468e-09  1.55233e-11
      1267.70  1.41445e-08  2.21753e-11
      1268.02  1.49943e-08  2.20140e-11
      1268.34  1.45148e-08  2.13635e-11
      1268.67  1.32347e-08  1.92887e-11
      1268.99  1.29228e-08  1.86986e-11
      1269.31  9.93458e-09  1.59499e-11
      1269.63  6.46496e-09  1.31477e-11
      1269.95  5.33181e-09  1.24887e-11
      1270.28  6.73309e-09  1.40142e-11
      1270.60  1.14055e-08  1.94697e-11
      1270.92  1.34652e-08  2.04004e-11
      1271.25  1.48414e-08  1.85484e-11
      1271.57  1.39724e-08  1.90338e-11
      1271.89  8.40335e-09  1.23741e-11
      1272.22  3.87923e-09  8.59181e-12
      1272.54  2.38615e-09  7.34043e-12
      1272.86  2.02667e-09  7.33785e-12
      1273.19  1.95565e-09  8.04177e-12
      1273.51  2.36141e-09  8.71094e-12
      1273.84  3.54367e-09  1.07031e-11
      1274.16  4.59645e-09  1.18803e-11
      1274.49  6.14262e-09  1.26512e-11
      1274.81  1.08008e-08  1.63664e-11
      1275.14  1.45642e-08  1.87596e-11
      1275.46  1.29410e-08  1.78974e-11
      1275.79  8.45073e-09  1.48598e-11
      1276.11  5.65229e-09  1.28511e-11
      1276.44  7.63472e-09  1.52985e-11
      1276.76  1.25070e-08  2.04599e-11
      1277.09  1.30134e-08  1.95325e-11
      1277.42  1.33062e-08  1.96885e-11
      1277.74  8.90552e-09  1.51699e-11
      1278.07  4.20957e-09  1.02265e-11
      1278.40  2.58920e-09  8.66737e-12
      1278.72  2.06914e-09  8.25415e-12
      1279.05  2.04486e-09  8.96167e-12
      1279.38  2.68647e-09  1.00295e-11
      1279.71  3.97136e-09  1.16944e-11
      1280.03  5.18085e-09  1.27989e-11
      1280.36  4.54346e-09  1.00569e-11
      1280.69  4.99155e-09  1.00751e-11
      1281.02  6.54269e-09  1.09760e-11
      1281.34  9.62235e-09  1.38281e-11
      1281.67  1.15591e-08  1.64124e-11
      1282.00  9.01360e-09  1.49041e-11
      1282.33  9.41529e-09  1.57088e-11
      1282.66  1.44955e-08  2.01692e-11
      1282.99  1.84027e-08  2.23954e-11
      1283.32  1.81008e-08  2.17855e-11
      1283.65  1.25039e-08  1.75977e-11
      1283.98  6.56273e-09  1.26681e-11
      1284.31  3.80538e-09  1.03406e-11
      1284.64  2.90871e-09  9.95299e-12
      1284.97  2.91612e-09  9.96036e-12
      1285.30  3.40594e-09  1.11965e-11
      1285.63  2.90901e-09  1.03617e-11
      1285.96  2.71053e-09  9.65493e-12
      1286.29  4.11863e-09  1.11290e-11
      1286.62  5.80980e-09  1.30976e-11
      1286.95  5.28861e-09  1.16743e-11
      1287.28  6.60368e-09  1.29864e-11
      1287.61  1.18550e-08  1.86940e-11
      1287.95  1.41120e-08  1.77470e-11
      1288.28  1.39465e-08  1.90538e-11
      1288.61  1.38965e-08  1.70706e-11
      1288.94  1.37062e-08  1.72627e-11
      1289.27  9.63100e-09  1.39093e-11
      1289.61  7.03634e-09  1.22797e-11
      1289.94  5.60901e-09  1.13326e-11
      1290.27  3.88992e-09  9.83356e-12
      1290.61  3.33135e-09  1.00483e-11
      1290.94  2.61368e-09  9.38230e-12
      1291.27  2.03439e-09  8.57309e-12
      1291.61  2.36066e-09  9.10812e-12
      1291.94  3.67060e-09  1.05771e-11
      1292.27  6.26395e-09  1.28483e-11
      1292.61  8.82792e-09  1.56474e-11
      1292.94  6.37431e-09  1.29784e-11
      1293.28  4.96129e-09  1.17266e-11
      1293.61  6.43889e-09  1.40553e-11
      1293.95  8.19086e-09  1.56232e-11
      1294.28  1.26919e-08  2.01825e-11
      1294.62  1.41779e-08  2.07550e-11
      1294.95  1.15488e-08  1.78365e-11
      1295.29  1.09819e-08  1.54087e-11
      1295.62  8.71556e-09  1.38839e-11
      1295.96  6.81244e-09  1.10536e-11
      1296.29  6.02319e-09  1.11840e-11
      1296.63  6.35738e-09  1.22910e-11
      1296.97  8.03919e-09  1.41300e-11
      1297.30  1.26433e-08  1.80704e-11
      1297.64  1.67931e-08  2.09963e-11
      1297.98  1.39168e-08  1.82672e-11
      1298.31  8.55872e-09  1.41646e-11
      1298.65  4.86277e-09  1.11344e-11
      1298.99  3.85020e-09  1.03136e-11
      1299.33  6.74848e-09  1.37854e-11
      1299.66  1.18817e-08  1.89002e-11
      1300.00  1.33545e-08  2.00596e-11
      1300.34  1.14637e-08  1.85284e-11
      1300.68  7.89108e-09  1.46616e-11
      1301.02  8.32735e-09  1.41526e-11
      1301.35  1.44288e-08  1.91211e-11
      1301.69  1.72182e-08  2.06789e-11
      1302.03  1.66150e-08  2.00221e-11
      1302.37  1.47165e-08  1.86175e-11
      1302.71  1.74659e-08  1.90971e-11
      1303.05  1.89177e-08  1.97139e-11
      1303.39  2.19680e-08  2.15311e-11
      1303.73  2.34515e-08  2.21373e-11
      1304.07  2.14916e-08  2.09256e-11
      1304.41  2.20864e-08  2.19826e-11
      1304.75  2.34890e-08  2.35071e-11
      1305.09  2.45356e-08  2.46694e-11
      1305.43  2.95553e-08  2.84000e-11
      1305.77  3.52184e-08  3.11887e-11
      1306.11  3.50718e-08  3.11301e-11
      1306.46  2.29778e-08  2.42699e-11
      1306.80  1.06322e-08  1.58614e-11
      1307.14  5.46372e-09  1.17844e-11
      1307.48  3.76156e-09  1.03465e-11
      1307.82  3.04747e-09  9.99441e-12
      1308.16  3.07211e-09  1.00561e-11
      1308.51  3.43097e-09  9.90901e-12
      1308.85  2.68533e-09  9.03231e-12
      1309.19  2.15210e-09  7.72478e-12
      1309.53  2.01285e-09  6.88812e-12
      1309.88  2.00782e-09  7.00625e-12
      1310.22  2.16384e-09  7.39243e-12
      1310.56  2.84120e-09  8.66666e-12
      1310.91  5.21270e-09  1.17668e-11
      1311.25  9.16668e-09  1.64395e-11
      1311.60  9.05841e-09  1.66436e-11
      1311.94  5.36580e-09  1.25497e-11
      1312.28  2.87932e-09  9.28090e-12
      1312.63  1.99771e-09  7.88249e-12
      1312.97  1.74371e-09  7.40406e-12
      1313.32  2.31810e-09  8.44467e-12
      1313.66  3.67206e-09  1.10427e-11
      1314.01  3.06579e-09  1.03904e-11
      1314.35  1.85373e-09  9.19011e-12
      1314.70  1.45558e-09  7.31749e-12
      1315.05  1.46498e-09  6.97880e-12
      1315.39  1.63058e-09  6.63037e-12
      1315.74  2.03107e-09  6.90300e-12
      1316.08  3.04228e-09  8.31708e-12
      1316.43  6.25384e-09  1.19654e-11
      1316.78  1.07338e-08  1.70740e-11
      1317.12  8.04101e-09  1.50359e-11
      1317.47  3.72427e-09  1.08839e-11
      1317.82  2.27154e-09  8.77766e-12
      1318.17  2.37401e-09  8.55869e-12
      1318.51  3.93245e-09  1.05476e-11
      1318.86  4.80082e-09  1.16643e-11
      1319.21  3.24040e-09  9.83912e-12
      1319.56  1.94417e-09  8.39084e-12
      1319.91  1.97664e-09  8.96182e-12
      1320.25  1.99339e-09  9.06301e-12
      1320.60  2.05249e-09  7.73924e-12
      1320.95  2.52036e-09  8.42420e-12
      1321.30  3.52299e-09  8.54106e-12
      1321.65  7.28883e-09  1.20743e-11
      1322.00  1.30713e-08  1.73736e-11
      1322.35  1.09872e-08  1.64340e-11
      1322.70  5.40923e-09  1.19771e-11
      1323.05  3.44259e-09  1.06421e-11
      1323.40  3.77360e-09  1.12629e-11
      1323.75  4.49000e-09  1.17303e-11
      1324.10  4.59469e-09  1.17659e-11
      1324.45  3.42980e-09  9.90230e-12
      1324.80  2.46671e-09  8.77211e-12
      