227
      1249.95  8.25898e-09  1.97594e-11
      1250.27  4.17399e-09  1.50366e-11
      1250.58  1.63151e-09  1.12109e-11
      1250.89  1.27671e-09  1.06499e-11
      1251.20  1.53923e-09  1.05556e-11
      1251.52  2.23063e-09  1.07023e-11
      1251.83  3.60390e-09  1.26361e-11
      1252.14  4.52999e-09  1.39945e-11
      1252.46  4.30478e-09  1.39389e-11
      1252.77  3.97819e-09  1.37954e-11
      1253.09  6.48498e-09  1.76205e-11
      1253.40  1.24892e-08  2.45461e-11
      1253.71  1.59601e-08  2.78221e-11
      1254.03  9.57463e-09  2.01134e-11
      1254.34  4.50222e-09  1.34757e-11
      1254.66  5.13707e-09  1.54216e-11
      1254.97  6.54906e-09  2.44006e-11
      1255.29  6.84120e-09  2.70127e-11
      1255.60  0.00000e+00  0.00000e+00
      1255.92  0.00000e+00  0.00000e+00
      1256.23  0.00000e+00  0.00000e+00
      1256.55  0.00000e+00  0.00000e+00
      1256.87  0.00000e+00  0.00000e+00
      1257.18  0.00000e+00  0.00000e+00
      1257.50  3.17301e-09  1.65566e-11
      1257.81  3.16630e-09  1.72369e-11
      1258.13  3.12211e-09  1.52426e-11
      1258.45  2.93268e-09  1.11624e-11
      1258.76  3.06972e-09  1.11377e-11
      1259.08  5.37060e-09  1.42961e-11
      1259.40  1.11658e-08  2.08646e-11
      1259.72  1.52816e-08  2.25371e-11
      1260.03  1.10957e-08  1.77059e-11
      1260.35  7.98457e-09  1.35922e-11
      1260.67  1.06376e-08  1.59046e-11
      1260.99  9.68168e-09  1.44824e-11
      1261.30  7.55365e-09  1.35736e-11
      1261.62  9.59498e-09  1.85354e-11
      1261.94  1.02538e-08  1.95445e-11
      1262.26  1.03365e-08  2.17758e-11
      1262.58  7.80778e-09  1.67290e-11
      1262.90  8.14002e-09  1.60640e-11
      1263.22  1.23264e-08  1.96442e-11
      1263.54  1.03756e-08  1.74394e-11
      1263.86  6.49490e-09  1.39371e-11
      1264.17  5.00778e-09  1.30102e-11
      1264.49  3.66329e-09  1.15596e-11
      1264.81  3.91440e-09  1.21170e-11
      1265.13  7.88876e-09  1.69990e-11
      1265.45  1.26562e-08  2.10640e-11
      1265.77  1.13621e-08  1.91415e-11
      1266.10  6.14513e-09  1.34181e-11
      1266.42  3.31122e-09  1.11306e-11
      1266.74  2.82309e-09  1.44825e-11
      1267.06  2.76461e-09  1.55421e-11
      1267.38  0.00000e+00  0.00000e+00
      1267.70  0.00000e+00  0.00000e+00
      1268.02  0.00000e+00  0.00000e+00
      1268.34  1.35401e-08  2.77905e-11
      1268.67  1.33649e-08  2.91295e-11
      1268.99  1.27357e-08  2.65203e-11
      1269.31  9.91382e-09  1.66812e-11
      1269.63  6.49828e-09  1.29413e-11
      1269.95  5.37091e-09  1.20138e-11
      1270.28  6.78078e-09  1.33405e-11
      1270.60  1.13165e-08  1.74374e-11
      1270.92  1.35569e-08  1.83778e-11
      1271.25  1.48083e-08  1.79155e-11
      1271.57  1.45177e-08  1.68954e-11
      1271.89  9.11968e-09  1.34032e-11
      1272.22  3.90700e-09  1.00507e-11
      1272.54  2.39909e-09  8.70111e-12
      1272.86  2.01546e-09  8.39160e-12
      1273.19  1.91612e-09  8.53955e-12
      1273.51  2.28315e-09  9.50328e-12
      1273.84  3.46278e-09  1.16463e-11
      1274.16  4.52204e-09  1.26935e-11
      1274.49  5.95232e-09  1.32999e-11
      1274.81  1.04252e-08  1.69907e-11
      1275.14  1.44985e-08  1.96746e-11
      1275.46  1.32372e-08  1.87806e-11
      1275.79  8.86532e-09  1.61320e-11
      1276.11  6.30900e-09  1.89490e-11
      1276.44  5.81437e-09  2.19148e-11
      1276.76  5.75168e-09  2.23768e-11
      1277.09  0.00000e+00  0.00000e+00
      1277.42  0.00000e+00  0.00000e+00
      1277.74  2.32000e-09  1.27646e-11
      1278.07  2.30184e-09  1.33075e-11
      1278.40  2.24753e-09  1.16029e-11
      1278.72  2.06442e-09  8.39076e-12
      1279.05  2.06172e-09  8.29703e-12
      1279.38  2.67095e-09  9.37428e-12
      1279.71  3.92197e-09  1.05799e-11
      1280.03  5.22134e-09  1.16794e-11
      1280.36  4.61019e-09  9.90693e-12
      1280.69  4.78465e-09  1.07292e-11
      1281.02  6.37257e-09  1.30162e-11
      1281.34  9.39699e-09  1.60550e-11
      1281.67  1.15443e-08  1.86605e-11
      1282.00  9.21282e-09  1.67879e-11
      1282.33  9.17378e-09  1.71488e-11
      1282.66  1.41445e-08  2.19439e-11
      1282.99  1.83062e-08  2.41224e-11
      1283.32  1.83754e-08  2.33359e-11
      1283.65  1.30639e-08  1.90119e-11
      1283.98  6.92642e-09  1.34850e-11
      1284.31  4.16415e-09  1.24830e-11
      1284.64  3.61124e-09  1.62069e-11
      1284.97  3.53836e-09  1.71294e-11
      1285.30  0.00000e+00  0.00000e+00
      1285.63  4.92776e-09  2.01563e-11
      1285.96  4.96112e-09  1.97437e-11
      1286.29  5.19809e-09  1.70924e-11
      1286.62  5.85399e-09  1.29818e-11
      1286.95  5.23326e-09  1.13776e-11
      1287.28  6.52396e-09  1.20603e-11
      1287.61  1.19770e-08  1.71262e-11
      1287.95  1.41503e-08  1.80189e-11
      1288.28  1.39736e-08  1.75243e-11
      1288.61  1.38436e-08  1.85701e-11
      1288.94  1.38243e-08  2.04018e-11
      1289.27  9.96072e-09  1.66765e-11
      1289.61  7.08769e-09  1.37695e-11
      1289.94  5.72808e-09  1.27928e-11
      1290.27  3.95804e-09  1.07550e-11
      1290.61  3.33645e-09  1.06170e-11
      1290.94  2.65837e-09  1.00885e-11
      1291.27  2.05213e-09  9.10721e-12
      1291.61  2.28706e-09  9.33393e-12
      1291.94  3.40526e-09  1.09209e-11
      1292.27  4.30291e-09  1.66260e-11
      1292.61  4.48800e-09  1.92025e-11
      1292.94  4.51082e-09  1.95545e-11
      1293.28  7.97328e-09  2.43362e-11
      1293.61  8.13043e-09  2.51267e-11
      1293.95  9.14204e-09  2.17329e-11
      1294.28  1.27205e-08  1.98594e-11
      1294.62  1.41412e-08  1.98458e-11
      1294.95  1.17144e-08  1.64150e-11
      1295.29  1.13670e-08  1.53162e-11
      1295.62  9.57377e-09  1.30464e-11
      1295.96  7.06239e-09  1.19903e-11
      1296.29  6.04342e-09  1.30758e-11
      1296.63  6.27293e-09  1.40513e-11
      1296.97  7.73922e-09  1.56568e-11
      1297.30  1.21683e-08  1.94543e-11
      1297.64  1.67483e-08  2.26325e-11
      1297.98  1.44045e-08  2.01187e-11
      1298.31  8.97476e-09  1.53574e-11
      1298.65  5.10207e-09  1.16125e-11
      1298.99  3.59135e-09  1.08388e-11
      1299.33  3.65947e-09  1.57667e-11
      1299.66  3.70305e-09  1.72865e-11
      1300.00  6.07726e-09  2.18209e-11
      1300.34  6.09604e-09  2.13372e-11
      1300.68  6.28927e-09  1.81687e-11
      1301.02  8.27494e-09  1.41458e-11
      1301.35  1.42574e-08  1.82337e-11
      1301.69  1.72322e-08  1.95639e-11
      1302.03  1.66786e-08  1.89928e-11
      1302.37  1.48216e-08  1.69640e-11
      1302.71  1.70008e-08  1.96417e-11
      1303.05  1.87643e-08  2.29354e-11
      1303.39  2.17126e-08  2.47936e-11
      1303.73  2.35815e-08  2.53351e-11
      1304.07  2.16642e-08  2.32469e-11
      1304.41  2.19765e-08  2.35588e-11
      1304.75  2.35006e-08  2.51381e-11
      1305.09  2.43771e-08  2.58453e-11
      1305.43  2.88730e-08  2.93103e-11
      1305.77  3.35844e-08  4.11963e-11
      1306.11  3.47405e-08  5.16350e-11
      1306.46  3.48859e-08  5.32706e-11
      1306.80  3.22140e-09  1.38690e-11
      1307.14  3.19929e-09  1.48830e-11
      1307.48  3.15647e-09  1.40899e-11
      1307.82  2.99196e-09  1.00287e-11
      1308.16  3.04320e-09  9.57379e-12
      1308.51  3.57875e-09  1.00202e-11
      1308.85  3.00276e-09  8.68134e-12
      1309.19  2.22714e-09  7.83741e-12
      1309.53  2.03081e-09  8.27211e-12
      1309.88  1.99085e-09  8.03054e-12
      1310.22  2.11949e-09  8.33903e-12
      1310.56  2.71025e-09  1.03197e-11
      1310.91  4.85963e-09  1.24860e-11
      1311.25  8.85497e-09  1.69558e-11
      1311.60  9.31435e-09  1.75589e-11
      1311.94  6.52151e-09  1.69134e-11
      1312.28  5.47970e-09  2.08635e-11
      1312.63  5.33770e-09  2.17129e-11
      1312.97  4.30788e-09  1.92637e-11
      1313.32  3.80267e-09  1.62374e-11
      1313.66  3.66626e-09  1.59144e-11
      1314.01  2.97884e-09  1.08310e-11
      1314.35  1.86127e-09  7.99565e-12
      1314.70  1.45336e-09  7.02321e-12
      1315.05  1.43354e-09  6.23178e-12
      1315.39  1.57198e-09  6.41106e-12
      1315.74  1.94177e-09  7.82625e-12
      1316.08  2.85849e-09  9.16753e-12
      1316.43  5.77798e-09  1.27227e-11
      1316.78  1.06514e-08  1.85258e-11
      1317.12  8.66295e-09  1.66318e-11
      1317.47  3.98820e-09  1.14869e-11
      1317.82  2.35265e-09  9.59707e-12
      1318.17  1.99282e-09  1.22662e-11
      1318.51  1.94546e-09  1.36128e-11
      1318.86  1.72850e-09  1.21334e-11
      1319.21  1.73653e-09  1.28768e-11
      1319.56  1.78024e-09  1.20048e-11
      1319.91  1.96620e-09  9.19033e-12
      1320.25  1.98607e-09  8.85819e-12
      1320.60  1.97071e-09  7.75369e-12
      1320.95  2.37455e-09  7.76658e-12
      1321.30  3.24891e-09  8.73797e-12
      1321.65  6.66026e-09  1.31736e-11
      1322.00  1.26996e-08  1.93309e-11
      1322.35  1.15798e-08  1.87910e-11
      1322.70  5.83198e-09  1.33854e-11
      1323.05  3.50345e-09  1.10981e-11
      1323.40  3.71086e-09  1.16361e-11
      1323.75  4.40645e-09  1.31777e-11
      1324.10  4.64518e-09  1.85648e-11
      1324.45  4.67682e-09  2.00471e-11
      1324.80  2.05792e-09  1.46839e-11
      