227
      1249.95  7.94605e-09  1.98452e-11
      1250.27  3.86688e-09  1.47766e-11
      1250.58  1.57144e-09  1.10671e-11
      1250.89  1.28313e-09  1.06579e-11
      1251.20  1.57672e-09  1.08397e-11
      1251.52  2.26866e-09  1.09148e-11
      1251.83  3.70914e-09  1.30431e-11
      1252.14  4.55950e-09  1.44245e-11
      1252.46  4.28553e-09  1.73256e-11
      1252.77  4.06734e-09  1.44978e-11
      1253.09  6.93299e-09  1.83795e-11
      1253.40  1.29492e-08  2.54028e-11
      1253.71  1.52842e-08  2.73949e-11
      1254.03  9.13415e-09  2.01328e-11
      1254.34  4.61661e-09  1.38192e-11
      1254.66  6.05504e-09  1.51797e-11
      1254.97  8.94044e-09  1.89398e-11
      1255.29  5.75489e-09  1.49052e-11
      1255.60  2.83429e-09  1.15016e-11
      1255.92  3.18592e-09  1.28745e-11
      1256.23  5.45224e-09  1.58944e-11
      1256.55  8.78904e-09  2.07386e-11
      1256.87  5.72289e-09  1.56655e-11
      1257.18  2.68641e-09  1.12186e-11
      1257.50  2.16081e-09  9.82366e-12
      1257.81  2.47224e-09  1.01260e-11
      1258.13  2.97666e-09  1.12326e-11
      1258.45  2.92432e-09  1.13708e-11
      1258.76  3.14049e-09  1.19011e-11
      1259.08  5.66326e-09  1.51857e-11
      1259.40  1.14301e-08  2.15109e-11
      1259.72  1.49270e-08  2.42710e-11
      1260.03  1.09364e-08  1.93304e-11
      1260.35  8.30154e-09  1.56767e-11
      1260.67  1.06318e-08  1.84057e-11
      1260.99  9.46940e-09  1.74496e-11
      1261.30  6.99898e-09  1.95816e-11
      1261.62  7.35661e-09  1.82187e-11
      1261.94  1.01090e-08  1.92208e-11
      1262.26  1.04790e-08  2.03498e-11
      1262.58  7.23123e-09  1.59113e-11
      1262.90  8.29638e-09  1.61410e-11
      1263.22  1.29948e-08  2.06143e-11
      1263.54  9.84867e-09  1.70051e-11
      1263.86  6.10739e-09  1.37798e-11
      1264.17  4.88438e-09  1.29026e-11
      1264.49  3.61947e-09  1.14877e-11
      1264.81  4.24849e-09  1.25621e-11
      1265.13  8.48008e-09  1.75735e-11
      1265.45  1.25409e-08  2.10321e-11
      1265.77  1.07003e-08  1.85157e-11
      1266.10  5.66369e-09  1.28216e-11
      1266.42  3.04882e-09  9.70422e-12
      1266.74  2.68512e-09  9.56679e-12
      1267.06  3.67871e-09  1.09075e-11
      1267.38  8.05344e-09  1.60836e-11
      1267.70  1.45353e-08  2.30095e-11
      1268.02  1.47827e-08  2.20851e-11
      1268.34  1.47473e-08  2.23142e-11
      1268.67  1.29363e-08  1.93739e-11
      1268.99  1.31305e-08  1.95010e-11
      1269.31  9.70798e-09  1.62045e-11
      1269.63  6.26851e-09  1.31628e-11
      1269.95  5.38035e-09  1.26567e-11
      1270.28  6.95046e-09  1.46719e-11
      1270.60  1.15217e-08  1.98112e-11
      1270.92  1.36453e-08  2.09995e-11
      1271.25  1.48125e-08  2.14339e-11
      1271.57  1.43716e-08  2.10950e-11
      1271.89  1.15750e-08  2.37761e-11
      1272.22  7.16421e-09  1.46868e-11
      1272.54  2.38805e-09  8.85401e-12
      1272.86  2.00805e-09  8.64541e-12
      1273.19  1.95124e-09  8.76372e-12
      1273.51  2.42331e-09  9.91530e-12
      1273.84  3.62349e-09  1.17707e-11
      1274.16  4.59629e-09  1.28848e-11
      1274.49  6.21006e-09  1.34382e-11
      1274.81  1.11495e-08  1.75407e-11
      1275.14  1.48837e-08  2.02852e-11
      1275.46  1.28278e-08  1.86694e-11
      1275.79  8.14118e-09  1.52872e-11
      1276.11  5.43578e-09  1.30378e-11
      1276.44  7.69661e-09  1.58144e-11
      1276.76  1.29100e-08  2.14176e-11
      1277.09  1.30937e-08  2.02019e-11
      1277.42  1.31282e-08  2.00852e-11
      1277.74  8.75332e-09  1.56229e-11
      1278.07  4.06757e-09  1.04050e-11
      1278.40  2.55543e-09  9.02918e-12
      1278.72  2.08099e-09  9.11780e-12
      1279.05  2.10004e-09  9.39629e-12
      1279.38  2.77898e-09  1.04766e-11
      1279.71  4.07154e-09  1.21903e-11
      1280.03  5.14137e-09  1.36353e-11
      1280.36  4.55843e-09  1.26483e-11
      1280.69  4.27509e-09  1.60625e-11
      1281.02  6.10814e-09  1.12220e-11
      1281.34  9.91002e-09  1.66527e-11
      1281.67  1.15086e-08  1.88068e-11
      1282.00  8.60944e-09  1.62387e-11
      1282.33  9.50168e-09  1.73927e-11
      1282.66  1.49231e-08  2.22059e-11
      1282.99  1.86693e-08  2.43536e-11
      1283.32  1.81578e-08  2.31399e-11
      1283.65  1.20571e-08  1.80268e-11
      1283.98  6.14682e-09  1.29583e-11
      1284.31  3.65183e-09  1.03627e-11
      1284.64  2.89116e-09  1.00213e-11
      1284.97  2.94419e-09  1.04878e-11
      1285.30  3.35464e-09  1.15615e-11
      1285.63  2.89272e-09  1.06118e-11
      1285.96  2.83455e-09  1.00214e-11
      1286.29  4.28215e-09  1.16287e-11
      1286.62  5.67657e-09  1.28618e-11
      1286.95  5.31108e-09  1.20073e-11
      1287.28  7.08424e-09  1.38383e-11
      1287.61  1.20914e-08  1.90242e-11
      1287.95  1.40510e-08  2.08092e-11
      1288.28  1.39484e-08  2.19132e-11
      1288.61  1.36868e-08  2.91864e-11
      1288.94  1.34998e-08  1.81446e-11
      1289.27  9.20795e-09  1.60091e-11
      1289.61  7.03705e-09  1.41789e-11
      1289.94  5.44992e-09  1.25169e-11
      1290.27  3.78708e-09  1.07286e-11
      1290.61  3.37478e-09  1.09123e-11
      1290.94  2.52418e-09  9.89256e-12
      1291.27  2.00950e-09  8.99947e-12
      1291.61  2.39963e-09  9.56777e-12
      1291.94  3.83678e-09  1.13174e-11
      1292.27  6.45742e-09  1.34475e-11
      1292.61  8.87510e-09  1.60712e-11
      1292.94  6.26543e-09  1.29752e-11
      1293.28  4.98812e-09  1.20763e-11
      1293.61  6.57066e-09  1.47406e-11
      1293.95  8.67923e-09  1.67247e-11
      1294.28  1.27793e-08  2.05049e-11
      1294.62  1.38998e-08  2.08932e-11
      1294.95  1.17361e-08  1.81471e-11
      1295.29  1.12275e-08  1.73742e-11
      1295.62  9.45764e-09  1.59235e-11
      1295.96  7.58663e-09  1.89070e-11
      1296.29  6.65956e-09  1.35591e-11
      1296.63  6.39300e-09  1.42443e-11
      1296.97  8.26828e-09  1.60480e-11
      1297.30  1.31632e-08  2.01452e-11
      1297.64  1.67994e-08  2.24701e-11
      1297.98  1.33357e-08  1.91028e-11
      1298.31  8.22285e-09  1.47964e-11
      1298.65  4.57016e-09  1.10508e-11
      1298.99  3.78880e-09  1.02715e-11
      1299.33  6.97517e-09  1.43922e-11
      1299.66  1.25394e-08  2.03020e-11
      1300.00  1.33242e-08  2.05804e-11
      1300.34  1.13169e-08  1.87590e-11
      1300.68  7.58023e-09  1.43507e-11
      1301.02  8.47341e-09  1.44925e-11
      1301.35  1.48958e-08  1.99024e-11
      1301.69  1.73546e-08  2.13413e-11
      1302.03  1.65779e-08  2.11733e-11
      1302.37  1.48614e-08  2.04591e-11
      1302.71  1.62075e-08  2.91072e-11
      1303.05  1.76635e-08  2.54823e-11
      1303.39  2.21684e-08  2.50620e-11
      1303.73  2.34082e-08  2.50694e-11
      1304.07  2.16207e-08  2.35085e-11
      1304.41  2.22444e-08  2.39765e-11
      1304.75  2.36080e-08  2.53817e-11
      1305.09  2.51424e-08  2.68058e-11
      1305.43  3.01430e-08  3.00354e-11
      1305.77  3.55176e-08  3.29340e-11
      1306.11  3.41344e-08  3.21271e-11
      1306.46  2.17889e-08  2.44396e-11
      1306.80  1.02169e-08  1.60716e-11
      1307.14  5.35144e-09  1.19635e-11
      1307.48  3.69044e-09  1.04965e-11
      1307.82  2.99179e-09  9.95870e-12
      1308.16  3.09463e-09  1.03315e-11
      1308.51  3.67919e-09  1.16286e-11
      1308.85  2.93370e-09  1.04413e-11
      1309.19  2.30370e-09  1.29299e-11
      1309.53  2.09256e-09  8.19619e-12
      1309.88  1.99179e-09  8.11699e-12
      1310.22  2.16711e-09  8.68988e-12
      1310.56  2.86135e-09  9.60101e-12
      1310.91  5.36426e-09  1.27978e-11
      1311.25  9.69925e-09  1.81605e-11
      1311.60  8.92842e-09  1.71700e-11
      1311.94  4.94727e-09  1.23801e-11
      1312.28  2.67049e-09  9.29158e-12
      1312.63  1.92840e-09  7.87525e-12
      1312.97  1.75166e-09  7.58496e-12
      1313.32  2.43060e-09  8.84138e-12
      1313.66  3.65995e-09  1.12668e-11
      1314.01  2.98272e-09  1.03195e-11
      1314.35  1.80099e-09  8.45418e-12
      1314.70  1.44348e-09  7.72451e-12
      1315.05  1.45400e-09  7.58861e-12
      1315.39  1.53308e-09  9.80396e-12
      1315.74  1.76194e-09  8.17478e-12
      1316.08  3.32067e-09  1.00667e-11
      1316.43  6.84715e-09  1.44850e-11
      1316.78  1.04300e-08  1.90355e-11
      1317.12  7.62610e-09  1.62348e-11
      1317.47  3.62196e-09  1.15928e-11
      1317.82  2.26941e-09  9.25326e-12
      1318.17  2.54758e-09  8.98012e-12
      1318.51  4.06310e-09  1.20814e-11
      1318.86  4.62832e-09  1.21146e-11
      1319.21  3.03923e-09  9.82409e-12
      1319.56  1.93090e-09  8.62815e-12
      1319.91  1.97233e-09  9.92153e-12
      1320.25  1.96046e-09  9.17946e-12
      1320.60  1.98226e-09  8.90919e-12
      1320.95  2.37707e-09  9.36699e-12
      1321.30  2.72121e-09  1.29249e-11
      1321.65  5.85246e-09  1.06208e-11
      1322.00  1.34464e-08  1.97365e-11
      1322.35  1.01397e-08  1.72695e-11
      1322.70  4.98131e-09  1.26821e-11
      1323.05  3.33904e-09  1.25648e-11
      1323.40  3.88126e-09  1.25206e-11
      1323.75  4.64404e-09  1.23422e-11
      1324.10  4.80599e-09  1.22404e-11
      1324.45  3.28165e-09  9.83839e-12
      1324.80  2.43513e-09  8.95965e-12
      