227
      1249.95  8.09157e-09  1.71769e-11
      1250.27  4.04367e-09  1.26714e-11
      1250.58  1.61026e-09  9.52025e-12
      1250.89  1.28679e-09  8.98982e-12
      1251.20  1.56955e-09  8.92706e-12
      1251.52  2.27929e-09  9.13811e-12
      1251.83  3.65714e-09  1.05742e-11
      1252.14  4.56126e-09  1.15888e-11
      1252.46  4.29528e-09  1.17271e-11
      1252.77  3.96932e-09  1.09659e-11
      1253.09  6.68340e-09  1.39465e-11
      1253.40  1.28097e-08  1.89039e-11
      1253.71  1.57892e-08  2.10500e-11
      1254.03  9.23026e-09  1.48957e-11
      1254.34  4.50284e-09  9.92987e-12
      1254.66  5.85383e-09  1.08089e-11
      1254.97  8.97411e-09  1.40551e-11
      1255.29  5.92863e-09  1.09805e-11
      1255.60  2.83304e-09  8.24732e-12
      1255.92  3.20826e-09  9.13769e-12
      1256.23  5.50300e-09  1.13687e-11
      1256.55  8.37303e-09  1.43922e-11
      1256.87  5.88766e-09  1.14857e-11
      1257.18  2.81953e-09  8.08291e-12
      1257.50  2.16912e-09  7.15815e-12
      1257.81  2.46492e-09  7.52531e-12
      1258.13  2.98044e-09  8.42006e-12
      1258.45  2.92141e-09  8.86056e-12
      1258.76  3.05452e-09  9.22545e-12
      1259.08  5.44448e-09  1.20766e-11
      1259.40  1.13862e-08  1.75175e-11
      1259.72  1.53100e-08  2.04195e-11
      1260.03  1.09964e-08  1.65262e-11
      1260.35  8.06664e-09  1.35639e-11
      1260.67  1.05392e-08  1.64502e-11
      1260.99  9.55648e-09  1.53150e-11
      1261.30  7.76792e-09  1.37458e-11
      1261.62  9.63870e-09  1.64139e-11
      1261.94  1.02402e-08  1.67303e-11
      1262.26  1.02565e-08  1.71717e-11
      1262.58  7.58626e-09  1.39928e-11
      1262.90  8.33335e-09  1.36495e-11
      1263.22  1.24988e-08  1.67870e-11
      1263.54  1.00746e-08  1.44760e-11
      1263.86  6.33555e-09  1.16055e-11
      1264.17  4.97430e-09  1.07126e-11
      1264.49  3.60805e-09  9.27280e-12
      1264.81  4.01584e-09  9.61567e-12
      1265.13  8.23674e-09  1.33816e-11
      1265.45  1.27663e-08  1.60935e-11
      1265.77  1.09988e-08  1.40459e-11
      1266.10  5.71397e-09  9.52487e-12
      1266.42  3.00610e-09  6.93512e-12
      1266.74  2.67715e-09  6.69874e-12
      1267.06  3.68662e-09  7.78680e-12
      1267.38  7.83636e-09  1.13364e-11
      1267.70  1.41356e-08  1.59822e-11
      1268.02  1.49537e-08  1.60949e-11
      1268.34  1.45117e-08  1.59287e-11
      1268.67  1.32046e-08  1.45802e-11
      1268.99  1.29400e-08  1.45187e-11
      1269.31  9.81430e-09  1.25546e-11
      1269.63  6.40848e-09  1.05969e-11
      1269.95  5.32758e-09  1.03598e-11
      1270.28  6.81598e-09  1.20801e-11
      1270.60  1.15520e-08  1.71594e-11
      1270.92  1.35035e-08  1.83452e-11
      1271.25  1.48450e-08  1.91489e-11
      1271.57  1.45644e-08  1.82837e-11
      1271.89  8.47090e-09  1.29860e-11
      1272.22  3.70827e-09  8.62929e-12
      1272.54  2.38052e-09  7.40424e-12
      1272.86  2.02442e-09  7.31614e-12
      1273.19  1.95129e-09  7.46372e-12
      1273.51  2.37398e-09  8.25371e-12
      1273.84  3.53547e-09  9.48592e-12
      1274.16  4.59101e-09  1.03207e-11
      1274.49  6.18961e-09  1.07781e-11
      1274.81  1.08381e-08  1.34143e-11
      1275.14  1.45698e-08  1.51531e-11
      1275.46  1.29154e-08  1.39923e-11
      1275.79  8.41377e-09  1.15456e-11
      1276.11  5.61656e-09  1.01733e-11
      1276.44  7.67485e-09  1.12140e-11
      1276.76  1.26827e-08  1.48954e-11
      1277.09  1.29688e-08  1.41571e-11
      1277.42  1.33796e-08  1.45688e-11
      1277.74  8.79041e-09  1.13079e-11
      1278.07  4.10359e-09  7.78281e-12
      1278.40  2.55825e-09  6.78592e-12
      1278.72  2.06425e-09  6.68204e-12
      1279.05  2.06298e-09  7.45785e-12
      1279.38  2.72622e-09  8.65707e-12
      1279.71  4.02856e-09  1.04132e-11
      1280.03  5.20140e-09  1.18579e-11
      1280.36  4.65051e-09  1.03487e-11
      1280.69  4.94068e-09  1.00308e-11
      1281.02  6.54128e-09  1.12863e-11
      1281.34  9.61227e-09  1.39269e-11
      1281.67  1.14342e-08  1.56917e-11
      1282.00  8.96871e-09  1.38704e-11
      1282.33  9.42982e-09  1.44695e-11
      1282.66  1.45135e-08  1.77914e-11
      1282.99  1.84481e-08  1.92209e-11
      1283.32  1.81474e-08  1.80025e-11
      1283.65  1.24305e-08  1.39194e-11
      1283.98  6.47620e-09  9.68121e-12
      1284.31  3.77280e-09  7.67914e-12
      1284.64  2.89586e-09  7.20871e-12
      1284.97  2.91647e-09  7.25468e-12
      1285.30  3.42435e-09  8.20801e-12
      1285.63  2.89854e-09  7.57682e-12
      1285.96  2.73233e-09  7.21504e-12
      1286.29  4.19090e-09  8.59754e-12
      1286.62  5.80600e-09  1.03394e-11
      1286.95  5.27924e-09  9.48109e-12
      1287.28  6.78345e-09  1.11546e-11
      1287.61  1.20203e-08  1.64973e-11
      1287.95  1.41142e-08  1.81796e-11
      1288.28  1.39398e-08  1.82795e-11
      1288.61  1.39606e-08  1.82829e-11
      1288.94  1.36299e-08  1.77393e-11
      1289.27  9.67763e-09  1.41293e-11
      1289.61  7.07097e-09  1.22377e-11
      1289.94  5.57794e-09  1.06559e-11
      1290.27  3.89388e-09  8.86967e-12
      1290.61  3.34663e-09  8.64399e-12
      1290.94  2.60814e-09  7.87736e-12
      1291.27  2.03787e-09  7.04256e-12
      1291.61  2.35519e-09  7.10873e-12
      1291.94  3.68160e-09  7.98155e-12
      1292.27  6.29957e-09  9.44917e-12
      1292.61  8.93959e-09  1.14690e-11
      1292.94  6.26271e-09  9.32842e-12
      1293.28  4.93267e-09  8.74793e-12
      1293.61  6.51070e-09  1.07459e-11
      1293.95  8.32650e-09  1.23185e-11
      1294.28  1.28442e-08  1.63948e-11
      1294.62  1.40909e-08  1.70705e-11
      1294.95  1.15179e-08  1.52088e-11
      1295.29  1.12697e-08  1.52930e-11
      1295.62  9.45395e-09  1.36002e-11
      1295.96  6.85940e-09  1.16486e-11
      1296.29  6.02515e-09  1.15163e-11
      1296.63  6.37109e-09  1.21267e-11
      1296.97  8.06965e-09  1.34880e-11
      1297.30  1.26574e-08  1.63917e-11
      1297.64  1.66474e-08  1.83040e-11
      1297.98  1.38271e-08  1.54379e-11
      1298.31  8.55087e-09  1.15945e-11
      1298.65  4.83937e-09  8.57198e-12
      1298.99  3.86780e-09  7.62740e-12
      1299.33  6.83249e-09  1.01312e-11
      1299.66  1.20210e-08  1.39065e-11
      1300.00  1.33210e-08  1.46477e-11
      1300.34  1.13781e-08  1.37134e-11
      1300.68  7.74578e-09  1.10377e-11
      1301.02  8.46692e-09  1.13183e-11
      1301.35  1.47041e-08  1.58133e-11
      1301.69  1.72478e-08  1.76897e-11
      1302.03  1.67149e-08  1.88557e-11
      1302.37  1.46391e-08  1.75107e-11
      1302.71  1.75103e-08  2.02011e-11
      1303.05  1.87822e-08  2.02266e-11
      1303.39  2.19610e-08  2.13762e-11
      1303.73  2.35923e-08  2.14080e-11
      1304.07  2.14907e-08  1.93532e-11
      1304.41  2.20398e-08  1.92657e-11
      1304.75  2.35256e-08  1.98916e-11
      1305.09  2.46880e-08  2.00977e-11
      1305.43  2.96170e-08  2.19458e-11
      1305.77  3.52269e-08  2.34531e-11
      1306.11  3.47586e-08  2.27693e-11
      1306.46  2.26380e-08  1.75733e-11
      1306.80  1.04666e-08  1.16304e-11
      1307.14  5.39507e-09  8.84672e-12
      1307.48  3.72612e-09  8.06655e-12
      1307.82  3.03723e-09  8.08087e-12
      1308.16  3.10283e-09  8.62050e-12
      1308.51  3.55938e-09  9.85321e-12
      1308.85  2.92009e-09  8.77698e-12
      1309.19  2.17159e-09  7.57752e-12
      1309.53  2.01275e-09  7.03470e-12
      1309.88  1.99978e-09  6.81985e-12
      1310.22  2.16170e-09  6.98233e-12
      1310.56  2.81151e-09  7.79111e-12
      1310.91  5.20464e-09  1.00944e-11
      1311.25  9.25524e-09  1.35110e-11
      1311.60  9.02198e-09  1.29434e-11
      1311.94  5.27902e-09  9.40096e-12
      1312.28  2.83831e-09  6.91617e-12
      1312.63  1.97605e-09  5.84419e-12
      1312.97  1.73333e-09  5.45082e-12
      1313.32  2.35056e-09  6.43690e-12
      1313.66  3.72122e-09  8.67145e-12
      1314.01  3.00509e-09  8.32174e-12
      1314.35  1.81089e-09  7.76732e-12
      1314.70  1.44827e-09  6.88371e-12
      1315.05  1.44825e-09  6.71476e-12
      1315.39  1.62372e-09  6.54970e-12
      1315.74  2.02745e-09  7.54229e-12
      1316.08  3.05181e-09  8.48384e-12
      1316.43  6.24455e-09  1.12634e-11
      1316.78  1.06351e-08  1.52323e-11
      1317.12  8.07640e-09  1.29800e-11
      1317.47  3.72084e-09  8.68503e-12
      1317.82  2.28195e-09  6.79561e-12
      1318.17  2.42879e-09  6.37047e-12
      1318.51  3.95706e-09  7.72249e-12
      1318.86  4.73637e-09  8.52605e-12
      1319.21  3.15930e-09  7.26126e-12
      1319.56  1.93239e-09  6.43958e-12
      1319.91  1.98298e-09  7.23068e-12
      1320.25  1.98886e-09  7.64751e-12
      1320.60  2.00051e-09  7.62926e-12
      1320.95  2.41986e-09  7.94531e-12
      1321.30  3.52428e-09  8.68177e-12
      1321.65  7.35208e-09  1.19485e-11
      1322.00  1.29284e-08  1.64640e-11
      1322.35  1.08735e-08  1.50569e-11
      1322.70  5.43503e-09  1.06115e-11
      1323.05  3.45209e-09  8.71065e-12
      1323.40  3.79563e-09  8.82861e-12
      1323.75  4.49926e-09  8.86511e-12
      1324.10  4.58081e-09  8.58707e-12
      1324.45  3.37755e-09  7.10431e-12
      1324.80  2.46011e-09  6.44588e-12
      