227
      1249.95  8.19302e-09  1.85767e-11
      1250.27  4.04428e-09  1.37753e-11
      1250.58  1.58514e-09  1.00906e-11
      1250.89  1.27817e-09  9.70118e-12
      1251.20  1.55341e-09  9.36138e-12
      1251.52  2.23811e-09  9.69640e-12
      1251.83  3.56971e-09  1.11349e-11
      1252.14  4.47915e-09  1.21216e-11
      1252.46  4.25405e-09  1.18694e-11
      1252.77  3.95081e-09  1.19512e-11
      1253.09  6.54167e-09  1.47229e-11
      1253.40  1.25705e-08  2.00277e-11
      1253.71  1.57335e-08  2.21192e-11
      1254.03  9.30571e-09  1.56809e-11
      1254.34  4.41481e-09  1.03881e-11
      1254.66  5.57429e-09  1.08852e-11
      1254.97  9.04320e-09  1.42194e-11
      1255.29  5.99137e-09  1.12392e-11
      1255.60  2.69118e-09  8.02733e-12
      1255.92  3.03398e-09  8.98873e-12
      1256.23  5.21759e-09  1.08206e-11
      1256.55  8.17824e-09  1.34793e-11
      1256.87  5.92584e-09  1.08379e-11
      1257.18  2.70474e-09  7.69819e-12
      1257.50  1.97833e-09  6.93658e-12
      1257.81  2.24447e-09  7.25901e-12
      1258.13  2.73707e-09  7.94128e-12
      1258.45  2.69992e-09  8.25263e-12
      1258.76  2.81391e-09  8.37059e-12
      1259.08  5.11296e-09  1.05208e-11
      1259.40  1.08502e-08  1.44805e-11
      1259.72  1.48120e-08  1.66505e-11
      1260.03  1.08011e-08  1.34827e-11
      1260.35  7.78617e-09  1.10255e-11
      1260.67  9.82229e-09  1.23391e-11
      1260.99  7.99552e-09  2.07817e-11
      1261.30  7.51830e-09  1.54759e-11
      1261.62  9.73087e-09  1.79913e-11
      1261.94  1.02070e-08  1.83159e-11
      1262.26  1.03089e-08  1.94294e-11
      1262.58  7.62191e-09  1.56986e-11
      1262.90  8.15197e-09  1.49192e-11
      1263.22  1.23272e-08  1.80854e-11
      1263.54  1.02144e-08  1.55997e-11
      1263.86  6.36974e-09  1.23104e-11
      1264.17  4.94744e-09  1.15417e-11
      1264.49  3.64120e-09  1.03315e-11
      1264.81  3.97791e-09  1.03780e-11
      1265.13  8.01699e-09  1.39513e-11
      1265.45  1.25535e-08  1.69208e-11
      1265.77  1.10642e-08  1.49348e-11
      1266.10  5.81716e-09  1.00977e-11
      1266.42  2.97692e-09  7.14120e-12
      1266.74  2.56256e-09  6.78816e-12
      1267.06  3.44355e-09  7.74336e-12
      1267.38  7.00033e-09  1.14332e-11
      1267.70  1.32091e-08  1.73335e-11
      1268.02  1.46233e-08  1.65085e-11
      1268.34  1.44702e-08  1.53500e-11
      1268.67  1.28995e-08  1.33083e-11
      1268.99  1.28739e-08  1.29488e-11
      1269.31  9.75099e-09  1.12177e-11
      1269.63  6.15492e-09  9.44411e-12
      1269.95  5.09855e-09  9.21781e-12
      1270.28  6.42217e-09  1.02591e-11
      1270.60  1.10259e-08  1.37556e-11
      1270.92  1.33366e-08  1.44071e-11
      1271.25  1.48142e-08  1.72808e-11
      1271.57  1.37623e-08  2.47166e-11
      1271.89  8.53888e-09  1.46198e-11
      1272.22  3.99014e-09  9.81056e-12
      1272.54  2.39851e-09  8.03525e-12
      1272.86  2.01812e-09  7.76802e-12
      1273.19  1.93536e-09  8.24309e-12
      1273.51  2.31181e-09  8.62944e-12
      1273.84  3.47277e-09  1.02780e-11
      1274.16  4.53048e-09  1.11181e-11
      1274.49  5.98458e-09  1.13747e-11
      1274.81  1.05574e-08  1.42097e-11
      1275.14  1.44919e-08  1.59246e-11
      1275.46  1.30342e-08  1.47686e-11
      1275.79  8.51392e-09  1.19035e-11
      1276.11  5.52782e-09  9.83406e-12
      1276.44  6.97761e-09  1.14478e-11
      1276.76  1.18232e-08  1.62581e-11
      1277.09  1.27721e-08  1.43790e-11
      1277.42  1.32032e-08  1.41336e-11
      1277.74  8.87087e-09  1.08718e-11
      1278.07  4.02516e-09  7.15508e-12
      1278.40  2.39905e-09  6.19791e-12
      1278.72  1.86961e-09  5.99457e-12
      1279.05  1.84189e-09  6.36456e-12
      1279.38  2.46922e-09  7.08273e-12
      1279.71  3.82157e-09  8.03915e-12
      1280.03  4.95731e-09  8.25161e-12
      1280.36  4.42281e-09  1.39755e-11
      1280.69  4.96208e-09  1.19850e-11
      1281.02  6.45509e-09  1.23001e-11
      1281.34  9.48195e-09  1.49254e-11
      1281.67  1.15892e-08  1.77562e-11
      1282.00  9.03403e-09  1.57323e-11
      1282.33  9.24331e-09  1.52667e-11
      1282.66  1.42530e-08  1.89354e-11
      1282.99  1.82714e-08  2.04245e-11
      1283.32  1.82046e-08  1.92166e-11
      1283.65  1.27368e-08  1.50995e-11
      1283.98  6.66364e-09  1.04862e-11
      1284.31  3.78863e-09  8.14785e-12
      1284.64  2.83847e-09  7.53233e-12
      1284.97  2.78747e-09  7.28997e-12
      1285.30  3.29580e-09  8.24854e-12
      1285.63  2.81498e-09  7.45224e-12
      1285.96  2.55531e-09  6.47242e-12
      1286.29  3.90021e-09  7.35331e-12
      1286.62  5.55714e-09  8.71024e-12
      1286.95  5.12758e-09  8.27489e-12
      1287.28  6.39329e-09  9.41867e-12
      1287.61  1.15912e-08  1.33940e-11
      1287.95  1.40348e-08  2.01648e-11
      1288.28  1.39433e-08  2.49529e-11
      1288.61  1.38554e-08  2.00452e-11
      1288.94  1.37733e-08  1.94784e-11
      1289.27  9.80392e-09  1.52787e-11
      1289.61  7.06412e-09  1.28196e-11
      1289.94  5.67862e-09  1.14703e-11
      1290.27  3.91859e-09  9.52815e-12
      1290.61  3.31916e-09  9.30900e-12
      1290.94  2.61984e-09  8.42830e-12
      1291.27  2.00069e-09  7.31848e-12
      1291.61  2.26927e-09  7.39008e-12
      1291.94  3.52010e-09  8.18826e-12
      1292.27  6.02650e-09  9.46891e-12
      1292.61  8.77201e-09  1.14573e-11
      1292.94  6.42716e-09  9.71226e-12
      1293.28  4.80417e-09  8.66080e-12
      1293.61  6.26379e-09  9.88667e-12
      1293.95  7.92374e-09  1.06576e-11
      1294.28  1.23802e-08  1.35384e-11
      1294.62  1.43696e-08  1.62277e-11
      1294.95  1.07957e-08  1.28509e-11
      1295.29  1.01403e-08  1.24041e-11
      1295.62  8.37393e-09  1.84002e-11
      1295.96  6.85163e-09  1.29994e-11
      1296.29  6.01844e-09  1.24783e-11
      1296.63  6.30341e-09  1.30989e-11
      1296.97  7.86830e-09  1.43667e-11
      1297.30  1.23270e-08  1.75469e-11
      1297.64  1.67065e-08  1.97944e-11
      1297.98  1.41824e-08  1.67693e-11
      1298.31  8.77027e-09  1.24126e-11
      1298.65  4.96173e-09  9.32298e-12
      1298.99  3.75066e-09  8.06639e-12
      1299.33  6.41214e-09  1.01760e-11
      1299.66  1.15155e-08  1.37567e-11
      1300.00  1.32611e-08  1.44674e-11
      1300.34  1.14237e-08  1.26276e-11
      1300.68  7.88600e-09  9.80967e-12
      1301.02  7.98787e-09  9.37095e-12
      1301.35  1.39208e-08  1.29826e-11
      1301.69  1.70199e-08  1.46146e-11
      1302.03  1.58691e-08  1.45035e-11
      1302.37  1.46581e-08  2.58055e-11
      1302.71  1.73217e-08  2.25274e-11
      1303.05  1.88608e-08  2.21938e-11
      1303.39  2.17683e-08  2.29967e-11
      1303.73  2.34621e-08  2.28392e-11
      1304.07  2.15475e-08  2.06541e-11
      1304.41  2.19502e-08  2.05140e-11
      1304.75  2.34023e-08  2.10685e-11
      1305.09  2.43411e-08  2.10134e-11
      1305.43  2.90878e-08  2.28750e-11
      1305.77  3.49020e-08  2.39986e-11
      1306.11  3.55341e-08  2.31242e-11
      1306.46  2.38928e-08  1.80891e-11
      1306.80  1.08401e-08  1.14563e-11
      1307.14  5.43566e-09  8.22574e-12
      1307.48  3.66553e-09  7.29034e-12
      1307.82  2.89819e-09  6.80353e-12
      1308.16  2.88252e-09  6.89290e-12
      1308.51  3.09953e-09  8.78146e-12
      1308.85  2.57283e-09  1.20794e-11
      1309.19  2.15470e-09  9.24106e-12
      1309.53  2.00758e-09  7.73592e-12
      1309.88  1.99600e-09  7.46091e-12
      1310.22  2.13108e-09  7.45835e-12
      1310.56  2.75199e-09  8.28714e-12
      1310.91  4.95121e-09  1.05939e-11
      1311.25  8.93271e-09  1.42469e-11
      1311.60  9.21137e-09  1.39665e-11
      1311.94  5.56929e-09  1.01082e-11
      1312.28  2.91746e-09  7.04516e-12
      1312.63  1.96018e-09  5.91147e-12
      1312.97  1.65792e-09  5.35437e-12
      1313.32  2.15621e-09  5.81445e-12
      1313.66  3.45335e-09  7.50666e-12
      1314.01  3.02985e-09  7.31402e-12
      1314.35  1.83021e-09  6.01275e-12
      1314.70  1.42214e-09  5.22887e-12
      1315.05  1.46404e-09  9.49207e-12
      1315.39  1.61285e-09  7.79402e-12
      1315.74  1.99250e-09  7.57458e-12
      1316.08  2.93652e-09  8.60316e-12
      1316.43  5.94328e-09  1.16308e-11
      1316.78  1.05494e-08  1.60993e-11
      1317.12  8.36174e-09  1.39341e-11
      1317.47  3.90285e-09  9.50697e-12
      1317.82  2.28341e-09  7.16369e-12
      1318.17  2.26855e-09  6.49027e-12
      1318.51  3.72919e-09  7.72059e-12
      1318.86  4.70741e-09  8.60521e-12
      1319.21  3.26338e-09  7.10508e-12
      1319.56  1.97584e-09  6.15069e-12
      1319.91  1.91698e-09  7.03393e-12
      1320.25  1.88984e-09  6.16729e-12
      1320.60  2.17203e-09  8.10803e-12
      1320.95  2.54689e-09  1.12684e-11
      1321.30  3.41090e-09  9.82563e-12
      1321.65  6.90539e-09  1.29757e-11
      1322.00  1.29076e-08  1.79341e-11
      1322.35  1.13731e-08  1.66402e-11
      1322.70  5.63379e-09  1.15168e-11
      1323.05  3.43435e-09  9.46033e-12
      1323.40  3.68697e-09  9.42422e-12
      1323.75  4.40488e-09  9.24504e-12
      1324.10  4.60731e-09  8.93043e-12
      1324.45  3.44721e-09  7.40465e-12
      1324.80  2.39388e-09  6.11281e-12
      