227
      1249.95  8.03514e-09  1.56685e-11
      1250.27  4.03596e-09  1.16374e-11
      1250.58  1.62830e-09  8.58698e-12
      1250.89  1.29502e-09  7.88991e-12
      1251.20  1.56407e-09  8.06208e-12
      1251.52  2.25148e-09  8.21981e-12
      1251.83  3.66503e-09  9.50834e-12
      1252.14  4.56785e-09  1.03246e-11
      1252.46  4.29933e-09  1.03055e-11
      1252.77  3.97176e-09  9.88212e-12
      1253.09  6.71030e-09  1.28490e-11
      1253.40  1.27924e-08  1.75112e-11
      1253.71  1.56533e-08  1.96632e-11
      1254.03  9.29388e-09  1.42683e-11
      1254.34  4.56388e-09  9.73760e-12
      1254.66  5.91465e-09  1.08937e-11
      1254.97  8.85688e-09  1.42130e-11
      1255.29  5.91494e-09  1.13602e-11
      1255.60  2.86870e-09  8.87612e-12
      1255.92  3.19756e-09  9.79563e-12
      1256.23  5.49471e-09  1.23981e-11
      1256.55  8.43955e-09  1.59363e-11
      1256.87  5.84320e-09  1.28570e-11
      1257.18  2.80528e-09  8.86867e-12
      1257.50  2.16355e-09  8.02631e-12
      1257.81  2.46514e-09  8.37655e-12
      1258.13  3.00446e-09  9.52471e-12
      1258.45  2.93352e-09  9.70473e-12
      1258.76  3.08347e-09  9.94156e-12
      1259.08  5.50167e-09  1.29491e-11
      1259.40  1.13111e-08  1.84020e-11
      1259.72  1.50687e-08  2.07934e-11
      1260.03  1.10912e-08  1.67520e-11
      1260.35  8.24635e-09  1.37767e-11
      1260.67  1.04683e-08  1.59236e-11
      1260.99  9.55867e-09  1.50375e-11
      1261.30  7.85206e-09  1.34927e-11
      1261.62  9.65052e-09  1.60057e-11
      1261.94  1.02324e-08  1.62407e-11
      1262.26  1.03474e-08  1.65050e-11
      1262.58  7.50968e-09  1.31289e-11
      1262.90  8.26059e-09  1.25626e-11
      1263.22  1.26999e-08  1.57387e-11
      1263.54  1.00612e-08  1.29991e-11
      1263.86  6.27449e-09  1.03033e-11
      1264.17  4.98069e-09  9.60088e-12
      1264.49  3.62494e-09  8.35170e-12
      1264.81  4.05321e-09  8.74199e-12
      1265.13  8.25590e-09  1.23234e-11
      1265.45  1.26730e-08  1.49190e-11
      1265.77  1.09461e-08  1.32690e-11
      1266.10  5.75326e-09  9.27678e-12
      1266.42  3.03229e-09  6.97593e-12
      1266.74  2.68624e-09  6.92613e-12
      1267.06  3.69541e-09  8.23429e-12
      1267.38  7.90449e-09  1.22754e-11
      1267.70  1.40844e-08  1.73106e-11
      1268.02  1.49089e-08  1.77142e-11
      1268.34  1.45392e-08  1.78410e-11
      1268.67  1.31683e-08  1.61582e-11
      1268.99  1.30566e-08  1.62035e-11
      1269.31  9.79770e-09  1.38346e-11
      1269.63  6.39063e-09  1.14342e-11
      1269.95  5.31916e-09  1.09048e-11
      1270.28  6.70074e-09  1.23322e-11
      1270.60  1.16079e-08  1.72639e-11
      1270.92  1.35515e-08  1.81006e-11
      1271.25  1.48069e-08  1.85250e-11
      1271.57  1.44584e-08  1.77446e-11
      1271.89  8.46042e-09  1.26241e-11
      1272.22  3.71084e-09  8.28940e-12
      1272.54  2.37614e-09  6.99377e-12
      1272.86  2.02195e-09  6.81563e-12
      1273.19  1.95534e-09  6.95235e-12
      1273.51  2.38193e-09  7.44042e-12
      1273.84  3.54583e-09  8.69261e-12
      1274.16  4.57381e-09  9.35803e-12
      1274.49  6.16887e-09  9.67203e-12
      1274.81  1.08432e-08  1.22881e-11
      1275.14  1.46172e-08  1.40978e-11
      1275.46  1.29284e-08  1.33268e-11
      1275.79  8.38352e-09  1.13229e-11
      1276.11  5.54989e-09  1.02578e-11
      1276.44  7.59906e-09  1.17357e-11
      1276.76  1.28445e-08  1.61598e-11
      1277.09  1.29166e-08  1.54255e-11
      1277.42  1.34973e-08  1.63820e-11
      1277.74  8.83408e-09  1.27615e-11
      1278.07  4.04270e-09  8.61652e-12
      1278.40  2.54197e-09  7.39677e-12
      1278.72  2.06857e-09  7.36834e-12
      1279.05  2.07954e-09  7.78391e-12
      1279.38  2.72590e-09  8.85175e-12
      1279.71  4.00586e-09  1.05855e-11
      1280.03  5.11853e-09  1.16219e-11
      1280.36  4.67608e-09  1.02850e-11
      1280.69  4.95758e-09  1.00178e-11
      1281.02  6.54348e-09  1.09712e-11
      1281.34  9.62904e-09  1.33485e-11
      1281.67  1.14439e-08  1.46888e-11
      1282.00  8.92221e-09  1.27464e-11
      1282.33  9.41418e-09  1.31101e-11
      1282.66  1.45609e-08  1.60949e-11
      1282.99  1.85079e-08  1.74865e-11
      1283.32  1.82763e-08  1.65699e-11
      1283.65  1.24352e-08  1.29822e-11
      1283.98  6.40807e-09  9.23248e-12
      1284.31  3.74270e-09  7.57666e-12
      1284.64  2.88994e-09  7.32150e-12
      1284.97  2.91143e-09  7.74222e-12
      1285.30  3.43510e-09  9.05518e-12
      1285.63  2.90924e-09  8.33362e-12
      1285.96  2.75268e-09  7.91118e-12
      1286.29  4.20622e-09  9.38800e-12
      1286.62  5.73632e-09  1.08418e-11
      1286.95  5.31959e-09  1.03624e-11
      1287.28  6.87396e-09  1.17972e-11
      1287.61  1.18902e-08  1.64546e-11
      1287.95  1.40511e-08  1.79816e-11
      1288.28  1.39057e-08  1.79953e-11
      1288.61  1.39343e-08  1.76715e-11
      1288.94  1.35659e-08  1.68146e-11
      1289.27  9.64441e-09  1.30235e-11
      1289.61  7.10779e-09  1.09491e-11
      1289.94  5.56348e-09  9.53413e-12
      1290.27  3.87696e-09  7.84496e-12
      1290.61  3.36925e-09  7.80434e-12
      1290.94  2.60793e-09  7.11422e-12
      1291.27  2.03400e-09  6.47987e-12
      1291.61  2.33547e-09  6.77133e-12
      1291.94  3.67274e-09  7.95919e-12
      1292.27  6.27340e-09  9.75386e-12
      1292.61  9.05191e-09  1.23557e-11
      1292.94  6.22615e-09  1.00918e-11
      1293.28  4.86723e-09  9.75853e-12
      1293.61  6.55046e-09  1.20599e-11
      1293.95  8.37831e-09  1.36043e-11
      1294.28  1.27699e-08  1.78502e-11
      1294.62  1.40524e-08  1.80223e-11
      1294.95  1.16354e-08  1.54840e-11
      1295.29  1.12080e-08  1.51969e-11
      1295.62  9.48750e-09  1.35630e-11
      1295.96  6.90560e-09  1.15791e-11
      1296.29  6.05375e-09  1.10730e-11
      1296.63  6.36000e-09  1.13014e-11
      1296.97  8.06482e-09  1.23621e-11
      1297.30  1.26953e-08  1.49440e-11
      1297.64  1.66453e-08  1.64337e-11
      1297.98  1.38154e-08  1.40452e-11
      1298.31  8.56397e-09  1.07013e-11
      1298.65  4.82105e-09  8.13164e-12
      1298.99  3.85057e-09  7.52703e-12
      1299.33  6.82154e-09  1.05044e-11
      1299.66  1.21176e-08  1.50310e-11
      1300.00  1.33131e-08  1.60399e-11
      1300.34  1.14177e-08  1.52167e-11
      1300.68  7.64226e-09  1.20608e-11
      1301.02  8.31614e-09  1.21879e-11
      1301.35  1.48191e-08  1.69348e-11
      1301.69  1.72455e-08  1.82437e-11
      1302.03  1.67782e-08  1.88066e-11
      1302.37  1.45069e-08  1.70934e-11
      1302.71  1.74857e-08  1.95607e-11
      1303.05  1.88829e-08  1.93075e-11
      1303.39  2.18691e-08  1.98366e-11
      1303.73  2.35790e-08  1.94334e-11
      1304.07  2.15624e-08  1.74308e-11
      1304.41  2.20186e-08  1.72561e-11
      1304.75  2.35120e-08  1.79383e-11
      1305.09  2.48055e-08  1.86965e-11
      1305.43  2.96474e-08  2.11842e-11
      1305.77  3.52022e-08  2.37169e-11
      1306.11  3.45465e-08  2.39421e-11
      1306.46  2.26317e-08  1.91307e-11
      1306.80  1.05786e-08  1.29911e-11
      1307.14  5.44272e-09  9.82386e-12
      1307.48  3.74060e-09  8.89101e-12
      1307.82  3.03953e-09  8.44410e-12
      1308.16  3.11035e-09  9.14120e-12
      1308.51  3.58435e-09  1.00589e-11
      1308.85  2.93619e-09  8.84803e-12
      1309.19  2.18411e-09  7.43567e-12
      1309.53  2.01591e-09  6.79644e-12
      1309.88  1.99218e-09  6.37244e-12
      1310.22  2.14766e-09  6.32919e-12
      1310.56  2.77534e-09  7.02183e-12
      1310.91  5.15805e-09  9.10961e-12
      1311.25  9.38747e-09  1.25903e-11
      1311.60  9.07997e-09  1.23189e-11
      1311.94  5.22361e-09  9.34626e-12
      1312.28  2.80489e-09  7.26723e-12
      1312.63  1.96521e-09  6.38290e-12
      1312.97  1.71596e-09  6.05970e-12
      1313.32  2.32343e-09  7.09498e-12
      1313.66  3.76651e-09  9.64731e-12
      1314.01  3.02133e-09  8.95735e-12
      1314.35  1.79461e-09  7.29381e-12
      1314.70  1.44258e-09  6.74712e-12
      1315.05  1.44970e-09  6.52622e-12
      1315.39  1.62754e-09  6.45406e-12
      1315.74  2.03847e-09  6.73134e-12
      1316.08  3.08958e-09  7.52847e-12
      1316.43  6.28177e-09  1.03007e-11
      1316.78  1.04498e-08  1.35655e-11
      1317.12  8.07127e-09  1.17802e-11
      1317.47  3.75198e-09  8.07913e-12
      1317.82  2.29947e-09  6.55810e-12
      1318.17  2.46174e-09  6.51582e-12
      1318.51  3.94480e-09  8.29658e-12
      1318.86  4.67359e-09  9.31469e-12
      1319.21  3.15716e-09  8.01334e-12
      1319.56  1.94647e-09  7.09584e-12
      1319.91  1.97515e-09  7.65454e-12
      1320.25  1.98563e-09  7.85718e-12
      1320.60  2.00417e-09  7.74724e-12
      1320.95  2.41460e-09  8.01688e-12
      1321.30  3.50267e-09  8.54668e-12
      1321.65  7.36864e-09  1.12816e-11
      1322.00  1.29808e-08  1.52238e-11
      1322.35  1.08012e-08  1.35404e-11
      1322.70  5.44077e-09  9.60041e-12
      1323.05  3.45525e-09  7.94449e-12
      1323.40  3.81483e-09  8.29846e-12
      1323.75  4.50868e-09  8.74476e-12
      1324.10  4.59920e-09  8.93621e-12
      1324.45  3.35334e-09  7.61786e-12
      1324.80  2.46387e-09  7.09803e-12
      