227
      1249.95  8.08557e-09  1.98108e-11
      1250.27  4.00644e-09  1.42657e-11
      1250.58  1.58433e-09  1.00886e-11
      1250.89  1.25067e-09  9.37889e-12
      1251.20  1.53195e-09  9.03856e-12
      1251.52  2.21229e-09  9.45946e-12
      1251.83  3.65033e-09  1.14862e-11
      1252.14  4.54526e-09  1.18550e-11
      1252.46  4.31973e-09  1.17389e-11
      1252.77  4.03296e-09  1.13087e-11
      1253.09  6.73963e-09  1.44210e-11
      1253.40  1.27146e-08  1.97693e-11
      1253.71  1.54410e-08  2.14981e-11
      1254.03  9.42973e-09  1.57776e-11
      1254.34  4.65731e-09  1.04714e-11
      1254.66  5.92739e-09  1.10664e-11
      1254.97  8.87205e-09  1.37612e-11
      1255.29  5.93187e-09  1.11103e-11
      1255.60  2.85970e-09  8.25832e-12
      1255.92  3.12672e-09  8.90710e-12
      1256.23  5.37764e-09  1.09896e-11
      1256.55  8.62288e-09  1.42054e-11
      1256.87  5.84923e-09  1.10892e-11
      1257.18  2.75619e-09  7.68504e-12
      1257.50  2.13014e-09  6.74849e-12
      1257.81  2.41351e-09  7.18705e-12
      1258.13  2.96301e-09  8.22936e-12
      1258.45  2.93100e-09  8.40157e-12
      1258.76  3.09685e-09  8.91812e-12
      1259.08  5.50547e-09  1.16584e-11
      1259.40  1.12189e-08  1.68343e-11
      1259.72  1.49186e-08  1.93345e-11
      1260.03  1.11265e-08  1.59957e-11
      1260.35  8.29602e-09  1.32947e-11
      1260.67  1.04443e-08  1.55307e-11
      1260.99  9.51945e-09  1.52060e-11
      1261.30  7.80553e-09  1.39275e-11
      1261.62  9.68976e-09  1.69587e-11
      1261.94  1.01107e-08  1.76937e-11
      1262.26  1.04948e-08  1.98639e-11
      1262.58  7.39668e-09  1.59586e-11
      1262.90  8.14435e-09  1.54273e-11
      1263.22  1.29955e-08  1.87313e-11
      1263.54  1.01395e-08  1.52494e-11
      1263.86  6.21809e-09  1.18911e-11
      1264.17  4.95059e-09  1.12750e-11
      1264.49  3.64815e-09  9.58500e-12
      1264.81  4.07809e-09  9.96677e-12
      1265.13  8.16509e-09  1.37170e-11
      1265.45  1.24973e-08  1.64851e-11
      1265.77  1.12669e-08  1.45882e-11
      1266.10  6.33203e-09  1.02219e-11
      1266.42  3.19480e-09  7.23498e-12
      1266.74  2.68764e-09  6.81093e-12
      1267.06  3.62569e-09  7.63388e-12
      1267.38  7.78198e-09  1.10656e-11
      1267.70  1.41665e-08  1.57416e-11
      1268.02  1.48582e-08  1.55630e-11
      1268.34  1.46842e-08  1.55959e-11
      1268.67  1.30849e-08  1.39341e-11
      1268.99  1.32195e-08  1.42303e-11
      1269.31  9.84341e-09  1.21170e-11
      1269.63  6.34419e-09  1.00593e-11
      1269.95  5.32130e-09  9.84105e-12
      1270.28  6.66849e-09  1.14505e-11
      1270.60  1.14892e-08  1.63375e-11
      1270.92  1.36280e-08  1.76732e-11
      1271.25  1.47527e-08  1.83720e-11
      1271.57  1.42952e-08  1.80307e-11
      1271.89  8.45066e-09  1.33952e-11
      1272.22  3.76552e-09  9.27328e-12
      1272.54  2.38864e-09  8.57084e-12
      1272.86  2.00890e-09  8.54644e-12
      1273.19  1.93257e-09  8.28787e-12
      1273.51  2.35540e-09  8.61704e-12
      1273.84  3.52322e-09  1.01062e-11
      1274.16  4.54540e-09  1.08353e-11
      1274.49  6.06424e-09  1.11493e-11
      1274.81  1.08215e-08  1.40014e-11
      1275.14  1.47346e-08  1.59429e-11
      1275.46  1.30367e-08  1.45160e-11
      1275.79  8.39453e-09  1.16485e-11
      1276.11  5.44299e-09  9.47650e-12
      1276.44  7.42667e-09  1.10706e-11
      1276.76  1.28709e-08  1.51483e-11
      1277.09  1.29717e-08  1.40362e-11
      1277.42  1.33318e-08  1.42991e-11
      1277.74  8.96705e-09  1.16771e-11
      1278.07  4.10913e-09  7.52925e-12
      1278.40  2.55761e-09  6.47709e-12
      1278.72  2.06754e-09  6.34622e-12
      1279.05  2.07436e-09  6.90646e-12
      1279.38  2.70535e-09  8.27008e-12
      1279.71  3.98629e-09  1.00131e-11
      1280.03  5.09207e-09  1.12276e-11
      1280.36  4.66196e-09  1.01742e-11
      1280.69  4.92952e-09  1.03786e-11
      1281.02  6.45065e-09  1.21830e-11
      1281.34  9.59977e-09  1.60398e-11
      1281.67  1.14914e-08  1.82140e-11
      1282.00  8.74938e-09  1.50911e-11
      1282.33  9.28284e-09  1.51645e-11
      1282.66  1.45372e-08  1.87352e-11
      1282.99  1.85133e-08  2.01200e-11
      1283.32  1.84383e-08  1.90708e-11
      1283.65  1.25181e-08  1.45781e-11
      1283.98  6.36373e-09  9.90006e-12
      1284.31  3.70639e-09  7.75159e-12
      1284.64  2.88331e-09  7.23227e-12
      1284.97  2.89929e-09  7.29730e-12
      1285.30  3.36652e-09  8.14163e-12
      1285.63  2.91549e-09  7.54447e-12
      1285.96  2.77176e-09  6.99758e-12
      1286.29  4.16891e-09  8.13896e-12
      1286.62  5.67915e-09  9.49477e-12
      1286.95  5.35227e-09  9.31180e-12
      1287.28  6.93275e-09  1.17440e-11
      1287.61  1.18817e-08  1.55428e-11
      1287.95  1.40551e-08  1.76369e-11
      1288.28  1.39290e-08  1.82598e-11
      1288.61  1.39610e-08  1.86054e-11
      1288.94  1.37504e-08  1.91606e-11
      1289.27  9.66157e-09  1.61149e-11
      1289.61  7.11779e-09  1.34797e-11
      1289.94  5.59201e-09  1.14047e-11
      1290.27  3.85358e-09  9.35445e-12
      1290.61  3.38551e-09  9.30032e-12
      1290.94  2.59370e-09  8.38603e-12
      1291.27  2.00759e-09  7.32921e-12
      1291.61  2.31098e-09  7.24738e-12
      1291.94  3.64896e-09  8.14524e-12
      1292.27  6.17816e-09  9.56822e-12
      1292.61  8.99113e-09  1.14843e-11
      1292.94  6.35929e-09  9.13723e-12
      1293.28  4.85611e-09  8.23051e-12
      1293.61  6.48967e-09  1.03583e-11
      1293.95  8.42758e-09  1.17169e-11
      1294.28  1.26044e-08  1.51725e-11
      1294.62  1.39844e-08  1.61567e-11
      1294.95  1.17348e-08  1.44145e-11
      1295.29  1.11309e-08  1.44499e-11
      1295.62  9.46269e-09  1.36493e-11
      1295.96  6.92824e-09  1.20984e-11
      1296.29  6.01913e-09  1.28090e-11
      1296.63  6.30047e-09  1.38996e-11
      1296.97  8.07309e-09  1.53063e-11
      1297.30  1.27086e-08  1.74648e-11
      1297.64  1.66689e-08  1.90246e-11
      1297.98  1.37946e-08  1.62447e-11
      1298.31  8.58509e-09  1.21057e-11
      1298.65  4.80144e-09  8.75531e-12
      1298.99  3.75534e-09  7.75868e-12
      1299.33  6.65778e-09  1.01020e-11
      1299.66  1.21829e-08  1.40709e-11
      1300.00  1.33380e-08  1.43063e-11
      1300.34  1.14882e-08  1.32730e-11
      1300.68  7.60852e-09  1.03412e-11
      1301.02  8.09454e-09  1.04403e-11
      1301.35  1.48393e-08  1.54600e-11
      1301.69  1.73093e-08  1.69249e-11
      1302.03  1.67315e-08  1.78516e-11
      1302.37  1.46507e-08  1.72677e-11
      1302.71  1.72816e-08  2.03006e-11
      1303.05  1.90061e-08  2.22932e-11
      1303.39  2.17595e-08  2.45925e-11
      1303.73  2.34726e-08  2.32821e-11
      1304.07  2.16614e-08  2.05793e-11
      1304.41  2.20012e-08  2.04843e-11
      1304.75  2.34357e-08  2.09031e-11
      1305.09  2.47861e-08  2.09217e-11
      1305.43  2.95663e-08  2.26234e-11
      1305.77  3.51206e-08  2.40882e-11
      1306.11  3.45177e-08  2.29194e-11
      1306.46  2.27965e-08  1.75161e-11
      1306.80  1.07297e-08  1.15798e-11
      1307.14  5.49241e-09  8.57711e-12
      1307.48  3.73780e-09  7.59283e-12
      1307.82  3.01134e-09  7.42271e-12
      1308.16  3.07007e-09  8.08693e-12
      1308.51  3.58948e-09  9.45218e-12
      1308.85  2.92272e-09  8.66439e-12
      1309.19  2.17880e-09  7.69393e-12
      1309.53  1.99730e-09  7.75138e-12
      1309.88  1.97517e-09  7.67047e-12
      1310.22  2.13117e-09  7.46339e-12
      1310.56  2.73422e-09  8.01397e-12
      1310.91  5.00319e-09  1.02464e-11
      1311.25  9.43885e-09  1.44130e-11
      1311.60  9.18698e-09  1.36583e-11
      1311.94  5.22096e-09  9.61687e-12
      1312.28  2.76685e-09  6.91366e-12
      1312.63  1.95880e-09  5.74483e-12
      1312.97  1.72498e-09  5.55425e-12
      1313.32  2.30567e-09  6.12698e-12
      1313.66  3.68132e-09  8.31931e-12
      1314.01  3.03731e-09  7.85941e-12
      1314.35  1.79371e-09  6.87043e-12
      1314.70  1.42797e-09  6.47322e-12
      1315.05  1.43553e-09  6.44603e-12
      1315.39  1.60321e-09  7.02111e-12
      1315.74  2.01875e-09  8.11240e-12
      1316.08  3.12003e-09  9.48812e-12
      1316.43  6.40922e-09  1.25646e-11
      1316.78  1.02996e-08  1.60403e-11
      1317.12  8.09702e-09  1.37399e-11
      1317.47  3.83018e-09  9.18388e-12
      1317.82  2.30544e-09  6.96650e-12
      1318.17  2.44442e-09  6.46035e-12
      1318.51  3.92268e-09  7.76255e-12
      1318.86  4.65114e-09  8.35309e-12
      1319.21  3.15170e-09  6.97672e-12
      1319.56  1.95164e-09  6.20730e-12
      1319.91  1.97504e-09  6.89558e-12
      1320.25  1.96691e-09  1.12218e-11
      1320.60  1.97454e-09  8.47552e-12
      1320.95  2.38291e-09  7.79241e-12
      1321.30  3.39934e-09  9.37613e-12
      1321.65  7.26218e-09  1.36049e-11
      1322.00  1.30532e-08  1.90215e-11
      1322.35  1.06453e-08  1.60687e-11
      1322.70  5.38340e-09  1.10755e-11
      1323.05  3.42462e-09  8.86515e-12
      1323.40  3.80811e-09  9.25677e-12
      1323.75  4.48187e-09  9.14811e-12
      1324.10  4.64080e-09  8.77965e-12
      1324.45  3.33578e-09  7.01498e-12
      1324.80  2.42991e-09  6.23049e-12
      