227
      1249.95  8.06119e-09  1.45648e-11
      1250.27  4.05840e-09  1.25214e-11
      1250.58  1.59364e-09  1.22389e-11
      1250.89  1.26608e-09  8.11843e-12
      1251.20  1.52732e-09  8.20796e-12
      1251.52  2.23586e-09  8.53526e-12
      1251.83  3.64133e-09  1.04078e-11
      1252.14  4.53547e-09  1.15769e-11
      1252.46  4.26547e-09  1.15376e-11
      1252.77  3.94695e-09  1.14929e-11
      1253.09  6.68402e-09  1.49301e-11
      1253.40  1.27894e-08  2.06438e-11
      1253.71  1.57865e-08  2.34396e-11
      1254.03  9.32886e-09  1.70800e-11
      1254.34  4.53564e-09  1.15841e-11
      1254.66  5.84221e-09  1.27219e-11
      1254.97  8.86395e-09  1.61685e-11
      1255.29  5.98550e-09  1.33568e-11
      1255.60  2.84578e-09  9.74005e-12
      1255.92  3.15873e-09  1.07878e-11
      1256.23  5.49417e-09  1.35160e-11
      1256.55  8.42556e-09  1.70987e-11
      1256.87  5.88993e-09  1.33462e-11
      1257.18  2.81875e-09  8.91937e-12
      1257.50  2.14861e-09  8.01903e-12
      1257.81  2.43389e-09  8.28343e-12
      1258.13  2.97439e-09  9.08554e-12
      1258.45  2.91996e-09  9.06369e-12
      1258.76  3.04061e-09  9.17955e-12
      1259.08  5.40232e-09  1.16927e-11
      1259.40  1.12669e-08  1.61635e-11
      1259.72  1.51653e-08  1.81183e-11
      1260.03  1.10842e-08  1.43375e-11
      1260.35  8.13658e-09  1.14855e-11
      1260.67  1.04558e-08  1.32219e-11
      1260.99  9.57328e-09  1.24601e-11
      1261.30  7.82748e-09  1.12766e-11
      1261.62  9.64492e-09  1.33875e-11
      1261.94  1.02392e-08  1.37357e-11
      1262.26  1.02836e-08  1.43041e-11
      1262.58  7.57431e-09  1.16601e-11
      1262.90  8.29148e-09  1.18320e-11
      1263.22  1.25950e-08  1.50294e-11
      1263.54  1.00824e-08  1.32002e-11
      1263.86  6.31387e-09  1.07658e-11
      1264.17  4.96375e-09  1.05501e-11
      1264.49  3.58768e-09  9.41594e-12
      1264.81  4.00210e-09  9.97886e-12
      1265.13  8.22589e-09  1.40992e-11
      1265.45  1.27277e-08  1.74732e-11
      1265.77  1.15504e-08  1.59460e-11
      1266.10  7.63279e-09  1.26927e-11
      1266.42  4.76111e-09  1.02663e-11
      1266.74  3.08936e-09  8.29973e-12
      1267.06  3.68912e-09  9.19952e-12
      1267.38  7.81621e-09  1.33182e-11
      1267.70  1.40254e-08  1.87063e-11
      1268.02  1.49416e-08  1.86850e-11
      1268.34  1.45181e-08  1.81115e-11
      1268.67  1.31876e-08  1.63756e-11
      1268.99  1.29977e-08  1.60359e-11
      1269.31  9.84691e-09  1.31553e-11
      1269.63  6.40579e-09  1.05057e-11
      1269.95  5.28678e-09  9.67593e-12
      1270.28  6.66080e-09  1.05528e-11
      1270.60  1.15282e-08  1.45740e-11
      1270.92  1.35318e-08  1.51593e-11
      1271.25  1.47873e-08  1.53555e-11
      1271.57  1.45103e-08  1.48136e-11
      1271.89  8.27618e-09  1.04696e-11
      1272.22  3.63038e-09  7.03348e-12
      1272.54  2.36447e-09  6.20108e-12
      1272.86  2.00919e-09  6.08707e-12
      1273.19  1.94331e-09  6.47805e-12
      1273.51  2.36791e-09  7.43173e-12
      1273.84  3.52495e-09  9.20152e-12
      1274.16  4.56334e-09  1.04458e-11
      1274.49  6.14904e-09  1.10548e-11
      1274.81  1.08319e-08  1.45559e-11
      1275.14  1.46060e-08  1.66735e-11
      1275.46  1.29407e-08  1.58035e-11
      1275.79  8.42143e-09  1.33164e-11
      1276.11  5.56500e-09  1.12878e-11
      1276.44  7.57052e-09  1.33289e-11
      1276.76  1.27246e-08  1.81221e-11
      1277.09  1.29193e-08  1.68841e-11
      1277.42  1.35565e-08  1.72591e-11
      1277.74  8.96572e-09  1.30971e-11
      1278.07  4.11110e-09  8.84471e-12
      1278.40  2.67973e-09  8.47063e-12
      1278.72  2.01609e-09  7.46919e-12
      1279.05  2.06438e-09  7.17964e-12
      1279.38  2.70442e-09  7.73287e-12
      1279.71  3.97758e-09  8.96255e-12
      1280.03  5.14497e-09  9.75200e-12
      1280.36  4.64795e-09  8.40819e-12
      1280.69  4.92210e-09  8.30848e-12
      1281.02  6.52580e-09  9.33100e-12
      1281.34  9.61884e-09  1.17626e-11
      1281.67  1.14562e-08  1.35695e-11
      1282.00  8.99358e-09  1.24129e-11
      1282.33  9.43804e-09  1.34867e-11
      1282.66  1.45089e-08  1.75843e-11
      1282.99  1.84084e-08  1.96570e-11
      1283.32  1.81686e-08  1.92795e-11
      1283.65  1.24320e-08  1.53717e-11
      1283.98  6.46812e-09  1.09084e-11
      1284.31  3.76801e-09  8.79892e-12
      1284.64  2.89078e-09  8.35028e-12
      1284.97  2.89315e-09  8.61422e-12
      1285.30  3.41773e-09  9.79723e-12
      1285.63  2.89903e-09  9.03221e-12
      1285.96  2.73140e-09  8.31746e-12
      1286.29  4.15879e-09  9.26740e-12
      1286.62  5.75547e-09  1.03899e-11
      1286.95  5.30248e-09  9.40972e-12
      1287.28  6.80769e-09  1.02768e-11
      1287.61  1.19318e-08  1.41049e-11
      1287.95  1.41110e-08  1.52232e-11
      1288.28  1.39325e-08  1.50549e-11
      1288.61  1.39348e-08  1.47890e-11
      1288.94  1.36067e-08  1.44988e-11
      1289.27  9.68499e-09  1.17038e-11
      1289.61  7.05670e-09  1.01933e-11
      1289.94  5.56865e-09  9.45121e-12
      1290.27  3.88967e-09  8.43003e-12
      1290.61  3.33559e-09  8.58722e-12
      1290.94  2.59215e-09  8.28944e-12
      1291.27  2.02478e-09  7.53966e-12
      1291.61  2.34086e-09  7.89565e-12
      1291.94  3.67983e-09  9.25654e-12
      1292.27  6.25232e-09  1.12356e-11
      1292.61  9.02995e-09  1.39234e-11
      1292.94  6.26241e-09  1.10019e-11
      1293.28  4.87189e-09  9.91009e-12
      1293.61  6.49286e-09  1.20949e-11
      1293.95  8.26276e-09  1.30440e-11
      1294.28  1.27677e-08  1.61857e-11
      1294.62  1.41149e-08  1.61657e-11
      1294.95  1.16079e-08  1.33834e-11
      1295.29  1.12300e-08  1.26802e-11
      1295.62  9.49426e-09  1.12781e-11
      1295.96  6.88768e-09  9.89429e-12
      1296.29  6.02521e-09  9.53379e-12
      1296.63  6.32785e-09  1.02130e-11
      1296.97  8.03344e-09  1.18447e-11
      1297.30  1.26573e-08  1.50949e-11
      1297.64  1.66301e-08  1.77032e-11
      1297.98  1.38033e-08  1.59178e-11
      1298.31  8.50927e-09  1.23521e-11
      1298.65  4.83816e-09  9.51187e-12
      1298.99  3.83944e-09  8.79579e-12
      1299.33  6.78983e-09  1.20362e-11
      1299.66  1.19896e-08  1.65974e-11
      1300.00  1.33214e-08  1.72118e-11
      1300.34  1.14210e-08  1.56632e-11
      1300.68  7.71812e-09  1.20404e-11
      1301.02  8.30177e-09  1.14510e-11
      1301.35  1.47143e-08  1.55063e-11
      1301.69  1.72565e-08  1.59366e-11
      1302.03  1.67603e-08  1.58486e-11
      1302.37  1.45225e-08  1.42919e-11
      1302.71  1.74534e-08  1.63651e-11
      1303.05  1.88205e-08  1.65991e-11
      1303.39  2.19418e-08  1.79758e-11
      1303.73  2.36254e-08  1.88612e-11
      1304.07  2.15161e-08  1.79040e-11
      1304.41  2.20349e-08  1.90348e-11
      1304.75  2.35750e-08  2.08609e-11
      1305.09  2.47448e-08  2.18250e-11
      1305.43  2.95721e-08  2.49558e-11
      1305.77  3.51965e-08  2.77410e-11
      1306.11  3.46677e-08  2.71621e-11
      1306.46  2.28174e-08  2.10858e-11
      1306.80  1.06409e-08  1.38131e-11
      1307.14  5.47397e-09  1.00121e-11
      1307.48  3.73337e-09  8.55336e-12
      1307.82  3.01043e-09  7.74099e-12
      1308.16  3.07316e-09  7.80227e-12
      1308.51  3.54778e-09  8.27085e-12
      1308.85  2.93068e-09  7.26920e-12
      1309.19  2.17027e-09  6.16247e-12
      1309.53  1.99774e-09  5.80046e-12
      1309.88  1.98512e-09  5.82444e-12
      1310.22  2.14910e-09  6.35331e-12
      1310.56  2.79837e-09  7.32050e-12
      1310.91  5.15779e-09  1.01937e-11
      1311.25  9.25536e-09  1.44202e-11
      1311.60  9.02815e-09  1.43726e-11
      1311.94  5.27114e-09  1.09215e-11
      1312.28  2.82763e-09  8.10742e-12
      1312.63  1.97715e-09  6.79305e-12
      1312.97  1.71813e-09  6.25144e-12
      1313.32  2.30190e-09  7.10950e-12
      1313.66  3.74474e-09  9.36231e-12
      1314.01  3.01512e-09  8.16221e-12
      1314.35  1.78359e-09  6.42323e-12
      1314.70  1.43361e-09  5.72747e-12
      1315.05  1.43849e-09  5.31254e-12
      1315.39  1.60849e-09  5.47057e-12
      1315.74  2.02184e-09  6.53338e-12
      1316.08  3.08090e-09  7.07607e-12
      1316.43  6.22451e-09  1.02386e-11
      1316.78  1.05817e-08  1.48338e-11
      1317.12  8.06876e-09  1.33835e-11
      1317.47  3.68175e-09  9.29111e-12
      1317.82  2.27740e-09  7.57901e-12
      1318.17  2.42092e-09  7.49825e-12
      1318.51  3.92394e-09  9.29203e-12
      1318.86  4.70219e-09  1.00850e-11
      1319.21  3.19093e-09  8.38493e-12
      1319.56  1.93828e-09  6.96111e-12
      1319.91  1.95833e-09  7.15395e-12
      1320.25  1.97471e-09  6.96080e-12
      1320.60  1.97847e-09  6.59721e-12
      1320.95  2.38341e-09  6.48775e-12
      1321.30  3.49679e-09  7.12990e-12
      1321.65  7.32534e-09  9.89820e-12
      1322.00  1.29158e-08  1.42984e-11
      1322.35  1.08417e-08  1.38049e-11
      1322.70  5.44099e-09  1.03824e-11
      1323.05  3.45736e-09  9.15875e-12
      1323.40  3.79432e-09  9.76369e-12
      1323.75  4.48833e-09  1.02978e-11
      1324.10  4.57360e-09  1.01396e-11
      1324.45  3.36285e-09  8.56331e-12
      1324.80  2.43534e-09  7.35725e-12
      