227
      1249.95  7.66745e-09  1.69594e-11
      1250.27  3.67615e-09  1.28333e-11
      1250.58  1.21456e-09  9.23109e-12
      1250.89  8.98707e-10  8.53124e-12
      1251.20  1.17244e-09  8.48061e-12
      1251.52  1.82198e-09  9.08379e-12
      1251.83  3.12991e-09  1.11619e-11
      1252.14  4.04371e-09  1.27370e-11
      1252.46  3.89347e-09  1.25028e-11
      1252.77  3.64547e-09  1.23643e-11
      1253.09  6.21654e-09  1.53085e-11
      1253.40  1.21574e-08  2.05877e-11
      1253.71  1.51888e-08  2.25356e-11
      1254.03  9.04416e-09  1.60990e-11
      1254.34  4.18376e-09  1.09393e-11
      1254.66  5.23467e-09  1.17828e-11
      1254.97  8.86540e-09  1.60199e-11
      1255.29  5.65102e-09  1.26409e-11
      1255.60  2.36971e-09  9.16069e-12
      1255.92  2.77319e-09  1.00556e-11
      1256.23  4.85917e-09  1.20941e-11
      1256.55  8.01818e-09  1.53342e-11
      1256.87  5.69913e-09  1.17186e-11
      1257.18  2.47682e-09  7.90860e-12
      1257.50  1.80773e-09  7.11787e-12
      1257.81  2.07429e-09  7.36361e-12
      1258.13  2.57518e-09  8.23785e-12
      1258.45  2.56568e-09  8.34785e-12
      1258.76  2.71469e-09  8.53813e-12
      1259.08  5.00783e-09  1.06130e-11
      1259.40  1.05829e-08  1.44397e-11
      1259.72  1.43524e-08  1.63865e-11
      1260.03  1.05595e-08  1.35047e-11
      1260.35  7.64286e-09  1.11916e-11
      1260.67  1.00310e-08  1.37459e-11
      1260.99  9.04079e-09  1.34217e-11
      1261.30  7.07240e-09  1.21821e-11
      1261.62  9.28846e-09  1.51483e-11
      1261.94  9.48936e-09  1.49456e-11
      1262.26  9.94569e-09  1.58047e-11
      1262.58  7.05651e-09  1.25258e-11
      1262.90  7.41826e-09  1.26292e-11
      1263.22  1.18718e-08  1.66556e-11
      1263.54  9.70754e-09  1.50716e-11
      1263.86  5.85861e-09  1.25355e-11
      1264.17  4.50232e-09  1.19426e-11
      1264.49  3.28887e-09  1.03938e-11
      1264.81  3.73344e-09  1.02431e-11
      1265.13  7.69501e-09  1.37680e-11
      1265.45  1.19767e-08  1.65046e-11
      1265.77  1.05975e-08  1.48278e-11
      1266.10  5.60142e-09  1.04995e-11
      1266.42  2.77526e-09  7.98309e-12
      1266.74  2.33664e-09  7.77984e-12
      1267.06  3.20571e-09  8.75853e-12
      1267.38  7.20944e-09  1.22700e-11
      1267.70  1.38112e-08  1.72190e-11
      1268.02  1.43264e-08  1.60103e-11
      1268.34  1.42493e-08  1.54118e-11
      1268.67  1.24828e-08  1.32537e-11
      1268.99  1.27544e-08  1.35523e-11
      1269.31  9.50731e-09  1.15815e-11
      1269.63  5.95883e-09  9.60802e-12
      1269.95  4.96975e-09  9.32171e-12
      1270.28  6.24884e-09  1.04715e-11
      1270.60  1.07732e-08  1.42465e-11
      1270.92  1.29942e-08  1.50933e-11
      1271.25  1.40964e-08  1.53851e-11
      1271.57  1.36511e-08  1.52313e-11
      1271.89  8.07145e-09  1.15562e-11
      1272.22  3.43555e-09  8.15748e-12
      1272.54  2.06287e-09  7.30408e-12
      1272.86  1.67761e-09  7.33571e-12
      1273.19  1.61270e-09  7.65743e-12
      1273.51  2.00153e-09  8.41108e-12
      1273.84  3.11462e-09  9.94648e-12
      1274.16  4.13449e-09  1.06077e-11
      1274.49  5.66641e-09  1.07404e-11
      1274.81  1.03108e-08  1.39604e-11
      1275.14  1.42826e-08  1.67007e-11
      1275.46  1.26900e-08  1.59200e-11
      1275.79  8.12123e-09  1.30028e-11
      1276.11  5.13564e-09  1.08189e-11
      1276.44  6.90142e-09  1.18542e-11
      1276.76  1.25067e-08  1.60473e-11
      1277.09  1.25154e-08  1.44707e-11
      1277.42  1.29647e-08  1.42507e-11
      1277.74  8.72775e-09  1.11325e-11
      1278.07  3.81918e-09  7.50341e-12
      1278.40  2.25635e-09  6.52113e-12
      1278.72  1.77147e-09  6.23964e-12
      1279.05  1.76131e-09  6.49567e-12
      1279.38  2.36614e-09  7.29232e-12
      1279.71  3.60737e-09  8.47546e-12
      1280.03  4.70712e-09  9.36355e-12
      1280.36  4.30258e-09  8.69681e-12
      1280.69  4.51126e-09  9.20368e-12
      1281.02  6.01040e-09  1.06507e-11
      1281.34  8.97721e-09  1.37787e-11
      1281.67  1.08698e-08  1.69702e-11
      1282.00  8.35998e-09  1.51692e-11
      1282.33  8.73982e-09  1.50358e-11
      1282.66  1.37186e-08  1.86206e-11
      1282.99  1.79261e-08  1.95875e-11
      1283.32  1.79848e-08  1.85405e-11
      1283.65  1.23514e-08  1.49667e-11
      1283.98  6.25723e-09  1.07217e-11
      1284.31  3.51863e-09  8.76301e-12
      1284.64  2.61310e-09  8.11218e-12
      1284.97  2.58485e-09  7.99593e-12
      1285.30  3.11332e-09  8.63344e-12
      1285.63  2.62786e-09  7.57685e-12
      1285.96  2.42241e-09  6.67394e-12
      1286.29  3.78107e-09  7.64630e-12
      1286.62  5.38569e-09  8.95396e-12
      1286.95  4.99802e-09  8.55993e-12
      1287.28  6.28957e-09  9.89923e-12
      1287.61  1.12262e-08  1.43703e-11
      1287.95  1.34810e-08  1.58908e-11
      1288.28  1.32992e-08  1.60321e-11
      1288.61  1.32555e-08  1.59630e-11
      1288.94  1.30130e-08  1.58114e-11
      1289.27  9.33529e-09  1.32145e-11
      1289.61  6.66863e-09  1.18196e-11
      1289.94  5.25260e-09  1.13412e-11
      1290.27  3.58767e-09  9.96368e-12
      1290.61  3.02264e-09  1.02875e-11
      1290.94  2.34744e-09  8.91608e-12
      1291.27  1.79698e-09  7.69604e-12
      1291.61  2.06936e-09  7.52831e-12
      1291.94  3.33591e-09  8.33616e-12
      1292.27  5.80396e-09  9.86690e-12
      1292.61  8.56966e-09  1.21979e-11
      1292.94  6.13790e-09  1.00618e-11
      1293.28  4.60179e-09  8.89876e-12
      1293.61  6.09694e-09  1.03600e-11
      1293.95  7.74320e-09  1.10458e-11
      1294.28  1.21347e-08  1.39162e-11
      1294.62  1.37162e-08  1.42859e-11
      1294.95  1.10912e-08  1.23683e-11
      1295.29  1.07740e-08  1.29752e-11
      1295.62  9.16548e-09  1.23274e-11
      1295.96  6.51895e-09  1.10924e-11
      1296.29  5.63248e-09  1.13327e-11
      1296.63  5.89593e-09  1.20853e-11
      1296.97  7.38778e-09  1.34279e-11
      1297.30  1.16688e-08  1.65646e-11
      1297.64  1.58900e-08  1.93703e-11
      1297.98  1.34405e-08  1.66993e-11
      1298.31  8.45429e-09  1.25209e-11
      1298.65  4.75223e-09  9.67244e-12
      1298.99  3.55859e-09  8.48142e-12
      1299.33  6.23232e-09  1.08311e-11
      1299.66  1.13220e-08  1.43671e-11
      1300.00  1.29692e-08  1.45852e-11
      1300.34  1.11275e-08  1.29629e-11
      1300.68  7.65360e-09  1.01299e-11
      1301.02  7.83415e-09  9.84836e-12
      1301.35  1.36814e-08  1.36706e-11
      1301.69  1.66168e-08  1.56084e-11
      1302.03  1.61093e-08  1.65306e-11
      1302.37  1.42219e-08  1.58508e-11
      1302.71  1.65289e-08  1.81759e-11
      1303.05  1.80669e-08  1.87065e-11
      1303.39  2.08425e-08  2.01656e-11
      1303.73  2.25728e-08  2.12045e-11
      1304.07  2.07502e-08  2.05994e-11
      1304.41  2.10260e-08  2.17246e-11
      1304.75  2.26079e-08  2.26668e-11
      1305.09  2.39460e-08  2.19413e-11
      1305.43  2.86852e-08  2.37350e-11
      1305.77  3.45137e-08  2.48629e-11
      1306.11  3.52452e-08  2.40261e-11
      1306.46  2.32421e-08  1.82342e-11
      1306.80  1.04914e-08  1.16727e-11
      1307.14  5.22150e-09  8.54570e-12
      1307.48  3.52483e-09  7.48076e-12
      1307.82  2.77858e-09  7.09687e-12
      1308.16  2.75919e-09  7.48108e-12
      1308.51  3.33064e-09  8.38908e-12
      1308.85  2.77276e-09  7.75287e-12
      1309.19  1.94821e-09  6.74406e-12
      1309.53  1.77675e-09  6.67602e-12
      1309.88  1.75229e-09  6.90289e-12
      1310.22  1.88628e-09  7.29817e-12
      1310.56  2.47192e-09  8.59903e-12
      1310.91  4.55357e-09  1.14067e-11
      1311.25  8.66620e-09  1.47770e-11
      1311.60  9.00635e-09  1.39109e-11
      1311.94  5.38101e-09  1.02039e-11
      1312.28  2.73258e-09  7.11178e-12
      1312.63  1.81613e-09  5.94831e-12
      1312.97  1.55675e-09  5.59574e-12
      1313.32  2.08377e-09  6.29217e-12
      1313.66  3.30847e-09  7.92412e-12
      1314.01  2.90735e-09  7.69752e-12
      1314.35  1.68964e-09  6.23171e-12
      1314.70  1.25795e-09  5.80561e-12
      1315.05  1.24091e-09  5.68540e-12
      1315.39  1.39660e-09  6.08831e-12
      1315.74  1.77239e-09  6.78890e-12
      1316.08  2.70728e-09  8.48527e-12
      1316.43  5.62330e-09  1.19571e-11
      1316.78  9.71865e-09  1.67360e-11
      1317.12  7.92039e-09  1.53614e-11
      1317.47  3.70730e-09  1.03499e-11
      1317.82  2.15009e-09  7.28871e-12
      1318.17  2.16066e-09  6.56526e-12
      1318.51  3.61332e-09  8.05676e-12
      1318.86  4.53984e-09  8.83453e-12
      1319.21  3.08130e-09  7.43572e-12
      1319.56  1.77362e-09  6.04383e-12
      1319.91  1.77943e-09  6.54011e-12
      1320.25  1.78241e-09  6.62337e-12
      1320.60  1.75990e-09  6.51141e-12
      1320.95  2.11795e-09  6.82889e-12
      1321.30  2.99552e-09  7.78553e-12
      1321.65  6.21994e-09  1.09742e-11
      1322.00  1.26424e-08  1.71907e-11
      1322.35  1.09507e-08  1.64410e-11
      1322.70  5.25456e-09  1.19676e-11
      1323.05  3.14654e-09  1.00349e-11
      1323.40  3.56436e-09  9.71021e-12
      1323.75  4.24665e-09  9.10912e-12
      1324.10  4.51370e-09  8.89449e-12
      1324.45  3.27179e-09  7.30152e-12
      1324.80  2.25929e-09  6.51997e-12
      