227
      1249.95  8.04515e-09  1.19781e-11
      1250.27  4.03372e-09  8.84024e-12
      1250.58  1.61641e-09  6.48117e-12
      1250.89  1.27537e-09  6.04295e-12
      1251.20  1.54683e-09  6.10589e-12
      1251.52  2.22154e-09  6.18802e-12
      1251.83  3.64065e-09  7.31932e-12
      1252.14  4.54162e-09  8.05678e-12
      1252.46  4.28935e-09  8.76458e-12
      1252.77  3.97320e-09  7.96368e-12
      1253.09  6.68843e-09  1.02235e-11
      1253.40  1.27287e-08  1.40828e-11
      1253.71  1.55565e-08  1.56446e-11
      1254.03  9.34174e-09  1.15704e-11
      1254.34  4.58624e-09  7.96911e-12
      1254.66  5.89254e-09  8.92900e-12
      1254.97  8.87315e-09  1.12601e-11
      1255.29  5.92981e-09  9.29688e-12
      1255.60  2.86131e-09  7.02671e-12
      1255.92  3.16160e-09  7.91282e-12
      1256.23  5.42174e-09  1.00759e-11
      1256.55  8.51186e-09  1.29524e-11
      1256.87  5.83548e-09  1.02049e-11
      1257.18  2.77460e-09  7.17447e-12
      1257.50  2.14923e-09  6.30205e-12
      1257.81  2.44975e-09  6.69408e-12
      1258.13  2.97606e-09  7.54847e-12
      1258.45  2.91386e-09  7.63378e-12
      1258.76  3.08979e-09  7.87104e-12
      1259.08  5.51868e-09  1.00804e-11
      1259.40  1.12718e-08  1.42181e-11
      1259.72  1.50143e-08  1.60775e-11
      1260.03  1.10677e-08  1.28876e-11
      1260.35  8.21315e-09  1.05637e-11
      1260.67  1.05328e-08  1.20172e-11
      1260.99  9.53839e-09  1.14227e-11
      1261.30  7.73115e-09  1.03363e-11
      1261.62  9.53441e-09  1.31243e-11
      1261.94  1.00513e-08  1.27792e-11
      1262.26  1.04305e-08  1.25413e-11
      1262.58  7.44332e-09  9.78418e-12
      1262.90  8.11991e-09  9.37763e-12
      1263.22  1.27200e-08  1.18925e-11
      1263.54  1.01074e-08  9.94366e-12
      1263.86  6.25343e-09  7.91267e-12
      1264.17  4.94235e-09  7.38201e-12
      1264.49  3.64943e-09  6.52712e-12
      1264.81  4.11093e-09  6.91816e-12
      1265.13  8.23463e-09  9.71470e-12
      1265.45  1.25024e-08  1.18153e-11
      1265.77  1.08877e-08  1.06133e-11
      1266.10  5.80863e-09  7.54978e-12
      1266.42  3.06266e-09  5.73271e-12
      1266.74  2.66947e-09  5.71689e-12
      1267.06  3.58455e-09  6.79736e-12
      1267.38  7.36265e-09  1.10365e-11
      1267.70  1.41215e-08  1.72813e-11
      1268.02  1.47280e-08  1.48874e-11
      1268.34  1.46396e-08  1.44442e-11
      1268.67  1.30573e-08  1.29672e-11
      1268.99  1.31353e-08  1.30993e-11
      1269.31  9.80034e-09  1.10187e-11
      1269.63  6.31778e-09  8.93724e-12
      1269.95  5.33412e-09  8.62348e-12
      1270.28  6.74574e-09  9.69408e-12
      1270.60  1.14710e-08  1.34150e-11
      1270.92  1.35977e-08  1.39885e-11
      1271.25  1.47782e-08  1.41131e-11
      1271.57  1.42641e-08  1.33769e-11
      1271.89  8.43193e-09  9.60247e-12
      1272.22  3.74354e-09  6.37459e-12
      1272.54  2.39532e-09  5.45509e-12
      1272.86  2.01962e-09  5.19915e-12
      1273.19  1.94180e-09  5.15919e-12
      1273.51  2.36298e-09  5.62137e-12
      1273.84  3.53407e-09  6.60201e-12
      1274.16  4.54302e-09  7.13842e-12
      1274.49  6.05178e-09  7.41622e-12
      1274.81  1.08068e-08  9.74127e-12
      1275.14  1.47186e-08  1.13809e-11
      1275.46  1.29857e-08  1.08000e-11
      1275.79  8.35118e-09  9.02741e-12
      1276.11  5.44835e-09  7.76430e-12
      1276.44  7.44678e-09  9.43853e-12
      1276.76  1.29243e-08  1.33101e-11
      1277.09  1.29684e-08  1.26078e-11
      1277.42  1.33382e-08  1.31668e-11
      1277.74  8.95464e-09  1.02937e-11
      1278.07  4.09802e-09  6.96881e-12
      1278.40  2.55213e-09  6.04658e-12
      1278.72  2.06947e-09  5.88356e-12
      1279.05  2.07818e-09  6.04499e-12
      1279.38  2.71183e-09  6.86177e-12
      1279.71  3.99098e-09  8.09557e-12
      1280.03  5.09523e-09  8.78732e-12
      1280.36  4.66188e-09  7.66607e-12
      1280.69  4.93510e-09  7.53138e-12
      1281.02  6.49135e-09  8.29929e-12
      1281.34  9.59260e-09  1.00782e-11
      1281.67  1.15400e-08  1.21643e-11
      1282.00  8.64871e-09  1.02350e-11
      1282.33  9.29345e-09  9.83208e-12
      1282.66  1.45151e-08  1.22770e-11
      1282.99  1.84921e-08  1.34996e-11
      1283.32  1.83507e-08  1.30499e-11
      1283.65  1.24957e-08  1.04099e-11
      1283.98  6.41197e-09  7.50200e-12
      1284.31  3.73529e-09  6.18422e-12
      1284.64  2.88930e-09  5.94416e-12
      1284.97  2.89385e-09  6.39464e-12
      1285.30  3.39210e-09  7.37716e-12
      1285.63  2.91624e-09  6.87930e-12
      1285.96  2.77206e-09  6.56911e-12
      1286.29  4.19478e-09  7.63077e-12
      1286.62  5.70402e-09  8.66636e-12
      1286.95  5.33048e-09  8.19243e-12
      1287.28  6.88279e-09  9.28905e-12
      1287.61  1.18733e-08  1.27547e-11
      1287.95  1.40517e-08  1.39509e-11
      1288.28  1.39331e-08  1.37842e-11
      1288.61  1.38963e-08  1.34442e-11
      1288.94  1.36251e-08  1.29597e-11
      1289.27  9.64647e-09  9.95526e-12
      1289.61  7.11240e-09  8.36744e-12
      1289.94  5.60291e-09  7.31917e-12
      1290.27  3.88010e-09  6.13232e-12
      1290.61  3.37657e-09  6.10510e-12
      1290.94  2.60651e-09  5.62209e-12
      1291.27  2.02246e-09  5.08750e-12
      1291.61  2.31956e-09  5.38088e-12
      1291.94  3.65606e-09  6.47740e-12
      1292.27  6.20358e-09  7.89392e-12
      1292.61  8.96285e-09  1.00087e-11
      1292.94  6.35020e-09  8.28773e-12
      1293.28  4.89200e-09  7.94162e-12
      1293.61  6.47819e-09  9.56369e-12
      1293.95  8.39131e-09  1.09358e-11
      1294.28  1.26203e-08  1.36933e-11
      1294.62  1.40795e-08  1.50012e-11
      1294.95  1.15688e-08  1.27656e-11
      1295.29  1.12001e-08  1.16025e-11
      1295.62  9.48474e-09  1.02963e-11
      1295.96  6.90588e-09  8.76260e-12
      1296.29  6.03549e-09  8.49373e-12
      1296.63  6.30939e-09  8.54635e-12
      1296.97  7.94446e-09  9.20236e-12
      1297.30  1.25648e-08  1.12084e-11
      1297.64  1.67192e-08  1.25489e-11
      1297.98  1.39015e-08  1.09394e-11
      1298.31  8.62018e-09  8.52780e-12
      1298.65  4.82923e-09  6.58516e-12
      1298.99  3.78100e-09  6.12076e-12
      1299.33  6.66514e-09  8.60982e-12
      1299.66  1.20820e-08  1.23887e-11
      1300.00  1.33515e-08  1.30540e-11
      1300.34  1.15180e-08  1.23664e-11
      1300.68  7.70465e-09  9.61565e-12
      1301.02  8.15533e-09  9.58133e-12
      1301.35  1.46947e-08  1.35552e-11
      1301.69  1.73284e-08  1.45075e-11
      1302.03  1.67389e-08  1.44521e-11
      1302.37  1.47480e-08  1.33396e-11
      1302.71  1.72605e-08  1.47220e-11
      1303.05  1.90041e-08  1.47771e-11
      1303.39  2.18050e-08  1.50049e-11
      1303.73  2.35105e-08  1.46727e-11
      1304.07  2.16841e-08  1.33541e-11
      1304.41  2.20271e-08  1.34013e-11
      1304.75  2.34708e-08  1.41378e-11
      1305.09  2.47853e-08  1.49723e-11
      1305.43  2.95477e-08  1.70845e-11
      1305.77  3.51690e-08  1.93029e-11
      1306.11  3.47774e-08  1.95969e-11
      1306.46  2.29285e-08  1.55649e-11
      1306.80  1.07680e-08  1.05992e-11
      1307.14  5.51308e-09  8.04411e-12
      1307.48  3.74837e-09  7.13997e-12
      1307.82  3.01406e-09  6.66327e-12
      1308.16  3.05090e-09  6.91947e-12
      1308.51  3.59793e-09  7.80420e-12
      1308.85  2.94740e-09  6.62730e-12
      1309.19  2.17369e-09  5.54781e-12
      1309.53  1.99973e-09  5.05567e-12
      1309.88  1.97918e-09  4.84290e-12
      1310.22  2.12687e-09  4.93656e-12
      1310.56  2.73047e-09  5.38793e-12
      1310.91  4.88723e-09  7.27066e-12
      1311.25  9.49329e-09  1.06178e-11
      1311.60  9.22268e-09  9.98510e-12
      1311.94  5.30834e-09  7.74371e-12
      1312.28  2.80937e-09  5.90235e-12
      1312.63  1.97402e-09  5.23231e-12
      1312.97  1.72713e-09  4.98439e-12
      1313.32  2.30792e-09  5.82363e-12
      1313.66  3.65725e-09  7.60276e-12
      1314.01  3.07142e-09  7.22684e-12
      1314.35  1.82714e-09  5.84937e-12
      1314.70  1.44387e-09  5.28317e-12
      1315.05  1.44080e-09  4.96844e-12
      1315.39  1.60947e-09  4.85721e-12
      1315.74  2.01386e-09  5.05825e-12
      1316.08  3.06303e-09  5.82483e-12
      1316.43  6.21468e-09  7.88243e-12
      1316.78  1.02643e-08  1.05023e-11
      1317.12  8.15749e-09  9.30505e-12
      1317.47  3.88564e-09  6.52652e-12
      1317.82  2.32574e-09  5.31729e-12
      1318.17  2.43552e-09  5.32048e-12
      1318.51  3.89820e-09  6.95910e-12
      1318.86  4.67770e-09  7.63705e-12
      1319.21  3.23497e-09  6.80934e-12
      1319.56  1.99873e-09  6.49639e-12
      1319.91  1.98822e-09  6.57935e-12
      1320.25  1.97177e-09  6.16116e-12
      1320.60  1.97481e-09  5.93117e-12
      1320.95  2.37645e-09  5.92202e-12
      1321.30  3.38360e-09  6.37621e-12
      1321.65  7.05800e-09  8.35897e-12
      1322.00  1.31021e-08  1.15493e-11
      1322.35  1.09825e-08  1.02918e-11
      1322.70  5.46093e-09  7.38269e-12
      1323.05  3.41136e-09  6.47557e-12
      1323.40  3.79706e-09  6.76804e-12
      1323.75  4.51476e-09  7.12140e-12
      1324.10  4.69864e-09  7.41413e-12
      1324.45  3.38255e-09  6.32367e-12
      1324.80  2.44347e-09  6.03306e-12
      