227
      1249.95  8.01854e-09  1.54780e-11
      1250.27  3.97925e-09  1.16258e-11
      1250.58  1.59819e-09  8.71822e-12
      1250.89  1.27289e-09  8.38787e-12
      1251.20  1.55561e-09  8.58595e-12
      1251.52  2.23199e-09  8.68255e-12
      1251.83  3.65683e-09  1.04273e-11
      1252.14  4.54075e-09  1.15999e-11
      1252.46  4.29136e-09  1.39337e-11
      1252.77  4.01466e-09  1.17604e-11
      1253.09  6.76515e-09  1.48028e-11
      1253.40  1.27820e-08  2.05633e-11
      1253.71  1.54169e-08  2.23566e-11
      1254.03  9.30928e-09  1.65704e-11
      1254.34  4.62189e-09  1.12914e-11
      1254.66  5.93677e-09  1.22565e-11
      1254.97  8.92124e-09  1.53880e-11
      1255.29  5.88264e-09  1.22015e-11
      1255.60  2.85204e-09  9.29579e-12
      1255.92  3.15812e-09  1.02875e-11
      1256.23  5.37696e-09  1.25640e-11
      1256.55  8.68547e-09  1.63711e-11
      1256.87  5.83721e-09  1.24413e-11
      1257.18  2.73509e-09  8.75801e-12
      1257.50  2.15593e-09  7.57073e-12
      1257.81  2.45523e-09  7.67827e-12
      1258.13  2.96587e-09  8.39292e-12
      1258.45  2.92042e-09  8.39614e-12
      1258.76  3.10434e-09  8.60724e-12
      1259.08  5.54135e-09  1.07317e-11
      1259.40  1.12937e-08  1.49419e-11
      1259.72  1.49983e-08  1.67529e-11
      1260.03  1.10365e-08  1.32682e-11
      1260.35  8.23381e-09  1.05249e-11
      1260.67  1.05766e-08  1.21152e-11
      1260.99  9.53068e-09  1.13411e-11
      1261.30  7.44566e-09  1.08340e-11
      1261.62  9.49255e-09  1.37826e-11
      1261.94  1.01178e-08  1.46686e-11
      1262.26  1.04467e-08  1.53928e-11
      1262.58  7.40344e-09  1.23506e-11
      1262.90  8.16851e-09  1.24327e-11
      1263.22  1.28142e-08  1.61191e-11
      1263.54  1.00399e-08  1.36032e-11
      1263.86  6.20153e-09  1.10349e-11
      1264.17  4.91757e-09  1.03979e-11
      1264.49  3.64391e-09  9.30826e-12
      1264.81  4.15530e-09  1.00874e-11
      1265.13  8.29067e-09  1.41123e-11
      1265.45  1.24881e-08  1.70934e-11
      1265.77  1.08449e-08  1.52207e-11
      1266.10  5.79151e-09  1.05716e-11
      1266.42  3.07478e-09  7.92917e-12
      1266.74  2.66908e-09  7.73840e-12
      1267.06  3.58173e-09  8.77441e-12
      1267.38  7.55285e-09  1.34959e-11
      1267.70  1.43450e-08  2.04034e-11
      1268.02  1.47388e-08  1.77897e-11
      1268.34  1.47315e-08  1.73346e-11
      1268.67  1.29851e-08  1.48469e-11
      1268.99  1.31290e-08  1.46462e-11
      1269.31  9.83435e-09  1.20817e-11
      1269.63  6.31724e-09  9.57165e-12
      1269.95  5.36313e-09  8.98200e-12
      1270.28  6.82590e-09  1.00825e-11
      1270.60  1.14199e-08  1.34526e-11
      1270.92  1.36137e-08  1.40564e-11
      1271.25  1.47840e-08  1.40354e-11
      1271.57  1.43196e-08  1.34369e-11
      1271.89  9.47448e-09  1.11364e-11
      1272.22  3.88692e-09  7.39194e-12
      1272.54  2.39047e-09  6.79997e-12
      1272.86  2.01161e-09  6.73305e-12
      1273.19  1.93794e-09  6.83996e-12
      1273.51  2.37499e-09  7.77725e-12
      1273.84  3.55861e-09  9.32713e-12
      1274.16  4.55612e-09  1.02992e-11
      1274.49  6.06446e-09  1.07655e-11
      1274.81  1.09034e-08  1.41121e-11
      1275.14  1.48128e-08  1.64891e-11
      1275.46  1.29840e-08  1.53272e-11
      1275.79  8.30818e-09  1.25724e-11
      1276.11  5.44540e-09  1.06093e-11
      1276.44  7.45833e-09  1.26380e-11
      1276.76  1.27694e-08  1.74580e-11
      1277.09  1.30695e-08  1.61588e-11
      1277.42  1.31957e-08  1.57548e-11
      1277.74  8.95779e-09  1.22328e-11
      1278.07  4.14282e-09  7.98355e-12
      1278.40  2.57096e-09  6.72513e-12
      1278.72  2.08188e-09  6.57657e-12
      1279.05  2.08290e-09  6.63972e-12
      1279.38  2.73108e-09  7.20642e-12
      1279.71  4.01341e-09  8.21435e-12
      1280.03  5.11548e-09  8.98196e-12
      1280.36  4.61299e-09  7.91200e-12
      1280.69  4.76558e-09  7.82645e-12
      1281.02  6.51313e-09  9.94300e-12
      1281.34  9.68440e-09  1.27518e-11
      1281.67  1.15552e-08  1.59332e-11
      1282.00  8.57938e-09  1.37102e-11
      1282.33  9.31705e-09  1.36972e-11
      1282.66  1.46275e-08  1.76314e-11
      1282.99  1.85397e-08  1.96056e-11
      1283.32  1.83024e-08  1.88924e-11
      1283.65  1.24028e-08  1.49061e-11
      1283.98  6.35318e-09  1.07059e-11
      1284.31  3.71871e-09  8.48917e-12
      1284.64  2.89853e-09  8.11893e-12
      1284.97  2.91220e-09  8.40693e-12
      1285.30  3.36032e-09  9.18730e-12
      1285.63  2.91014e-09  8.36781e-12
      1285.96  2.78591e-09  7.70374e-12
      1286.29  4.19429e-09  8.70382e-12
      1286.62  5.67672e-09  9.51715e-12
      1286.95  5.32425e-09  8.68013e-12
      1287.28  6.90794e-09  9.57297e-12
      1287.61  1.19161e-08  1.29176e-11
      1287.95  1.40469e-08  1.39000e-11
      1288.28  1.39470e-08  1.39568e-11
      1288.61  1.38400e-08  1.43219e-11
      1288.94  1.35849e-08  1.53068e-11
      1289.27  9.50332e-09  1.24681e-11
      1289.61  7.08436e-09  1.10613e-11
      1289.94  5.56321e-09  9.96133e-12
      1290.27  3.84887e-09  8.61398e-12
      1290.61  3.38229e-09  8.80281e-12
      1290.94  2.57860e-09  8.09592e-12
      1291.27  2.01480e-09  7.32796e-12
      1291.61  2.34859e-09  7.75200e-12
      1291.94  3.72016e-09  9.11255e-12
      1292.27  6.27445e-09  1.07659e-11
      1292.61  8.85960e-09  1.28819e-11
      1292.94  6.41017e-09  1.04693e-11
      1293.28  4.94236e-09  9.35100e-12
      1293.61  6.48318e-09  1.11666e-11
      1293.95  8.48223e-09  1.23565e-11
      1294.28  1.26223e-08  1.47468e-11
      1294.62  1.39920e-08  1.48077e-11
      1294.95  1.17500e-08  1.25170e-11
      1295.29  1.12382e-08  1.16097e-11
      1295.62  9.51187e-09  1.02995e-11
      1295.96  7.15197e-09  9.61170e-12
      1296.29  6.06681e-09  1.00783e-11
      1296.63  6.32621e-09  1.09739e-11
      1296.97  8.01734e-09  1.24110e-11
      1297.30  1.27297e-08  1.57873e-11
      1297.64  1.67816e-08  1.80049e-11
      1297.98  1.37295e-08  1.56453e-11
      1298.31  8.51205e-09  1.22413e-11
      1298.65  4.74615e-09  9.14191e-12
      1298.99  3.74505e-09  8.30892e-12
      1299.33  6.68118e-09  1.14066e-11
      1299.66  1.22340e-08  1.61054e-11
      1300.00  1.33763e-08  1.63267e-11
      1300.34  1.14704e-08  1.46260e-11
      1300.68  7.75086e-09  1.11097e-11
      1301.02  8.24193e-09  1.05655e-11
      1301.35  1.46207e-08  1.40809e-11
      1301.69  1.73375e-08  1.48491e-11
      1302.03  1.66679e-08  1.43717e-11
      1302.37  1.48362e-08  1.33189e-11
      1302.71  1.68027e-08  1.57939e-11
      1303.05  1.89462e-08  1.70731e-11
      1303.39  2.19109e-08  1.92942e-11
      1303.73  2.34627e-08  1.96451e-11
      1304.07  2.16847e-08  1.86984e-11
      1304.41  2.21035e-08  1.92332e-11
      1304.75  2.35197e-08  2.05167e-11
      1305.09  2.48963e-08  2.17629e-11
      1305.43  2.97030e-08  2.42787e-11
      1305.77  3.52712e-08  2.66498e-11
      1306.11  3.46876e-08  2.61422e-11
      1306.46  2.27188e-08  1.98931e-11
      1306.80  1.07016e-08  1.28346e-11
      1307.14  5.50175e-09  9.26605e-12
      1307.48  3.74532e-09  7.84540e-12
      1307.82  3.00909e-09  7.17681e-12
      1308.16  3.05676e-09  7.14801e-12
      1308.51  3.64656e-09  7.81117e-12
      1308.85  2.96302e-09  6.75139e-12
      1309.19  2.21879e-09  6.27298e-12
      1309.53  2.00590e-09  6.02905e-12
      1309.88  1.98544e-09  6.26721e-12
      1310.22  2.13743e-09  6.79371e-12
      1310.56  2.76046e-09  7.61731e-12
      1310.91  4.95437e-09  1.06342e-11
      1311.25  9.61056e-09  1.56359e-11
      1311.60  9.17025e-09  1.42463e-11
      1311.94  5.23028e-09  1.03202e-11
      1312.28  2.77028e-09  7.61138e-12
      1312.63  1.95825e-09  6.36078e-12
      1312.97  1.74132e-09  5.93844e-12
      1313.32  2.34163e-09  6.67830e-12
      1313.66  3.62126e-09  8.36942e-12
      1314.01  3.06581e-09  7.54104e-12
      1314.35  1.83588e-09  5.96005e-12
      1314.70  1.44552e-09  5.24065e-12
      1315.05  1.44341e-09  4.92635e-12
      1315.39  1.57797e-09  5.26636e-12
      1315.74  2.00884e-09  6.02038e-12
      1316.08  3.13646e-09  7.75276e-12
      1316.43  6.40348e-09  1.11223e-11
      1316.78  1.03118e-08  1.51711e-11
      1317.12  8.02163e-09  1.34614e-11
      1317.47  3.83563e-09  9.55902e-12
      1317.82  2.31205e-09  7.61897e-12
      1318.17  2.46336e-09  7.21812e-12
      1318.51  3.93675e-09  9.51897e-12
      1318.86  4.67599e-09  9.66828e-12
      1319.21  3.22741e-09  8.12346e-12
      1319.56  1.97253e-09  7.26175e-12
      1319.91  1.97427e-09  7.44259e-12
      1320.25  1.96614e-09  6.43891e-12
      1320.60  1.97011e-09  6.00088e-12
      1320.95  2.36638e-09  6.00608e-12
      1321.30  3.17510e-09  6.76698e-12
      1321.65  7.17308e-09  1.04457e-11
      1322.00  1.32457e-08  1.52973e-11
      1322.35  1.07448e-08  1.39665e-11
      1322.70  5.30273e-09  1.03925e-11
      1323.05  3.37056e-09  1.00157e-11
      1323.40  3.81233e-09  1.02265e-11
      1323.75  4.57216e-09  1.00387e-11
      1324.10  4.81521e-09  9.93015e-12
      1324.45  3.39021e-09  7.96668e-12
      1324.80  2.44737e-09  7.02416e-12
      