227
      1249.95  8.03220e-09  1.19473e-11
      1250.27  4.05723e-09  8.91168e-12
      1250.58  1.62340e-09  6.55161e-12
      1250.89  1.27801e-09  5.95737e-12
      1251.20  1.53977e-09  6.07168e-12
      1251.52  2.22872e-09  6.26186e-12
      1251.83  3.63313e-09  7.36987e-12
      1252.14  4.53318e-09  8.15207e-12
      1252.46  4.26700e-09  8.17693e-12
      1252.77  3.93353e-09  7.88022e-12
      1253.09  6.61378e-09  9.98399e-12
      1253.40  1.27028e-08  1.34778e-11
      1253.71  1.57457e-08  1.49781e-11
      1254.03  9.29217e-09  1.06910e-11
      1254.34  4.50189e-09  7.15680e-12
      1254.66  5.80978e-09  7.94079e-12
      1254.97  8.89527e-09  1.02683e-11
      1255.29  5.96164e-09  8.29010e-12
      1255.60  2.83826e-09  6.22888e-12
      1255.92  3.16623e-09  6.83387e-12
      1256.23  5.43312e-09  8.40757e-12
      1256.55  8.37881e-09  1.05275e-11
      1256.87  5.88718e-09  8.43523e-12
      1257.18  2.80351e-09  5.82173e-12
      1257.50  2.15389e-09  5.24926e-12
      1257.81  2.44740e-09  5.53973e-12
      1258.13  2.96975e-09  6.28463e-12
      1258.45  2.90985e-09  6.45093e-12
      1258.76  3.06295e-09  6.62626e-12
      1259.08  5.44975e-09  8.61946e-12
      1259.40  1.12591e-08  1.22223e-11
      1259.72  1.50876e-08  1.39394e-11
      1260.03  1.10167e-08  1.13443e-11
      1260.35  8.11563e-09  9.36405e-12
      1260.67  1.05681e-08  1.11503e-11
      1260.99  9.56276e-09  1.06445e-11
      1261.30  7.67666e-09  9.73292e-12
      1261.62  9.36859e-09  1.27273e-11
      1261.94  1.00222e-08  1.28557e-11
      1262.26  1.03027e-08  1.30943e-11
      1262.58  7.18250e-09  1.01550e-11
      1262.90  8.17593e-09  9.40566e-12
      1263.22  1.25775e-08  1.19364e-11
      1263.54  1.01161e-08  1.01723e-11
      1263.86  6.29290e-09  8.13268e-12
      1264.17  4.94979e-09  7.63976e-12
      1264.49  3.63487e-09  6.66414e-12
      1264.81  4.07158e-09  6.87725e-12
      1265.13  8.20122e-09  9.40123e-12
      1265.45  1.25371e-08  1.11989e-11
      1265.77  1.09167e-08  9.93939e-12
      1266.10  5.79103e-09  6.93889e-12
      1266.42  3.04487e-09  5.16863e-12
      1266.74  2.66585e-09  5.03832e-12
      1267.06  3.54871e-09  5.88585e-12
      1267.38  6.91625e-09  9.20820e-12
      1267.70  1.39470e-08  1.43269e-11
      1268.02  1.46799e-08  1.22355e-11
      1268.34  1.46158e-08  1.16193e-11
      1268.67  1.30803e-08  1.04376e-11
      1268.99  1.30576e-08  1.05844e-11
      1269.31  9.83126e-09  9.13437e-12
      1269.63  6.36307e-09  7.63138e-12
      1269.95  5.32153e-09  7.39649e-12
      1270.28  6.72467e-09  8.44162e-12
      1270.60  1.14925e-08  1.17339e-11
      1270.92  1.35485e-08  1.23921e-11
      1271.25  1.47525e-08  1.27712e-11
      1271.57  1.43267e-08  1.24128e-11
      1271.89  8.43284e-09  9.03150e-12
      1272.22  3.72456e-09  6.11799e-12
      1272.54  2.37366e-09  5.31367e-12
      1272.86  2.00923e-09  5.22524e-12
      1273.19  1.93752e-09  5.34381e-12
      1273.51  2.35539e-09  5.72650e-12
      1273.84  3.51804e-09  6.68164e-12
      1274.16  4.53691e-09  7.13434e-12
      1274.49  6.06437e-09  7.32300e-12
      1274.81  1.07661e-08  9.43176e-12
      1275.14  1.46404e-08  1.09467e-11
      1275.46  1.29732e-08  1.02538e-11
      1275.79  8.38635e-09  8.42198e-12
      1276.11  5.47075e-09  7.11808e-12
      1276.44  7.43912e-09  8.06141e-12
      1276.76  1.28605e-08  1.09616e-11
      1277.09  1.29226e-08  1.02162e-11
      1277.42  1.34075e-08  1.06607e-11
      1277.74  8.93187e-09  8.35276e-12
      1278.07  4.07789e-09  5.70553e-12
      1278.40  2.54181e-09  4.95803e-12
      1278.72  2.05854e-09  4.95310e-12
      1279.05  2.06715e-09  5.26468e-12
      1279.38  2.70702e-09  6.00044e-12
      1279.71  3.97762e-09  7.16895e-12
      1280.03  5.09599e-09  7.93962e-12
      1280.36  4.66500e-09  7.15791e-12
      1280.69  4.92688e-09  7.17689e-12
      1281.02  6.49686e-09  8.08008e-12
      1281.34  9.56221e-09  1.01399e-11
      1281.67  1.14692e-08  1.24510e-11
      1282.00  8.57736e-09  1.06900e-11
      1282.33  9.34719e-09  1.01877e-11
      1282.66  1.44668e-08  1.23771e-11
      1282.99  1.84360e-08  1.33722e-11
      1283.32  1.83078e-08  1.26648e-11
      1283.65  1.25380e-08  9.97269e-12
      1283.98  6.46684e-09  7.05892e-12
      1284.31  3.75309e-09  5.65441e-12
      1284.64  2.88298e-09  5.25557e-12
      1284.97  2.87666e-09  5.37216e-12
      1285.30  3.40837e-09  6.05781e-12
      1285.63  2.90227e-09  5.48801e-12
      1285.96  2.72392e-09  5.12498e-12
      1286.29  4.15446e-09  6.09809e-12
      1286.62  5.72918e-09  7.16656e-12
      1286.95  5.30950e-09  6.93609e-12
      1287.28  6.78376e-09  8.03241e-12
      1287.61  1.18298e-08  1.13683e-11
      1287.95  1.40414e-08  1.25815e-11
      1288.28  1.38980e-08  1.26786e-11
      1288.61  1.38949e-08  1.25696e-11
      1288.94  1.35706e-08  1.21398e-11
      1289.27  9.71011e-09  9.67118e-12
      1289.61  7.09724e-09  8.32155e-12
      1289.94  5.59289e-09  7.47494e-12
      1290.27  3.89131e-09  6.26332e-12
      1290.61  3.35043e-09  6.16067e-12
      1290.94  2.60838e-09  5.59718e-12
      1291.27  2.02317e-09  4.85670e-12
      1291.61  2.31154e-09  4.88927e-12
      1291.94  3.62192e-09  5.62572e-12
      1292.27  6.17650e-09  6.75637e-12
      1292.61  8.94801e-09  8.43579e-12
      1292.94  6.31828e-09  6.91602e-12
      1293.28  4.87913e-09  6.50276e-12
      1293.61  6.47079e-09  7.90737e-12
      1293.95  8.26691e-09  8.91726e-12
      1294.28  1.26668e-08  1.17733e-11
      1294.62  1.41797e-08  1.34545e-11
      1294.95  1.13296e-08  1.14435e-11
      1295.29  1.12387e-08  1.05806e-11
      1295.62  9.53778e-09  9.67430e-12
      1295.96  6.89605e-09  8.46210e-12
      1296.29  6.02244e-09  8.25351e-12
      1296.63  6.31310e-09  8.57114e-12
      1296.97  7.93706e-09  9.36500e-12
      1297.30  1.24992e-08  1.13336e-11
      1297.64  1.66736e-08  1.26697e-11
      1297.98  1.40008e-08  1.08982e-11
      1298.31  8.68638e-09  8.29987e-12
      1298.65  4.89471e-09  6.28654e-12
      1298.99  3.80184e-09  5.55520e-12
      1299.33  6.62741e-09  7.35645e-12
      1299.66  1.19095e-08  1.01756e-11
      1300.00  1.33341e-08  1.06228e-11
      1300.34  1.14704e-08  9.87239e-12
      1300.68  7.79878e-09  7.88033e-12
      1301.02  8.22965e-09  8.02367e-12
      1301.35  1.45034e-08  1.12923e-11
      1301.69  1.72035e-08  1.25099e-11
      1302.03  1.67130e-08  1.31076e-11
      1302.37  1.46295e-08  1.22191e-11
      1302.71  1.72923e-08  1.40130e-11
      1303.05  1.88542e-08  1.40813e-11
      1303.39  2.17427e-08  1.47050e-11
      1303.73  2.34973e-08  1.47604e-11
      1304.07  2.15953e-08  1.35784e-11
      1304.41  2.19588e-08  1.36235e-11
      1304.75  2.34318e-08  1.40753e-11
      1305.09  2.46270e-08  1.43132e-11
      1305.43  2.93746e-08  1.55981e-11
      1305.77  3.50742e-08  1.67200e-11
      1306.11  3.49982e-08  1.64492e-11
      1306.46  2.31485e-08  1.28822e-11
      1306.80  1.08009e-08  8.62516e-12
      1307.14  5.51285e-09  6.56558e-12
      1307.48  3.80518e-09  6.28706e-12
      1307.82  3.01044e-09  6.05967e-12
      1308.16  3.05553e-09  6.19308e-12
      1308.51  3.59539e-09  6.89040e-12
      1308.85  2.97261e-09  6.20681e-12
      1309.19  2.17100e-09  5.28075e-12
      1309.53  2.00170e-09  4.97531e-12
      1309.88  1.98017e-09  4.83324e-12
      1310.22  2.12842e-09  4.94564e-12
      1310.56  2.73373e-09  5.55878e-12
      1310.91  4.97521e-09  7.11001e-12
      1311.25  9.17974e-09  9.66661e-12
      1311.60  9.21079e-09  9.27333e-12
      1311.94  5.40997e-09  6.85844e-12
      1312.28  2.86118e-09  4.99309e-12
      1312.63  1.98528e-09  4.28179e-12
      1312.97  1.72612e-09  4.03768e-12
      1313.32  2.28772e-09  4.70349e-12
      1313.66  3.65291e-09  6.35377e-12
      1314.01  3.07002e-09  6.05491e-12
      1314.35  1.83615e-09  5.01011e-12
      1314.70  1.44589e-09  4.64021e-12
      1315.05  1.44049e-09  4.55713e-12
      1315.39  1.60720e-09  4.62800e-12
      1315.74  2.00695e-09  4.98808e-12
      1316.08  3.01994e-09  5.78424e-12
      1316.43  6.10544e-09  7.97701e-12
      1316.78  1.02861e-08  1.05881e-11
      1317.12  8.23697e-09  9.23651e-12
      1317.47  3.92405e-09  6.21045e-12
      1317.82  2.32915e-09  4.77680e-12
      1318.17  2.39757e-09  4.50912e-12
      1318.51  3.85878e-09  5.60790e-12
      1318.86  4.69482e-09  6.28157e-12
      1319.21  3.24647e-09  5.47217e-12
      1319.56  2.02031e-09  5.30963e-12
      1319.91  1.99888e-09  5.63545e-12
      1320.25  1.97404e-09  5.31659e-12
      1320.60  1.97432e-09  5.27946e-12
      1320.95  2.36854e-09  5.60603e-12
      1321.30  3.37212e-09  6.15115e-12
      1321.65  6.98400e-09  8.28241e-12
      1322.00  1.30306e-08  1.17862e-11
      1322.35  1.11135e-08  1.07512e-11
      1322.70  5.53549e-09  7.59878e-12
      1323.05  3.42429e-09  6.12368e-12
      1323.40  3.77145e-09  6.14013e-12
      1323.75  4.47648e-09  6.24403e-12
      1324.10  4.65251e-09  6.23024e-12
      1324.45  3.41335e-09  5.18172e-12
      1324.80  2.45537e-09  4.72946e-12
      