227
      1249.95  8.08124e-09  1.16097e-11
      1250.27  4.08136e-09  8.72504e-12
      1250.58  1.61374e-09  6.42764e-12
      1250.89  1.26838e-09  6.02798e-12
      1251.20  1.53491e-09  6.23913e-12
      1251.52  2.23886e-09  6.24565e-12
      1251.83  3.61249e-09  7.57599e-12
      1252.14  4.51801e-09  8.53696e-12
      1252.46  4.26258e-09  8.75462e-12
      1252.77  3.93757e-09  8.51911e-12
      1253.09  6.58590e-09  1.07808e-11
      1253.40  1.26950e-08  1.46029e-11
      1253.71  1.58406e-08  1.63405e-11
      1254.03  9.23305e-09  1.15660e-11
      1254.34  4.42942e-09  7.77758e-12
      1254.66  5.73276e-09  8.69982e-12
      1254.97  8.98637e-09  1.16835e-11
      1255.29  5.99570e-09  9.46761e-12
      1255.60  2.81203e-09  6.96878e-12
      1255.92  3.16555e-09  7.70321e-12
      1256.23  5.40436e-09  9.10120e-12
      1256.55  8.31945e-09  1.11553e-11
      1256.87  5.92915e-09  8.86136e-12
      1257.18  2.81657e-09  5.95287e-12
      1257.50  2.15977e-09  5.34271e-12
      1257.81  2.44194e-09  5.59692e-12
      1258.13  2.94635e-09  6.15608e-12
      1258.45  2.90452e-09  6.31089e-12
      1258.76  3.04630e-09  6.32997e-12
      1259.08  5.39595e-09  7.99384e-12
      1259.40  1.12370e-08  1.10013e-11
      1259.72  1.51637e-08  1.25581e-11
      1260.03  1.09682e-08  1.01770e-11
      1260.35  8.00329e-09  8.24598e-12
      1260.67  1.06240e-08  1.01648e-11
      1260.99  9.57077e-09  9.65772e-12
      1261.30  7.54215e-09  8.82232e-12
      1261.62  9.18409e-09  1.13526e-11
      1261.94  9.91923e-09  1.17920e-11
      1262.26  1.02053e-08  1.23594e-11
      1262.58  6.94358e-09  9.53580e-12
      1262.90  8.16916e-09  8.95414e-12
      1263.22  1.24331e-08  1.13810e-11
      1263.54  1.01387e-08  1.01947e-11
      1263.86  6.31834e-09  8.35420e-12
      1264.17  4.93266e-09  7.96680e-12
      1264.49  3.63678e-09  7.04530e-12
      1264.81  4.05523e-09  7.34541e-12
      1265.13  8.17199e-09  9.98401e-12
      1265.45  1.25568e-08  1.21028e-11
      1265.77  1.09302e-08  1.08631e-11
      1266.10  5.78644e-09  7.64123e-12
      1266.42  3.03250e-09  5.81715e-12
      1266.74  2.65051e-09  5.73267e-12
      1267.06  3.49135e-09  6.64579e-12
      1267.38  6.31761e-09  9.39956e-12
      1267.70  1.38675e-08  1.34193e-11
      1268.02  1.46076e-08  1.28935e-11
      1268.34  1.46375e-08  1.17465e-11
      1268.67  1.30507e-08  1.02187e-11
      1268.99  1.30346e-08  1.02411e-11
      1269.31  9.87508e-09  8.74676e-12
      1269.63  6.36695e-09  7.18508e-12
      1269.95  5.32496e-09  6.91478e-12
      1270.28  6.76034e-09  7.78620e-12
      1270.60  1.14051e-08  1.05502e-11
      1270.92  1.35161e-08  1.10921e-11
      1271.25  1.47263e-08  1.13279e-11
      1271.57  1.43202e-08  1.10654e-11
      1271.89  8.44290e-09  8.24315e-12
      1272.22  3.73371e-09  5.71022e-12
      1272.54  2.37774e-09  5.00377e-12
      1272.86  2.01177e-09  5.08198e-12
      1273.19  1.93530e-09  5.28674e-12
      1273.51  2.34802e-09  5.78132e-12
      1273.84  3.50877e-09  6.73158e-12
      1274.16  4.53689e-09  7.25553e-12
      1274.49  6.04899e-09  7.68600e-12
      1274.81  1.07375e-08  1.01772e-11
      1275.14  1.46239e-08  1.21280e-11
      1275.46  1.29753e-08  1.15519e-11
      1275.79  8.40251e-09  9.59488e-12
      1276.11  5.47507e-09  8.01592e-12
      1276.44  7.32561e-09  9.01584e-12
      1276.76  1.26724e-08  1.24319e-11
      1277.09  1.28992e-08  1.09186e-11
      1277.42  1.33373e-08  1.08572e-11
      1277.74  8.96102e-09  8.43398e-12
      1278.07  4.11580e-09  5.69254e-12
      1278.40  2.55145e-09  4.88601e-12
      1278.72  2.05647e-09  4.65251e-12
      1279.05  2.05192e-09  4.83569e-12
      1279.38  2.68957e-09  5.37356e-12
      1279.71  3.96698e-09  6.25964e-12
      1280.03  5.11560e-09  6.95526e-12
      1280.36  4.64469e-09  6.26397e-12
      1280.69  4.89656e-09  6.37798e-12
      1281.02  6.47065e-09  7.39569e-12
      1281.34  9.51730e-09  9.53484e-12
      1281.67  1.14646e-08  1.22028e-11
      1282.00  8.44278e-09  1.06440e-11
      1282.33  9.32869e-09  1.02985e-11
      1282.66  1.44127e-08  1.27066e-11
      1282.99  1.83723e-08  1.39146e-11
      1283.32  1.82175e-08  1.34576e-11
      1283.65  1.25334e-08  1.09016e-11
      1283.98  6.50228e-09  7.88311e-12
      1284.31  3.76901e-09  6.39552e-12
      1284.64  2.88246e-09  5.94952e-12
      1284.97  2.87265e-09  5.98535e-12
      1285.30  3.40671e-09  6.50974e-12
      1285.63  2.89797e-09  5.62403e-12
      1285.96  2.69647e-09  5.02663e-12
      1286.29  4.11566e-09  5.81463e-12
      1286.62  5.75074e-09  6.79292e-12
      1286.95  5.29473e-09  6.34390e-12
      1287.28  6.69026e-09  7.25091e-12
      1287.61  1.18306e-08  1.03677e-11
      1287.95  1.40548e-08  1.13890e-11
      1288.28  1.38914e-08  1.13747e-11
      1288.61  1.38920e-08  1.13442e-11
      1288.94  1.36028e-08  1.11906e-11
      1289.27  9.74967e-09  9.25736e-12
      1289.61  7.06360e-09  8.21821e-12
      1289.94  5.59615e-09  7.59815e-12
      1290.27  3.90018e-09  6.62849e-12
      1290.61  3.33047e-09  6.57627e-12
      1290.94  2.61610e-09  6.07137e-12
      1291.27  2.02904e-09  5.41611e-12
      1291.61  2.30984e-09  5.51595e-12
      1291.94  3.60427e-09  6.15955e-12
      1292.27  6.16291e-09  7.50740e-12
      1292.61  8.89261e-09  9.24807e-12
      1292.94  6.37093e-09  7.59637e-12
      1293.28  4.89501e-09  6.71145e-12
      1293.61  6.42244e-09  7.77752e-12
      1293.95  8.17226e-09  8.35860e-12
      1294.28  1.26409e-08  1.05583e-11
      1294.62  1.42974e-08  1.19653e-11
      1294.95  1.10873e-08  1.00128e-11
      1295.29  1.12764e-08  9.43861e-12
      1295.62  9.55603e-09  8.71917e-12
      1295.96  6.87628e-09  7.70291e-12
      1296.29  6.00134e-09  7.77534e-12
      1296.63  6.30491e-09  8.30284e-12
      1296.97  7.90645e-09  9.18438e-12
      1297.30  1.23951e-08  1.12812e-11
      1297.64  1.66494e-08  1.31145e-11
      1297.98  1.40503e-08  1.15978e-11
      1298.31  8.71084e-09  9.11291e-12
      1298.65  4.93035e-09  7.07384e-12
      1298.99  3.80179e-09  6.30912e-12
      1299.33  6.58424e-09  8.13695e-12
      1299.66  1.17721e-08  1.09240e-11
      1300.00  1.33369e-08  1.10918e-11
      1300.34  1.14654e-08  9.79237e-12
      1300.68  7.90822e-09  7.64048e-12
      1301.02  8.23960e-09  7.40022e-12
      1301.35  1.42884e-08  1.01337e-11
      1301.69  1.71695e-08  1.13560e-11
      1302.03  1.66628e-08  1.18366e-11
      1302.37  1.47236e-08  1.12052e-11
      1302.71  1.72274e-08  1.27581e-11
      1303.05  1.87595e-08  1.30425e-11
      1303.39  2.17458e-08  1.40966e-11
      1303.73  2.34699e-08  1.46715e-11
      1304.07  2.15334e-08  1.39626e-11
      1304.41  2.19452e-08  1.46291e-11
      1304.75  2.34067e-08  1.55575e-11
      1305.09  2.44933e-08  1.59827e-11
      1305.43  2.92442e-08  1.75427e-11
      1305.77  3.49993e-08  1.85477e-11
      1306.11  3.52916e-08  1.79764e-11
      1306.46  2.34061e-08  1.38342e-11
      1306.80  1.08425e-08  8.96490e-12
      1307.14  5.51841e-09  6.60311e-12
      1307.48  3.89461e-09  6.32270e-12
      1307.82  2.98388e-09  5.86819e-12
      1308.16  3.03208e-09  5.45950e-12
      1308.51  3.58127e-09  6.02647e-12
      1308.85  2.98373e-09  5.49553e-12
      1309.19  2.16667e-09  4.71414e-12
      1309.53  1.99852e-09  4.59550e-12
      1309.88  1.98305e-09  4.64983e-12
      1310.22  2.13395e-09  4.99370e-12
      1310.56  2.74206e-09  5.77499e-12
      1310.91  4.95820e-09  7.57648e-12
      1311.25  9.01778e-09  1.03389e-11
      1311.60  9.19972e-09  1.02359e-11
      1311.94  5.49888e-09  7.57093e-12
      1312.28  2.90551e-09  5.38686e-12
      1312.63  2.00128e-09  4.54435e-12
      1312.97  1.73607e-09  4.14942e-12
      1313.32  2.27950e-09  4.66762e-12
      1313.66  3.58690e-09  5.91159e-12
      1314.01  3.08687e-09  5.61940e-12
      1314.35  1.85822e-09  4.75872e-12
      1314.70  1.44418e-09  4.16197e-12
      1315.05  1.43432e-09  4.05107e-12
      1315.39  1.59898e-09  4.18712e-12
      1315.74  1.99306e-09  4.85207e-12
      1316.08  2.98027e-09  5.83172e-12
      1316.43  6.03567e-09  8.10958e-12
      1316.78  1.03468e-08  1.12456e-11
      1317.12  8.27461e-09  1.00406e-11
      1317.47  3.95042e-09  6.90460e-12
      1317.82  2.32929e-09  5.30763e-12
      1318.17  2.36462e-09  4.96778e-12
      1318.51  3.83269e-09  6.01155e-12
      1318.86  4.73783e-09  6.65822e-12
      1319.21  3.29413e-09  5.66247e-12
      1319.56  2.05725e-09  4.98338e-12
      1319.91  2.01838e-09  5.31100e-12
      1320.25  1.97166e-09  4.79142e-12
      1320.60  1.96072e-09  4.61045e-12
      1320.95  2.35802e-09  4.88705e-12
      1321.30  3.33617e-09  5.52652e-12
      1321.65  6.82526e-09  7.72151e-12
      1322.00  1.30448e-08  1.17340e-11
      1322.35  1.12553e-08  1.11650e-11
      1322.70  5.53823e-09  8.06988e-12
      1323.05  3.40227e-09  6.64068e-12
      1323.40  3.74433e-09  6.76921e-12
      1323.75  4.44910e-09  6.89617e-12
      1324.10  4.65322e-09  6.79887e-12
      1324.45  3.44584e-09  5.57271e-12
      1324.80  2.45133e-09  4.80604e-12
      