227
      1249.95  8.03010e-09  1.51726e-11
      1250.27  4.05817e-09  1.15080e-11
      1250.58  1.61823e-09  8.72603e-12
      1250.89  1.26630e-09  8.23196e-12
      1251.20  1.54074e-09  8.49430e-12
      1251.52  2.21744e-09  8.99118e-12
      1251.83  3.63159e-09  1.06399e-11
      1252.14  4.55069e-09  1.17754e-11
      1252.46  4.28798e-09  1.16622e-11
      1252.77  3.98540e-09  1.16629e-11
      1253.09  6.71173e-09  1.51639e-11
      1253.40  1.27256e-08  2.11028e-11
      1253.71  1.55284e-08  2.34112e-11
      1254.03  9.38757e-09  1.72716e-11
      1254.34  4.58670e-09  1.18395e-11
      1254.66  5.89532e-09  1.28464e-11
      1254.97  8.82004e-09  1.59115e-11
      1255.29  5.96460e-09  1.31523e-11
      1255.60  2.87057e-09  9.61606e-12
      1255.92  3.14668e-09  1.06174e-11
      1256.23  5.44360e-09  1.30297e-11
      1256.55  8.50852e-09  1.63924e-11
      1256.87  5.85478e-09  1.27116e-11
      1257.18  2.79994e-09  8.61562e-12
      1257.50  2.14008e-09  7.37022e-12
      1257.81  2.41898e-09  7.62742e-12
      1258.13  2.97162e-09  8.46396e-12
      1258.45  2.92596e-09  8.35148e-12
      1258.76  3.07201e-09  8.55988e-12
      1259.08  5.45839e-09  1.08453e-11
      1259.40  1.12200e-08  1.51666e-11
      1259.72  1.49984e-08  1.70376e-11
      1260.03  1.11305e-08  1.37341e-11
      1260.35  8.24690e-09  1.12016e-11
      1260.67  1.04310e-08  1.29415e-11
      1260.99  9.53866e-09  1.24494e-11
      1261.30  7.84110e-09  1.14138e-11
      1261.62  9.65993e-09  1.38314e-11
      1261.94  1.01878e-08  1.41596e-11
      1262.26  1.03794e-08  1.49681e-11
      1262.58  7.47564e-09  1.22443e-11
      1262.90  8.18661e-09  1.23109e-11
      1263.22  1.27709e-08  1.60415e-11
      1263.54  1.00877e-08  1.38070e-11
      1263.86  6.25801e-09  1.11825e-11
      1264.17  4.97067e-09  1.09187e-11
      1264.49  3.61747e-09  9.64876e-12
      1264.81  4.04671e-09  1.01792e-11
      1265.13  8.19384e-09  1.46619e-11
      1265.45  1.26565e-08  1.80039e-11
      1265.77  1.19336e-08  1.67918e-11
      1266.10  7.18758e-09  1.25402e-11
      1266.42  3.53369e-09  8.50596e-12
      1266.74  2.75744e-09  7.88818e-12
      1267.06  3.65115e-09  9.08670e-12
      1267.38  7.82178e-09  1.31987e-11
      1267.70  1.40911e-08  1.83109e-11
      1268.02  1.49134e-08  1.80147e-11
      1268.34  1.46136e-08  1.75010e-11
      1268.67  1.31296e-08  1.52390e-11
      1268.99  1.31556e-08  1.49312e-11
      1269.31  9.85738e-09  1.22549e-11
      1269.63  6.37624e-09  9.73339e-12
      1269.95  5.29886e-09  9.08423e-12
      1270.28  6.62267e-09  1.00717e-11
      1270.60  1.15185e-08  1.40215e-11
      1270.92  1.35821e-08  1.48099e-11
      1271.25  1.47598e-08  1.51408e-11
      1271.57  1.43849e-08  1.47313e-11
      1271.89  8.35376e-09  1.06738e-11
      1272.22  3.67351e-09  7.28162e-12
      1272.54  2.37315e-09  6.51163e-12
      1272.86  2.01142e-09  6.35297e-12
      1273.19  1.93681e-09  6.77193e-12
      1273.51  2.36395e-09  7.65466e-12
      1273.84  3.52034e-09  9.41780e-12
      1274.16  4.54572e-09  1.03193e-11
      1274.49  6.12168e-09  1.11433e-11
      1274.81  1.08013e-08  1.44483e-11
      1275.14  1.46508e-08  1.68499e-11
      1275.46  1.29719e-08  1.59182e-11
      1275.79  8.39647e-09  1.31902e-11
      1276.11  5.47753e-09  1.10063e-11
      1276.44  7.43063e-09  1.29323e-11
      1276.76  1.28883e-08  1.78343e-11
      1277.09  1.28975e-08  1.62580e-11
      1277.42  1.34547e-08  1.64562e-11
      1277.74  8.95050e-09  1.23881e-11
      1278.07  4.09296e-09  8.05535e-12
      1278.40  2.59548e-09  7.25365e-12
      1278.72  2.05212e-09  6.66709e-12
      1279.05  2.07007e-09  6.48091e-12
      1279.38  2.70466e-09  7.32712e-12
      1279.71  3.98190e-09  8.58708e-12
      1280.03  5.10904e-09  9.47603e-12
      1280.36  4.66169e-09  8.36248e-12
      1280.69  4.92592e-09  8.45432e-12
      1281.02  6.52377e-09  9.66254e-12
      1281.34  9.63256e-09  1.22770e-11
      1281.67  1.14763e-08  1.42204e-11
      1282.00  8.90572e-09  1.28916e-11
      1282.33  9.36458e-09  1.39321e-11
      1282.66  1.45238e-08  1.80464e-11
      1282.99  1.84531e-08  2.01698e-11
      1283.32  1.83075e-08  1.96364e-11
      1283.65  1.24871e-08  1.56852e-11
      1283.98  6.41742e-09  1.12008e-11
      1284.31  3.73668e-09  8.98856e-12
      1284.64  2.88988e-09  8.43469e-12
      1284.97  2.89477e-09  8.72645e-12
      1285.30  3.38488e-09  9.61739e-12
      1285.63  2.90762e-09  8.82594e-12
      1285.96  2.75668e-09  7.90567e-12
      1286.29  4.15371e-09  8.61800e-12
      1286.62  5.69750e-09  9.64460e-12
      1286.95  5.34471e-09  8.89625e-12
      1287.28  6.89298e-09  1.04663e-11
      1287.61  1.18837e-08  1.34623e-11
      1287.95  1.40794e-08  1.48109e-11
      1288.28  1.39229e-08  1.49522e-11
      1288.61  1.39488e-08  1.49843e-11
      1288.94  1.36010e-08  1.49365e-11
      1289.27  9.64082e-09  1.21497e-11
      1289.61  7.09395e-09  1.05955e-11
      1289.94  5.56617e-09  9.75111e-12
      1290.27  3.87021e-09  8.68736e-12
      1290.61  3.35605e-09  8.85766e-12
      1290.94  2.58946e-09  8.43362e-12
      1291.27  2.02389e-09  7.88037e-12
      1291.61  2.32170e-09  7.95058e-12
      1291.94  3.65742e-09  9.32786e-12
      1292.27  6.18771e-09  1.10586e-11
      1292.61  9.08814e-09  1.35851e-11
      1292.94  6.30732e-09  1.07131e-11
      1293.28  4.83040e-09  9.31791e-12
      1293.61  6.50427e-09  1.13598e-11
      1293.95  8.35666e-09  1.20774e-11
      1294.28  1.26454e-08  1.48197e-11
      1294.62  1.40403e-08  1.49744e-11
      1294.95  1.16983e-08  1.26932e-11
      1295.29  1.11594e-08  1.22328e-11
      1295.62  9.47174e-09  1.12124e-11
      1295.96  6.90692e-09  1.02044e-11
      1296.29  6.03402e-09  9.89344e-12
      1296.63  6.33438e-09  1.07180e-11
      1296.97  8.05586e-09  1.25994e-11
      1297.30  1.26692e-08  1.58329e-11
      1297.64  1.66062e-08  1.83583e-11
      1297.98  1.37745e-08  1.63578e-11
      1298.31  8.55275e-09  1.26240e-11
      1298.65  4.82081e-09  9.66651e-12
      1298.99  3.79804e-09  8.81714e-12
      1299.33  6.72249e-09  1.19169e-11
      1299.66  1.20889e-08  1.65300e-11
      1300.00  1.33258e-08  1.66695e-11
      1300.34  1.14844e-08  1.51113e-11
      1300.68  7.62757e-09  1.12213e-11
      1301.02  8.11117e-09  1.04886e-11
      1301.35  1.48140e-08  1.46021e-11
      1301.69  1.72914e-08  1.51222e-11
      1302.03  1.67552e-08  1.52563e-11
      1302.37  1.45099e-08  1.41199e-11
      1302.71  1.73849e-08  1.64888e-11
      1303.05  1.88791e-08  1.69830e-11
      1303.39  2.18194e-08  1.86646e-11
      1303.73  2.35359e-08  1.94684e-11
      1304.07  2.15609e-08  1.84710e-11
      1304.41  2.19424e-08  1.93151e-11
      1304.75  2.34213e-08  2.09324e-11
      1305.09  2.47335e-08  2.21018e-11
      1305.43  2.95170e-08  2.49488e-11
      1305.77  3.50911e-08  2.75282e-11
      1306.11  3.44991e-08  2.66421e-11
      1306.46  2.28351e-08  2.04753e-11
      1306.80  1.07322e-08  1.33167e-11
      1307.14  5.48945e-09  9.38810e-12
      1307.48  3.73700e-09  7.80976e-12
      1307.82  3.01202e-09  7.15093e-12
      1308.16  3.07382e-09  7.28527e-12
      1308.51  3.56980e-09  8.03021e-12
      1308.85  2.92438e-09  7.17651e-12
      1309.19  2.17662e-09  6.26235e-12
      1309.53  1.99577e-09  5.94426e-12
      1309.88  1.98452e-09  6.04498e-12
      1310.22  2.13905e-09  6.44025e-12
      1310.56  2.74798e-09  7.52328e-12
      1310.91  5.07493e-09  1.03526e-11
      1311.25  9.37665e-09  1.49747e-11
      1311.60  9.12293e-09  1.47550e-11
      1311.94  5.24190e-09  1.09895e-11
      1312.28  2.79506e-09  8.10596e-12
      1312.63  1.96890e-09  6.75921e-12
      1312.97  1.72748e-09  6.60213e-12
      1313.32  2.29641e-09  6.74590e-12
      1313.66  3.71332e-09  8.63822e-12
      1314.01  3.03452e-09  7.62331e-12
      1314.35  1.78697e-09  6.17176e-12
      1314.70  1.43099e-09  5.52300e-12
      1315.05  1.43728e-09  5.26445e-12
      1315.39  1.60937e-09  5.36306e-12
      1315.74  2.01719e-09  5.99688e-12
      1316.08  3.09386e-09  7.32433e-12
      1316.43  6.27171e-09  1.07195e-11
      1316.78  1.03819e-08  1.51779e-11
      1317.12  8.08467e-09  1.35868e-11
      1317.47  3.76322e-09  9.52314e-12
      1317.82  2.28999e-09  7.82779e-12
      1318.17  2.43930e-09  7.42456e-12
      1318.51  3.91179e-09  9.06708e-12
      1318.86  4.66009e-09  9.74151e-12
      1319.21  3.17592e-09  7.87567e-12
      1319.56  1.95276e-09  6.56543e-12
      1319.91  1.96848e-09  6.70906e-12
      1320.25  1.97109e-09  9.23259e-12
      1320.60  1.97871e-09  7.07461e-12
      1320.95  2.38664e-09  6.42315e-12
      1321.30  3.47330e-09  7.26156e-12
      1321.65  7.32755e-09  1.02890e-11
      1322.00  1.29715e-08  1.49122e-11
      1322.35  1.07784e-08  1.44150e-11
      1322.70  5.42788e-09  1.07030e-11
      1323.05  3.45662e-09  9.24028e-12
      1323.40  3.80833e-09  1.01002e-11
      1323.75  4.48581e-09  1.04443e-11
      1324.10  4.60173e-09  1.01328e-11
      1324.45  3.34665e-09  8.40799e-12
      1324.80  2.44172e-09  7.18997e-12
      