227
      1249.95  8.09956e-09  1.96203e-11
      1250.27  3.89379e-09  1.42705e-11
      1250.58  1.54001e-09  1.07085e-11
      1250.89  1.27091e-09  1.02798e-11
      1251.20  1.56784e-09  1.06232e-11
      1251.52  2.25258e-09  1.09665e-11
      1251.83  3.63645e-09  1.28753e-11
      1252.14  4.45178e-09  1.82986e-11
      1252.46  4.60030e-09  2.24000e-11
      1252.77  4.61960e-09  2.31058e-11
      1253.09  0.00000e+00  0.00000e+00
      1253.40  0.00000e+00  0.00000e+00
      1253.71  4.51929e-09  2.40122e-11
      1254.03  4.43859e-09  2.15637e-11
      1254.34  4.25554e-09  1.44211e-11
      1254.66  6.12288e-09  1.50187e-11
      1254.97  8.91170e-09  1.87083e-11
      1255.29  5.68622e-09  1.49412e-11
      1255.60  2.80428e-09  1.15280e-11
      1255.92  3.16193e-09  1.24751e-11
      1256.23  5.49943e-09  1.56190e-11
      1256.55  8.76669e-09  2.03039e-11
      1256.87  5.64740e-09  1.53661e-11
      1257.18  2.64385e-09  1.07073e-11
      1257.50  2.11839e-09  9.41522e-12
      1257.81  2.43220e-09  9.98828e-12
      1258.13  2.96352e-09  1.11537e-11
      1258.45  2.93234e-09  1.14317e-11
      1258.76  3.15225e-09  1.17419e-11
      1259.08  5.72776e-09  1.52024e-11
      1259.40  1.15130e-08  2.13181e-11
      1259.72  1.49137e-08  2.39455e-11
      1260.03  1.09364e-08  1.91390e-11
      1260.35  8.33868e-09  1.58095e-11
      1260.67  1.05842e-08  1.83792e-11
      1260.99  9.40967e-09  1.74351e-11
      1261.30  7.72357e-09  1.55395e-11
      1261.62  9.82892e-09  1.89716e-11
      1261.94  1.00839e-08  1.89851e-11
      1262.26  1.05981e-08  2.01201e-11
      1262.58  7.34638e-09  1.55343e-11
      1262.90  8.14289e-09  1.55939e-11
      1263.22  1.27819e-08  2.01244e-11
      1263.54  1.00839e-08  1.69808e-11
      1263.86  6.43323e-09  1.57647e-11
      1264.17  5.69289e-09  2.09349e-11
      1264.49  5.59845e-09  2.23252e-11
      1264.81  0.00000e+00  0.00000e+00
      1265.13  0.00000e+00  0.00000e+00
      1265.45  5.08885e-09  2.07976e-11
      1265.77  4.98994e-09  1.98494e-11
      1266.10  4.36779e-09  1.47486e-11
      1266.42  2.98544e-09  9.58243e-12
      1266.74  2.68814e-09  9.36214e-12
      1267.06  3.73735e-09  1.06783e-11
      1267.38  8.14976e-09  1.58578e-11
      1267.70  1.44345e-08  2.24222e-11
      1268.02  1.47663e-08  2.17642e-11
      1268.34  1.47081e-08  2.19126e-11
      1268.67  1.29817e-08  1.91434e-11
      1268.99  1.32210e-08  1.94038e-11
      1269.31  9.58509e-09  1.59232e-11
      1269.63  6.21096e-09  1.30601e-11
      1269.95  5.32906e-09  1.25442e-11
      1270.28  6.92709e-09  1.44927e-11
      1270.60  1.15967e-08  1.97078e-11
      1270.92  1.36803e-08  2.08559e-11
      1271.25  1.48310e-08  2.12962e-11
      1271.57  1.40645e-08  2.04212e-11
      1271.89  8.16922e-09  1.47031e-11
      1272.22  3.66376e-09  9.93687e-12
      1272.54  2.36925e-09  8.48668e-12
      1272.86  2.02062e-09  8.27613e-12
      1273.19  1.93961e-09  8.66126e-12
      1273.51  2.18092e-09  1.06803e-11
      1273.84  2.36070e-09  1.52924e-11
      1274.16  2.39000e-09  1.63050e-11
      1274.49  0.00000e+00  0.00000e+00
      1274.81  0.00000e+00  0.00000e+00
      1275.14  7.04106e-09  2.42251e-11
      1275.46  6.96461e-09  2.34215e-11
      1275.79  6.44325e-09  1.85476e-11
      1276.11  5.32541e-09  1.28433e-11
      1276.44  7.81073e-09  1.57401e-11
      1276.76  1.30596e-08  2.13609e-11
      1277.09  1.30018e-08  1.98381e-11
      1277.42  1.31631e-08  2.02246e-11
      1277.74  8.60224e-09  1.72386e-11
      1278.07  3.98007e-09  1.04289e-11
      1278.40  2.52104e-09  8.69021e-12
      1278.72  2.05722e-09  8.55087e-12
      1279.05  2.09537e-09  9.04929e-12
      1279.38  2.75563e-09  1.04732e-11
      1279.71  4.06342e-09  1.23137e-11
      1280.03  5.09342e-09  1.33574e-11
      1280.36  4.59500e-09  1.18066e-11
      1280.69  4.98636e-09  1.19520e-11
      1281.02  6.56560e-09  1.32383e-11
      1281.34  9.78346e-09  1.63552e-11
      1281.67  1.16824e-08  1.88405e-11
      1282.00  8.67502e-09  1.75044e-11
      1282.33  6.90362e-09  2.23658e-11
      1282.66  6.62900e-09  2.40606e-11
      1282.99  0.00000e+00  0.00000e+00
      1283.32  0.00000e+00  0.00000e+00
      1283.65  3.89779e-09  1.72254e-11
      1283.98  3.82315e-09  1.55896e-11
      1284.31  3.41107e-09  1.07430e-11
      1284.64  2.84823e-09  9.82972e-12
      1284.97  2.93857e-09  1.01454e-11
      1285.30  3.36403e-09  1.14774e-11
      1285.63  2.87271e-09  1.03313e-11
      1285.96  2.83732e-09  9.67460e-12
      1286.29  4.32817e-09  1.14765e-11
      1286.62  5.69819e-09  1.26235e-11
      1286.95  5.31307e-09  1.18012e-11
      1287.28  7.17279e-09  1.37282e-11
      1287.61  1.21177e-08  1.89408e-11
      1287.95  1.40192e-08  2.08171e-11
      1288.28  1.38858e-08  2.08099e-11
      1288.61  1.39489e-08  2.06744e-11
      1288.94  1.36664e-08  2.05005e-11
      1289.27  9.52183e-09  1.72229e-11
      1289.61  7.39771e-09  2.12575e-11
      1289.94  7.07706e-09  2.28451e-11
      1290.27  0.00000e+00  0.00000e+00
      1290.61  0.00000e+00  0.00000e+00
      1290.94  0.00000e+00  0.00000e+00
      1291.27  3.82629e-09  1.82590e-11
      1291.61  3.88075e-09  1.75885e-11
      1291.94  4.32354e-09  1.40604e-11
      1292.27  6.51517e-09  1.34722e-11
      1292.61  8.94271e-09  1.60988e-11
      1292.94  6.09905e-09  1.24982e-11
      1293.28  4.96138e-09  1.18213e-11
      1293.61  6.59125e-09  1.44318e-11
      1293.95  8.71448e-09  1.62358e-11
      1294.28  1.28625e-08  2.01362e-11
      1294.62  1.38601e-08  2.06362e-11
      1294.95  1.16999e-08  1.78430e-11
      1295.29  1.11456e-08  1.73953e-11
      1295.62  9.26855e-09  1.56983e-11
      1295.96  6.83492e-09  1.35103e-11
      1296.29  6.02543e-09  1.35519e-11
      1296.63  6.05339e-09  1.87090e-11
      1296.97  6.08903e-09  2.23616e-11
      1297.30  6.09404e-09  2.28994e-11
      1297.64  0.00000e+00  0.00000e+00
      1297.98  0.00000e+00  0.00000e+00
      1298.31  3.12772e-09  1.62824e-11
      1298.65  3.20480e-09  1.53264e-11
      1298.99  3.83070e-09  1.18831e-11
      1299.33  7.15856e-09  1.44017e-11
      1299.66  1.26357e-08  2.00357e-11
      1300.00  1.32383e-08  1.99873e-11
      1300.34  1.12173e-08  1.83298e-11
      1300.68  7.37946e-09  1.39975e-11
      1301.02  8.51981e-09  1.44629e-11
      1301.35  1.51439e-08  1.99994e-11
      1301.69  1.72935e-08  2.10426e-11
      1302.03  1.65243e-08  2.12041e-11
      1302.37  1.48060e-08  2.01816e-11
      1302.71  1.73997e-08  2.26488e-11
      1303.05  1.86325e-08  2.64100e-11
      1303.39  1.82808e-08  3.53544e-11
      1303.73  1.82099e-08  3.72624e-11
      1304.07  0.00000e+00  0.00000e+00
      1304.41  0.00000e+00  0.00000e+00
      1304.75  3.23463e-08  5.10084e-11
      1305.09  3.24320e-08  4.99309e-11
      1305.43  3.31205e-08  4.24705e-11
      1305.77  3.57005e-08  3.31356e-11
      1306.11  3.37719e-08  3.11517e-11
      1306.46  2.13299e-08  2.36845e-11
      1306.80  9.95424e-09  1.57789e-11
      1307.14  5.26429e-09  1.18455e-11
      1307.48  3.65579e-09  1.03850e-11
      1307.82  2.98507e-09  9.77435e-12
      1308.16  3.11228e-09  1.03446e-11
      1308.51  3.62954e-09  1.16380e-11
      1308.85  2.83978e-09  1.01387e-11
      1309.19  2.15312e-09  9.52681e-12
      1309.53  2.03627e-09  1.28838e-11
      1309.88  2.02480e-09  1.36858e-11
      1310.22  0.00000e+00  0.00000e+00
      1310.56  0.00000e+00  0.00000e+00
      1310.91  0.00000e+00  0.00000e+00
      1311.25  3.79059e-09  1.80885e-11
      1311.60  3.75471e-09  1.75587e-11
      1311.94  3.47740e-09  1.40140e-11
      1312.28  2.57172e-09  9.26709e-12
      1312.63  1.90350e-09  7.96469e-12
      1312.97  1.72963e-09  7.52871e-12
      1313.32  2.43800e-09  8.73577e-12
      1313.66  3.70569e-09  1.11961e-11
      1314.01  2.91233e-09  1.00948e-11
      1314.35  1.74447e-09  8.54159e-12
      1314.70  1.42320e-09  7.89591e-12
      1315.05  1.43870e-09  7.47124e-12
      1315.39  1.49884e-09  9.99683e-12
      1315.74  1.51237e-09  1.16037e-11
      1316.08  1.51398e-09  1.18209e-11
      1316.43  0.00000e+00  0.00000e+00
      1316.78  0.00000e+00  0.00000e+00
      1317.12  0.00000e+00  0.00000e+00
      1317.47  1.96199e-09  1.33773e-11
      1317.82  2.03983e-09  1.23319e-11
      1318.17  2.60565e-09  9.54254e-12
      1318.51  4.11572e-09  1.11178e-11
      1318.86  4.57480e-09  1.16590e-11
      1319.21  2.94626e-09  9.45921e-12
      1319.56  1.91606e-09  8.39007e-12
      1319.91  1.99364e-09  9.09840e-12
      1320.25  1.96037e-09  9.05448e-12
      1320.60  1.98116e-09  8.63698e-12
      1320.95  2.36264e-09  9.41389e-12
      1321.30  2.62715e-09  1.34518e-11
      1321.65  2.67236e-09  1.48582e-11
      1322.00  2.67741e-09  1.50280e-11
      1322.35  0.00000e+00  0.00000e+00
      1322.70  0.00000e+00  0.00000e+00
      1323.05  0.00000e+00  0.00000e+00
      1323.40  4.90706e-09  2.03349e-11
      1323.75  4.89571e-09  1.81197e-11
      1324.10  4.59333e-09  1.23144e-11
      1324.45  3.14805e-09  9.45026e-12
      1324.80  2.37590e-09  8.66047e-12
      