227
      1249.95  0.00000e+00  0.00000e+00
      1250.27  0.00000e+00  0.00000e+00
      1250.58  0.00000e+00  0.00000e+00
      1250.89  0.00000e+00  0.00000e+00
      1251.20  0.00000e+00  0.00000e+00
      1251.52  0.00000e+00  0.00000e+00
      1251.83  0.00000e+00  0.00000e+00
      1252.14  0.00000e+00  0.00000e+00
      1252.46  0.00000e+00  0.00000e+00
      1252.77  0.00000e+00  0.00000e+00
      1253.09  0.00000e+00  0.00000e+00
      1253.40  0.00000e+00  0.00000e+00
      1253.71  0.00000e+00  0.00000e+00
      1254.03  0.00000e+00  0.00000e+00
      1254.34  0.00000e+00  0.00000e+00
      1254.66  0.00000e+00  0.00000e+00
      1254.97  0.00000e+00  0.00000e+00
      1255.29  0.00000e+00  0.00000e+00
      1255.60  0.00000e+00  0.00000e+00
      1255.92  0.00000e+00  0.00000e+00
      1256.23  0.00000e+00  0.00000e+00
      1256.55  2.19405e-09  1.77565e-11
      1256.87  2.18628e-09  1.71577e-11
      1257.18  2.13635e-09  1.37279e-11
      1257.50  2.04655e-09  9.95116e-12
      1257.81  2.35030e-09  1.03857e-11
      1258.13  2.90835e-09  1.19184e-11
      1258.45  2.83189e-09  1.16742e-11
      1258.76  3.00416e-09  1.22398e-11
      1259.08  5.37243e-09  1.57569e-11
      1259.40  1.09372e-08  2.19641e-11
      1259.72  1.46017e-08  2.50573e-11
      1260.03  1.08706e-08  2.04681e-11
      1260.35  8.07556e-09  1.71333e-11
      1260.67  1.01572e-08  1.96861e-11
      1260.99  9.30403e-09  1.90641e-11
      1261.30  7.61527e-09  1.75390e-11
      1261.62  9.20814e-09  3.09467e-11
      1261.94  1.00966e-08  4.38807e-11
      1262.26  1.02443e-08  4.63317e-11
      1262.58  0.00000e+00  0.00000e+00
      1262.90  0.00000e+00  0.00000e+00
      1263.22  0.00000e+00  0.00000e+00
      1263.54  0.00000e+00  0.00000e+00
      1263.86  0.00000e+00  0.00000e+00
      1264.17  0.00000e+00  0.00000e+00
      1264.49  0.00000e+00  0.00000e+00
      1264.81  0.00000e+00  0.00000e+00
      1265.13  0.00000e+00  0.00000e+00
      1265.45  0.00000e+00  0.00000e+00
      1265.77  0.00000e+00  0.00000e+00
      1266.10  0.00000e+00  0.00000e+00
      1266.42  0.00000e+00  0.00000e+00
      1266.74  0.00000e+00  0.00000e+00
      1267.06  0.00000e+00  0.00000e+00
      1267.38  0.00000e+00  0.00000e+00
      1267.70  0.00000e+00  0.00000e+00
      1268.02  1.30279e-08  3.39522e-11
      1268.34  1.29232e-08  3.08909e-11
      1268.67  1.26008e-08  2.11414e-11
      1268.99  1.27287e-08  1.96745e-11
      1269.31  9.49724e-09  1.66202e-11
      1269.63  6.18224e-09  1.36904e-11
      1269.95  5.15756e-09  1.31223e-11
      1270.28  6.47023e-09  1.47010e-11
      1270.60  1.13628e-08  2.08123e-11
      1270.92  1.33163e-08  2.20803e-11
      1271.25  1.44097e-08  2.26824e-11
      1271.57  1.39848e-08  2.22263e-11
      1271.89  8.16743e-09  1.62604e-11
      1272.22  3.64907e-09  1.16112e-11
      1272.54  2.60108e-09  1.43862e-11
      1272.86  2.46595e-09  1.63060e-11
      1273.19  2.44989e-09  1.65894e-11
      1273.51  0.00000e+00  0.00000e+00
      1273.84  0.00000e+00  0.00000e+00
      1274.16  0.00000e+00  0.00000e+00
      1274.49  0.00000e+00  0.00000e+00
      1274.81  0.00000e+00  0.00000e+00
      1275.14  0.00000e+00  0.00000e+00
      1275.46  0.00000e+00  0.00000e+00
      1275.79  0.00000e+00  0.00000e+00
      1276.11  0.00000e+00  0.00000e+00
      1276.44  0.00000e+00  0.00000e+00
      1276.76  0.00000e+00  0.00000e+00
      1277.09  0.00000e+00  0.00000e+00
      1277.42  3.23213e-09  1.67017e-11
      1277.74  3.20569e-09  1.61136e-11
      1278.07  3.01885e-09  1.26885e-11
      1278.40  2.43509e-09  9.19681e-12
      1278.72  1.99766e-09  9.08805e-12
      1279.05  2.01824e-09  9.27202e-12
      1279.38  2.62997e-09  1.07371e-11
      1279.71  3.87221e-09  1.27817e-11
      1280.03  4.96785e-09  1.40908e-11
      1280.36  4.55845e-09  1.28330e-11
      1280.69  4.81321e-09  1.28562e-11
      1281.02  6.34400e-09  1.45371e-11
      1281.34  9.28614e-09  1.80575e-11
      1281.67  1.15886e-08  2.75742e-11
      1282.00  1.21060e-08  3.32098e-11
      1282.33  1.21729e-08  3.40579e-11
      1282.66  0.00000e+00  0.00000e+00
      1282.99  0.00000e+00  0.00000e+00
      1283.32  0.00000e+00  0.00000e+00
      1283.65  0.00000e+00  0.00000e+00
      1283.98  0.00000e+00  0.00000e+00
      1284.31  0.00000e+00  0.00000e+00
      1284.64  0.00000e+00  0.00000e+00
      1284.97  0.00000e+00  0.00000e+00
      1285.30  0.00000e+00  0.00000e+00
      1285.63  0.00000e+00  0.00000e+00
      1285.96  5.42161e-09  2.11483e-11
      1286.29  5.48976e-09  1.92751e-11
      1286.62  5.69676e-09  1.41144e-11
      1286.95  5.17884e-09  1.23689e-11
      1287.28  6.76990e-09  1.41889e-11
      1287.61  1.15993e-08  1.97711e-11
      1287.95  1.36284e-08  2.18038e-11
      1288.28  1.35105e-08  2.21505e-11
      1288.61  1.35513e-08  2.22377e-11
      1288.94  1.32128e-08  2.18329e-11
      1289.27  9.41320e-09  1.78830e-11
      1289.61  7.15415e-09  2.00506e-11
      1289.94  6.84576e-09  2.49232e-11
      1290.27  6.81294e-09  2.57746e-11
      1290.61  0.00000e+00  0.00000e+00
      1290.94  0.00000e+00  0.00000e+00
      1291.27  0.00000e+00  0.00000e+00
      1291.61  0.00000e+00  0.00000e+00
      1291.94  0.00000e+00  0.00000e+00
      1292.27  0.00000e+00  0.00000e+00
      1292.61  0.00000e+00  0.00000e+00
      1292.94  0.00000e+00  0.00000e+00
      1293.28  6.96096e-09  2.57863e-11
      1293.61  7.11627e-09  2.39642e-11
      1293.95  8.36286e-09  1.83253e-11
      1294.28  1.24338e-08  2.09405e-11
      1294.62  1.36363e-08  2.12654e-11
      1294.95  1.13346e-08  1.83746e-11
      1295.29  1.08902e-08  1.83004e-11
      1295.62  9.21063e-09  1.68385e-11
      1295.96  6.72323e-09  1.46010e-11
      1296.29  5.88185e-09  1.42956e-11
      1296.63  6.12933e-09  1.52264e-11
      1296.97  6.83044e-09  1.98094e-11
      1297.30  7.12180e-09  2.65350e-11
      1297.64  7.16541e-09  2.78498e-11
      1297.98  0.00000e+00  0.00000e+00
      1298.31  0.00000e+00  0.00000e+00
      1298.65  0.00000e+00  0.00000e+00
      1298.99  0.00000e+00  0.00000e+00
      1299.33  0.00000e+00  0.00000e+00
      1299.66  0.00000e+00  0.00000e+00
      1300.00  0.00000e+00  0.00000e+00
      1300.34  5.42296e-09  2.07234e-11
      1300.68  5.73702e-09  1.86632e-11
      1301.02  8.16232e-09  1.53104e-11
      1301.35  1.45760e-08  2.03875e-11
      1301.69  1.67750e-08  2.17273e-11
      1302.03  1.62914e-08  2.25722e-11
      1302.37  1.40613e-08  2.09936e-11
      1302.71  1.70567e-08  2.45432e-11
      1303.05  1.84327e-08  2.47188e-11
      1303.39  2.12786e-08  2.64811e-11
      1303.73  2.30469e-08  3.05957e-11
      1304.07  2.27727e-08  4.15690e-11
      1304.41  2.27028e-08  4.40761e-11
      1304.75  0.00000e+00  0.00000e+00
      1305.09  0.00000e+00  0.00000e+00
      1305.43  0.00000e+00  0.00000e+00
      1305.77  0.00000e+00  0.00000e+00
      1306.11  0.00000e+00  0.00000e+00
      1306.46  0.00000e+00  0.00000e+00
      1306.80  3.45172e-09  1.72988e-11
      1307.14  3.43033e-09  1.66034e-11
      1307.48  3.27928e-09  1.27745e-11
      1307.82  2.90327e-09  1.08511e-11
      1308.16  3.00425e-09  1.13251e-11
      1308.51  3.45284e-09  1.19420e-11
      1308.85  2.89198e-09  1.16276e-11
      1309.19  2.39760e-09  1.47138e-11
      1309.53  1.91436e-09  1.26771e-11
      1309.88  1.91317e-09  1.07116e-11
      1310.22  1.92040e-09  1.45174e-11
      1310.56  1.92169e-09  1.55519e-11
      1310.91  0.00000e+00  0.00000e+00
      1311.25  0.00000e+00  0.00000e+00
      1311.60  0.00000e+00  0.00000e+00
      1311.94  0.00000e+00  0.00000e+00
      1312.28  0.00000e+00  0.00000e+00
      1312.63  0.00000e+00  0.00000e+00
      1312.97  4.58587e-09  2.02173e-11
      1313.32  4.54098e-09  1.96469e-11
      1313.66  4.18503e-09  1.58465e-11
      1314.01  2.86162e-09  1.09625e-11
      1314.35  1.69969e-09  8.94849e-12
      1314.70  1.37955e-09  8.21475e-12
      1315.05  1.38907e-09  8.10509e-12
      1315.39  1.55793e-09  8.16562e-12
      1315.74  1.96736e-09  9.01989e-12
      1316.08  3.00591e-09  1.05955e-11
      1316.43  5.19366e-09  1.61908e-11
      1316.78  6.37508e-09  2.41082e-11
      1317.12  6.54626e-09  2.55810e-11
      1317.47  0.00000e+00  0.00000e+00
      1317.82  0.00000e+00  0.00000e+00
      1318.17  0.00000e+00  0.00000e+00
      1318.51  0.00000e+00  0.00000e+00
      1318.86  0.00000e+00  0.00000e+00
      1319.21  1.84753e-09  1.51287e-11
      1319.56  1.86137e-09  1.40392e-11
      1319.91  1.93071e-09  1.02918e-11
      1320.25  1.90156e-09  9.46235e-12
      1320.60  1.91658e-09  9.26216e-12
      1320.95  2.34323e-09  9.68786e-12
      1321.30  3.41986e-09  1.09041e-11
      1321.65  7.22080e-09  1.50300e-11
      1322.00  1.26439e-08  2.12118e-11
      1322.35  1.17285e-08  2.38803e-11
      1322.70  1.03810e-08  3.02299e-11
      1323.05  1.01744e-08  3.15320e-11
      1323.40  0.00000e+00  0.00000e+00
      1323.75  0.00000e+00  0.00000e+00
      1324.10  0.00000e+00  0.00000e+00
      1324.45  0.00000e+00  0.00000e+00
      1324.80  2.07407e-09  1.47025e-11
      