227
      1249.95  7.95328e-09  1.43490e-11
      1250.27  4.03358e-09  1.05678e-11
      1250.58  1.59687e-09  7.76273e-12
      1250.89  1.24403e-09  7.36703e-12
      1251.20  1.49340e-09  7.43343e-12
      1251.52  2.17429e-09  7.45166e-12
      1251.83  3.56101e-09  8.96746e-12
      1252.14  4.47314e-09  9.93218e-12
      1252.46  4.22697e-09  9.93235e-12
      1252.77  3.86049e-09  9.79605e-12
      1253.09  6.50058e-09  1.27262e-11
      1253.40  1.25666e-08  1.79719e-11
      1253.71  1.56571e-08  2.05162e-11
      1254.03  9.36775e-09  1.50794e-11
      1254.34  4.51488e-09  1.03448e-11
      1254.66  5.75600e-09  1.16258e-11
      1254.97  8.76231e-09  1.49932e-11
      1255.29  5.97908e-09  1.25771e-11
      1255.60  2.83526e-09  9.30526e-12
      1255.92  3.12273e-09  1.05820e-11
      1256.23  5.40731e-09  1.34757e-11
      1256.55  8.35670e-09  1.72969e-11
      1256.87  5.88219e-09  1.40352e-11
      1257.18  2.81026e-09  9.63868e-12
      1257.50  2.11366e-09  8.68557e-12
      1257.81  2.39215e-09  9.41328e-12
      1258.13  2.95801e-09  1.09783e-11
      1258.45  2.88901e-09  1.08611e-11
      1258.76  3.01513e-09  1.06352e-11
      1259.08  5.35994e-09  1.31867e-11
      1259.40  1.12053e-08  1.87256e-11
      1259.72  1.51581e-08  2.09640e-11
      1260.03  1.11672e-08  1.67286e-11
      1260.35  8.13540e-09  1.35227e-11
      1260.67  1.04136e-08  1.52982e-11
      1260.99  9.62614e-09  1.44524e-11
      1261.30  7.81195e-09  1.27991e-11
      1261.62  9.53422e-09  1.48082e-11
      1261.94  1.00721e-08  1.48883e-11
      1262.26  1.01286e-08  1.49269e-11
      1262.58  7.47644e-09  1.20084e-11
      1262.90  8.06274e-09  1.14413e-11
      1263.22  1.23952e-08  1.42445e-11
      1263.54  1.00155e-08  1.22016e-11
      1263.86  6.24080e-09  9.71971e-12
      1264.17  4.90545e-09  9.15240e-12
      1264.49  3.55263e-09  8.52128e-12
      1264.81  3.88018e-09  9.37676e-12
      1265.13  8.00381e-09  1.22395e-11
      1265.45  1.25480e-08  1.51758e-11
      1265.77  1.09734e-08  1.39121e-11
      1266.10  5.77393e-09  9.88660e-12
      1266.42  2.98562e-09  7.44694e-12
      1266.74  2.63079e-09  7.48431e-12
      1267.06  3.60514e-09  8.80473e-12
      1267.38  7.72266e-09  1.32565e-11
      1267.70  1.39534e-08  1.89825e-11
      1268.02  1.49404e-08  1.92565e-11
      1268.34  1.45324e-08  1.91413e-11
      1268.67  1.32091e-08  1.75164e-11
      1268.99  1.30275e-08  1.78372e-11
      1269.31  9.92041e-09  1.60798e-11
      1269.63  6.40993e-09  1.29998e-11
      1269.95  5.29788e-09  1.15868e-11
      1270.28  6.63853e-09  1.25410e-11
      1270.60  1.15105e-08  1.73781e-11
      1270.92  1.35442e-08  2.01989e-11
      1271.25  1.47998e-08  1.85545e-11
      1271.57  1.45405e-08  1.70670e-11
      1271.89  8.35888e-09  1.19450e-11
      1272.22  3.65049e-09  7.69493e-12
      1272.54  2.33870e-09  6.60913e-12
      1272.86  1.99654e-09  7.12229e-12
      1273.19  1.95585e-09  7.05461e-12
      1273.51  2.37716e-09  7.73895e-12
      1273.84  3.43985e-09  8.04599e-12
      1274.16  4.48414e-09  8.74720e-12
      1274.49  6.04223e-09  9.25684e-12
      1274.81  1.05929e-08  1.20275e-11
      1275.14  1.44222e-08  1.44396e-11
      1275.46  1.28625e-08  1.37817e-11
      1275.79  8.39675e-09  1.17735e-11
      1276.11  5.52874e-09  1.00912e-11
      1276.44  7.47404e-09  1.23889e-11
      1276.76  1.26258e-08  1.71449e-11
      1277.09  1.28782e-08  1.65669e-11
      1277.42  1.35218e-08  1.75033e-11
      1277.74  8.93612e-09  1.36142e-11
      1278.07  4.07199e-09  9.34102e-12
      1278.40  2.51526e-09  8.24143e-12
      1278.72  2.01713e-09  8.18243e-12
      1279.05  2.01678e-09  7.99874e-12
      1279.38  2.67104e-09  9.04977e-12
      1279.71  3.93428e-09  1.06591e-11
      1280.03  5.10348e-09  1.12877e-11
      1280.36  4.64455e-09  9.76798e-12
      1280.69  4.89383e-09  9.56312e-12
      1281.02  6.44068e-09  1.04239e-11
      1281.34  8.96857e-09  1.36422e-11
      1281.67  1.09239e-08  1.45191e-11
      1282.00  8.80501e-09  1.21930e-11
      1282.33  9.22225e-09  1.21262e-11
      1282.66  1.42201e-08  1.51422e-11
      1282.99  1.81638e-08  1.66509e-11
      1283.32  1.80476e-08  1.61606e-11
      1283.65  1.24497e-08  1.31469e-11
      1283.98  6.47490e-09  9.53789e-12
      1284.31  3.74392e-09  7.91343e-12
      1284.64  2.85155e-09  7.63094e-12
      1284.97  2.84190e-09  8.18151e-12
      1285.30  3.38830e-09  9.63808e-12
      1285.63  2.87606e-09  8.96046e-12
      1285.96  2.67560e-09  8.52048e-12
      1286.29  4.09626e-09  9.95881e-12
      1286.62  5.71186e-09  1.22193e-11
      1286.95  5.28448e-09  1.14630e-11
      1287.28  6.76480e-09  1.23783e-11
      1287.61  1.18912e-08  1.70379e-11
      1287.95  1.40549e-08  1.82884e-11
      1288.28  1.38926e-08  1.79151e-11
      1288.61  1.39061e-08  1.72585e-11
      1288.94  1.38484e-08  1.68563e-11
      1289.27  1.04865e-08  1.35076e-11
      1289.61  6.87222e-09  1.11432e-11
      1289.94  5.50262e-09  9.01689e-12
      1290.27  3.83721e-09  7.52752e-12
      1290.61  3.29293e-09  7.49718e-12
      1290.94  2.57364e-09  6.96686e-12
      1291.27  1.99821e-09  6.38576e-12
      1291.61  2.29137e-09  6.69092e-12
      1291.94  3.61039e-09  8.05520e-12
      1292.27  6.17275e-09  1.01143e-11
      1292.61  8.90478e-09  1.28536e-11
      1292.94  6.24459e-09  1.07924e-11
      1293.28  4.85145e-09  1.02318e-11
      1293.61  6.45804e-09  1.27666e-11
      1293.95  8.15926e-09  1.44277e-11
      1294.28  1.26923e-08  1.91111e-11
      1294.62  1.41545e-08  1.88233e-11
      1294.95  1.15780e-08  1.56088e-11
      1295.29  1.12149e-08  1.51121e-11
      1295.62  9.51282e-09  1.33339e-11
      1295.96  6.86628e-09  1.11004e-11
      1296.29  5.99899e-09  1.05282e-11
      1296.63  6.29765e-09  1.07159e-11
      1296.97  7.91217e-09  1.15395e-11
      1297.30  1.23240e-08  1.37089e-11
      1297.64  1.63645e-08  1.55208e-11
      1297.98  1.37118e-08  1.34904e-11
      1298.31  8.50674e-09  1.05753e-11
      1298.65  4.80018e-09  8.26903e-12
      1298.99  3.79906e-09  7.84660e-12
      1299.33  6.69380e-09  1.09901e-11
      1299.66  1.18771e-08  1.56950e-11
      1300.00  1.32628e-08  1.68375e-11
      1300.34  1.13856e-08  1.59359e-11
      1300.68  7.72535e-09  1.27943e-11
      1301.02  8.18969e-09  1.29557e-11
      1301.35  1.46087e-08  1.85342e-11
      1301.69  1.72471e-08  1.92617e-11
      1302.03  1.67723e-08  1.94383e-11
      1302.37  1.45314e-08  1.73313e-11
      1302.71  1.74601e-08  1.93126e-11
      1303.05  1.87280e-08  1.85779e-11
      1303.39  2.18129e-08  1.87833e-11
      1303.73  2.35422e-08  1.84708e-11
      1304.07  2.11876e-08  1.64576e-11
      1304.41  2.16461e-08  1.65039e-11
      1304.75  2.32206e-08  1.75491e-11
      1305.09  2.44264e-08  1.85206e-11
      1305.43  2.92599e-08  2.14757e-11
      1305.77  3.49483e-08  2.43447e-11
      1306.11  3.45862e-08  2.46788e-11
      1306.46  2.27679e-08  1.99513e-11
      1306.80  1.05905e-08  1.35717e-11
      1307.14  5.42002e-09  1.03929e-11
      1307.48  3.70142e-09  9.50850e-12
      1307.82  2.99255e-09  9.12520e-12
      1308.16  3.05608e-09  9.47773e-12
      1308.51  3.51874e-09  1.00340e-11
      1308.85  3.00162e-09  9.33766e-12
      1309.19  2.34539e-09  8.48114e-12
      1309.53  1.97605e-09  7.27168e-12
      1309.88  1.96869e-09  6.75491e-12
      1310.22  2.14514e-09  6.09839e-12
      1310.56  2.75829e-09  7.06304e-12
      1310.91  5.03811e-09  8.78069e-12
      1311.25  9.07446e-09  1.21641e-11
      1311.60  8.94536e-09  1.22389e-11
      1311.94  5.25274e-09  9.53345e-12
      1312.28  2.78891e-09  7.27141e-12
      1312.63  1.94679e-09  6.43029e-12
      1312.97  1.70823e-09  6.45630e-12
      1313.32  2.29372e-09  7.62559e-12
      1313.66  3.72177e-09  1.03402e-11
      1314.01  3.03285e-09  9.72278e-12
      1314.35  1.78374e-09  7.88162e-12
      1314.70  1.41931e-09  6.99395e-12
      1315.05  1.42089e-09  6.60576e-12
      1315.39  1.59408e-09  6.39224e-12
      1315.74  1.98395e-09  6.32001e-12
      1316.08  2.99659e-09  7.29983e-12
      1316.43  6.09736e-09  9.74860e-12
      1316.78  1.04516e-08  1.30950e-11
      1317.12  8.02196e-09  1.13627e-11
      1317.47  3.65269e-09  7.88992e-12
      1317.82  2.23228e-09  6.51953e-12
      1318.17  2.37539e-09  6.56156e-12
      1318.51  3.87299e-09  8.48238e-12
      1318.86  4.66568e-09  9.77012e-12
      1319.21  3.15742e-09  8.48947e-12
      1319.56  1.89450e-09  7.43319e-12
      1319.91  1.93625e-09  8.08956e-12
      1320.25  1.95217e-09  8.04606e-12
      1320.60  1.95426e-09  7.74382e-12
      1320.95  2.35656e-09  7.66662e-12
      1321.30  3.44327e-09  8.14045e-12
      1321.65  7.20594e-09  1.07658e-11
      1322.00  1.27934e-08  1.45258e-11
      1322.35  1.08667e-08  1.30731e-11
      1322.70  5.42393e-09  9.19152e-12
      1323.05  3.40614e-09  7.71230e-12
      1323.40  3.72046e-09  8.21849e-12
      1323.75  4.40792e-09  8.79455e-12
      1324.10  4.52867e-09  9.21933e-12
      1324.45  3.35865e-09  8.20009e-12
      1324.80  2.42063e-09  7.46423e-12
      