227
      1249.95  6.92294e-09  1.99378e-11
      1250.27  3.09111e-09  1.51939e-11
      1250.58  8.48170e-10  1.11982e-11
      1250.89  5.50666e-10  9.66368e-12
      1251.20  8.20909e-10  8.94341e-12
      1251.52  1.48518e-09  9.34835e-12
      1251.83  2.87705e-09  1.11799e-11
      1252.14  3.76245e-09  1.20677e-11
      1252.46  3.51733e-09  1.19037e-11
      1252.77  3.22930e-09  1.15384e-11
      1253.09  5.95041e-09  1.46244e-11
      1253.40  1.18987e-08  1.97170e-11
      1253.71  1.45254e-08  2.14320e-11
      1254.03  8.40896e-09  1.55706e-11
      1254.34  3.80135e-09  1.03038e-11
      1254.66  5.15799e-09  1.12204e-11
      1254.97  8.11646e-09  1.46059e-11
      1255.29  4.94394e-09  1.21983e-11
      1255.60  2.01806e-09  8.64392e-12
      1255.92  2.41572e-09  9.03079e-12
      1256.23  4.67328e-09  1.12691e-11
      1256.55  7.64752e-09  1.43622e-11
      1256.87  4.93459e-09  1.11999e-11
      1257.18  2.00735e-09  7.95557e-12
      1257.50  1.40716e-09  6.96094e-12
      1257.81  1.69499e-09  7.33790e-12
      1258.13  2.21851e-09  8.29761e-12
      1258.45  2.15477e-09  8.59234e-12
      1258.76  2.32062e-09  9.08894e-12
      1259.08  4.72882e-09  1.17964e-11
      1259.40  1.03337e-08  1.68494e-11
      1259.72  1.38155e-08  1.92458e-11
      1260.03  9.98138e-09  1.57144e-11
      1260.35  7.34031e-09  1.32040e-11
      1260.67  9.41498e-09  1.56287e-11
      1260.99  8.47243e-09  1.51721e-11
      1261.30  6.88903e-09  1.41247e-11
      1261.62  8.67020e-09  1.74775e-11
      1261.94  8.91025e-09  2.52222e-11
      1262.26  6.62327e-09  2.17032e-11
      1262.58  5.70124e-09  1.75920e-11
      1262.90  7.21247e-09  1.57538e-11
      1263.22  1.16728e-08  2.01383e-11
      1263.54  8.93225e-09  1.68375e-11
      1263.86  5.26122e-09  1.28335e-11
      1264.17  4.17232e-09  1.13208e-11
      1264.49  2.89499e-09  9.85662e-12
      1264.81  3.38517e-09  1.02362e-11
      1265.13  7.48368e-09  1.39787e-11
      1265.45  1.16915e-08  1.65920e-11
      1265.77  1.00422e-08  1.44754e-11
      1266.10  5.32494e-09  1.09099e-11
      1266.42  2.40633e-09  8.84644e-12
      1266.74  1.96343e-09  7.33729e-12
      1267.06  2.94753e-09  7.83957e-12
      1267.38  7.10514e-09  1.14155e-11
      1267.70  1.31788e-08  1.59862e-11
      1268.02  1.38401e-08  1.57358e-11
      1268.34  1.35647e-08  1.55398e-11
      1268.67  1.20773e-08  1.39343e-11
      1268.99  1.20718e-08  1.41975e-11
      1269.31  8.78759e-09  1.20614e-11
      1269.63  5.48338e-09  1.01245e-11
      1269.95  4.51069e-09  1.00222e-11
      1270.28  5.88938e-09  1.17214e-11
      1270.60  1.06194e-08  1.64543e-11
      1270.92  1.24079e-08  1.87408e-11
      1271.25  1.35301e-08  1.76507e-11
      1271.57  1.30436e-08  1.93921e-11
      1271.89  7.36857e-09  1.31979e-11
      1272.22  2.95821e-09  9.80190e-12
      1272.54  1.65526e-09  8.70573e-12
      1272.86  1.30452e-09  8.42382e-12
      1273.19  1.24366e-09  8.66103e-12
      1273.51  1.67606e-09  9.76026e-12
      1273.84  2.79906e-09  1.15879e-11
      1274.16  3.79874e-09  1.20045e-11
      1274.49  5.43105e-09  1.11710e-11
      1274.81  1.00833e-08  1.39940e-11
      1275.14  1.37851e-08  1.58999e-11
      1275.46  1.22059e-08  1.50280e-11
      1275.79  7.62237e-09  1.30565e-11
      1276.11  4.65501e-09  9.91703e-12
      1276.44  6.77431e-09  1.12206e-11
      1276.76  1.19823e-08  1.52062e-11
      1277.09  1.17502e-08  1.52493e-11
      1277.42  1.02854e-08  1.64814e-11
      1277.74  5.91201e-09  1.25030e-11
      1278.07  3.17212e-09  7.69497e-12
      1278.40  1.84627e-09  6.44280e-12
      1278.72  1.38828e-09  6.50626e-12
      1279.05  1.40669e-09  6.94858e-12
      1279.38  2.03633e-09  8.18485e-12
      1279.71  3.27730e-09  9.90257e-12
      1280.03  4.32064e-09  1.12627e-11
      1280.36  3.88626e-09  1.01640e-11
      1280.69  4.15285e-09  1.05909e-11
      1281.02  5.70097e-09  1.28689e-11
      1281.34  8.72600e-09  1.62044e-11
      1281.67  1.04171e-08  1.83934e-11
      1282.00  7.87857e-09  1.61291e-11
      1282.33  8.43922e-09  1.71616e-11
      1282.66  1.33932e-08  2.16616e-11
      1282.99  1.67909e-08  2.83004e-11
      1283.32  1.51042e-08  2.70855e-11
      1283.65  8.47827e-09  1.95972e-11
      1283.98  5.34664e-09  1.02951e-11
      1284.31  3.04262e-09  7.81309e-12
      1284.64  2.22212e-09  7.19196e-12
      1284.97  2.24481e-09  7.45624e-12
      1285.30  2.72038e-09  8.28349e-12
      1285.63  2.24107e-09  7.57864e-12
      1285.96  2.13163e-09  7.22893e-12
      1286.29  3.52631e-09  8.34808e-12
      1286.62  4.95205e-09  9.58278e-12
      1286.95  4.59004e-09  9.19269e-12
      1287.28  6.18633e-09  1.09215e-11
      1287.61  1.09685e-08  1.55845e-11
      1287.95  1.29993e-08  1.76045e-11
      1288.28  1.28336e-08  1.80663e-11
      1288.61  1.28239e-08  1.87024e-11
      1288.94  1.24287e-08  1.98285e-11
      1289.27  8.57468e-09  1.59368e-11
      1289.61  6.27217e-09  1.37645e-11
      1289.94  4.76432e-09  1.23571e-11
      1290.27  3.12743e-09  1.03880e-11
      1290.61  2.68390e-09  1.07643e-11
      1290.94  1.92655e-09  9.68448e-12
      1291.27  1.38534e-09  9.20011e-12
      1291.61  1.77040e-09  8.75896e-12
      1291.94  3.07047e-09  8.46997e-12
      1292.27  5.59924e-09  9.60975e-12
      1292.61  8.53415e-09  1.25211e-11
      1292.94  6.34425e-09  1.21305e-11
      1293.28  4.53607e-09  1.09764e-11
      1293.61  6.07012e-09  1.17756e-11
      1293.95  7.69003e-09  1.20335e-11
      1294.28  1.18055e-08  1.54204e-11
      1294.62  1.30086e-08  1.63006e-11
      1294.95  1.07684e-08  1.43923e-11
      1295.29  1.02580e-08  1.44624e-11
      1295.62  8.56413e-09  1.35574e-11
      1295.96  6.10269e-09  1.21323e-11
      1296.29  5.27337e-09  1.27697e-11
      1296.63  5.57007e-09  1.39582e-11
      1296.97  7.22091e-09  1.61802e-11
      1297.30  1.17044e-08  1.93899e-11
      1297.64  1.54721e-08  2.19204e-11
      1297.98  1.26543e-08  1.91214e-11
      1298.31  7.70419e-09  1.47634e-11
      1298.65  3.95878e-09  1.03036e-11
      1298.99  3.15727e-09  8.04316e-12
      1299.33  6.11756e-09  1.02792e-11
      1299.66  1.14239e-08  1.42399e-11
      1300.00  1.24822e-08  1.44852e-11
      1300.34  1.05966e-08  1.33609e-11
      1300.68  6.84052e-09  1.03622e-11
      1301.02  7.49657e-09  1.06951e-11
      1301.35  1.39783e-08  1.55910e-11
      1301.69  1.62107e-08  1.69470e-11
      1302.03  1.56306e-08  1.80225e-11
      1302.37  1.35359e-08  1.72342e-11
      1302.71  1.62647e-08  2.04629e-11
      1303.05  1.77889e-08  2.24200e-11
      1303.39  2.04715e-08  2.47474e-11
      1303.73  2.19810e-08  2.48247e-11
      1304.07  2.02025e-08  2.30860e-11
      1304.41  2.06004e-08  2.34340e-11
      1304.75  2.20213e-08  2.49744e-11
      1305.09  2.33058e-08  2.61334e-11
      1305.43  2.81640e-08  2.75104e-11
      1305.77  3.38119e-08  2.53776e-11
      1306.11  3.29906e-08  2.28375e-11
      1306.46  2.25332e-08  1.88412e-11
      1306.80  9.87024e-09  1.21891e-11
      1307.14  4.74536e-09  9.34686e-12
      1307.48  3.42814e-09  8.87049e-12
      1307.82  2.35003e-09  8.68584e-12
      1308.16  2.49645e-09  9.15493e-12
      1308.51  2.96679e-09  9.42763e-12
      1308.85  2.32086e-09  8.62017e-12
      1309.19  1.61067e-09  7.73897e-12
      1309.53  1.43548e-09  8.04305e-12
      1309.88  1.40799e-09  7.98349e-12
      1310.22  1.55903e-09  8.29693e-12
      1310.56  2.15967e-09  9.29071e-12
      1310.91  4.37590e-09  1.21943e-11
      1311.25  8.64842e-09  1.77752e-11
      1311.60  8.22074e-09  1.65125e-11
      1311.94  4.25698e-09  1.01118e-11
      1312.28  2.19005e-09  6.99112e-12
      1312.63  1.42179e-09  5.77962e-12
      1312.97  1.18927e-09  5.36074e-12
      1313.32  1.79228e-09  6.39202e-12
      1313.66  3.15262e-09  8.48580e-12
      1314.01  2.45158e-09  7.95564e-12
      1314.35  1.24900e-09  6.79096e-12
      1314.70  9.14379e-10  6.62888e-12
      1315.05  9.25476e-10  6.72712e-12
      1315.39  1.07649e-09  6.94729e-12
      1315.74  1.49553e-09  7.99614e-12
      1316.08  2.55684e-09  9.69285e-12
      1316.43  5.64823e-09  1.35720e-11
      1316.78  9.45665e-09  1.84297e-11
      1317.12  7.31887e-09  1.61903e-11
      1317.47  3.23235e-09  1.13364e-11
      1317.82  1.76583e-09  9.39049e-12
      1318.17  2.00111e-09  8.38412e-12
      1318.51  3.41058e-09  7.78095e-12
      1318.86  4.08165e-09  8.45722e-12
      1319.21  2.59672e-09  7.13890e-12
      1319.56  1.43373e-09  6.20654e-12
      1319.91  1.45493e-09  6.98834e-12
      1320.25  1.45149e-09  7.29208e-12
      1320.60  1.46751e-09  7.33513e-12
      1320.95  1.87570e-09  7.74824e-12
      1321.30  2.88708e-09  8.98147e-12
      1321.65  6.58938e-09  1.32705e-11
      1322.00  1.21178e-08  1.90679e-11
      1322.35  9.83334e-09  1.75758e-11
      1322.70  4.73476e-09  1.28259e-11
      1323.05  2.83884e-09  1.08894e-11
      1323.40  3.22057e-09  1.17183e-11
      1323.75  3.87624e-09  1.14818e-11
      1324.10  4.01202e-09  9.39250e-12
      1324.45  2.80649e-09  7.16597e-12
      1324.80  1.94724e-09  6.32898e-12
      