227
      1249.95  7.43567e-09  2.06231e-11
      1250.27  3.18477e-09  1.49876e-11
      1250.58  7.34269e-10  9.88159e-12
      1250.89  5.25679e-10  7.82633e-12
      1251.20  8.17033e-10  7.47993e-12
      1251.52  1.51263e-09  7.88305e-12
      1251.83  2.82107e-09  9.79312e-12
      1252.14  3.70812e-09  1.26053e-11
      1252.46  3.51997e-09  1.42310e-11
      1252.77  3.34501e-09  1.42432e-11
      1253.09  6.13654e-09  1.84044e-11
      1253.40  1.20250e-08  2.50410e-11
      1253.71  1.44357e-08  2.73583e-11
      1254.03  8.38896e-09  2.01329e-11
      1254.34  3.87023e-09  1.37744e-11
      1254.66  5.22650e-09  1.49328e-11
      1254.97  8.21270e-09  1.90446e-11
      1255.29  5.00584e-09  1.51341e-11
      1255.60  2.05858e-09  1.17446e-11
      1255.92  2.43108e-09  1.31863e-11
      1256.23  4.65109e-09  1.59925e-11
      1256.55  7.96387e-09  2.06702e-11
      1256.87  5.09804e-09  1.59948e-11
      1257.18  2.00136e-09  1.09527e-11
      1257.50  1.44154e-09  1.00473e-11
      1257.81  1.72769e-09  1.01890e-11
      1258.13  2.21893e-09  1.14337e-11
      1258.45  2.19476e-09  1.16795e-11
      1258.76  2.38553e-09  1.20317e-11
      1259.08  4.83767e-09  1.54431e-11
      1259.40  1.05358e-08  2.16328e-11
      1259.72  1.41472e-08  2.44560e-11
      1260.03  1.01821e-08  1.94536e-11
      1260.35  7.44149e-09  1.58535e-11
      1260.67  9.86511e-09  1.89059e-11
      1260.99  8.72256e-09  1.78053e-11
      1261.30  6.83486e-09  1.58745e-11
      1261.62  9.11694e-09  1.96435e-11
      1261.94  9.34823e-09  1.95869e-11
      1262.26  9.66330e-09  2.04018e-11
      1262.58  6.86971e-09  1.64168e-11
      1262.90  7.39842e-09  1.60785e-11
      1263.22  1.15232e-08  1.77811e-11
      1263.54  9.08112e-09  1.29079e-11
      1263.86  5.54265e-09  9.88460e-12
      1264.17  4.32032e-09  1.03732e-11
      1264.49  3.06258e-09  1.10988e-11
      1264.81  3.54045e-09  1.29172e-11
      1265.13  7.65774e-09  1.76520e-11
      1265.45  1.17211e-08  2.11502e-11
      1265.77  1.00087e-08  1.87809e-11
      1266.10  5.02088e-09  1.30123e-11
      1266.42  2.35022e-09  9.78015e-12
      1266.74  1.98084e-09  9.65420e-12
      1267.06  2.91847e-09  1.10613e-11
      1267.38  7.12079e-09  1.64335e-11
      1267.70  1.37722e-08  2.35109e-11
      1268.02  1.39853e-08  2.23489e-11
      1268.34  1.39768e-08  2.24192e-11
      1268.67  1.22462e-08  1.95477e-11
      1268.99  1.22537e-08  1.94121e-11
      1269.31  9.12921e-09  1.64088e-11
      1269.63  5.66093e-09  1.34824e-11
      1269.95  4.65771e-09  1.33116e-11
      1270.28  6.17997e-09  1.51104e-11
      1270.60  1.06007e-08  2.01066e-11
      1270.92  1.28380e-08  2.16124e-11
      1271.25  1.40397e-08  2.19022e-11
      1271.57  1.34318e-08  2.11794e-11
      1271.89  7.63816e-09  1.53958e-11
      1272.22  3.09949e-09  1.02533e-11
      1272.54  1.73010e-09  8.84130e-12
      1272.86  1.36553e-09  8.61272e-12
      1273.19  1.30016e-09  8.76290e-12
      1273.51  1.77567e-09  8.14861e-12
      1273.84  2.88343e-09  8.52010e-12
      1274.16  3.81762e-09  1.02363e-11
      1274.49  5.29110e-09  1.27686e-11
      1274.81  1.02609e-08  1.74498e-11
      1275.14  1.40866e-08  2.01586e-11
      1275.46  1.21544e-08  1.89705e-11
      1275.79  7.54304e-09  1.54703e-11
      1276.11  4.84540e-09  1.34004e-11
      1276.44  6.97228e-09  1.60492e-11
      1276.76  1.19401e-08  2.13294e-11
      1277.09  1.23758e-08  2.03087e-11
      1277.42  1.22961e-08  1.99006e-11
      1277.74  8.16028e-09  1.59607e-11
      1278.07  3.50827e-09  1.05616e-11
      1278.40  1.92524e-09  8.93264e-12
      1278.72  1.43352e-09  8.59857e-12
      1279.05  1.42934e-09  9.10915e-12
      1279.38  2.05269e-09  1.07286e-11
      1279.71  3.34932e-09  1.23878e-11
      1280.03  4.52758e-09  1.38386e-11
      1280.36  3.92120e-09  1.18873e-11
      1280.69  4.26409e-09  1.19695e-11
      1281.02  5.73137e-09  1.32345e-11
      1281.34  8.87111e-09  1.62881e-11
      1281.67  1.09575e-08  1.87155e-11
      1282.00  7.69027e-09  1.34044e-11
      1282.33  8.53471e-09  1.25282e-11
      1282.66  1.33218e-08  1.74303e-11
      1282.99  1.73502e-08  2.63538e-11
      1283.32  1.67445e-08  3.16383e-11
      1283.65  8.20140e-09  2.21251e-11
      1283.98  5.44419e-09  1.33150e-11
      1284.31  3.08447e-09  1.06535e-11
      1284.64  2.27590e-09  1.01425e-11
      1284.97  2.31396e-09  1.05437e-11
      1285.30  2.71517e-09  1.16803e-11
      1285.63  2.28501e-09  1.07493e-11
      1285.96  2.19537e-09  1.05219e-11
      1286.29  3.60996e-09  1.18524e-11
      1286.62  5.05286e-09  1.31240e-11
      1286.95  4.63089e-09  1.21013e-11
      1287.28  6.24904e-09  1.37819e-11
      1287.61  1.13476e-08  1.95115e-11
      1287.95  1.33384e-08  2.13747e-11
      1288.28  1.32655e-08  2.16698e-11
      1288.61  1.32015e-08  2.12677e-11
      1288.94  1.32898e-08  2.14197e-11
      1289.27  8.89899e-09  1.64782e-11
      1289.61  6.38247e-09  1.39482e-11
      1289.94  4.66444e-09  1.04680e-11
      1290.27  3.17112e-09  8.03969e-12
      1290.61  2.75671e-09  9.36537e-12
      1290.94  1.97311e-09  9.99173e-12
      1291.27  1.40884e-09  9.37077e-12
      1291.61  1.77402e-09  9.66278e-12
      1291.94  3.15293e-09  1.11042e-11
      1292.27  5.73249e-09  1.33818e-11
      1292.61  8.12023e-09  1.57399e-11
      1292.94  5.79121e-09  1.31731e-11
      1293.28  4.39401e-09  1.21351e-11
      1293.61  5.86465e-09  1.45888e-11
      1293.95  7.92753e-09  1.65830e-11
      1294.28  1.20244e-08  2.04428e-11
      1294.62  1.32598e-08  2.10720e-11
      1294.95  1.10585e-08  1.80800e-11
      1295.29  1.05883e-08  1.74981e-11
      1295.62  8.82223e-09  1.60048e-11
      1295.96  6.33448e-09  1.38887e-11
      1296.29  5.43910e-09  1.35192e-11
      1296.63  5.69817e-09  1.43621e-11
      1296.97  7.61115e-09  1.46119e-11
      1297.30  1.25068e-08  1.54423e-11
      1297.64  1.63151e-08  1.81503e-11
      1297.98  1.31121e-08  1.85132e-11
      1298.31  7.77038e-09  1.50106e-11
      1298.65  4.06358e-09  1.13097e-11
      1298.99  3.18094e-09  1.05190e-11
      1299.33  6.22615e-09  1.43167e-11
      1299.66  1.16731e-08  2.00796e-11
      1300.00  1.27413e-08  2.08517e-11
      1300.34  1.07524e-08  1.89390e-11
      1300.68  7.18672e-09  1.48070e-11
      1301.02  7.84017e-09  1.50450e-11
      1301.35  1.39403e-08  1.99577e-11
      1301.69  1.66319e-08  2.16836e-11
      1302.03  1.58815e-08  2.18214e-11
      1302.37  1.43100e-08  2.09856e-11
      1302.71  1.65386e-08  2.35263e-11
      1303.05  1.83503e-08  2.41615e-11
      1303.39  2.11012e-08  2.52942e-11
      1303.73  2.25016e-08  2.40122e-11
      1304.07  2.06841e-08  1.83828e-11
      1304.41  2.12149e-08  1.85301e-11
      1304.75  2.26093e-08  2.34578e-11
      1305.09  2.41056e-08  2.65234e-11
      1305.43  2.89702e-08  2.98153e-11
      1305.77  3.44194e-08  3.27829e-11
      1306.11  3.36605e-08  3.22813e-11
      1306.46  2.15471e-08  2.45760e-11
      1306.80  9.82639e-09  1.62174e-11
      1307.14  4.87726e-09  1.20957e-11
      1307.48  3.17835e-09  1.05400e-11
      1307.82  2.46091e-09  1.00200e-11
      1308.16  2.50942e-09  1.03202e-11
      1308.51  3.13286e-09  1.17707e-11
      1308.85  2.41867e-09  1.04337e-11
      1309.19  1.63556e-09  8.97521e-12
      1309.53  1.49579e-09  8.34148e-12
      1309.88  1.48113e-09  7.94130e-12
      1310.22  1.65862e-09  6.80569e-12
      1310.56  2.18432e-09  7.29898e-12
      1310.91  4.45542e-09  1.15055e-11
      1311.25  8.91590e-09  1.84416e-11
      1311.60  8.49280e-09  1.75750e-11
      1311.94  4.63812e-09  1.29355e-11
      1312.28  2.23089e-09  9.58647e-12
      1312.63  1.43115e-09  8.13427e-12
      1312.97  1.23794e-09  7.78025e-12
      1313.32  1.87863e-09  9.07462e-12
      1313.66  3.09973e-09  1.13376e-11
      1314.01  2.53195e-09  1.08070e-11
      1314.35  1.34236e-09  9.03319e-12
      1314.70  9.59854e-10  8.39769e-12
      1315.05  9.44956e-10  8.02953e-12
      1315.39  1.11392e-09  7.94898e-12
      1315.74  1.52172e-09  8.28460e-12
      1316.08  2.63625e-09  9.70665e-12
      1316.43  6.57197e-09  1.18683e-11
      1316.78  1.00759e-08  1.39985e-11
      1317.12  7.95474e-09  1.43817e-11
      1317.47  3.25865e-09  1.13667e-11
      1317.82  1.79021e-09  9.24783e-12
      1318.17  1.96949e-09  8.93396e-12
      1318.51  3.50907e-09  1.08789e-11
      1318.86  4.23309e-09  1.21287e-11
      1319.21  2.60827e-09  1.00791e-11
      1319.56  1.44798e-09  8.68490e-12
      1319.91  1.50816e-09  9.44236e-12
      1320.25  1.49216e-09  9.32196e-12
      1320.60  1.50289e-09  9.09559e-12
      1320.95  1.93090e-09  9.33816e-12
      1321.30  2.94906e-09  1.02815e-11
      1321.65  6.38153e-09  1.35249e-11
      1322.00  1.26038e-08  1.94037e-11
      1322.35  9.48095e-09  1.40926e-11
      1322.70  4.93190e-09  9.93013e-12
      1323.05  3.04484e-09  1.01671e-11
      1323.40  3.40013e-09  1.20780e-11
      1323.75  4.12965e-09  1.25654e-11
      1324.10  4.20926e-09  1.20863e-11
      1324.45  2.85551e-09  9.98754e-12
      1324.80  1.94510e-09  9.17772e-12
      