227
      1249.95  7.62928e-09  1.74357e-11
      1250.27  3.59411e-09  1.27222e-11
      1250.58  1.20265e-09  9.15087e-12
      1250.89  9.04068e-10  8.34548e-12
      1251.20  1.16383e-09  8.30039e-12
      1251.52  1.83503e-09  9.09827e-12
      1251.83  3.14089e-09  1.12217e-11
      1252.14  4.00874e-09  1.21956e-11
      1252.46  3.78383e-09  1.09277e-11
      1252.77  3.57460e-09  1.04214e-11
      1253.09  6.09073e-09  1.29446e-11
      1253.40  1.17858e-08  1.68358e-11
      1253.71  1.45966e-08  1.81275e-11
      1254.03  8.73695e-09  1.31046e-11
      1254.34  3.99761e-09  8.24894e-12
      1254.66  5.32304e-09  8.78509e-12
      1254.97  8.46472e-09  1.14383e-11
      1255.29  5.45208e-09  9.35481e-12
      1255.60  2.42004e-09  7.23838e-12
      1255.92  2.71837e-09  7.90209e-12
      1256.23  4.79785e-09  9.37135e-12
      1256.55  8.04768e-09  1.20761e-11
      1256.87  5.41811e-09  9.47551e-12
      1257.18  2.36326e-09  6.86423e-12
      1257.50  1.75897e-09  6.40017e-12
      1257.81  2.03625e-09  6.92235e-12
      1258.13  2.55041e-09  7.93547e-12
      1258.45  2.52561e-09  8.18526e-12
      1258.76  2.67407e-09  8.45213e-12
      1259.08  4.94398e-09  1.05452e-11
      1259.40  1.04013e-08  1.45473e-11
      1259.72  1.40323e-08  1.66445e-11
      1260.03  1.04428e-08  1.39711e-11
      1260.35  7.62640e-09  1.20670e-11
      1260.67  9.71843e-09  1.45255e-11
      1260.99  8.90856e-09  1.42248e-11
      1261.30  7.16793e-09  1.29675e-11
      1261.62  8.99762e-09  1.53332e-11
      1261.94  9.47557e-09  1.52915e-11
      1262.26  9.73367e-09  1.57179e-11
      1262.58  6.95201e-09  1.26982e-11
      1262.90  7.49159e-09  1.27714e-11
      1263.22  1.18874e-08  1.67148e-11
      1263.54  9.51209e-09  1.48710e-11
      1263.86  5.78161e-09  1.22231e-11
      1264.17  4.48849e-09  1.16135e-11
      1264.49  3.11797e-09  9.03136e-12
      1264.81  3.53470e-09  8.50621e-12
      1265.13  7.45683e-09  1.12887e-11
      1265.45  1.16827e-08  1.31375e-11
      1265.77  9.91935e-09  1.08906e-11
      1266.10  5.32838e-09  7.42660e-12
      1266.42  2.64378e-09  5.78796e-12
      1266.74  2.29379e-09  5.82501e-12
      1267.06  3.22182e-09  6.82702e-12
      1267.38  7.17984e-09  9.85747e-12
      1267.70  1.33914e-08  1.36861e-11
      1268.02  1.41689e-08  1.35771e-11
      1268.34  1.37741e-08  1.32998e-11
      1268.67  1.24326e-08  1.24273e-11
      1268.99  1.22504e-08  1.28616e-11
      1269.31  9.32977e-09  1.16317e-11
      1269.63  5.94298e-09  1.00394e-11
      1269.95  4.88137e-09  9.76661e-12
      1270.28  6.24200e-09  1.10501e-11
      1270.60  1.06121e-08  1.46500e-11
      1270.92  1.27282e-08  1.55376e-11
      1271.25  1.39710e-08  1.59031e-11
      1271.57  1.35919e-08  1.57464e-11
      1271.89  7.83671e-09  1.18615e-11
      1272.22  3.36565e-09  8.43963e-12
      1272.54  2.04430e-09  7.49491e-12
      1272.86  1.66367e-09  7.53585e-12
      1273.19  1.57650e-09  7.83629e-12
      1273.51  1.95326e-09  8.10544e-12
      1273.84  3.10626e-09  9.39926e-12
      1274.16  4.14170e-09  9.84870e-12
      1274.49  5.51989e-09  9.17258e-12
      1274.81  9.96291e-09  1.16753e-11
      1275.14  1.37463e-08  1.30542e-11
      1275.46  1.20401e-08  1.19205e-11
      1275.79  7.90694e-09  9.43694e-12
      1276.11  5.12937e-09  7.94489e-12
      1276.44  7.00383e-09  9.30448e-12
      1276.76  1.19535e-08  1.23205e-11
      1277.09  1.23868e-08  1.18547e-11
      1277.42  1.24686e-08  1.21230e-11
      1277.74  8.51432e-09  1.01941e-11
      1278.07  3.82497e-09  7.34266e-12
      1278.40  2.23775e-09  6.62523e-12
      1278.72  1.73748e-09  6.54028e-12
      1279.05  1.73379e-09  6.80390e-12
      1279.38  2.34447e-09  7.53385e-12
      1279.71  3.57740e-09  8.72564e-12
      1280.03  4.67751e-09  9.77436e-12
      1280.36  4.21721e-09  8.89481e-12
      1280.69  4.47023e-09  9.45452e-12
      1281.02  5.91262e-09  1.10358e-11
      1281.34  8.88135e-09  1.39088e-11
      1281.67  1.08978e-08  1.62810e-11
      1282.00  8.28636e-09  1.42321e-11
      1282.33  8.51216e-09  1.43857e-11
      1282.66  1.36728e-08  1.72116e-11
      1282.99  1.75915e-08  1.65097e-11
      1283.32  1.75548e-08  1.54102e-11
      1283.65  1.13950e-08  1.14593e-11
      1283.98  5.59697e-09  8.05560e-12
      1284.31  3.37417e-09  6.54683e-12
      1284.64  2.55555e-09  6.28996e-12
      1284.97  2.55678e-09  6.51382e-12
      1285.30  3.05139e-09  7.29786e-12
      1285.63  2.58812e-09  6.61265e-12
      1285.96  2.41034e-09  6.29709e-12
      1286.29  3.76557e-09  7.70058e-12
      1286.62  5.27780e-09  9.22639e-12
      1286.95  4.92605e-09  9.11267e-12
      1287.28  6.29330e-09  1.06062e-11
      1287.61  1.11188e-08  1.49892e-11
      1287.95  1.33017e-08  1.65243e-11
      1288.28  1.31799e-08  1.63826e-11
      1288.61  1.31754e-08  1.60451e-11
      1288.94  1.28868e-08  1.58899e-11
      1289.27  9.22365e-09  1.32197e-11
      1289.61  6.63350e-09  1.17897e-11
      1289.94  5.21613e-09  1.12027e-11
      1290.27  3.55595e-09  9.88985e-12
      1290.61  2.99246e-09  9.56269e-12
      1290.94  2.24009e-09  7.50107e-12
      1291.27  1.73310e-09  5.59724e-12
      1291.61  2.04693e-09  5.33267e-12
      1291.94  3.32364e-09  6.16071e-12
      1292.27  5.81108e-09  7.82841e-12
      1292.61  8.36210e-09  1.00817e-11
      1292.94  5.95749e-09  8.71209e-12
      1293.28  4.58285e-09  8.32238e-12
      1293.61  6.01943e-09  9.99280e-12
      1293.95  7.74929e-09  1.11816e-11
      1294.28  1.20609e-08  1.41131e-11
      1294.62  1.34300e-08  1.46452e-11
      1294.95  1.09536e-08  1.30205e-11
      1295.29  1.07048e-08  1.34560e-11
      1295.62  9.00443e-09  1.27657e-11
      1295.96  6.42732e-09  1.15300e-11
      1296.29  5.56059e-09  1.12118e-11
      1296.63  5.81509e-09  1.18334e-11
      1296.97  7.30422e-09  1.28882e-11
      1297.30  1.16676e-08  1.58540e-11
      1297.64  1.59394e-08  1.83375e-11
      1297.98  1.29041e-08  1.46783e-11
      1298.31  7.58855e-09  9.36292e-12
      1298.65  4.30413e-09  7.06788e-12
      1298.99  3.46931e-09  6.54512e-12
      1299.33  6.24628e-09  8.78804e-12
      1299.66  1.13824e-08  1.22841e-11
      1300.00  1.27579e-08  1.28810e-11
      1300.34  1.08618e-08  1.19603e-11
      1300.68  7.42830e-09  9.87261e-12
      1301.02  7.78758e-09  1.02229e-11
      1301.35  1.36369e-08  1.46555e-11
      1301.69  1.64533e-08  1.69197e-11
      1302.03  1.58411e-08  1.74097e-11
      1302.37  1.41605e-08  1.65281e-11
      1302.71  1.62934e-08  1.82815e-11
      1303.05  1.81026e-08  1.87589e-11
      1303.39  2.07191e-08  2.03967e-11
      1303.73  2.23842e-08  2.33588e-11
      1304.07  2.07734e-08  2.01973e-11
      1304.41  2.10014e-08  2.10126e-11
      1304.75  2.23278e-08  2.03479e-11
      1305.09  2.39136e-08  1.70398e-11
      1305.43  2.85654e-08  1.77665e-11
      1305.77  3.39618e-08  1.89512e-11
      1306.11  3.36693e-08  1.90884e-11
      1306.46  2.21654e-08  1.53781e-11
      1306.80  1.03180e-08  1.08057e-11
      1307.14  5.18051e-09  8.41340e-12
      1307.48  3.46081e-09  7.76447e-12
      1307.82  2.74860e-09  7.61412e-12
      1308.16  2.77228e-09  7.89710e-12
      1308.51  3.30258e-09  8.94935e-12
      1308.85  2.68509e-09  7.81715e-12
      1309.19  1.94036e-09  6.86788e-12
      1309.53  1.75485e-09  6.83966e-12
      1309.88  1.73784e-09  6.87394e-12
      1310.22  1.87591e-09  7.53408e-12
      1310.56  2.43821e-09  8.49575e-12
      1310.91  4.58845e-09  1.07760e-11
      1311.25  8.96680e-09  1.32348e-11
      1311.60  8.22423e-09  1.03656e-11
      1311.94  4.92046e-09  7.44972e-12
      1312.28  2.58224e-09  5.70716e-12
      1312.63  1.75765e-09  5.22424e-12
      1312.97  1.51094e-09  5.33903e-12
      1313.32  2.05448e-09  6.22354e-12
      1313.66  3.44013e-09  8.59654e-12
      1314.01  2.80238e-09  8.21262e-12
      1314.35  1.58577e-09  6.99682e-12
      1314.70  1.23519e-09  6.41068e-12
      1315.05  1.22278e-09  5.96554e-12
      1315.39  1.37678e-09  6.13437e-12
      1315.74  1.76563e-09  6.85819e-12
      1316.08  2.71832e-09  8.28991e-12
      1316.43  5.60560e-09  1.17355e-11
      1316.78  9.91644e-09  1.64027e-11
      1317.12  7.89899e-09  1.44892e-11
      1317.47  3.33068e-09  8.58776e-12
      1317.82  1.95405e-09  5.63412e-12
      1318.17  2.14889e-09  5.36505e-12
      1318.51  3.63663e-09  6.95224e-12
      1318.86  4.46731e-09  8.08382e-12
      1319.21  2.95313e-09  7.07515e-12
      1319.56  1.71287e-09  6.16937e-12
      1319.91  1.76831e-09  6.84200e-12
      1320.25  1.77104e-09  6.93310e-12
      1320.60  1.75631e-09  6.73504e-12
      1320.95  2.14865e-09  7.20312e-12
      1321.30  3.12370e-09  8.03762e-12
      1321.65  6.51184e-09  1.12414e-11
      1322.00  1.22854e-08  1.69338e-11
      1322.35  1.07351e-08  1.59184e-11
      1322.70  5.26912e-09  1.15006e-11
      1323.05  3.20298e-09  9.60056e-12
      1323.40  3.61007e-09  8.12257e-12
      1323.75  4.22903e-09  7.66535e-12
      1324.10  4.35190e-09  7.42455e-12
      1324.45  3.17430e-09  6.58754e-12
      1324.80  2.22289e-09  6.17856e-12
      