227
      1249.95  0.00000e+00  0.00000e+00
      1250.27  0.00000e+00  0.00000e+00
      1250.58  0.00000e+00  0.00000e+00
      1250.89  0.00000e+00  0.00000e+00
      1251.20  0.00000e+00  0.00000e+00
      1251.52  0.00000e+00  0.00000e+00
      1251.83  0.00000e+00  0.00000e+00
      1252.14  0.00000e+00  0.00000e+00
      1252.46  0.00000e+00  0.00000e+00
      1252.77  0.00000e+00  0.00000e+00
      1253.09  0.00000e+00  0.00000e+00
      1253.40  0.00000e+00  0.00000e+00
      1253.71  3.14141e-09  2.10502e-11
      1254.03  3.17430e-09  2.06108e-11
      1254.34  3.43607e-09  1.79556e-11
      1254.66  5.21066e-09  1.53889e-11
      1254.97  8.20087e-09  1.92838e-11
      1255.29  5.54212e-09  1.60251e-11
      1255.60  2.48948e-09  1.22603e-11
      1255.92  2.64347e-09  1.29363e-11
      1256.23  4.61650e-09  1.50391e-11
      1256.55  7.95734e-09  1.92144e-11
      1256.87  5.52411e-09  1.51790e-11
      1257.18  2.41289e-09  1.07337e-11
      1257.50  1.74798e-09  9.74618e-12
      1257.81  1.99664e-09  1.02477e-11
      1258.13  2.52663e-09  1.15896e-11
      1258.45  2.52063e-09  1.17893e-11
      1258.76  2.37639e-09  1.36436e-11
      1259.08  2.37754e-09  1.84881e-11
      1259.40  2.38046e-09  1.97663e-11
      1259.72  0.00000e+00  0.00000e+00
      1260.03  0.00000e+00  0.00000e+00
      1260.35  0.00000e+00  0.00000e+00
      1260.67  0.00000e+00  0.00000e+00
      1260.99  0.00000e+00  0.00000e+00
      1261.30  0.00000e+00  0.00000e+00
      1261.62  0.00000e+00  0.00000e+00
      1261.94  0.00000e+00  0.00000e+00
      1262.26  0.00000e+00  0.00000e+00
      1262.58  0.00000e+00  0.00000e+00
      1262.90  0.00000e+00  0.00000e+00
      1263.22  0.00000e+00  0.00000e+00
      1263.54  0.00000e+00  0.00000e+00
      1263.86  0.00000e+00  0.00000e+00
      1264.17  0.00000e+00  0.00000e+00
      1264.49  0.00000e+00  0.00000e+00
      1264.81  0.00000e+00  0.00000e+00
      1265.13  9.93921e-09  2.93553e-11
      1265.45  9.79102e-09  2.83428e-11
      1265.77  8.77972e-09  2.23675e-11
      1266.10  5.30407e-09  1.30791e-11
      1266.42  2.63272e-09  9.97236e-12
      1266.74  2.24738e-09  9.73589e-12
      1267.06  3.09838e-09  1.10922e-11
      1267.38  6.79235e-09  1.55834e-11
      1267.70  1.30085e-08  2.14257e-11
      1268.02  1.41550e-08  2.11966e-11
      1268.34  1.36482e-08  2.01872e-11
      1268.67  1.24660e-08  1.85480e-11
      1268.99  1.21482e-08  1.86775e-11
      1269.31  1.00660e-08  1.87921e-11
      1269.63  8.29410e-09  2.41168e-11
      1269.95  7.98171e-09  2.59457e-11
      1270.28  0.00000e+00  0.00000e+00
      1270.60  0.00000e+00  0.00000e+00
      1270.92  0.00000e+00  0.00000e+00
      1271.25  0.00000e+00  0.00000e+00
      1271.57  0.00000e+00  0.00000e+00
      1271.89  0.00000e+00  0.00000e+00
      1272.22  0.00000e+00  0.00000e+00
      1272.54  0.00000e+00  0.00000e+00
      1272.86  0.00000e+00  0.00000e+00
      1273.19  0.00000e+00  0.00000e+00
      1273.51  0.00000e+00  0.00000e+00
      1273.84  0.00000e+00  0.00000e+00
      1274.16  0.00000e+00  0.00000e+00
      1274.49  0.00000e+00  0.00000e+00
      1274.81  1.24184e-08  3.27295e-11
      1275.14  1.22743e-08  3.12736e-11
      1275.46  1.12960e-08  2.37091e-11
      1275.79  7.98176e-09  1.63578e-11
      1276.11  5.13348e-09  1.33618e-11
      1276.44  6.67327e-09  1.49313e-11
      1276.76  1.15405e-08  1.95191e-11
      1277.09  1.23412e-08  1.86867e-11
      1277.42  1.23407e-08  1.84326e-11
      1277.74  8.86280e-09  1.55948e-11
      1278.07  4.04175e-09  1.09137e-11
      1278.40  2.40839e-09  1.10101e-11
      1278.72  2.12712e-09  1.46061e-11
      1279.05  2.08955e-09  1.55309e-11
      1279.38  0.00000e+00  0.00000e+00
      1279.71  0.00000e+00  0.00000e+00
      1280.03  0.00000e+00  0.00000e+00
      1280.36  0.00000e+00  0.00000e+00
      1280.69  0.00000e+00  0.00000e+00
      1281.02  0.00000e+00  0.00000e+00
      1281.34  0.00000e+00  0.00000e+00
      1281.67  0.00000e+00  0.00000e+00
      1282.00  0.00000e+00  0.00000e+00
      1282.33  0.00000e+00  0.00000e+00
      1282.66  0.00000e+00  0.00000e+00
      1282.99  0.00000e+00  0.00000e+00
      1283.32  5.61340e-09  2.22714e-11
      1283.65  5.51157e-09  2.11099e-11
      1283.98  4.87364e-09  1.54586e-11
      1284.31  3.39700e-09  1.12923e-11
      1284.64  2.54528e-09  1.04896e-11
      1284.97  2.49725e-09  1.04396e-11
      1285.30  3.00626e-09  1.13875e-11
      1285.63  2.62895e-09  1.02213e-11
      1285.96  2.35727e-09  9.23359e-12
      1286.29  3.55200e-09  1.10838e-11
      1286.62  4.79673e-09  1.74091e-11
      1286.95  5.09036e-09  2.07378e-11
      1287.28  5.12896e-09  2.12309e-11
      1287.61  0.00000e+00  0.00000e+00
      1287.95  0.00000e+00  0.00000e+00
      1288.28  0.00000e+00  0.00000e+00
      1288.61  0.00000e+00  0.00000e+00
      1288.94  0.00000e+00  0.00000e+00
      1289.27  0.00000e+00  0.00000e+00
      1289.61  0.00000e+00  0.00000e+00
      1289.94  0.00000e+00  0.00000e+00
      1290.27  0.00000e+00  0.00000e+00
      1290.61  1.59557e-09  1.42701e-11
      1290.94  1.60072e-09  1.40628e-11
      1291.27  1.64487e-09  1.25566e-11
      1291.61  1.97889e-09  9.29597e-12
      1291.94  3.16480e-09  1.02286e-11
      1292.27  5.51689e-09  1.24787e-11
      1292.61  8.19470e-09  1.59476e-11
      1292.94  6.19527e-09  1.38368e-11
      1293.28  4.53200e-09  1.23178e-11
      1293.61  5.79327e-09  1.47741e-11
      1293.95  6.41541e-09  2.10161e-11
      1294.28  6.49628e-09  2.42226e-11
      1294.62  6.50546e-09  2.46790e-11
      1294.95  0.00000e+00  0.00000e+00
      1295.29  0.00000e+00  0.00000e+00
      1295.62  0.00000e+00  0.00000e+00
      1295.96  0.00000e+00  0.00000e+00
      1296.29  0.00000e+00  0.00000e+00
      1296.63  0.00000e+00  0.00000e+00
      1296.97  0.00000e+00  0.00000e+00
      1297.30  0.00000e+00  0.00000e+00
      1297.64  0.00000e+00  0.00000e+00
      1297.98  4.74447e-09  2.03198e-11
      1298.31  4.63452e-09  1.91103e-11
      1298.65  3.95084e-09  1.32658e-11
      1298.99  3.34094e-09  1.10144e-11
      1299.33  5.80640e-09  1.39381e-11
      1299.66  1.09698e-08  1.89810e-11
      1300.00  1.27576e-08  1.97934e-11
      1300.34  1.10559e-08  1.78980e-11
      1300.68  7.88577e-09  1.61879e-11
      1301.02  6.18571e-09  2.02564e-11
      1301.35  5.89323e-09  2.17609e-11
      1301.69  0.00000e+00  0.00000e+00
      1302.03  0.00000e+00  0.00000e+00
      1302.37  0.00000e+00  0.00000e+00
      1302.71  0.00000e+00  0.00000e+00
      1303.05  0.00000e+00  0.00000e+00
      1303.39  0.00000e+00  0.00000e+00
      1303.73  0.00000e+00  0.00000e+00
      1304.07  0.00000e+00  0.00000e+00
      1304.41  0.00000e+00  0.00000e+00
      1304.75  2.53507e-08  4.56565e-11
      1305.09  2.56977e-08  4.30366e-11
      1305.43  2.80892e-08  3.23090e-11
      1305.77  3.32177e-08  3.09779e-11
      1306.11  3.36203e-08  3.07474e-11
      1306.46  2.32277e-08  2.45375e-11
      1306.80  1.11720e-08  1.67528e-11
      1307.14  5.56721e-09  1.27971e-11
      1307.48  4.18722e-09  1.60962e-11
      1307.82  3.99915e-09  1.81781e-11
      1308.16  0.00000e+00  0.00000e+00
      1308.51  0.00000e+00  0.00000e+00
      1308.85  0.00000e+00  0.00000e+00
      1309.19  0.00000e+00  0.00000e+00
      1309.53  0.00000e+00  0.00000e+00
      1309.88  0.00000e+00  0.00000e+00
      1310.22  0.00000e+00  0.00000e+00
      1310.56  0.00000e+00  0.00000e+00
      1310.91  7.28158e-09  2.50207e-11
      1311.25  7.23651e-09  2.46669e-11
      1311.60  6.85996e-09  2.18735e-11
      1311.94  4.95022e-09  1.30572e-11
      1312.28  2.68279e-09  9.39190e-12
      1312.63  1.79489e-09  8.15936e-12
      1312.97  1.50145e-09  7.92643e-12
      1313.32  1.81293e-09  8.93810e-12
      1313.66  2.39356e-09  1.42335e-11
      1314.01  2.52360e-09  1.60944e-11
      1314.35  0.00000e+00  0.00000e+00
      1314.70  0.00000e+00  0.00000e+00
      1315.05  0.00000e+00  0.00000e+00
      1315.39  0.00000e+00  0.00000e+00
      1315.74  0.00000e+00  0.00000e+00
      1316.08  0.00000e+00  0.00000e+00
      1316.43  0.00000e+00  0.00000e+00
      1316.78  0.00000e+00  0.00000e+00
      1317.12  1.67024e-09  1.36066e-11
      1317.47  1.67329e-09  1.34425e-11
      1317.82  1.70311e-09  1.21426e-11
      1318.17  2.02375e-09  8.84618e-12
      1318.51  3.44709e-09  1.05915e-11
      1318.86  4.49464e-09  1.21641e-11
      1319.21  3.43516e-09  1.20718e-11
      1319.56  2.65108e-09  1.53136e-11
      1319.91  2.52282e-09  1.62256e-11
      1320.25  0.00000e+00  0.00000e+00
      1320.60  0.00000e+00  0.00000e+00
      1320.95  0.00000e+00  0.00000e+00
      1321.30  0.00000e+00  0.00000e+00
      1321.65  0.00000e+00  0.00000e+00
      1322.00  0.00000e+00  0.00000e+00
      1322.35  0.00000e+00  0.00000e+00
      1322.70  0.00000e+00  0.00000e+00
      1323.05  4.10942e-09  1.86464e-11
      1323.40  4.12258e-09  1.82016e-11
      1323.75  4.21932e-09  1.52128e-11
      1324.10  4.33530e-09  1.19893e-11
      1324.45  3.31167e-09  1.03286e-11
      1324.80  2.26621e-09  9.01577e-12
      