227
      1249.95  8.03457e-09  1.68123e-11
      1250.27  4.08128e-09  1.23305e-11
      1250.58  1.61342e-09  8.97892e-12
      1250.89  1.24478e-09  8.24154e-12
      1251.20  1.50437e-09  8.07829e-12
      1251.52  2.18714e-09  8.72637e-12
      1251.83  3.57757e-09  1.05936e-11
      1252.14  4.49799e-09  1.19167e-11
      1252.46  4.25521e-09  1.22241e-11
      1252.77  3.86794e-09  1.16180e-11
      1253.09  6.48087e-09  1.44754e-11
      1253.40  1.26268e-08  1.99759e-11
      1253.71  1.58669e-08  2.15463e-11
      1254.03  9.34096e-09  1.51057e-11
      1254.34  4.46319e-09  1.00147e-11
      1254.66  5.72510e-09  1.11290e-11
      1254.97  8.89938e-09  1.46927e-11
      1255.29  6.00819e-09  1.20385e-11
      1255.60  2.82220e-09  8.79117e-12
      1255.92  3.13756e-09  9.37168e-12
      1256.23  5.38709e-09  1.12580e-11
      1256.55  8.29032e-09  1.35749e-11
      1256.87  5.92387e-09  1.06275e-11
      1257.18  2.80529e-09  7.29873e-12
      1257.50  2.13683e-09  6.53757e-12
      1257.81  2.42133e-09  7.02531e-12
      1258.13  2.92010e-09  7.88073e-12
      1258.45  2.87106e-09  8.17846e-12
      1258.76  3.01847e-09  8.35079e-12
      1259.08  5.36147e-09  1.04351e-11
      1259.40  1.12288e-08  1.46320e-11
      1259.72  1.52381e-08  1.68371e-11
      1260.03  1.09150e-08  1.36433e-11
      1260.35  7.86817e-09  1.13867e-11
      1260.67  1.06814e-08  1.45287e-11
      1260.99  9.57838e-09  1.40604e-11
      1261.30  7.47770e-09  1.29620e-11
      1261.62  8.97551e-09  1.65540e-11
      1261.94  9.75822e-09  1.72402e-11
      1262.26  1.02515e-08  1.59279e-11
      1262.58  7.54609e-09  1.27753e-11
      1262.90  8.13999e-09  1.25260e-11
      1263.22  1.23497e-08  1.59490e-11
      1263.54  1.01557e-08  1.43551e-11
      1263.86  6.34162e-09  1.18391e-11
      1264.17  4.90058e-09  1.10072e-11
      1264.49  3.64201e-09  9.79837e-12
      1264.81  4.08756e-09  9.82603e-12
      1265.13  8.14655e-09  1.29740e-11
      1265.45  1.24436e-08  1.54577e-11
      1265.77  1.08829e-08  1.37740e-11
      1266.10  5.80242e-09  9.65543e-12
      1266.42  3.04390e-09  7.40129e-12
      1266.74  2.62753e-09  7.14576e-12
      1267.06  3.35929e-09  8.29912e-12
      1267.38  4.53959e-09  1.26589e-11
      1267.70  1.29184e-08  1.87575e-11
      1268.02  1.42852e-08  1.64504e-11
      1268.34  1.46802e-08  1.42619e-11
      1268.67  1.30033e-08  1.25881e-11
      1268.99  1.30236e-08  1.30278e-11
      1269.31  9.87123e-09  1.15249e-11
      1269.63  6.32235e-09  9.75977e-12
      1269.95  5.32374e-09  9.60391e-12
      1270.28  6.77267e-09  1.10619e-11
      1270.60  1.12902e-08  1.48357e-11
      1270.92  1.35483e-08  1.56865e-11
      1271.25  1.47208e-08  1.58810e-11
      1271.57  1.41830e-08  1.56396e-11
      1271.89  8.40679e-09  1.18813e-11
      1272.22  3.75133e-09  8.59937e-12
      1272.54  2.38100e-09  7.52250e-12
      1272.86  2.01345e-09  7.34401e-12
      1273.19  1.92214e-09  7.42160e-12
      1273.51  2.32560e-09  7.81351e-12
      1273.84  3.48903e-09  9.09705e-12
      1274.16  4.49854e-09  9.52822e-12
      1274.49  5.93686e-09  9.86127e-12
      1274.81  1.07020e-08  1.35357e-11
      1275.14  1.46927e-08  1.59326e-11
      1275.46  1.30247e-08  1.49571e-11
      1275.79  8.37053e-09  1.21134e-11
      1276.11  5.38089e-09  9.66626e-12
      1276.44  7.30334e-09  1.07926e-11
      1276.76  1.28678e-08  1.43900e-11
      1277.09  1.29538e-08  1.29836e-11
      1277.42  1.33144e-08  1.31602e-11
      1277.74  9.04113e-09  1.05402e-11
      1278.07  4.11863e-09  7.38308e-12
      1278.40  2.53754e-09  6.49435e-12
      1278.72  2.04307e-09  6.41049e-12
      1279.05  2.04199e-09  6.79499e-12
      1279.38  2.67525e-09  7.58524e-12
      1279.71  3.93785e-09  8.78974e-12
      1280.03  5.06477e-09  9.66559e-12
      1280.36  4.64416e-09  8.86537e-12
      1280.69  4.87735e-09  9.39362e-12
      1281.02  6.42866e-09  1.09549e-11
      1281.34  9.45691e-09  1.41361e-11
      1281.67  1.15189e-08  2.00991e-11
      1282.00  7.94395e-09  1.63279e-11
      1282.33  9.25765e-09  1.39778e-11
      1282.66  1.43362e-08  1.67425e-11
      1282.99  1.83519e-08  1.80078e-11
      1283.32  1.83194e-08  1.73057e-11
      1283.65  1.26411e-08  1.40325e-11
      1283.98  6.55897e-09  1.01057e-11
      1284.31  3.78832e-09  8.12876e-12
      1284.64  2.86917e-09  7.34105e-12
      1284.97  2.82757e-09  7.25507e-12
      1285.30  3.37837e-09  7.78676e-12
      1285.63  2.87585e-09  6.82417e-12
      1285.96  2.66757e-09  6.21252e-12
      1286.29  4.07877e-09  7.50969e-12
      1286.62  5.73280e-09  9.22724e-12
      1286.95  5.29542e-09  8.99845e-12
      1287.28  6.62955e-09  1.05158e-11
      1287.61  1.17432e-08  1.51653e-11
      1287.95  1.40222e-08  1.67155e-11
      1288.28  1.38823e-08  1.65976e-11
      1288.61  1.38385e-08  1.61799e-11
      1288.94  1.36182e-08  1.58809e-11
      1289.27  9.84839e-09  1.32005e-11
      1289.61  7.08087e-09  1.14374e-11
      1289.94  5.65432e-09  1.07110e-11
      1290.27  3.92252e-09  9.36465e-12
      1290.61  3.33296e-09  8.94231e-12
      1290.94  2.62965e-09  8.10265e-12
      1291.27  2.02599e-09  6.75733e-12
      1291.61  2.29299e-09  6.45486e-12
      1291.94  3.57161e-09  7.50654e-12
      1292.27  6.08303e-09  9.08779e-12
      1292.61  8.77580e-09  1.12023e-11
      1292.94  6.43301e-09  9.45202e-12
      1293.28  4.90856e-09  8.63287e-12
      1293.61  6.36317e-09  1.01282e-11
      1293.95  8.11919e-09  1.11478e-11
      1294.28  1.25299e-08  1.42859e-11
      1294.62  1.43494e-08  1.66034e-11
      1294.95  1.09908e-08  1.41303e-11
      1295.29  1.13022e-08  1.37119e-11
      1295.62  9.61963e-09  1.29874e-11
      1295.96  6.88229e-09  1.15807e-11
      1296.29  5.98269e-09  1.14757e-11
      1296.63  6.23999e-09  1.18164e-11
      1296.97  7.72859e-09  1.24940e-11
      1297.30  1.21850e-08  1.48628e-11
      1297.64  1.67266e-08  1.70648e-11
      1297.98  1.42453e-08  1.50223e-11
      1298.31  8.82495e-09  1.16181e-11
      1298.65  4.98201e-09  8.93745e-12
      1298.99  3.74752e-09  7.80190e-12
      1299.33  6.40590e-09  9.89717e-12
      1299.66  1.16536e-08  1.31205e-11
      1300.00  1.33807e-08  1.35039e-11
      1300.34  1.15338e-08  1.22239e-11
      1300.68  8.03402e-09  9.98340e-12
      1301.02  8.11897e-09  1.01929e-11
      1301.35  1.40496e-08  1.44540e-11
      1301.69  1.71998e-08  1.67912e-11
      1302.03  1.66822e-08  1.75443e-11
      1302.37  1.48742e-08  1.67111e-11
      1302.71  1.70653e-08  1.84082e-11
      1303.05  1.88705e-08  1.86418e-11
      1303.39  2.16500e-08  1.94717e-11
      1303.73  2.34768e-08  2.00706e-11
      1304.07  2.17333e-08  1.89810e-11
      1304.41  2.19290e-08  1.94734e-11
      1304.75  2.33504e-08  2.01861e-11
      1305.09  2.44722e-08  2.01501e-11
      1305.43  2.91244e-08  2.13930e-11
      1305.77  3.50077e-08  2.21172e-11
      1306.11  3.56966e-08  2.15309e-11
      1306.46  2.39422e-08  1.68487e-11
      1306.80  1.11781e-08  1.12713e-11
      1307.14  5.61473e-09  8.74668e-12
      1307.48  3.77521e-09  7.91336e-12
      1307.82  2.98596e-09  7.55104e-12
      1308.16  2.95426e-09  7.93591e-12
      1308.51  3.59825e-09  8.83878e-12
      1308.85  3.02034e-09  7.91519e-12
      1309.19  2.15348e-09  6.61448e-12
      1309.53  1.97109e-09  6.43628e-12
      1309.88  1.95521e-09  6.70934e-12
      1310.22  2.09431e-09  6.95228e-12
      1310.56  2.64983e-09  7.80927e-12
      1310.91  4.09029e-09  1.04561e-11
      1311.25  9.72078e-09  1.53460e-11
      1311.60  9.42700e-09  1.28051e-11
      1311.94  5.66930e-09  9.27643e-12
      1312.28  2.93392e-09  6.47323e-12
      1312.63  2.00125e-09  5.48269e-12
      1312.97  1.73508e-09  5.37646e-12
      1313.32  2.22847e-09  6.21834e-12
      1313.66  3.50494e-09  8.21566e-12
      1314.01  3.16315e-09  8.18185e-12
      1314.35  1.89896e-09  6.71684e-12
      1314.70  1.45723e-09  6.08740e-12
      1315.05  1.42598e-09  5.93014e-12
      1315.39  1.56931e-09  6.14031e-12
      1315.74  1.94182e-09  6.79358e-12
      1316.08  2.90802e-09  8.10441e-12
      1316.43  5.84536e-09  1.10085e-11
      1316.78  1.00717e-08  1.47928e-11
      1317.12  8.46770e-09  1.30538e-11
      1317.47  4.13878e-09  8.52514e-12
      1317.82  2.37116e-09  6.40861e-12
      1318.17  2.32558e-09  5.90378e-12
      1318.51  3.73887e-09  7.25030e-12
      1318.86  4.72700e-09  8.50796e-12
      1319.21  3.54981e-09  8.46317e-12
      1319.56  2.26457e-09  9.09922e-12
      1319.91  2.03866e-09  8.64465e-12
      1320.25  1.96585e-09  6.82930e-12
      1320.60  1.93666e-09  6.62991e-12
      1320.95  2.30942e-09  7.02134e-12
      1321.30  3.20368e-09  7.90892e-12
      1321.65  6.43012e-09  1.06914e-11
      1322.00  1.29909e-08  1.64758e-11
      1322.35  1.15296e-08  1.53641e-11
      1322.70  5.68569e-09  1.07412e-11
      1323.05  3.40157e-09  8.43639e-12
      1323.40  3.73046e-09  8.08934e-12
      1323.75  4.43924e-09  8.17348e-12
      1324.10  4.72038e-09  8.16292e-12
      1324.45  3.49376e-09  6.86958e-12
      1324.80  2.44273e-09  6.28770e-12
      