227
      1249.95  8.00175e-09  1.42639e-11
      1250.27  4.00230e-09  1.04524e-11
      1250.58  1.51208e-09  7.48928e-12
      1250.89  1.15023e-09  6.52688e-12
      1251.20  1.40377e-09  6.41534e-12
      1251.52  2.07325e-09  6.70565e-12
      1251.83  3.41444e-09  8.08238e-12
      1252.14  4.31235e-09  9.04344e-12
      1252.46  4.08202e-09  9.10244e-12
      1252.77  3.77916e-09  8.87783e-12
      1253.09  6.36882e-09  1.09765e-11
      1253.40  1.23932e-08  1.46987e-11
      1253.71  1.55880e-08  1.62824e-11
      1254.03  9.11490e-09  1.15168e-11
      1254.34  4.21710e-09  7.94431e-12
      1254.66  5.39239e-09  8.82033e-12
      1254.97  8.92679e-09  1.20822e-11
      1255.29  5.78901e-09  9.77371e-12
      1255.60  2.52410e-09  7.39691e-12
      1255.92  2.92682e-09  8.31358e-12
      1256.23  5.10347e-09  1.00755e-11
      1256.55  8.09456e-09  1.26556e-11
      1256.87  5.76247e-09  1.02236e-11
      1257.18  2.57687e-09  7.04121e-12
      1257.50  1.90970e-09  6.54048e-12
      1257.81  2.17797e-09  7.09557e-12
      1258.13  2.68398e-09  8.15067e-12
      1258.45  2.65977e-09  8.49418e-12
      1258.76  2.79989e-09  8.60719e-12
      1259.08  5.13638e-09  1.07886e-11
      1259.40  1.08458e-08  1.47567e-11
      1259.72  1.47190e-08  1.69016e-11
      1260.03  1.07283e-08  1.36550e-11
      1260.35  7.78855e-09  1.12183e-11
      1260.67  1.04946e-08  1.36836e-11
      1260.99  9.48011e-09  1.31060e-11
      1261.30  7.38864e-09  1.14989e-11
      1261.62  9.69051e-09  1.41100e-11
      1261.94  9.95929e-09  1.38391e-11
      1262.26  1.00529e-08  1.59117e-11
      1262.58  6.32215e-09  1.13005e-11
      1262.90  7.86481e-09  1.03051e-11
      1263.22  1.23496e-08  1.30066e-11
      1263.54  1.01239e-08  1.14882e-11
      1263.86  6.17583e-09  9.06273e-12
      1264.17  4.79054e-09  8.67086e-12
      1264.49  3.53313e-09  7.48697e-12
      1264.81  3.93177e-09  7.56195e-12
      1265.13  7.92977e-09  1.00033e-11
      1265.45  1.21909e-08  1.18978e-11
      1265.77  1.07020e-08  1.08083e-11
      1266.10  5.67445e-09  7.72552e-12
      1266.42  2.87847e-09  5.95182e-12
      1266.74  2.44251e-09  5.95956e-12
      1267.06  3.29248e-09  7.06639e-12
      1267.38  6.34081e-09  1.14977e-11
      1267.70  1.23614e-08  1.37745e-11
      1268.02  1.42971e-08  1.54801e-11
      1268.34  1.47393e-08  1.43953e-11
      1268.67  1.29850e-08  1.27528e-11
      1268.99  1.29574e-08  1.32585e-11
      1269.31  9.64338e-09  1.16032e-11
      1269.63  6.06506e-09  9.84725e-12
      1269.95  5.06280e-09  9.62669e-12
      1270.28  6.39984e-09  1.06761e-11
      1270.60  1.10338e-08  1.42270e-11
      1270.92  1.33220e-08  1.48609e-11
      1271.25  1.45577e-08  1.46788e-11
      1271.57  1.41572e-08  1.41323e-11
      1271.89  8.40166e-09  1.04131e-11
      1272.22  3.68698e-09  7.11873e-12
      1272.54  2.29885e-09  6.05773e-12
      1272.86  1.91395e-09  5.87818e-12
      1273.19  1.81927e-09  5.88450e-12
      1273.51  2.21612e-09  6.10216e-12
      1273.84  3.35653e-09  6.99984e-12
      1274.16  4.36889e-09  7.32435e-12
      1274.49  5.83230e-09  7.57722e-12
      1274.81  1.04909e-08  1.00589e-11
      1275.14  1.44347e-08  1.21458e-11
      1275.46  1.28352e-08  1.17874e-11
      1275.79  8.23969e-09  9.88247e-12
      1276.11  5.25410e-09  8.33359e-12
      1276.44  6.36643e-09  1.02491e-11
      1276.76  1.08797e-08  1.16012e-11
      1277.09  1.24971e-08  1.34151e-11
      1277.42  1.31041e-08  1.30947e-11
      1277.74  8.82816e-09  1.05747e-11
      1278.07  3.92961e-09  7.39461e-12
      1278.40  2.33937e-09  6.56154e-12
      1278.72  1.83317e-09  6.37315e-12
      1279.05  1.82027e-09  6.71290e-12
      1279.38  2.45550e-09  7.43714e-12
      1279.71  3.82507e-09  8.39460e-12
      1280.03  5.03393e-09  9.10674e-12
      1280.36  4.57683e-09  8.07167e-12
      1280.69  4.81065e-09  8.05486e-12
      1281.02  6.35075e-09  9.15476e-12
      1281.34  9.38220e-09  1.15175e-11
      1281.67  1.14653e-08  1.49776e-11
      1282.00  8.02568e-09  1.19859e-11
      1282.33  9.09551e-09  1.08687e-11
      1282.66  1.41691e-08  1.28776e-11
      1282.99  1.81547e-08  1.37784e-11
      1283.32  1.80989e-08  1.33275e-11
      1283.65  1.24526e-08  1.09630e-11
      1283.98  6.37696e-09  8.15367e-12
      1284.31  3.61313e-09  6.84054e-12
      1284.64  2.72206e-09  6.55488e-12
      1284.97  2.68970e-09  6.80675e-12
      1285.30  3.21677e-09  7.76103e-12
      1285.63  2.72900e-09  6.92156e-12
      1285.96  2.50671e-09  6.30210e-12
      1286.29  3.88165e-09  7.62832e-12
      1286.62  5.48684e-09  9.18993e-12
      1286.95  5.08370e-09  8.83085e-12
      1287.28  6.43780e-09  1.00862e-11
      1287.61  1.15983e-08  1.43072e-11
      1287.95  1.39328e-08  1.53962e-11
      1288.28  1.37890e-08  1.48201e-11
      1288.61  1.37510e-08  1.39685e-11
      1288.94  1.35292e-08  1.31898e-11
      1289.27  9.68182e-09  1.05343e-11
      1289.61  6.99152e-09  8.98627e-12
      1289.94  5.52762e-09  8.14874e-12
      1290.27  3.79270e-09  6.95202e-12
      1290.61  3.21261e-09  6.74633e-12
      1290.94  2.48515e-09  6.06616e-12
      1291.27  1.88247e-09  5.40299e-12
      1291.61  2.14777e-09  5.49135e-12
      1291.94  3.42743e-09  6.40807e-12
      1292.27  5.96393e-09  8.10825e-12
      1292.61  8.73410e-09  1.06464e-11
      1292.94  6.24428e-09  9.14079e-12
      1293.28  4.69346e-09  8.68544e-12
      1293.61  6.20644e-09  1.03827e-11
      1293.95  7.93461e-09  1.14220e-11
      1294.28  1.23654e-08  1.45072e-11
      1294.62  1.42965e-08  1.73506e-11
      1294.95  1.07684e-08  1.36416e-11
      1295.29  1.11767e-08  1.26602e-11
      1295.62  9.53298e-09  1.14800e-11
      1295.96  6.84389e-09  9.84237e-12
      1296.29  5.92152e-09  9.37260e-12
      1296.63  6.17394e-09  9.39369e-12
      1296.97  7.71529e-09  9.82436e-12
      1297.30  1.21409e-08  1.14748e-11
      1297.64  1.64883e-08  1.30715e-11
      1297.98  1.40026e-08  1.15226e-11
      1298.31  8.62880e-09  9.07204e-12
      1298.65  4.81510e-09  7.24615e-12
      1298.99  3.65292e-09  6.74343e-12
      1299.33  6.38433e-09  9.04029e-12
      1299.66  1.15345e-08  1.26944e-11
      1300.00  1.31698e-08  1.34982e-11
      1300.34  1.13031e-08  1.24945e-11
      1300.68  7.77812e-09  1.01633e-11
      1301.02  7.99079e-09  1.00814e-11
      1301.35  1.39365e-08  1.40473e-11
      1301.69  1.70058e-08  1.57272e-11
      1302.03  1.65842e-08  1.60691e-11
      1302.37  1.46684e-08  1.46562e-11
      1302.71  1.69994e-08  1.56993e-11
      1303.05  1.86434e-08  1.53541e-11
      1303.39  2.15455e-08  1.54534e-11
      1303.73  2.33281e-08  1.54992e-11
      1304.07  2.14400e-08  1.42956e-11
      1304.41  2.17729e-08  1.46280e-11
      1304.75  2.32035e-08  1.54554e-11
      1305.09  2.42074e-08  1.60374e-11
      1305.43  2.89356e-08  1.81218e-11
      1305.77  3.48159e-08  1.99696e-11
      1306.11  3.54859e-08  2.05491e-11
      1306.46  2.34402e-08  1.65483e-11
      1306.80  1.06699e-08  1.12486e-11
      1307.14  5.33589e-09  8.75211e-12
      1307.48  3.62652e-09  8.37739e-12
      1307.82  2.83749e-09  7.77542e-12
      1308.16  2.86221e-09  7.49832e-12
      1308.51  3.52255e-09  8.13320e-12
      1308.85  2.96829e-09  7.05180e-12
      1309.19  2.11765e-09  5.80975e-12
      1309.53  1.94487e-09  5.32725e-12
      1309.88  1.91260e-09  5.42151e-12
      1310.22  2.04227e-09  5.41898e-12
      1310.56  2.62922e-09  5.91307e-12
      1310.91  4.76407e-09  7.56479e-12
      1311.25  8.80196e-09  1.03160e-11
      1311.60  9.14577e-09  1.04647e-11
      1311.94  5.46951e-09  8.04670e-12
      1312.28  2.79663e-09  6.01860e-12
      1312.63  1.87428e-09  5.49941e-12
      1312.97  1.60821e-09  5.36080e-12
      1313.32  2.13473e-09  6.27559e-12
      1313.66  3.39609e-09  8.18856e-12
      1314.01  2.98976e-09  7.96892e-12
      1314.35  1.81062e-09  6.46664e-12
      1314.70  1.40662e-09  5.45917e-12
      1315.05  1.38016e-09  5.14056e-12
      1315.39  1.53646e-09  5.03732e-12
      1315.74  1.91180e-09  5.32393e-12
      1316.08  2.86876e-09  6.16101e-12
      1316.43  5.85174e-09  8.29223e-12
      1316.78  1.00716e-08  1.12269e-11
      1317.12  8.21299e-09  1.00543e-11
      1317.47  3.91598e-09  7.00039e-12
      1317.82  2.22579e-09  5.55208e-12
      1318.17  2.23139e-09  5.42132e-12
      1318.51  3.69517e-09  7.05917e-12
      1318.86  4.61674e-09  8.44385e-12
      1319.21  3.23174e-09  7.63562e-12
      1319.56  2.04810e-09  7.75918e-12
      1319.91  1.91651e-09  8.40439e-12
      1320.25  1.86787e-09  6.72744e-12
      1320.60  1.90442e-09  6.22381e-12
      1320.95  2.29278e-09  6.24498e-12
      1321.30  3.19629e-09  6.53888e-12
      1321.65  6.50033e-09  8.52151e-12
      1322.00  1.30193e-08  1.27084e-11
      1322.35  1.13515e-08  1.16694e-11
      1322.70  5.49216e-09  8.07160e-12
      1323.05  3.28333e-09  6.60717e-12
      1323.40  3.61115e-09  6.83019e-12
      1323.75  4.32545e-09  7.28249e-12
      1324.10  4.57424e-09  7.61654e-12
      1324.45  3.34873e-09  6.78213e-12
      1324.80  2.32435e-09  6.20865e-12
      