227
      1249.95  8.09450e-09  1.39913e-11
      1250.27  4.11150e-09  1.03612e-11
      1250.58  1.61760e-09  7.35192e-12
      1250.89  1.25710e-09  6.60345e-12
      1251.20  1.51370e-09  6.74369e-12
      1251.52  2.20126e-09  6.70891e-12
      1251.83  3.55780e-09  8.21305e-12
      1252.14  4.45912e-09  9.30216e-12
      1252.46  4.22426e-09  9.52932e-12
      1252.77  3.91708e-09  9.45221e-12
      1253.09  6.51939e-09  1.19520e-11
      1253.40  1.25807e-08  1.62397e-11
      1253.71  1.58102e-08  1.82480e-11
      1254.03  9.26212e-09  1.30107e-11
      1254.34  4.38845e-09  9.02756e-12
      1254.66  5.61468e-09  1.03290e-11
      1254.97  9.05622e-09  1.40744e-11
      1255.29  5.99758e-09  1.15784e-11
      1255.60  2.74557e-09  8.78281e-12
      1255.92  3.11682e-09  9.79498e-12
      1256.23  5.30575e-09  1.17914e-11
      1256.55  8.26855e-09  1.46292e-11
      1256.87  5.95334e-09  1.18175e-11
      1257.18  2.80261e-09  8.12290e-12
      1257.50  2.13544e-09  7.39688e-12
      1257.81  2.39997e-09  7.94800e-12
      1258.13  2.89779e-09  8.88676e-12
      1258.45  2.87122e-09  9.11513e-12
      1258.76  3.00493e-09  9.37977e-12
      1259.08  5.34188e-09  1.14585e-11
      1259.40  1.10908e-08  1.56877e-11
      1259.72  1.50041e-08  1.76899e-11
      1260.03  1.09232e-08  1.40954e-11
      1260.35  7.92837e-09  1.13462e-11
      1260.67  1.06254e-08  1.38495e-11
      1260.99  9.55328e-09  1.29960e-11
      1261.30  7.37254e-09  1.14720e-11
      1261.62  9.15007e-09  1.37376e-11
      1261.94  9.78423e-09  1.43822e-11
      1262.26  1.01103e-08  1.64361e-11
      1262.58  6.26174e-09  1.13174e-11
      1262.90  8.00437e-09  1.00785e-11
      1263.22  1.23947e-08  1.27387e-11
      1263.54  1.02018e-08  1.13790e-11
      1263.86  6.29233e-09  9.17781e-12
      1264.17  4.90507e-09  8.90246e-12
      1264.49  3.66511e-09  7.91130e-12
      1264.81  4.08032e-09  8.24231e-12
      1265.13  8.09870e-09  1.10987e-11
      1265.45  1.23760e-08  1.34625e-11
      1265.77  1.08618e-08  1.24687e-11
      1266.10  5.82419e-09  9.03683e-12
      1266.42  3.03993e-09  7.16498e-12
      1266.74  2.62320e-09  7.15084e-12
      1267.06  3.36917e-09  8.61777e-12
      1267.38  4.99091e-09  1.24063e-11
      1267.70  1.33797e-08  1.82802e-11
      1268.02  1.44326e-08  1.82704e-11
      1268.34  1.48516e-08  1.64157e-11
      1268.67  1.30576e-08  1.44275e-11
      1268.99  1.31390e-08  1.48468e-11
      1269.31  9.86934e-09  1.28398e-11
      1269.63  6.28596e-09  1.06605e-11
      1269.95  5.27862e-09  1.01490e-11
      1270.28  6.64987e-09  1.12929e-11
      1270.60  1.12295e-08  1.48464e-11
      1270.92  1.34725e-08  1.51532e-11
      1271.25  1.46208e-08  1.46513e-11
      1271.57  1.41731e-08  1.39425e-11
      1271.89  8.46536e-09  1.03787e-11
      1272.22  3.76692e-09  7.04623e-12
      1272.54  2.37726e-09  5.92749e-12
      1272.86  2.00055e-09  5.85036e-12
      1273.19  1.91813e-09  5.94668e-12
      1273.51  2.31834e-09  6.22648e-12
      1273.84  3.47020e-09  7.25222e-12
      1274.16  4.48875e-09  7.75818e-12
      1274.49  5.95149e-09  8.27606e-12
      1274.81  1.06563e-08  1.12904e-11
      1275.14  1.46052e-08  1.38704e-11
      1275.46  1.29636e-08  1.36315e-11
      1275.79  8.36949e-09  1.15830e-11
      1276.11  5.37961e-09  9.79813e-12
      1276.44  6.54894e-09  1.19302e-11
      1276.76  1.12585e-08  1.30567e-11
      1277.09  1.26774e-08  1.53915e-11
      1277.42  1.32799e-08  1.49397e-11
      1277.74  9.01679e-09  1.19238e-11
      1278.07  4.10374e-09  8.27017e-12
      1278.40  2.52646e-09  7.40574e-12
      1278.72  2.02006e-09  6.91113e-12
      1279.05  1.99776e-09  6.83253e-12
      1279.38  2.61466e-09  7.46494e-12
      1279.71  3.90233e-09  8.41961e-12
      1280.03  5.06572e-09  8.94707e-12
      1280.36  4.63385e-09  7.91660e-12
      1280.69  4.85731e-09  7.85335e-12
      1281.02  6.41009e-09  8.83806e-12
      1281.34  9.43884e-09  1.11603e-11
      1281.67  1.15158e-08  1.51083e-11
      1282.00  8.03445e-09  1.23681e-11
      1282.33  9.22125e-09  1.12159e-11
      1282.66  1.42883e-08  1.36778e-11
      1282.99  1.82812e-08  1.51262e-11
      1283.32  1.82276e-08  1.50298e-11
      1283.65  1.25839e-08  1.26634e-11
      1283.98  6.51292e-09  9.55707e-12
      1284.31  3.75516e-09  8.01449e-12
      1284.64  2.86550e-09  7.70979e-12
      1284.97  2.82845e-09  7.93212e-12
      1285.30  3.36293e-09  8.89679e-12
      1285.63  2.88202e-09  7.88046e-12
      1285.96  2.66702e-09  7.19481e-12
      1286.29  4.05417e-09  8.46758e-12
      1286.62  5.68602e-09  1.00083e-11
      1286.95  5.26691e-09  9.42863e-12
      1287.28  6.58720e-09  1.04324e-11
      1287.61  1.16770e-08  1.44814e-11
      1287.95  1.39910e-08  1.53215e-11
      1288.28  1.38398e-08  1.44801e-11
      1288.61  1.38233e-08  1.36276e-11
      1288.94  1.36097e-08  1.28660e-11
      1289.27  9.78023e-09  1.03740e-11
      1289.61  7.05724e-09  8.93710e-12
      1289.94  5.61202e-09  8.30610e-12
      1290.27  3.89747e-09  7.33075e-12
      1290.61  3.32045e-09  7.37844e-12
      1290.94  2.61042e-09  6.80917e-12
      1291.27  2.01072e-09  6.22774e-12
      1291.61  2.27992e-09  6.40265e-12
      1291.94  3.56889e-09  7.55148e-12
      1292.27  6.09537e-09  9.59096e-12
      1292.61  8.83281e-09  1.24091e-11
      1292.94  6.41250e-09  1.06754e-11
      1293.28  4.86073e-09  9.73108e-12
      1293.61  6.35059e-09  1.14905e-11
      1293.95  8.06854e-09  1.22611e-11
      1294.28  1.24846e-08  1.51576e-11
      1294.62  1.44466e-08  1.82727e-11
      1294.95  1.07225e-08  1.40106e-11
      1295.29  1.12506e-08  1.24799e-11
      1295.62  9.61258e-09  1.12152e-11
      1295.96  6.89904e-09  9.47486e-12
      1296.29  5.98590e-09  9.11594e-12
      1296.63  6.24952e-09  9.29132e-12
      1296.97  7.79258e-09  9.90729e-12
      1297.30  1.22207e-08  1.19990e-11
      1297.64  1.66257e-08  1.42240e-11
      1297.98  1.41427e-08  1.29549e-11
      1298.31  8.76279e-09  1.05136e-11
      1298.65  4.95210e-09  8.66055e-12
      1298.99  3.76422e-09  8.11418e-12
      1299.33  6.46676e-09  1.07208e-11
      1299.66  1.16458e-08  1.47791e-11
      1300.00  1.33247e-08  1.55136e-11
      1300.34  1.14762e-08  1.40416e-11
      1300.68  7.94727e-09  1.11719e-11
      1301.02  8.09880e-09  1.08063e-11
      1301.35  1.40252e-08  1.46705e-11
      1301.69  1.71068e-08  1.61268e-11
      1302.03  1.66443e-08  1.59948e-11
      1302.37  1.47543e-08  1.44840e-11
      1302.71  1.70353e-08  1.52386e-11
      1303.05  1.87015e-08  1.48725e-11
      1303.39  2.15949e-08  1.53270e-11
      1303.73  2.34007e-08  1.57477e-11
      1304.07  2.15363e-08  1.51081e-11
      1304.41  2.18662e-08  1.61359e-11
      1304.75  2.32990e-08  1.75924e-11
      1305.09  2.43062e-08  1.86760e-11
      1305.43  2.90048e-08  2.13687e-11
      1305.77  3.48756e-08  2.34636e-11
      1306.11  3.55990e-08  2.38111e-11
      1306.46  2.36909e-08  1.89526e-11
      1306.80  1.09016e-08  1.25978e-11
      1307.14  5.51406e-09  9.61227e-12
      1307.48  3.94809e-09  9.92876e-12
      1307.82  2.89673e-09  8.61766e-12
      1308.16  2.95512e-09  7.62058e-12
      1308.51  3.56912e-09  7.94653e-12
      1308.85  3.02025e-09  6.92575e-12
      1309.19  2.16557e-09  5.54349e-12
      1309.53  1.99187e-09  5.18611e-12
      1309.88  1.97213e-09  5.26167e-12
      1310.22  2.11419e-09  5.53933e-12
      1310.56  2.70281e-09  6.37837e-12
      1310.91  4.82426e-09  8.50145e-12
      1311.25  8.85607e-09  1.19488e-11
      1311.60  9.26351e-09  1.23370e-11
      1311.94  5.59495e-09  9.57289e-12
      1312.28  2.91182e-09  7.06108e-12
      1312.63  1.99505e-09  6.29197e-12
      1312.97  1.72911e-09  6.04172e-12
      1313.32  2.23839e-09  6.95913e-12
      1313.66  3.48559e-09  8.75277e-12
      1314.01  3.11270e-09  8.32211e-12
      1314.35  1.87568e-09  6.66297e-12
      1314.70  1.43619e-09  5.47666e-12
      1315.05  1.41986e-09  4.94791e-12
      1315.39  1.58141e-09  4.88772e-12
      1315.74  1.96414e-09  5.28061e-12
      1316.08  2.92286e-09  6.26874e-12
      1316.43  5.89604e-09  8.74923e-12
      1316.78  1.01379e-08  1.23531e-11
      1317.12  8.32937e-09  1.14120e-11
      1317.47  4.05203e-09  8.22128e-12
      1317.82  2.33217e-09  6.45772e-12
      1318.17  2.31644e-09  6.39080e-12
      1318.51  3.77485e-09  8.15254e-12
      1318.86  4.73758e-09  9.48624e-12
      1319.21  3.35346e-09  8.54714e-12
      1319.56  2.17836e-09  8.69446e-12
      1319.91  2.03092e-09  8.49933e-12
      1320.25  1.94549e-09  6.77304e-12
      1320.60  1.93360e-09  6.00070e-12
      1320.95  2.32145e-09  5.96236e-12
      1321.30  3.21565e-09  6.34248e-12
      1321.65  6.48447e-09  8.37158e-12
      1322.00  1.31028e-08  1.29229e-11
      1322.35  1.14715e-08  1.23700e-11
      1322.70  5.57321e-09  8.98484e-12
      1323.05  3.35621e-09  7.66352e-12
      1323.40  3.69603e-09  8.10313e-12
      1323.75  4.41707e-09  8.69616e-12
      1324.10  4.68913e-09  9.07568e-12
      1324.45  3.45659e-09  7.75852e-12
      1324.80  2.42148e-09  6.98589e-12
      