227
      1249.95  8.03487e-09  1.44812e-11
      1250.27  3.98963e-09  1.04167e-11
      1250.58  1.57995e-09  7.53278e-12
      1250.89  1.23444e-09  6.76938e-12
      1251.20  1.49933e-09  6.59690e-12
      1251.52  2.16885e-09  7.12686e-12
      1251.83  3.59218e-09  8.95934e-12
      1252.14  4.49587e-09  1.02109e-11
      1252.46  4.23287e-09  1.03908e-11
      1252.77  3.91072e-09  1.03169e-11
      1253.09  6.60792e-09  1.32665e-11
      1253.40  1.26066e-08  1.78784e-11
      1253.71  1.54504e-08  1.98789e-11
      1254.03  9.27717e-09  1.47087e-11
      1254.34  4.50367e-09  1.01792e-11
      1254.66  5.80032e-09  1.16553e-11
      1254.97  8.73987e-09  1.52823e-11
      1255.29  5.93502e-09  1.29158e-11
      1255.60  2.84511e-09  9.78507e-12
      1255.92  3.12098e-09  1.06476e-11
      1256.23  5.41216e-09  1.31394e-11
      1256.55  8.32047e-09  1.63627e-11
      1256.87  5.83598e-09  1.28266e-11
      1257.18  2.79863e-09  8.80472e-12
      1257.50  2.12795e-09  8.19505e-12
      1257.81  2.41670e-09  8.81320e-12
      1258.13  2.92216e-09  9.54765e-12
      1258.45  2.86042e-09  9.33229e-12
      1258.76  2.97897e-09  9.31305e-12
      1259.08  5.28905e-09  1.13739e-11
      1259.40  1.12335e-08  1.56129e-11
      1259.72  1.53011e-08  1.74935e-11
      1260.03  1.09503e-08  1.38211e-11
      1260.35  7.92476e-09  1.13801e-11
      1260.67  1.04949e-08  1.37903e-11
      1260.99  9.56363e-09  1.32587e-11
      1261.30  7.65288e-09  1.17497e-11
      1261.62  9.58887e-09  1.35187e-11
      1261.94  1.01321e-08  1.31925e-11
      1262.26  1.01819e-08  1.31211e-11
      1262.58  7.59433e-09  1.05304e-11
      1262.90  8.20747e-09  1.05267e-11
      1263.22  1.23180e-08  1.33385e-11
      1263.54  1.00805e-08  1.20912e-11
      1263.86  6.30744e-09  9.99181e-12
      1264.17  4.88282e-09  9.69443e-12
      1264.49  3.61219e-09  8.63884e-12
      1264.81  4.08291e-09  8.99813e-12
      1265.13  8.17902e-09  1.21824e-11
      1265.45  1.24920e-08  1.49317e-11
      1265.77  1.08105e-08  1.37141e-11
      1266.10  5.70285e-09  9.95007e-12
      1266.42  2.98816e-09  7.86279e-12
      1266.74  2.59536e-09  7.97078e-12
      1267.06  3.34410e-09  9.33813e-12
      1267.38  4.54743e-09  1.50427e-11
      1267.70  1.23307e-08  2.27091e-11
      1268.02  1.42454e-08  2.03868e-11
      1268.34  1.45765e-08  1.73903e-11
      1268.67  1.29895e-08  1.54317e-11
      1268.99  1.28865e-08  1.52708e-11
      1269.31  9.83256e-09  1.28603e-11
      1269.63  6.33604e-09  1.05814e-11
      1269.95  5.31287e-09  1.00827e-11
      1270.28  6.77489e-09  1.10964e-11
      1270.60  1.12562e-08  1.42751e-11
      1270.92  1.34753e-08  1.46899e-11
      1271.25  1.46521e-08  1.44166e-11
      1271.57  1.41100e-08  1.38838e-11
      1271.89  8.33553e-09  1.02517e-11
      1272.22  3.72764e-09  7.08402e-12
      1272.54  2.36330e-09  6.29062e-12
      1272.86  1.98098e-09  6.09987e-12
      1273.19  1.89802e-09  6.18626e-12
      1273.51  2.31299e-09  6.51503e-12
      1273.84  3.49796e-09  7.77021e-12
      1274.16  4.48899e-09  8.38332e-12
      1274.49  5.90396e-09  9.08085e-12
      1274.81  1.07000e-08  1.27605e-11
      1275.14  1.46998e-08  1.59032e-11
      1275.46  1.29658e-08  1.54132e-11
      1275.79  8.28290e-09  1.29763e-11
      1276.11  5.35215e-09  1.10342e-11
      1276.44  6.48339e-09  1.36806e-11
      1276.76  1.04037e-08  1.62499e-11
      1277.09  1.26302e-08  1.71385e-11
      1277.42  1.32139e-08  1.64141e-11
      1277.74  9.01395e-09  1.29690e-11
      1278.07  4.10920e-09  9.08091e-12
      1278.40  2.52463e-09  7.60133e-12
      1278.72  2.05174e-09  7.04690e-12
      1279.05  2.04440e-09  7.39600e-12
      1279.38  2.65562e-09  7.51122e-12
      1279.71  3.91635e-09  8.26427e-12
      1280.03  5.04360e-09  8.81084e-12
      1280.36  4.61649e-09  7.95265e-12
      1280.69  4.86291e-09  8.08687e-12
      1281.02  6.41287e-09  9.25537e-12
      1281.34  9.45080e-09  1.18079e-11
      1281.67  1.14970e-08  1.65671e-11
      1282.00  7.91969e-09  1.37935e-11
      1282.33  9.25207e-09  1.20863e-11
      1282.66  1.43032e-08  1.48430e-11
      1282.99  1.82793e-08  1.65977e-11
      1283.32  1.81982e-08  1.66631e-11
      1283.65  1.25337e-08  1.41648e-11
      1283.98  6.49059e-09  1.07636e-11
      1284.31  3.74734e-09  9.21873e-12
      1284.64  2.85459e-09  8.58323e-12
      1284.97  2.82731e-09  8.72877e-12
      1285.30  3.38393e-09  9.63126e-12
      1285.63  2.86294e-09  8.32132e-12
      1285.96  2.64121e-09  7.43626e-12
      1286.29  4.09213e-09  8.51162e-12
      1286.62  5.73875e-09  9.84026e-12
      1286.95  5.27733e-09  9.29326e-12
      1287.28  6.55671e-09  1.02873e-11
      1287.61  1.17031e-08  1.42001e-11
      1287.95  1.39977e-08  1.49608e-11
      1288.28  1.38286e-08  1.41700e-11
      1288.61  1.37880e-08  1.34499e-11
      1288.94  1.35959e-08  1.29878e-11
      1289.27  9.80944e-09  1.08228e-11
      1289.61  7.03515e-09  9.63486e-12
      1289.94  5.63689e-09  9.36365e-12
      1290.27  3.90502e-09  1.01914e-11
      1290.61  3.30420e-09  8.39545e-12
      1290.94  2.60100e-09  7.72351e-12
      1291.27  2.01407e-09  6.87015e-12
      1291.61  2.29187e-09  7.03447e-12
      1291.94  3.55329e-09  8.43270e-12
      1292.27  6.07746e-09  1.07881e-11
      1292.61  8.71274e-09  1.37677e-11
      1292.94  6.44484e-09  1.17649e-11
      1293.28  4.89444e-09  1.06845e-11
      1293.61  6.33065e-09  1.19891e-11
      1293.95  8.16353e-09  1.22004e-11
      1294.28  1.24705e-08  1.43390e-11
      1294.62  1.40507e-08  1.43503e-11
      1294.95  1.16191e-08  1.22185e-11
      1295.29  1.13186e-08  1.23542e-11
      1295.62  9.60364e-09  1.14158e-11
      1295.96  6.90119e-09  9.83325e-12
      1296.29  5.95534e-09  9.43530e-12
      1296.63  6.20362e-09  9.81216e-12
      1296.97  7.64544e-09  1.05406e-11
      1297.30  1.21355e-08  1.30108e-11
      1297.64  1.67906e-08  1.58114e-11
      1297.98  1.42439e-08  1.46246e-11
      1298.31  8.78940e-09  1.20225e-11
      1298.65  4.94860e-09  9.74061e-12
      1298.99  3.69921e-09  8.81765e-12
      1299.33  6.32630e-09  1.17099e-11
      1299.66  1.16105e-08  1.59374e-11
      1300.00  1.33978e-08  1.66167e-11
      1300.34  1.20602e-08  1.77450e-11
      1300.68  7.05768e-09  1.15167e-11
      1301.02  8.00922e-09  1.06301e-11
      1301.35  1.39207e-08  1.43039e-11
      1301.69  1.71326e-08  1.58742e-11
      1302.03  1.66249e-08  1.56694e-11
      1302.37  1.48498e-08  1.42275e-11
      1302.71  1.68679e-08  1.50002e-11
      1303.05  1.88037e-08  1.52040e-11
      1303.39  2.14416e-08  1.60868e-11
      1303.73  2.33331e-08  1.71067e-11
      1304.07  2.16807e-08  1.70803e-11
      1304.41  2.18567e-08  1.84691e-11
      1304.75  2.32476e-08  2.02792e-11
      1305.09  2.43839e-08  2.14583e-11
      1305.43  2.89904e-08  2.39215e-11
      1305.77  3.47751e-08  2.58489e-11
      1306.11  3.53707e-08  2.59452e-11
      1306.46  2.40515e-08  2.08208e-11
      1306.80  1.14045e-08  1.40443e-11
      1307.14  5.70883e-09  1.04388e-11
      1307.48  3.79715e-09  8.71457e-12
      1307.82  3.02671e-09  7.71643e-12
      1308.16  2.97649e-09  7.43195e-12
      1308.51  3.61550e-09  7.78171e-12
      1308.85  3.02126e-09  6.74820e-12
      1309.19  2.15583e-09  5.56184e-12
      1309.53  1.99022e-09  5.43350e-12
      1309.88  1.96494e-09  5.64987e-12
      1310.22  2.07676e-09  6.17243e-12
      1310.56  2.58330e-09  7.24665e-12
      1310.91  4.00288e-09  9.90332e-12
      1311.25  9.87829e-09  1.64055e-11
      1311.60  9.45121e-09  1.37779e-11
      1311.94  5.66081e-09  1.03853e-11
      1312.28  2.91546e-09  7.67562e-12
      1312.63  1.98511e-09  6.74326e-12
      1312.97  1.72093e-09  6.57353e-12
      1313.32  2.17955e-09  7.25736e-12
      1313.66  3.47646e-09  8.87314e-12
      1314.01  3.18604e-09  7.98369e-12
      1314.35  1.89513e-09  6.03524e-12
      1314.70  1.43765e-09  5.18605e-12
      1315.05  1.40980e-09  4.82728e-12
      1315.39  1.56085e-09  5.00022e-12
      1315.74  1.93512e-09  5.53572e-12
      1316.08  2.86615e-09  6.85350e-12
      1316.43  5.77254e-09  9.84606e-12
      1316.78  1.00045e-08  1.39311e-11
      1317.12  8.53186e-09  1.29770e-11
      1317.47  4.15721e-09  9.03559e-12
      1317.82  2.36865e-09  7.14007e-12
      1318.17  2.31697e-09  7.02797e-12
      1318.51  3.70555e-09  8.99400e-12
      1318.86  4.70518e-09  1.04925e-11
      1319.21  3.47439e-09  9.53093e-12
      1319.56  2.02352e-09  7.84619e-12
      1319.91  1.94716e-09  6.69855e-12
      1320.25  1.96382e-09  6.13677e-12
      1320.60  1.93624e-09  5.66508e-12
      1320.95  2.29798e-09  5.81404e-12
      1321.30  3.20625e-09  6.60020e-12
      1321.65  6.46494e-09  9.02481e-12
      1322.00  1.27480e-08  1.40203e-11
      1322.35  1.14555e-08  1.38233e-11
      1322.70  5.80795e-09  1.04074e-11
      1323.05  3.45050e-09  8.52951e-12
      1323.40  3.68993e-09  8.93563e-12
      1323.75  4.40192e-09  9.58954e-12
      1324.10  4.68513e-09  9.74371e-12
      1324.45  3.59864e-09  9.86280e-12
      1324.80  2.84864e-09  1.98470e-11
      