227
      1249.95  7.95692e-09  1.67261e-11
      1250.27  2.56590e-09  1.07165e-11
      1250.58  1.24169e-09  1.31212e-11
      1250.89  1.19520e-09  1.24865e-11
      1251.20  1.33428e-09  1.00043e-11
      1251.52  2.21590e-09  8.73870e-12
      1251.83  3.58345e-09  1.04867e-11
      1252.14  4.43777e-09  1.26734e-11
      1252.46  4.17147e-09  1.39419e-11
      1252.77  3.99694e-09  1.24509e-11
      1253.09  9.86759e-09  1.93336e-11
      1253.40  1.48689e-08  2.97313e-11
      1253.71  1.59144e-08  2.50893e-11
      1254.03  9.47092e-09  1.79829e-11
      1254.34  4.52079e-09  1.22035e-11
      1254.66  5.60686e-09  1.27387e-11
      1254.97  9.20271e-09  1.71402e-11
      1255.29  6.08874e-09  1.35882e-11
      1255.60  2.75951e-09  9.63104e-12
      1255.92  3.12480e-09  1.07721e-11
      1256.23  5.31096e-09  1.30837e-11
      1256.55  8.38916e-09  1.63479e-11
      1256.87  6.08057e-09  1.29913e-11
      1257.18  2.82669e-09  8.67927e-12
      1257.50  2.13345e-09  7.48576e-12
      1257.81  2.28247e-09  8.68661e-12
      1258.13  2.93027e-09  9.04941e-12
      1258.45  2.88970e-09  8.38095e-12
      1258.76  3.03685e-09  8.15422e-12
      1259.08  5.34556e-09  9.85812e-12
      1259.40  1.11060e-08  1.36123e-11
      1259.72  1.51234e-08  1.53920e-11
      1260.03  1.11229e-08  1.21465e-11
      1260.35  8.08467e-09  9.74325e-12
      1260.67  1.04800e-08  1.17298e-11
      1260.99  9.55650e-09  1.13599e-11
      1261.30  7.71147e-09  1.04665e-11
      1261.62  9.58642e-09  1.29466e-11
      1261.94  1.01317e-08  1.39463e-11
      1262.26  1.02610e-08  1.45766e-11
      1262.58  7.39234e-09  1.17028e-11
      1262.90  8.15748e-09  1.23465e-11
      1263.22  1.26568e-08  1.69531e-11
      1263.54  1.00464e-08  1.61836e-11
      1263.86  6.10911e-09  1.31183e-11
      1264.17  4.84580e-09  1.27176e-11
      1264.49  3.64257e-09  1.06477e-11
      1264.81  4.56796e-09  1.51181e-11
      1265.13  8.13952e-09  1.56537e-11
      1265.45  1.26210e-08  1.93638e-11
      1265.77  1.11768e-08  1.71842e-11
      1266.10  5.91887e-09  1.18034e-11
      1266.42  3.03713e-09  8.58985e-12
      1266.74  2.61260e-09  8.02946e-12
      1267.06  3.51847e-09  9.15653e-12
      1267.38  7.43434e-09  1.31023e-11
      1267.70  1.40848e-08  1.92115e-11
      1268.02  1.50574e-08  1.88550e-11
      1268.34  1.46050e-08  1.89455e-11
      1268.67  1.32884e-08  1.58382e-11
      1268.99  1.29772e-08  1.45703e-11
      1269.31  1.00863e-08  1.22545e-11
      1269.63  6.49275e-09  9.99818e-12
      1269.95  5.34335e-09  8.73930e-12
      1270.28  6.73570e-09  9.50987e-12
      1270.60  1.12274e-08  1.24074e-11
      1270.92  1.34569e-08  1.29951e-11
      1271.25  1.47656e-08  1.30307e-11
      1271.57  1.43790e-08  1.28946e-11
      1271.89  8.49129e-09  9.98088e-12
      1272.22  3.74619e-09  7.62030e-12
      1272.54  2.35861e-09  6.92836e-12
      1272.86  1.97520e-09  7.00669e-12
      1273.19  1.87632e-09  7.28686e-12
      1273.51  2.23878e-09  8.13443e-12
      1273.84  3.50064e-09  9.81636e-12
      1274.16  5.10366e-09  1.00784e-11
      1274.49  6.84569e-09  1.64772e-11
      1274.81  1.07172e-08  1.58783e-11
      1275.14  1.46803e-08  1.80231e-11
      1275.46  1.32501e-08  1.71241e-11
      1275.79  8.62839e-09  1.38959e-11
      1276.11  5.64306e-09  1.15586e-11
      1276.44  7.35376e-09  1.40503e-11
      1276.76  1.24588e-08  1.86010e-11
      1277.09  1.31341e-08  1.69361e-11
      1277.42  1.32905e-08  1.62319e-11
      1277.74  9.20760e-09  1.26295e-11
      1278.07  4.32220e-09  8.21932e-12
      1278.40  2.59912e-09  6.60634e-12
      1278.72  2.06515e-09  6.18271e-12
      1279.05  2.02070e-09  6.05649e-12
      1279.38  2.63342e-09  6.58745e-12
      1279.71  3.88660e-09  7.54681e-12
      1280.03  5.11641e-09  8.19953e-12
      1280.36  4.60891e-09  7.41549e-12
      1280.69  4.81397e-09  8.28159e-12
      1281.02  6.37486e-09  1.00563e-11
      1281.34  9.41518e-09  1.31589e-11
      1281.67  1.13740e-08  1.55542e-11
      1282.00  8.91828e-09  1.39032e-11
      1282.33  1.00020e-08  1.33650e-11
      1282.66  1.76156e-08  2.97404e-11
      1282.99  1.89277e-08  2.43471e-11
      1283.32  1.84262e-08  2.14540e-11
      1283.65  1.29431e-08  1.71786e-11
      1283.98  6.76251e-09  1.20284e-11
      1284.31  3.85640e-09  9.56055e-12
      1284.64  2.92254e-09  8.67684e-12
      1284.97  2.87116e-09  8.93817e-12
      1285.30  3.33307e-09  9.71011e-12
      1285.63  2.91457e-09  8.74597e-12
      1285.96  2.68636e-09  7.90004e-12
      1286.29  4.03621e-09  8.61144e-12
      1286.62  5.76788e-09  9.79698e-12
      1286.95  5.22771e-09  8.63505e-12
      1287.28  6.37816e-09  9.10314e-12
      1287.61  1.18170e-08  1.28688e-11
      1287.95  1.40870e-08  1.36475e-11
      1288.28  1.38718e-08  1.39232e-11
      1288.61  1.37704e-08  1.39309e-11
      1288.94  1.37693e-08  1.42030e-11
      1289.27  9.86835e-09  1.21789e-11
      1289.61  7.01335e-09  1.12410e-11
      1289.94  5.01599e-09  9.23880e-12
      1290.27  3.35484e-09  1.30514e-11
      1290.61  3.29966e-09  1.03228e-11
      1290.94  2.65218e-09  9.22949e-12
      1291.27  2.03124e-09  8.22496e-12
      1291.61  2.30325e-09  8.41834e-12
      1291.94  3.57106e-09  9.70311e-12
      1292.27  6.09672e-09  1.14820e-11
      1292.61  8.71573e-09  1.36209e-11
      1292.94  6.62202e-09  1.14022e-11
      1293.28  4.95452e-09  9.76785e-12
      1293.61  6.31169e-09  1.11584e-11
      1293.95  8.15552e-09  1.19245e-11
      1294.28  1.24047e-08  1.45082e-11
      1294.62  1.40906e-08  1.43122e-11
      1294.95  1.17427e-08  1.17913e-11
      1295.29  1.12990e-08  1.15430e-11
      1295.62  9.70399e-09  1.13051e-11
      1295.96  6.97644e-09  1.02141e-11
      1296.29  5.97272e-09  1.01250e-11
      1296.63  6.22478e-09  1.06721e-11
      1296.97  1.08352e-08  1.76220e-11
      1297.30  1.45549e-08  2.49208e-11
      1297.64  1.71829e-08  2.18153e-11
      1297.98  1.43142e-08  1.84267e-11
      1298.31  8.82752e-09  1.40962e-11
      1298.65  4.97338e-09  1.07698e-11
      1298.99  3.74690e-09  9.43490e-12
      1299.33  6.40739e-09  1.21774e-11
      1299.66  1.17255e-08  1.65747e-11
      1300.00  1.35010e-08  1.74003e-11
      1300.34  1.16535e-08  1.54617e-11
      1300.68  8.04899e-09  1.17700e-11
      1301.02  7.99276e-09  1.07867e-11
      1301.35  1.40894e-08  1.39240e-11
      1301.69  1.72580e-08  1.48684e-11
      1302.03  1.68286e-08  1.51156e-11
      1302.37  1.47301e-08  1.40319e-11
      1302.71  1.69028e-08  1.52844e-11
      1303.05  1.87653e-08  1.59546e-11
      1303.39  2.13181e-08  1.75624e-11
      1303.73  2.25287e-08  1.74241e-11
      1304.07  2.10623e-08  2.84664e-11
      1304.41  2.21981e-08  2.27097e-11
      1304.75  2.36113e-08  2.31922e-11
      1305.09  2.46594e-08  2.38694e-11
      1305.43  2.94868e-08  2.67388e-11
      1305.77  3.54218e-08  2.87605e-11
      1306.11  3.61030e-08  2.83565e-11
      1306.46  2.41159e-08  2.17041e-11
      1306.80  1.11510e-08  1.36862e-11
      1307.14  5.59504e-09  9.64674e-12
      1307.48  3.79302e-09  7.99980e-12
      1307.82  3.03042e-09  7.20139e-12
      1308.16  2.97956e-09  7.06379e-12
      1308.51  3.49928e-09  7.56680e-12
      1308.85  3.04237e-09  6.91053e-12
      1309.19  2.20028e-09  5.84596e-12
      1309.53  1.98257e-09  5.96713e-12
      1309.88  1.95216e-09  6.34341e-12
      1310.22  2.43120e-09  8.30603e-12
      1310.56  3.04042e-09  1.16066e-11
      1310.91  5.01209e-09  1.16978e-11
      1311.25  9.00287e-09  1.57117e-11
      1311.60  9.26767e-09  1.58271e-11
      1311.94  5.61487e-09  1.18460e-11
      1312.28  2.96094e-09  8.46839e-12
      1312.63  2.00148e-09  6.99144e-12
      1312.97  1.72256e-09  6.35402e-12
      1313.32  2.23090e-09  6.96759e-12
      1313.66  3.55659e-09  8.59507e-12
      1314.01  3.15316e-09  7.74991e-12
      1314.35  1.94677e-09  6.41598e-12
      1314.70  1.46546e-09  5.22051e-12
      1315.05  1.40497e-09  5.19966e-12
      1315.39  1.54484e-09  5.29908e-12
      1315.74  1.90551e-09  6.15699e-12
      1316.08  2.78516e-09  7.25225e-12
      1316.43  7.43520e-09  1.15065e-11
      1316.78  1.16045e-08  2.45487e-11
      1317.12  8.23648e-09  1.55063e-11
      1317.47  3.93835e-09  1.05095e-11
      1317.82  2.31477e-09  8.28843e-12
      1318.17  2.05803e-09  8.46032e-12
      1318.51  4.01845e-09  1.00286e-11
      1318.86  4.92419e-09  1.07024e-11
      1319.21  3.36219e-09  8.34882e-12
      1319.56  1.95022e-09  7.41690e-12
      1319.91  1.96463e-09  7.37973e-12
      1320.25  2.00325e-09  7.13595e-12
      1320.60  1.95609e-09  6.54717e-12
      1320.95  2.35513e-09  6.81031e-12
      1321.30  3.20219e-09  7.01014e-12
      1321.65  6.31725e-09  9.80872e-12
      1322.00  1.12915e-08  1.25520e-11
      1322.35  7.49741e-09  1.91028e-11
      1322.70  5.20412e-09  1.26497e-11
      1323.05  3.43848e-09  1.01835e-11
      1323.40  3.72910e-09  1.05256e-11
      1323.75  4.44280e-09  1.18060e-11
      1324.10  4.62208e-09  1.07159e-11
      1324.45  3.54184e-09  8.91212e-12
      1324.80  2.51694e-09  8.13920e-12
      