227
      1249.95  8.17402e-09  1.71652e-11
      1250.27  4.09529e-09  1.30145e-11
      1250.58  1.59066e-09  9.27781e-12
      1250.89  1.27486e-09  8.70773e-12
      1251.20  1.53881e-09  9.25509e-12
      1251.52  2.25535e-09  1.00011e-11
      1251.83  3.60571e-09  1.17712e-11
      1252.14  4.48916e-09  1.32376e-11
      1252.46  4.25342e-09  1.40654e-11
      1252.77  3.95232e-09  1.37068e-11
      1253.09  6.67023e-09  1.64095e-11
      1253.40  1.29758e-08  2.14213e-11
      1253.71  1.60221e-08  2.34270e-11
      1254.03  9.32344e-09  1.67486e-11
      1254.34  4.46317e-09  1.17932e-11
      1254.66  5.73841e-09  1.20050e-11
      1254.97  9.07250e-09  1.54555e-11
      1255.29  6.06186e-09  1.23495e-11
      1255.60  2.79632e-09  8.74225e-12
      1255.92  3.13467e-09  9.79996e-12
      1256.23  5.40256e-09  1.19744e-11
      1256.55  8.36428e-09  1.48203e-11
      1256.87  5.99518e-09  1.23043e-11
      1257.18  2.82397e-09  8.09884e-12
      1257.50  2.13973e-09  6.82202e-12
      1257.81  2.37495e-09  7.50812e-12
      1258.13  2.95113e-09  8.61686e-12
      1258.45  2.91012e-09  7.97815e-12
      1258.76  3.04731e-09  8.15581e-12
      1259.08  5.35862e-09  1.03273e-11
      1259.40  1.13072e-08  1.48038e-11
      1259.72  1.54405e-08  1.74843e-11
      1260.03  1.11164e-08  1.39974e-11
      1260.35  8.02366e-09  1.14187e-11
      1260.67  1.06869e-08  1.40462e-11
      1260.99  9.72465e-09  1.33133e-11
      1261.30  7.72407e-09  1.20869e-11
      1261.62  9.67689e-09  1.50796e-11
      1261.94  1.02836e-08  1.56853e-11
      1262.26  1.03596e-08  1.63590e-11
      1262.58  7.72179e-09  1.35454e-11
      1262.90  8.28562e-09  1.36361e-11
      1263.22  1.24741e-08  1.72319e-11
      1263.54  1.02508e-08  1.53028e-11
      1263.86  6.42174e-09  1.23328e-11
      1264.17  4.97962e-09  1.17773e-11
      1264.49  3.64271e-09  1.04478e-11
      1264.81  4.02515e-09  1.04897e-11
      1265.13  8.18565e-09  1.44783e-11
      1265.45  1.28374e-08  1.77045e-11
      1265.77  1.11694e-08  1.57185e-11
      1266.10  5.76817e-09  1.07466e-11
      1266.42  2.98603e-09  7.82024e-12
      1266.74  2.65088e-09  7.49053e-12
      1267.06  3.61692e-09  8.44101e-12
      1267.38  7.69838e-09  1.20276e-11
      1267.70  1.42169e-08  1.66765e-11
      1268.02  1.50922e-08  1.65068e-11
      1268.34  1.46164e-08  1.57887e-11
      1268.67  1.33289e-08  1.39989e-11
      1268.99  1.29872e-08  1.35085e-11
      1269.31  9.97701e-09  1.15025e-11
      1269.63  6.48052e-09  9.54926e-12
      1269.95  5.36584e-09  8.82551e-12
      1270.28  6.83172e-09  1.00884e-11
      1270.60  1.14568e-08  1.39326e-11
      1270.92  1.36067e-08  1.53080e-11
      1271.25  1.49611e-08  1.59513e-11
      1271.57  1.46211e-08  1.58580e-11
      1271.89  8.35839e-09  1.17170e-11
      1272.22  3.70316e-09  8.27828e-12
      1272.54  2.37574e-09  7.04417e-12
      1272.86  1.99483e-09  7.04743e-12
      1273.19  1.91973e-09  7.65264e-12
      1273.51  2.33090e-09  8.56106e-12
      1273.84  3.50566e-09  1.03191e-11
      1274.16  4.60325e-09  1.12816e-11
      1274.49  6.17776e-09  1.15673e-11
      1274.81  1.07710e-08  1.45367e-11
      1275.14  1.46557e-08  1.67882e-11
      1275.46  1.30784e-08  1.58884e-11
      1275.79  8.51687e-09  1.28810e-11
      1276.11  5.63903e-09  1.05967e-11
      1276.44  7.64345e-09  1.24271e-11
      1276.76  1.25758e-08  1.61254e-11
      1277.09  1.31253e-08  1.52157e-11
      1277.42  1.34149e-08  1.51224e-11
      1277.74  8.98932e-09  1.12853e-11
      1278.07  4.21787e-09  7.52268e-12
      1278.40  2.56865e-09  6.27728e-12
      1278.72  2.05404e-09  5.94165e-12
      1279.05  2.02891e-09  6.13296e-12
      1279.38  2.67633e-09  7.12117e-12
      1279.71  3.95787e-09  8.55383e-12
      1280.03  5.22148e-09  9.75047e-12
      1280.36  4.60292e-09  8.74197e-12
      1280.69  4.90214e-09  9.00426e-12
      1281.02  6.49337e-09  1.03798e-11
      1281.34  9.59474e-09  1.30652e-11
      1281.67  1.15912e-08  1.55591e-11
      1282.00  9.07894e-09  1.43001e-11
      1282.33  9.36074e-09  1.50533e-11
      1282.66  1.45892e-08  1.91834e-11
      1282.99  1.85499e-08  2.03614e-11
      1283.32  1.82937e-08  1.94543e-11
      1283.65  1.26650e-08  1.55133e-11
      1283.98  6.59869e-09  1.08700e-11
      1284.31  3.80849e-09  8.63297e-12
      1284.64  2.91719e-09  7.87126e-12
      1284.97  2.90563e-09  7.99207e-12
      1285.30  3.36411e-09  8.86896e-12
      1285.63  2.88249e-09  7.93891e-12
      1285.96  2.71516e-09  7.03750e-12
      1286.29  4.15438e-09  7.90285e-12
      1286.62  5.81631e-09  9.05113e-12
      1286.95  5.22011e-09  8.22900e-12
      1287.28  6.64948e-09  9.31611e-12
      1287.61  1.21231e-08  1.36840e-11
      1287.95  1.41855e-08  1.51274e-11
      1288.28  1.39992e-08  1.57663e-11
      1288.61  1.39519e-08  1.60043e-11
      1288.94  1.38028e-08  1.62963e-11
      1289.27  9.75835e-09  1.32973e-11
      1289.61  7.05888e-09  1.16698e-11
      1289.94  5.62303e-09  1.10365e-11
      1290.27  3.88242e-09  9.27687e-12
      1290.61  3.30918e-09  9.09592e-12
      1290.94  2.60450e-09  8.52725e-12
      1291.27  2.03397e-09  7.69026e-12
      1291.61  2.34715e-09  7.90380e-12
      1291.94  3.66374e-09  9.06714e-12
      1292.27  6.26888e-09  1.05735e-11
      1292.61  8.83054e-09  1.25866e-11
      1292.94  6.40374e-09  1.01310e-11
      1293.28  4.98405e-09  8.92528e-12
      1293.61  6.45157e-09  1.03754e-11
      1293.95  8.31722e-09  1.12679e-11
      1294.28  1.28037e-08  1.41820e-11
      1294.62  1.41509e-08  1.44187e-11
      1294.95  1.16031e-08  1.23110e-11
      1295.29  1.13964e-08  1.25295e-11
      1295.62  9.54624e-09  1.17699e-11
      1295.96  6.85195e-09  1.03945e-11
      1296.29  5.99180e-09  1.05103e-11
      1296.63  6.33082e-09  1.15663e-11
      1296.97  7.98412e-09  1.32327e-11
      1297.30  1.26855e-08  1.65752e-11
      1297.64  1.69219e-08  1.89532e-11
      1297.98  1.40228e-08  1.64396e-11
      1298.31  8.60424e-09  1.26402e-11
      1298.65  4.87038e-09  9.61188e-12
      1298.99  3.83616e-09  8.66384e-12
      1299.33  6.74812e-09  1.12909e-11
      1299.66  1.19466e-08  1.51641e-11
      1300.00  1.34308e-08  1.55645e-11
      1300.34  1.14537e-08  1.38098e-11
      1300.68  7.86031e-09  1.04245e-11
      1301.02  8.43642e-09  1.01294e-11
      1301.35  1.45717e-08  1.35631e-11
      1301.69  1.73536e-08  1.49252e-11
      1302.03  1.67404e-08  1.55131e-11
      1302.37  1.48535e-08  1.49623e-11
      1302.71  1.74648e-08  1.76469e-11
      1303.05  1.89795e-08  1.84715e-11
      1303.39  2.21508e-08  2.04470e-11
      1303.73  2.37817e-08  2.13192e-11
      1304.07  2.17374e-08  1.98175e-11
      1304.41  2.22761e-08  2.01964e-11
      1304.75  2.37371e-08  2.15183e-11
      1305.09  2.47498e-08  2.20961e-11
      1305.43  2.98491e-08  2.49884e-11
      1305.77  3.57069e-08  2.66237e-11
      1306.11  3.56035e-08  2.57390e-11
      1306.46  2.30597e-08  1.93440e-11
      1306.80  1.05464e-08  1.22036e-11
      1307.14  5.39742e-09  8.72764e-12
      1307.48  3.71017e-09  7.39741e-12
      1307.82  3.00817e-09  6.92122e-12
      1308.16  3.05006e-09  7.14948e-12
      1308.51  3.54784e-09  7.93892e-12
      1308.85  2.94471e-09  7.32461e-12
      1309.19  2.15820e-09  6.44341e-12
      1309.53  1.99802e-09  6.36973e-12
      1309.88  1.97637e-09  6.50918e-12
      1310.22  2.13186e-09  6.96314e-12
      1310.56  2.80428e-09  7.95198e-12
      1310.91  5.17023e-09  1.05755e-11
      1311.25  9.14909e-09  1.44452e-11
      1311.60  9.06898e-09  1.42932e-11
      1311.94  5.35611e-09  1.06184e-11
      1312.28  2.84429e-09  7.50341e-12
      1312.63  1.96685e-09  6.20804e-12
      1312.97  1.71823e-09  5.75269e-12
      1313.32  2.33743e-09  6.23954e-12
      1313.66  3.64462e-09  8.01494e-12
      1314.01  3.02627e-09  7.27635e-12
      1314.35  1.87636e-09  6.47212e-12
      1314.70  1.45705e-09  5.64023e-12
      1315.05  1.42611e-09  5.46749e-12
      1315.39  1.58840e-09  5.64680e-12
      1315.74  1.99260e-09  6.30417e-12
      1316.08  3.00137e-09  7.83452e-12
      1316.43  6.18760e-09  1.14719e-11
      1316.78  1.07904e-08  1.60608e-11
      1317.12  8.05800e-09  1.37424e-11
      1317.47  3.69209e-09  9.76550e-12
      1317.82  2.25038e-09  7.79033e-12
      1318.17  2.30689e-09  7.20419e-12
      1318.51  3.96218e-09  9.35355e-12
      1318.86  4.81810e-09  9.31611e-12
      1319.21  3.15831e-09  7.26907e-12
      1319.56  1.88388e-09  5.94349e-12
      1319.91  1.95976e-09  6.41007e-12
      1320.25  1.98707e-09  7.20450e-12
      1320.60  2.00994e-09  7.01205e-12
      1320.95  2.47249e-09  7.41956e-12
      1321.30  3.46930e-09  7.64190e-12
      1321.65  7.17618e-09  1.09996e-11
      1322.00  1.30358e-08  1.65472e-11
      1322.35  1.09760e-08  1.53528e-11
      1322.70  5.41771e-09  1.09088e-11
      1323.05  3.44365e-09  9.38749e-12
      1323.40  3.77559e-09  9.54919e-12
      1323.75  4.46465e-09  9.83386e-12
      1324.10  4.57365e-09  9.59136e-12
      1324.45  3.42164e-09  7.87295e-12
      1324.80  2.45950e-09  6.89117e-12
      