227
      1249.95  8.04325e-09  1.20703e-11
      1250.27  3.96689e-09  9.25022e-12
      1250.58  1.55942e-09  7.36579e-12
      1250.89  1.24432e-09  5.97613e-12
      1251.20  1.51889e-09  6.03944e-12
      1251.52  2.20142e-09  6.35931e-12
      1251.83  3.60854e-09  7.91911e-12
      1252.14  4.50356e-09  8.96130e-12
      1252.46  4.24887e-09  9.05834e-12
      1252.77  3.96080e-09  8.86629e-12
      1253.09  6.67918e-09  1.10869e-11
      1253.40  1.26801e-08  1.46837e-11
      1253.71  1.54486e-08  1.58327e-11
      1254.03  9.24936e-09  1.15078e-11
      1254.34  4.52911e-09  7.92184e-12
      1254.66  5.83606e-09  8.83704e-12
      1254.97  8.79977e-09  1.11696e-11
      1255.29  5.90004e-09  9.19258e-12
      1255.60  2.83189e-09  6.85438e-12
      1255.92  3.13151e-09  7.36645e-12
      1256.23  5.43161e-09  8.84982e-12
      1256.55  8.38057e-09  1.08613e-11
      1256.87  5.80330e-09  8.40697e-12
      1257.18  2.77517e-09  5.82158e-12
      1257.50  2.12301e-09  5.21947e-12
      1257.81  2.41009e-09  5.50690e-12
      1258.13  2.94214e-09  6.20392e-12
      1258.45  2.88104e-09  6.25488e-12
      1258.76  3.01049e-09  6.38333e-12
      1259.08  5.36336e-09  7.95475e-12
      1259.40  1.12551e-08  1.12073e-11
      1259.72  1.51633e-08  1.27328e-11
      1260.03  1.09403e-08  1.02463e-11
      1260.35  8.02537e-09  8.56446e-12
      1260.67  1.04342e-08  1.04588e-11
      1260.99  9.52279e-09  1.01259e-11
      1261.30  7.74367e-09  9.29648e-12
      1261.62  9.60578e-09  1.10393e-11
      1261.94  1.01879e-08  1.11507e-11
      1262.26  1.02045e-08  1.13658e-11
      1262.58  7.56911e-09  9.21550e-12
      1262.90  8.26200e-09  9.25809e-12
      1263.22  1.23862e-08  1.17945e-11
      1263.54  1.00325e-08  1.05797e-11
      1263.86  6.29395e-09  8.70497e-12
      1264.17  4.88895e-09  8.24831e-12
      1264.49  3.57797e-09  7.20070e-12
      1264.81  4.01971e-09  7.28256e-12
      1265.13  8.16509e-09  9.81489e-12
      1265.45  1.26305e-08  1.18824e-11
      1265.77  1.10075e-08  1.07062e-11
      1266.10  6.02784e-09  7.50237e-12
      1266.42  3.30571e-09  5.75846e-12
      1266.74  2.70469e-09  5.52712e-12
      1267.06  3.50676e-09  6.45659e-12
      1267.38  6.51471e-09  9.10484e-12
      1267.70  1.47544e-08  1.50077e-11
      1268.02  1.47754e-08  1.20762e-11
      1268.34  1.44825e-08  1.12330e-11
      1268.67  1.30828e-08  1.01467e-11
      1268.99  1.28668e-08  1.02563e-11
      1269.31  9.82310e-09  8.90192e-12
      1269.63  6.35579e-09  7.42732e-12
      1269.95  5.32070e-09  7.20680e-12
      1270.28  6.81681e-09  8.10381e-12
      1270.60  1.13643e-08  1.08207e-11
      1270.92  1.34928e-08  1.14506e-11
      1271.25  1.47137e-08  1.16466e-11
      1271.57  1.42416e-08  1.15632e-11
      1271.89  8.26272e-09  8.60225e-12
      1272.22  3.68594e-09  6.10053e-12
      1272.54  2.36467e-09  5.46334e-12
      1272.86  1.98692e-09  5.36543e-12
      1273.19  1.90825e-09  5.51421e-12
      1273.51  2.32399e-09  5.80270e-12
      1273.84  3.50149e-09  6.68430e-12
      1274.16  4.51213e-09  7.17932e-12
      1274.49  5.96792e-09  7.54200e-12
      1274.81  1.07254e-08  1.01941e-11
      1275.14  1.46565e-08  1.22077e-11
      1275.46  1.29658e-08  1.14838e-11
      1275.79  8.33641e-09  9.33733e-12
      1276.11  5.44845e-09  7.59135e-12
      1276.44  6.96342e-09  8.90722e-12
      1276.76  1.15648e-08  1.04933e-11
      1277.09  1.27869e-08  1.08824e-11
      1277.42  1.32668e-08  1.04411e-11
      1277.74  8.94996e-09  8.30583e-12
      1278.07  4.11544e-09  5.76891e-12
      1278.40  2.54335e-09  5.07151e-12
      1278.72  2.04016e-09  4.96132e-12
      1279.05  2.04845e-09  5.00365e-12
      1279.38  2.67048e-09  5.53171e-12
      1279.71  3.94079e-09  6.52963e-12
      1280.03  5.08263e-09  7.18912e-12
      1280.36  4.61398e-09  6.59855e-12
      1280.69  4.88735e-09  6.98176e-12
      1281.02  6.45628e-09  8.06256e-12
      1281.34  9.49739e-09  1.04277e-11
      1281.67  1.14526e-08  1.29849e-11
      1282.00  8.36081e-09  1.09924e-11
      1282.33  9.29588e-09  1.04143e-11
      1282.66  1.43521e-08  1.25760e-11
      1282.99  1.83097e-08  1.36873e-11
      1283.32  1.81718e-08  1.32409e-11
      1283.65  1.25402e-08  1.08096e-11
      1283.98  6.52219e-09  7.86633e-12
      1284.31  3.77913e-09  6.31015e-12
      1284.64  2.86834e-09  5.80815e-12
      1284.97  2.85236e-09  5.71126e-12
      1285.30  3.38649e-09  6.18737e-12
      1285.63  2.87007e-09  5.38619e-12
      1285.96  2.65714e-09  4.88659e-12
      1286.29  4.08987e-09  5.86683e-12
      1286.62  5.75247e-09  7.05827e-12
      1286.95  5.24451e-09  6.74980e-12
      1287.28  6.61249e-09  7.73693e-12
      1287.61  1.18547e-08  1.11686e-11
      1287.95  1.40537e-08  1.22060e-11
      1288.28  1.38840e-08  1.21121e-11
      1288.61  1.38417e-08  1.19104e-11
      1288.94  1.36109e-08  1.17596e-11
      1289.27  9.75965e-09  9.72455e-12
      1289.61  7.03894e-09  8.57668e-12
      1289.94  5.62423e-09  8.06034e-12
      1290.27  3.89663e-09  6.95688e-12
      1290.61  3.30081e-09  6.71443e-12
      1290.94  2.59969e-09  5.99599e-12
      1291.27  2.01791e-09  5.11431e-12
      1291.61  2.30954e-09  5.07199e-12
      1291.94  3.59198e-09  5.76890e-12
      1292.27  6.12319e-09  7.18537e-12
      1292.61  8.72981e-09  8.74934e-12
      1292.94  6.40908e-09  7.40985e-12
      1293.28  4.91607e-09  6.60388e-12
      1293.61  6.36699e-09  7.69392e-12
      1293.95  8.19888e-09  8.45682e-12
      1294.28  1.25704e-08  1.05632e-11
      1294.62  1.40220e-08  1.09439e-11
      1294.95  1.15845e-08  9.69879e-12
      1295.29  1.12711e-08  1.00868e-11
      1295.62  9.54363e-09  9.58889e-12
      1295.96  6.89977e-09  8.54714e-12
      1296.29  5.97872e-09  8.31466e-12
      1296.63  6.22433e-09  8.64865e-12
      1296.97  7.70963e-09  9.17444e-12
      1297.30  1.22473e-08  1.10983e-11
      1297.64  1.68206e-08  1.29926e-11
      1297.98  1.41215e-08  1.14483e-11
      1298.31  8.70141e-09  8.97009e-12
      1298.65  4.90138e-09  6.93468e-12
      1298.99  3.72061e-09  6.00122e-12
      1299.33  6.44833e-09  7.60198e-12
      1299.66  1.17427e-08  1.01526e-11
      1300.00  1.33677e-08  1.05549e-11
      1300.34  1.17782e-08  1.09157e-11
      1300.68  7.24389e-09  8.14908e-12
      1301.02  8.11891e-09  7.88807e-12
      1301.35  1.41851e-08  1.08790e-11
      1301.69  1.71942e-08  1.23911e-11
      1302.03  1.66590e-08  1.28617e-11
      1302.37  1.47800e-08  1.22046e-11
      1302.71  1.70510e-08  1.34384e-11
      1303.05  1.88368e-08  1.37533e-11
      1303.39  2.16069e-08  1.45258e-11
      1303.73  2.34248e-08  1.51229e-11
      1304.07  2.16380e-08  1.44569e-11
      1304.41  2.18937e-08  1.48711e-11
      1304.75  2.33368e-08  1.54227e-11
      1305.09  2.44460e-08  1.55312e-11
      1305.43  2.84664e-08  1.72982e-11
      1305.77  3.53345e-08  1.77240e-11
      1306.11  3.51064e-08  1.67651e-11
      1306.46  2.36430e-08  1.31361e-11
      1306.80  1.11595e-08  8.85366e-12
      1307.14  5.62355e-09  6.67918e-12
      1307.48  3.77406e-09  5.93020e-12
      1307.82  3.00856e-09  5.61662e-12
      1308.16  3.00783e-09  5.75495e-12
      1308.51  3.56595e-09  6.37137e-12
      1308.85  2.98087e-09  5.88314e-12
      1309.19  2.16543e-09  5.00374e-12
      1309.53  1.98643e-09  4.91852e-12
      1309.88  1.96421e-09  5.05526e-12
      1310.22  2.08715e-09  5.33656e-12
      1310.56  2.65129e-09  5.97627e-12
      1310.91  4.73942e-09  7.23011e-12
      1311.25  9.04924e-09  9.98722e-12
      1311.60  9.35816e-09  9.64271e-12
      1311.94  5.54591e-09  6.98245e-12
      1312.28  2.87984e-09  5.01581e-12
      1312.63  1.99067e-09  4.32780e-12
      1312.97  1.71658e-09  4.16968e-12
      1313.32  2.21412e-09  4.69713e-12
      1313.66  3.58404e-09  6.19617e-12
      1314.01  3.13476e-09  5.90448e-12
      1314.35  1.85368e-09  4.83365e-12
      1314.70  1.43230e-09  4.32125e-12
      1315.05  1.41906e-09  4.24392e-12
      1315.39  1.58201e-09  4.67893e-12
      1315.74  1.96046e-09  5.37178e-12
      1316.08  2.92059e-09  6.09073e-12
      1316.43  5.85560e-09  8.28170e-12
      1316.78  1.02062e-08  1.12390e-11
      1317.12  8.48440e-09  9.97950e-12
      1317.47  4.02560e-09  6.46903e-12
      1317.82  2.34479e-09  4.93220e-12
      1318.17  2.33883e-09  4.60468e-12
      1318.51  3.75813e-09  5.68556e-12
      1318.86  4.68609e-09  6.52629e-12
      1319.21  3.32873e-09  5.73340e-12
      1319.56  2.01008e-09  5.02979e-12
      1319.91  1.94466e-09  5.17595e-12
      1320.25  1.96089e-09  4.94604e-12
      1320.60  1.94772e-09  4.84725e-12
      1320.95  2.32232e-09  5.19687e-12
      1321.30  3.29798e-09  5.96092e-12
      1321.65  6.74140e-09  8.26509e-12
      1322.00  1.26636e-08  1.21284e-11
      1322.35  1.12895e-08  1.15896e-11
      1322.70  5.76508e-09  8.17587e-12
      1323.05  3.47221e-09  6.22077e-12
      1323.40  3.71556e-09  6.24560e-12
      1323.75  4.41765e-09  6.37451e-12
      1324.10  4.62790e-09  6.28789e-12
      1324.45  3.47257e-09  5.41601e-12
      1324.80  2.48300e-09  5.02996e-12
      