227
      1249.95  7.92520e-09  1.54967e-11
      1250.27  4.02339e-09  1.13802e-11
      1250.58  1.59647e-09  8.29462e-12
      1250.89  1.24293e-09  7.80580e-12
      1251.20  1.49165e-09  7.83295e-12
      1251.52  2.16215e-09  7.75801e-12
      1251.83  3.54571e-09  9.14963e-12
      1252.14  4.46481e-09  9.99842e-12
      1252.46  4.21889e-09  9.88220e-12
      1252.77  3.84993e-09  9.67302e-12
      1253.09  6.47948e-09  1.22780e-11
      1253.40  1.25084e-08  1.71033e-11
      1253.71  1.55642e-08  1.92620e-11
      1254.03  9.34305e-09  1.40952e-11
      1254.34  4.51082e-09  9.58831e-12
      1254.66  5.74493e-09  1.06866e-11
      1254.97  8.73479e-09  1.37301e-11
      1255.29  5.96247e-09  1.14983e-11
      1255.60  2.83151e-09  8.52756e-12
      1255.92  3.11702e-09  9.68781e-12
      1256.23  5.39781e-09  1.23618e-11
      1256.55  8.35093e-09  1.58834e-11
      1256.87  5.86425e-09  1.28814e-11
      1257.18  2.80114e-09  8.86728e-12
      1257.50  2.11196e-09  7.97726e-12
      1257.81  2.39925e-09  8.31989e-12
      1258.13  2.95282e-09  9.43386e-12
      1258.45  2.88653e-09  9.51741e-12
      1258.76  3.00930e-09  9.93148e-12
      1259.08  5.35420e-09  1.26692e-11
      1259.40  1.11708e-08  1.82356e-11
      1259.72  1.51104e-08  2.06499e-11
      1260.03  1.11580e-08  1.66796e-11
      1260.35  8.13638e-09  1.36704e-11
      1260.67  1.03916e-08  1.56382e-11
      1260.99  9.60979e-09  1.49210e-11
      1261.30  7.80635e-09  1.33537e-11
      1261.62  9.51316e-09  1.56229e-11
      1261.94  1.00435e-08  1.60483e-11
      1262.26  1.01014e-08  1.61628e-11
      1262.58  7.44464e-09  1.29934e-11
      1262.90  8.02593e-09  1.23123e-11
      1263.22  1.23678e-08  1.52786e-11
      1263.54  9.98116e-09  1.29817e-11
      1263.86  6.21062e-09  1.02415e-11
      1264.17  4.89078e-09  9.42698e-12
      1264.49  3.54545e-09  8.48740e-12
      1264.81  3.87082e-09  9.02348e-12
      1265.13  7.96180e-09  1.18933e-11
      1265.45  1.24731e-08  1.45221e-11
      1265.77  1.09193e-08  1.31177e-11
      1266.10  5.75879e-09  9.20958e-12
      1266.42  2.98034e-09  6.88888e-12
      1266.74  2.62334e-09  6.86917e-12
      1267.06  3.59789e-09  8.06508e-12
      1267.38  7.71153e-09  1.21184e-11
      1267.70  1.39307e-08  1.73589e-11
      1268.02  1.49038e-08  1.76413e-11
      1268.34  1.45062e-08  1.75778e-11
      1268.67  1.31814e-08  1.61031e-11
      1268.99  1.29683e-08  1.61459e-11
      1269.31  9.84362e-09  1.38928e-11
      1269.63  6.41549e-09  1.15000e-11
      1269.95  5.29165e-09  1.09646e-11
      1270.28  6.61257e-09  1.21867e-11
      1270.60  1.14945e-08  1.71705e-11
      1270.92  1.35317e-08  2.03101e-11
      1271.25  1.47749e-08  1.88843e-11
      1271.57  1.45115e-08  1.75916e-11
      1271.89  8.36382e-09  1.24552e-11
      1272.22  3.65530e-09  8.11199e-12
      1272.54  2.33979e-09  7.10919e-12
      1272.86  1.99633e-09  7.91861e-12
      1273.19  1.96986e-09  6.69689e-12
      1273.51  2.38693e-09  8.52128e-12
      1273.84  3.42579e-09  8.52141e-12
      1274.16  4.45938e-09  9.05399e-12
      1274.49  6.00496e-09  9.37979e-12
      1274.81  1.05362e-08  1.19112e-11
      1275.14  1.43669e-08  1.42242e-11
      1275.46  1.28156e-08  1.32031e-11
      1275.79  8.36326e-09  1.10502e-11
      1276.11  5.50764e-09  9.31571e-12
      1276.44  7.44649e-09  1.13468e-11
      1276.76  1.26056e-08  1.57057e-11
      1277.09  1.28393e-08  1.51640e-11
      1277.42  1.34829e-08  1.60319e-11
      1277.74  8.90047e-09  1.24772e-11
      1278.07  4.05432e-09  8.57029e-12
      1278.40  2.50031e-09  7.39008e-12
      1278.72  2.01604e-09  7.18567e-12
      1279.05  2.01525e-09  7.48702e-12
      1279.38  2.66511e-09  8.74572e-12
      1279.71  3.92613e-09  1.05078e-11
      1280.03  5.09140e-09  1.13195e-11
      1280.36  4.64207e-09  9.95827e-12
      1280.69  4.88915e-09  9.91032e-12
      1281.02  6.42839e-09  1.09499e-11
      1281.34  8.86407e-09  1.46496e-11
      1281.67  1.08014e-08  1.56001e-11
      1282.00  8.76153e-09  1.31888e-11
      1282.33  9.17946e-09  1.29222e-11
      1282.66  1.41501e-08  1.58278e-11
      1282.99  1.80788e-08  1.70574e-11
      1283.32  1.79885e-08  1.61637e-11
      1283.65  1.24148e-08  1.28529e-11
      1283.98  6.45013e-09  9.14490e-12
      1284.31  3.72857e-09  7.40756e-12
      1284.64  2.84175e-09  7.03384e-12
      1284.97  2.83335e-09  7.48753e-12
      1285.30  3.37807e-09  8.79945e-12
      1285.63  2.86995e-09  8.19130e-12
      1285.96  2.67728e-09  7.81299e-12
      1286.29  4.10661e-09  9.13864e-12
      1286.62  5.71803e-09  1.08219e-11
      1286.95  5.28073e-09  1.01277e-11
      1287.28  6.74352e-09  1.17043e-11
      1287.61  1.18488e-08  1.65683e-11
      1287.95  1.40239e-08  1.81527e-11
      1288.28  1.38711e-08  1.81416e-11
      1288.61  1.38896e-08  1.77925e-11
      1288.94  1.38586e-08  1.77134e-11
      1289.27  1.06159e-08  1.43811e-11
      1289.61  6.84819e-09  1.20584e-11
      1289.94  5.49107e-09  9.69586e-12
      1290.27  3.82482e-09  8.00508e-12
      1290.61  3.28225e-09  7.85526e-12
      1290.94  2.56659e-09  7.11590e-12
      1291.27  1.99233e-09  6.34211e-12
      1291.61  2.28146e-09  6.47059e-12
      1291.94  3.59564e-09  7.62313e-12
      1292.27  6.14917e-09  9.34385e-12
      1292.61  8.89776e-09  1.17999e-11
      1292.94  6.22530e-09  9.85775e-12
      1293.28  4.83997e-09  9.36281e-12
      1293.61  6.45443e-09  1.17100e-11
      1293.95  8.19680e-09  1.32169e-11
      1294.28  1.27202e-08  1.71527e-11
      1294.62  1.41092e-08  1.75396e-11
      1294.95  1.15674e-08  1.50315e-11
      1295.29  1.11880e-08  1.49259e-11
      1295.62  9.50103e-09  1.34489e-11
      1295.96  6.86412e-09  1.14226e-11
      1296.29  5.99431e-09  1.10186e-11
      1296.63  6.28978e-09  1.13498e-11
      1296.97  7.88360e-09  1.23080e-11
      1297.30  1.22595e-08  1.46159e-11
      1297.64  1.62836e-08  1.62960e-11
      1297.98  1.36616e-08  1.38689e-11
      1298.31  8.48573e-09  1.05508e-11
      1298.65  4.78530e-09  7.97070e-12
      1298.99  3.78310e-09  7.38036e-12
      1299.33  6.66972e-09  1.01230e-11
      1299.66  1.18504e-08  1.43744e-11
      1300.00  1.32228e-08  1.53754e-11
      1300.34  1.13506e-08  1.45651e-11
      1300.68  7.69536e-09  1.17113e-11
      1301.02  8.25924e-09  1.18408e-11
      1301.35  1.46255e-08  1.67085e-11
      1301.69  1.71925e-08  1.82199e-11
      1302.03  1.67441e-08  1.89768e-11
      1302.37  1.44952e-08  1.73455e-11
      1302.71  1.74383e-08  1.97954e-11
      1303.05  1.87049e-08  1.93680e-11
      1303.39  2.17747e-08  1.98517e-11
      1303.73  2.35144e-08  1.96962e-11
      1304.07  2.11297e-08  1.76150e-11
      1304.41  2.15496e-08  1.73389e-11
      1304.75  2.31207e-08  1.79500e-11
      1305.09  2.43291e-08  1.83587e-11
      1305.43  2.91320e-08  2.05583e-11
      1305.77  3.48126e-08  2.27427e-11
      1306.11  3.44448e-08  2.27156e-11
      1306.46  2.26752e-08  1.82356e-11
      1306.80  1.05463e-08  1.23931e-11
      1307.14  5.40058e-09  9.51485e-12
      1307.48  3.68906e-09  8.71080e-12
      1307.82  2.98120e-09  8.24385e-12
      1308.16  3.04408e-09  8.81921e-12
      1308.51  3.51216e-09  9.75814e-12
      1308.85  3.00256e-09  9.37043e-12
      1309.19  2.38987e-09  9.22234e-12
      1309.53  1.97436e-09  8.07183e-12
      1309.88  1.96641e-09  7.26843e-12
      1310.22  2.14622e-09  6.34685e-12
      1310.56  2.75125e-09  7.59024e-12
      1310.91  5.00070e-09  9.10371e-12
      1311.25  9.03842e-09  1.22859e-11
      1311.60  8.91828e-09  1.19630e-11
      1311.94  5.23206e-09  9.02598e-12
      1312.28  2.77619e-09  6.70348e-12
      1312.63  1.93865e-09  5.88250e-12
      1312.97  1.70294e-09  5.89473e-12
      1313.32  2.29358e-09  6.98229e-12
      1313.66  3.71712e-09  9.48754e-12
      1314.01  3.00069e-09  8.78659e-12
      1314.35  1.78433e-09  7.26155e-12
      1314.70  1.41632e-09  6.79858e-12
      1315.05  1.41836e-09  6.61487e-12
      1315.39  1.59264e-09  6.56951e-12
      1315.74  1.98239e-09  6.61996e-12
      1316.08  2.99665e-09  7.76645e-12
      1316.43  6.07689e-09  1.04007e-11
      1316.78  1.03784e-08  1.38678e-11
      1317.12  8.01024e-09  1.18687e-11
      1317.47  3.65327e-09  7.97540e-12
      1317.82  2.22827e-09  6.32214e-12
      1318.17  2.36992e-09  6.16389e-12
      1318.51  3.86167e-09  7.80131e-12
      1318.86  4.64869e-09  8.92670e-12
      1319.21  3.14303e-09  7.76007e-12
      1319.56  1.89246e-09  6.80944e-12
      1319.91  1.93878e-09  7.28559e-12
      1320.25  1.95007e-09  7.44767e-12
      1320.60  1.94941e-09  7.51030e-12
      1320.95  2.35211e-09  7.67307e-12
      1321.30  3.43751e-09  8.36037e-12
      1321.65  7.19679e-09  1.12864e-11
      1322.00  1.27773e-08  1.53996e-11
      1322.35  1.08672e-08  1.38963e-11
      1322.70  5.42637e-09  9.71343e-12
      1323.05  3.39556e-09  7.92758e-12
      1323.40  3.70721e-09  8.11835e-12
      1323.75  4.39202e-09  8.36660e-12
      1324.10  4.51482e-09  8.50285e-12
      1324.45  3.34661e-09  7.49456e-12
      1324.80  2.41402e-09  6.81631e-12
      