227
      1249.95  7.81400e-09  1.97100e-11
      1250.27  3.93501e-09  1.46613e-11
      1250.58  1.57752e-09  1.08959e-11
      1250.89  1.24159e-09  1.04623e-11
      1251.20  1.49427e-09  1.06346e-11
      1251.52  2.14662e-09  1.06560e-11
      1251.83  3.52523e-09  1.26159e-11
      1252.14  4.44525e-09  1.38872e-11
      1252.46  4.18207e-09  1.38357e-11
      1252.77  3.82180e-09  1.37771e-11
      1253.09  6.46465e-09  1.72694e-11
      1253.40  1.23511e-08  2.38175e-11
      1253.71  1.51759e-08  2.63745e-11
      1254.03  9.18751e-09  1.95004e-11
      1254.34  4.47922e-09  1.31422e-11
      1254.66  5.69832e-09  1.42780e-11
      1254.97  8.55507e-09  1.79446e-11
      1255.29  5.85384e-09  1.47829e-11
      1255.60  2.80905e-09  1.10174e-11
      1255.92  3.05749e-09  1.20733e-11
      1256.23  5.26976e-09  1.51713e-11
      1256.55  8.28940e-09  1.92704e-11
      1256.87  5.74947e-09  1.50015e-11
      1257.18  2.74011e-09  1.03278e-11
      1257.50  2.06758e-09  8.99919e-12
      1257.81  2.34428e-09  9.36265e-12
      1258.13  2.90806e-09  1.06281e-11
      1258.45  2.84416e-09  1.02883e-11
      1258.76  2.98827e-09  1.05848e-11
      1259.08  5.29839e-09  1.33181e-11
      1259.40  1.08781e-08  1.83019e-11
      1259.72  1.47049e-08  2.06461e-11
      1260.03  1.10173e-08  1.66237e-11
      1260.35  8.08645e-09  1.34812e-11
      1260.67  1.01984e-08  1.51078e-11
      1260.99  9.42501e-09  1.43722e-11
      1261.30  7.67829e-09  1.27985e-11
      1261.62  9.31607e-09  1.93436e-11
      1261.94  1.00113e-08  1.75252e-11
      1262.26  1.00180e-08  1.94807e-11
      1262.58  7.31465e-09  1.58817e-11
      1262.90  8.05116e-09  1.56258e-11
      1263.22  1.23451e-08  1.96968e-11
      1263.54  9.78062e-09  1.69486e-11
      1263.86  6.08191e-09  1.37124e-11
      1264.17  4.82576e-09  1.27177e-11
      1264.49  3.50052e-09  1.13505e-11
      1264.81  3.88516e-09  1.19644e-11
      1265.13  7.91752e-09  1.65759e-11
      1265.45  1.22276e-08  2.00885e-11
      1265.77  1.06532e-08  1.79160e-11
      1266.10  5.65685e-09  1.25597e-11
      1266.42  2.94095e-09  9.39960e-12
      1266.74  2.57847e-09  9.10610e-12
      1267.06  3.54236e-09  1.04774e-11
      1267.38  7.57849e-09  1.50401e-11
      1267.70  1.36463e-08  2.08826e-11
      1268.02  1.45461e-08  2.08179e-11
      1268.34  1.42268e-08  2.04799e-11
      1268.67  1.28485e-08  1.81745e-11
      1268.99  1.27806e-08  1.78359e-11
      1269.31  9.65129e-09  1.49654e-11
      1269.63  6.26497e-09  1.20453e-11
      1269.95  5.18572e-09  1.12890e-11
      1270.28  6.42277e-09  1.22560e-11
      1270.60  1.13043e-08  1.69931e-11
      1270.92  1.33584e-08  1.78549e-11
      1271.25  1.44853e-08  1.76739e-11
      1271.57  1.41821e-08  1.68650e-11
      1271.89  8.31571e-09  1.20450e-11
      1272.22  3.67391e-09  8.10994e-12
      1272.54  2.43322e-09  7.70446e-12
      1272.86  2.00971e-09  1.03725e-11
      1273.19  2.06349e-09  1.07235e-11
      1273.51  2.42727e-09  1.19321e-11
      1273.84  3.42599e-09  1.14369e-11
      1274.16  4.41645e-09  1.22265e-11
      1274.49  5.97370e-09  1.29223e-11
      1274.81  1.04849e-08  1.66480e-11
      1275.14  1.42015e-08  2.03603e-11
      1275.46  1.25703e-08  1.85848e-11
      1275.79  8.16317e-09  1.53268e-11
      1276.11  5.38153e-09  1.25522e-11
      1276.44  7.28554e-09  1.48578e-11
      1276.76  1.24727e-08  2.04435e-11
      1277.09  1.24853e-08  1.90917e-11
      1277.42  1.31906e-08  1.95130e-11
      1277.74  8.74804e-09  1.48250e-11
      1278.07  3.96086e-09  9.75872e-12
      1278.40  2.48449e-09  8.26147e-12
      1278.72  2.00706e-09  8.03650e-12
      1279.05  2.00967e-09  8.01156e-12
      1279.38  2.61412e-09  9.02820e-12
      1279.71  3.84883e-09  1.04589e-11
      1280.03  4.98901e-09  1.12561e-11
      1280.36  4.59215e-09  9.93731e-12
      1280.69  4.82295e-09  9.57686e-12
      1281.02  6.34086e-09  1.04610e-11
      1281.34  8.99726e-09  1.35239e-11
      1281.67  1.10660e-08  1.80979e-11
      1282.00  8.76277e-09  1.59188e-11
      1282.33  9.19944e-09  1.69895e-11
      1282.66  1.41498e-08  2.11850e-11
      1282.99  1.79162e-08  2.31526e-11
      1283.32  1.77229e-08  2.21908e-11
      1283.65  1.21100e-08  1.77381e-11
      1283.98  6.26000e-09  1.27029e-11
      1284.31  3.64099e-09  1.02016e-11
      1284.64  2.78237e-09  9.43927e-12
      1284.97  2.77493e-09  9.71877e-12
      1285.30  3.30995e-09  1.10174e-11
      1285.63  2.83350e-09  9.97055e-12
      1285.96  2.65984e-09  9.23746e-12
      1286.29  4.03327e-09  1.05394e-11
      1286.62  5.55816e-09  1.19017e-11
      1286.95  5.20665e-09  1.09729e-11
      1287.28  6.65185e-09  1.20729e-11
      1287.61  1.15256e-08  1.64252e-11
      1287.95  1.37058e-08  1.77412e-11
      1288.28  1.36086e-08  1.74147e-11
      1288.61  1.36446e-08  1.68574e-11
      1288.94  1.34980e-08  1.64271e-11
      1289.27  9.87929e-09  1.44840e-11
      1289.61  6.97162e-09  1.25147e-11
      1289.94  5.50657e-09  1.14377e-11
      1290.27  3.75784e-09  1.04801e-11
      1290.61  3.23866e-09  1.06348e-11
      1290.94  2.51712e-09  9.77942e-12
      1291.27  1.96732e-09  8.89391e-12
      1291.61  2.25824e-09  9.16623e-12
      1291.94  3.55647e-09  1.08780e-11
      1292.27  6.06286e-09  1.27127e-11
      1292.61  8.88259e-09  1.57256e-11
      1292.94  6.08480e-09  1.24500e-11
      1293.28  4.69167e-09  1.12119e-11
      1293.61  6.34853e-09  1.35709e-11
      1293.95  8.09057e-09  1.51317e-11
      1294.28  1.23163e-08  1.85411e-11
      1294.62  1.37555e-08  1.86510e-11
      1294.95  1.14349e-08  1.56657e-11
      1295.29  1.09578e-08  1.49720e-11
      1295.62  9.35020e-09  1.33677e-11
      1295.96  6.80159e-09  1.10975e-11
      1296.29  5.92450e-09  1.04160e-11
      1296.63  6.18888e-09  1.06725e-11
      1296.97  7.40489e-09  1.23964e-11
      1297.30  1.16994e-08  1.69261e-11
      1297.64  1.61029e-08  2.16254e-11
      1297.98  1.33316e-08  1.86399e-11
      1298.31  8.26410e-09  1.44019e-11
      1298.65  4.65215e-09  1.08840e-11
      1298.99  3.72239e-09  1.01806e-11
      1299.33  6.60538e-09  1.35814e-11
      1299.66  1.16991e-08  1.87954e-11
      1300.00  1.29263e-08  1.91939e-11
      1300.34  1.11323e-08  1.75327e-11
      1300.68  7.46998e-09  1.35589e-11
      1301.02  7.96202e-09  1.30845e-11
      1301.35  1.43694e-08  1.79076e-11
      1301.69  1.68367e-08  1.87343e-11
      1302.03  1.64338e-08  1.87875e-11
      1302.37  1.41722e-08  1.68052e-11
      1302.71  1.70747e-08  1.87779e-11
      1303.05  1.85076e-08  1.82370e-11
      1303.39  2.14173e-08  1.86963e-11
      1303.73  2.32239e-08  1.96386e-11
      1304.07  2.12431e-08  1.99866e-11
      1304.41  2.13969e-08  2.30367e-11
      1304.75  2.28733e-08  2.44914e-11
      1305.09  2.40968e-08  2.54944e-11
      1305.43  2.88049e-08  2.86171e-11
      1305.77  3.42431e-08  3.12488e-11
      1306.11  3.35816e-08  3.02583e-11
      1306.46  2.21134e-08  2.34191e-11
      1306.80  1.03640e-08  1.54067e-11
      1307.14  5.32515e-09  1.12972e-11
      1307.48  3.62638e-09  9.73877e-12
      1307.82  2.93245e-09  9.56438e-12
      1308.16  2.99239e-09  9.79737e-12
      1308.51  3.46284e-09  9.99087e-12
      1308.85  2.94386e-09  9.39529e-12
      1309.19  2.42900e-09  1.19096e-11
      1309.53  1.94032e-09  8.81958e-12
      1309.88  1.93333e-09  7.41677e-12
      1310.22  2.07335e-09  8.09876e-12
      1310.56  2.77239e-09  9.98939e-12
      1310.91  5.07015e-09  1.24033e-11
      1311.25  9.04436e-09  1.69833e-11
      1311.60  8.72802e-09  1.64812e-11
      1311.94  5.06032e-09  1.22957e-11
      1312.28  2.69176e-09  8.85821e-12
      1312.63  1.88494e-09  7.61904e-12
      1312.97  1.65855e-09  7.26989e-12
      1313.32  2.21949e-09  8.03089e-12
      1313.66  3.65387e-09  1.05870e-11
      1314.01  2.94819e-09  9.83893e-12
      1314.35  1.73992e-09  7.82269e-12
      1314.70  1.39038e-09  6.88691e-12
      1315.05  1.39353e-09  6.50491e-12
      1315.39  1.56187e-09  6.24516e-12
      1315.74  1.96130e-09  6.48736e-12
      1316.08  2.98671e-09  7.34494e-12
      1316.43  5.69763e-09  1.03491e-11
      1316.78  9.65211e-09  1.57960e-11
      1317.12  7.74138e-09  1.58020e-11
      1317.47  3.54761e-09  1.11223e-11
      1317.82  2.19262e-09  8.88094e-12
      1318.17  2.35785e-09  8.63459e-12
      1318.51  3.80633e-09  1.04623e-11
      1318.86  4.52467e-09  1.12686e-11
      1319.21  3.09331e-09  9.50974e-12
      1319.56  1.89178e-09  8.04717e-12
      1319.91  1.90608e-09  8.51812e-12
      1320.25  1.91347e-09  8.25233e-12
      1320.60  1.91486e-09  7.77155e-12
      1320.95  2.32433e-09  7.73553e-12
      1321.30  3.37988e-09  8.22516e-12
      1321.65  7.09680e-09  1.06954e-11
      1322.00  1.26531e-08  1.46276e-11
      1322.35  1.11491e-08  1.43705e-11
      1322.70  5.75959e-09  1.17162e-11
      1323.05  3.34963e-09  1.08807e-11
      1323.40  3.68994e-09  1.13724e-11
      1323.75  4.34085e-09  1.16244e-11
      1324.10  4.43837e-09  1.13553e-11
      1324.45  3.26490e-09  9.64260e-12
      1324.80  2.36735e-09  8.37533e-12
      