227
      1249.95  8.08919e-09  3.19117e-11
      1250.27  5.71042e-10  1.85508e-11
      1250.58  4.69491e-10  1.80025e-11
      1250.89  5.35286e-10  1.39693e-11
      1251.20  7.88926e-10  1.08444e-11
      1251.52  1.45908e-09  1.11394e-11
      1251.83  2.75975e-09  1.31066e-11
      1252.14  3.62214e-09  1.41850e-11
      1252.46  3.38918e-09  1.41787e-11
      1252.77  3.08292e-09  1.38823e-11
      1253.09  5.67602e-09  1.78162e-11
      1253.40  1.15586e-08  2.45609e-11
      1253.71  1.44187e-08  2.77248e-11
      1254.03  8.30579e-09  2.03346e-11
      1254.34  3.68561e-09  1.38085e-11
      1254.66  4.93374e-09  1.48443e-11
      1254.97  8.15732e-09  2.13885e-11
      1255.29  4.66671e-09  1.58547e-11
      1255.60  1.82794e-09  1.23845e-11
      1255.92  2.35071e-09  1.25218e-11
      1256.23  4.50767e-09  1.58720e-11
      1256.55  7.37897e-09  2.00132e-11
      1256.87  4.99130e-09  1.60437e-11
      1257.18  2.06379e-09  1.13320e-11
      1257.50  1.38681e-09  9.61884e-12
      1257.81  1.65076e-09  1.00270e-11
      1258.13  2.18869e-09  1.11696e-11
      1258.45  2.13471e-09  1.14234e-11
      1258.76  2.24827e-09  1.17746e-11
      1259.08  4.47698e-09  1.48436e-11
      1259.40  9.95794e-09  2.09459e-11
      1259.72  1.37524e-08  2.39187e-11
      1260.03  1.02026e-08  1.94780e-11
      1260.35  7.26656e-09  1.57272e-11
      1260.67  9.26000e-09  1.81952e-11
      1260.99  8.58286e-09  1.77001e-11
      1261.30  6.84112e-09  1.59793e-11
      1261.62  8.52932e-09  1.91036e-11
      1261.94  8.87183e-09  2.56638e-11
      1262.26  6.91602e-09  2.18402e-11
      1262.58  6.33200e-09  2.70664e-11
      1262.90  6.33111e-09  2.70766e-11
      1263.22  6.33111e-09  2.70766e-11
      1263.54  4.37775e-09  2.23556e-11
      1263.86  4.33277e-09  2.02830e-11
      1264.17  3.96156e-09  1.41296e-11
      1264.49  2.79506e-09  1.18093e-11
      1264.81  3.15757e-09  1.28746e-11
      1265.13  7.13264e-09  1.72835e-11
      1265.45  1.14852e-08  2.10396e-11
      1265.77  1.00450e-08  1.89235e-11
      1266.10  6.17529e-09  1.77962e-11
      1266.42  3.15060e-09  1.26771e-11
      1266.74  1.91825e-09  1.18834e-11
      1267.06  2.84459e-09  1.07790e-11
      1267.38  6.74999e-09  1.56852e-11
      1267.70  1.27315e-08  2.22162e-11
      1268.02  1.36982e-08  2.22345e-11
      1268.34  1.33371e-08  2.16981e-11
      1268.67  1.20005e-08  1.93893e-11
      1268.99  1.19355e-08  1.93615e-11
      1269.31  8.92384e-09  1.63791e-11
      1269.63  5.56538e-09  1.33425e-11
      1269.95  4.48081e-09  1.27980e-11
      1270.28  5.60774e-09  1.43162e-11
      1270.60  1.03274e-08  1.98457e-11
      1270.92  1.22891e-08  2.23775e-11
      1271.25  1.31743e-08  2.31831e-11
      1271.57  1.32054e-08  2.33528e-11
      1271.89  7.73628e-09  1.52628e-11
      1272.22  3.06654e-09  1.03092e-11
      1272.54  1.74298e-09  9.53404e-12
      1272.86  1.49645e-09  1.31711e-11
      1273.19  1.46547e-09  1.42876e-11
      1273.51  0.00000e+00  0.00000e+00
      1273.84  4.02986e-09  2.08228e-11
      1274.16  4.19642e-09  1.96142e-11
      1274.49  5.44930e-09  1.52372e-11
      1274.81  9.65246e-09  1.72239e-11
      1275.14  1.33097e-08  1.98650e-11
      1275.46  1.22994e-08  2.03424e-11
      1275.79  8.07928e-09  1.77615e-11
      1276.11  4.41290e-09  1.46059e-11
      1276.44  6.49424e-09  1.52464e-11
      1276.76  1.15992e-08  2.09604e-11
      1277.09  1.14538e-08  2.13679e-11
      1277.42  1.00427e-08  2.66590e-11
      1277.74  4.29831e-09  1.72190e-11
      1278.07  3.08633e-09  1.09296e-11
      1278.40  1.86051e-09  8.65716e-12
      1278.72  1.38071e-09  8.43214e-12
      1279.05  1.36979e-09  8.78066e-12
      1279.38  1.94823e-09  1.00030e-11
      1279.71  3.14449e-09  1.17852e-11
      1280.03  4.27560e-09  1.33719e-11
      1280.36  3.91607e-09  1.18462e-11
      1280.69  4.08180e-09  1.16425e-11
      1281.02  5.51877e-09  1.29480e-11
      1281.34  7.76728e-09  1.81717e-11
      1281.67  8.75662e-09  2.55948e-11
      1282.00  8.91486e-09  2.71481e-11
      1282.33  0.00000e+00  0.00000e+00
      1282.66  0.00000e+00  0.00000e+00
      1282.99  0.00000e+00  0.00000e+00
      1283.32  6.03208e-09  2.27837e-11
      1283.65  5.88200e-09  2.14327e-11
      1283.98  4.89418e-09  1.47641e-11
      1284.31  3.06091e-09  1.08640e-11
      1284.64  2.19824e-09  1.01421e-11
      1284.97  2.17637e-09  1.03437e-11
      1285.30  2.69456e-09  1.17167e-11
      1285.63  2.25489e-09  1.08368e-11
      1285.96  2.05319e-09  1.01122e-11
      1286.29  3.35587e-09  1.13640e-11
      1286.62  4.87536e-09  1.27995e-11
      1286.95  4.58396e-09  1.20514e-11
      1287.28  5.83502e-09  1.33690e-11
      1287.61  1.05348e-08  1.86371e-11
      1287.95  1.29021e-08  2.09385e-11
      1288.28  1.27920e-08  2.09451e-11
      1288.61  1.27607e-08  2.08473e-11
      1288.94  1.26256e-08  2.06631e-11
      1289.27  9.27363e-09  1.81113e-11
      1289.61  7.22174e-09  2.23867e-11
      1289.94  6.86041e-09  2.42188e-11
      1290.27  0.00000e+00  0.00000e+00
      1290.61  0.00000e+00  0.00000e+00
      1290.94  1.74057e-09  1.62612e-11
      1291.27  1.76475e-09  1.59174e-11
      1291.61  1.96045e-09  1.36122e-11
      1291.94  2.93991e-09  1.11088e-11
      1292.27  5.30335e-09  1.30171e-11
      1292.61  8.64932e-09  1.87299e-11
      1292.94  9.99017e-09  2.67296e-11
      1293.28  6.26081e-09  2.29222e-11
      1293.61  6.23176e-09  1.87889e-11
      1293.95  7.35963e-09  1.60636e-11
      1294.28  1.13736e-08  1.98471e-11
      1294.62  1.30395e-08  2.09792e-11
      1294.95  1.08398e-08  1.79563e-11
      1295.29  1.02151e-08  1.72274e-11
      1295.62  8.78675e-09  1.60263e-11
      1295.96  6.23557e-09  1.37029e-11
      1296.29  5.26824e-09  1.33991e-11
      1296.63  5.26618e-09  1.86089e-11
      1296.97  5.30070e-09  2.22755e-11
      1297.30  5.30564e-09  2.28121e-11
      1297.64  0.00000e+00  0.00000e+00
      1297.98  0.00000e+00  0.00000e+00
      1298.31  2.42073e-09  1.63584e-11
      1298.65  2.47779e-09  1.54695e-11
      1298.99  2.99373e-09  1.18579e-11
      1299.33  5.78360e-09  1.40672e-11
      1299.66  1.08899e-08  1.97015e-11
      1300.00  1.23191e-08  2.05021e-11
      1300.34  1.06424e-08  1.89855e-11
      1300.68  6.97836e-09  1.46814e-11
      1301.02  7.04221e-09  1.39742e-11
      1301.35  1.33841e-08  1.98436e-11
      1301.69  1.60522e-08  2.11911e-11
      1302.03  1.57090e-08  2.17005e-11
      1302.37  1.34645e-08  2.01694e-11
      1302.71  1.58203e-08  2.26436e-11
      1303.05  1.76387e-08  2.37477e-11
      1303.39  1.88816e-08  3.11357e-11
      1303.73  1.96143e-08  3.93225e-11
      1304.07  1.97206e-08  4.06371e-11
      1304.41  0.00000e+00  0.00000e+00
      1304.75  0.00000e+00  0.00000e+00
      1305.09  3.27695e-08  5.28980e-11
      1305.43  3.28838e-08  5.08540e-11
      1305.77  3.35768e-08  3.95584e-11
      1306.11  3.27120e-08  3.17120e-11
      1306.46  2.39760e-08  2.83745e-11
      1306.80  1.10447e-08  1.83886e-11
      1307.14  4.64487e-09  1.39200e-11
      1307.48  3.90768e-09  1.64343e-11
      1307.82  2.23057e-09  1.42699e-11
      1308.16  2.43203e-09  1.16651e-11
      1308.51  2.92731e-09  1.14749e-11
      1308.85  2.41163e-09  1.03498e-11
      1309.19  1.65029e-09  8.74694e-12
      1309.53  1.44214e-09  8.50100e-12
      1309.88  1.40694e-09  1.09843e-11
      1310.22  1.40145e-09  1.29409e-11
      1310.56  1.40082e-09  1.32187e-11
      1310.91  0.00000e+00  0.00000e+00
      1311.25  3.64831e-09  1.94889e-11
      1311.60  3.60703e-09  1.89343e-11
      1311.94  3.28475e-09  1.51458e-11
      1312.28  2.21689e-09  9.75544e-12
      1312.63  1.43396e-09  8.19924e-12
      1312.97  1.15406e-09  7.61905e-12
      1313.32  1.63583e-09  8.84922e-12
      1313.66  3.07527e-09  1.12975e-11
      1314.01  2.58404e-09  1.06441e-11
      1314.35  1.30790e-09  8.71575e-12
      1314.70  9.14432e-10  7.97677e-12
      1315.05  9.10805e-10  7.88649e-12
      1315.39  1.04909e-09  7.55134e-12
      1315.74  1.31673e-09  8.86397e-12
      1316.08  1.44756e-09  1.23284e-11
      1316.43  1.46775e-09  1.30873e-11
      1316.78  0.00000e+00  0.00000e+00
      1317.12  0.00000e+00  0.00000e+00
      1317.47  1.91390e-09  1.51052e-11
      1317.82  1.94022e-09  1.48626e-11
      1318.17  2.16729e-09  1.30516e-11
      1318.51  3.25056e-09  1.08752e-11
      1318.86  4.04753e-09  1.19528e-11
      1319.21  2.73299e-09  1.02269e-11
      1319.56  1.45477e-09  8.42148e-12
      1319.91  1.41725e-09  9.15015e-12
      1320.25  1.44101e-09  9.17726e-12
      1320.60  1.43372e-09  8.89809e-12
      1320.95  1.79706e-09  8.94921e-12
      1321.30  2.66889e-09  9.84697e-12
      1321.65  4.17568e-09  1.45318e-11
      1322.00  4.75898e-09  1.92586e-11
      1322.35  4.83767e-09  2.00163e-11
      1322.70  0.00000e+00  0.00000e+00
      1323.05  0.00000e+00  0.00000e+00
      1323.40  4.15873e-09  1.93580e-11
      1323.75  4.12834e-09  1.89327e-11
      1324.10  3.87343e-09  1.57736e-11
      1324.45  2.84725e-09  1.04928e-11
      1324.80  1.95463e-09  8.95931e-12
      