227
      1249.95  7.36366e-09  1.57310e-11
      1250.27  3.16644e-09  1.13800e-11
      1250.58  8.06496e-10  8.65901e-12
      1250.89  5.29642e-10  7.92715e-12
      1251.20  8.17363e-10  7.72472e-12
      1251.52  1.51541e-09  8.09709e-12
      1251.83  2.88555e-09  9.39369e-12
      1252.14  3.75334e-09  1.01445e-11
      1252.46  3.50586e-09  1.00593e-11
      1252.77  3.32429e-09  1.00345e-11
      1253.09  6.06897e-09  1.29933e-11
      1253.40  1.19709e-08  1.78225e-11
      1253.71  1.45140e-08  1.95870e-11
      1254.03  8.42497e-09  1.44963e-11
      1254.34  3.84152e-09  9.96615e-12
      1254.66  5.15646e-09  1.08823e-11
      1254.97  8.30025e-09  1.41612e-11
      1255.29  5.05517e-09  1.14066e-11
      1255.60  2.04372e-09  8.88344e-12
      1255.92  2.43553e-09  1.01505e-11
      1256.23  4.65630e-09  1.25302e-11
      1256.55  7.90355e-09  1.63868e-11
      1256.87  5.11512e-09  1.28593e-11
      1257.18  2.01529e-09  8.92143e-12
      1257.50  1.44164e-09  8.27799e-12
      1257.81  1.72678e-09  8.48432e-12
      1258.13  2.22090e-09  9.59924e-12
      1258.45  2.19682e-09  9.86762e-12
      1258.76  2.38915e-09  1.02213e-11
      1259.08  4.85003e-09  1.31663e-11
      1259.40  1.05650e-08  1.84602e-11
      1259.72  1.41518e-08  2.08205e-11
      1260.03  1.01547e-08  1.64932e-11
      1260.35  7.44782e-09  1.34027e-11
      1260.67  9.86112e-09  1.58688e-11
      1260.99  8.70245e-09  1.48004e-11
      1261.30  6.87518e-09  1.30888e-11
      1261.62  9.11774e-09  1.59741e-11
      1261.94  9.34931e-09  1.56798e-11
      1262.26  9.67066e-09  1.60900e-11
      1262.58  6.77792e-09  1.26625e-11
      1262.90  7.42111e-09  1.22730e-11
      1263.22  1.17949e-08  1.52391e-11
      1263.54  9.36926e-09  1.28745e-11
      1263.86  5.55474e-09  1.01645e-11
      1264.17  4.18022e-09  9.61867e-12
      1264.49  2.94918e-09  8.47857e-12
      1264.81  3.46323e-09  9.08690e-12
      1265.13  7.54657e-09  1.24270e-11
      1265.45  1.17277e-08  1.50672e-11
      1265.77  1.00850e-08  1.35084e-11
      1266.10  5.05120e-09  9.45032e-12
      1266.42  2.35649e-09  7.16750e-12
      1266.74  1.97483e-09  7.15142e-12
      1267.06  2.90393e-09  8.39767e-12
      1267.38  7.06558e-09  1.26673e-11
      1267.70  1.37289e-08  1.84967e-11
      1268.02  1.40114e-08  1.79258e-11
      1268.34  1.39412e-08  1.82636e-11
      1268.67  1.22695e-08  1.61588e-11
      1268.99  1.22353e-08  1.62338e-11
      1269.31  9.11179e-09  1.38324e-11
      1269.63  5.65359e-09  1.14407e-11
      1269.95  4.65710e-09  1.13374e-11
      1270.28  6.19301e-09  1.28915e-11
      1270.60  1.06392e-08  1.71012e-11
      1270.92  1.28419e-08  1.82441e-11
      1271.25  1.40440e-08  1.83263e-11
      1271.57  1.33958e-08  1.74840e-11
      1271.89  7.56460e-09  1.24910e-11
      1272.22  3.06554e-09  8.18674e-12
      1272.54  1.72595e-09  6.92611e-12
      1272.86  1.36224e-09  6.60578e-12
      1273.19  1.28190e-09  6.81315e-12
      1273.51  1.68314e-09  7.40623e-12
      1273.84  2.87962e-09  8.59267e-12
      1274.16  3.90187e-09  9.13657e-12
      1274.49  5.32693e-09  9.45110e-12
      1274.81  1.01512e-08  1.23147e-11
      1275.14  1.40063e-08  1.42724e-11
      1275.46  1.22022e-08  1.36537e-11
      1275.79  7.61655e-09  1.12695e-11
      1276.11  4.87896e-09  9.87615e-12
      1276.44  6.96274e-09  1.20798e-11
      1276.76  1.18998e-08  1.64103e-11
      1277.09  1.23737e-08  1.60323e-11
      1277.42  1.22888e-08  1.62304e-11
      1277.74  8.13827e-09  1.31007e-11
      1278.07  3.50832e-09  8.78177e-12
      1278.40  1.92410e-09  7.51817e-12
      1278.72  1.43295e-09  7.29884e-12
      1279.05  1.43344e-09  7.76669e-12
      1279.38  2.06619e-09  9.14416e-12
      1279.71  3.36405e-09  1.05218e-11
      1280.03  4.52084e-09  1.16374e-11
      1280.36  3.92557e-09  9.86951e-12
      1280.69  4.28272e-09  9.79252e-12
      1281.02  5.78590e-09  1.06241e-11
      1281.34  8.95470e-09  1.28089e-11
      1281.67  1.10340e-08  1.46336e-11
      1282.00  8.15141e-09  1.25166e-11
      1282.33  8.58192e-09  1.27327e-11
      1282.66  1.38569e-08  1.60571e-11
      1282.99  1.75878e-08  1.92346e-11
      1283.32  1.64608e-08  1.98892e-11
      1283.65  9.81999e-09  1.50688e-11
      1283.98  5.63366e-09  9.50396e-12
      1284.31  3.11189e-09  7.73017e-12
      1284.64  2.27777e-09  7.52652e-12
      1284.97  2.30886e-09  8.03560e-12
      1285.30  2.71872e-09  9.14176e-12
      1285.63  2.28471e-09  8.61662e-12
      1285.96  2.19090e-09  8.60767e-12
      1286.29  3.60801e-09  9.86838e-12
      1286.62  5.05949e-09  1.10690e-11
      1286.95  4.62675e-09  1.02788e-11
      1287.28  6.26881e-09  1.17737e-11
      1287.61  1.13754e-08  1.66106e-11
      1287.95  1.33405e-08  1.80405e-11
      1288.28  1.32527e-08  1.80453e-11
      1288.61  1.32100e-08  1.74064e-11
      1288.94  1.31993e-08  1.71256e-11
      1289.27  8.81163e-09  1.28058e-11
      1289.61  6.42033e-09  1.07243e-11
      1289.94  4.96895e-09  9.50202e-12
      1290.27  3.21955e-09  7.85212e-12
      1290.61  2.73940e-09  7.88888e-12
      1290.94  1.99959e-09  7.23766e-12
      1291.27  1.42799e-09  6.70179e-12
      1291.61  1.76809e-09  7.05229e-12
      1291.94  3.12801e-09  8.28430e-12
      1292.27  5.70473e-09  1.00017e-11
      1292.61  8.11021e-09  1.20878e-11
      1292.94  5.79678e-09  1.03849e-11
      1293.28  4.40093e-09  9.83873e-12
      1293.61  5.86628e-09  1.21040e-11
      1293.95  7.91646e-09  1.39309e-11
      1294.28  1.20441e-08  1.73592e-11
      1294.62  1.32585e-08  1.79492e-11
      1294.95  1.10450e-08  1.53698e-11
      1295.29  1.05829e-08  1.47729e-11
      1295.62  8.78429e-09  1.33122e-11
      1295.96  6.30547e-09  1.13320e-11
      1296.29  5.44209e-09  1.07838e-11
      1296.63  5.71929e-09  1.11344e-11
      1296.97  7.31409e-09  1.19299e-11
      1297.30  1.20223e-08  1.45680e-11
      1297.64  1.62831e-08  1.64105e-11
      1297.98  1.31090e-08  1.38429e-11
      1298.31  7.84449e-09  1.06426e-11
      1298.65  4.13269e-09  8.15719e-12
      1298.99  3.19300e-09  7.64355e-12
      1299.33  6.18659e-09  1.06667e-11
      1299.66  1.15835e-08  1.53953e-11
      1300.00  1.27488e-08  1.64849e-11
      1300.34  1.07556e-08  1.53708e-11
      1300.68  7.18731e-09  1.22771e-11
      1301.02  7.85729e-09  1.27028e-11
      1301.35  1.39821e-08  1.70066e-11
      1301.69  1.66276e-08  1.84729e-11
      1302.03  1.58715e-08  1.84772e-11
      1302.37  1.42873e-08  1.75558e-11
      1302.71  1.65950e-08  1.93148e-11
      1303.05  1.83789e-08  1.93121e-11
      1303.39  2.11567e-08  1.96461e-11
      1303.73  2.26164e-08  1.90090e-11
      1304.07  2.09219e-08  1.71860e-11
      1304.41  2.13757e-08  1.72528e-11
      1304.75  2.27043e-08  1.78618e-11
      1305.09  2.39883e-08  1.87902e-11
      1305.43  2.88367e-08  2.14927e-11
      1305.77  3.43811e-08  2.40651e-11
      1306.11  3.38563e-08  2.44325e-11
      1306.46  2.16765e-08  1.91953e-11
      1306.80  9.82237e-09  1.30253e-11
      1307.14  4.85829e-09  9.96346e-12
      1307.48  3.17327e-09  8.85524e-12
      1307.82  2.45938e-09  8.50921e-12
      1308.16  2.51818e-09  8.80391e-12
      1308.51  3.12653e-09  9.98195e-12
      1308.85  2.39960e-09  8.70706e-12
      1309.19  1.63088e-09  7.35126e-12
      1309.53  1.49284e-09  6.65450e-12
      1309.88  1.47260e-09  6.34469e-12
      1310.22  1.62846e-09  6.30580e-12
      1310.56  2.30683e-09  7.01098e-12
      1310.91  4.65567e-09  9.04941e-12
      1311.25  8.73477e-09  1.27172e-11
      1311.60  8.51865e-09  1.25130e-11
      1311.94  4.71252e-09  9.44863e-12
      1312.28  2.26059e-09  7.17246e-12
      1312.63  1.44162e-09  6.27756e-12
      1312.97  1.23940e-09  6.21049e-12
      1313.32  1.87898e-09  7.45762e-12
      1313.66  3.10501e-09  9.51351e-12
      1314.01  2.51883e-09  9.15449e-12
      1314.35  1.33366e-09  7.68016e-12
      1314.70  9.58487e-10  7.10587e-12
      1315.05  9.48405e-10  6.69261e-12
      1315.39  1.12202e-09  6.47144e-12
      1315.74  1.53878e-09  6.55548e-12
      1316.08  2.60632e-09  7.54669e-12
      1316.43  5.87301e-09  1.02418e-11
      1316.78  9.88127e-09  1.35136e-11
      1317.12  7.38716e-09  1.16161e-11
      1317.47  3.29348e-09  8.16766e-12
      1317.82  1.79702e-09  6.68303e-12
      1318.17  1.93834e-09  6.59588e-12
      1318.51  3.49662e-09  8.32891e-12
      1318.86  4.25808e-09  9.60122e-12
      1319.21  2.63196e-09  8.21349e-12
      1319.56  1.44494e-09  7.25126e-12
      1319.91  1.50922e-09  8.00568e-12
      1320.25  1.49481e-09  7.93377e-12
      1320.60  1.50616e-09  7.70596e-12
      1320.95  1.93853e-09  7.79596e-12
      1321.30  2.97804e-09  8.38392e-12
      1321.65  6.59124e-09  1.07480e-11
      1322.00  1.28672e-08  1.52854e-11
      1322.35  1.04098e-08  1.33224e-11
      1322.70  4.83229e-09  9.31381e-12
      1323.05  2.92152e-09  7.91235e-12
      1323.40  3.33637e-09  8.50601e-12
      1323.75  4.07111e-09  9.07611e-12
      1324.10  4.17335e-09  9.05092e-12
      1324.45  2.87535e-09  7.77228e-12
      1324.80  1.95124e-09  7.37952e-12
      