227
      1249.95  6.96469e-09  1.76949e-11
      1250.27  3.10320e-09  1.36044e-11
      1250.58  8.49495e-10  1.01873e-11
      1250.89  5.49561e-10  9.16409e-12
      1251.20  8.21343e-10  8.69150e-12
      1251.52  1.48568e-09  9.19297e-12
      1251.83  2.88347e-09  1.11170e-11
      1252.14  3.77288e-09  1.21220e-11
      1252.46  3.52966e-09  1.20721e-11
      1252.77  3.24518e-09  1.18127e-11
      1253.09  5.96841e-09  1.51046e-11
      1253.40  1.19179e-08  2.05037e-11
      1253.71  1.45450e-08  2.23990e-11
      1254.03  8.45529e-09  1.63775e-11
      1254.34  3.82498e-09  1.08582e-11
      1254.66  5.17585e-09  1.18755e-11
      1254.97  8.10013e-09  1.52096e-11
      1255.29  5.00991e-09  1.28858e-11
      1255.60  2.05408e-09  9.05466e-12
      1255.92  2.42003e-09  9.44911e-12
      1256.23  4.67976e-09  1.15993e-11
      1256.55  7.71502e-09  1.47930e-11
      1256.87  4.96605e-09  1.13467e-11
      1257.18  2.01014e-09  7.90933e-12
      1257.50  1.41446e-09  6.88833e-12
      1257.81  1.70129e-09  7.14863e-12
      1258.13  2.22470e-09  7.99877e-12
      1258.45  2.16691e-09  8.19383e-12
      1258.76  2.33299e-09  8.60713e-12
      1259.08  4.75118e-09  1.10296e-11
      1259.40  1.03661e-08  1.56662e-11
      1259.72  1.38483e-08  1.78502e-11
      1260.03  1.00076e-08  1.45490e-11
      1260.35  7.36323e-09  1.22445e-11
      1260.67  9.44938e-09  1.45283e-11
      1260.99  8.49024e-09  1.41369e-11
      1261.30  6.90223e-09  1.32222e-11
      1261.62  8.70084e-09  1.61465e-11
      1261.94  8.97558e-09  1.99819e-11
      1262.26  7.98890e-09  1.52301e-11
      1262.58  5.85495e-09  1.51130e-11
      1262.90  7.22387e-09  1.40584e-11
      1263.22  1.17026e-08  1.81936e-11
      1263.54  8.97060e-09  1.53830e-11
      1263.86  5.30075e-09  1.21367e-11
      1264.17  4.18906e-09  1.12029e-11
      1264.49  2.90949e-09  9.92481e-12
      1264.81  3.40264e-09  1.04296e-11
      1265.13  7.50066e-09  1.44314e-11
      1265.45  1.17062e-08  1.72817e-11
      1265.77  1.00646e-08  1.51733e-11
      1266.10  5.23661e-09  1.11490e-11
      1266.42  2.38623e-09  8.89726e-12
      1266.74  1.96795e-09  7.57162e-12
      1267.06  2.94765e-09  8.24380e-12
      1267.38  7.11414e-09  1.18902e-11
      1267.70  1.32469e-08  1.65313e-11
      1268.02  1.38889e-08  1.59654e-11
      1268.34  1.36500e-08  1.55799e-11
      1268.67  1.21170e-08  1.36783e-11
      1268.99  1.21400e-08  1.37372e-11
      1269.31  8.83080e-09  1.15031e-11
      1269.63  5.49861e-09  9.50492e-12
      1269.95  4.53061e-09  9.35411e-12
      1270.28  5.91988e-09  1.08842e-11
      1270.60  1.06331e-08  1.52224e-11
      1270.92  1.24594e-08  1.72496e-11
      1271.25  1.36068e-08  1.63165e-11
      1271.57  1.30705e-08  1.79371e-11
      1271.89  7.32386e-09  1.22371e-11
      1272.22  2.91815e-09  8.58842e-12
      1272.54  1.66778e-09  7.56673e-12
      1272.86  1.31212e-09  7.45266e-12
      1273.19  1.24745e-09  7.79679e-12
      1273.51  1.67862e-09  8.91743e-12
      1273.84  2.80600e-09  1.07253e-11
      1274.16  3.79672e-09  1.14366e-11
      1274.49  5.41446e-09  1.12282e-11
      1274.81  1.01038e-08  1.43945e-11
      1275.14  1.38409e-08  1.65564e-11
      1275.46  1.22045e-08  1.56371e-11
      1275.79  7.61916e-09  1.34991e-11
      1276.11  4.69246e-09  1.03795e-11
      1276.44  6.77664e-09  1.18256e-11
      1276.76  1.20329e-08  1.59714e-11
      1277.09  1.18492e-08  1.57551e-11
      1277.42  1.03953e-08  1.69098e-11
      1277.74  6.28762e-09  1.32156e-11
      1278.07  3.23587e-09  7.49738e-12
      1278.40  1.86015e-09  6.22535e-12
      1278.72  1.39770e-09  6.19734e-12
      1279.05  1.41383e-09  6.51885e-12
      1279.38  2.04596e-09  7.62633e-12
      1279.71  3.28981e-09  9.20826e-12
      1280.03  4.33193e-09  1.04632e-11
      1280.36  3.89329e-09  9.47304e-12
      1280.69  4.18849e-09  9.71692e-12
      1281.02  5.73962e-09  1.11439e-11
      1281.34  8.75883e-09  1.41174e-11
      1281.67  1.04869e-08  1.63399e-11
      1282.00  7.89779e-09  1.45765e-11
      1282.33  8.44860e-09  1.57885e-11
      1282.66  1.34353e-08  2.02004e-11
      1282.99  1.68454e-08  2.65546e-11
      1283.32  1.52115e-08  2.52282e-11
      1283.65  8.59079e-09  1.98259e-11
      1283.98  5.41081e-09  1.07219e-11
      1284.31  3.05368e-09  8.21772e-12
      1284.64  2.23200e-09  7.55989e-12
      1284.97  2.25359e-09  7.82395e-12
      1285.30  2.72442e-09  8.54788e-12
      1285.63  2.25144e-09  7.69626e-12
      1285.96  2.14147e-09  7.13061e-12
      1286.29  3.53458e-09  8.08107e-12
      1286.62  4.96398e-09  9.13549e-12
      1286.95  4.60696e-09  8.60800e-12
      1287.28  6.20871e-09  1.01413e-11
      1287.61  1.10048e-08  1.44300e-11
      1287.95  1.30325e-08  1.63277e-11
      1288.28  1.28680e-08  1.68282e-11
      1288.61  1.28806e-08  1.72674e-11
      1288.94  1.25249e-08  1.72977e-11
      1289.27  8.61646e-09  1.38866e-11
      1289.61  6.29817e-09  1.22737e-11
      1289.94  4.78204e-09  1.12263e-11
      1290.27  3.13209e-09  9.60069e-12
      1290.61  2.68887e-09  1.00902e-11
      1290.94  1.92764e-09  9.17856e-12
      1291.27  1.38370e-09  8.87441e-12
      1291.61  1.75328e-09  8.98327e-12
      1291.94  3.07575e-09  8.96985e-12
      1292.27  5.61171e-09  1.01416e-11
      1292.61  8.46835e-09  1.28200e-11
      1292.94  6.12746e-09  1.22723e-11
      1293.28  4.45269e-09  1.11853e-11
      1293.61  6.02186e-09  1.13057e-11
      1293.95  7.72741e-09  1.16061e-11
      1294.28  1.18351e-08  1.45357e-11
      1294.62  1.30486e-08  1.51818e-11
      1294.95  1.08116e-08  1.33516e-11
      1295.29  1.02882e-08  1.34081e-11
      1295.62  8.57947e-09  1.26189e-11
      1295.96  6.11023e-09  1.12865e-11
      1296.29  5.29256e-09  1.13215e-11
      1296.63  5.59245e-09  1.22777e-11
      1296.97  7.24102e-09  1.45593e-11
      1297.30  1.17423e-08  1.78051e-11
      1297.64  1.55250e-08  2.04357e-11
      1297.98  1.26646e-08  1.80376e-11
      1298.31  7.69931e-09  1.40861e-11
      1298.65  4.00708e-09  1.02482e-11
      1298.99  3.16553e-09  8.39498e-12
      1299.33  6.11366e-09  1.07976e-11
      1299.66  1.14785e-08  1.49115e-11
      1300.00  1.25406e-08  1.49045e-11
      1300.34  1.06629e-08  1.33732e-11
      1300.68  6.88529e-09  1.01258e-11
      1301.02  7.51638e-09  1.01480e-11
      1301.35  1.40058e-08  1.45459e-11
      1301.69  1.62743e-08  1.57359e-11
      1302.03  1.56656e-08  1.66639e-11
      1302.37  1.36016e-08  1.60327e-11
      1302.71  1.63081e-08  1.90833e-11
      1303.05  1.78569e-08  2.00082e-11
      1303.39  2.05483e-08  2.17255e-11
      1303.73  2.20463e-08  2.23013e-11
      1304.07  2.02636e-08  2.11770e-11
      1304.41  2.06580e-08  2.18933e-11
      1304.75  2.20612e-08  2.36675e-11
      1305.09  2.33460e-08  2.50560e-11
      1305.43  2.81034e-08  2.72114e-11
      1305.77  3.38604e-08  2.64283e-11
      1306.11  3.31449e-08  2.41094e-11
      1306.46  2.23635e-08  1.92773e-11
      1306.80  9.93203e-09  1.29312e-11
      1307.14  4.79867e-09  9.07060e-12
      1307.48  3.35800e-09  8.96694e-12
      1307.82  2.38132e-09  8.20011e-12
      1308.16  2.50269e-09  8.37179e-12
      1308.51  2.98272e-09  8.73698e-12
      1308.85  2.32542e-09  8.01051e-12
      1309.19  1.61066e-09  7.18888e-12
      1309.53  1.44150e-09  7.10181e-12
      1309.88  1.41517e-09  7.04554e-12
      1310.22  1.56606e-09  7.50761e-12
      1310.56  2.17094e-09  8.58995e-12
      1310.91  4.40254e-09  1.14954e-11
      1311.25  8.66840e-09  1.69553e-11
      1311.60  8.28686e-09  1.61128e-11
      1311.94  4.37601e-09  1.05163e-11
      1312.28  2.20259e-09  7.39611e-12
      1312.63  1.42865e-09  6.02229e-12
      1312.97  1.19924e-09  5.41914e-12
      1313.32  1.80129e-09  6.24102e-12
      1313.66  3.14818e-09  8.09202e-12
      1314.01  2.46382e-09  7.49130e-12
      1314.35  1.25779e-09  6.31404e-12
      1314.70  9.19781e-10  6.15013e-12
      1315.05  9.29343e-10  6.23597e-12
      1315.39  1.09033e-09  6.24889e-12
      1315.74  1.50422e-09  6.93009e-12
      1316.08  2.56388e-09  8.61568e-12
      1316.43  5.67452e-09  1.24036e-11
      1316.78  9.48053e-09  1.71473e-11
      1317.12  7.30481e-09  1.52520e-11
      1317.47  3.22385e-09  1.08267e-11
      1317.82  1.76276e-09  9.16097e-12
      1318.17  1.97922e-09  8.69268e-12
      1318.51  3.41749e-09  8.14710e-12
      1318.86  4.10294e-09  8.70819e-12
      1319.21  2.61321e-09  7.14246e-12
      1319.56  1.44258e-09  6.02986e-12
      1319.91  1.46389e-09  6.60039e-12
      1320.25  1.46074e-09  6.79469e-12
      1320.60  1.47355e-09  6.80242e-12
      1320.95  1.88156e-09  7.22558e-12
      1321.30  2.92142e-09  8.36659e-12
      1321.65  6.68440e-09  1.18585e-11
      1322.00  1.22042e-08  1.70371e-11
      1322.35  9.87689e-09  1.60460e-11
      1322.70  4.73873e-09  1.19451e-11
      1323.05  2.84455e-09  1.03328e-11
      1323.40  3.23010e-09  1.12751e-11
      1323.75  3.88320e-09  1.13071e-11
      1324.10  4.04456e-09  9.68600e-12
      1324.45  2.82516e-09  7.41597e-12
      1324.80  1.95858e-09  6.37435e-12
      