227
      1249.95  7.86183e-09  1.56079e-11
      1250.27  3.72436e-09  1.10585e-11
      1250.58  1.25514e-09  7.89300e-12
      1250.89  9.35903e-10  7.06863e-12
      1251.20  1.20917e-09  6.96561e-12
      1251.52  1.90795e-09  7.50796e-12
      1251.83  3.24532e-09  9.13361e-12
      1252.14  4.15327e-09  1.02240e-11
      1252.46  3.93303e-09  1.00584e-11
      1252.77  3.68721e-09  9.81662e-12
      1253.09  6.32280e-09  1.22511e-11
      1253.40  1.21976e-08  1.60650e-11
      1253.71  1.49672e-08  1.73635e-11
      1254.03  8.94901e-09  1.26309e-11
      1254.34  4.25188e-09  8.87825e-12
      1254.66  5.47280e-09  9.99241e-12
      1254.97  8.83709e-09  1.35226e-11
      1255.29  5.64169e-09  1.10380e-11
      1255.60  2.48476e-09  8.41686e-12
      1255.92  2.83852e-09  9.26227e-12
      1256.23  4.97364e-09  1.09166e-11
      1256.55  8.41477e-09  1.41676e-11
      1256.87  5.65186e-09  1.10713e-11
      1257.18  2.43539e-09  7.89863e-12
      1257.50  1.83359e-09  7.47103e-12
      1257.81  2.12529e-09  7.98233e-12
      1258.13  2.65638e-09  9.04039e-12
      1258.45  2.62652e-09  9.33345e-12
      1258.76  2.80266e-09  9.56046e-12
      1259.08  5.19777e-09  1.17826e-11
      1259.40  1.08502e-08  1.59554e-11
      1259.72  1.45943e-08  1.80309e-11
      1260.03  1.08718e-08  1.48209e-11
      1260.35  7.99238e-09  1.24930e-11
      1260.67  1.01592e-08  1.48461e-11
      1260.99  9.26374e-09  1.43588e-11
      1261.30  7.46534e-09  1.30681e-11
      1261.62  9.37783e-09  1.53025e-11
      1261.94  9.82025e-09  1.44998e-11
      1262.26  1.01220e-08  1.45168e-11
      1262.58  7.15766e-09  1.13139e-11
      1262.90  7.74302e-09  1.11712e-11
      1263.22  1.24240e-08  1.45797e-11
      1263.54  9.81701e-09  1.24869e-11
      1263.86  5.94349e-09  9.96349e-12
      1264.17  4.65239e-09  9.46712e-12
      1264.49  3.31285e-09  8.10085e-12
      1264.81  3.67565e-09  8.11613e-12
      1265.13  7.74687e-09  1.08556e-11
      1265.45  1.21444e-08  1.31247e-11
      1265.77  1.06953e-08  1.19354e-11
      1266.10  5.58877e-09  8.61129e-12
      1266.42  2.76023e-09  6.65523e-12
      1266.74  2.39458e-09  6.92139e-12
      1267.06  3.37337e-09  8.05326e-12
      1267.38  7.47787e-09  1.15049e-11
      1267.70  1.38011e-08  1.58395e-11
      1268.02  1.47249e-08  1.56895e-11
      1268.34  1.42847e-08  1.53457e-11
      1268.67  1.29645e-08  1.41688e-11
      1268.99  1.27093e-08  1.44655e-11
      1269.31  9.68066e-09  1.29055e-11
      1269.63  6.20821e-09  1.08949e-11
      1269.95  5.08773e-09  1.04038e-11
      1270.28  6.48540e-09  1.15393e-11
      1270.60  1.10915e-08  1.52142e-11
      1270.92  1.32032e-08  1.57841e-11
      1271.25  1.45296e-08  1.57549e-11
      1271.57  1.42182e-08  1.54163e-11
      1271.89  8.05893e-09  1.11352e-11
      1272.22  3.43119e-09  7.68810e-12
      1272.54  2.11089e-09  6.73965e-12
      1272.86  1.73694e-09  6.52915e-12
      1273.19  1.65356e-09  6.53822e-12
      1273.51  2.03373e-09  6.70913e-12
      1273.84  3.22803e-09  7.54716e-12
      1274.16  4.28448e-09  8.00075e-12
      1274.49  5.69871e-09  8.31971e-12
      1274.81  1.02866e-08  1.11623e-11
      1275.14  1.41586e-08  1.33386e-11
      1275.46  1.27182e-08  1.31480e-11
      1275.79  8.22172e-09  1.10326e-11
      1276.11  5.38110e-09  9.33751e-12
      1276.44  7.37340e-09  1.09609e-11
      1276.76  1.22456e-08  1.42199e-11
      1277.09  1.28978e-08  1.38510e-11
      1277.42  1.29407e-08  1.40085e-11
      1277.74  8.80974e-09  1.17235e-11
      1278.07  4.02071e-09  8.40824e-12
      1278.40  2.34236e-09  7.56160e-12
      1278.72  1.82151e-09  7.26095e-12
      1279.05  1.82200e-09  7.45766e-12
      1279.38  2.44926e-09  8.21091e-12
      1279.71  3.72368e-09  9.09501e-12
      1280.03  4.90962e-09  9.96461e-12
      1280.36  4.34984e-09  8.76823e-12
      1280.69  4.64866e-09  8.95313e-12
      1281.02  6.13135e-09  1.00092e-11
      1281.34  9.27416e-09  1.24328e-11
      1281.67  1.14304e-08  1.42515e-11
      1282.00  8.51457e-09  1.18022e-11
      1282.33  8.80021e-09  1.14791e-11
      1282.66  1.41052e-08  1.40009e-11
      1282.99  1.80648e-08  1.49967e-11
      1283.32  1.79675e-08  1.47554e-11
      1283.65  1.22139e-08  1.20542e-11
      1283.98  6.17732e-09  9.01785e-12
      1284.31  3.51309e-09  7.50863e-12
      1284.64  2.66872e-09  7.26968e-12
      1284.97  2.67597e-09  7.54566e-12
      1285.30  3.15071e-09  8.33829e-12
      1285.63  2.70047e-09  7.66582e-12
      1285.96  2.53659e-09  7.05864e-12
      1286.29  3.93944e-09  8.44940e-12
      1286.62  5.47889e-09  1.00607e-11
      1286.95  5.14117e-09  9.71717e-12
      1287.28  6.63140e-09  1.11398e-11
      1287.61  1.15492e-08  1.52388e-11
      1287.95  1.37857e-08  1.64673e-11
      1288.28  1.36597e-08  1.58025e-11
      1288.61  1.36760e-08  1.50407e-11
      1288.94  1.33617e-08  1.44152e-11
      1289.27  9.46333e-09  1.15290e-11
      1289.61  6.86198e-09  9.89923e-12
      1289.94  5.34945e-09  8.98070e-12
      1290.27  3.63947e-09  7.69347e-12
      1290.61  3.11565e-09  7.62057e-12
      1290.94  2.36826e-09  6.81340e-12
      1291.27  1.80183e-09  6.00853e-12
      1291.61  2.11256e-09  6.10773e-12
      1291.94  3.44758e-09  7.10437e-12
      1292.27  6.03289e-09  9.18824e-12
      1292.61  8.80189e-09  1.18901e-11
      1292.94  6.13604e-09  1.00051e-11
      1293.28  4.73170e-09  9.41519e-12
      1293.61  6.32244e-09  1.14955e-11
      1293.95  8.05936e-09  1.24110e-11
      1294.28  1.26260e-08  1.55401e-11
      1294.62  1.40765e-08  1.61031e-11
      1294.95  1.13253e-08  1.37206e-11
      1295.29  1.11296e-08  1.35528e-11
      1295.62  9.34961e-09  1.24241e-11
      1295.96  6.66842e-09  1.07459e-11
      1296.29  5.80419e-09  1.02190e-11
      1296.63  6.08035e-09  1.02631e-11
      1296.97  7.66423e-09  1.07430e-11
      1297.30  1.22174e-08  1.26813e-11
      1297.64  1.64520e-08  1.42772e-11
      1297.98  1.36375e-08  1.25491e-11
      1298.31  8.33054e-09  1.00392e-11
      1298.65  4.66004e-09  7.92315e-12
      1298.99  3.63044e-09  7.42786e-12
      1299.33  6.53520e-09  1.01215e-11
      1299.66  1.18156e-08  1.40676e-11
      1300.00  1.32383e-08  1.46645e-11
      1300.34  1.12379e-08  1.35809e-11
      1300.68  7.72019e-09  1.08561e-11
      1301.02  8.21765e-09  1.11712e-11
      1301.35  1.42549e-08  1.55132e-11
      1301.69  1.70908e-08  1.72455e-11
      1302.03  1.63927e-08  1.71321e-11
      1302.37  1.47027e-08  1.58063e-11
      1302.71  1.69519e-08  1.70114e-11
      1303.05  1.87260e-08  1.65748e-11
      1303.39  2.14963e-08  1.69090e-11
      1303.73  2.30715e-08  1.72444e-11
      1304.07  2.13182e-08  1.57267e-11
      1304.41  2.16492e-08  1.61043e-11
      1304.75  2.29809e-08  1.70137e-11
      1305.09  2.43237e-08  1.78778e-11
      1305.43  2.93940e-08  2.00159e-11
      1305.77  3.50955e-08  2.21432e-11
      1306.11  3.46899e-08  2.23797e-11
      1306.46  2.27491e-08  1.78072e-11
      1306.80  1.06499e-08  1.23258e-11
      1307.14  5.37882e-09  9.51778e-12
      1307.48  3.58131e-09  8.60162e-12
      1307.82  2.85110e-09  8.01021e-12
      1308.16  2.90833e-09  8.14686e-12
      1308.51  3.47919e-09  8.96346e-12
      1308.85  2.78862e-09  7.49280e-12
      1309.19  2.01281e-09  6.40858e-12
      1309.53  1.83268e-09  6.20237e-12
      1309.88  1.81002e-09  5.88483e-12
      1310.22  1.94633e-09  5.94371e-12
      1310.56  2.54908e-09  6.62411e-12
      1310.91  4.80345e-09  8.41999e-12
      1311.25  9.15748e-09  1.18554e-11
      1311.60  8.97764e-09  1.14932e-11
      1311.94  5.11874e-09  8.54998e-12
      1312.28  2.64183e-09  6.54189e-12
      1312.63  1.80951e-09  5.97536e-12
      1312.97  1.57307e-09  6.06616e-12
      1313.32  2.15380e-09  6.93649e-12
      1313.66  3.59753e-09  9.37926e-12
      1314.01  2.91866e-09  8.61133e-12
      1314.35  1.64933e-09  6.80367e-12
      1314.70  1.29092e-09  5.99596e-12
      1315.05  1.29264e-09  5.67207e-12
      1315.39  1.45394e-09  5.59655e-12
      1315.74  1.85763e-09  5.84367e-12
      1316.08  2.88726e-09  6.78322e-12
      1316.43  5.97806e-09  9.31008e-12
      1316.78  1.02264e-08  1.25513e-11
      1317.12  7.93820e-09  1.08892e-11
      1317.47  3.58007e-09  7.55079e-12
      1317.82  2.12012e-09  6.16785e-12
      1318.17  2.27243e-09  6.22366e-12
      1318.51  3.79540e-09  8.02820e-12
      1318.86  4.61140e-09  9.13956e-12
      1319.21  3.07649e-09  8.01606e-12
      1319.56  1.81104e-09  6.89496e-12
      1319.91  1.84865e-09  7.38304e-12
      1320.25  1.85971e-09  7.25456e-12
      1320.60  1.84668e-09  6.84299e-12
      1320.95  2.26484e-09  6.87658e-12
      1321.30  3.34260e-09  7.36241e-12
      1321.65  7.02615e-09  9.82524e-12
      1322.00  1.26896e-08  1.36118e-11
      1322.35  1.07848e-08  1.24021e-11
      1322.70  5.29981e-09  8.79014e-12
      1323.05  3.28900e-09  7.40647e-12
      1323.40  3.62725e-09  8.02126e-12
      1323.75  4.35782e-09  8.45068e-12
      1324.10  4.48794e-09  8.61427e-12
      1324.45  3.30567e-09  7.46912e-12
      1324.80  2.32382e-09  6.90991e-12
      