227
      1249.95  9.09772e-09  2.17517e-11
      1250.27  4.62334e-09  1.24603e-11
      1250.58  1.22151e-09  9.04926e-12
      1250.89  7.63196e-10  1.02369e-11
      1251.20  9.27904e-10  1.00530e-11
      1251.52  1.61538e-09  9.59922e-12
      1251.83  3.04099e-09  1.12403e-11
      1252.14  3.97247e-09  1.24680e-11
      1252.46  3.68401e-09  1.27502e-11
      1252.77  3.37923e-09  1.20773e-11
      1253.09  6.16626e-09  1.55397e-11
      1253.40  1.18563e-08  2.26181e-11
      1253.71  1.35202e-08  2.04844e-11
      1254.03  7.85693e-09  1.77589e-11
      1254.34  3.86665e-09  1.12861e-11
      1254.66  5.19347e-09  1.24377e-11
      1254.97  8.26186e-09  1.63853e-11
      1255.29  5.29818e-09  1.27747e-11
      1255.60  2.18334e-09  9.62610e-12
      1255.92  2.58098e-09  1.03307e-11
      1256.23  4.99364e-09  1.26585e-11
      1256.55  8.01330e-09  1.58025e-11
      1256.87  5.42588e-09  1.24354e-11
      1257.18  2.25091e-09  8.37074e-12
      1257.50  1.58545e-09  7.33213e-12
      1257.81  1.90694e-09  7.48225e-12
      1258.13  2.47103e-09  8.27918e-12
      1258.45  2.40631e-09  8.40339e-12
      1258.76  2.57065e-09  8.57838e-12
      1259.08  5.13881e-09  1.11058e-11
      1259.40  1.13381e-08  1.58350e-11
      1259.72  1.53402e-08  1.81743e-11
      1260.03  1.09154e-08  1.46641e-11
      1260.35  7.93162e-09  1.21191e-11
      1260.67  1.04307e-08  1.46095e-11
      1260.99  9.42264e-09  1.39913e-11
      1261.30  7.57225e-09  1.30280e-11
      1261.62  9.46005e-09  1.57585e-11
      1261.94  9.96106e-09  1.75276e-11
      1262.26  9.53311e-09  1.51851e-11
      1262.58  6.92702e-09  1.44127e-11
      1262.90  7.96768e-09  1.36029e-11
      1263.22  1.22652e-08  1.69768e-11
      1263.54  9.68013e-09  1.48129e-11
      1263.86  5.87408e-09  1.21441e-11
      1264.17  4.47037e-09  1.13756e-11
      1264.49  3.04216e-09  9.98872e-12
      1264.81  3.44222e-09  1.05215e-11
      1265.13  7.72897e-09  1.48480e-11
      1265.45  1.22876e-08  1.79916e-11
      1265.77  1.04899e-08  1.58189e-11
      1266.10  5.15469e-09  1.08265e-11
      1266.42  2.36739e-09  7.96895e-12
      1266.74  2.02591e-09  7.75747e-12
      1267.06  3.09067e-09  8.90571e-12
      1267.38  7.42514e-09  1.27661e-11
      1267.70  1.38289e-08  1.73399e-11
      1268.02  1.48039e-08  1.71781e-11
      1268.34  1.44752e-08  1.66705e-11
      1268.67  1.31794e-08  1.47048e-11
      1268.99  1.29876e-08  1.42789e-11
      1269.31  9.72051e-09  1.20308e-11
      1269.63  6.17244e-09  9.88554e-12
      1269.95  5.05211e-09  9.46841e-12
      1270.28  6.57334e-09  1.08176e-11
      1270.60  1.15778e-08  1.52286e-11
      1270.92  1.36021e-08  1.62530e-11
      1271.25  1.49424e-08  1.70705e-11
      1271.57  1.45391e-08  1.68762e-11
      1271.89  7.95868e-09  1.20936e-11
      1272.22  3.28026e-09  8.87786e-12
      1272.54  2.24877e-09  8.68509e-12
      1272.86  1.88589e-09  7.66776e-12
      1273.19  1.78726e-09  7.53806e-12
      1273.51  2.37424e-09  1.05605e-11
      1273.84  3.14345e-09  1.06254e-11
      1274.16  4.09167e-09  1.10046e-11
      1274.49  5.72296e-09  1.17317e-11
      1274.81  1.04186e-08  1.48002e-11
      1275.14  1.41876e-08  1.69639e-11
      1275.46  1.24691e-08  1.57976e-11
      1275.79  7.88343e-09  1.32334e-11
      1276.11  5.01763e-09  1.19925e-11
      1276.44  7.14330e-09  1.28869e-11
      1276.76  1.23508e-08  1.69042e-11
      1277.09  1.26587e-08  1.55192e-11
      1277.42  1.33313e-08  1.57160e-11
      1277.74  8.58636e-09  1.18309e-11
      1278.07  3.67416e-09  7.75682e-12
      1278.40  2.07322e-09  6.49338e-12
      1278.72  1.57000e-09  6.26628e-12
      1279.05  1.58863e-09  6.75679e-12
      1279.38  2.28714e-09  7.72275e-12
      1279.71  3.66008e-09  9.27434e-12
      1280.03  4.86867e-09  1.05303e-11
      1280.36  4.31060e-09  9.41692e-12
      1280.69  4.61819e-09  9.58788e-12
      1281.02  6.28279e-09  1.09795e-11
      1281.34  9.35924e-09  1.39614e-11
      1281.67  1.16897e-08  1.86938e-11
      1282.00  8.66098e-09  1.44662e-11
      1282.33  9.30533e-09  1.63887e-11
      1282.66  1.42787e-08  1.88723e-11
      1282.99  1.81683e-08  2.08702e-11
      1283.32  1.78160e-08  2.07517e-11
      1283.65  1.19100e-08  1.57810e-11
      1283.98  5.98392e-09  1.09515e-11
      1284.31  3.23419e-09  8.83334e-12
      1284.64  2.32658e-09  8.29984e-12
      1284.97  2.36922e-09  8.25200e-12
      1285.30  2.92639e-09  9.16864e-12
      1285.63  2.42249e-09  8.10039e-12
      1285.96  2.29626e-09  7.37337e-12
      1286.29  3.84470e-09  8.42969e-12
      1286.62  5.53402e-09  9.65961e-12
      1286.95  5.03461e-09  8.82541e-12
      1287.28  6.67582e-09  1.01221e-11
      1287.61  1.20791e-08  1.46032e-11
      1287.95  1.42676e-08  1.61954e-11
      1288.28  1.40647e-08  1.68786e-11
      1288.61  1.39884e-08  1.73357e-11
      1288.94  1.35173e-08  1.71555e-11
      1289.27  9.39966e-09  1.37536e-11
      1289.61  6.73606e-09  1.21609e-11
      1289.94  5.18620e-09  1.08721e-11
      1290.27  3.45499e-09  9.31534e-12
      1290.61  2.87036e-09  9.27174e-12
      1290.94  2.10328e-09  8.65491e-12
      1291.27  1.50731e-09  7.88588e-12
      1291.61  1.81866e-09  8.04331e-12
      1291.94  3.16862e-09  9.14789e-12
      1292.27  5.79171e-09  1.08547e-11
      1292.61  8.59515e-09  1.30800e-11
      1292.94  5.87919e-09  1.02384e-11
      1293.28  4.58627e-09  9.26378e-12
      1293.61  6.33261e-09  1.09319e-11
      1293.95  8.28817e-09  1.19574e-11
      1294.28  1.29758e-08  1.52643e-11
      1294.62  1.43146e-08  1.54543e-11
      1294.95  1.16835e-08  1.35523e-11
      1295.29  1.13245e-08  1.36076e-11
      1295.62  9.40796e-09  1.24989e-11
      1295.96  6.68095e-09  1.11282e-11
      1296.29  5.78443e-09  1.11721e-11
      1296.63  6.08502e-09  1.18953e-11
      1296.97  7.83297e-09  1.36210e-11
      1297.30  1.24907e-08  1.69841e-11
      1297.64  1.64615e-08  1.94147e-11
      1297.98  1.35541e-08  1.67464e-11
      1298.31  8.21567e-09  1.28980e-11
      1298.65  4.41274e-09  9.67157e-12
      1298.99  3.39154e-09  8.71117e-12
      1299.33  6.38448e-09  1.16715e-11
      1299.66  1.17142e-08  1.57360e-11
      1300.00  1.31859e-08  1.59600e-11
      1300.34  1.13264e-08  1.43335e-11
      1300.68  7.57967e-09  1.09633e-11
      1301.02  8.33232e-09  1.06613e-11
      1301.35  1.49542e-08  1.44740e-11
      1301.69  1.75518e-08  1.57878e-11
      1302.03  1.69512e-08  1.66591e-11
      1302.37  1.47396e-08  1.59338e-11
      1302.71  1.77161e-08  1.91503e-11
      1303.05  1.89999e-08  1.95395e-11
      1303.39  2.20787e-08  2.09242e-11
      1303.73  2.36204e-08  2.14779e-11
      1304.07  2.14461e-08  1.99958e-11
      1304.41  2.19203e-08  2.05054e-11
      1304.75  2.33309e-08  2.20374e-11
      1305.09  2.43187e-08  2.53375e-11
      1305.43  3.08189e-08  2.96007e-11
      1305.77  3.47382e-08  2.72754e-11
      1306.11  3.42186e-08  2.59196e-11
      1306.46  2.24291e-08  1.95489e-11
      1306.80  1.03338e-08  1.25095e-11
      1307.14  5.17734e-09  8.98459e-12
      1307.48  3.45893e-09  7.80525e-12
      1307.82  2.72966e-09  7.39601e-12
      1308.16  2.73039e-09  8.51056e-12
      1308.51  3.51846e-09  1.08132e-11
      1308.85  3.13103e-09  1.14263e-11
      1309.19  2.25154e-09  9.77587e-12
      1309.53  2.02084e-09  8.54048e-12
      1309.88  1.96952e-09  7.22214e-12
      1310.22  1.99688e-09  8.52005e-12
      1310.56  2.45830e-09  8.69789e-12
      1310.91  4.83992e-09  1.09175e-11
      1311.25  8.95460e-09  1.49198e-11
      1311.60  8.66660e-09  1.45171e-11
      1311.94  4.83070e-09  1.06600e-11
      1312.28  2.35625e-09  7.98664e-12
      1312.63  1.53202e-09  6.67807e-12
      1312.97  1.31840e-09  5.90363e-12
      1313.32  1.98304e-09  6.51513e-12
      1313.66  3.47333e-09  8.41782e-12
      1314.01  2.70598e-09  7.70985e-12
      1314.35  1.41986e-09  6.76292e-12
      1314.70  1.04865e-09  6.16805e-12
      1315.05  1.09117e-09  6.93577e-12
      1315.39  1.30249e-09  7.19401e-12
      1315.74  1.66375e-09  7.42275e-12
      1316.08  2.72381e-09  8.45649e-12
      1316.43  5.98769e-09  1.16061e-11
      1316.78  1.04058e-08  1.61251e-11
      1317.12  7.76501e-09  1.40702e-11
      1317.47  3.30617e-09  9.63932e-12
      1317.82  1.83774e-09  7.68603e-12
      1318.17  1.98255e-09  7.28299e-12
      1318.51  3.57474e-09  8.79899e-12
      1318.86  4.41841e-09  9.31775e-12
      1319.21  2.84300e-09  7.53150e-12
      1319.56  1.56830e-09  6.25795e-12
      1319.91  1.62744e-09  6.64036e-12
      1320.25  1.64122e-09  6.83014e-12
      1320.60  1.65272e-09  6.78675e-12
      1320.95  2.10225e-09  7.34865e-12
      1321.30  3.25110e-09  8.31083e-12
      1321.65  7.25968e-09  1.17329e-11
      1322.00  1.28666e-08  1.64462e-11
      1322.35  1.06480e-08  1.54234e-11
      1322.70  5.11010e-09  1.12503e-11
      1323.05  3.09796e-09  9.56502e-12
      1323.40  3.45692e-09  9.95662e-12
      1323.75  4.10538e-09  1.01521e-11
      1324.10  4.16934e-09  9.87750e-12
      1324.45  2.99333e-09  7.91206e-12
      1324.80  2.09734e-09  6.77613e-12
      