227
      1249.95  1.06229e-08  1.90185e-11
      1250.27  4.93906e-09  1.37535e-11
      1250.58  1.52663e-09  9.68414e-12
      1250.89  1.03618e-09  9.00791e-12
      1251.20  1.32979e-09  1.04396e-11
      1251.52  2.56592e-09  9.97786e-12
      1251.83  4.91172e-09  1.29469e-11
      1252.14  5.88319e-09  1.23475e-11
      1252.46  5.54072e-09  1.34343e-11
      1252.77  5.19252e-09  1.19625e-11
      1253.09  8.98978e-09  1.51573e-11
      1253.40  1.70711e-08  2.06871e-11
      1253.71  2.05863e-08  2.26541e-11
      1254.03  1.24520e-08  1.68299e-11
      1254.34  6.12270e-09  1.16229e-11
      1254.66  7.96204e-09  1.28978e-11
      1254.97  1.19124e-08  1.60977e-11
      1255.29  7.78172e-09  1.32080e-11
      1255.60  3.55276e-09  9.94621e-12
      1255.92  4.00855e-09  1.13091e-11
      1256.23  7.19050e-09  1.44926e-11
      1256.55  1.15496e-08  1.87991e-11
      1256.87  7.68682e-09  1.49198e-11
      1257.18  3.38007e-09  1.04696e-11
      1257.50  2.48009e-09  9.25023e-12
      1257.81  2.93015e-09  9.89644e-12
      1258.13  3.73817e-09  1.13458e-11
      1258.45  3.68530e-09  1.15716e-11
      1258.76  4.01905e-09  1.22056e-11
      1259.08  7.53849e-09  1.60016e-11
      1259.40  1.53624e-08  2.27472e-11
      1259.72  2.02790e-08  2.65096e-11
      1260.03  1.49521e-08  2.24122e-11
      1260.35  1.11035e-08  1.76817e-11
      1260.67  1.39626e-08  1.95993e-11
      1260.99  1.27120e-08  1.86444e-11
      1261.30  1.04742e-08  1.67796e-11
      1261.62  1.29873e-08  1.97360e-11
      1261.94  1.35439e-08  1.94567e-11
      1262.26  1.38836e-08  1.99353e-11
      1262.58  9.78627e-09  1.56377e-11
      1262.90  1.07468e-08  1.51324e-11
      1263.22  1.69018e-08  1.88680e-11
      1263.54  1.33235e-08  1.56679e-11
      1263.86  8.25196e-09  1.24125e-11
      1264.17  6.51969e-09  1.14697e-11
      1264.49  4.67663e-09  9.95532e-12
      1264.81  5.32334e-09  1.04767e-11
      1265.13  1.09530e-08  1.44803e-11
      1265.45  1.67180e-08  1.74256e-11
      1265.77  1.45548e-08  1.55196e-11
      1266.10  7.69833e-09  1.10015e-11
      1266.42  3.92263e-09  8.32164e-12
      1266.74  3.39530e-09  8.25615e-12
      1267.06  4.81366e-09  9.77912e-12
      1267.38  1.05544e-08  1.44588e-11
      1267.70  1.89426e-08  2.06506e-11
      1268.02  1.99622e-08  2.08950e-11
      1268.34  1.98186e-08  2.12629e-11
      1268.67  1.77903e-08  1.93675e-11
      1268.99  1.79016e-08  1.97183e-11
      1269.31  1.34019e-08  1.69008e-11
      1269.63  8.75129e-09  1.41263e-11
      1269.95  7.35570e-09  1.38307e-11
      1270.28  9.14667e-09  1.57975e-11
      1270.60  1.53477e-08  2.29525e-11
      1270.92  1.81698e-08  2.37122e-11
      1271.25  1.96128e-08  2.30814e-11
      1271.57  1.88206e-08  2.17435e-11
      1271.89  1.10089e-08  1.55373e-11
      1272.22  4.77311e-09  1.02889e-11
      1272.54  2.87981e-09  8.69773e-12
      1272.86  2.32013e-09  8.22842e-12
      1273.19  2.19781e-09  8.06392e-12
      1273.51  2.80056e-09  8.80962e-12
      1273.84  4.48165e-09  1.03548e-11
      1274.16  5.93995e-09  1.11419e-11
      1274.49  8.02085e-09  1.13877e-11
      1274.81  1.44256e-08  1.44821e-11
      1275.14  1.95962e-08  1.65984e-11
      1275.46  1.73411e-08  1.55722e-11
      1275.79  1.12634e-08  1.30459e-11
      1276.11  7.42703e-09  1.12815e-11
      1276.44  1.01229e-08  1.36388e-11
      1276.76  1.72983e-08  1.90090e-11
      1277.09  1.74592e-08  1.82573e-11
      1277.42  1.78572e-08  1.91187e-11
      1277.74  1.19786e-08  1.51827e-11
      1278.07  5.42159e-09  1.05112e-11
      1278.40  3.21469e-09  9.18216e-12
      1278.72  2.49663e-09  9.00631e-12
      1279.05  2.51034e-09  9.45385e-12
      1279.38  3.41301e-09  1.13756e-11
      1279.71  5.24007e-09  1.40846e-11
      1280.03  6.72281e-09  1.46720e-11
      1280.36  6.08373e-09  1.26471e-11
      1280.69  6.49350e-09  1.22709e-11
      1281.02  8.64704e-09  1.33786e-11
      1281.34  1.28081e-08  1.59985e-11
      1281.67  1.52343e-08  1.78150e-11
      1282.00  1.16719e-08  1.51604e-11
      1282.33  1.24099e-08  1.54356e-11
      1282.66  1.92947e-08  1.89871e-11
      1282.99  2.42808e-08  2.03969e-11
      1283.32  2.39598e-08  1.92676e-11
      1283.65  1.64213e-08  1.51917e-11
      1283.98  8.50366e-09  1.09689e-11
      1284.31  4.91656e-09  8.95559e-12
      1284.64  3.71922e-09  8.54595e-12
      1284.97  3.74269e-09  9.19137e-12
      1285.30  4.42911e-09  1.06797e-11
      1285.63  3.74439e-09  1.00202e-11
      1285.96  3.53650e-09  9.67578e-12
      1286.29  5.53313e-09  1.14882e-11
      1286.62  7.61484e-09  1.32646e-11
      1286.95  7.19149e-09  1.28146e-11
      1287.28  9.25201e-09  1.51807e-11
      1287.61  1.58644e-08  2.18154e-11
      1287.95  1.86427e-08  2.28687e-11
      1288.28  1.85286e-08  2.23701e-11
      1288.61  1.85141e-08  2.17180e-11
      1288.94  1.80243e-08  2.07772e-11
      1289.27  1.26582e-08  1.59736e-11
      1289.61  9.49618e-09  1.35110e-11
      1289.94  7.37827e-09  1.16220e-11
      1290.27  4.96706e-09  9.52925e-12
      1290.61  4.30911e-09  9.35308e-12
      1290.94  3.16779e-09  8.32471e-12
      1291.27  2.33368e-09  7.38432e-12
      1291.61  2.81770e-09  7.78283e-12
      1291.94  4.85646e-09  9.43364e-12
      1292.27  8.43213e-09  1.14554e-11
      1292.61  1.20597e-08  1.42914e-11
      1292.94  8.44377e-09  1.19156e-11
      1293.28  6.61493e-09  1.16105e-11
      1293.61  8.96206e-09  1.43553e-11
      1293.95  1.16772e-08  1.67098e-11
      1294.28  1.72075e-08  2.11003e-11
      1294.62  1.90687e-08  2.22122e-11
      1294.95  1.61211e-08  2.01273e-11
      1295.29  1.51156e-08  1.92493e-11
      1295.62  1.27373e-08  1.68341e-11
      1295.96  9.35841e-09  1.42613e-11
      1296.29  8.16149e-09  1.36752e-11
      1296.63  8.57072e-09  1.38058e-11
      1296.97  1.08065e-08  1.48069e-11
      1297.30  1.67631e-08  1.76346e-11
      1297.64  2.19329e-08  1.92185e-11
      1297.98  1.82988e-08  1.64272e-11
      1298.31  1.15515e-08  1.26968e-11
      1298.65  6.42495e-09  9.60200e-12
      1298.99  5.07489e-09  8.86225e-12
      1299.33  9.12933e-09  1.23581e-11
      1299.66  1.64583e-08  1.77240e-11
      1300.00  1.79926e-08  1.87972e-11
      1300.34  1.56157e-08  1.81257e-11
      1300.68  1.04005e-08  1.44570e-11
      1301.02  1.11199e-08  1.47479e-11
      1301.35  1.99972e-08  2.10490e-11
      1301.69  2.32235e-08  2.33134e-11
      1302.03  2.19458e-08  2.35003e-11
      1302.37  1.92139e-08  2.14064e-11
      1302.71  2.24327e-08  2.33340e-11
      1303.05  2.46494e-08  2.33204e-11
      1303.39  2.80109e-08  2.35753e-11
      1303.73  2.99108e-08  2.27210e-11
      1304.07  2.78622e-08  2.05482e-11
      1304.41  2.84456e-08  2.01225e-11
      1304.75  3.02297e-08  2.06423e-11
      1305.09  3.19299e-08  2.14392e-11
      1305.43  3.76081e-08  2.38449e-11
      1305.77  4.41353e-08  2.65705e-11
      1306.11  4.31179e-08  2.68567e-11
      1306.46  2.88348e-08  2.16619e-11
      1306.80  1.41842e-08  1.53341e-11
      1307.14  7.53192e-09  1.20187e-11
      1307.48  5.11672e-09  1.09005e-11
      1307.82  4.07150e-09  1.04576e-11
      1308.16  4.10880e-09  1.15508e-11
      1308.51  4.80299e-09  1.35316e-11
      1308.85  3.76117e-09  1.09498e-11
      1309.19  2.69083e-09  8.99795e-12
      1309.53  2.44353e-09  8.14326e-12
      1309.88  2.40725e-09  7.69259e-12
      1310.22  2.62301e-09  7.78905e-12
      1310.56  3.50936e-09  8.35539e-12
      1310.91  6.64677e-09  1.05862e-11
      1311.25  1.24921e-08  1.48038e-11
      1311.60  1.21740e-08  1.44432e-11
      1311.94  6.91959e-09  1.10037e-11
      1312.28  3.57419e-09  8.35281e-12
      1312.63  2.42602e-09  7.39182e-12
      1312.97  2.07854e-09  7.13823e-12
      1313.32  2.94725e-09  8.51167e-12
      1313.66  4.92904e-09  1.15307e-11
      1314.01  4.00435e-09  1.11026e-11
      1314.35  2.21789e-09  9.72671e-12
      1314.70  1.65486e-09  1.11587e-11
      1315.05  1.62658e-09  9.09005e-12
      1315.39  1.88934e-09  8.32569e-12
      1315.74  2.48666e-09  8.05262e-12
      1316.08  4.04399e-09  9.32744e-12
      1316.43  8.36385e-09  1.24232e-11
      1316.78  1.35164e-08  1.60630e-11
      1317.12  1.05372e-08  1.39137e-11
      1317.47  4.95680e-09  9.62024e-12
      1317.82  2.90068e-09  7.65847e-12
      1318.17  3.16858e-09  7.62790e-12
      1318.51  5.32666e-09  1.00329e-11
      1318.86  6.36315e-09  1.10921e-11
      1319.21  4.17441e-09  9.64142e-12
      1319.56  2.43203e-09  8.48810e-12
      1319.91  2.47739e-09  9.43090e-12
      1320.25  2.49390e-09  1.10266e-11
      1320.60  2.36824e-09  1.37185e-11
      1320.95  3.19802e-09  9.37171e-12
      1321.30  5.09922e-09  1.32708e-11
      1321.65  9.61569e-09  1.35518e-11
      1322.00  1.69956e-08  1.79359e-11
      1322.35  1.40131e-08  1.58141e-11
      1322.70  7.08794e-09  1.12961e-11
      1323.05  4.50823e-09  9.76973e-12
      1323.40  5.13340e-09  1.00979e-11
      1323.75  6.19088e-09  1.03770e-11
      1324.10  6.46155e-09  1.07105e-11
      1324.45  4.49974e-09  9.10983e-12
      1324.80  3.18565e-09  8.66935e-12
      