227
      1249.95  8.02277e-09  1.42965e-11
      1250.27  4.02918e-09  1.05062e-11
      1250.58  1.58984e-09  7.52219e-12
      1250.89  1.22232e-09  6.69139e-12
      1251.20  1.47225e-09  6.34892e-12
      1251.52  2.12916e-09  6.75010e-12
      1251.83  3.54624e-09  8.20978e-12
      1252.14  4.47703e-09  9.19522e-12
      1252.46  4.23037e-09  9.15728e-12
      1252.77  3.86354e-09  8.84704e-12
      1253.09  6.46246e-09  1.09094e-11
      1253.40  1.25201e-08  1.45156e-11
      1253.71  1.55938e-08  1.58283e-11
      1254.03  9.36441e-09  1.16071e-11
      1254.34  4.47524e-09  7.80205e-12
      1254.66  5.68251e-09  8.69418e-12
      1254.97  8.75329e-09  1.14187e-11
      1255.29  5.99255e-09  9.61345e-12
      1255.60  2.81843e-09  7.29936e-12
      1255.92  3.09242e-09  7.81224e-12
      1256.23  5.31227e-09  9.63862e-12
      1256.55  8.23374e-09  1.20164e-11
      1256.87  5.89129e-09  9.60812e-12
      1257.18  2.78203e-09  6.73844e-12
      1257.50  2.10233e-09  6.26444e-12
      1257.81  2.38965e-09  6.77891e-12
      1258.13  2.89121e-09  7.53060e-12
      1258.45  2.84330e-09  7.84212e-12
      1258.76  2.96167e-09  8.11771e-12
      1259.08  5.22853e-09  9.99481e-12
      1259.40  1.10719e-08  1.40822e-11
      1259.72  1.52095e-08  1.62318e-11
      1260.03  1.09597e-08  1.31062e-11
      1260.35  7.83295e-09  1.07785e-11
      1260.67  1.05325e-08  1.32943e-11
      1260.99  9.57262e-09  1.28268e-11
      1261.30  7.51351e-09  1.15221e-11
      1261.62  9.44412e-09  1.41396e-11
      1261.94  1.00151e-08  1.40158e-11
      1262.26  1.02892e-08  1.61719e-11
      1262.58  6.53784e-09  1.09905e-11
      1262.90  8.01315e-09  1.02302e-11
      1263.22  1.22329e-08  1.26931e-11
      1263.54  1.01433e-08  1.13313e-11
      1263.86  6.28949e-09  8.99941e-12
      1264.17  4.86104e-09  8.29592e-12
      1264.49  3.60446e-09  7.27294e-12
      1264.81  4.00754e-09  7.41781e-12
      1265.13  8.02303e-09  9.80664e-12
      1265.45  1.23377e-08  1.17527e-11
      1265.77  1.08484e-08  1.06225e-11
      1266.10  5.80622e-09  7.61331e-12
      1266.42  3.02438e-09  5.89031e-12
      1266.74  2.60213e-09  5.77701e-12
      1267.06  3.40421e-09  6.80646e-12
      1267.38  6.49516e-09  1.11345e-11
      1267.70  1.40276e-08  1.92134e-11
      1268.02  1.45037e-08  1.43788e-11
      1268.34  1.46694e-08  1.36344e-11
      1268.67  1.28991e-08  1.21161e-11
      1268.99  1.29672e-08  1.26989e-11
      1269.31  9.85351e-09  1.12297e-11
      1269.63  6.29521e-09  9.42163e-12
      1269.95  5.26661e-09  9.11637e-12
      1270.28  6.65458e-09  1.03654e-11
      1270.60  1.12036e-08  1.37505e-11
      1270.92  1.34346e-08  1.42495e-11
      1271.25  1.45691e-08  1.42362e-11
      1271.57  1.41339e-08  1.38637e-11
      1271.89  8.44458e-09  1.02781e-11
      1272.22  3.74040e-09  6.95442e-12
      1272.54  2.34746e-09  5.99037e-12
      1272.86  1.97513e-09  5.92737e-12
      1273.19  1.89211e-09  5.92062e-12
      1273.51  2.29255e-09  6.15092e-12
      1273.84  3.44020e-09  6.84014e-12
      1274.16  4.45650e-09  7.19250e-12
      1274.49  5.92812e-09  7.52347e-12
      1274.81  1.05746e-08  9.96068e-12
      1275.14  1.44885e-08  1.19041e-11
      1275.46  1.28856e-08  1.13638e-11
      1275.79  8.33795e-09  9.46672e-12
      1276.11  5.39169e-09  7.96852e-12
      1276.44  7.27284e-09  9.21545e-12
      1276.76  1.27136e-08  1.25555e-11
      1277.09  1.27535e-08  1.16696e-11
      1277.42  1.34036e-08  1.25231e-11
      1277.74  8.94339e-09  9.96027e-12
      1278.07  4.04320e-09  7.08859e-12
      1278.40  2.60983e-09  6.95786e-12
      1278.72  1.98285e-09  6.82755e-12
      1279.05  2.00852e-09  6.41329e-12
      1279.38  2.63247e-09  7.02437e-12
      1279.71  3.89343e-09  8.06427e-12
      1280.03  5.05941e-09  8.79207e-12
      1280.36  4.60353e-09  7.75103e-12
      1280.69  4.81953e-09  7.97758e-12
      1281.02  6.36706e-09  9.01795e-12
      1281.34  9.37262e-09  1.11224e-11
      1281.67  1.13253e-08  1.32368e-11
      1282.00  8.79223e-09  1.14011e-11
      1282.33  9.21685e-09  1.06037e-11
      1282.66  1.42303e-08  1.26792e-11
      1282.99  1.82010e-08  1.35695e-11
      1283.32  1.80468e-08  1.30598e-11
      1283.65  1.25163e-08  1.07627e-11
      1283.98  6.53090e-09  7.91508e-12
      1284.31  3.74427e-09  6.49124e-12
      1284.64  2.85369e-09  6.23283e-12
      1284.97  2.84832e-09  6.52538e-12
      1285.30  3.33204e-09  7.16302e-12
      1285.63  2.85540e-09  6.54938e-12
      1285.96  2.67097e-09  6.26085e-12
      1286.29  4.05872e-09  7.25174e-12
      1286.62  5.68960e-09  8.90427e-12
      1286.95  5.16773e-09  8.50584e-12
      1287.28  6.50898e-09  9.61229e-12
      1287.61  1.18579e-08  1.38717e-11
      1287.95  1.39310e-08  1.48069e-11
      1288.28  1.38137e-08  1.45068e-11
      1288.61  1.36947e-08  1.36126e-11
      1288.94  1.37494e-08  1.33989e-11
      1289.27  9.57547e-09  1.04535e-11
      1289.61  6.96236e-09  8.91799e-12
      1289.94  5.57741e-09  8.13216e-12
      1290.27  3.81898e-09  6.88406e-12
      1290.61  3.30360e-09  6.76903e-12
      1290.94  2.57800e-09  6.09298e-12
      1291.27  1.97859e-09  5.27841e-12
      1291.61  2.27442e-09  5.29518e-12
      1291.94  3.58292e-09  6.17476e-12
      1292.27  6.10001e-09  7.87993e-12
      1292.61  8.64446e-09  9.79057e-12
      1292.94  6.41960e-09  8.57758e-12
      1293.28  4.87326e-09  8.08130e-12
      1293.61  6.32779e-09  9.79118e-12
      1293.95  8.26474e-09  1.09172e-11
      1294.28  1.24112e-08  1.34613e-11
      1294.62  1.38885e-08  1.47258e-11
      1294.95  1.15295e-08  1.27770e-11
      1295.29  1.11019e-08  1.19748e-11
      1295.62  9.43200e-09  1.12425e-11
      1295.96  6.87663e-09  9.63796e-12
      1296.29  5.96232e-09  9.15053e-12
      1296.63  6.22295e-09  9.22736e-12
      1296.97  7.81398e-09  9.78484e-12
      1297.30  1.23773e-08  1.16095e-11
      1297.64  1.65786e-08  1.29016e-11
      1297.98  1.38516e-08  1.14008e-11
      1298.31  8.61544e-09  8.88177e-12
      1298.65  4.80851e-09  6.90108e-12
      1298.99  3.69524e-09  6.51421e-12
      1299.33  6.51351e-09  8.70295e-12
      1299.66  1.19129e-08  1.23535e-11
      1300.00  1.32515e-08  1.27915e-11
      1300.34  1.14555e-08  1.19578e-11
      1300.68  7.65162e-09  9.45288e-12
      1301.02  7.95599e-09  9.59984e-12
      1301.35  1.45050e-08  1.41444e-11
      1301.69  1.71374e-08  1.52148e-11
      1302.03  1.66865e-08  1.56001e-11
      1302.37  1.44003e-08  1.40691e-11
      1302.71  1.71652e-08  1.54801e-11
      1303.05  1.86941e-08  1.51331e-11
      1303.39  2.16017e-08  1.55520e-11
      1303.73  2.34320e-08  1.55442e-11
      1304.07  2.14138e-08  1.42204e-11
      1304.41  2.17798e-08  1.44601e-11
      1304.75  2.33025e-08  1.52356e-11
      1305.09  2.44287e-08  1.56184e-11
      1305.43  2.91847e-08  1.74571e-11
      1305.77  3.48657e-08  1.91438e-11
      1306.11  3.47913e-08  1.90592e-11
      1306.46  2.30194e-08  1.53164e-11
      1306.80  1.06852e-08  1.05387e-11
      1307.14  5.44156e-09  8.13030e-12
      1307.48  3.71612e-09  7.49597e-12
      1307.82  2.97319e-09  7.20545e-12
      1308.16  3.00642e-09  7.35894e-12
      1308.51  3.50596e-09  7.84855e-12
      1308.85  2.93509e-09  6.91100e-12
      1309.19  2.14775e-09  5.70934e-12
      1309.53  1.96947e-09  5.30186e-12
      1309.88  1.94613e-09  5.19993e-12
      1310.22  2.10384e-09  5.36460e-12
      1310.56  2.73077e-09  5.95094e-12
      1310.91  4.99774e-09  7.61171e-12
      1311.25  9.00274e-09  1.02726e-11
      1311.60  9.05318e-09  1.00642e-11
      1311.94  5.37837e-09  7.56805e-12
      1312.28  2.82934e-09  5.68196e-12
      1312.63  1.95028e-09  5.17978e-12
      1312.97  1.71180e-09  5.09736e-12
      1313.32  2.29266e-09  6.09461e-12
      1313.66  3.54239e-09  7.90578e-12
      1314.01  3.03112e-09  7.54317e-12
      1314.35  1.83000e-09  6.30644e-12
      1314.70  1.42247e-09  5.49429e-12
      1315.05  1.40636e-09  5.20264e-12
      1315.39  1.57597e-09  5.14121e-12
      1315.74  1.96979e-09  5.50899e-12
      1316.08  2.97420e-09  6.31215e-12
      1316.43  6.10598e-09  8.41029e-12
      1316.78  1.02547e-08  1.11686e-11
      1317.12  8.04043e-09  9.65799e-12
      1317.47  3.86922e-09  6.67634e-12
      1317.82  2.28213e-09  5.31572e-12
      1318.17  2.34860e-09  5.34952e-12
      1318.51  3.86315e-09  6.84628e-12
      1318.86  4.69844e-09  7.90097e-12
      1319.21  3.21621e-09  7.14347e-12
      1319.56  2.13201e-09  7.11960e-12
      1319.91  2.01415e-09  7.70037e-12
      1320.25  1.93451e-09  6.42429e-12
      1320.60  1.92701e-09  6.11144e-12
      1320.95  2.32691e-09  6.22269e-12
      1321.30  3.29269e-09  6.60087e-12
      1321.65  6.84900e-09  8.66271e-12
      1322.00  1.31649e-08  1.25198e-11
      1322.35  1.09837e-08  1.11173e-11
      1322.70  5.37486e-09  7.89837e-12
      1323.05  3.34920e-09  6.47199e-12
      1323.40  3.74907e-09  6.82642e-12
      1323.75  4.42682e-09  7.23220e-12
      1324.10  4.63437e-09  7.44574e-12
      1324.45  3.34066e-09  6.31015e-12
      1324.80  2.40437e-09  5.88168e-12
      