227
      1249.95  8.06871e-09  1.26865e-11
      1250.27  4.00311e-09  9.20770e-12
      1250.58  1.57261e-09  6.59924e-12
      1250.89  1.22569e-09  5.85374e-12
      1251.20  1.48770e-09  5.56728e-12
      1251.52  2.15929e-09  5.98334e-12
      1251.83  3.56026e-09  7.34448e-12
      1252.14  4.47303e-09  8.25765e-12
      1252.46  4.23254e-09  8.22252e-12
      1252.77  3.90001e-09  8.03350e-12
      1253.09  6.55348e-09  1.00372e-11
      1253.40  1.25377e-08  1.32751e-11
      1253.71  1.54691e-08  1.44991e-11
      1254.03  9.37993e-09  1.05542e-11
      1254.34  4.53618e-09  7.18718e-12
      1254.66  5.77456e-09  8.06376e-12
      1254.97  8.76023e-09  1.04418e-11
      1255.29  5.94377e-09  8.68241e-12
      1255.60  2.82992e-09  6.53813e-12
      1255.92  3.10632e-09  7.13913e-12
      1256.23  5.35452e-09  8.66771e-12
      1256.55  8.34772e-09  1.08170e-11
      1256.87  5.85776e-09  8.54719e-12
      1257.18  2.77891e-09  5.99472e-12
      1257.50  2.11326e-09  5.49992e-12
      1257.81  2.39187e-09  6.02522e-12
      1258.13  2.90737e-09  6.80160e-12
      1258.45  2.84794e-09  6.99159e-12
      1258.76  2.96946e-09  7.11171e-12
      1259.08  5.28322e-09  8.83114e-12
      1259.40  1.11634e-08  1.23677e-11
      1259.72  1.52426e-08  1.42196e-11
      1260.03  1.09689e-08  1.13452e-11
      1260.35  7.91515e-09  9.42155e-12
      1260.67  1.04591e-08  1.17084e-11
      1260.99  9.55976e-09  1.13578e-11
      1261.30  7.63392e-09  1.00340e-11
      1261.62  9.57518e-09  1.17976e-11
      1261.94  1.01407e-08  1.16328e-11
      1262.26  1.01956e-08  1.16228e-11
      1262.58  7.59550e-09  9.26363e-12
      1262.90  8.15521e-09  9.11328e-12
      1263.22  1.23124e-08  1.14142e-11
      1263.54  1.01087e-08  1.01915e-11
      1263.86  6.30941e-09  8.19780e-12
      1264.17  4.89133e-09  7.70514e-12
      1264.49  3.60348e-09  6.71331e-12
      1264.81  4.01831e-09  6.77778e-12
      1265.13  8.09469e-09  8.93662e-12
      1265.45  1.24907e-08  1.07651e-11
      1265.77  1.08898e-08  9.71100e-12
      1266.10  5.72763e-09  6.87873e-12
      1266.42  2.97352e-09  5.31950e-12
      1266.74  2.59152e-09  5.32026e-12
      1267.06  3.36552e-09  6.26745e-12
      1267.38  4.73516e-09  9.79601e-12
      1267.70  1.20672e-08  1.51163e-11
      1268.02  1.42335e-08  1.40131e-11
      1268.34  1.45353e-08  1.21175e-11
      1268.67  1.30121e-08  1.08124e-11
      1268.99  1.28978e-08  1.11990e-11
      1269.31  9.85873e-09  9.99797e-12
      1269.63  6.30864e-09  8.38892e-12
      1269.95  5.28809e-09  8.15973e-12
      1270.28  6.75801e-09  9.16473e-12
      1270.60  1.12333e-08  1.20094e-11
      1270.92  1.34654e-08  1.26018e-11
      1271.25  1.46518e-08  1.25733e-11
      1271.57  1.41326e-08  1.22180e-11
      1271.89  8.37804e-09  9.08484e-12
      1272.22  3.74575e-09  6.23924e-12
      1272.54  2.35574e-09  5.51303e-12
      1272.86  1.97160e-09  5.28888e-12
      1273.19  1.89107e-09  5.24918e-12
      1273.51  2.29655e-09  5.40125e-12
      1273.84  3.47724e-09  6.23378e-12
      1274.16  4.47983e-09  6.51641e-12
      1274.49  5.86694e-09  6.77110e-12
      1274.81  1.06331e-08  9.16469e-12
      1275.14  1.46831e-08  1.10972e-11
      1275.46  1.29993e-08  1.06103e-11
      1275.79  8.32099e-09  8.75726e-12
      1276.11  5.36021e-09  7.29785e-12
      1276.44  6.74958e-09  8.78027e-12
      1276.76  1.15090e-08  1.09798e-11
      1277.09  1.27386e-08  1.11672e-11
      1277.42  1.31971e-08  1.10693e-11
      1277.74  9.00486e-09  8.98258e-12
      1278.07  4.10731e-09  6.41378e-12
      1278.40  2.52897e-09  5.70206e-12
      1278.72  2.02960e-09  5.56296e-12
      1279.05  2.02741e-09  5.74734e-12
      1279.38  2.64505e-09  6.32225e-12
      1279.71  3.91138e-09  7.22064e-12
      1280.03  5.02930e-09  7.70391e-12
      1280.36  4.61768e-09  6.93948e-12
      1280.69  4.85514e-09  7.07882e-12
      1281.02  6.39636e-09  8.11265e-12
      1281.34  9.42829e-09  1.02186e-11
      1281.67  1.15039e-08  1.42243e-11
      1282.00  7.88829e-09  1.14353e-11
      1282.33  9.22265e-09  9.62204e-12
      1282.66  1.42821e-08  1.14085e-11
      1282.99  1.82774e-08  1.23302e-11
      1283.32  1.82207e-08  1.19695e-11
      1283.65  1.25488e-08  9.87568e-12
      1283.98  6.49830e-09  7.33433e-12
      1284.31  3.74447e-09  6.08669e-12
      1284.64  2.84350e-09  5.71360e-12
      1284.97  2.82064e-09  5.80592e-12
      1285.30  3.37481e-09  6.54337e-12
      1285.63  2.86080e-09  5.76139e-12
      1285.96  2.63373e-09  5.31860e-12
      1286.29  4.04866e-09  6.40543e-12
      1286.62  5.71955e-09  7.92212e-12
      1286.95  5.25364e-09  7.66063e-12
      1287.28  6.56295e-09  8.67743e-12
      1287.61  1.17168e-08  1.22986e-11
      1287.95  1.39926e-08  1.31842e-11
      1288.28  1.38230e-08  1.26525e-11
      1288.61  1.37741e-08  1.19785e-11
      1288.94  1.35885e-08  1.15023e-11
      1289.27  9.76734e-09  9.35275e-12
      1289.61  7.01204e-09  8.04595e-12
      1289.94  5.60738e-09  7.46225e-12
      1290.27  3.88671e-09  7.50649e-12
      1290.61  3.29328e-09  6.15673e-12
      1290.94  2.59649e-09  5.50149e-12
      1291.27  2.01022e-09  4.80487e-12
      1291.61  2.29329e-09  4.76161e-12
      1291.94  3.56855e-09  5.60589e-12
      1292.27  6.10400e-09  7.12100e-12
      1292.61  8.69206e-09  9.10915e-12
      1292.94  6.41745e-09  7.98363e-12
      1293.28  4.90772e-09  7.38577e-12
      1293.61  6.34075e-09  8.72909e-12
      1293.95  8.15414e-09  9.46686e-12
      1294.28  1.24570e-08  1.18110e-11
      1294.62  1.39828e-08  1.21029e-11
      1294.95  1.15802e-08  1.04949e-11
      1295.29  1.12563e-08  1.07308e-11
      1295.62  9.53430e-09  9.97728e-12
      1295.96  6.87684e-09  8.60910e-12
      1296.29  5.94968e-09  8.16956e-12
      1296.63  6.20573e-09  8.28756e-12
      1296.97  7.68792e-09  8.56038e-12
      1297.30  1.22171e-08  1.01557e-11
      1297.64  1.68115e-08  1.17553e-11
      1297.98  1.41322e-08  1.03891e-11
      1298.31  8.71926e-09  8.31416e-12
      1298.65  4.87399e-09  6.51939e-12
      1298.99  3.67852e-09  5.93285e-12
      1299.33  6.37743e-09  7.88713e-12
      1299.66  1.17636e-08  1.09121e-11
      1300.00  1.33584e-08  1.14682e-11
      1300.34  1.15493e-08  1.08983e-11
      1300.68  7.82686e-09  8.90952e-12
      1301.02  8.03079e-09  8.70779e-12
      1301.35  1.40978e-08  1.21650e-11
      1301.69  1.71454e-08  1.37156e-11
      1302.03  1.66037e-08  1.37863e-11
      1302.37  1.47714e-08  1.27301e-11
      1302.71  1.69319e-08  1.34385e-11
      1303.05  1.88261e-08  1.33309e-11
      1303.39  2.15085e-08  1.35899e-11
      1303.73  2.33585e-08  1.37534e-11
      1304.07  2.16502e-08  1.29993e-11
      1304.41  2.18494e-08  1.32939e-11
      1304.75  2.32728e-08  1.40421e-11
      1305.09  2.44708e-08  1.44733e-11
      1305.43  2.91163e-08  1.58852e-11
      1305.77  3.48341e-08  1.72137e-11
      1306.11  3.51138e-08  1.73744e-11
      1306.46  2.36353e-08  1.41262e-11
      1306.80  1.11447e-08  9.72985e-12
      1307.14  5.61013e-09  7.45631e-12
      1307.48  3.77322e-09  6.76347e-12
      1307.82  3.00828e-09  6.35989e-12
      1308.16  2.98955e-09  6.34893e-12
      1308.51  3.59519e-09  6.84305e-12
      1308.85  2.98885e-09  5.98775e-12
      1309.19  2.14830e-09  4.93856e-12
      1309.53  1.98076e-09  4.70463e-12
      1309.88  1.96135e-09  4.66371e-12
      1310.22  2.08640e-09  4.82034e-12
      1310.56  2.63101e-09  5.36711e-12
      1310.91  4.30343e-09  7.24196e-12
      1311.25  9.72357e-09  1.09913e-11
      1311.60  9.28524e-09  9.29799e-12
      1311.94  5.54005e-09  6.92628e-12
      1312.28  2.88394e-09  5.18341e-12
      1312.63  1.97077e-09  4.66611e-12
      1312.97  1.70972e-09  4.68037e-12
      1313.32  2.22156e-09  5.47988e-12
      1313.66  3.53631e-09  7.18310e-12
      1314.01  3.11945e-09  6.78527e-12
      1314.35  1.86562e-09  5.30170e-12
      1314.70  1.43395e-09  4.61030e-12
      1315.05  1.39835e-09  4.40048e-12
      1315.39  1.55467e-09  4.48146e-12
      1315.74  1.93783e-09  4.77236e-12
      1316.08  2.88518e-09  5.53611e-12
      1316.43  5.86421e-09  7.48558e-12
      1316.78  1.02096e-08  1.01483e-11
      1317.12  8.35122e-09  8.99927e-12
      1317.47  4.00072e-09  6.22243e-12
      1317.82  2.31624e-09  4.80252e-12
      1318.17  2.30816e-09  4.69499e-12
      1318.51  3.76734e-09  6.08162e-12
      1318.86  4.75762e-09  7.35922e-12
      1319.21  3.83331e-09  8.06623e-12
      1319.56  2.40876e-09  5.73710e-12
      1319.91  2.02218e-09  6.94761e-12
      1320.25  1.95332e-09  5.58009e-12
      1320.60  1.92316e-09  5.16372e-12
      1320.95  2.29929e-09  5.24612e-12
      1321.30  3.22995e-09  5.73250e-12
      1321.65  6.54708e-09  7.57843e-12
      1322.00  1.29555e-08  1.12561e-11
      1322.35  1.13553e-08  1.04097e-11
      1322.70  5.61540e-09  7.40974e-12
      1323.05  3.40126e-09  5.90518e-12
      1323.40  3.71359e-09  6.11659e-12
      1323.75  4.41687e-09  6.41067e-12
      1324.10  4.67278e-09  6.67624e-12
      1324.45  3.46443e-09  5.88426e-12
      1324.80  2.47142e-09  5.87811e-12
      