227
      1249.95  8.06698e-09  1.29351e-11
      1250.27  3.97388e-09  9.20051e-12
      1250.58  1.55564e-09  6.56781e-12
      1250.89  1.22437e-09  5.85584e-12
      1251.20  1.49163e-09  5.68579e-12
      1251.52  2.15786e-09  6.04768e-12
      1251.83  3.57683e-09  7.54819e-12
      1252.14  4.48442e-09  8.47610e-12
      1252.46  4.22751e-09  8.51702e-12
      1252.77  3.92396e-09  8.37657e-12
      1253.09  6.60130e-09  1.06015e-11
      1253.40  1.25695e-08  1.41715e-11
      1253.71  1.53953e-08  1.56126e-11
      1254.03  9.32058e-09  1.15542e-11
      1254.34  4.53209e-09  7.98038e-12
      1254.66  5.79388e-09  9.11097e-12
      1254.97  8.74285e-09  1.19171e-11
      1255.29  5.92502e-09  1.00853e-11
      1255.60  2.83734e-09  7.66902e-12
      1255.92  3.10612e-09  8.40471e-12
      1256.23  5.37368e-09  1.04389e-11
      1256.55  8.36707e-09  1.31215e-11
      1256.87  5.83574e-09  1.03464e-11
      1257.18  2.77966e-09  7.15566e-12
      1257.50  2.11738e-09  6.71651e-12
      1257.81  2.40314e-09  7.28777e-12
      1258.13  2.91044e-09  8.22721e-12
      1258.45  2.85309e-09  8.34088e-12
      1258.76  2.97214e-09  8.38686e-12
      1259.08  5.28643e-09  1.03010e-11
      1259.40  1.11937e-08  1.41948e-11
      1259.72  1.52186e-08  1.59527e-11
      1260.03  1.09828e-08  1.26586e-11
      1260.35  7.96286e-09  1.04741e-11
      1260.67  1.04394e-08  1.26952e-11
      1260.99  9.54989e-09  1.22158e-11
      1261.30  7.67200e-09  1.08431e-11
      1261.62  9.56592e-09  1.23879e-11
      1261.94  1.01247e-08  1.20207e-11
      1262.26  1.01811e-08  1.18533e-11
      1262.58  7.58060e-09  9.41482e-12
      1262.90  8.18517e-09  9.25919e-12
      1263.22  1.23262e-08  1.15691e-11
      1263.54  1.00813e-08  1.03115e-11
      1263.86  6.30692e-09  8.39062e-12
      1264.17  4.89009e-09  8.03786e-12
      1264.49  3.59789e-09  7.02686e-12
      1264.81  4.03736e-09  7.17305e-12
      1265.13  8.12949e-09  9.64544e-12
      1265.45  1.25176e-08  1.17609e-11
      1265.77  1.08677e-08  1.07834e-11
      1266.10  5.70218e-09  7.79795e-12
      1266.42  2.97054e-09  6.15901e-12
      1266.74  2.59291e-09  6.26174e-12
      1267.06  3.37424e-09  7.37087e-12
      1267.38  5.11130e-09  1.12134e-11
      1267.70  1.20948e-08  1.64972e-11
      1268.02  1.42355e-08  1.68744e-11
      1268.34  1.45301e-08  1.48560e-11
      1268.67  1.29509e-08  1.31966e-11
      1268.99  1.28650e-08  1.31934e-11
      1269.31  9.83656e-09  1.15746e-11
      1269.63  6.33368e-09  9.61382e-12
      1269.95  5.30343e-09  9.21399e-12
      1270.28  6.76548e-09  1.01974e-11
      1270.60  1.12337e-08  1.31676e-11
      1270.92  1.34540e-08  1.35752e-11
      1271.25  1.46410e-08  1.33200e-11
      1271.57  1.41111e-08  1.27672e-11
      1271.89  8.33923e-09  9.36200e-12
      1272.22  3.73132e-09  6.41388e-12
      1272.54  2.36123e-09  5.60163e-12
      1272.86  1.97508e-09  5.33396e-12
      1273.19  1.89019e-09  5.35829e-12
      1273.51  2.29859e-09  5.51568e-12
      1273.84  3.48421e-09  6.41834e-12
      1274.16  4.48158e-09  6.79103e-12
      1274.49  5.86278e-09  7.21745e-12
      1274.81  1.06635e-08  1.00346e-11
      1275.14  1.46924e-08  1.24374e-11
      1275.46  1.29692e-08  1.20587e-11
      1275.79  8.28859e-09  1.01691e-11
      1276.11  5.36428e-09  8.67703e-12
      1276.44  6.57457e-09  1.07587e-11
      1276.76  1.06022e-08  1.25143e-11
      1277.09  1.26505e-08  1.39173e-11
      1277.42  1.31780e-08  1.34656e-11
      1277.74  9.00858e-09  1.07506e-11
      1278.07  4.11988e-09  7.64236e-12
      1278.40  2.53049e-09  6.70362e-12
      1278.72  2.04123e-09  6.43749e-12
      1279.05  2.03647e-09  6.81224e-12
      1279.38  2.64789e-09  6.94440e-12
      1279.71  3.91225e-09  7.65780e-12
      1280.03  5.03199e-09  8.16872e-12
      1280.36  4.61008e-09  7.34554e-12
      1280.69  4.85902e-09  7.39629e-12
      1281.02  6.40017e-09  8.31358e-12
      1281.34  9.43742e-09  1.03910e-11
      1281.67  1.15147e-08  1.43074e-11
      1282.00  7.90384e-09  1.16188e-11
      1282.33  9.23240e-09  1.00122e-11
      1282.66  1.43068e-08  1.20149e-11
      1282.99  1.82790e-08  1.32027e-11
      1283.32  1.82139e-08  1.31451e-11
      1283.65  1.25359e-08  1.11162e-11
      1283.98  6.47894e-09  8.45402e-12
      1284.31  3.73845e-09  7.26192e-12
      1284.64  2.84705e-09  6.81380e-12
      1284.97  2.82002e-09  7.02909e-12
      1285.30  3.37506e-09  7.84854e-12
      1285.63  2.85910e-09  6.86130e-12
      1285.96  2.63521e-09  6.23785e-12
      1286.29  4.04733e-09  7.47533e-12
      1286.62  5.71721e-09  8.99658e-12
      1286.95  5.26687e-09  8.55977e-12
      1287.28  6.56077e-09  9.54192e-12
      1287.61  1.16977e-08  1.31975e-11
      1287.95  1.39862e-08  1.38797e-11
      1288.28  1.38155e-08  1.30476e-11
      1288.61  1.37799e-08  1.22410e-11
      1288.94  1.35834e-08  1.15894e-11
      1289.27  9.79061e-09  9.43007e-12
      1289.61  7.02060e-09  8.15597e-12
      1289.94  5.62719e-09  7.73322e-12
      1290.27  3.89362e-09  7.75280e-12
      1290.61  3.29432e-09  6.63145e-12
      1290.94  2.59528e-09  6.07929e-12
      1291.27  2.00976e-09  5.38431e-12
      1291.61  2.28874e-09  5.53156e-12
      1291.94  3.55560e-09  6.68009e-12
      1292.27  6.08401e-09  8.64563e-12
      1292.61  8.69341e-09  1.11517e-11
      1292.94  6.42228e-09  9.64524e-12
      1293.28  4.89774e-09  8.90609e-12
      1293.61  6.32586e-09  1.01857e-11
      1293.95  8.14168e-09  1.09278e-11
      1294.28  1.24668e-08  1.32578e-11
      1294.62  1.40135e-08  1.33322e-11
      1294.95  1.16076e-08  1.13901e-11
      1295.29  1.12972e-08  1.14912e-11
      1295.62  9.56883e-09  1.05097e-11
      1295.96  6.89012e-09  8.89195e-12
      1296.29  5.95689e-09  8.32645e-12
      1296.63  6.19981e-09  8.42960e-12
      1296.97  7.64372e-09  8.84100e-12
      1297.30  1.21762e-08  1.06057e-11
      1297.64  1.68322e-08  1.26144e-11
      1297.98  1.41838e-08  1.15111e-11
      1298.31  8.73484e-09  9.42703e-12
      1298.65  4.90083e-09  7.64706e-12
      1298.99  3.68165e-09  7.00755e-12
      1299.33  6.34712e-09  9.41844e-12
      1299.66  1.16793e-08  1.30179e-11
      1300.00  1.33839e-08  1.37386e-11
      1300.34  1.19553e-08  1.42667e-11
      1300.68  7.19864e-09  9.89994e-12
      1301.02  7.99902e-09  9.80983e-12
      1301.35  1.39769e-08  1.33270e-11
      1301.69  1.71266e-08  1.47996e-11
      1302.03  1.65975e-08  1.45723e-11
      1302.37  1.48120e-08  1.30611e-11
      1302.71  1.68668e-08  1.34967e-11
      1303.05  1.88171e-08  1.33302e-11
      1303.39  2.14452e-08  1.37014e-11
      1303.73  2.33168e-08  1.41747e-11
      1304.07  2.16607e-08  1.37423e-11
      1304.41  2.18440e-08  1.45909e-11
      1304.75  2.32453e-08  1.58902e-11
      1305.09  2.44212e-08  1.68471e-11
      1305.43  2.90415e-08  1.89196e-11
      1305.77  3.47993e-08  2.06916e-11
      1306.11  3.51861e-08  2.10375e-11
      1306.46  2.38240e-08  1.71149e-11
      1306.80  1.12864e-08  1.17316e-11
      1307.14  5.66453e-09  8.87743e-12
      1307.48  3.79534e-09  7.72498e-12
      1307.82  3.02151e-09  7.16211e-12
      1308.16  2.98277e-09  6.95301e-12
      1308.51  3.59606e-09  7.25767e-12
      1308.85  2.99801e-09  6.21545e-12
      1309.19  2.15201e-09  5.00513e-12
      1309.53  1.98003e-09  4.71962e-12
      1309.88  1.95635e-09  4.77437e-12
      1310.22  2.07641e-09  5.04212e-12
      1310.56  2.60796e-09  5.75796e-12
      1310.91  4.31035e-09  7.50570e-12
      1311.25  9.58376e-09  1.18751e-11
      1311.60  9.36847e-09  1.08383e-11
      1311.94  5.58215e-09  8.26211e-12
      1312.28  2.88945e-09  6.21122e-12
      1312.63  1.97390e-09  5.55559e-12
      1312.97  1.71482e-09  5.50445e-12
      1313.32  2.19313e-09  6.18705e-12
      1313.66  3.50754e-09  7.83074e-12
      1314.01  3.15997e-09  7.38274e-12
      1314.35  1.87209e-09  5.63749e-12
      1314.70  1.42937e-09  4.84786e-12
      1315.05  1.40505e-09  4.41799e-12
      1315.39  1.55650e-09  4.42617e-12
      1315.74  1.93445e-09  4.72426e-12
      1316.08  2.86979e-09  5.69391e-12
      1316.43  5.80979e-09  7.93889e-12
      1316.78  1.01314e-08  1.10672e-11
      1317.12  8.45304e-09  1.01735e-11
      1317.47  4.05996e-09  7.09715e-12
      1317.82  2.33582e-09  5.67733e-12
      1318.17  2.31179e-09  5.67101e-12
      1318.51  3.73730e-09  7.38634e-12
      1318.86  4.71784e-09  8.74880e-12
      1319.21  3.46009e-09  8.21464e-12
      1319.56  2.04562e-09  7.73176e-12
      1319.91  1.95602e-09  6.53959e-12
      1320.25  1.95613e-09  5.74484e-12
      1320.60  1.92999e-09  5.27404e-12
      1320.95  2.30127e-09  5.33040e-12
      1321.30  3.22661e-09  5.88822e-12
      1321.65  6.52418e-09  7.74364e-12
      1322.00  1.28076e-08  1.15957e-11
      1322.35  1.13901e-08  1.11118e-11
      1322.70  5.72149e-09  8.20126e-12
      1323.05  3.43155e-09  6.70860e-12
      1323.40  3.69618e-09  7.07661e-12
      1323.75  4.40509e-09  7.67792e-12
      1324.10  4.65911e-09  7.93315e-12
      1324.45  3.55300e-09  8.18434e-12
      1324.80  2.77144e-09  1.65815e-11
      