227
      1249.95  7.75763e-09  1.51673e-11
      1250.27  3.81240e-09  1.15131e-11
      1250.58  1.37575e-09  8.37965e-12
      1250.89  1.01127e-09  7.82329e-12
      1251.20  1.25707e-09  7.61945e-12
      1251.52  1.93342e-09  8.21617e-12
      1251.83  3.28322e-09  9.91029e-12
      1252.14  4.18058e-09  1.15052e-11
      1252.46  3.94715e-09  1.16233e-11
      1252.77  3.63148e-09  1.14967e-11
      1253.09  6.21269e-09  1.43182e-11
      1253.40  1.22731e-08  1.93958e-11
      1253.71  1.54963e-08  2.17831e-11
      1254.03  8.96503e-09  1.56221e-11
      1254.34  4.10275e-09  1.07882e-11
      1254.66  5.30713e-09  1.19610e-11
      1254.97  8.73131e-09  1.59487e-11
      1255.29  5.68593e-09  1.30123e-11
      1255.60  2.50056e-09  9.58808e-12
      1255.92  3.00983e-09  1.02881e-11
      1256.23  5.21998e-09  1.23108e-11
      1256.55  8.21897e-09  1.51003e-11
      1256.87  5.90147e-09  1.19505e-11
      1257.18  2.71068e-09  8.11194e-12
      1257.50  2.01849e-09  7.32949e-12
      1257.81  2.28219e-09  7.59381e-12
      1258.13  2.77579e-09  8.47337e-12
      1258.45  2.75910e-09  8.52612e-12
      1258.76  2.90902e-09  8.64126e-12
      1259.08  5.23495e-09  1.04603e-11
      1259.40  1.09075e-08  1.41466e-11
      1259.72  1.47111e-08  1.59255e-11
      1260.03  1.07767e-08  1.28705e-11
      1260.35  7.88001e-09  1.06486e-11
      1260.67  1.03797e-08  1.31048e-11
      1260.99  9.32817e-09  1.26735e-11
      1261.30  7.32077e-09  1.14495e-11
      1261.62  9.55194e-09  1.39272e-11
      1261.94  9.75720e-09  1.37504e-11
      1262.26  1.01527e-08  1.57565e-11
      1262.58  6.87087e-09  1.19885e-11
      1262.90  7.65528e-09  1.14368e-11
      1263.22  1.23000e-08  1.53341e-11
      1263.54  9.96222e-09  1.37575e-11
      1263.86  5.99714e-09  1.11307e-11
      1264.17  4.65051e-09  1.08520e-11
      1264.49  3.40445e-09  9.55984e-12
      1264.81  3.79921e-09  9.80731e-12
      1265.13  7.78168e-09  1.34106e-11
      1265.45  1.20254e-08  1.61390e-11
      1265.77  1.05901e-08  1.46053e-11
      1266.10  5.61425e-09  1.05169e-11
      1266.42  2.79949e-09  7.96894e-12
      1266.74  2.40981e-09  7.73179e-12
      1267.06  3.45446e-09  8.95228e-12
      1267.38  7.52969e-09  1.27150e-11
      1267.70  1.39027e-08  1.75917e-11
      1268.02  1.49819e-08  1.65825e-11
      1268.34  1.63414e-08  1.70462e-11
      1268.67  1.47896e-08  1.50598e-11
      1268.99  1.35056e-08  1.42065e-11
      1269.31  9.72461e-09  1.18310e-11
      1269.63  6.20240e-09  9.70362e-12
      1269.95  5.12595e-09  9.18507e-12
      1270.28  6.36756e-09  9.92604e-12
      1270.60  1.12337e-08  1.35747e-11
      1270.92  1.32603e-08  1.39795e-11
      1271.25  1.44398e-08  1.42677e-11
      1271.57  1.41873e-08  1.40617e-11
      1271.89  8.17911e-09  1.05169e-11
      1272.22  3.46011e-09  7.42297e-12
      1272.54  2.15701e-09  6.76058e-12
      1272.86  1.80112e-09  6.81739e-12
      1273.19  1.71521e-09  7.10425e-12
      1273.51  2.10117e-09  7.50372e-12
      1273.84  3.22544e-09  8.78782e-12
      1274.16  4.26581e-09  9.55709e-12
      1274.49  5.80750e-09  1.01867e-11
      1274.81  1.03351e-08  1.36266e-11
      1275.14  1.41722e-08  1.63537e-11
      1275.46  1.26354e-08  1.58855e-11
      1275.79  8.16156e-09  1.31776e-11
      1276.11  5.41010e-09  1.08533e-11
      1276.44  7.41714e-09  1.23379e-11
      1276.76  1.23131e-08  1.57545e-11
      1277.09  1.27598e-08  1.44911e-11
      1277.42  1.31511e-08  1.44541e-11
      1277.74  8.82442e-09  1.13280e-11
      1278.07  4.08329e-09  7.85314e-12
      1278.40  2.44366e-09  6.63485e-12
      1278.72  1.92712e-09  6.26017e-12
      1279.05  1.89923e-09  6.28470e-12
      1279.38  2.50502e-09  6.92949e-12
      1279.71  3.76328e-09  7.96125e-12
      1280.03  5.03042e-09  8.93279e-12
      1280.36  4.38200e-09  7.88910e-12
      1280.69  4.68115e-09  8.42096e-12
      1281.02  6.17609e-09  9.76539e-12
      1281.34  9.24589e-09  1.25877e-11
      1281.67  1.13458e-08  1.51931e-11
      1282.00  8.68107e-09  1.33276e-11
      1282.33  8.92959e-09  1.35024e-11
      1282.66  1.40788e-08  1.67384e-11
      1282.99  1.80381e-08  1.83120e-11
      1283.32  1.78436e-08  1.81777e-11
      1283.65  1.23152e-08  1.49113e-11
      1283.98  6.31560e-09  1.09495e-11
      1284.31  3.60723e-09  8.88088e-12
      1284.64  2.82066e-09  8.36483e-12
      1284.97  2.82230e-09  8.25634e-12
      1285.30  3.23148e-09  8.65853e-12
      1285.63  2.80012e-09  7.80705e-12
      1285.96  2.64736e-09  6.89987e-12
      1286.29  3.99869e-09  7.90649e-12
      1286.62  5.48625e-09  9.09344e-12
      1286.95  5.10494e-09  8.54326e-12
      1287.28  6.60844e-09  9.66110e-12
      1287.61  1.16217e-08  1.34203e-11
      1287.95  1.37265e-08  1.47516e-11
      1288.28  1.36424e-08  1.47608e-11
      1288.61  1.35906e-08  1.43125e-11
      1288.94  1.35274e-08  1.45369e-11
      1289.27  9.32684e-09  1.18775e-11
      1289.61  6.89161e-09  1.08824e-11
      1289.94  5.39166e-09  1.01535e-11
      1290.27  3.59761e-09  8.81497e-12
      1290.61  3.14327e-09  8.96319e-12
      1290.94  2.37439e-09  8.23493e-12
      1291.27  1.78773e-09  7.32058e-12
      1291.61  2.07016e-09  7.11275e-12
      1291.94  3.41769e-09  8.25678e-12
      1292.27  5.99758e-09  1.00557e-11
      1292.61  8.85067e-09  1.28301e-11
      1292.94  6.31358e-09  1.02890e-11
      1293.28  4.72437e-09  9.10862e-12
      1293.61  6.30340e-09  1.06324e-11
      1293.95  8.18342e-09  1.13470e-11
      1294.28  1.23588e-08  1.35206e-11
      1294.62  1.38482e-08  1.38569e-11
      1294.95  1.15176e-08  1.20026e-11
      1295.29  1.09707e-08  1.20285e-11
      1295.62  9.30838e-09  1.15040e-11
      1295.96  6.72751e-09  1.02688e-11
      1296.29  5.83712e-09  1.02520e-11
      1296.63  6.12129e-09  1.08863e-11
      1296.97  7.75038e-09  1.21807e-11
      1297.30  1.22432e-08  1.48993e-11
      1297.64  1.62898e-08  1.72558e-11
      1297.98  1.36277e-08  1.55089e-11
      1298.31  8.40306e-09  1.23221e-11
      1298.65  4.66533e-09  9.68884e-12
      1298.99  3.66219e-09  8.73572e-12
      1299.33  6.59791e-09  1.15093e-11
      1299.66  1.17677e-08  1.51165e-11
      1300.00  1.31601e-08  1.49105e-11
      1300.34  1.12961e-08  1.32845e-11
      1300.68  7.66752e-09  1.00854e-11
      1301.02  8.17136e-09  9.90700e-12
      1301.35  1.43130e-08  1.37419e-11
      1301.69  1.70014e-08  1.50006e-11
      1302.03  1.64273e-08  1.54647e-11
      1302.37  1.44471e-08  1.45039e-11
      1302.71  1.71228e-08  1.66593e-11
      1303.05  1.85588e-08  1.68265e-11
      1303.39  2.16332e-08  1.81962e-11
      1303.73  2.32130e-08  1.91873e-11
      1304.07  2.12132e-08  1.84203e-11
      1304.41  2.17128e-08  1.95242e-11
      1304.75  2.31396e-08  2.09411e-11
      1305.09  2.41824e-08  2.14612e-11
      1305.43  2.91276e-08  2.35824e-11
      1305.77  3.50028e-08  2.50255e-11
      1306.11  3.51430e-08  2.42742e-11
      1306.46  2.26948e-08  1.82563e-11
      1306.80  1.03142e-08  1.17379e-11
      1307.14  5.27961e-09  8.76481e-12
      1307.48  3.70766e-09  8.38571e-12
      1307.82  2.83254e-09  7.76451e-12
      1308.16  2.90261e-09  7.24116e-12
      1308.51  3.48921e-09  7.93419e-12
      1308.85  2.81738e-09  7.14107e-12
      1309.19  2.00916e-09  6.17501e-12
      1309.53  1.84931e-09  6.11225e-12
      1309.88  1.83868e-09  6.36727e-12
      1310.22  1.98736e-09  6.93360e-12
      1310.56  2.61514e-09  7.78661e-12
      1310.91  4.88338e-09  1.04047e-11
      1311.25  8.98058e-09  1.42932e-11
      1311.60  8.94066e-09  1.39175e-11
      1311.94  5.21172e-09  9.97341e-12
      1312.28  2.74329e-09  7.19519e-12
      1312.63  1.89366e-09  6.29053e-12
      1312.97  1.67576e-09  5.89933e-12
      1313.32  2.25622e-09  6.49340e-12
      1313.66  3.49369e-09  7.97488e-12
      1314.01  2.96619e-09  7.48630e-12
      1314.35  1.72151e-09  5.98767e-12
      1314.70  1.32978e-09  5.45544e-12
      1315.05  1.31211e-09  5.39020e-12
      1315.39  1.47359e-09  5.49725e-12
      1315.74  1.87749e-09  6.26790e-12
      1316.08  2.93232e-09  7.56915e-12
      1316.43  6.08841e-09  1.09592e-11
      1316.78  1.00400e-08  1.49651e-11
      1317.12  7.90017e-09  1.33122e-11
      1317.47  3.68479e-09  9.17942e-12
      1317.82  2.17839e-09  7.15342e-12
      1318.17  2.35558e-09  6.87267e-12
      1318.51  3.81109e-09  8.33805e-12
      1318.86  4.58096e-09  8.92314e-12
      1319.21  3.24908e-09  8.01022e-12
      1319.56  2.15111e-09  7.01725e-12
      1319.91  1.90545e-09  7.12382e-12
      1320.25  1.86421e-09  6.31348e-12
      1320.60  1.86722e-09  6.25100e-12
      1320.95  2.27116e-09  6.48793e-12
      1321.30  3.31301e-09  7.43767e-12
      1321.65  7.08895e-09  1.06349e-11
      1322.00  1.27831e-08  1.53442e-11
      1322.35  1.07192e-08  1.45405e-11
      1322.70  5.33573e-09  1.08079e-11
      1323.05  3.31109e-09  9.33647e-12
      1323.40  3.63432e-09  9.23989e-12
      1323.75  4.35509e-09  9.35424e-12
      1324.10  4.52848e-09  9.18964e-12
      1324.45  3.31770e-09  7.57898e-12
      1324.80  2.37713e-09  6.54827e-12
      