227
      1249.95  7.77541e-09  1.48090e-11
      1250.27  3.71446e-09  1.06553e-11
      1250.58  1.24961e-09  7.52411e-12
      1250.89  9.23095e-10  7.09713e-12
      1251.20  1.19787e-09  6.73682e-12
      1251.52  1.89330e-09  7.44609e-12
      1251.83  3.22420e-09  9.32788e-12
      1252.14  4.13303e-09  1.00973e-11
      1252.46  3.91612e-09  1.00720e-11
      1252.77  3.64902e-09  1.00477e-11
      1253.09  6.29723e-09  1.27832e-11
      1253.40  1.22571e-08  1.71183e-11
      1253.71  1.51423e-08  1.87945e-11
      1254.03  8.92179e-09  1.36119e-11
      1254.34  4.17626e-09  9.59952e-12
      1254.66  5.34661e-09  1.09286e-11
      1254.97  8.84812e-09  1.50532e-11
      1255.29  5.57867e-09  1.23373e-11
      1255.60  2.37902e-09  9.28671e-12
      1255.92  2.79976e-09  1.02733e-11
      1256.23  4.91117e-09  1.21369e-11
      1256.55  8.15965e-09  1.54544e-11
      1256.87  5.63963e-09  1.22325e-11
      1257.18  2.43422e-09  8.52092e-12
      1257.50  1.80084e-09  8.09164e-12
      1257.81  2.07736e-09  8.50326e-12
      1258.13  2.60348e-09  9.72804e-12
      1258.45  2.58355e-09  1.00279e-11
      1258.76  2.74915e-09  9.89092e-12
      1259.08  5.11268e-09  1.21517e-11
      1259.40  1.07278e-08  1.62050e-11
      1259.72  1.44542e-08  1.81698e-11
      1260.03  1.07281e-08  1.47533e-11
      1260.35  7.87820e-09  1.22236e-11
      1260.67  1.00998e-08  1.44384e-11
      1260.99  9.16273e-09  1.38713e-11
      1261.30  7.16952e-09  1.30679e-11
      1261.62  9.75358e-09  1.62519e-11
      1261.94  9.72042e-09  1.38591e-11
      1262.26  1.01362e-08  1.38961e-11
      1262.58  7.06753e-09  1.05774e-11
      1262.90  7.59897e-09  1.04423e-11
      1263.22  1.24525e-08  1.39743e-11
      1263.54  9.84680e-09  1.21025e-11
      1263.86  5.90922e-09  9.81066e-12
      1264.17  4.62547e-09  9.46428e-12
      1264.49  3.33160e-09  8.30233e-12
      1264.81  3.71382e-09  8.54103e-12
      1265.13  7.75952e-09  1.16444e-11
      1265.45  1.21007e-08  1.42377e-11
      1265.77  1.06245e-08  1.30654e-11
      1266.10  5.54866e-09  9.51891e-12
      1266.42  2.74504e-09  7.51925e-12
      1266.74  2.35841e-09  7.70336e-12
      1267.06  3.31613e-09  8.86531e-12
      1267.38  7.40748e-09  1.27942e-11
      1267.70  1.36086e-08  1.74940e-11
      1268.02  1.45394e-08  1.72171e-11
      1268.34  1.41613e-08  1.67485e-11
      1268.67  1.28040e-08  1.52640e-11
      1268.99  1.26394e-08  1.55354e-11
      1269.31  9.53591e-09  1.34983e-11
      1269.63  6.10393e-09  1.12673e-11
      1269.95  4.99261e-09  1.07103e-11
      1270.28  6.32693e-09  1.15801e-11
      1270.60  1.10590e-08  1.53541e-11
      1270.92  1.31104e-08  1.55109e-11
      1271.25  1.44053e-08  1.53713e-11
      1271.57  1.42241e-08  1.48255e-11
      1271.89  8.01543e-09  1.06614e-11
      1272.22  3.35500e-09  7.23082e-12
      1272.54  2.07315e-09  6.29965e-12
      1272.86  1.72400e-09  6.20393e-12
      1273.19  1.65065e-09  6.21445e-12
      1273.51  2.03990e-09  6.56196e-12
      1273.84  3.20968e-09  7.54216e-12
      1274.16  4.26474e-09  8.17333e-12
      1274.49  5.74271e-09  8.75879e-12
      1274.81  1.03034e-08  1.19196e-11
      1275.14  1.41412e-08  1.44516e-11
      1275.46  1.25969e-08  1.43137e-11
      1275.79  8.11779e-09  1.21536e-11
      1276.11  5.32145e-09  1.03659e-11
      1276.44  7.29045e-09  1.21051e-11
      1276.76  1.20880e-08  1.56041e-11
      1277.09  1.27146e-08  1.50142e-11
      1277.42  1.27905e-08  1.51443e-11
      1277.74  8.65412e-09  1.23913e-11
      1278.07  3.96852e-09  8.86241e-12
      1278.40  2.31110e-09  7.59976e-12
      1278.72  1.79470e-09  7.32999e-12
      1279.05  1.77838e-09  7.45363e-12
      1279.38  2.40835e-09  8.00542e-12
      1279.71  3.68028e-09  8.85187e-12
      1280.03  4.88662e-09  9.58263e-12
      1280.36  4.29088e-09  8.27322e-12
      1280.69  4.60033e-09  8.37962e-12
      1281.02  6.06394e-09  9.38132e-12
      1281.34  9.21303e-09  1.16879e-11
      1281.67  1.14542e-08  1.36318e-11
      1282.00  8.52218e-09  1.15389e-11
      1282.33  8.78462e-09  1.14291e-11
      1282.66  1.41238e-08  1.43837e-11
      1282.99  1.81105e-08  1.58324e-11
      1283.32  1.79699e-08  1.58882e-11
      1283.65  1.22684e-08  1.32181e-11
      1283.98  6.19679e-09  9.96291e-12
      1284.31  3.49258e-09  8.50634e-12
      1284.64  2.63172e-09  8.15304e-12
      1284.97  2.63958e-09  8.41469e-12
      1285.30  3.08340e-09  9.13742e-12
      1285.63  2.65803e-09  8.42862e-12
      1285.96  2.50436e-09  7.59089e-12
      1286.29  3.87506e-09  8.97700e-12
      1286.62  5.36332e-09  1.03235e-11
      1286.95  5.05283e-09  9.97384e-12
      1287.28  6.55367e-09  1.10550e-11
      1287.61  1.14540e-08  1.49695e-11
      1287.95  1.36913e-08  1.60925e-11
      1288.28  1.35882e-08  1.53944e-11
      1288.61  1.36040e-08  1.43124e-11
      1288.94  1.33688e-08  1.38354e-11
      1289.27  9.40141e-09  1.10179e-11
      1289.61  6.86079e-09  9.58845e-12
      1289.94  5.33868e-09  8.84615e-12
      1290.27  3.61783e-09  7.79216e-12
      1290.61  3.11710e-09  7.99957e-12
      1290.94  2.35627e-09  7.30219e-12
      1291.27  1.78547e-09  6.63240e-12
      1291.61  2.07413e-09  6.67581e-12
      1291.94  3.38088e-09  7.81964e-12
      1292.27  5.90716e-09  1.00666e-11
      1292.61  8.79617e-09  1.31085e-11
      1292.94  6.02791e-09  1.07637e-11
      1293.28  4.55712e-09  9.92590e-12
      1293.61  6.20630e-09  1.20448e-11
      1293.95  7.94334e-09  1.27942e-11
      1294.28  1.24025e-08  1.57117e-11
      1294.62  1.42500e-08  1.81272e-11
      1294.95  1.08357e-08  1.40417e-11
      1295.29  1.09520e-08  1.31267e-11
      1295.62  9.26998e-09  1.18260e-11
      1295.96  6.63957e-09  1.01519e-11
      1296.29  5.77599e-09  9.75611e-12
      1296.63  6.07393e-09  9.86435e-12
      1296.97  7.69751e-09  1.05628e-11
      1297.30  1.22371e-08  1.28422e-11
      1297.64  1.63915e-08  1.48958e-11
      1297.98  1.36528e-08  1.34949e-11
      1298.31  8.35276e-09  1.10247e-11
      1298.65  4.64776e-09  8.79627e-12
      1298.99  3.61592e-09  8.39098e-12
      1299.33  6.49106e-09  1.13135e-11
      1299.66  1.16244e-08  1.54004e-11
      1300.00  1.30549e-08  1.59497e-11
      1300.34  1.11083e-08  1.45845e-11
      1300.68  7.62571e-09  1.14814e-11
      1301.02  8.14832e-09  1.14679e-11
      1301.35  1.41253e-08  1.56201e-11
      1301.69  1.69247e-08  1.70470e-11
      1302.03  1.63164e-08  1.68124e-11
      1302.37  1.45832e-08  1.51297e-11
      1302.71  1.69458e-08  1.62257e-11
      1303.05  1.86380e-08  1.58011e-11
      1303.39  2.15411e-08  1.62952e-11
      1303.73  2.31314e-08  1.65843e-11
      1304.07  2.13297e-08  1.59345e-11
      1304.41  2.17324e-08  1.69091e-11
      1304.75  2.31082e-08  1.83561e-11
      1305.09  2.43488e-08  1.96226e-11
      1305.43  2.91952e-08  2.21016e-11
      1305.77  3.48400e-08  2.43042e-11
      1306.11  3.45738e-08  2.45446e-11
      1306.46  2.24780e-08  1.91728e-11
      1306.80  1.04031e-08  1.30006e-11
      1307.14  5.26217e-09  9.85691e-12
      1307.48  3.53186e-09  8.64132e-12
      1307.82  2.79788e-09  8.03798e-12
      1308.16  2.84714e-09  7.99465e-12
      1308.51  3.49385e-09  8.66755e-12
      1308.85  2.77146e-09  7.13554e-12
      1309.19  1.97572e-09  5.97234e-12
      1309.53  1.82203e-09  5.70404e-12
      1309.88  1.80311e-09  5.63701e-12
      1310.22  1.94284e-09  5.85079e-12
      1310.56  2.54838e-09  6.87112e-12
      1310.91  4.80043e-09  9.06259e-12
      1311.25  9.18487e-09  1.31042e-11
      1311.60  8.99838e-09  1.28119e-11
      1311.94  5.07739e-09  9.53731e-12
      1312.28  2.59945e-09  7.29180e-12
      1312.63  1.77739e-09  6.52132e-12
      1312.97  1.55430e-09  6.51135e-12
      1313.32  2.12642e-09  7.25154e-12
      1313.66  3.48271e-09  9.39436e-12
      1314.01  2.89320e-09  9.11118e-12
      1314.35  1.64570e-09  6.75859e-12
      1314.70  1.27389e-09  5.82340e-12
      1315.05  1.27187e-09  5.52952e-12
      1315.39  1.43935e-09  5.26789e-12
      1315.74  1.85417e-09  5.63060e-12
      1316.08  2.90095e-09  6.70740e-12
      1316.43  6.02244e-09  9.49895e-12
      1316.78  1.01669e-08  1.31844e-11
      1317.12  7.96891e-09  1.18137e-11
      1317.47  3.62854e-09  8.23142e-12
      1317.82  2.13212e-09  6.76548e-12
      1318.17  2.24617e-09  6.78436e-12
      1318.51  3.71198e-09  8.65035e-12
      1318.86  4.51105e-09  9.70486e-12
      1319.21  3.04115e-09  8.31927e-12
      1319.56  1.79574e-09  7.34112e-12
      1319.91  1.80436e-09  7.36534e-12
      1320.25  1.82057e-09  7.17177e-12
      1320.60  1.82412e-09  6.60457e-12
      1320.95  2.23343e-09  6.45840e-12
      1321.30  3.32308e-09  7.02378e-12
      1321.65  7.05349e-09  9.51501e-12
      1322.00  1.26749e-08  1.33913e-11
      1322.35  1.07654e-08  1.26780e-11
      1322.70  5.31534e-09  9.38959e-12
      1323.05  3.30113e-09  8.15276e-12
      1323.40  3.64415e-09  9.38625e-12
      1323.75  4.32321e-09  9.87843e-12
      1324.10  4.43367e-09  9.77698e-12
      1324.45  3.26090e-09  8.19392e-12
      1324.80  2.28728e-09  7.59738e-12
      