227
      1249.95  7.99844e-09  1.13536e-11
      1250.27  3.96659e-09  8.43210e-12
      1250.58  1.55579e-09  6.02270e-12
      1250.89  1.24364e-09  5.47768e-12
      1251.20  1.51477e-09  5.50301e-12
      1251.52  2.22561e-09  6.02004e-12
      1251.83  3.59366e-09  7.21732e-12
      1252.14  4.46506e-09  8.12626e-12
      1252.46  4.19776e-09  8.48011e-12
      1252.77  3.90702e-09  8.15767e-12
      1253.09  6.66338e-09  1.00329e-11
      1253.40  1.28546e-08  1.34743e-11
      1253.71  1.58180e-08  1.49024e-11
      1254.03  9.08976e-09  1.07319e-11
      1254.34  4.37285e-09  7.49549e-12
      1254.66  5.73135e-09  8.03293e-12
      1254.97  9.06087e-09  1.06665e-11
      1255.29  5.86518e-09  8.53863e-12
      1255.60  2.71313e-09  6.23613e-12
      1255.92  3.12639e-09  6.97143e-12
      1256.23  5.40111e-09  8.55655e-12
      1256.55  8.34007e-09  1.06079e-11
      1256.87  5.84483e-09  8.64533e-12
      1257.18  2.74595e-09  5.91576e-12
      1257.50  2.10703e-09  5.24922e-12
      1257.81  2.38645e-09  5.78490e-12
      1258.13  2.91395e-09  6.80491e-12
      1258.45  2.87581e-09  6.61365e-12
      1258.76  3.04042e-09  6.76505e-12
      1259.08  5.50394e-09  8.50585e-12
      1259.40  1.13500e-08  1.15047e-11
      1259.72  1.50465e-08  1.30026e-11
      1260.03  1.09002e-08  1.04679e-11
      1260.35  8.08756e-09  8.72887e-12
      1260.67  1.05294e-08  1.05063e-11
      1260.99  9.47349e-09  9.99648e-12
      1261.30  7.67251e-09  9.03913e-12
      1261.62  9.66551e-09  1.07533e-11
      1261.94  1.01075e-08  1.05219e-11
      1262.26  1.03419e-08  1.08113e-11
      1262.58  7.39954e-09  8.45039e-12
      1262.90  8.14039e-09  8.55525e-12
      1263.22  1.26616e-08  1.11348e-11
      1263.54  1.00326e-08  9.64051e-12
      1263.86  6.21277e-09  7.75383e-12
      1264.17  4.89721e-09  7.37757e-12
      1264.49  3.55796e-09  6.45448e-12
      1264.81  3.90713e-09  6.86878e-12
      1265.13  8.49495e-09  9.71955e-12
      1265.45  1.26736e-08  1.11365e-11
      1265.77  1.09301e-08  9.97487e-12
      1266.10  5.66629e-09  7.01395e-12
      1266.42  2.95138e-09  5.35008e-12
      1266.74  2.62982e-09  5.33688e-12
      1267.06  3.63886e-09  6.14431e-12
      1267.38  7.78873e-09  8.76233e-12
      1267.70  1.40850e-08  1.20339e-11
      1268.02  1.49067e-08  1.18994e-11
      1268.34  1.44467e-08  1.15208e-11
      1268.67  1.31184e-08  1.10684e-11
      1268.99  1.26407e-08  1.05032e-11
      1269.31  9.69390e-09  9.47682e-12
      1269.63  6.37027e-09  7.73789e-12
      1269.95  5.30711e-09  7.34157e-12
      1270.28  6.81620e-09  8.20112e-12
      1270.60  1.13822e-08  1.07001e-11
      1270.92  1.34552e-08  1.11408e-11
      1271.25  1.47853e-08  1.12707e-11
      1271.57  1.43442e-08  1.10413e-11
      1271.89  8.16608e-09  8.04655e-12
      1272.22  3.63341e-09  5.61040e-12
      1272.54  2.33686e-09  4.92250e-12
      1272.86  1.96997e-09  4.79172e-12
      1273.19  1.88557e-09  4.85866e-12
      1273.51  2.29207e-09  5.17804e-12
      1273.84  3.48519e-09  6.09261e-12
      1274.16  4.53189e-09  6.57033e-12
      1274.49  5.99178e-09  6.94867e-12
      1274.81  1.07408e-08  9.28247e-12
      1275.14  1.46379e-08  1.10313e-11
      1275.46  1.29361e-08  1.06339e-11
      1275.79  8.34769e-09  8.79053e-12
      1276.11  5.52157e-09  7.32231e-12
      1276.44  7.54073e-09  8.54844e-12
      1276.76  1.25672e-08  1.12081e-11
      1277.09  1.30013e-08  1.07192e-11
      1277.42  1.32042e-08  1.10165e-11
      1277.74  8.90629e-09  8.73991e-12
      1278.07  4.13822e-09  6.10996e-12
      1278.40  2.52526e-09  5.30508e-12
      1278.72  2.02155e-09  5.06992e-12
      1279.05  2.02137e-09  5.08635e-12
      1279.38  2.65636e-09  5.53291e-12
      1279.71  3.92687e-09  6.28175e-12
      1280.03  5.10110e-09  6.89479e-12
      1280.36  4.58951e-09  6.21412e-12
      1280.69  4.86907e-09  6.42082e-12
      1281.02  6.43854e-09  7.39279e-12
      1281.34  9.51117e-09  9.09568e-12
      1281.67  1.14257e-08  1.03270e-11
      1282.00  8.93079e-09  8.98431e-12
      1282.33  9.28484e-09  9.08221e-12
      1282.66  1.44058e-08  1.13355e-11
      1282.99  1.83544e-08  1.23960e-11
      1283.32  1.81625e-08  1.21809e-11
      1283.65  1.25389e-08  1.00321e-11
      1283.98  6.51733e-09  7.35423e-12
      1284.31  3.76007e-09  6.00780e-12
      1284.64  2.87065e-09  5.60763e-12
      1284.97  2.86156e-09  5.69320e-12
      1285.30  3.34065e-09  6.30290e-12
      1285.63  2.85063e-09  5.65964e-12
      1285.96  2.66339e-09  5.17165e-12
      1286.29  4.07873e-09  6.17662e-12
      1286.62  5.76845e-09  7.47808e-12
      1286.95  5.16829e-09  6.98979e-12
      1287.28  6.49849e-09  7.75758e-12
      1287.61  1.19382e-08  1.09622e-11
      1287.95  1.40510e-08  1.14139e-11
      1288.28  1.38616e-08  1.09826e-11
      1288.61  1.37863e-08  1.05853e-11
      1288.94  1.37326e-08  1.05492e-11
      1289.27  9.72218e-09  8.54804e-12
      1289.61  7.00897e-09  7.48439e-12
      1289.94  5.61535e-09  7.03457e-12
      1290.27  3.86163e-09  5.94613e-12
      1290.61  3.29995e-09  5.81776e-12
      1290.94  2.59608e-09  5.32661e-12
      1291.27  2.00321e-09  4.77626e-12
      1291.61  2.30075e-09  4.96342e-12
      1291.94  3.58736e-09  5.90504e-12
      1292.27  6.13139e-09  7.38381e-12
      1292.61  8.69629e-09  9.20042e-12
      1292.94  6.47339e-09  7.87825e-12
      1293.28  4.92854e-09  7.06969e-12
      1293.61  6.35629e-09  8.15092e-12
      1293.95  8.22942e-09  8.81540e-12
      1294.28  1.24609e-08  1.07554e-11
      1294.62  1.40006e-08  1.10678e-11
      1294.95  1.16743e-08  9.67604e-12
      1295.29  1.12354e-08  9.65867e-12
      1295.62  9.54318e-09  9.01136e-12
      1295.96  6.90916e-09  7.66227e-12
      1296.29  5.97572e-09  7.19803e-12
      1296.63  6.24895e-09  7.33052e-12
      1296.97  7.80829e-09  7.93499e-12
      1297.30  1.23478e-08  9.86845e-12
      1297.64  1.66783e-08  1.15667e-11
      1297.98  1.40436e-08  1.04256e-11
      1298.31  8.72758e-09  8.39475e-12
      1298.65  4.89673e-09  6.56311e-12
      1298.99  3.73238e-09  6.00159e-12
      1299.33  6.45546e-09  7.85056e-12
      1299.66  1.18160e-08  1.08065e-11
      1300.00  1.33422e-08  1.11899e-11
      1300.34  1.15554e-08  1.03269e-11
      1300.68  7.82122e-09  8.11764e-12
      1301.02  7.93596e-09  7.99231e-12
      1301.35  1.43031e-08  1.14265e-11
      1301.69  1.72090e-08  1.22787e-11
      1302.03  1.67824e-08  1.21472e-11
      1302.37  1.45774e-08  1.06660e-11
      1302.71  1.71296e-08  1.15619e-11
      1303.05  1.87660e-08  1.16349e-11
      1303.39  2.16126e-08  1.24931e-11
      1303.73  2.36352e-08  1.31631e-11
      1304.07  2.16289e-08  1.25597e-11
      1304.41  2.19102e-08  1.30061e-11
      1304.75  2.34607e-08  1.40090e-11
      1305.09  2.44753e-08  1.44401e-11
      1305.43  2.92030e-08  1.61781e-11
      1305.77  3.50638e-08  1.77199e-11
      1306.11  3.53701e-08  1.77766e-11
      1306.46  2.38136e-08  1.43667e-11
      1306.80  1.11257e-08  9.79628e-12
      1307.14  5.57451e-09  7.29797e-12
      1307.48  3.76223e-09  6.35403e-12
      1307.82  3.01351e-09  5.81715e-12
      1308.16  3.00550e-09  5.55094e-12
      1308.51  3.50995e-09  5.85004e-12
      1308.85  3.00586e-09  5.23052e-12
      1309.19  2.18007e-09  4.38553e-12
      1309.53  1.98602e-09  4.26122e-12
      1309.88  1.95813e-09  4.28123e-12
      1310.22  2.09678e-09  4.55701e-12
      1310.56  2.70464e-09  5.07605e-12
      1310.91  4.88832e-09  6.60207e-12
      1311.25  8.87493e-09  9.07576e-12
      1311.60  9.16891e-09  9.18301e-12
      1311.94  5.57340e-09  7.14048e-12
      1312.28  2.93797e-09  5.40015e-12
      1312.63  1.98952e-09  4.80290e-12
      1312.97  1.70438e-09  4.58961e-12
      1313.32  2.22737e-09  5.12602e-12
      1313.66  3.54693e-09  6.53748e-12
      1314.01  3.10036e-09  5.87839e-12
      1314.35  1.89326e-09  4.66816e-12
      1314.70  1.44065e-09  4.23845e-12
      1315.05  1.40838e-09  3.88399e-12
      1315.39  1.56080e-09  3.97583e-12
      1315.74  1.93775e-09  4.30164e-12
      1316.08  2.86309e-09  5.08005e-12
      1316.43  5.81456e-09  7.00434e-12
      1316.78  1.04487e-08  9.83943e-12
      1317.12  8.37051e-09  8.76940e-12
      1317.47  3.92289e-09  6.19818e-12
      1317.82  2.29686e-09  5.08697e-12
      1318.17  2.26167e-09  4.93536e-12
      1318.51  3.78149e-09  6.50252e-12
      1318.86  4.81328e-09  7.37208e-12
      1319.21  3.29305e-09  6.17307e-12
      1319.56  1.90338e-09  4.87761e-12
      1319.91  1.92625e-09  4.91958e-12
      1320.25  1.96701e-09  4.99306e-12
      1320.60  1.92999e-09  4.91734e-12
      1320.95  2.33099e-09  4.82074e-12
      1321.30  3.26559e-09  5.17712e-12
      1321.65  6.55202e-09  6.97289e-12
      1322.00  1.27048e-08  1.09559e-11
      1322.35  1.09779e-08  1.01999e-11
      1322.70  5.54160e-09  7.06486e-12
      1323.05  3.42857e-09  5.83407e-12
      1323.40  3.68870e-09  6.05086e-12
      1323.75  4.40305e-09  6.55465e-12
      1324.10  4.60578e-09  6.89157e-12
      1324.45  3.51474e-09  6.17673e-12
      1324.80  2.45569e-09  5.46996e-12
      