227
      1249.95  8.03810e-09  1.30470e-11
      1250.27  3.94527e-09  9.47266e-12
      1250.58  1.55101e-09  6.84226e-12
      1250.89  1.22601e-09  6.21621e-12
      1251.20  1.50015e-09  6.22704e-12
      1251.52  2.16651e-09  6.69101e-12
      1251.83  3.59105e-09  8.53113e-12
      1252.14  4.49244e-09  9.68705e-12
      1252.46  4.22974e-09  9.80863e-12
      1252.77  3.94645e-09  9.84782e-12
      1253.09  6.64192e-09  1.26192e-11
      1253.40  1.25882e-08  1.68853e-11
      1253.71  1.53099e-08  1.84882e-11
      1254.03  9.27216e-09  1.38182e-11
      1254.34  4.55360e-09  9.64874e-12
      1254.66  5.83847e-09  1.09353e-11
      1254.97  8.72070e-09  1.40293e-11
      1255.29  5.86949e-09  1.19030e-11
      1255.60  2.82944e-09  8.92174e-12
      1255.92  3.10886e-09  9.92332e-12
      1256.23  5.39591e-09  1.20210e-11
      1256.55  8.39708e-09  1.47083e-11
      1256.87  5.78257e-09  1.13655e-11
      1257.18  2.76168e-09  7.82710e-12
      1257.50  2.11651e-09  7.25997e-12
      1257.81  2.41108e-09  7.62438e-12
      1258.13  2.93234e-09  8.62811e-12
      1258.45  2.85299e-09  8.58419e-12
      1258.76  2.97503e-09  8.69116e-12
      1259.08  5.31091e-09  1.05377e-11
      1259.40  1.12019e-08  1.43543e-11
      1259.72  1.51586e-08  1.59039e-11
      1260.03  1.09651e-08  1.25599e-11
      1260.35  7.98976e-09  1.02771e-11
      1260.67  1.04025e-08  1.23765e-11
      1260.99  9.51518e-09  1.17907e-11
      1261.30  7.69359e-09  1.05335e-11
      1261.62  9.55782e-09  1.21836e-11
      1261.94  1.01251e-08  1.19648e-11
      1262.26  1.01740e-08  1.19477e-11
      1262.58  7.55614e-09  9.63866e-12
      1262.90  8.20667e-09  9.70438e-12
      1263.22  1.23277e-08  1.24256e-11
      1263.54  1.00350e-08  1.12941e-11
      1263.86  6.28878e-09  9.44885e-12
      1264.17  4.88055e-09  9.27061e-12
      1264.49  3.58589e-09  8.18331e-12
      1264.81  4.04300e-09  8.47770e-12
      1265.13  8.15611e-09  1.15556e-11
      1265.45  1.25349e-08  1.41236e-11
      1265.77  1.08494e-08  1.30341e-11
      1266.10  5.67335e-09  9.40549e-12
      1266.42  2.96072e-09  7.36050e-12
      1266.74  2.60035e-09  7.41705e-12
      1267.06  3.40120e-09  8.65870e-12
      1267.38  5.13348e-09  1.30258e-11
      1267.70  1.26404e-08  1.58933e-11
      1268.02  1.42754e-08  1.83652e-11
      1268.34  1.45119e-08  1.60235e-11
      1268.67  1.29969e-08  1.42164e-11
      1268.99  1.28565e-08  1.39745e-11
      1269.31  9.82276e-09  1.20795e-11
      1269.63  6.33494e-09  9.95732e-12
      1269.95  5.31731e-09  9.46886e-12
      1270.28  6.79704e-09  1.02541e-11
      1270.60  1.12623e-08  1.30720e-11
      1270.92  1.34690e-08  1.32666e-11
      1271.25  1.46447e-08  1.29201e-11
      1271.57  1.40961e-08  1.25146e-11
      1271.89  8.30710e-09  9.27250e-12
      1272.22  3.72203e-09  6.51013e-12
      1272.54  2.36570e-09  5.81112e-12
      1272.86  1.97622e-09  5.67813e-12
      1273.19  1.89155e-09  5.90460e-12
      1273.51  2.30394e-09  6.20736e-12
      1273.84  3.48848e-09  7.27674e-12
      1274.16  4.48204e-09  7.87827e-12
      1274.49  5.87004e-09  8.55821e-12
      1274.81  1.06755e-08  1.19910e-11
      1275.14  1.46757e-08  1.48817e-11
      1275.46  1.29539e-08  1.44720e-11
      1275.79  8.27764e-09  1.20325e-11
      1276.11  5.36498e-09  1.00314e-11
      1276.44  6.49960e-09  1.26158e-11
      1276.76  1.03875e-08  1.50758e-11
      1277.09  1.26303e-08  1.54416e-11
      1277.42  1.31735e-08  1.43512e-11
      1277.74  8.99469e-09  1.14800e-11
      1278.07  4.11136e-09  7.90061e-12
      1278.40  2.52896e-09  6.80257e-12
      1278.72  2.03879e-09  6.50350e-12
      1279.05  2.03920e-09  6.47179e-12
      1279.38  2.64640e-09  6.71113e-12
      1279.71  3.91117e-09  7.46629e-12
      1280.03  5.02743e-09  7.89492e-12
      1280.36  4.60267e-09  7.14252e-12
      1280.69  4.86077e-09  7.45417e-12
      1281.02  6.40878e-09  8.54589e-12
      1281.34  9.44641e-09  1.10368e-11
      1281.67  1.14655e-08  1.49868e-11
      1282.00  7.98767e-09  1.27324e-11
      1282.33  9.24310e-09  1.15582e-11
      1282.66  1.43145e-08  1.41550e-11
      1282.99  1.82587e-08  1.57817e-11
      1283.32  1.81873e-08  1.58613e-11
      1283.65  1.25324e-08  1.34156e-11
      1283.98  6.49291e-09  1.02189e-11
      1284.31  3.75478e-09  8.58034e-12
      1284.64  2.85102e-09  7.95710e-12
      1284.97  2.82363e-09  8.02970e-12
      1285.30  3.37497e-09  8.69282e-12
      1285.63  2.86917e-09  7.46372e-12
      1285.96  2.63199e-09  6.66368e-12
      1286.29  4.04055e-09  7.73834e-12
      1286.62  5.71828e-09  9.24972e-12
      1286.95  5.25702e-09  8.59269e-12
      1287.28  6.53814e-09  9.51264e-12
      1287.61  1.17185e-08  1.30798e-11
      1287.95  1.39975e-08  1.36727e-11
      1288.28  1.38332e-08  1.29389e-11
      1288.61  1.37924e-08  1.23721e-11
      1288.94  1.35845e-08  1.20561e-11
      1289.27  9.78629e-09  1.01147e-11
      1289.61  7.02390e-09  9.08575e-12
      1289.94  5.63267e-09  8.84005e-12
      1290.27  3.89639e-09  7.85123e-12
      1290.61  3.29476e-09  7.85852e-12
      1290.94  2.59955e-09  7.33740e-12
      1291.27  2.00477e-09  6.38005e-12
      1291.61  2.27857e-09  6.43062e-12
      1291.94  3.54589e-09  7.71678e-12
      1292.27  6.05108e-09  9.69533e-12
      1292.61  8.65724e-09  1.22111e-11
      1292.94  6.44294e-09  1.05365e-11
      1293.28  4.89503e-09  9.20341e-12
      1293.61  6.31767e-09  1.04765e-11
      1293.95  8.14419e-09  1.10568e-11
      1294.28  1.24277e-08  1.30388e-11
      1294.62  1.39887e-08  1.29693e-11
      1294.95  1.16207e-08  1.10665e-11
      1295.29  1.12893e-08  1.11403e-11
      1295.62  9.57490e-09  1.03987e-11
      1295.96  6.90161e-09  9.11616e-12
      1296.29  5.96326e-09  8.82281e-12
      1296.63  6.18712e-09  9.27691e-12
      1296.97  7.60973e-09  1.00628e-11
      1297.30  1.21435e-08  1.24455e-11
      1297.64  1.68631e-08  1.51183e-11
      1297.98  1.42171e-08  1.39055e-11
      1298.31  8.73956e-09  1.13838e-11
      1298.65  4.90325e-09  9.06693e-12
      1298.99  3.66417e-09  8.22052e-12
      1299.33  6.30707e-09  1.05967e-11
      1299.66  1.16360e-08  1.43324e-11
      1300.00  1.33764e-08  1.47925e-11
      1300.34  1.20529e-08  1.58878e-11
      1300.68  6.97924e-09  1.09142e-11
      1301.02  7.95987e-09  1.02789e-11
      1301.35  1.39146e-08  1.32413e-11
      1301.69  1.71336e-08  1.45377e-11
      1302.03  1.66119e-08  1.43186e-11
      1302.37  1.48452e-08  1.30771e-11
      1302.71  1.68426e-08  1.38408e-11
      1303.05  1.88294e-08  1.41514e-11
      1303.39  2.14159e-08  1.51816e-11
      1303.73  2.32841e-08  1.62837e-11
      1304.07  2.16580e-08  1.62547e-11
      1304.41  2.18071e-08  1.76037e-11
      1304.75  2.32075e-08  1.91102e-11
      1305.09  2.43776e-08  2.00284e-11
      1305.43  2.88046e-08  2.23572e-11
      1305.77  3.47119e-08  2.40122e-11
      1306.11  3.51219e-08  2.30759e-11
      1306.46  2.39533e-08  1.84535e-11
      1306.80  1.14144e-08  1.23476e-11
      1307.14  5.70927e-09  9.08225e-12
      1307.48  3.80061e-09  7.72109e-12
      1307.82  3.01142e-09  7.00470e-12
      1308.16  2.97723e-09  6.66743e-12
      1308.51  3.58847e-09  6.98315e-12
      1308.85  3.00276e-09  6.20320e-12
      1309.19  2.15935e-09  5.15034e-12
      1309.53  1.97936e-09  5.11082e-12
      1309.88  1.95246e-09  5.40433e-12
      1310.22  2.06891e-09  5.90924e-12
      1310.56  2.61173e-09  6.88810e-12
      1310.91  4.60303e-09  9.05711e-12
      1311.25  9.01772e-09  1.29551e-11
      1311.60  9.45345e-09  1.28108e-11
      1311.94  5.62920e-09  9.54494e-12
      1312.28  2.89322e-09  7.04894e-12
      1312.63  1.98531e-09  6.24072e-12
      1312.97  1.70919e-09  5.92775e-12
      1313.32  2.16921e-09  6.40088e-12
      1313.66  3.50794e-09  7.87174e-12
      1314.01  3.19129e-09  7.28164e-12
      1314.35  1.87417e-09  5.55441e-12
      1314.70  1.42771e-09  4.65558e-12
      1315.05  1.40975e-09  4.39438e-12
      1315.39  1.56308e-09  4.68095e-12
      1315.74  1.93489e-09  5.23190e-12
      1316.08  2.87021e-09  6.57827e-12
      1316.43  5.76323e-09  9.49290e-12
      1316.78  1.00431e-08  1.34990e-11
      1317.12  8.54034e-09  1.22887e-11
      1317.47  4.11433e-09  8.41534e-12
      1317.82  2.35213e-09  6.55287e-12
      1318.17  2.31618e-09  6.27099e-12
      1318.51  3.70105e-09  7.99999e-12
      1318.86  4.68061e-09  9.29961e-12
      1319.21  3.39440e-09  7.99114e-12
      1319.56  2.01575e-09  6.78795e-12
      1319.91  1.93189e-09  6.26553e-12
      1320.25  1.95382e-09  5.54600e-12
      1320.60  1.93130e-09  5.11903e-12
      1320.95  2.29555e-09  5.37524e-12
      1321.30  3.21604e-09  6.24577e-12
      1321.65  6.51783e-09  8.68013e-12
      1322.00  1.26862e-08  1.33951e-11
      1322.35  1.14169e-08  1.33128e-11
      1322.70  5.80907e-09  1.00007e-11
      1323.05  3.46214e-09  8.08181e-12
      1323.40  3.70594e-09  8.28323e-12
      1323.75  4.40082e-09  8.67188e-12
      1324.10  4.65929e-09  8.81190e-12
      1324.45  3.51862e-09  7.62007e-12
      1324.80  2.58436e-09  8.17749e-12
      