227
      1249.95  7.94840e-09  1.49292e-11
      1250.27  3.88881e-09  1.07812e-11
      1250.58  1.49552e-09  7.03085e-12
      1250.89  1.22295e-09  6.52309e-12
      1251.20  1.50085e-09  7.02288e-12
      1251.52  2.21981e-09  7.79844e-12
      1251.83  3.58720e-09  9.41288e-12
      1252.14  4.45019e-09  1.06711e-11
      1252.46  4.17263e-09  1.07351e-11
      1252.77  3.91743e-09  1.03442e-11
      1253.09  6.84705e-09  1.26489e-11
      1253.40  1.31752e-08  1.52739e-11
      1253.71  1.56283e-08  1.54888e-11
      1254.03  9.02407e-09  1.12234e-11
      1254.34  4.37300e-09  7.51855e-12
      1254.66  5.71333e-09  8.22665e-12
      1254.97  9.17856e-09  1.11671e-11
      1255.29  5.78454e-09  8.73904e-12
      1255.60  2.66123e-09  6.41593e-12
      1255.92  3.12834e-09  7.13641e-12
      1256.23  5.37252e-09  8.59015e-12
      1256.55  8.40235e-09  1.06612e-11
      1256.87  5.81149e-09  8.38759e-12
      1257.18  2.70761e-09  5.85399e-12
      1257.50  2.10157e-09  5.37863e-12
      1257.81  2.36280e-09  6.09132e-12
      1258.13  2.89813e-09  7.23704e-12
      1258.45  2.85613e-09  6.97078e-12
      1258.76  3.04825e-09  7.18150e-12
      1259.08  5.51658e-09  8.98787e-12
      1259.40  1.12701e-08  1.26029e-11
      1259.72  1.48772e-08  1.44563e-11
      1260.03  1.08554e-08  1.19357e-11
      1260.35  8.13087e-09  1.02306e-11
      1260.67  1.04657e-08  1.25887e-11
      1260.99  9.39066e-09  1.22797e-11
      1261.30  7.68326e-09  1.13524e-11
      1261.62  9.61282e-09  1.35083e-11
      1261.94  1.00337e-08  1.32211e-11
      1262.26  1.02923e-08  1.34959e-11
      1262.58  7.30812e-09  1.04173e-11
      1262.90  8.11759e-09  1.08681e-11
      1263.22  1.27062e-08  1.45810e-11
      1263.54  9.90289e-09  1.25916e-11
      1263.86  6.12462e-09  1.02754e-11
      1264.17  4.87026e-09  9.66684e-12
      1264.49  3.51132e-09  8.19303e-12
      1264.81  4.06792e-09  7.50262e-12
      1265.13  8.21458e-09  9.52171e-12
      1265.45  1.25939e-08  1.13482e-11
      1265.77  1.08560e-08  1.00664e-11
      1266.10  5.64068e-09  7.10799e-12
      1266.42  2.94050e-09  5.50996e-12
      1266.74  2.61035e-09  5.46159e-12
      1267.06  3.62648e-09  6.23869e-12
      1267.38  7.78227e-09  8.85890e-12
      1267.70  1.41123e-08  1.21287e-11
      1268.02  1.48654e-08  1.19177e-11
      1268.34  1.44204e-08  1.17181e-11
      1268.67  1.31059e-08  1.10969e-11
      1268.99  1.27175e-08  1.17918e-11
      1269.31  9.72108e-09  1.00210e-11
      1269.63  6.34136e-09  8.52779e-12
      1269.95  5.29250e-09  8.30453e-12
      1270.28  6.82523e-09  9.55890e-12
      1270.60  1.13230e-08  1.26011e-11
      1270.92  1.34289e-08  1.32293e-11
      1271.25  1.47528e-08  1.35834e-11
      1271.57  1.42280e-08  1.36286e-11
      1271.89  8.15560e-09  1.01854e-11
      1272.22  3.65635e-09  7.34739e-12
      1272.54  2.34365e-09  6.56715e-12
      1272.86  1.96610e-09  6.41253e-12
      1273.19  1.87685e-09  6.32460e-12
      1273.51  2.26578e-09  6.65204e-12
      1273.84  3.47259e-09  7.57197e-12
      1274.16  4.50581e-09  7.85995e-12
      1274.49  5.99903e-09  7.62745e-12
      1274.81  1.07578e-08  9.83979e-12
      1275.14  1.46823e-08  1.16202e-11
      1275.46  1.29155e-08  1.10061e-11
      1275.79  8.28706e-09  8.92872e-12
      1276.11  5.45301e-09  7.40370e-12
      1276.44  7.26311e-09  8.63090e-12
      1276.76  1.28999e-08  1.16117e-11
      1277.09  1.29978e-08  1.04383e-11
      1277.42  1.31086e-08  1.07398e-11
      1277.74  8.89462e-09  8.82783e-12
      1278.07  4.11293e-09  6.28758e-12
      1278.40  2.52067e-09  5.65786e-12
      1278.72  2.02046e-09  5.50545e-12
      1279.05  2.02395e-09  5.76015e-12
      1279.38  2.65472e-09  6.26956e-12
      1279.71  3.91435e-09  7.35296e-12
      1280.03  5.05765e-09  8.20856e-12
      1280.36  4.57216e-09  7.63991e-12
      1280.69  4.84010e-09  8.17109e-12
      1281.02  6.40714e-09  9.62780e-12
      1281.34  9.46058e-09  1.22090e-11
      1281.67  1.13602e-08  1.38077e-11
      1282.00  8.87739e-09  1.17747e-11
      1282.33  9.21399e-09  1.14194e-11
      1282.66  1.45070e-08  1.30740e-11
      1282.99  1.83650e-08  1.30043e-11
      1283.32  1.81505e-08  1.24821e-11
      1283.65  1.25363e-08  1.02950e-11
      1283.98  6.50407e-09  7.53877e-12
      1284.31  3.73785e-09  6.10429e-12
      1284.64  2.84817e-09  5.62690e-12
      1284.97  2.84014e-09  5.64437e-12
      1285.30  3.33209e-09  6.10809e-12
      1285.63  2.85408e-09  5.51291e-12
      1285.96  2.64907e-09  5.20014e-12
      1286.29  4.05782e-09  6.44954e-12
      1286.62  5.76006e-09  8.27091e-12
      1286.95  5.15570e-09  7.92843e-12
      1287.28  6.45439e-09  9.17871e-12
      1287.61  1.19088e-08  1.32294e-11
      1287.95  1.40604e-08  1.41799e-11
      1288.28  1.38444e-08  1.38358e-11
      1288.61  1.37540e-08  1.33996e-11
      1288.94  1.37403e-08  1.35387e-11
      1289.27  9.75536e-09  1.12262e-11
      1289.61  6.99005e-09  9.91486e-12
      1289.94  5.61222e-09  9.34923e-12
      1290.27  3.80481e-09  7.33529e-12
      1290.61  3.28819e-09  6.41886e-12
      1290.94  2.59984e-09  5.45463e-12
      1291.27  1.99547e-09  4.65615e-12
      1291.61  2.28222e-09  4.67861e-12
      1291.94  3.56339e-09  5.55767e-12
      1292.27  6.08737e-09  7.13921e-12
      1292.61  8.61807e-09  8.94757e-12
      1292.94  6.51052e-09  7.86980e-12
      1293.28  4.91788e-09  7.17491e-12
      1293.61  6.31447e-09  8.51394e-12
      1293.95  8.21580e-09  9.40391e-12
      1294.28  1.23530e-08  1.17385e-11
      1294.62  1.39183e-08  1.25316e-11
      1294.95  1.16840e-08  1.14673e-11
      1295.29  1.11747e-08  1.19009e-11
      1295.62  9.53590e-09  1.16072e-11
      1295.96  6.94132e-09  1.01375e-11
      1296.29  5.95980e-09  9.63470e-12
      1296.63  6.18621e-09  9.58236e-12
      1296.97  7.72866e-09  9.84094e-12
      1297.30  1.24258e-08  1.09709e-11
      1297.64  1.66961e-08  1.21266e-11
      1297.98  1.40846e-08  1.08000e-11
      1298.31  8.78021e-09  8.62164e-12
      1298.65  4.90567e-09  6.62668e-12
      1298.99  3.67235e-09  5.87227e-12
      1299.33  6.31913e-09  7.54031e-12
      1299.66  1.18183e-08  1.05093e-11
      1300.00  1.33543e-08  1.10226e-11
      1300.34  1.16086e-08  1.04503e-11
      1300.68  7.82166e-09  8.60896e-12
      1301.02  7.75794e-09  8.89046e-12
      1301.35  1.42268e-08  1.33130e-11
      1301.69  1.72031e-08  1.48922e-11
      1302.03  1.67824e-08  1.51770e-11
      1302.37  1.45690e-08  1.36709e-11
      1302.71  1.69357e-08  1.49820e-11
      1303.05  1.87372e-08  1.51966e-11
      1303.39  2.13316e-08  1.59860e-11
      1303.73  2.35232e-08  1.68259e-11
      1304.07  2.15858e-08  1.49765e-11
      1304.41  2.17983e-08  1.40483e-11
      1304.75  2.33578e-08  1.44226e-11
      1305.09  2.44228e-08  1.42283e-11
      1305.43  2.90004e-08  1.51999e-11
      1305.77  3.48564e-08  1.65486e-11
      1306.11  3.52915e-08  1.68104e-11
      1306.46  2.40197e-08  1.40037e-11
      1306.80  1.13061e-08  1.00093e-11
      1307.14  5.63580e-09  7.75118e-12
      1307.48  3.78498e-09  6.96044e-12
      1307.82  3.00835e-09  6.65815e-12
      1308.16  2.97270e-09  6.61072e-12
      1308.51  3.49107e-09  7.10655e-12
      1308.85  3.02124e-09  6.64125e-12
      1309.19  2.18756e-09  5.64081e-12
      1309.53  1.97245e-09  5.56678e-12
      1309.88  1.94858e-09  5.74583e-12
      1310.22  2.08870e-09  6.01203e-12
      1310.56  2.70042e-09  5.85648e-12
      1310.91  4.77793e-09  6.66698e-12
      1311.25  8.79718e-09  8.79292e-12
      1311.60  9.22239e-09  8.74780e-12
      1311.94  5.65195e-09  6.77110e-12
      1312.28  2.96922e-09  5.22479e-12
      1312.63  1.99614e-09  4.79308e-12
      1312.97  1.70208e-09  4.79522e-12
      1313.32  2.19453e-09  5.51250e-12
      1313.66  3.53506e-09  7.28273e-12
      1314.01  3.13146e-09  6.84729e-12
      1314.35  1.91067e-09  5.69503e-12
      1314.70  1.43876e-09  5.46561e-12
      1315.05  1.39534e-09  4.99220e-12
      1315.39  1.53951e-09  5.19530e-12
      1315.74  1.90675e-09  5.87388e-12
      1316.08  2.76968e-09  6.71299e-12
      1316.43  5.54263e-09  8.59986e-12
      1316.78  1.04414e-08  1.09455e-11
      1317.12  8.54036e-09  8.89884e-12
      1317.47  4.00305e-09  5.85608e-12
      1317.82  2.30906e-09  4.69582e-12
      1318.17  2.16725e-09  4.78885e-12
      1318.51  3.75521e-09  6.64613e-12
      1318.86  4.84330e-09  7.58851e-12
      1319.21  3.34809e-09  6.57741e-12
      1319.56  1.90723e-09  5.41783e-12
      1319.91  1.92035e-09  5.64251e-12
      1320.25  1.97158e-09  5.98432e-12
      1320.60  1.91389e-09  6.35614e-12
      1320.95  2.29395e-09  6.14152e-12
      1321.30  3.18490e-09  6.72804e-12
      1321.65  6.26265e-09  9.05549e-12
      1322.00  1.24916e-08  1.36137e-11
      1322.35  1.13840e-08  1.20834e-11
      1322.70  5.74132e-09  7.41922e-12
      1323.05  3.44379e-09  5.59591e-12
      1323.40  3.66612e-09  5.66265e-12
      1323.75  4.39586e-09  6.30563e-12
      1324.10  4.61338e-09  6.65790e-12
      1324.45  3.54927e-09  6.19773e-12
      1324.80  2.47830e-09  5.90816e-12
      