227
      1249.95  7.91434e-09  1.64012e-11
      1250.27  3.86833e-09  1.20929e-11
      1250.58  1.49104e-09  7.86523e-12
      1250.89  1.21709e-09  7.19533e-12
      1251.20  1.51188e-09  7.83355e-12
      1251.52  2.21375e-09  8.71147e-12
      1251.83  3.56886e-09  1.06390e-11
      1252.14  4.43513e-09  1.22513e-11
      1252.46  4.17263e-09  1.22865e-11
      1252.77  3.95417e-09  1.19174e-11
      1253.09  6.76898e-09  1.51610e-11
      1253.40  1.28563e-08  1.90941e-11
      1253.71  1.53961e-08  2.00696e-11
      1254.03  8.95355e-09  1.41405e-11
      1254.34  4.40166e-09  9.97038e-12
      1254.66  5.74715e-09  1.10260e-11
      1254.97  9.15337e-09  1.50294e-11
      1255.29  5.68547e-09  1.16366e-11
      1255.60  2.63961e-09  8.46027e-12
      1255.92  3.11307e-09  9.45953e-12
      1256.23  5.31083e-09  1.10668e-11
      1256.55  8.50194e-09  1.35679e-11
      1256.87  5.73148e-09  1.03869e-11
      1257.18  2.64679e-09  7.09954e-12
      1257.50  2.08356e-09  6.53830e-12
      1257.81  2.34899e-09  7.57857e-12
      1258.13  2.92138e-09  8.72993e-12
      1258.45  2.83904e-09  8.03213e-12
      1258.76  3.04671e-09  8.27065e-12
      1259.08  5.55461e-09  1.01742e-11
      1259.40  1.12674e-08  1.38235e-11
      1259.72  1.47092e-08  1.55503e-11
      1260.03  1.08113e-08  1.27903e-11
      1260.35  8.18809e-09  1.11224e-11
      1260.67  1.03757e-08  1.36566e-11
      1260.99  9.32187e-09  1.34749e-11
      1261.30  7.72097e-09  1.25435e-11
      1261.62  9.59236e-09  1.49592e-11
      1261.94  1.00364e-08  1.48076e-11
      1262.26  1.02160e-08  1.49911e-11
      1262.58  7.24203e-09  1.17754e-11
      1262.90  8.17808e-09  1.23413e-11
      1263.22  1.26829e-08  1.65154e-11
      1263.54  9.85880e-09  1.44982e-11
      1263.86  6.12756e-09  1.20127e-11
      1264.17  4.85559e-09  1.14286e-11
      1264.49  3.48291e-09  9.63679e-12
      1264.81  3.98297e-09  9.42469e-12
      1265.13  8.19860e-09  1.23677e-11
      1265.45  1.26157e-08  1.48255e-11
      1265.77  1.08327e-08  1.33589e-11
      1266.10  5.59796e-09  9.61702e-12
      1266.42  2.91226e-09  7.44043e-12
      1266.74  2.60070e-09  7.34963e-12
      1267.06  3.63146e-09  8.21966e-12
      1267.38  7.71218e-09  1.16576e-11
      1267.70  1.36196e-08  1.65742e-11
      1268.02  1.46267e-08  1.54764e-11
      1268.34  1.42821e-08  1.50423e-11
      1268.67  1.28805e-08  1.33576e-11
      1268.99  1.27396e-08  1.27083e-11
      1269.31  9.69361e-09  1.12779e-11
      1269.63  6.29008e-09  9.44998e-12
      1269.95  5.25814e-09  9.11758e-12
      1270.28  6.82528e-09  1.04103e-11
      1270.60  1.12797e-08  1.35769e-11
      1270.92  1.33535e-08  1.41931e-11
      1271.25  1.46718e-08  1.46738e-11
      1271.57  1.40727e-08  1.48572e-11
      1271.89  8.08435e-09  1.11961e-11
      1272.22  3.63062e-09  8.19484e-12
      1272.54  2.33161e-09  7.37256e-12
      1272.86  1.96452e-09  7.27589e-12
      1273.19  1.87156e-09  7.34390e-12
      1273.51  2.26970e-09  7.67996e-12
      1273.84  3.47901e-09  8.82146e-12
      1274.16  4.48156e-09  9.39394e-12
      1274.49  5.86171e-09  9.49323e-12
      1274.81  1.07016e-08  1.28207e-11
      1275.14  1.46841e-08  1.55215e-11
      1275.46  1.28638e-08  1.48288e-11
      1275.79  8.21509e-09  1.19713e-11
      1276.11  5.33087e-09  9.94188e-12
      1276.44  6.17104e-09  1.19830e-11
      1276.76  1.34925e-08  1.90119e-11
      1277.09  1.28718e-08  1.30993e-11
      1277.42  1.30523e-08  1.28018e-11
      1277.74  8.89522e-09  1.03665e-11
      1278.07  4.08054e-09  7.29070e-12
      1278.40  2.50428e-09  6.50327e-12
      1278.72  2.01454e-09  6.26380e-12
      1279.05  2.02424e-09  6.30590e-12
      1279.38  2.65888e-09  6.88395e-12
      1279.71  3.92937e-09  8.11294e-12
      1280.03  5.02375e-09  9.05626e-12
      1280.36  4.57805e-09  8.53956e-12
      1280.69  4.83583e-09  9.44738e-12
      1281.02  6.40463e-09  1.12181e-11
      1281.34  9.46214e-09  1.43675e-11
      1281.67  1.13036e-08  1.66548e-11
      1282.00  8.78053e-09  1.42757e-11
      1282.33  9.21866e-09  1.38035e-11
      1282.66  1.43710e-08  1.61795e-11
      1282.99  1.82768e-08  1.67108e-11
      1283.32  1.81331e-08  1.64839e-11
      1283.65  1.25132e-08  1.40406e-11
      1283.98  6.49256e-09  1.02435e-11
      1284.31  3.72203e-09  8.26005e-12
      1284.64  2.82791e-09  7.41554e-12
      1284.97  2.81655e-09  7.13686e-12
      1285.30  3.33946e-09  7.40364e-12
      1285.63  2.85582e-09  6.40115e-12
      1285.96  2.61727e-09  5.83033e-12
      1286.29  4.01713e-09  7.17283e-12
      1286.62  5.74983e-09  9.09642e-12
      1286.95  5.16601e-09  8.76934e-12
      1287.28  6.43763e-09  1.00799e-11
      1287.61  1.18329e-08  1.46503e-11
      1287.95  1.39663e-08  1.57058e-11
      1288.28  1.37406e-08  1.54301e-11
      1288.61  1.36724e-08  1.51790e-11
      1288.94  1.36640e-08  1.55452e-11
      1289.27  9.72708e-09  1.31238e-11
      1289.61  6.96809e-09  1.18261e-11
      1289.94  5.59282e-09  1.12159e-11
      1290.27  3.81222e-09  9.14518e-12
      1290.61  3.27031e-09  8.42018e-12
      1290.94  2.59431e-09  7.38571e-12
      1291.27  1.98351e-09  6.15611e-12
      1291.61  2.25662e-09  6.08930e-12
      1291.94  3.52019e-09  7.05826e-12
      1292.27  6.00686e-09  8.96509e-12
      1292.61  8.55594e-09  1.10656e-11
      1292.94  6.54845e-09  9.54308e-12
      1293.28  4.88662e-09  8.42510e-12
      1293.61  6.26039e-09  9.64232e-12
      1293.95  8.17630e-09  1.03742e-11
      1294.28  1.22473e-08  1.27185e-11
      1294.62  1.38630e-08  1.37042e-11
      1294.95  1.16824e-08  1.27079e-11
      1295.29  1.11281e-08  1.34804e-11
      1295.62  9.50626e-09  1.32948e-11
      1295.96  6.94018e-09  1.18882e-11
      1296.29  5.95813e-09  1.14800e-11
      1296.63  6.16876e-09  1.16489e-11
      1296.97  7.65773e-09  1.20530e-11
      1297.30  1.22377e-08  1.37851e-11
      1297.64  1.66616e-08  1.57815e-11
      1297.98  1.41419e-08  1.44160e-11
      1298.31  8.84707e-09  1.16163e-11
      1298.65  4.92420e-09  8.86429e-12
      1298.99  3.59130e-09  7.61896e-12
      1299.33  6.10582e-09  9.30322e-12
      1299.66  1.17554e-08  1.25771e-11
      1300.00  1.33561e-08  1.26540e-11
      1300.34  1.16729e-08  1.16629e-11
      1300.68  7.82456e-09  9.45807e-12
      1301.02  7.54893e-09  9.56850e-12
      1301.35  1.40572e-08  1.45900e-11
      1301.69  1.71392e-08  1.66075e-11
      1302.03  1.67112e-08  1.70521e-11
      1302.37  1.45227e-08  1.56581e-11
      1302.71  1.67326e-08  1.70580e-11
      1303.05  1.87179e-08  1.77781e-11
      1303.39  2.11781e-08  1.91840e-11
      1303.73  2.33913e-08  2.04492e-11
      1304.07  2.15897e-08  1.88245e-11
      1304.41  2.16586e-08  1.83865e-11
      1304.75  2.32281e-08  1.92192e-11
      1305.09  2.43315e-08  1.89310e-11
      1305.43  2.86863e-08  1.95061e-11
      1305.77  3.44975e-08  2.04514e-11
      1306.11  3.50975e-08  2.00223e-11
      1306.46  2.44744e-08  1.64163e-11
      1306.80  1.17083e-08  1.15711e-11
      1307.14  5.76512e-09  8.74945e-12
      1307.48  3.81232e-09  7.81037e-12
      1307.82  3.01148e-09  7.45639e-12
      1308.16  2.96210e-09  7.59423e-12
      1308.51  3.47973e-09  8.09470e-12
      1308.85  3.02852e-09  7.65881e-12
      1309.19  2.19830e-09  6.66063e-12
      1309.53  1.96871e-09  6.80612e-12
      1309.88  1.93793e-09  7.07878e-12
      1310.22  2.08031e-09  7.55426e-12
      1310.56  2.66163e-09  7.49930e-12
      1310.91  4.66047e-09  8.86937e-12
      1311.25  8.74302e-09  1.17282e-11
      1311.60  9.30058e-09  1.14219e-11
      1311.94  5.74912e-09  8.54375e-12
      1312.28  3.01045e-09  6.35230e-12
      1312.63  2.00741e-09  5.61060e-12
      1312.97  1.69098e-09  5.48494e-12
      1313.32  2.13366e-09  6.12679e-12
      1313.66  3.53980e-09  8.09975e-12
      1314.01  3.15916e-09  7.58614e-12
      1314.35  1.88435e-09  6.03531e-12
      1314.70  1.43069e-09  5.58317e-12
      1315.05  1.39404e-09  5.74239e-12
      1315.39  1.53513e-09  6.24628e-12
      1315.74  1.89545e-09  7.12203e-12
      1316.08  2.72512e-09  8.29273e-12
      1316.43  5.39809e-09  1.08594e-11
      1316.78  1.04111e-08  1.45960e-11
      1317.12  8.81362e-09  1.18754e-11
      1317.47  4.06093e-09  7.58607e-12
      1317.82  2.31886e-09  5.93164e-12
      1318.17  2.18665e-09  5.63045e-12
      1318.51  3.62397e-09  7.41488e-12
      1318.86  4.80009e-09  8.55252e-12
      1319.21  3.58960e-09  7.98155e-12
      1319.56  2.14738e-09  6.69108e-12
      1319.91  1.98673e-09  7.16599e-12
      1320.25  1.97606e-09  6.42504e-12
      1320.60  1.91830e-09  6.31445e-12
      1320.95  2.25755e-09  6.84839e-12
      1321.30  3.16124e-09  8.21803e-12
      1321.65  6.23426e-09  1.13331e-11
      1322.00  1.22996e-08  1.69519e-11
      1322.35  1.15961e-08  1.57131e-11
      1322.70  5.93796e-09  1.01314e-11
      1323.05  3.47898e-09  7.50361e-12
      1323.40  3.63195e-09  7.29860e-12
      1323.75  4.37046e-09  7.57483e-12
      1324.10  4.60740e-09  7.88166e-12
      1324.45  3.58740e-09  7.12258e-12
      1324.80  2.48505e-09  6.34162e-12
      