227
      1249.95  8.06556e-09  1.56864e-11
      1250.27  3.83733e-09  1.14516e-11
      1250.58  1.48324e-09  7.98020e-12
      1250.89  1.22696e-09  6.88710e-12
      1251.20  1.51346e-09  6.93795e-12
      1251.52  2.21366e-09  7.38101e-12
      1251.83  3.57748e-09  8.96779e-12
      1252.14  4.44463e-09  1.00156e-11
      1252.46  4.19206e-09  1.00048e-11
      1252.77  4.00880e-09  9.90491e-12
      1253.09  6.77896e-09  1.22774e-11
      1253.40  1.26590e-08  1.62413e-11
      1253.71  1.51353e-08  1.73564e-11
      1254.03  9.11672e-09  1.28558e-11
      1254.34  4.54347e-09  8.79542e-12
      1254.66  5.86886e-09  1.01604e-11
      1254.97  8.84771e-09  1.33870e-11
      1255.29  5.71879e-09  1.10149e-11
      1255.60  2.77575e-09  8.47695e-12
      1255.92  3.09511e-09  9.36463e-12
      1256.23  5.32428e-09  1.12787e-11
      1256.55  8.62027e-09  1.45057e-11
      1256.87  5.67228e-09  1.11641e-11
      1257.18  2.62895e-09  7.87892e-12
      1257.50  2.07433e-09  7.48379e-12
      1257.81  2.37741e-09  8.57795e-12
      1258.13  2.93226e-09  9.61422e-12
      1258.45  2.84471e-09  9.50789e-12
      1258.76  3.03938e-09  9.76479e-12
      1259.08  5.49209e-09  1.21130e-11
      1259.40  1.12295e-08  1.64927e-11
      1259.72  1.48290e-08  1.84237e-11
      1260.03  1.09226e-08  1.48938e-11
      1260.35  8.16937e-09  1.26785e-11
      1260.67  1.03464e-08  1.51659e-11
      1260.99  9.38088e-09  1.46055e-11
      1261.30  7.74123e-09  1.32472e-11
      1261.62  9.57355e-09  1.52223e-11
      1261.94  1.01415e-08  1.47674e-11
      1262.26  1.01840e-08  1.44370e-11
      1262.58  7.40930e-09  1.12384e-11
      1262.90  8.21874e-09  1.11212e-11
      1263.22  1.24292e-08  1.41476e-11
      1263.54  9.88904e-09  1.22841e-11
      1263.86  6.20890e-09  9.94859e-12
      1264.17  4.85700e-09  9.38510e-12
      1264.49  3.52497e-09  8.11866e-12
      1264.81  3.96548e-09  8.06268e-12
      1265.13  8.15623e-09  1.09033e-11
      1265.45  1.26746e-08  1.31924e-11
      1265.77  1.08752e-08  1.20422e-11
      1266.10  5.54791e-09  8.59551e-12
      1266.42  2.89541e-09  6.79294e-12
      1266.74  2.59853e-09  7.06514e-12
      1267.06  3.59146e-09  8.28757e-12
      1267.38  7.34723e-09  1.23585e-11
      1267.70  1.19929e-08  1.71927e-11
      1268.02  1.42057e-08  1.87124e-11
      1268.34  1.43734e-08  1.68225e-11
      1268.67  1.29621e-08  1.51823e-11
      1268.99  1.27554e-08  1.50339e-11
      1269.31  9.72666e-09  1.34588e-11
      1269.63  6.29743e-09  1.13126e-11
      1269.95  5.27681e-09  1.08110e-11
      1270.28  6.81933e-09  1.21837e-11
      1270.60  1.12486e-08  1.55570e-11
      1270.92  1.34249e-08  1.60979e-11
      1271.25  1.46748e-08  1.58900e-11
      1271.57  1.40850e-08  1.53709e-11
      1271.89  8.22417e-09  1.13135e-11
      1272.22  3.70000e-09  7.88145e-12
      1272.54  2.35027e-09  6.82381e-12
      1272.86  1.97419e-09  6.52615e-12
      1273.19  1.87963e-09  6.40025e-12
      1273.51  2.28839e-09  6.41678e-12
      1273.84  3.49020e-09  7.34993e-12
      1274.16  4.48652e-09  7.73970e-12
      1274.49  5.85747e-09  8.09992e-12
      1274.81  1.07174e-08  1.13941e-11
      1275.14  1.47556e-08  1.40608e-11
      1275.46  1.29199e-08  1.36605e-11
      1275.79  8.21671e-09  1.13862e-11
      1276.11  5.34212e-09  9.84659e-12
      1276.44  7.05970e-09  1.25763e-11
      1276.76  1.26507e-08  1.73967e-11
      1277.09  1.28622e-08  1.46494e-11
      1277.42  1.31039e-08  1.49357e-11
      1277.74  8.89405e-09  1.23296e-11
      1278.07  4.07256e-09  8.74888e-12
      1278.40  2.51750e-09  7.76216e-12
      1278.72  2.01922e-09  7.60120e-12
      1279.05  2.02458e-09  7.58837e-12
      1279.38  2.65184e-09  8.10469e-12
      1279.71  3.91936e-09  9.07405e-12
      1280.03  5.03820e-09  9.65784e-12
      1280.36  4.60954e-09  8.76571e-12
      1280.69  4.84600e-09  9.05937e-12
      1281.02  6.38660e-09  1.05397e-11
      1281.34  9.43905e-09  1.29020e-11
      1281.67  1.14771e-08  1.73893e-11
      1282.00  7.87582e-09  1.34032e-11
      1282.33  9.21405e-09  1.14368e-11
      1282.66  1.42830e-08  1.35194e-11
      1282.99  1.82206e-08  1.48226e-11
      1283.32  1.81287e-08  1.47955e-11
      1283.65  1.24793e-08  1.25145e-11
      1283.98  6.46803e-09  9.56079e-12
      1284.31  3.73730e-09  8.11771e-12
      1284.64  2.85165e-09  7.72186e-12
      1284.97  2.83045e-09  7.77628e-12
      1285.30  3.36104e-09  8.63686e-12
      1285.63  2.85105e-09  7.59100e-12
      1285.96  2.62663e-09  6.99319e-12
      1286.29  4.04690e-09  8.70421e-12
      1286.62  5.74813e-09  1.07811e-11
      1286.95  5.21013e-09  1.03334e-11
      1287.28  6.49264e-09  1.15679e-11
      1287.61  1.17500e-08  1.62140e-11
      1287.95  1.39881e-08  1.67001e-11
      1288.28  1.38266e-08  1.56561e-11
      1288.61  1.37347e-08  1.46007e-11
      1288.94  1.36333e-08  1.40641e-11
      1289.27  9.77895e-09  1.13648e-11
      1289.61  6.99770e-09  9.84097e-12
      1289.94  5.62064e-09  9.15397e-12
      1290.27  3.87196e-09  7.82667e-12
      1290.61  3.27542e-09  7.44969e-12
      1290.94  2.58716e-09  6.76887e-12
      1291.27  1.99242e-09  5.79108e-12
      1291.61  2.26807e-09  5.97965e-12
      1291.94  3.52973e-09  7.32464e-12
      1292.27  6.03654e-09  9.71088e-12
      1292.61  8.59025e-09  1.25358e-11
      1292.94  6.49441e-09  1.10695e-11
      1293.28  4.91687e-09  1.01454e-11
      1293.61  6.27573e-09  1.17933e-11
      1293.95  8.15121e-09  1.26598e-11
      1294.28  1.23414e-08  1.52796e-11
      1294.62  1.39070e-08  1.56014e-11
      1294.95  1.16632e-08  1.37295e-11
      1295.29  1.11991e-08  1.37038e-11
      1295.62  9.53508e-09  1.27680e-11
      1295.96  6.92919e-09  1.08515e-11
      1296.29  5.95753e-09  1.00148e-11
      1296.63  6.18682e-09  1.01085e-11
      1296.97  7.58628e-09  1.00805e-11
      1297.30  1.20571e-08  1.19565e-11
      1297.64  1.68173e-08  1.42394e-11
      1297.98  1.41820e-08  1.30191e-11
      1298.31  8.78092e-09  1.08078e-11
      1298.65  4.86352e-09  8.73646e-12
      1298.99  3.56454e-09  7.96005e-12
      1299.33  6.18039e-09  1.04991e-11
      1299.66  1.17503e-08  1.47126e-11
      1300.00  1.33796e-08  1.53638e-11
      1300.34  1.15856e-08  1.40485e-11
      1300.68  7.93960e-09  1.14497e-11
      1301.02  7.73189e-09  1.14197e-11
      1301.35  1.39043e-08  1.62086e-11
      1301.69  1.71525e-08  1.79847e-11
      1302.03  1.66645e-08  1.76521e-11
      1302.37  1.47549e-08  1.55973e-11
      1302.71  1.67225e-08  1.58094e-11
      1303.05  1.87891e-08  1.56529e-11
      1303.39  2.12520e-08  1.61489e-11
      1303.73  2.33352e-08  1.66970e-11
      1304.07  2.16868e-08  1.61425e-11
      1304.41  2.17368e-08  1.68399e-11
      1304.75  2.32049e-08  1.80081e-11
      1305.09  2.43038e-08  1.90632e-11
      1305.43  2.76259e-08  2.27327e-11
      1305.77  3.53329e-08  2.61954e-11
      1306.11  3.50305e-08  2.38217e-11
      1306.46  2.41914e-08  1.97562e-11
      1306.80  1.16524e-08  1.39455e-11
      1307.14  5.78511e-09  1.05755e-11
      1307.48  3.82077e-09  9.44340e-12
      1307.82  3.03046e-09  8.51436e-12
      1308.16  2.98621e-09  8.17402e-12
      1308.51  3.52491e-09  8.53214e-12
      1308.85  2.99948e-09  7.30198e-12
      1309.19  2.19542e-09  6.01626e-12
      1309.53  1.98029e-09  5.99239e-12
      1309.88  1.94097e-09  5.78328e-12
      1310.22  2.06345e-09  5.94170e-12
      1310.56  2.57586e-09  6.57767e-12
      1310.91  4.56160e-09  8.30086e-12
      1311.25  8.94377e-09  1.18614e-11
      1311.60  9.41247e-09  1.19321e-11
      1311.94  5.64380e-09  9.15804e-12
      1312.28  2.93526e-09  7.12571e-12
      1312.63  1.99862e-09  6.46108e-12
      1312.97  1.67970e-09  6.47454e-12
      1313.32  2.08440e-09  7.14895e-12
      1313.66  3.58764e-09  9.56659e-12
      1314.01  3.21628e-09  8.70811e-12
      1314.35  1.84624e-09  6.46250e-12
      1314.70  1.41400e-09  5.60528e-12
      1315.05  1.39151e-09  5.40399e-12
      1315.39  1.53661e-09  5.42845e-12
      1315.74  1.90066e-09  5.89112e-12
      1316.08  2.79901e-09  6.82138e-12
      1316.43  5.51977e-09  9.02885e-12
      1316.78  1.00373e-08  1.25999e-11
      1317.12  8.77075e-09  1.15876e-11
      1317.47  4.11547e-09  7.90630e-12
      1317.82  2.36362e-09  6.41896e-12
      1318.17  2.28790e-09  6.46277e-12
      1318.51  3.64889e-09  8.57205e-12
      1318.86  4.69432e-09  1.03945e-11
      1319.21  3.45624e-09  9.19560e-12
      1319.56  2.01372e-09  7.66359e-12
      1319.91  1.82443e-09  8.91901e-12
      1320.25  1.90889e-09  7.97683e-12
      1320.60  1.93211e-09  6.31398e-12
      1320.95  2.27789e-09  6.31642e-12
      1321.30  3.19058e-09  7.13068e-12
      1321.65  6.43009e-09  9.45913e-12
      1322.00  1.23085e-08  1.34855e-11
      1322.35  1.15441e-08  1.31918e-11
      1322.70  5.99578e-09  9.41138e-12
      1323.05  3.50987e-09  7.42016e-12
      1323.40  3.67146e-09  7.74099e-12
      1323.75  4.37019e-09  8.47834e-12
      1324.10  4.60423e-09  9.15783e-12
      1324.45  3.53968e-09  8.51530e-12
      1324.80  2.49544e-09  7.81783e-12
      