227
      1249.95  7.96390e-09  1.46511e-11
      1250.27  3.87708e-09  1.08148e-11
      1250.58  1.50399e-09  7.65800e-12
      1250.89  1.22227e-09  6.98951e-12
      1251.20  1.51653e-09  7.11726e-12
      1251.52  2.22764e-09  7.99780e-12
      1251.83  3.56557e-09  9.77611e-12
      1252.14  4.42266e-09  1.13047e-11
      1252.46  4.16385e-09  1.15996e-11
      1252.77  3.98836e-09  1.15526e-11
      1253.09  6.78619e-09  1.48558e-11
      1253.40  1.27547e-08  2.00681e-11
      1253.71  1.52509e-08  2.13071e-11
      1254.03  8.99494e-09  1.54335e-11
      1254.34  4.47766e-09  1.08058e-11
      1254.66  5.82759e-09  1.23427e-11
      1254.97  9.06499e-09  1.68259e-11
      1255.29  5.66997e-09  1.29023e-11
      1255.60  2.68224e-09  9.72979e-12
      1255.92  3.10414e-09  1.07683e-11
      1256.23  5.29904e-09  1.27361e-11
      1256.55  8.63474e-09  1.58980e-11
      1256.87  5.69380e-09  1.18816e-11
      1257.18  2.61890e-09  8.12438e-12
      1257.50  2.07167e-09  7.63507e-12
      1257.81  2.26425e-09  9.36122e-12
      1258.13  2.99649e-09  1.11556e-11
      1258.45  2.84667e-09  9.02282e-12
      1258.76  3.05701e-09  9.16728e-12
      1259.08  5.54625e-09  1.10294e-11
      1259.40  1.12482e-08  1.45836e-11
      1259.72  1.47374e-08  1.60318e-11
      1260.03  1.08529e-08  1.28639e-11
      1260.35  8.18822e-09  1.08135e-11
      1260.67  1.03419e-08  1.29365e-11
      1260.99  9.33575e-09  1.25318e-11
      1261.30  7.73972e-09  1.14705e-11
      1261.62  9.57952e-09  1.33597e-11
      1261.94  1.00731e-08  1.31330e-11
      1262.26  1.01990e-08  1.32511e-11
      1262.58  7.29253e-09  1.05420e-11
      1262.90  8.20834e-09  1.10199e-11
      1263.22  1.25650e-08  1.46342e-11
      1263.54  9.84325e-09  1.29931e-11
      1263.86  6.14491e-09  1.09518e-11
      1264.17  4.86471e-09  1.06418e-11
      1264.49  3.48275e-09  9.21765e-12
      1264.81  3.92537e-09  9.55591e-12
      1265.13  8.19131e-09  1.31819e-11
      1265.45  1.26717e-08  1.61226e-11
      1265.77  1.08009e-08  1.46232e-11
      1266.10  5.53412e-09  1.04781e-11
      1266.42  2.89753e-09  8.18221e-12
      1266.74  2.60953e-09  8.24479e-12
      1267.06  3.63425e-09  9.51424e-12
      1267.38  7.49875e-09  1.35648e-11
      1267.70  1.21034e-08  1.96429e-11
      1268.02  1.41437e-08  2.00110e-11
      1268.34  1.40898e-08  1.95246e-11
      1268.67  1.24825e-08  1.66495e-11
      1268.99  1.27274e-08  1.42737e-11
      1269.31  9.69730e-09  1.24466e-11
      1269.63  6.29279e-09  1.01519e-11
      1269.95  5.26454e-09  9.50009e-12
      1270.28  6.84110e-09  1.04909e-11
      1270.60  1.12827e-08  1.33151e-11
      1270.92  1.33706e-08  1.35854e-11
      1271.25  1.46646e-08  1.36286e-11
      1271.57  1.40629e-08  1.34909e-11
      1271.89  8.10972e-09  1.00932e-11
      1272.22  3.63898e-09  7.34275e-12
      1272.54  2.32709e-09  6.53221e-12
      1272.86  1.97156e-09  6.73264e-12
      1273.19  1.89046e-09  6.77747e-12
      1273.51  2.27898e-09  7.16771e-12
      1273.84  3.48391e-09  8.37039e-12
      1274.16  4.48651e-09  9.14163e-12
      1274.49  5.82071e-09  9.87683e-12
      1274.81  1.07160e-08  1.40805e-11
      1275.14  1.47035e-08  1.71833e-11
      1275.46  1.28544e-08  1.66281e-11
      1275.79  8.19624e-09  1.36810e-11
      1276.11  5.28360e-09  1.14437e-11
      1276.44  5.11470e-09  1.52183e-11
      1276.76  1.20986e-08  1.92722e-11
      1277.09  1.26537e-08  1.63951e-11
      1277.42  1.30462e-08  1.49550e-11
      1277.74  8.88207e-09  1.19007e-11
      1278.07  4.08267e-09  8.22181e-12
      1278.40  2.51060e-09  7.13158e-12
      1278.72  2.02064e-09  6.69602e-12
      1279.05  2.02369e-09  6.48408e-12
      1279.38  2.65109e-09  6.80731e-12
      1279.71  3.93032e-09  7.68587e-12
      1280.03  5.02915e-09  8.37555e-12
      1280.36  4.59113e-09  7.72652e-12
      1280.69  4.84328e-09  8.33104e-12
      1281.02  6.41093e-09  9.92406e-12
      1281.34  9.44690e-09  1.29293e-11
      1281.67  1.13927e-08  1.65935e-11
      1282.00  8.15788e-09  1.41873e-11
      1282.33  9.21828e-09  1.32002e-11
      1282.66  1.42845e-08  1.62150e-11
      1282.99  1.81833e-08  1.79954e-11
      1283.32  1.80688e-08  1.80618e-11
      1283.65  1.24830e-08  1.53098e-11
      1283.98  6.48601e-09  1.15346e-11
      1284.31  3.72165e-09  9.46963e-12
      1284.64  2.83113e-09  8.48786e-12
      1284.97  2.82681e-09  8.35196e-12
      1285.30  3.34719e-09  8.80844e-12
      1285.63  2.85309e-09  7.43692e-12
      1285.96  2.62657e-09  6.65700e-12
      1286.29  4.01650e-09  7.88453e-12
      1286.62  5.75194e-09  9.59209e-12
      1286.95  5.18621e-09  8.94907e-12
      1287.28  6.42943e-09  9.82218e-12
      1287.61  1.17779e-08  1.38624e-11
      1287.95  1.39617e-08  1.44755e-11
      1288.28  1.37713e-08  1.40134e-11
      1288.61  1.36976e-08  1.37085e-11
      1288.94  1.36442e-08  1.40013e-11
      1289.27  9.74455e-09  1.19052e-11
      1289.61  6.99104e-09  1.10169e-11
      1289.94  5.60427e-09  1.07057e-11
      1290.27  3.84978e-09  9.36154e-12
      1290.61  3.29793e-09  9.24500e-12
      1290.94  2.60587e-09  8.32677e-12
      1291.27  1.98128e-09  7.02961e-12
      1291.61  2.25447e-09  7.09272e-12
      1291.94  3.51617e-09  8.25148e-12
      1292.27  6.02330e-09  1.06103e-11
      1292.61  8.56273e-09  1.30802e-11
      1292.94  6.53341e-09  1.11350e-11
      1293.28  4.88800e-09  9.70329e-12
      1293.61  6.24505e-09  1.06525e-11
      1293.95  8.16532e-09  1.10380e-11
      1294.28  1.22539e-08  1.29446e-11
      1294.62  1.38729e-08  1.32998e-11
      1294.95  1.16827e-08  1.18726e-11
      1295.29  1.11590e-08  1.21479e-11
      1295.62  9.52668e-09  1.18776e-11
      1295.96  6.94582e-09  1.06748e-11
      1296.29  5.96857e-09  1.03205e-11
      1296.63  6.16248e-09  1.07054e-11
      1296.97  7.60748e-09  1.14765e-11
      1297.30  1.20532e-08  1.43291e-11
      1297.64  1.66713e-08  1.73384e-11
      1297.98  1.41237e-08  1.60347e-11
      1298.31  8.84071e-09  1.33026e-11
      1298.65  4.89438e-09  1.01913e-11
      1298.99  3.54908e-09  8.92173e-12
      1299.33  6.06240e-09  1.08916e-11
      1299.66  1.17708e-08  1.48394e-11
      1300.00  1.33861e-08  1.47002e-11
      1300.34  1.16660e-08  1.30796e-11
      1300.68  7.87945e-09  1.02194e-11
      1301.02  7.57869e-09  9.75894e-12
      1301.35  1.39665e-08  1.41874e-11
      1301.69  1.71408e-08  1.56357e-11
      1302.03  1.66851e-08  1.55908e-11
      1302.37  1.46046e-08  1.42249e-11
      1302.71  1.67146e-08  1.54694e-11
      1303.05  1.87480e-08  1.63257e-11
      1303.39  2.12245e-08  1.80527e-11
      1303.73  2.33762e-08  1.96729e-11
      1304.07  2.16381e-08  1.96735e-11
      1304.41  2.16594e-08  2.07150e-11
      1304.75  2.31926e-08  2.20102e-11
      1305.09  2.43536e-08  2.22871e-11
      1305.43  2.86811e-08  2.32453e-11
      1305.77  3.44850e-08  2.45955e-11
      1306.11  3.50463e-08  2.39734e-11
      1306.46  2.44956e-08  1.92687e-11
      1306.80  1.17668e-08  1.30915e-11
      1307.14  5.80625e-09  9.45878e-12
      1307.48  3.82467e-09  7.99744e-12
      1307.82  3.01781e-09  7.27582e-12
      1308.16  2.97131e-09  7.04208e-12
      1308.51  3.48659e-09  7.35159e-12
      1308.85  3.01218e-09  6.83132e-12
      1309.19  2.19993e-09  6.03435e-12
      1309.53  1.97374e-09  6.14007e-12
      1309.88  1.93943e-09  6.64320e-12
      1310.22  2.07177e-09  7.08600e-12
      1310.56  2.60340e-09  8.00058e-12
      1310.91  4.59189e-09  1.00360e-11
      1311.25  8.77866e-09  1.38190e-11
      1311.60  9.32143e-09  1.34597e-11
      1311.94  5.71861e-09  1.01323e-11
      1312.28  2.99699e-09  7.54381e-12
      1312.63  2.00571e-09  6.49896e-12
      1312.97  1.69004e-09  6.13675e-12
      1313.32  2.11702e-09  6.55820e-12
      1313.66  3.56089e-09  8.22349e-12
      1314.01  3.18352e-09  7.36889e-12
      1314.35  1.86954e-09  5.60320e-12
      1314.70  1.42262e-09  5.28925e-12
      1315.05  1.39642e-09  5.12528e-12
      1315.39  1.53714e-09  5.57873e-12
      1315.74  1.89125e-09  6.53009e-12
      1316.08  2.75030e-09  7.98591e-12
      1316.43  5.43231e-09  1.08831e-11
      1316.78  1.02877e-08  1.55707e-11
      1317.12  8.90932e-09  1.38899e-11
      1317.47  4.07927e-09  8.98231e-12
      1317.82  2.33467e-09  7.38592e-12
      1318.17  2.22347e-09  6.68498e-12
      1318.51  3.60562e-09  8.45864e-12
      1318.86  4.74820e-09  9.59872e-12
      1319.21  3.60944e-09  8.65877e-12
      1319.56  2.18509e-09  7.41761e-12
      1319.91  1.93346e-09  7.89371e-12
      1320.25  1.94490e-09  6.51862e-12
      1320.60  1.91536e-09  5.62783e-12
      1320.95  2.26505e-09  6.14944e-12
      1321.30  3.18596e-09  7.55710e-12
      1321.65  6.33776e-09  1.07485e-11
      1322.00  1.22747e-08  1.61370e-11
      1322.35  1.17316e-08  1.63193e-11
      1322.70  6.03470e-09  1.14101e-11
      1323.05  3.50887e-09  8.57919e-12
      1323.40  3.63342e-09  8.67634e-12
      1323.75  4.35921e-09  9.02801e-12
      1324.10  4.58273e-09  9.19168e-12
      1324.45  3.56791e-09  8.07881e-12
      1324.80  2.48910e-09  6.92630e-12
      