227
      1249.95  7.86909e-09  1.36335e-11
      1250.27  3.96453e-09  1.00235e-11
      1250.58  1.57753e-09  7.32590e-12
      1250.89  1.23530e-09  7.03233e-12
      1251.20  1.49119e-09  6.97030e-12
      1251.52  2.15526e-09  6.84724e-12
      1251.83  3.54010e-09  8.02541e-12
      1252.14  4.45197e-09  8.71388e-12
      1252.46  4.19448e-09  8.56948e-12
      1252.77  3.83543e-09  8.35976e-12
      1253.09  6.49234e-09  1.03891e-11
      1253.40  1.24998e-08  1.42074e-11
      1253.71  1.54555e-08  1.57098e-11
      1254.03  9.22913e-09  1.14481e-11
      1254.34  4.46695e-09  7.69323e-12
      1254.66  5.65606e-09  8.57264e-12
      1254.97  8.48548e-09  1.13802e-11
      1255.29  5.77044e-09  9.14982e-12
      1255.60  2.79743e-09  6.64340e-12
      1255.92  3.10415e-09  7.43696e-12
      1256.23  5.36518e-09  9.44703e-12
      1256.55  8.26222e-09  1.21200e-11
      1256.87  5.78660e-09  9.80235e-12
      1257.18  2.75889e-09  6.78626e-12
      1257.50  2.09113e-09  6.14260e-12
      1257.81  2.38140e-09  6.47530e-12
      1258.13  2.91717e-09  7.37515e-12
      1258.45  2.85392e-09  7.55891e-12
      1258.76  2.96608e-09  7.99105e-12
      1259.08  5.43498e-09  1.10006e-11
      1259.40  1.12813e-08  1.48817e-11
      1259.72  1.49618e-08  1.66132e-11
      1260.03  1.09891e-08  1.35132e-11
      1260.35  8.08630e-09  1.11974e-11
      1260.67  1.03776e-08  1.29547e-11
      1260.99  9.49778e-09  1.24414e-11
      1261.30  7.71285e-09  1.12334e-11
      1261.62  9.51870e-09  1.32840e-11
      1261.94  9.95658e-09  1.38813e-11
      1262.26  9.98176e-09  1.51848e-11
      1262.58  7.15761e-09  1.17245e-11
      1262.90  7.97753e-09  1.07673e-11
      1263.22  1.23985e-08  1.34502e-11
      1263.54  9.91228e-09  1.14479e-11
      1263.86  6.14066e-09  9.05578e-12
      1264.17  4.84585e-09  8.28544e-12
      1264.49  3.54013e-09  7.52538e-12
      1264.81  3.88587e-09  8.61373e-12
      1265.13  8.25091e-09  1.08445e-11
      1265.45  1.23933e-08  1.21052e-11
      1265.77  1.08036e-08  1.07272e-11
      1266.10  5.71206e-09  7.46873e-12
      1266.42  2.96409e-09  5.54957e-12
      1266.74  2.60219e-09  5.46881e-12
      1267.06  3.55677e-09  6.63119e-12
      1267.38  7.88360e-09  9.81456e-12
      1267.70  1.38367e-08  1.32851e-11
      1268.02  1.47357e-08  1.34429e-11
      1268.34  1.44107e-08  1.40474e-11
      1268.67  1.30241e-08  1.29240e-11
      1268.99  1.28425e-08  1.24773e-11
      1269.31  9.72693e-09  1.08013e-11
      1269.63  6.34254e-09  9.03048e-12
      1269.95  5.25510e-09  8.69162e-12
      1270.28  6.61744e-09  9.76715e-12
      1270.60  1.14279e-08  1.38458e-11
      1270.92  1.34418e-08  1.64760e-11
      1271.25  1.46936e-08  1.54965e-11
      1271.57  1.43784e-08  1.46062e-11
      1271.89  8.25625e-09  1.04437e-11
      1272.22  3.62570e-09  6.89686e-12
      1272.54  2.32418e-09  6.13841e-12
      1272.86  1.97531e-09  6.66781e-12
      1273.19  1.91765e-09  4.75767e-12
      1273.51  2.35453e-09  7.28762e-12
      1273.84  3.42605e-09  7.47153e-12
      1274.16  4.44821e-09  7.88061e-12
      1274.49  5.94448e-09  8.12603e-12
      1274.81  1.05204e-08  1.02725e-11
      1275.14  1.43546e-08  1.22551e-11
      1275.46  1.27607e-08  1.11537e-11
      1275.79  8.29264e-09  9.13365e-12
      1276.11  5.45749e-09  7.51234e-12
      1276.44  7.36890e-09  8.94285e-12
      1276.76  1.24820e-08  1.22252e-11
      1277.09  1.27195e-08  1.17531e-11
      1277.42  1.31769e-08  1.29949e-11
      1277.74  8.64755e-09  9.81311e-12
      1278.07  4.02239e-09  6.61047e-12
      1278.40  2.48668e-09  5.75060e-12
      1278.72  2.00514e-09  5.63759e-12
      1279.05  2.00699e-09  5.91676e-12
      1279.38  2.64973e-09  6.96540e-12
      1279.71  3.90927e-09  8.44956e-12
      1280.03  5.05287e-09  9.20805e-12
      1280.36  4.60963e-09  8.21447e-12
      1280.69  4.85525e-09  8.44462e-12
      1281.02  6.43463e-09  9.56070e-12
      1281.34  8.93422e-09  1.22233e-11
      1281.67  1.08381e-08  1.28025e-11
      1282.00  8.71945e-09  1.15259e-11
      1282.33  9.15358e-09  1.13209e-11
      1282.66  1.41052e-08  1.38197e-11
      1282.99  1.79380e-08  1.55519e-11
      1283.32  1.77977e-08  1.58089e-11
      1283.65  1.20695e-08  1.14390e-11
      1283.98  6.41091e-09  7.73633e-12
      1284.31  3.71179e-09  6.13906e-12
      1284.64  2.81701e-09  5.71214e-12
      1284.97  2.80691e-09  5.90804e-12
      1285.30  3.33744e-09  6.77322e-12
      1285.63  2.84006e-09  6.21991e-12
      1285.96  2.65023e-09  5.92762e-12
      1286.29  4.06296e-09  7.00338e-12
      1286.62  5.69920e-09  8.56398e-12
      1286.95  5.29124e-09  8.67165e-12
      1287.28  6.78163e-09  9.73973e-12
      1287.61  1.18180e-08  1.33208e-11
      1287.95  1.39476e-08  1.47073e-11
      1288.28  1.38011e-08  1.48755e-11
      1288.61  1.38038e-08  1.47705e-11
      1288.94  1.38096e-08  1.47931e-11
      1289.27  1.03384e-08  1.12280e-11
      1289.61  6.84344e-09  1.02868e-11
      1289.94  5.49238e-09  8.53649e-12
      1290.27  3.80688e-09  7.08308e-12
      1290.61  3.26922e-09  6.93927e-12
      1290.94  2.56093e-09  6.21606e-12
      1291.27  1.97926e-09  5.44411e-12
      1291.61  2.22849e-09  5.68104e-12
      1291.94  3.61434e-09  6.78353e-12
      1292.27  6.06621e-09  7.59268e-12
      1292.61  8.77518e-09  9.36740e-12
      1292.94  6.24395e-09  7.72117e-12
      1293.28  4.79411e-09  7.18025e-12
      1293.61  6.37115e-09  8.92872e-12
      1293.95  8.14866e-09  1.01346e-11
      1294.28  1.25191e-08  1.33493e-11
      1294.62  1.39823e-08  1.44550e-11
      1294.95  1.15530e-08  1.25749e-11
      1295.29  1.11358e-08  1.29559e-11
      1295.62  9.42982e-09  1.12685e-11
      1295.96  6.85568e-09  9.55180e-12
      1296.29  5.97304e-09  9.33068e-12
      1296.63  6.25373e-09  9.72124e-12
      1296.97  7.81891e-09  1.06243e-11
      1297.30  1.21689e-08  1.27288e-11
      1297.64  1.62287e-08  1.42443e-11
      1297.98  1.36902e-08  1.21519e-11
      1298.31  8.54191e-09  9.18845e-12
      1298.65  4.85171e-09  7.01602e-12
      1298.99  3.77089e-09  6.92413e-12
      1299.33  6.74055e-09  9.32374e-12
      1299.66  1.19438e-08  1.17839e-11
      1300.00  1.31192e-08  1.17938e-11
      1300.34  1.13224e-08  1.10751e-11
      1300.68  7.67438e-09  8.93736e-12
      1301.02  8.09711e-09  9.12362e-12
      1301.35  1.44379e-08  1.30648e-11
      1301.69  1.70781e-08  1.44454e-11
      1302.03  1.66697e-08  1.52544e-11
      1302.37  1.44135e-08  1.41434e-11
      1302.71  1.72975e-08  1.63886e-11
      1303.05  1.86090e-08  1.62626e-11
      1303.39  2.16321e-08  1.69328e-11
      1303.73  2.34675e-08  1.70418e-11
      1304.07  2.11248e-08  1.54993e-11
      1304.41  2.14612e-08  1.53313e-11
      1304.75  2.30387e-08  1.57904e-11
      1305.09  2.41164e-08  1.59182e-11
      1305.43  2.87127e-08  1.73175e-11
      1305.77  3.44070e-08  1.86157e-11
      1306.11  3.43482e-08  1.81115e-11
      1306.46  2.28790e-08  1.42782e-11
      1306.80  1.06714e-08  9.59164e-12
      1307.14  5.42491e-09  7.32545e-12
      1307.48  3.68813e-09  6.71357e-12
      1307.82  2.97068e-09  6.43849e-12
      1308.16  3.01102e-09  6.95849e-12
      1308.51  3.49218e-09  7.79522e-12
      1308.85  3.00927e-09  7.57385e-12
      1309.19  2.32940e-09  6.64391e-12
      1309.53  1.96165e-09  6.15463e-12
      1309.88  1.95187e-09  6.13318e-12
      1310.22  2.11233e-09  5.21971e-12
      1310.56  2.71006e-09  6.61666e-12
      1310.91  4.87973e-09  7.95247e-12
      1311.25  8.86355e-09  1.06759e-11
      1311.60  8.92720e-09  1.02572e-11
      1311.94  5.31296e-09  7.52949e-12
      1312.28  2.80269e-09  5.41137e-12
      1312.63  1.93798e-09  4.65268e-12
      1312.97  1.69126e-09  4.55442e-12
      1313.32  2.24619e-09  5.33543e-12
      1313.66  3.63815e-09  7.25953e-12
      1314.01  3.01943e-09  6.81850e-12
      1314.35  1.79969e-09  5.71571e-12
      1314.70  1.41457e-09  5.44135e-12
      1315.05  1.40887e-09  5.39579e-12
      1315.39  1.57751e-09  5.47783e-12
      1315.74  1.96395e-09  5.63219e-12
      1316.08  2.95497e-09  6.70314e-12
      1316.43  5.93006e-09  9.10880e-12
      1316.78  1.01000e-08  1.30886e-11
      1317.12  7.87483e-09  1.18462e-11
      1317.47  3.62489e-09  7.18807e-12
      1317.82  2.24049e-09  5.39387e-12
      1318.17  2.32297e-09  5.08397e-12
      1318.51  3.77419e-09  6.21867e-12
      1318.86  4.61973e-09  6.95734e-12
      1319.21  3.17842e-09  6.00902e-12
      1319.56  1.90225e-09  5.24052e-12
      1319.91  1.92357e-09  5.65398e-12
      1320.25  1.93955e-09  5.85477e-12
      1320.60  1.93188e-09  5.99815e-12
      1320.95  2.32559e-09  6.26710e-12
      1321.30  3.36590e-09  6.97902e-12
      1321.65  6.96371e-09  9.59248e-12
      1322.00  1.26077e-08  1.39480e-11
      1322.35  1.06091e-08  1.30563e-11
      1322.70  5.44925e-09  8.60110e-12
      1323.05  3.38463e-09  6.94190e-12
      1323.40  3.66181e-09  6.98576e-12
      1323.75  4.34804e-09  7.00413e-12
      1324.10  4.51685e-09  6.85838e-12
      1324.45  3.36993e-09  5.90175e-12
      1324.80  2.40562e-09  5.26601e-12
      