227
      1249.95  7.76577e-09  1.59525e-11
      1250.27  3.87115e-09  1.19068e-11
      1250.58  1.55264e-09  8.93840e-12
      1250.89  1.23422e-09  9.18333e-12
      1251.20  1.49731e-09  9.02804e-12
      1251.52  2.14198e-09  8.88461e-12
      1251.83  3.52757e-09  1.05933e-11
      1252.14  4.42991e-09  1.17183e-11
      1252.46  4.15818e-09  1.17045e-11
      1252.77  3.81738e-09  1.16931e-11
      1253.09  6.48614e-09  1.47647e-11
      1253.40  1.23680e-08  2.04435e-11
      1253.71  1.51257e-08  2.27184e-11
      1254.03  9.10311e-09  1.68554e-11
      1254.34  4.44960e-09  1.14506e-11
      1254.66  5.69517e-09  1.25646e-11
      1254.97  8.52009e-09  1.60197e-11
      1255.29  5.79087e-09  1.31322e-11
      1255.60  2.78984e-09  9.82768e-12
      1255.92  3.05532e-09  1.08272e-11
      1256.23  5.21945e-09  1.38404e-11
      1256.55  8.21884e-09  1.86590e-11
      1256.87  5.72060e-09  1.48018e-11
      1257.18  2.72669e-09  1.02092e-11
      1257.50  2.06345e-09  8.91255e-12
      1257.81  2.34283e-09  9.28962e-12
      1258.13  2.90008e-09  1.05583e-11
      1258.45  2.83403e-09  1.02398e-11
      1258.76  2.97717e-09  1.06079e-11
      1259.08  5.32674e-09  1.37054e-11
      1259.40  1.09211e-08  1.84326e-11
      1259.72  1.46469e-08  2.06741e-11
      1260.03  1.09339e-08  1.66657e-11
      1260.35  8.05661e-09  1.35543e-11
      1260.67  1.01863e-08  1.52098e-11
      1260.99  9.36329e-09  1.44676e-11
      1261.30  7.61875e-09  1.28768e-11
      1261.62  9.30082e-09  1.99670e-11
      1261.94  9.92213e-09  1.48839e-11
      1262.26  9.88944e-09  1.65720e-11
      1262.58  6.99587e-09  1.30202e-11
      1262.90  8.01714e-09  1.23925e-11
      1263.22  1.23319e-08  1.57452e-11
      1263.54  9.71705e-09  1.36903e-11
      1263.86  6.03797e-09  1.11817e-11
      1264.17  4.78623e-09  1.05306e-11
      1264.49  3.48687e-09  9.53623e-12
      1264.81  3.84464e-09  1.06875e-11
      1265.13  8.14044e-09  1.48681e-11
      1265.45  1.22195e-08  1.71356e-11
      1265.77  1.05890e-08  1.53555e-11
      1266.10  5.61257e-09  1.08557e-11
      1266.42  2.92666e-09  8.20656e-12
      1266.74  2.57153e-09  8.03051e-12
      1267.06  3.50407e-09  9.48585e-12
      1267.38  7.50536e-09  1.44234e-11
      1267.70  1.36461e-08  2.04923e-11
      1268.02  1.45175e-08  2.04431e-11
      1268.34  1.42073e-08  2.04306e-11
      1268.67  1.28088e-08  1.81476e-11
      1268.99  1.27444e-08  1.75673e-11
      1269.31  9.60018e-09  1.47368e-11
      1269.63  6.23429e-09  1.18958e-11
      1269.95  5.17126e-09  1.11790e-11
      1270.28  6.43341e-09  1.21822e-11
      1270.60  1.12824e-08  1.69165e-11
      1270.92  1.33101e-08  1.76783e-11
      1271.25  1.44338e-08  1.76166e-11
      1271.57  1.40974e-08  1.68511e-11
      1271.89  8.24579e-09  1.20456e-11
      1272.22  3.65220e-09  8.13431e-12
      1272.54  2.43155e-09  7.41023e-12
      1272.86  1.97677e-09  7.35957e-12
      1273.19  1.90472e-09  6.76552e-12
      1273.51  2.36646e-09  8.83061e-12
      1273.84  3.42533e-09  9.16203e-12
      1274.16  4.41342e-09  9.98116e-12
      1274.49  5.94558e-09  1.07200e-11
      1274.81  1.05031e-08  1.39839e-11
      1275.14  1.42006e-08  1.72150e-11
      1275.46  1.25306e-08  1.59021e-11
      1275.79  8.11600e-09  1.32350e-11
      1276.11  5.35229e-09  1.12221e-11
      1276.44  7.27083e-09  1.43298e-11
      1276.76  1.24718e-08  1.99536e-11
      1277.09  1.24680e-08  1.86590e-11
      1277.42  1.31204e-08  1.94765e-11
      1277.74  8.64472e-09  1.45538e-11
      1278.07  3.93916e-09  9.52525e-12
      1278.40  2.47607e-09  8.08669e-12
      1278.72  2.00179e-09  7.88933e-12
      1279.05  2.00684e-09  7.88565e-12
      1279.38  2.61064e-09  8.91087e-12
      1279.71  3.84342e-09  1.03490e-11
      1280.03  4.96879e-09  1.11683e-11
      1280.36  4.56901e-09  9.90401e-12
      1280.69  4.78916e-09  9.77683e-12
      1281.02  6.36044e-09  1.07960e-11
      1281.34  9.09737e-09  1.30660e-11
      1281.67  1.11603e-08  1.68448e-11
      1282.00  8.77206e-09  1.23037e-11
      1282.33  9.16850e-09  1.34365e-11
      1282.66  1.41173e-08  1.70823e-11
      1282.99  1.78751e-08  1.91444e-11
      1283.32  1.76492e-08  1.88298e-11
      1283.65  1.20267e-08  1.50272e-11
      1283.98  6.23883e-09  1.08435e-11
      1284.31  3.64823e-09  9.01138e-12
      1284.64  2.78693e-09  8.99741e-12
      1284.97  2.77589e-09  9.44087e-12
      1285.30  3.30494e-09  1.06935e-11
      1285.63  2.82159e-09  9.66066e-12
      1285.96  2.65690e-09  8.96658e-12
      1286.29  4.03476e-09  1.02536e-11
      1286.62  5.56280e-09  1.17370e-11
      1286.95  5.21725e-09  1.13263e-11
      1287.28  6.70367e-09  1.22082e-11
      1287.61  1.15286e-08  1.61847e-11
      1287.95  1.36594e-08  1.74908e-11
      1288.28  1.35546e-08  1.72133e-11
      1288.61  1.35734e-08  1.66839e-11
      1288.94  1.34122e-08  1.60729e-11
      1289.27  9.68910e-09  1.37185e-11
      1289.61  6.98537e-09  1.19508e-11
      1289.94  5.53236e-09  9.02933e-12
      1290.27  3.73720e-09  8.38403e-12
      1290.61  3.22517e-09  8.65075e-12
      1290.94  2.51378e-09  8.08287e-12
      1291.27  1.95638e-09  7.44115e-12
      1291.61  2.21732e-09  8.15674e-12
      1291.94  3.56017e-09  1.05923e-11
      1292.27  6.08052e-09  1.23290e-11
      1292.61  8.85800e-09  1.52007e-11
      1292.94  6.06527e-09  1.19937e-11
      1293.28  4.69295e-09  1.08446e-11
      1293.61  6.33927e-09  1.31235e-11
      1293.95  8.09467e-09  1.46568e-11
      1294.28  1.22742e-08  1.81009e-11
      1294.62  1.36915e-08  1.88576e-11
      1294.95  1.14134e-08  1.59748e-11
      1295.29  1.09180e-08  1.57873e-11
      1295.62  9.27792e-09  1.34516e-11
      1295.96  6.78316e-09  1.10017e-11
      1296.29  5.90061e-09  1.02712e-11
      1296.63  6.15146e-09  1.04103e-11
      1296.97  7.29478e-09  1.18739e-11
      1297.30  1.14614e-08  1.31569e-11
      1297.64  1.60628e-08  1.72267e-11
      1297.98  1.33784e-08  1.52910e-11
      1298.31  8.33257e-09  1.21341e-11
      1298.65  4.76372e-09  1.00656e-11
      1298.99  3.73412e-09  1.01936e-11
      1299.33  6.67282e-09  1.37122e-11
      1299.66  1.17682e-08  1.83271e-11
      1300.00  1.29071e-08  1.84369e-11
      1300.34  1.11063e-08  1.68299e-11
      1300.68  7.44916e-09  1.30163e-11
      1301.02  7.94904e-09  1.26455e-11
      1301.35  1.43296e-08  1.73568e-11
      1301.69  1.67821e-08  1.82093e-11
      1302.03  1.63759e-08  1.83535e-11
      1302.37  1.41205e-08  1.64920e-11
      1302.71  1.69791e-08  1.84454e-11
      1303.05  1.84211e-08  1.78856e-11
      1303.39  2.12809e-08  1.82332e-11
      1303.73  2.31276e-08  1.89887e-11
      1304.07  2.12877e-08  1.65565e-11
      1304.41  2.13148e-08  1.85451e-11
      1304.75  2.27856e-08  2.02597e-11
      1305.09  2.39231e-08  2.26654e-11
      1305.43  2.87690e-08  2.73927e-11
      1305.77  3.42291e-08  2.99819e-11
      1306.11  3.35540e-08  2.89502e-11
      1306.46  2.20556e-08  2.23529e-11
      1306.80  1.03257e-08  1.47019e-11
      1307.14  5.30898e-09  1.08114e-11
      1307.48  3.61770e-09  9.35026e-12
      1307.82  2.92513e-09  9.22798e-12
      1308.16  2.97748e-09  9.48146e-12
      1308.51  3.45180e-09  9.72069e-12
      1308.85  2.94694e-09  9.23158e-12
      1309.19  2.38700e-09  1.09561e-11
      1309.53  1.92997e-09  7.54969e-12
      1309.88  1.92401e-09  7.14836e-12
      1310.22  2.03456e-09  6.93941e-12
      1310.56  2.71295e-09  7.70445e-12
      1310.91  4.91664e-09  1.00618e-11
      1311.25  8.77355e-09  1.49846e-11
      1311.60  8.69951e-09  1.56888e-11
      1311.94  5.04943e-09  1.17248e-11
      1312.28  2.68775e-09  8.44316e-12
      1312.63  1.88318e-09  7.26655e-12
      1312.97  1.65811e-09  6.93877e-12
      1313.32  2.21898e-09  7.69117e-12
      1313.66  3.63216e-09  1.01482e-11
      1314.01  2.94597e-09  9.43265e-12
      1314.35  1.74322e-09  7.54045e-12
      1314.70  1.38835e-09  6.68645e-12
      1315.05  1.38737e-09  6.35223e-12
      1315.39  1.55093e-09  6.11399e-12
      1315.74  1.94547e-09  6.39060e-12
      1316.08  2.95098e-09  7.13290e-12
      1316.43  5.54776e-09  9.79959e-12
      1316.78  9.35421e-09  1.27240e-11
      1317.12  7.93483e-09  1.37198e-11
      1317.47  3.62411e-09  1.04795e-11
      1317.82  2.19187e-09  8.46289e-12
      1318.17  2.35692e-09  8.23347e-12
      1318.51  3.80408e-09  9.97407e-12
      1318.86  4.51912e-09  1.07187e-11
      1319.21  3.08874e-09  9.03642e-12
      1319.56  1.88998e-09  7.67828e-12
      1319.91  1.90142e-09  8.15828e-12
      1320.25  1.90826e-09  7.94165e-12
      1320.60  1.90752e-09  7.53107e-12
      1320.95  2.31093e-09  7.54398e-12
      1321.30  3.33812e-09  8.06980e-12
      1321.65  6.95284e-09  1.04721e-11
      1322.00  1.24968e-08  1.46291e-11
      1322.35  1.10974e-08  1.44509e-11
      1322.70  5.96622e-09  9.68073e-12
      1323.05  3.36999e-09  9.44383e-12
      1323.40  3.68640e-09  1.07649e-11
      1323.75  4.34030e-09  1.10519e-11
      1324.10  4.43868e-09  1.07838e-11
      1324.45  3.26007e-09  9.13601e-12
      1324.80  2.36118e-09  7.95105e-12
      