227
      1249.95  7.39116e-09  1.60712e-11
      1250.27  3.17910e-09  1.16126e-11
      1250.58  8.07674e-10  8.85366e-12
      1250.89  5.31892e-10  8.12274e-12
      1251.20  8.19171e-10  7.90163e-12
      1251.52  1.52093e-09  8.27319e-12
      1251.83  2.88452e-09  9.46432e-12
      1252.14  3.75075e-09  1.01734e-11
      1252.46  3.50486e-09  9.98850e-12
      1252.77  3.31943e-09  9.88072e-12
      1253.09  6.05390e-09  1.26740e-11
      1253.40  1.19671e-08  1.72259e-11
      1253.71  1.45564e-08  1.86947e-11
      1254.03  8.43156e-09  1.36418e-11
      1254.34  3.82710e-09  9.28371e-12
      1254.66  5.12447e-09  1.00474e-11
      1254.97  8.34637e-09  1.30706e-11
      1255.29  5.07734e-09  1.04429e-11
      1255.60  2.03542e-09  7.96863e-12
      1255.92  2.44023e-09  9.09187e-12
      1256.23  4.66288e-09  1.12386e-11
      1256.55  7.87429e-09  1.46406e-11
      1256.87  5.13640e-09  1.15301e-11
      1257.18  2.02919e-09  8.02595e-12
      1257.50  1.44565e-09  7.47683e-12
      1257.81  1.73075e-09  7.71232e-12
      1258.13  2.22631e-09  8.77786e-12
      1258.45  2.20357e-09  9.08536e-12
      1258.76  2.39578e-09  9.48043e-12
      1259.08  4.85568e-09  1.23122e-11
      1259.40  1.05891e-08  1.73988e-11
      1259.72  1.41951e-08  1.97598e-11
      1260.03  1.01705e-08  1.57658e-11
      1260.35  7.44954e-09  1.29321e-11
      1260.67  9.89318e-09  1.54471e-11
      1260.99  8.72547e-09  1.45108e-11
      1261.30  6.87447e-09  1.29408e-11
      1261.62  9.13494e-09  1.59324e-11
      1261.94  9.36558e-09  1.57494e-11
      1262.26  9.67046e-09  1.62881e-11
      1262.58  6.80178e-09  1.29027e-11
      1262.90  7.44342e-09  1.25491e-11
      1263.22  1.17741e-08  1.55788e-11
      1263.54  9.38594e-09  1.32057e-11
      1263.86  5.56605e-09  1.03649e-11
      1264.17  4.18336e-09  9.73010e-12
      1264.49  2.94893e-09  8.48687e-12
      1264.81  3.45169e-09  8.96591e-12
      1265.13  7.53068e-09  1.20968e-11
      1265.45  1.17385e-08  1.44872e-11
      1265.77  1.01035e-08  1.27694e-11
      1266.10  5.06158e-09  8.77865e-12
      1266.42  2.36257e-09  6.60003e-12
      1266.74  1.97494e-09  6.47274e-12
      1267.06  2.90169e-09  7.57931e-12
      1267.38  7.05112e-09  1.12990e-11
      1267.70  1.37299e-08  1.65092e-11
      1268.02  1.40386e-08  1.60618e-11
      1268.34  1.39489e-08  1.64052e-11
      1268.67  1.22983e-08  1.46200e-11
      1268.99  1.22493e-08  1.47876e-11
      1269.31  9.13347e-09  1.27042e-11
      1269.63  5.67000e-09  1.06094e-11
      1269.95  4.67038e-09  1.06184e-11
      1270.28  6.20916e-09  1.22128e-11
      1270.60  1.06617e-08  1.63626e-11
      1270.92  1.28648e-08  1.76236e-11
      1271.25  1.40703e-08  1.78871e-11
      1271.57  1.34219e-08  1.72279e-11
      1271.89  7.57782e-09  1.24128e-11
      1272.22  3.07239e-09  8.21648e-12
      1272.54  1.72878e-09  7.01861e-12
      1272.86  1.36598e-09  6.72880e-12
      1273.19  1.28537e-09  6.97196e-12
      1273.51  1.68276e-09  7.58576e-12
      1273.84  2.88163e-09  8.75340e-12
      1274.16  3.91215e-09  9.19384e-12
      1274.49  5.33746e-09  9.43318e-12
      1274.81  1.01406e-08  1.20579e-11
      1275.14  1.39901e-08  1.37040e-11
      1275.46  1.22156e-08  1.29070e-11
      1275.79  7.64585e-09  1.04928e-11
      1276.11  4.88953e-09  9.03355e-12
      1276.44  6.96081e-09  1.09106e-11
      1276.76  1.19109e-08  1.46954e-11
      1277.09  1.23873e-08  1.43420e-11
      1277.42  1.23409e-08  1.44717e-11
      1277.74  8.17137e-09  1.17629e-11
      1278.07  3.51781e-09  7.97695e-12
      1278.40  1.92993e-09  6.89159e-12
      1278.72  1.43688e-09  6.76395e-12
      1279.05  1.43787e-09  7.27874e-12
      1279.38  2.07339e-09  8.66902e-12
      1279.71  3.37264e-09  1.00980e-11
      1280.03  4.53630e-09  1.12951e-11
      1280.36  3.93731e-09  9.68451e-12
      1280.69  4.29067e-09  9.73446e-12
      1281.02  5.79489e-09  1.06734e-11
      1281.34  8.96181e-09  1.29814e-11
      1281.67  1.10379e-08  1.49197e-11
      1282.00  8.17962e-09  1.28309e-11
      1282.33  8.60361e-09  1.30083e-11
      1282.66  1.38511e-08  1.62036e-11
      1282.99  1.75959e-08  1.89584e-11
      1283.32  1.65335e-08  1.84975e-11
      1283.65  1.02606e-08  1.46665e-11
      1283.98  5.69737e-09  8.92471e-12
      1284.31  3.12343e-09  7.11965e-12
      1284.64  2.27963e-09  6.82813e-12
      1284.97  2.30873e-09  7.21693e-12
      1285.30  2.72885e-09  8.18073e-12
      1285.63  2.29042e-09  7.72134e-12
      1285.96  2.19064e-09  7.73717e-12
      1286.29  3.61105e-09  8.95695e-12
      1286.62  5.07833e-09  1.01700e-11
      1286.95  4.63531e-09  9.55088e-12
      1287.28  6.26809e-09  1.11061e-11
      1287.61  1.13993e-08  1.58698e-11
      1287.95  1.33701e-08  1.74484e-11
      1288.28  1.32760e-08  1.76829e-11
      1288.61  1.32287e-08  1.72767e-11
      1288.94  1.32132e-08  1.72033e-11
      1289.27  8.83571e-09  1.29590e-11
      1289.61  6.42267e-09  1.09376e-11
      1289.94  4.97893e-09  9.74335e-12
      1290.27  3.22941e-09  8.01653e-12
      1290.61  2.73344e-09  7.92803e-12
      1290.94  2.00525e-09  7.19372e-12
      1291.27  1.43478e-09  6.50060e-12
      1291.61  1.76788e-09  6.73095e-12
      1291.94  3.11890e-09  7.81187e-12
      1292.27  5.70069e-09  9.11676e-12
      1292.61  8.11914e-09  1.08869e-11
      1292.94  5.80532e-09  9.32016e-12
      1293.28  4.40829e-09  8.99733e-12
      1293.61  5.88071e-09  1.12075e-11
      1293.95  7.91291e-09  1.27642e-11
      1294.28  1.20741e-08  1.60874e-11
      1294.62  1.32983e-08  1.68462e-11
      1294.95  1.10524e-08  1.46247e-11
      1295.29  1.06117e-08  1.42744e-11
      1295.62  8.80579e-09  1.30396e-11
      1295.96  6.31194e-09  1.12585e-11
      1296.29  5.44779e-09  1.08447e-11
      1296.63  5.72500e-09  1.13045e-11
      1296.97  7.30352e-09  1.21854e-11
      1297.30  1.20027e-08  1.48790e-11
      1297.64  1.62908e-08  1.65982e-11
      1297.98  1.31500e-08  1.37887e-11
      1298.31  7.86309e-09  1.03392e-11
      1298.65  4.15911e-09  7.76740e-12
      1298.99  3.20445e-09  7.08851e-12
      1299.33  6.18355e-09  9.69314e-12
      1299.66  1.15496e-08  1.37882e-11
      1300.00  1.27697e-08  1.47437e-11
      1300.34  1.07760e-08  1.37967e-11
      1300.68  7.21799e-09  1.11280e-11
      1301.02  7.87906e-09  1.16782e-11
      1301.35  1.39855e-08  1.58628e-11
      1301.69  1.66453e-08  1.74746e-11
      1302.03  1.58960e-08  1.77482e-11
      1302.37  1.43062e-08  1.71413e-11
      1302.71  1.66183e-08  1.91550e-11
      1303.05  1.83886e-08  1.93972e-11
      1303.39  2.11736e-08  1.99676e-11
      1303.73  2.26333e-08  1.94577e-11
      1304.07  2.09263e-08  1.75900e-11
      1304.41  2.13753e-08  1.74476e-11
      1304.75  2.27091e-08  1.76919e-11
      1305.09  2.39606e-08  1.81142e-11
      1305.43  2.88059e-08  2.01435e-11
      1305.77  3.43716e-08  2.20242e-11
      1306.11  3.39824e-08  2.21088e-11
      1306.46  2.17719e-08  1.72321e-11
      1306.80  9.83757e-09  1.16680e-11
      1307.14  4.86116e-09  8.99469e-12
      1307.48  3.18167e-09  8.10922e-12
      1307.82  2.46710e-09  7.90273e-12
      1308.16  2.52436e-09  8.32206e-12
      1308.51  3.13088e-09  9.58948e-12
      1308.85  2.40876e-09  8.49014e-12
      1309.19  1.63556e-09  7.28337e-12
      1309.53  1.49618e-09  6.68404e-12
      1309.88  1.47534e-09  6.44260e-12
      1310.22  1.62935e-09  6.43855e-12
      1310.56  2.30897e-09  7.12455e-12
      1310.91  4.64544e-09  9.04154e-12
      1311.25  8.68963e-09  1.22959e-11
      1311.60  8.52626e-09  1.18769e-11
      1311.94  4.75072e-09  8.79244e-12
      1312.28  2.27869e-09  6.52552e-12
      1312.63  1.45096e-09  5.62051e-12
      1312.97  1.24401e-09  5.55596e-12
      1313.32  1.88182e-09  6.72465e-12
      1313.66  3.11058e-09  8.69698e-12
      1314.01  2.52670e-09  8.48139e-12
      1314.35  1.34038e-09  7.24182e-12
      1314.70  9.61212e-10  6.82428e-12
      1315.05  9.50347e-10  6.54612e-12
      1315.39  1.12336e-09  6.44348e-12
      1315.74  1.53866e-09  6.62288e-12
      1316.08  2.59743e-09  7.71267e-12
      1316.43  5.85122e-09  1.04796e-11
      1316.78  9.90508e-09  1.37223e-11
      1317.12  7.41979e-09  1.15717e-11
      1317.47  3.30933e-09  7.91948e-12
      1317.82  1.80077e-09  6.27507e-12
      1318.17  1.92903e-09  6.03756e-12
      1318.51  3.49640e-09  7.51633e-12
      1318.86  4.28040e-09  8.60852e-12
      1319.21  2.65322e-09  7.39134e-12
      1319.56  1.44740e-09  6.60316e-12
      1319.91  1.51356e-09  7.41626e-12
      1320.25  1.49945e-09  7.47345e-12
      1320.60  1.50850e-09  7.39909e-12
      1320.95  1.94234e-09  7.62623e-12
      1321.30  2.98116e-09  8.35651e-12
      1321.65  6.56943e-09  1.08677e-11
      1322.00  1.28572e-08  1.56133e-11
      1322.35  1.04484e-08  1.36429e-11
      1322.70  4.82603e-09  9.35838e-12
      1323.05  2.91339e-09  7.79725e-12
      1323.40  3.32140e-09  8.05435e-12
      1323.75  4.05093e-09  8.33955e-12
      1324.10  4.16605e-09  8.21472e-12
      1324.45  2.89029e-09  6.99401e-12
      1324.80  1.95804e-09  6.61130e-12
      