227
      1249.95  7.39360e-09  1.41818e-11
      1250.27  3.32608e-09  1.09184e-11
      1250.58  9.19440e-10  8.21809e-12
      1250.89  5.98830e-10  7.58298e-12
      1251.20  8.90343e-10  7.31860e-12
      1251.52  1.59467e-09  7.80376e-12
      1251.83  3.05993e-09  9.51216e-12
      1252.14  4.01096e-09  1.04559e-11
      1252.46  3.77725e-09  1.04640e-11
      1252.77  3.49364e-09  1.03134e-11
      1253.09  6.32448e-09  1.32677e-11
      1253.40  1.25322e-08  1.81064e-11
      1253.71  1.53319e-08  1.98775e-11
      1254.03  8.96997e-09  1.45997e-11
      1254.34  4.08938e-09  9.74832e-12
      1254.66  5.44183e-09  1.07287e-11
      1254.97  8.61726e-09  1.36216e-11
      1255.29  5.41187e-09  1.13626e-11
      1255.60  2.21771e-09  8.22234e-12
      1255.92  2.58775e-09  8.66932e-12
      1256.23  4.91151e-09  1.05937e-11
      1256.55  8.12175e-09  1.35553e-11
      1256.87  5.32087e-09  1.03254e-11
      1257.18  2.16403e-09  7.11560e-12
      1257.50  1.51142e-09  6.30036e-12
      1257.81  1.74314e-09  6.84282e-12
      1258.13  2.33185e-09  7.34369e-12
      1258.45  2.30929e-09  7.09944e-12
      1258.76  2.48051e-09  7.37069e-12
      1259.08  4.97113e-09  9.25706e-12
      1259.40  1.07673e-08  1.29303e-11
      1259.72  1.44091e-08  1.45646e-11
      1260.03  1.04617e-08  1.17406e-11
      1260.35  7.68329e-09  9.79281e-12
      1260.67  9.90839e-09  1.15659e-11
      1260.99  8.90453e-09  1.12117e-11
      1261.30  7.18177e-09  1.04616e-11
      1261.62  9.15688e-09  1.27569e-11
      1261.94  9.61051e-09  1.42456e-11
      1262.26  9.62931e-09  1.13520e-11
      1262.58  6.44255e-09  1.16954e-11
      1262.90  7.58045e-09  1.12705e-11
      1263.22  1.22314e-08  1.46537e-11
      1263.54  9.52655e-09  1.24734e-11
      1263.86  5.69281e-09  1.00628e-11
      1264.17  4.46653e-09  9.58259e-12
      1264.49  3.14260e-09  8.57480e-12
      1264.81  3.65021e-09  9.06949e-12
      1265.13  7.91200e-09  1.26511e-11
      1265.45  1.23020e-08  1.52559e-11
      1265.77  1.06280e-08  1.34900e-11
      1266.10  5.50468e-09  9.68804e-12
      1266.42  2.58084e-09  7.49351e-12
      1266.74  2.12936e-09  6.75065e-12
      1267.06  3.12423e-09  7.55526e-12
      1267.38  7.42290e-09  1.08974e-11
      1267.70  1.38874e-08  1.51615e-11
      1268.02  1.45121e-08  1.45192e-11
      1268.34  1.43235e-08  1.41031e-11
      1268.67  1.26494e-08  1.21690e-11
      1268.99  1.27340e-08  1.20418e-11
      1269.31  9.31019e-09  9.96387e-12
      1269.63  5.79389e-09  8.06149e-12
      1269.95  4.78434e-09  7.82628e-12
      1270.28  6.20063e-09  8.92676e-12
      1270.60  1.09959e-08  1.22515e-11
      1270.92  1.30216e-08  1.35192e-11
      1271.25  1.43751e-08  1.27095e-11
      1271.57  1.36662e-08  1.38569e-11
      1271.89  7.73385e-09  9.69234e-12
      1272.22  3.12715e-09  6.81102e-12
      1272.54  1.79908e-09  6.02765e-12
      1272.86  1.42535e-09  5.97331e-12
      1273.19  1.35997e-09  6.29063e-12
      1273.51  1.81123e-09  7.22611e-12
      1273.84  3.00641e-09  8.73428e-12
      1274.16  4.05857e-09  9.46525e-12
      1274.49  5.72069e-09  9.65785e-12
      1274.81  1.06242e-08  1.25907e-11
      1275.14  1.45707e-08  1.46408e-11
      1275.46  1.28400e-08  1.38424e-11
      1275.79  8.08480e-09  1.17231e-11
      1276.11  5.01898e-09  9.34917e-12
      1276.44  7.08517e-09  1.07999e-11
      1276.76  1.26166e-08  1.46474e-11
      1277.09  1.25291e-08  1.41719e-11
      1277.42  1.21040e-08  1.33066e-11
      1277.74  7.42880e-09  1.15588e-11
      1278.07  3.50651e-09  6.63772e-12
      1278.40  1.99293e-09  5.48275e-12
      1278.72  1.50001e-09  5.35605e-12
      1279.05  1.50491e-09  5.49278e-12
      1279.38  2.15661e-09  6.28090e-12
      1279.71  3.44679e-09  7.44655e-12
      1280.03  4.54590e-09  8.33335e-12
      1280.36  4.10268e-09  7.50121e-12
      1280.69  4.40928e-09  7.69283e-12
      1281.02  6.02607e-09  8.84934e-12
      1281.34  9.17573e-09  1.12712e-11
      1281.67  1.10220e-08  1.31287e-11
      1282.00  8.37691e-09  1.17843e-11
      1282.33  8.93756e-09  1.28433e-11
      1282.66  1.41549e-08  1.64913e-11
      1282.99  1.80631e-08  2.07455e-11
      1283.32  1.91185e-08  1.58119e-11
      1283.65  1.03593e-08  1.55912e-11
      1283.98  5.87158e-09  9.49241e-12
      1284.31  3.28909e-09  7.42743e-12
      1284.64  2.40130e-09  6.88844e-12
      1284.97  2.40334e-09  7.16188e-12
      1285.30  2.90814e-09  7.81408e-12
      1285.63  2.40728e-09  7.00064e-12
      1285.96  2.25931e-09  6.36393e-12
      1286.29  3.69250e-09  7.09128e-12
      1286.62  5.20551e-09  7.89170e-12
      1286.95  4.83693e-09  7.26070e-12
      1287.28  6.42837e-09  8.35052e-12
      1287.61  1.14081e-08  1.16672e-11
      1287.95  1.35563e-08  1.30476e-11
      1288.28  1.34150e-08  1.33408e-11
      1288.61  1.34334e-08  1.36362e-11
      1288.94  1.31090e-08  1.37064e-11
      1289.27  9.10422e-09  1.10618e-11
      1289.61  6.66182e-09  9.86100e-12
      1289.94  5.11556e-09  9.09998e-12
      1290.27  3.38290e-09  7.85040e-12
      1290.61  2.89294e-09  8.28848e-12
      1290.94  2.10214e-09  7.54363e-12
      1291.27  1.51880e-09  7.30936e-12
      1291.61  1.86893e-09  7.76619e-12
      1291.94  3.25687e-09  8.07217e-12
      1292.27  5.89297e-09  9.22686e-12
      1292.61  8.77471e-09  1.14334e-11
      1292.94  6.27877e-09  1.02942e-11
      1293.28  4.49813e-09  1.01127e-11
      1293.61  6.12909e-09  1.05747e-11
      1293.95  8.02077e-09  1.02512e-11
      1294.28  1.22893e-08  1.23563e-11
      1294.62  1.36236e-08  1.26042e-11
      1294.95  1.12590e-08  1.08552e-11
      1295.29  1.07571e-08  1.07177e-11
      1295.62  9.02259e-09  1.00156e-11
      1295.96  6.44893e-09  8.94921e-12
      1296.29  5.59749e-09  9.01727e-12
      1296.63  5.92670e-09  9.83529e-12
      1296.97  7.63918e-09  1.17223e-11
      1297.30  1.23031e-08  1.44602e-11
      1297.64  1.63285e-08  1.67001e-11
      1297.98  1.34538e-08  1.47759e-11
      1298.31  8.25813e-09  1.15526e-11
      1298.65  4.39574e-09  8.65112e-12
      1298.99  3.39818e-09  7.51343e-12
      1299.33  6.38742e-09  9.82650e-12
      1299.66  1.19056e-08  1.36307e-11
      1300.00  1.31047e-08  1.36090e-11
      1300.34  1.11714e-08  1.20711e-11
      1300.68  7.30644e-09  8.98736e-12
      1301.02  7.82860e-09  8.71136e-12
      1301.35  1.43584e-08  1.21389e-11
      1301.69  1.68644e-08  1.29199e-11
      1302.03  1.62375e-08  1.33388e-11
      1302.37  1.42032e-08  1.27502e-11
      1302.71  1.68812e-08  1.50752e-11
      1303.05  1.85359e-08  1.58480e-11
      1303.39  2.13713e-08  1.73177e-11
      1303.73  2.29878e-08  1.79365e-11
      1304.07  2.11990e-08  1.71915e-11
      1304.41  2.16313e-08  1.79401e-11
      1304.75  2.30953e-08  1.94634e-11
      1305.09  2.44162e-08  2.05673e-11
      1305.43  2.92027e-08  2.27258e-11
      1305.77  3.50163e-08  2.34820e-11
      1306.11  3.45048e-08  2.19793e-11
      1306.46  2.30451e-08  1.72162e-11
      1306.80  1.05060e-08  1.16263e-11
      1307.14  5.05381e-09  8.36285e-12
      1307.48  3.44408e-09  7.66486e-12
      1307.82  2.58739e-09  6.70316e-12
      1308.16  2.62900e-09  6.67645e-12
      1308.51  3.15427e-09  7.03443e-12
      1308.85  2.48638e-09  6.36791e-12
      1309.19  1.72095e-09  5.70185e-12
      1309.53  1.54923e-09  5.63594e-12
      1309.88  1.53114e-09  5.64984e-12
      1310.22  1.69640e-09  6.07194e-12
      1310.56  2.34029e-09  7.01862e-12
      1310.91  4.66797e-09  9.47928e-12
      1311.25  9.06692e-09  1.39306e-11
      1311.60  8.84326e-09  1.33453e-11
      1311.94  4.82936e-09  9.28568e-12
      1312.28  2.39176e-09  6.72317e-12
      1312.63  1.54122e-09  5.50307e-12
      1312.97  1.29027e-09  4.91964e-12
      1313.32  1.89708e-09  5.55260e-12
      1313.66  3.25948e-09  6.99832e-12
      1314.01  2.62221e-09  6.37569e-12
      1314.35  1.36203e-09  5.20943e-12
      1314.70  9.88910e-10  4.94131e-12
      1315.05  9.92294e-10  4.91340e-12
      1315.39  1.16735e-09  4.94377e-12
      1315.74  1.60356e-09  5.51400e-12
      1316.08  2.70652e-09  6.92201e-12
      1316.43  5.95208e-09  1.00783e-11
      1316.78  9.97873e-09  1.40222e-11
      1317.12  7.74593e-09  1.25331e-11
      1317.47  3.47843e-09  8.91722e-12
      1317.82  1.91669e-09  7.54183e-12
      1318.17  2.07103e-09  7.55624e-12
      1318.51  3.58145e-09  7.44489e-12
      1318.86  4.34979e-09  7.97636e-12
      1319.21  2.79463e-09  6.48039e-12
      1319.56  1.53792e-09  5.32991e-12
      1319.91  1.55430e-09  5.61750e-12
      1320.25  1.55288e-09  5.61577e-12
      1320.60  1.55775e-09  5.47152e-12
      1320.95  1.98178e-09  5.74543e-12
      1321.30  3.04496e-09  6.61558e-12
      1321.65  6.87135e-09  9.44130e-12
      1322.00  1.28202e-08  1.37301e-11
      1322.35  1.05154e-08  1.30236e-11
      1322.70  5.06838e-09  9.77418e-12
      1323.05  3.04898e-09  8.52075e-12
      1323.40  3.46062e-09  9.27888e-12
      1323.75  4.15806e-09  9.36011e-12
      1324.10  4.33328e-09  8.56711e-12
      1324.45  3.02241e-09  6.75966e-12
      1324.80  2.07869e-09  5.77759e-12
      