227
      1249.95  1.04907e-08  2.41051e-11
      1250.27  5.02277e-09  1.76355e-11
      1250.58  7.27385e-10  1.38749e-11
      1250.89  5.51788e-10  1.34470e-11
      1251.20  8.04876e-10  1.05792e-11
      1251.52  1.48026e-09  1.09032e-11
      1251.83  2.77521e-09  1.28970e-11
      1252.14  3.65177e-09  1.21573e-11
      1252.46  3.45851e-09  1.09002e-11
      1252.77  3.26005e-09  1.03124e-11
      1253.09  5.86384e-09  1.29859e-11
      1253.40  1.18595e-08  1.76743e-11
      1253.71  1.49943e-08  1.97359e-11
      1254.03  8.90276e-09  1.45559e-11
      1254.34  4.01993e-09  9.94719e-12
      1254.66  5.15504e-09  1.07316e-11
      1254.97  8.84167e-09  1.52266e-11
      1255.29  5.64094e-09  1.30996e-11
      1255.60  2.15989e-09  8.90115e-12
      1255.92  2.61839e-09  9.70220e-12
      1256.23  4.88233e-09  1.16462e-11
      1256.55  8.24210e-09  1.48669e-11
      1256.87  5.86274e-09  1.21200e-11
      1257.18  2.44836e-09  8.35556e-12
      1257.50  1.69515e-09  7.42328e-12
      1257.81  1.99907e-09  7.89458e-12
      1258.13  2.60356e-09  8.94995e-12
      1258.45  2.62467e-09  9.26687e-12
      1258.76  2.80542e-09  9.56710e-12
      1259.08  5.37798e-09  1.18751e-11
      1259.40  1.16525e-08  1.64564e-11
      1259.72  1.61650e-08  1.87945e-11
      1260.03  1.22363e-08  1.56803e-11
      1260.35  8.84281e-09  1.28006e-11
      1260.67  1.15004e-08  1.53685e-11
      1260.99  1.07251e-08  1.50931e-11
      1261.30  8.42953e-09  1.34812e-11
      1261.62  1.09147e-08  1.64431e-11
      1261.94  1.17378e-08  1.81043e-11
      1262.26  1.30988e-08  2.21839e-11
      1262.58  9.73278e-09  1.80873e-11
      1262.90  9.83008e-09  1.74138e-11
      1263.22  1.57499e-08  2.24798e-11
      1263.54  1.09534e-08  1.61071e-11
      1263.86  4.55637e-09  1.92290e-11
      1264.17  3.91159e-09  1.35441e-11
      1264.49  2.64992e-09  9.61028e-12
      1264.81  3.32808e-09  9.19283e-12
      1265.13  7.38530e-09  1.21767e-11
      1265.45  1.18683e-08  1.48165e-11
      1265.77  1.05651e-08  1.35073e-11
      1266.10  5.96360e-09  1.09106e-11
      1266.42  2.83472e-09  9.35314e-12
      1266.74  2.17058e-09  7.74650e-12
      1267.06  3.10327e-09  8.20817e-12
      1267.38  7.26459e-09  1.17875e-11
      1267.70  1.40846e-08  1.68378e-11
      1268.02  1.50695e-08  1.64784e-11
      1268.34  1.50494e-08  1.62470e-11
      1268.67  1.34901e-08  1.45218e-11
      1268.99  1.37222e-08  1.48277e-11
      1269.31  1.04953e-08  1.29461e-11
      1269.63  6.64804e-09  1.07747e-11
      1269.95  5.48244e-09  1.04478e-11
      1270.28  6.82086e-09  1.16351e-11
      1270.60  1.20686e-08  1.57294e-11
      1270.92  1.48353e-08  1.71399e-11
      1271.25  1.66803e-08  1.88834e-11
      1271.57  1.62050e-08  1.73014e-11
      1271.89  9.85574e-09  1.26866e-11
      1272.22  4.22290e-09  8.84203e-12
      1272.54  2.63253e-09  8.78851e-12
      1272.86  2.22912e-09  1.00221e-11
      1273.19  2.13477e-09  1.03525e-11
      1273.51  2.42283e-09  1.23762e-11
      1273.84  3.38685e-09  1.20473e-11
      1274.16  4.32639e-09  1.42040e-11
      1274.49  5.61301e-09  1.09018e-11
      1274.81  9.95347e-09  1.21121e-11
      1275.14  1.39716e-08  1.44023e-11
      1275.46  1.28398e-08  1.43654e-11
      1275.79  8.47134e-09  1.30468e-11
      1276.11  5.02202e-09  1.02896e-11
      1276.44  6.91589e-09  1.12157e-11
      1276.76  1.27006e-08  1.54292e-11
      1277.09  1.29463e-08  1.49577e-11
      1277.42  1.37991e-08  1.78666e-11
      1277.74  8.85407e-09  1.35934e-11
      1278.07  3.96015e-09  8.26459e-12
      1278.40  2.30053e-09  7.01090e-12
      1278.72  1.75964e-09  6.72907e-12
      1279.05  1.75038e-09  7.03240e-12
      1279.38  2.45630e-09  7.90404e-12
      1279.71  3.88134e-09  9.17245e-12
      1280.03  5.31174e-09  1.02474e-11
      1280.36  4.97726e-09  9.39975e-12
      1280.69  5.23344e-09  9.60106e-12
      1281.02  7.05083e-09  1.08475e-11
      1281.34  1.05470e-08  1.43070e-11
      1281.67  1.41905e-08  2.05662e-11
      1282.00  1.20783e-08  2.22462e-11
      1282.33  1.14665e-08  2.50628e-11
      1282.66  1.80010e-08  3.75948e-11
      1282.99  1.84542e-08  2.91833e-11
      1283.32  1.81897e-08  2.29905e-11
      1283.65  1.18295e-08  1.64807e-11
      1283.98  5.89149e-09  1.02748e-11
      1284.31  3.38744e-09  8.07599e-12
      1284.64  2.45921e-09  7.54033e-12
      1284.97  2.45178e-09  7.76911e-12
      1285.30  3.06904e-09  8.75236e-12
      1285.63  2.61707e-09  7.97385e-12
      1285.96  2.37838e-09  7.26046e-12
      1286.29  3.86347e-09  8.40642e-12
      1286.62  5.70640e-09  9.83036e-12
      1286.95  5.45541e-09  9.49265e-12
      1287.28  6.81062e-09  1.06065e-11
      1287.61  1.23242e-08  1.50492e-11
      1287.95  1.53404e-08  1.68069e-11
      1288.28  1.54206e-08  1.67569e-11
      1288.61  1.55240e-08  1.64852e-11
      1288.94  1.56199e-08  1.63419e-11
      1289.27  1.26331e-08  1.59318e-11
      1289.61  9.37888e-09  1.64860e-11
      1289.94  8.85160e-09  2.28759e-11
      1290.27  5.32060e-09  1.56684e-11
      1290.61  1.88332e-09  1.66574e-11
      1290.94  1.78936e-09  1.32938e-11
      1291.27  1.58442e-09  9.28861e-12
      1291.61  1.93594e-09  7.78507e-12
      1291.94  3.16230e-09  7.84790e-12
      1292.27  5.74784e-09  9.42053e-12
      1292.61  9.07130e-09  1.26757e-11
      1292.94  7.31502e-09  1.32235e-11
      1293.28  5.22110e-09  1.24114e-11
      1293.61  6.73218e-09  1.21787e-11
      1293.95  8.33107e-09  1.20815e-11
      1294.28  1.30830e-08  1.50841e-11
      1294.62  1.52760e-08  1.57945e-11
      1294.95  1.27578e-08  1.36364e-11
      1295.29  1.23250e-08  1.36442e-11
      1295.62  1.08909e-08  1.29387e-11
      1295.96  7.90637e-09  1.13470e-11
      1296.29  6.81392e-09  1.12626e-11
      1296.63  7.39018e-09  1.33235e-11
      1296.97  8.88594e-09  2.07877e-11
      1297.30  9.32814e-09  2.81117e-11
      1297.64  1.02809e-08  2.80463e-11
      1297.98  9.99304e-09  2.53197e-11
      1298.31  8.24617e-09  1.64879e-11
      1298.65  4.57463e-09  1.11891e-11
      1298.99  3.37534e-09  8.16216e-12
      1299.33  6.18049e-09  1.02402e-11
      1299.66  1.16494e-08  1.42399e-11
      1300.00  1.35826e-08  1.50123e-11
      1300.34  1.19495e-08  1.39253e-11
      1300.68  8.22202e-09  1.10851e-11
      1301.02  8.22231e-09  1.06094e-11
      1301.35  1.49000e-08  1.47614e-11
      1301.69  1.84303e-08  1.65003e-11
      1302.03  1.82432e-08  1.71469e-11
      1302.37  1.61094e-08  1.61211e-11
      1302.71  1.86759e-08  1.77934e-11
      1303.05  2.09188e-08  1.83619e-11
      1303.39  2.41702e-08  2.09759e-11
      1303.73  2.91209e-08  3.08482e-11
      1304.07  3.02173e-08  4.34183e-11
      1304.41  2.29577e-08  4.31374e-11
      1304.75  2.30765e-08  3.99431e-11
      1305.09  2.43084e-08  2.90052e-11
      1305.43  2.97807e-08  2.77343e-11
      1305.77  3.49540e-08  2.51091e-11
      1306.11  3.52477e-08  2.28606e-11
      1306.46  2.51017e-08  1.93366e-11
      1306.80  1.19526e-08  1.36955e-11
      1307.14  5.63648e-09  9.71958e-12
      1307.48  4.19882e-09  1.00599e-11
      1307.82  3.15993e-09  9.39904e-12
      1308.16  3.00126e-09  8.32061e-12
      1308.51  3.66352e-09  8.81062e-12
      1308.85  3.16620e-09  8.10568e-12
      1309.19  2.19467e-09  6.81305e-12
      1309.53  1.97460e-09  6.59313e-12
      1309.88  2.07230e-09  7.47460e-12
      1310.22  2.33854e-09  1.17210e-11
      1310.56  2.80784e-09  1.43276e-11
      1310.91  1.09649e-08  3.16325e-11
      1311.25  1.07818e-08  2.77907e-11
      1311.60  9.09695e-09  1.74908e-11
      1311.94  4.85809e-09  1.04399e-11
      1312.28  2.59883e-09  7.06232e-12
      1312.63  1.68104e-09  6.02625e-12
      1312.97  1.39758e-09  5.80658e-12
      1313.32  1.94487e-09  6.62728e-12
      1313.66  3.47647e-09  8.55994e-12
      1314.01  3.13089e-09  8.41363e-12
      1314.35  1.72447e-09  6.64018e-12
      1314.70  1.22545e-09  6.05048e-12
      1315.05  1.21333e-09  5.80024e-12
      1315.39  1.41979e-09  5.89550e-12
      1315.74  1.89326e-09  6.67396e-12
      1316.08  2.87923e-09  1.07134e-11
      1316.43  3.50652e-09  1.74659e-11
      1316.78  3.27558e-09  1.48375e-11
      1317.12  2.28273e-09  1.61355e-11
      1317.47  2.23784e-09  1.46506e-11
      1317.82  2.00640e-09  9.74171e-12
      1318.17  2.14958e-09  7.38552e-12
      1318.51  3.56065e-09  7.83845e-12
      1318.86  4.62813e-09  8.96663e-12
      1319.21  3.20691e-09  7.83378e-12
      1319.56  1.76178e-09  6.48914e-12
      1319.91  1.74981e-09  6.95588e-12
      1320.25  1.81563e-09  7.00724e-12
      1320.60  1.81759e-09  6.73408e-12
      1320.95  2.28041e-09  6.88588e-12
      1321.30  3.34158e-09  7.60350e-12
      1321.65  6.35376e-09  1.06918e-11
      1322.00  1.41320e-08  2.43440e-11
      1322.35  1.79599e-08  3.57438e-11
      1322.70  5.14329e-09  1.88368e-11
      1323.05  3.98871e-09  1.98291e-11
      1323.40  4.06579e-09  1.69803e-11
      1323.75  4.46704e-09  1.22000e-11
      1324.10  4.55231e-09  9.98188e-12
      1324.45  3.29868e-09  7.65015e-12
      1324.80  2.25969e-09  7.18676e-12
      