227
      1249.95  0.00000e+00  0.00000e+00
      1250.27  4.59595e-10  1.88131e-11
      1250.58  4.69031e-10  1.80391e-11
      1250.89  5.31898e-10  1.41086e-11
      1251.20  7.34901e-10  1.15359e-11
      1251.52  8.69862e-10  1.58269e-11
      1251.83  2.75314e-09  1.73241e-11
      1252.14  3.75167e-09  2.32699e-11
      1252.46  3.53379e-09  1.64848e-11
      1252.77  3.38002e-09  1.48120e-11
      1253.09  5.86837e-09  1.82791e-11
      1253.40  1.18904e-08  2.46992e-11
      1253.71  1.54722e-08  2.76402e-11
      1254.03  9.58132e-09  2.06532e-11
      1254.34  4.31172e-09  1.40085e-11
      1254.66  4.41755e-09  1.61369e-11
      1254.97  5.32443e-09  2.43202e-11
      1255.29  5.50150e-09  2.63964e-11
      1255.60  0.00000e+00  0.00000e+00
      1255.92  0.00000e+00  0.00000e+00
      1256.23  0.00000e+00  0.00000e+00
      1256.55  0.00000e+00  0.00000e+00
      1256.87  0.00000e+00  0.00000e+00
      1257.18  0.00000e+00  0.00000e+00
      1257.50  0.00000e+00  0.00000e+00
      1257.81  0.00000e+00  0.00000e+00
      1258.13  0.00000e+00  0.00000e+00
      1258.45  0.00000e+00  0.00000e+00
      1258.76  0.00000e+00  0.00000e+00
      1259.08  0.00000e+00  0.00000e+00
      1259.40  0.00000e+00  0.00000e+00
      1259.72  0.00000e+00  0.00000e+00
      1260.03  0.00000e+00  0.00000e+00
      1260.35  0.00000e+00  0.00000e+00
      1260.67  0.00000e+00  0.00000e+00
      1260.99  0.00000e+00  0.00000e+00
      1261.30  0.00000e+00  0.00000e+00
      1261.62  0.00000e+00  0.00000e+00
      1261.94  0.00000e+00  0.00000e+00
      1262.26  0.00000e+00  0.00000e+00
      1262.58  0.00000e+00  0.00000e+00
      1262.90  0.00000e+00  0.00000e+00
      1263.22  0.00000e+00  0.00000e+00
      1263.54  0.00000e+00  0.00000e+00
      1263.86  2.29262e-09  1.97528e-11
      1264.17  2.30447e-09  1.93213e-11
      1264.49  2.40974e-09  1.65904e-11
      1264.81  3.38349e-09  1.29712e-11
      1265.13  7.37255e-09  1.68320e-11
      1265.45  1.20758e-08  2.06239e-11
      1265.77  1.11523e-08  1.91814e-11
      1266.10  6.59482e-09  1.59320e-11
      1266.42  4.69345e-09  1.96588e-11
      1266.74  4.37260e-09  2.11647e-11
      1267.06  0.00000e+00  0.00000e+00
      1267.38  0.00000e+00  0.00000e+00
      1267.70  0.00000e+00  0.00000e+00
      1268.02  0.00000e+00  0.00000e+00
      1268.34  0.00000e+00  0.00000e+00
      1268.67  0.00000e+00  0.00000e+00
      1268.99  0.00000e+00  0.00000e+00
      1269.31  0.00000e+00  0.00000e+00
      1269.63  0.00000e+00  0.00000e+00
      1269.95  0.00000e+00  0.00000e+00
      1270.28  0.00000e+00  0.00000e+00
      1270.60  0.00000e+00  0.00000e+00
      1270.92  0.00000e+00  0.00000e+00
      1271.25  0.00000e+00  0.00000e+00
      1271.57  0.00000e+00  0.00000e+00
      1271.89  0.00000e+00  0.00000e+00
      1272.22  0.00000e+00  0.00000e+00
      1272.54  0.00000e+00  0.00000e+00
      1272.86  0.00000e+00  0.00000e+00
      1273.19  0.00000e+00  0.00000e+00
      1273.51  0.00000e+00  0.00000e+00
      1273.84  4.35757e-09  2.02677e-11
      1274.16  4.51958e-09  1.94328e-11
      1274.49  5.65354e-09  1.57791e-11
      1274.81  9.94376e-09  1.67671e-11
      1275.14  1.44340e-08  2.04884e-11
      1275.46  1.36863e-08  2.09217e-11
      1275.79  1.16645e-08  2.73760e-11
      1276.11  1.12181e-08  3.09872e-11
      1276.44  0.00000e+00  0.00000e+00
      1276.76  0.00000e+00  0.00000e+00
      1277.09  0.00000e+00  0.00000e+00
      1277.42  0.00000e+00  0.00000e+00
      1277.74  0.00000e+00  0.00000e+00
      1278.07  0.00000e+00  0.00000e+00
      1278.40  0.00000e+00  0.00000e+00
      1278.72  0.00000e+00  0.00000e+00
      1279.05  0.00000e+00  0.00000e+00
      1279.38  0.00000e+00  0.00000e+00
      1279.71  0.00000e+00  0.00000e+00
      1280.03  0.00000e+00  0.00000e+00
      1280.36  0.00000e+00  0.00000e+00
      1280.69  0.00000e+00  0.00000e+00
      1281.02  0.00000e+00  0.00000e+00
      1281.34  0.00000e+00  0.00000e+00
      1281.67  0.00000e+00  0.00000e+00
      1282.00  0.00000e+00  0.00000e+00
      1282.33  1.79272e-08  3.92562e-11
      1282.66  1.79973e-08  3.77772e-11
      1282.99  1.84177e-08  2.97861e-11
      1283.32  1.83376e-08  2.32038e-11
      1283.65  1.33038e-08  1.94257e-11
      1283.98  8.14099e-09  1.91106e-11
      1284.31  6.83340e-09  2.32911e-11
      1284.64  6.65709e-09  2.41310e-11
      1284.97  0.00000e+00  0.00000e+00
      1285.30  0.00000e+00  0.00000e+00
      1285.63  0.00000e+00  0.00000e+00
      1285.96  0.00000e+00  0.00000e+00
      1286.29  0.00000e+00  0.00000e+00
      1286.62  0.00000e+00  0.00000e+00
      1286.95  0.00000e+00  0.00000e+00
      1287.28  0.00000e+00  0.00000e+00
      1287.61  0.00000e+00  0.00000e+00
      1287.95  0.00000e+00  0.00000e+00
      1288.28  0.00000e+00  0.00000e+00
      1288.61  0.00000e+00  0.00000e+00
      1288.94  0.00000e+00  0.00000e+00
      1289.27  0.00000e+00  0.00000e+00
      1289.61  0.00000e+00  0.00000e+00
      1289.94  0.00000e+00  0.00000e+00
      1290.27  1.89679e-09  1.72122e-11
      1290.61  1.88478e-09  1.67193e-11
      1290.94  1.79931e-09  1.36086e-11
      1291.27  1.56955e-09  9.95574e-12
      1291.61  1.51786e-09  1.33074e-11
      1291.94  1.52109e-09  1.52599e-11
      1292.27  1.52180e-09  1.55383e-11
      1292.61  0.00000e+00  0.00000e+00
      1292.94  0.00000e+00  0.00000e+00
      1293.28  0.00000e+00  0.00000e+00
      1293.61  0.00000e+00  0.00000e+00
      1293.95  0.00000e+00  0.00000e+00
      1294.28  0.00000e+00  0.00000e+00
      1294.62  0.00000e+00  0.00000e+00
      1294.95  0.00000e+00  0.00000e+00
      1295.29  0.00000e+00  0.00000e+00
      1295.62  0.00000e+00  0.00000e+00
      1295.96  0.00000e+00  0.00000e+00
      1296.29  0.00000e+00  0.00000e+00
      1296.63  0.00000e+00  0.00000e+00
      1296.97  0.00000e+00  0.00000e+00
      1297.30  0.00000e+00  0.00000e+00
      1297.64  1.02861e-08  2.81186e-11
      1297.98  1.00313e-08  2.56626e-11
      1298.31  8.45428e-09  1.69896e-11
      1298.65  5.71940e-09  1.61582e-11
      1298.99  4.77612e-09  2.05637e-11
      1299.33  4.64034e-09  2.15228e-11
      1299.66  0.00000e+00  0.00000e+00
      1300.00  0.00000e+00  0.00000e+00
      1300.34  0.00000e+00  0.00000e+00
      1300.68  0.00000e+00  0.00000e+00
      1301.02  0.00000e+00  0.00000e+00
      1301.35  0.00000e+00  0.00000e+00
      1301.69  0.00000e+00  0.00000e+00
      1302.03  0.00000e+00  0.00000e+00
      1302.37  0.00000e+00  0.00000e+00
      1302.71  0.00000e+00  0.00000e+00
      1303.05  0.00000e+00  0.00000e+00
      1303.39  0.00000e+00  0.00000e+00
      1303.73  0.00000e+00  0.00000e+00
      1304.07  0.00000e+00  0.00000e+00
      1304.41  2.29343e-08  4.33175e-11
      1304.75  2.30470e-08  4.04410e-11
      1305.09  2.36676e-08  3.14613e-11
      1305.43  2.43774e-08  4.07796e-11
      1305.77  2.45289e-08  4.47402e-11
      1306.11  0.00000e+00  0.00000e+00
      1306.46  0.00000e+00  0.00000e+00
      1306.80  0.00000e+00  0.00000e+00
      1307.14  0.00000e+00  0.00000e+00
      1307.48  0.00000e+00  0.00000e+00
      1307.82  0.00000e+00  0.00000e+00
      1308.16  0.00000e+00  0.00000e+00
      1308.51  0.00000e+00  0.00000e+00
      1308.85  0.00000e+00  0.00000e+00
      1309.19  0.00000e+00  0.00000e+00
      1309.53  0.00000e+00  0.00000e+00
      1309.88  0.00000e+00  0.00000e+00
      1310.22  0.00000e+00  0.00000e+00
      1310.56  1.09864e-08  3.21412e-11
      1310.91  1.09864e-08  3.21412e-11
      1311.25  1.09864e-08  3.21412e-11
      1311.60  1.09864e-08  3.21412e-11
      1311.94  1.09864e-08  3.21412e-11
      1312.28  0.00000e+00  0.00000e+00
      1312.63  0.00000e+00  0.00000e+00
      1312.97  0.00000e+00  0.00000e+00
      1313.32  0.00000e+00  0.00000e+00
      1313.66  0.00000e+00  0.00000e+00
      1314.01  0.00000e+00  0.00000e+00
      1314.35  0.00000e+00  0.00000e+00
      1314.70  0.00000e+00  0.00000e+00
      1315.05  0.00000e+00  0.00000e+00
      1315.39  0.00000e+00  0.00000e+00
      1315.74  0.00000e+00  0.00000e+00
      1316.08  0.00000e+00  0.00000e+00
      1316.43  0.00000e+00  0.00000e+00
      1316.78  0.00000e+00  0.00000e+00
      1317.12  0.00000e+00  0.00000e+00
      1317.47  0.00000e+00  0.00000e+00
      1317.82  0.00000e+00  0.00000e+00
      1318.17  0.00000e+00  0.00000e+00
      1318.51  0.00000e+00  0.00000e+00
      1318.86  0.00000e+00  0.00000e+00
      1319.21  0.00000e+00  0.00000e+00
      1319.56  0.00000e+00  0.00000e+00
      1319.91  0.00000e+00  0.00000e+00
      1320.25  0.00000e+00  0.00000e+00
      1320.60  0.00000e+00  0.00000e+00
      1320.95  0.00000e+00  0.00000e+00
      1321.30  0.00000e+00  0.00000e+00
      1321.65  0.00000e+00  0.00000e+00
      1322.00  0.00000e+00  0.00000e+00
      1322.35  0.00000e+00  0.00000e+00
      1322.70  0.00000e+00  0.00000e+00
      1323.05  0.00000e+00  0.00000e+00
      1323.40  0.00000e+00  0.00000e+00
      1323.75  0.00000e+00  0.00000e+00
      1324.10  0.00000e+00  0.00000e+00
      1324.45  0.00000e+00  0.00000e+00
      1324.80  0.00000e+00  0.00000e+00
      