227
      1249.95  7.42498e-09  1.47873e-11
      1250.27  3.23598e-09  1.08807e-11
      1250.58  8.36753e-10  8.07545e-12
      1250.89  5.54127e-10  7.65242e-12
      1251.20  8.36634e-10  7.37704e-12
      1251.52  1.54548e-09  7.72828e-12
      1251.83  2.90393e-09  8.93991e-12
      1252.14  3.77233e-09  9.77857e-12
      1252.46  3.51857e-09  9.73122e-12
      1252.77  3.31385e-09  9.91888e-12
      1253.09  6.05982e-09  1.28964e-11
      1253.40  1.20637e-08  1.79225e-11
      1253.71  1.47644e-08  1.98286e-11
      1254.03  8.39962e-09  1.45803e-11
      1254.34  3.78413e-09  1.01536e-11
      1254.66  5.11017e-09  1.12108e-11
      1254.97  8.49266e-09  1.49799e-11
      1255.29  5.13664e-09  1.20810e-11
      1255.60  2.02178e-09  8.89515e-12
      1255.92  2.48217e-09  1.03243e-11
      1256.23  4.73580e-09  1.29962e-11
      1256.55  7.73143e-09  1.64540e-11
      1256.87  5.18997e-09  1.31595e-11
      1257.18  2.08252e-09  9.13976e-12
      1257.50  1.45121e-09  8.37103e-12
      1257.81  1.73296e-09  8.66218e-12
      1258.13  2.23457e-09  9.68636e-12
      1258.45  2.21548e-09  1.00810e-11
      1258.76  2.39989e-09  1.02049e-11
      1259.08  4.81848e-09  1.29467e-11
      1259.40  1.06455e-08  1.82647e-11
      1259.72  1.44045e-08  2.04098e-11
      1260.03  1.01555e-08  1.61276e-11
      1260.35  7.31369e-09  1.28598e-11
      1260.67  9.96511e-09  1.52981e-11
      1260.99  8.84621e-09  1.42096e-11
      1261.30  6.91586e-09  1.25414e-11
      1261.62  9.05666e-09  1.48137e-11
      1261.94  9.45035e-09  1.48590e-11
      1262.26  9.55772e-09  1.52630e-11
      1262.58  6.87150e-09  1.20999e-11
      1262.90  7.56533e-09  1.17857e-11
      1263.22  1.16847e-08  1.43828e-11
      1263.54  9.39535e-09  1.22220e-11
      1263.86  5.64137e-09  9.70110e-12
      1264.17  4.22696e-09  9.20042e-12
      1264.49  2.95559e-09  8.27145e-12
      1264.81  3.43655e-09  8.84190e-12
      1265.13  7.57169e-09  1.22869e-11
      1265.45  1.18993e-08  1.51729e-11
      1265.77  1.01937e-08  1.36598e-11
      1266.10  5.03630e-09  9.56958e-12
      1266.42  2.35082e-09  7.34506e-12
      1266.74  1.98149e-09  7.20741e-12
      1267.06  2.93174e-09  8.69074e-12
      1267.38  7.05899e-09  1.26319e-11
      1267.70  1.37073e-08  1.85570e-11
      1268.02  1.41529e-08  1.82562e-11
      1268.34  1.38496e-08  1.81818e-11
      1268.67  1.24358e-08  1.63746e-11
      1268.99  1.21406e-08  1.60017e-11
      1269.31  9.16675e-09  1.37818e-11
      1269.63  5.72386e-09  1.12724e-11
      1269.95  4.68715e-09  1.07553e-11
      1270.28  6.22270e-09  1.22486e-11
      1270.60  1.06764e-08  1.62906e-11
      1270.92  1.28218e-08  1.74237e-11
      1271.25  1.41203e-08  1.74000e-11
      1271.57  1.35631e-08  1.64950e-11
      1271.89  7.54910e-09  1.16641e-11
      1272.22  3.06738e-09  7.71742e-12
      1272.54  1.73707e-09  6.50712e-12
      1272.86  1.37154e-09  6.21945e-12
      1273.19  1.29447e-09  6.52107e-12
      1273.51  1.70749e-09  6.92994e-12
      1273.84  2.90918e-09  8.19201e-12
      1274.16  3.95786e-09  8.83774e-12
      1274.49  5.45305e-09  9.35540e-12
      1274.81  1.01975e-08  1.22156e-11
      1275.14  1.39672e-08  1.42177e-11
      1275.46  1.22249e-08  1.38053e-11
      1275.79  7.70195e-09  1.15734e-11
      1276.11  4.95663e-09  1.01406e-11
      1276.44  7.06702e-09  1.24322e-11
      1276.76  1.18891e-08  1.66585e-11
      1277.09  1.24258e-08  1.64264e-11
      1277.42  1.24446e-08  1.64151e-11
      1277.74  8.17974e-09  1.30684e-11
      1278.07  3.54381e-09  9.03784e-12
      1278.40  1.94006e-09  7.55509e-12
      1278.72  1.43970e-09  7.40806e-12
      1279.05  1.44767e-09  7.43988e-12
      1279.38  2.09909e-09  8.66080e-12
      1279.71  3.38523e-09  1.01120e-11
      1280.03  4.62982e-09  1.11450e-11
      1280.36  3.98069e-09  9.53088e-12
      1280.69  4.31153e-09  9.22814e-12
      1281.02  5.85815e-09  9.99842e-12
      1281.34  8.98630e-09  1.19887e-11
      1281.67  1.09697e-08  1.36099e-11
      1282.00  8.32410e-09  1.18885e-11
      1282.33  8.76099e-09  1.21257e-11
      1282.66  1.39020e-08  1.52565e-11
      1282.99  1.76980e-08  1.79415e-11
      1283.32  1.66175e-08  1.72720e-11
      1283.65  1.08290e-08  1.45010e-11
      1283.98  5.83354e-09  9.53766e-12
      1284.31  3.15434e-09  7.85755e-12
      1284.64  2.28643e-09  7.68318e-12
      1284.97  2.31937e-09  8.18371e-12
      1285.30  2.75281e-09  9.29617e-12
      1285.63  2.28694e-09  8.79334e-12
      1285.96  2.17701e-09  8.35529e-12
      1286.29  3.60619e-09  9.63590e-12
      1286.62  5.14509e-09  1.11922e-11
      1286.95  4.58656e-09  1.00590e-11
      1287.28  6.12985e-09  1.12876e-11
      1287.61  1.14918e-08  1.61050e-11
      1287.95  1.34475e-08  1.72857e-11
      1288.28  1.33178e-08  1.71259e-11
      1288.61  1.32417e-08  1.64528e-11
      1288.94  1.31163e-08  1.57909e-11
      1289.27  8.93985e-09  1.20206e-11
      1289.61  6.41450e-09  1.00614e-11
      1289.94  5.00046e-09  8.93717e-12
      1290.27  3.27699e-09  7.50293e-12
      1290.61  2.72943e-09  7.56988e-12
      1290.94  2.01954e-09  7.12120e-12
      1291.27  1.45758e-09  6.68063e-12
      1291.61  1.79310e-09  7.36876e-12
      1291.94  3.14296e-09  8.91301e-12
      1292.27  5.75391e-09  1.04631e-11
      1292.61  8.13289e-09  1.25359e-11
      1292.94  5.77491e-09  1.06880e-11
      1293.28  4.45045e-09  1.04686e-11
      1293.61  5.88494e-09  1.31740e-11
      1293.95  7.82491e-09  1.37394e-11
      1294.28  1.21420e-08  1.73771e-11
      1294.62  1.33904e-08  1.78847e-11
      1294.95  1.10097e-08  1.49549e-11
      1295.29  1.07384e-08  1.44904e-11
      1295.62  8.84609e-09  1.26416e-11
      1295.96  6.25734e-09  1.05285e-11
      1296.29  5.44223e-09  1.00676e-11
      1296.63  5.76412e-09  1.04157e-11
      1296.97  7.38529e-09  1.12989e-11
      1297.30  1.20800e-08  1.38978e-11
      1297.64  1.63057e-08  1.57438e-11
      1297.98  1.32088e-08  1.35221e-11
      1298.31  7.87535e-09  1.05236e-11
      1298.65  4.20596e-09  8.30569e-12
      1298.99  3.27597e-09  7.92222e-12
      1299.33  6.26883e-09  1.10462e-11
      1299.66  1.14737e-08  1.56016e-11
      1300.00  1.28034e-08  1.67499e-11
      1300.34  1.07733e-08  1.54060e-11
      1300.68  7.27952e-09  1.24117e-11
      1301.02  7.95368e-09  1.24872e-11
      1301.35  1.39302e-08  1.63755e-11
      1301.69  1.66103e-08  1.78194e-11
      1302.03  1.59232e-08  1.77341e-11
      1302.37  1.42516e-08  1.64822e-11
      1302.71  1.67358e-08  1.82677e-11
      1303.05  1.83478e-08  1.79457e-11
      1303.39  2.12860e-08  1.83072e-11
      1303.73  2.27444e-08  1.78445e-11
      1304.07  2.09418e-08  1.62371e-11
      1304.41  2.14526e-08  1.65304e-11
      1304.75  2.28149e-08  1.75245e-11
      1305.09  2.39790e-08  1.87410e-11
      1305.43  2.89018e-08  2.18847e-11
      1305.77  3.45211e-08  2.46400e-11
      1306.11  3.42313e-08  2.53566e-11
      1306.46  2.17732e-08  1.98630e-11
      1306.80  9.70621e-09  1.31341e-11
      1307.14  4.78880e-09  9.97705e-12
      1307.48  3.17841e-09  9.01638e-12
      1307.82  2.47901e-09  8.27197e-12
      1308.16  2.53182e-09  8.78721e-12
      1308.51  3.08888e-09  9.75995e-12
      1308.85  2.43155e-09  8.65154e-12
      1309.19  1.65087e-09  7.66968e-12
      1309.53  1.49930e-09  6.32744e-12
      1309.88  1.47899e-09  5.94773e-12
      1310.22  1.64752e-09  5.93256e-12
      1310.56  2.33318e-09  6.63648e-12
      1310.91  4.72346e-09  8.80976e-12
      1311.25  8.67746e-09  1.23594e-11
      1311.60  8.49182e-09  1.25069e-11
      1311.94  4.76301e-09  9.66962e-12
      1312.28  2.29907e-09  7.38599e-12
      1312.63  1.46841e-09  6.35342e-12
      1312.97  1.25209e-09  6.21781e-12
      1313.32  1.89656e-09  7.35276e-12
      1313.66  3.13238e-09  9.44070e-12
      1314.01  2.51379e-09  8.81652e-12
      1314.35  1.34346e-09  7.34557e-12
      1314.70  9.66096e-10  6.72457e-12
      1315.05  9.58851e-10  6.31319e-12
      1315.39  1.12338e-09  6.32058e-12
      1315.74  1.53232e-09  6.10568e-12
      1316.08  2.57278e-09  6.91668e-12
      1316.43  5.82129e-09  9.48170e-12
      1316.78  1.01001e-08  1.29286e-11
      1317.12  7.44473e-09  1.12665e-11
      1317.47  3.25751e-09  8.12559e-12
      1317.82  1.78821e-09  6.81063e-12
      1318.17  1.91635e-09  6.82040e-12
      1318.51  3.52647e-09  8.70668e-12
      1318.86  4.35605e-09  9.93644e-12
      1319.21  2.70862e-09  8.36158e-12
      1319.56  1.42769e-09  7.15041e-12
      1319.91  1.52104e-09  8.03976e-12
      1320.25  1.51673e-09  7.85837e-12
      1320.60  1.50702e-09  7.46602e-12
      1320.95  1.94736e-09  7.54177e-12
      1321.30  3.02374e-09  8.08156e-12
      1321.65  6.69081e-09  1.04600e-11
      1322.00  1.27019e-08  1.42442e-11
      1322.35  1.04723e-08  1.27310e-11
      1322.70  4.85000e-09  8.93264e-12
      1323.05  2.93368e-09  7.82712e-12
      1323.40  3.31976e-09  8.47053e-12
      1323.75  4.01771e-09  9.10896e-12
      1324.10  4.10246e-09  9.30760e-12
      1324.45  2.90808e-09  8.11643e-12
      1324.80  1.97188e-09  7.34102e-12
      