227
      1249.95  9.83978e-09  1.58152e-11
      1250.27  4.79020e-09  1.14103e-11
      1250.58  1.60935e-09  7.75619e-12
      1250.89  1.15935e-09  6.81088e-12
      1251.20  1.51361e-09  6.86736e-12
      1251.52  2.35978e-09  7.54732e-12
      1251.83  4.03790e-09  9.27607e-12
      1252.14  5.22159e-09  1.06450e-11
      1252.46  4.99598e-09  1.05602e-11
      1252.77  4.65993e-09  1.02731e-11
      1253.09  7.80194e-09  1.22171e-11
      1253.40  1.48348e-08  1.57958e-11
      1253.71  1.82419e-08  1.67895e-11
      1254.03  1.11502e-08  1.23941e-11
      1254.34  5.43497e-09  8.62989e-12
      1254.66  6.79546e-09  9.62928e-12
      1254.97  1.06587e-08  1.28336e-11
      1255.29  7.06250e-09  1.05434e-11
      1255.60  3.22417e-09  7.78760e-12
      1255.92  3.59032e-09  8.38323e-12
      1256.23  6.24007e-09  9.87528e-12
      1256.55  1.04032e-08  1.26551e-11
      1256.87  7.16298e-09  1.00840e-11
      1257.18  3.20532e-09  7.05407e-12
      1257.50  2.39687e-09  6.67451e-12
      1257.81  2.76573e-09  7.34952e-12
      1258.13  3.48866e-09  8.34386e-12
      1258.45  3.45575e-09  8.48659e-12
      1258.76  3.65387e-09  8.86450e-12
      1259.08  6.58055e-09  1.06673e-11
      1259.40  1.35411e-08  1.46578e-11
      1259.72  1.82835e-08  1.67079e-11
      1260.03  1.37484e-08  1.41384e-11
      1260.35  1.00318e-08  1.20482e-11
      1260.67  1.26785e-08  1.44674e-11
      1260.99  1.17745e-08  1.43191e-11
      1261.30  9.49287e-09  1.28784e-11
      1261.62  1.15751e-08  1.46997e-11
      1261.94  1.23180e-08  1.44721e-11
      1262.26  1.23688e-08  1.42732e-11
      1262.58  9.18451e-09  1.15079e-11
      1262.90  9.69941e-09  1.12268e-11
      1263.22  1.46064e-08  1.42516e-11
      1263.54  1.20502e-08  1.28859e-11
      1263.86  7.59187e-09  1.04222e-11
      1264.17  5.91069e-09  9.58193e-12
      1264.49  4.25391e-09  8.24217e-12
      1264.81  4.63744e-09  8.10630e-12
      1265.13  9.48445e-09  1.05636e-11
      1265.45  1.48824e-08  1.27292e-11
      1265.77  1.31514e-08  1.16967e-11
      1266.10  6.92245e-09  8.36965e-12
      1266.42  3.52283e-09  6.47544e-12
      1266.74  3.04135e-09  6.46653e-12
      1267.06  4.14814e-09  7.31196e-12
      1267.38  8.95352e-09  1.02139e-11
      1267.70  1.71772e-08  1.44946e-11
      1268.02  1.79941e-08  1.39664e-11
      1268.34  1.78114e-08  1.39298e-11
      1268.67  1.60619e-08  1.28750e-11
      1268.99  1.59509e-08  1.36138e-11
      1269.31  1.23331e-08  1.23551e-11
      1269.63  7.98014e-09  1.05859e-11
      1269.95  6.63086e-09  1.02787e-11
      1270.28  8.25180e-09  1.13229e-11
      1270.60  1.37174e-08  1.44191e-11
      1270.92  1.64390e-08  1.50278e-11
      1271.25  1.78055e-08  1.50863e-11
      1271.57  1.73205e-08  1.49527e-11
      1271.89  1.03149e-08  1.15339e-11
      1272.22  4.51472e-09  8.08868e-12
      1272.54  2.75854e-09  7.04178e-12
      1272.86  2.25088e-09  6.82483e-12
      1273.19  2.12641e-09  6.70171e-12
      1273.51  2.60190e-09  6.74710e-12
      1273.84  4.02718e-09  7.54038e-12
      1274.16  5.33622e-09  7.94496e-12
      1274.49  7.13817e-09  8.42899e-12
      1274.81  1.25579e-08  1.11366e-11
      1275.14  1.71644e-08  1.33022e-11
      1275.46  1.54512e-08  1.27651e-11
      1275.79  1.01585e-08  1.05791e-11
      1276.11  6.69649e-09  8.73404e-12
      1276.44  8.94955e-09  9.67012e-12
      1276.76  1.50678e-08  1.26195e-11
      1277.09  1.56143e-08  1.20562e-11
      1277.42  1.62783e-08  1.29228e-11
      1277.74  1.09952e-08  1.06867e-11
      1278.07  5.11573e-09  7.87079e-12
      1278.40  3.06576e-09  6.93483e-12
      1278.72  2.37992e-09  6.75854e-12
      1279.05  2.33991e-09  6.81411e-12
      1279.38  3.15010e-09  7.44334e-12
      1279.71  4.71995e-09  8.45152e-12
      1280.03  6.32888e-09  9.50928e-12
      1280.36  5.55914e-09  8.52381e-12
      1280.69  5.85778e-09  8.88807e-12
      1281.02  7.69837e-09  1.03379e-11
      1281.34  1.13267e-08  1.26216e-11
      1281.67  1.37959e-08  1.43560e-11
      1282.00  1.06813e-08  1.21884e-11
      1282.33  1.09210e-08  1.15336e-11
      1282.66  1.69372e-08  1.37655e-11
      1282.99  2.15301e-08  1.46694e-11
      1283.32  2.13299e-08  1.42718e-11
      1283.65  1.49738e-08  1.18607e-11
      1283.98  7.87566e-09  8.78143e-12
      1284.31  4.52161e-09  7.25613e-12
      1284.64  3.42381e-09  6.96682e-12
      1284.97  3.43368e-09  6.86761e-12
      1285.30  4.02362e-09  7.34377e-12
      1285.63  3.51532e-09  6.71475e-12
      1285.96  3.29699e-09  6.34203e-12
      1286.29  5.01789e-09  7.81100e-12
      1286.62  6.93607e-09  9.56911e-12
      1286.95  6.53306e-09  9.39434e-12
      1287.28  8.31474e-09  1.07822e-11
      1287.61  1.42925e-08  1.47614e-11
      1287.95  1.69624e-08  1.59722e-11
      1288.28  1.68081e-08  1.54086e-11
      1288.61  1.67315e-08  1.47002e-11
      1288.94  1.63294e-08  1.43716e-11
      1289.27  1.16342e-08  1.17421e-11
      1289.61  8.52755e-09  1.03121e-11
      1289.94  6.71048e-09  9.42517e-12
      1290.27  4.61607e-09  7.98236e-12
      1290.61  3.92740e-09  7.68269e-12
      1290.94  2.98509e-09  6.67159e-12
      1291.27  2.25714e-09  5.64078e-12
      1291.61  2.62945e-09  5.48416e-12
      1291.94  4.27872e-09  6.50828e-12
      1292.27  7.40555e-09  8.26808e-12
      1292.61  1.07896e-08  1.08305e-11
      1292.94  7.70836e-09  9.18502e-12
      1293.28  6.03237e-09  8.71340e-12
      1293.61  8.02996e-09  1.05302e-11
      1293.95  1.01809e-08  1.13588e-11
      1294.28  1.56186e-08  1.41491e-11
      1294.62  1.73852e-08  1.45676e-11
      1294.95  1.42006e-08  1.27866e-11
      1295.29  1.38742e-08  1.32792e-11
      1295.62  1.17343e-08  1.24754e-11
      1295.96  8.42890e-09  1.09033e-11
      1296.29  7.31458e-09  1.03903e-11
      1296.63  7.61593e-09  1.05111e-11
      1296.97  9.38512e-09  1.08461e-11
      1297.30  1.46490e-08  1.26911e-11
      1297.64  1.98417e-08  1.42704e-11
      1297.98  1.66620e-08  1.25248e-11
      1298.31  1.03958e-08  1.00098e-11
      1298.65  5.85951e-09  7.73742e-12
      1298.99  4.53650e-09  7.02582e-12
      1299.33  7.96552e-09  9.14605e-12
      1299.66  1.44561e-08  1.27149e-11
      1300.00  1.62931e-08  1.31999e-11
      1300.34  1.40840e-08  1.22496e-11
      1300.68  9.75578e-09  1.01037e-11
      1301.02  1.01244e-08  1.04520e-11
      1301.35  1.75165e-08  1.48120e-11
      1301.69  2.08919e-08  1.66410e-11
      1302.03  2.00493e-08  1.67890e-11
      1302.37  1.77262e-08  1.55659e-11
      1302.71  2.03243e-08  1.66492e-11
      1303.05  2.23273e-08  1.65375e-11
      1303.39  2.53144e-08  1.68801e-11
      1303.73  2.71474e-08  1.70091e-11
      1304.07  2.50991e-08  1.60271e-11
      1304.41  2.55640e-08  1.61745e-11
      1304.75  2.71940e-08  1.67631e-11
      1305.09  2.86106e-08  1.70487e-11
      1305.43  3.38488e-08  1.81600e-11
      1305.77  4.01004e-08  1.93452e-11
      1306.11  3.97785e-08  1.90410e-11
      1306.46  2.69729e-08  1.55408e-11
      1306.80  1.31815e-08  1.11373e-11
      1307.14  6.91196e-09  8.82491e-12
      1307.48  4.70022e-09  8.07219e-12
      1307.82  3.74994e-09  7.72495e-12
      1308.16  3.79642e-09  7.96156e-12
      1308.51  4.39051e-09  8.52156e-12
      1308.85  3.61201e-09  7.47395e-12
      1309.19  2.59873e-09  6.21023e-12
      1309.53  2.33650e-09  5.89283e-12
      1309.88  2.29476e-09  5.92712e-12
      1310.22  2.47149e-09  6.03826e-12
      1310.56  3.25049e-09  6.74721e-12
      1310.91  6.02611e-09  8.53926e-12
      1311.25  1.07894e-08  1.10685e-11
      1311.60  1.08183e-08  1.06184e-11
      1311.94  6.46556e-09  7.93828e-12
      1312.28  3.42266e-09  5.93965e-12
      1312.63  2.35500e-09  5.38471e-12
      1312.97  2.05837e-09  5.34221e-12
      1313.32  2.83626e-09  6.60511e-12
      1313.66  4.47308e-09  8.55622e-12
      1314.01  3.72781e-09  7.99108e-12
      1314.35  2.17700e-09  6.56245e-12
      1314.70  1.65860e-09  5.66747e-12
      1315.05  1.63854e-09  5.39007e-12
      1315.39  1.84765e-09  5.65774e-12
      1315.74  2.34861e-09  6.09633e-12
      1316.08  3.59394e-09  7.08894e-12
      1316.43  7.32340e-09  9.64539e-12
      1316.78  1.21815e-08  1.25957e-11
      1317.12  9.57734e-09  1.07263e-11
      1317.47  4.60643e-09  7.22934e-12
      1317.82  2.73139e-09  5.56153e-12
      1318.17  2.89193e-09  5.51093e-12
      1318.51  4.80409e-09  7.15057e-12
      1318.86  5.84596e-09  8.35583e-12
      1319.21  3.94471e-09  7.25899e-12
      1319.56  2.35871e-09  6.35768e-12
      1319.91  2.37128e-09  6.91359e-12
      1320.25  2.38350e-09  6.84635e-12
      1320.60  2.37305e-09  6.44176e-12
      1320.95  2.87696e-09  6.62796e-12
      1321.30  4.15015e-09  7.38612e-12
      1321.65  8.49554e-09  9.96105e-12
      1322.00  1.50943e-08  1.38497e-11
      1322.35  1.28056e-08  1.26817e-11
      1322.70  6.57610e-09  8.97391e-12
      1323.05  4.17712e-09  7.27066e-12
      1323.40  4.59621e-09  7.40044e-12
      1323.75  5.45060e-09  7.42406e-12
      1324.10  5.65618e-09  7.58244e-12
      1324.45  4.20500e-09  6.79715e-12
      1324.80  3.02548e-09  6.29347e-12
      