227
      1249.95  8.52623e-09  1.58312e-11
      1250.27  4.28101e-09  1.16782e-11
      1250.58  1.68069e-09  8.40491e-12
      1250.89  1.28596e-09  7.49433e-12
      1251.20  1.55390e-09  7.13012e-12
      1251.52  2.24620e-09  7.62375e-12
      1251.83  3.75321e-09  9.36002e-12
      1252.14  4.75856e-09  1.05022e-11
      1252.46  4.50984e-09  1.04170e-11
      1252.77  4.12947e-09  1.00664e-11
      1253.09  6.85106e-09  1.24042e-11
      1253.40  1.31567e-08  1.63633e-11
      1253.71  1.63312e-08  1.76762e-11
      1254.03  9.92177e-09  1.29911e-11
      1254.34  4.77053e-09  8.67241e-12
      1254.66  5.99354e-09  9.51707e-12
      1254.97  9.25911e-09  1.23358e-11
      1255.29  6.33526e-09  1.02892e-11
      1255.60  2.98657e-09  7.67736e-12
      1255.92  3.28444e-09  8.15923e-12
      1256.23  5.60580e-09  9.93773e-12
      1256.55  8.75325e-09  1.23649e-11
      1256.87  6.27382e-09  9.82798e-12
      1257.18  2.96613e-09  6.82835e-12
      1257.50  2.23746e-09  6.33865e-12
      1257.81  2.54149e-09  6.86645e-12
      1258.13  3.08697e-09  7.65407e-12
      1258.45  3.04778e-09  7.93466e-12
      1258.76  3.17487e-09  8.22385e-12
      1259.08  5.56895e-09  1.01886e-11
      1259.40  1.16756e-08  1.44463e-11
      1259.72  1.59858e-08  1.67640e-11
      1260.03  1.16390e-08  1.36457e-11
      1260.35  8.37734e-09  1.13419e-11
      1260.67  1.10795e-08  1.40651e-11
      1260.99  1.01413e-08  1.36593e-11
      1261.30  8.04459e-09  1.23426e-11
      1261.62  1.01127e-08  1.43716e-11
      1261.94  1.06789e-08  1.45623e-11
      1262.26  1.11181e-08  1.71067e-11
      1262.58  7.30157e-09  1.19120e-11
      1262.90  8.47634e-09  1.14341e-11
      1263.22  1.29182e-08  1.42702e-11
      1263.54  1.07112e-08  1.27978e-11
      1263.86  6.67644e-09  1.02195e-11
      1264.17  5.17797e-09  9.46548e-12
      1264.49  3.82051e-09  8.31270e-12
      1264.81  4.20890e-09  8.41198e-12
      1265.13  8.42687e-09  1.10311e-11
      1265.45  1.30298e-08  1.31400e-11
      1265.77  1.14817e-08  1.17908e-11
      1266.10  6.14200e-09  8.33423e-12
      1266.42  3.20813e-09  6.34892e-12
      1266.74  2.76868e-09  6.10170e-12
      1267.06  3.64755e-09  7.04659e-12
      1267.38  7.15522e-09  1.04748e-11
      1267.70  1.50485e-08  1.67673e-11
      1268.02  1.53961e-08  1.44070e-11
      1268.34  1.54136e-08  1.37524e-11
      1268.67  1.36770e-08  1.22512e-11
      1268.99  1.36689e-08  1.28175e-11
      1269.31  1.04689e-08  1.13783e-11
      1269.63  6.73705e-09  9.61106e-12
      1269.95  5.62818e-09  9.37588e-12
      1270.28  7.06824e-09  1.07629e-11
      1270.60  1.17980e-08  1.44040e-11
      1270.92  1.41493e-08  1.50352e-11
      1271.25  1.53546e-08  1.51753e-11
      1271.57  1.49025e-08  1.49281e-11
      1271.89  8.94629e-09  1.11780e-11
      1272.22  4.00083e-09  7.64289e-12
      1272.54  2.50838e-09  6.63963e-12
      1272.86  2.10646e-09  6.63369e-12
      1273.19  2.01513e-09  6.67833e-12
      1273.51  2.43088e-09  6.99001e-12
      1273.84  3.64848e-09  7.79156e-12
      1274.16  4.72879e-09  8.19281e-12
      1274.49  6.24979e-09  8.52185e-12
      1274.81  1.11012e-08  1.11826e-11
      1275.14  1.52046e-08  1.32716e-11
      1275.46  1.35572e-08  1.25202e-11
      1275.79  8.82601e-09  1.02264e-11
      1276.11  5.72872e-09  8.46352e-12
      1276.44  7.65980e-09  9.53880e-12
      1276.76  1.33794e-08  1.29183e-11
      1277.09  1.34478e-08  1.18813e-11
      1277.42  1.41375e-08  1.26603e-11
      1277.74  9.47604e-09  1.00696e-11
      1278.07  4.31388e-09  7.16184e-12
      1278.40  2.83138e-09  7.05447e-12
      1278.72  2.16280e-09  7.00641e-12
      1279.05  2.14205e-09  6.62306e-12
      1279.38  2.79906e-09  7.33308e-12
      1279.71  4.13360e-09  8.50146e-12
      1280.03  5.37277e-09  9.37068e-12
      1280.36  4.89192e-09  8.35649e-12
      1280.69  5.11649e-09  8.71364e-12
      1281.02  6.74950e-09  9.96259e-12
      1281.34  9.89594e-09  1.23653e-11
      1281.67  1.19300e-08  1.39914e-11
      1282.00  9.49975e-09  1.22782e-11
      1282.33  9.77988e-09  1.20389e-11
      1282.66  1.49561e-08  1.43929e-11
      1282.99  1.90598e-08  1.53336e-11
      1283.32  1.88691e-08  1.46071e-11
      1283.65  1.31434e-08  1.19146e-11
      1283.98  6.92107e-09  8.62340e-12
      1284.31  3.99310e-09  6.94381e-12
      1284.64  3.04813e-09  6.50783e-12
      1284.97  3.04771e-09  6.68319e-12
      1285.30  3.54253e-09  7.29219e-12
      1285.63  3.04618e-09  6.61814e-12
      1285.96  2.85749e-09  6.30461e-12
      1286.29  4.31728e-09  7.32660e-12
      1286.62  6.02638e-09  9.07304e-12
      1286.95  5.47386e-09  8.74675e-12
      1287.28  6.89472e-09  1.00238e-11
      1287.61  1.25240e-08  1.46340e-11
      1287.95  1.46609e-08  1.57722e-11
      1288.28  1.45481e-08  1.56567e-11
      1288.61  1.44160e-08  1.48728e-11
      1288.94  1.45159e-08  1.48405e-11
      1289.27  1.00609e-08  1.16835e-11
      1289.61  7.37266e-09  1.00780e-11
      1289.94  5.91864e-09  9.25386e-12
      1290.27  4.03865e-09  7.85072e-12
      1290.61  3.51261e-09  7.68040e-12
      1290.94  2.73182e-09  6.86702e-12
      1291.27  2.08584e-09  5.87808e-12
      1291.61  2.40106e-09  5.77793e-12
      1291.94  3.80361e-09  6.52544e-12
      1292.27  6.45674e-09  8.17980e-12
      1292.61  9.14718e-09  1.00124e-11
      1292.94  6.80384e-09  8.69955e-12
      1293.28  5.17851e-09  8.15245e-12
      1293.61  6.74953e-09  9.88988e-12
      1293.95  8.80422e-09  1.11216e-11
      1294.28  1.30932e-08  1.37963e-11
      1294.62  1.45933e-08  1.43836e-11
      1294.95  1.23225e-08  1.27795e-11
      1295.29  1.17158e-08  1.27690e-11
      1295.62  9.97077e-09  1.21781e-11
      1295.96  7.31092e-09  1.05886e-11
      1296.29  6.34769e-09  1.01751e-11
      1296.63  6.62298e-09  1.03644e-11
      1296.97  8.29571e-09  1.10908e-11
      1297.30  1.30418e-08  1.31885e-11
      1297.64  1.73624e-08  1.45910e-11
      1297.98  1.45184e-08  1.27341e-11
      1298.31  9.07862e-09  9.81785e-12
      1298.65  5.08490e-09  7.45164e-12
      1298.99  3.93635e-09  6.77984e-12
      1299.33  6.91753e-09  8.94017e-12
      1299.66  1.25978e-08  1.25769e-11
      1300.00  1.39576e-08  1.29119e-11
      1300.34  1.20816e-08  1.20551e-11
      1300.68  8.07639e-09  9.54027e-12
      1301.02  8.44126e-09  9.82658e-12
      1301.35  1.53203e-08  1.46833e-11
      1301.69  1.80025e-08  1.59952e-11
      1302.03  1.74919e-08  1.66118e-11
      1302.37  1.51078e-08  1.51994e-11
      1302.71  1.79900e-08  1.69954e-11
      1303.05  1.95790e-08  1.68218e-11
      1303.39  2.25673e-08  1.74867e-11
      1303.73  2.44301e-08  1.76466e-11
      1304.07  2.23631e-08  1.61878e-11
      1304.41  2.27464e-08  1.63576e-11
      1304.75  2.42639e-08  1.70424e-11
      1305.09  2.54586e-08  1.71733e-11
      1305.43  3.03698e-08  1.86432e-11
      1305.77  3.61601e-08  1.99501e-11
      1306.11  3.58932e-08  1.94737e-11
      1306.46  2.38263e-08  1.55055e-11
      1306.80  1.12038e-08  1.06228e-11
      1307.14  5.78381e-09  8.21612e-12
      1307.48  3.95623e-09  7.49394e-12
      1307.82  3.18928e-09  7.31074e-12
      1308.16  3.22863e-09  7.75074e-12
      1308.51  3.73035e-09  8.38226e-12
      1308.85  3.11062e-09  7.48205e-12
      1309.19  2.29544e-09  6.28020e-12
      1309.53  2.10352e-09  5.91257e-12
      1309.88  2.07509e-09  5.86734e-12
      1310.22  2.24076e-09  6.06926e-12
      1310.56  2.90824e-09  6.71454e-12
      1310.91  5.32954e-09  8.49738e-12
      1311.25  9.48304e-09  1.12518e-11
      1311.60  9.45944e-09  1.08277e-11
      1311.94  5.62398e-09  7.94880e-12
      1312.28  2.99472e-09  5.84161e-12
      1312.63  2.07049e-09  5.23990e-12
      1312.97  1.81930e-09  5.14120e-12
      1313.32  2.45509e-09  6.16609e-12
      1313.66  3.80576e-09  8.08425e-12
      1314.01  3.19648e-09  7.79892e-12
      1314.35  1.92661e-09  6.63054e-12
      1314.70  1.50713e-09  5.86937e-12
      1315.05  1.49520e-09  5.65937e-12
      1315.39  1.67922e-09  5.69006e-12
      1315.74  2.10125e-09  6.18143e-12
      1316.08  3.16813e-09  7.16912e-12
      1316.43  6.48668e-09  9.56953e-12
      1316.78  1.08698e-08  1.26459e-11
      1317.12  8.39467e-09  1.07655e-11
      1317.47  4.02602e-09  7.32388e-12
      1317.82  2.40460e-09  5.67023e-12
      1318.17  2.49993e-09  5.52126e-12
      1318.51  4.14299e-09  6.97717e-12
      1318.86  5.01797e-09  7.97981e-12
      1319.21  3.38465e-09  7.20970e-12
      1319.56  2.27804e-09  6.70075e-12
      1319.91  2.16202e-09  7.70600e-12
      1320.25  2.06201e-09  6.75652e-12
      1320.60  2.05628e-09  6.54258e-12
      1320.95  2.48819e-09  6.77935e-12
      1321.30  3.52481e-09  7.31795e-12
      1321.65  7.28977e-09  9.74346e-12
      1322.00  1.38409e-08  1.42113e-11
      1322.35  1.14315e-08  1.26048e-11
      1322.70  5.61589e-09  8.86608e-12
      1323.05  3.54631e-09  7.12800e-12
      1323.40  3.98613e-09  7.32422e-12
      1323.75  4.70713e-09  7.53697e-12
      1324.10  4.92134e-09  7.58823e-12
      1324.45  3.53188e-09  6.38174e-12
      1324.80  2.56194e-09  5.93395e-12
      