227
      1249.95  7.74680e-09  1.14590e-11
      1250.27  3.76247e-09  8.27114e-12
      1250.58  1.26656e-09  5.77752e-12
      1250.89  9.10977e-10  5.11861e-12
      1251.20  1.17965e-09  5.13163e-12
      1251.52  1.85645e-09  5.60278e-12
      1251.83  3.20630e-09  6.89371e-12
      1252.14  4.12775e-09  7.84475e-12
      1252.46  3.90049e-09  7.91435e-12
      1252.77  3.62741e-09  7.81665e-12
      1253.09  6.24586e-09  9.58344e-12
      1253.40  1.22085e-08  1.26884e-11
      1253.71  1.51793e-08  1.38608e-11
      1254.03  9.02829e-09  1.01761e-11
      1254.34  4.20578e-09  7.24388e-12
      1254.66  5.32926e-09  8.30254e-12
      1254.97  8.73626e-09  1.13159e-11
      1255.29  5.61241e-09  9.34292e-12
      1255.60  2.41321e-09  7.18084e-12
      1255.92  2.74990e-09  7.62513e-12
      1256.23  4.85859e-09  8.88644e-12
      1256.55  8.25257e-09  1.14697e-11
      1256.87  5.65332e-09  9.05020e-12
      1257.18  2.41563e-09  6.39377e-12
      1257.50  1.79196e-09  6.09676e-12
      1257.81  2.07223e-09  6.48373e-12
      1258.13  2.59231e-09  7.31467e-12
      1258.45  2.58367e-09  7.47814e-12
      1258.76  2.71511e-09  7.39702e-12
      1259.08  5.01816e-09  8.81827e-12
      1259.40  1.06046e-08  1.18443e-11
      1259.72  1.44577e-08  1.33660e-11
      1260.03  1.08109e-08  1.10374e-11
      1260.35  7.83298e-09  9.23948e-12
      1260.67  1.00015e-08  1.09236e-11
      1260.99  9.19165e-09  1.06123e-11
      1261.30  7.35054e-09  9.66306e-12
      1261.62  9.25950e-09  1.09958e-11
      1261.94  9.75080e-09  1.04693e-11
      1262.26  1.00007e-08  1.03182e-11
      1262.58  7.19067e-09  8.14589e-12
      1262.90  7.68053e-09  8.00305e-12
      1263.22  1.21532e-08  1.04580e-11
      1263.54  9.85534e-09  9.35012e-12
      1263.86  6.00807e-09  7.59132e-12
      1264.17  4.64504e-09  7.21917e-12
      1264.49  3.31702e-09  6.33972e-12
      1264.81  3.63909e-09  6.30514e-12
      1265.13  7.67763e-09  8.55054e-12
      1265.45  1.21902e-08  1.05653e-11
      1265.77  1.07440e-08  9.90215e-12
      1266.10  5.52619e-09  7.23345e-12
      1266.42  2.69702e-09  5.73714e-12
      1266.74  2.32253e-09  5.86347e-12
      1267.06  3.23078e-09  6.65449e-12
      1267.38  7.20512e-09  9.35331e-12
      1267.70  1.37770e-08  1.30301e-11
      1268.02  1.44958e-08  1.25752e-11
      1268.34  1.42935e-08  1.23374e-11
      1268.67  1.28394e-08  1.13056e-11
      1268.99  1.26196e-08  1.15770e-11
      1269.31  9.61708e-09  1.02948e-11
      1269.63  6.09800e-09  8.63300e-12
      1269.95  5.01715e-09  8.15360e-12
      1270.28  6.31919e-09  8.75714e-12
      1270.60  1.08903e-08  1.12388e-11
      1270.92  1.31238e-08  1.14620e-11
      1271.25  1.42967e-08  1.13190e-11
      1271.57  1.39674e-08  1.10840e-11
      1271.89  8.19808e-09  8.37375e-12
      1272.22  3.47052e-09  5.76154e-12
      1272.54  2.09521e-09  4.97093e-12
      1272.86  1.71869e-09  4.86359e-12
      1273.19  1.63581e-09  4.70628e-12
      1273.51  2.03546e-09  4.82435e-12
      1273.84  3.18294e-09  5.52311e-12
      1274.16  4.21600e-09  6.06271e-12
      1274.49  5.68818e-09  6.51984e-12
      1274.81  1.02781e-08  9.00701e-12
      1275.14  1.41942e-08  1.11458e-11
      1275.46  1.26604e-08  1.09576e-11
      1275.79  8.14954e-09  9.31183e-12
      1276.11  5.23996e-09  7.76464e-12
      1276.44  7.09627e-09  8.76723e-12
      1276.76  1.23003e-08  1.16497e-11
      1277.09  1.25321e-08  1.08859e-11
      1277.42  1.30971e-08  1.16001e-11
      1277.74  8.70597e-09  9.31424e-12
      1278.07  3.84477e-09  6.59862e-12
      1278.40  2.26577e-09  5.74693e-12
      1278.72  1.76739e-09  5.49097e-12
      1279.05  1.75253e-09  5.39518e-12
      1279.38  2.37512e-09  5.92562e-12
      1279.71  3.62712e-09  6.51480e-12
      1280.03  4.87295e-09  7.08171e-12
      1280.36  4.32075e-09  6.24074e-12
      1280.69  4.56559e-09  6.44441e-12
      1281.02  6.06647e-09  7.32212e-12
      1281.34  9.12254e-09  9.02827e-12
      1281.67  1.12543e-08  1.03207e-11
      1282.00  8.69623e-09  8.88996e-12
      1282.33  8.88297e-09  8.67013e-12
      1282.66  1.40081e-08  1.06587e-11
      1282.99  1.80069e-08  1.17174e-11
      1283.32  1.78755e-08  1.18200e-11
      1283.65  1.23593e-08  1.00309e-11
      1283.98  6.31088e-09  7.63149e-12
      1284.31  3.53592e-09  6.53049e-12
      1284.64  2.65455e-09  6.20957e-12
      1284.97  2.64903e-09  6.30635e-12
      1285.30  3.06405e-09  6.74349e-12
      1285.63  2.65194e-09  6.13511e-12
      1285.96  2.49203e-09  5.54310e-12
      1286.29  3.83265e-09  6.59549e-12
      1286.62  5.34540e-09  7.88428e-12
      1286.95  5.01092e-09  7.54705e-12
      1287.28  6.47169e-09  8.60968e-12
      1287.61  1.14269e-08  1.14983e-11
      1287.95  1.36268e-08  1.20669e-11
      1288.28  1.35610e-08  1.15058e-11
      1288.61  1.35361e-08  1.07651e-11
      1288.94  1.34048e-08  1.04967e-11
      1289.27  9.36497e-09  8.35597e-12
      1289.61  6.85821e-09  7.39811e-12
      1289.94  5.34953e-09  6.86338e-12
      1290.27  3.60476e-09  5.96639e-12
      1290.61  3.11075e-09  5.96121e-12
      1290.94  2.34719e-09  5.42689e-12
      1291.27  1.76570e-09  4.89429e-12
      1291.61  2.03999e-09  4.81990e-12
      1291.94  3.33683e-09  5.78374e-12
      1292.27  5.83915e-09  7.44411e-12
      1292.61  8.79327e-09  9.79784e-12
      1292.94  6.06585e-09  8.08883e-12
      1293.28  4.53216e-09  7.45996e-12
      1293.61  6.16896e-09  9.04271e-12
      1293.95  7.89082e-09  9.48702e-12
      1294.28  1.23372e-08  1.15760e-11
      1294.62  1.38730e-08  1.18637e-11
      1294.95  1.12720e-08  1.00763e-11
      1295.29  1.09254e-08  9.93091e-12
      1295.62  9.26327e-09  9.11003e-12
      1295.96  6.62828e-09  7.84466e-12
      1296.29  5.74398e-09  7.40804e-12
      1296.63  6.03307e-09  7.45950e-12
      1296.97  7.62432e-09  7.91587e-12
      1297.30  1.21480e-08  9.53615e-12
      1297.64  1.64429e-08  1.11103e-11
      1297.98  1.37240e-08  1.01000e-11
      1298.31  8.39836e-09  8.25782e-12
      1298.65  4.65294e-09  6.64695e-12
      1298.99  3.57207e-09  6.20692e-12
      1299.33  6.40793e-09  8.45712e-12
      1299.66  1.16356e-08  1.14864e-11
      1300.00  1.30726e-08  1.17749e-11
      1300.34  1.11470e-08  1.06468e-11
      1300.68  7.61600e-09  8.57157e-12
      1301.02  7.99205e-09  8.69660e-12
      1301.35  1.40443e-08  1.17548e-11
      1301.69  1.69036e-08  1.29588e-11
      1302.03  1.62806e-08  1.26882e-11
      1302.37  1.44765e-08  1.15494e-11
      1302.71  1.68296e-08  1.22309e-11
      1303.05  1.86114e-08  1.19943e-11
      1303.39  2.13847e-08  1.22768e-11
      1303.73  2.30955e-08  1.25627e-11
      1304.07  2.13291e-08  1.21555e-11
      1304.41  2.16818e-08  1.27524e-11
      1304.75  2.30995e-08  1.37986e-11
      1305.09  2.43517e-08  1.47238e-11
      1305.43  2.90574e-08  1.64365e-11
      1305.77  3.46850e-08  1.80105e-11
      1306.11  3.43915e-08  1.79214e-11
      1306.46  2.26691e-08  1.42568e-11
      1306.80  1.05417e-08  9.81107e-12
      1307.14  5.27663e-09  7.48549e-12
      1307.48  3.52242e-09  6.71018e-12
      1307.82  2.79849e-09  6.22143e-12
      1308.16  2.83797e-09  6.01664e-12
      1308.51  3.36738e-09  6.38174e-12
      1308.85  2.74426e-09  5.48307e-12
      1309.19  1.96722e-09  4.50854e-12
      1309.53  1.79580e-09  4.28209e-12
      1309.88  1.78174e-09  4.25479e-12
      1310.22  1.94382e-09  4.57107e-12
      1310.56  2.56814e-09  5.19594e-12
      1310.91  4.85825e-09  6.82458e-12
      1311.25  8.95733e-09  9.42500e-12
      1311.60  8.88719e-09  9.28259e-12
      1311.94  5.15570e-09  7.14361e-12
      1312.28  2.65432e-09  5.47412e-12
      1312.63  1.79264e-09  4.85844e-12
      1312.97  1.54934e-09  4.80403e-12
      1313.32  2.13335e-09  5.61688e-12
      1313.66  3.42497e-09  7.07738e-12
      1314.01  2.85492e-09  6.56108e-12
      1314.35  1.65298e-09  5.14351e-12
      1314.70  1.26171e-09  4.52135e-12
      1315.05  1.25040e-09  4.17261e-12
      1315.39  1.41084e-09  4.10554e-12
      1315.74  1.81038e-09  4.31799e-12
      1316.08  2.84139e-09  5.06172e-12
      1316.43  6.01903e-09  7.18151e-12
      1316.78  1.01560e-08  9.83070e-12
      1317.12  7.86276e-09  8.72729e-12
      1317.47  3.66702e-09  6.12213e-12
      1317.82  2.13287e-09  5.03825e-12
      1318.17  2.23788e-09  5.03418e-12
      1318.51  3.72165e-09  6.41719e-12
      1318.86  4.50509e-09  7.29080e-12
      1319.21  3.03734e-09  6.45195e-12
      1319.56  1.81212e-09  5.88530e-12
      1319.91  1.80671e-09  5.74444e-12
      1320.25  1.79755e-09  5.39220e-12
      1320.60  1.78981e-09  4.88970e-12
      1320.95  2.19143e-09  4.88544e-12
      1321.30  3.20852e-09  5.32530e-12
      1321.65  6.90995e-09  7.16778e-12
      1322.00  1.28224e-08  1.02727e-11
      1322.35  1.07081e-08  9.55235e-12
      1322.70  5.28677e-09  7.04072e-12
      1323.05  3.26924e-09  6.02705e-12
      1323.40  3.62085e-09  6.40581e-12
      1323.75  4.30229e-09  6.69262e-12
      1324.10  4.44968e-09  6.87706e-12
      1324.45  3.21523e-09  6.03580e-12
      1324.80  2.27897e-09  5.45360e-12
      