227
      1249.95  8.05727e-09  1.10999e-11
      1250.27  3.94957e-09  8.24164e-12
      1250.58  1.51242e-09  5.78668e-12
      1250.89  1.21310e-09  5.22656e-12
      1251.20  1.48736e-09  5.23966e-12
      1251.52  2.17674e-09  5.55984e-12
      1251.83  3.52658e-09  6.75942e-12
      1252.14  4.42333e-09  7.69828e-12
      1252.46  4.18085e-09  7.77787e-12
      1252.77  3.95858e-09  7.81226e-12
      1253.09  6.61187e-09  9.64598e-12
      1253.40  1.25435e-08  1.30161e-11
      1253.71  1.53236e-08  1.42226e-11
      1254.03  9.23152e-09  1.04494e-11
      1254.34  4.51229e-09  7.20227e-12
      1254.66  5.69557e-09  7.99092e-12
      1254.97  9.01524e-09  1.08883e-11
      1255.29  5.82327e-09  8.72523e-12
      1255.60  2.68403e-09  6.45384e-12
      1255.92  3.04646e-09  7.25213e-12
      1256.23  5.20579e-09  8.71087e-12
      1256.55  8.52804e-09  1.10482e-11
      1256.87  5.83969e-09  8.61384e-12
      1257.18  2.67522e-09  5.89523e-12
      1257.50  2.06980e-09  5.47569e-12
      1257.81  2.34821e-09  5.98806e-12
      1258.13  2.88125e-09  6.69327e-12
      1258.45  2.83860e-09  6.65462e-12
      1258.76  3.01300e-09  6.72403e-12
      1259.08  5.40466e-09  8.34571e-12
      1259.40  1.10746e-08  1.13808e-11
      1259.72  1.47998e-08  1.27882e-11
      1260.03  1.10225e-08  1.03486e-11
      1260.35  8.15094e-09  8.62476e-12
      1260.67  1.03412e-08  1.02787e-11
      1260.99  9.42569e-09  9.89445e-12
      1261.30  7.67338e-09  8.95367e-12
      1261.62  9.57815e-09  1.04764e-11
      1261.94  1.00538e-08  1.02595e-11
      1262.26  1.03000e-08  1.03456e-11
      1262.58  7.36894e-09  8.12031e-12
      1262.90  7.97484e-09  8.06231e-12
      1263.22  1.26108e-08  1.05724e-11
      1263.54  1.00492e-08  9.18865e-12
      1263.86  6.17395e-09  7.49578e-12
      1264.17  4.87187e-09  7.16941e-12
      1264.49  3.56386e-09  6.40403e-12
      1264.81  3.92441e-09  6.45136e-12
      1265.13  7.99701e-09  8.80393e-12
      1265.45  1.24843e-08  1.07370e-11
      1265.77  1.09341e-08  9.79069e-12
      1266.10  5.73251e-09  7.03851e-12
      1266.42  2.95081e-09  5.43580e-12
      1266.74  2.59483e-09  5.42902e-12
      1267.06  3.56619e-09  6.30037e-12
      1267.38  7.47473e-09  9.20667e-12
      1267.70  1.31289e-08  1.40700e-11
      1268.02  1.45422e-08  1.35899e-11
      1268.34  1.43923e-08  1.22002e-11
      1268.67  1.30187e-08  1.08466e-11
      1268.99  1.28328e-08  1.07402e-11
      1269.31  9.78958e-09  9.37239e-12
      1269.63  6.34566e-09  7.79322e-12
      1269.95  5.25451e-09  7.42185e-12
      1270.28  6.67118e-09  8.21775e-12
      1270.60  1.12540e-08  1.07126e-11
      1270.92  1.33799e-08  1.10459e-11
      1271.25  1.46556e-08  1.09907e-11
      1271.57  1.43476e-08  1.07314e-11
      1271.89  8.27498e-09  7.85418e-12
      1272.22  3.64276e-09  5.44541e-12
      1272.54  2.32807e-09  4.77922e-12
      1272.86  1.96013e-09  4.73516e-12
      1273.19  1.87011e-09  4.68988e-12
      1273.51  2.26147e-09  4.92442e-12
      1273.84  3.44112e-09  5.70625e-12
      1274.16  4.47502e-09  6.19130e-12
      1274.49  5.87647e-09  6.56177e-12
      1274.81  1.05605e-08  8.99047e-12
      1275.14  1.45477e-08  1.08664e-11
      1275.46  1.29203e-08  1.06615e-11
      1275.79  8.34368e-09  8.92279e-12
      1276.11  5.46380e-09  7.53536e-12
      1276.44  7.19774e-09  9.15176e-12
      1276.76  1.23717e-08  1.21558e-11
      1277.09  1.29135e-08  1.08264e-11
      1277.42  1.30579e-08  1.07130e-11
      1277.74  8.93467e-09  8.75956e-12
      1278.07  4.14970e-09  6.13165e-12
      1278.40  2.52005e-09  5.30427e-12
      1278.72  2.00800e-09  5.15689e-12
      1279.05  1.99809e-09  5.10646e-12
      1279.38  2.64870e-09  5.56175e-12
      1279.71  3.99631e-09  6.31701e-12
      1280.03  5.12699e-09  6.79143e-12
      1280.36  4.55612e-09  6.08082e-12
      1280.69  4.90165e-09  6.32602e-12
      1281.02  6.86586e-09  7.52718e-12
      1281.34  1.03629e-08  9.50734e-12
      1281.67  1.23569e-08  1.17486e-11
      1282.00  8.50967e-09  9.44346e-12
      1282.33  8.98955e-09  8.88994e-12
      1282.66  1.37511e-08  1.12505e-11
      1282.99  1.84006e-08  1.26490e-11
      1283.32  1.82011e-08  1.20072e-11
      1283.65  1.25554e-08  9.96557e-12
      1283.98  6.49646e-09  7.52883e-12
      1284.31  3.87774e-09  6.63858e-12
      1284.64  2.78895e-09  6.27506e-12
      1284.97  2.81559e-09  5.91642e-12
      1285.30  3.30142e-09  6.38861e-12
      1285.63  2.85535e-09  5.68664e-12
      1285.96  2.65581e-09  5.19866e-12
      1286.29  4.03168e-09  6.11378e-12
      1286.62  5.62699e-09  7.30547e-12
      1286.95  5.22210e-09  6.99094e-12
      1287.28  6.59273e-09  7.84055e-12
      1287.61  1.16532e-08  1.08768e-11
      1287.95  1.39194e-08  1.14833e-11
      1288.28  1.38024e-08  1.10521e-11
      1288.61  1.37512e-08  1.05066e-11
      1288.94  1.35756e-08  1.02263e-11
      1289.27  9.68684e-09  8.28766e-12
      1289.61  7.02666e-09  7.32627e-12
      1289.94  5.58264e-09  6.84382e-12
      1290.27  3.84498e-09  5.93762e-12
      1290.61  3.28054e-09  5.95621e-12
      1290.94  2.55893e-09  5.41084e-12
      1291.27  1.97148e-09  4.71653e-12
      1291.61  2.24193e-09  4.83803e-12
      1291.94  3.51541e-09  5.76981e-12
      1292.27  6.02525e-09  7.21425e-12
      1292.61  8.77811e-09  9.28616e-12
      1292.94  6.35723e-09  7.74387e-12
      1293.28  4.79563e-09  7.00232e-12
      1293.61  6.30493e-09  8.29212e-12
      1293.95  8.08029e-09  8.82674e-12
      1294.28  1.24331e-08  1.08317e-11
      1294.62  1.42012e-08  1.22494e-11
      1294.95  1.12254e-08  1.01917e-11
      1295.29  1.11598e-08  9.51563e-12
      1295.62  9.63379e-09  8.87669e-12
      1295.96  7.06645e-09  7.74094e-12
      1296.29  5.98514e-09  7.30155e-12
      1296.63  6.20555e-09  7.57842e-12
      1296.97  7.69413e-09  7.87290e-12
      1297.30  1.21728e-08  9.61645e-12
      1297.64  1.66644e-08  1.13574e-11
      1297.98  1.40388e-08  1.02538e-11
      1298.31  8.67522e-09  8.30445e-12
      1298.65  4.85382e-09  6.61111e-12
      1298.99  3.65997e-09  6.03146e-12
      1299.33  6.37603e-09  7.95522e-12
      1299.66  1.17049e-08  1.08801e-11
      1300.00  1.32809e-08  1.12447e-11
      1300.34  1.14293e-08  1.01099e-11
      1300.68  7.88217e-09  8.05934e-12
      1301.02  7.98940e-09  7.94252e-12
      1301.35  1.40392e-08  1.10139e-11
      1301.69  1.71038e-08  1.21800e-11
      1302.03  1.65423e-08  1.21119e-11
      1302.37  1.47290e-08  1.10212e-11
      1302.71  1.68619e-08  1.16380e-11
      1303.05  1.87648e-08  1.16801e-11
      1303.39  2.14345e-08  1.22258e-11
      1303.73  2.32575e-08  1.26994e-11
      1304.07  2.15582e-08  1.23265e-11
      1304.41  2.17600e-08  1.29708e-11
      1304.75  2.31743e-08  1.38838e-11
      1305.09  2.43644e-08  1.46558e-11
      1305.43  2.86572e-08  1.71437e-11
      1305.77  3.49642e-08  1.86748e-11
      1306.11  3.48833e-08  1.75456e-11
      1306.46  2.34484e-08  1.39152e-11
      1306.80  1.11051e-08  9.44621e-12
      1307.14  5.58907e-09  7.09603e-12
      1307.48  3.73087e-09  6.24674e-12
      1307.82  2.97570e-09  5.77568e-12
      1308.16  2.98128e-09  5.63548e-12
      1308.51  3.55373e-09  6.02412e-12
      1308.85  2.93521e-09  5.21020e-12
      1309.19  2.14803e-09  4.38642e-12
      1309.53  1.96028e-09  4.30442e-12
      1309.88  1.92676e-09  4.26599e-12
      1310.22  2.06180e-09  4.51140e-12
      1310.56  2.61034e-09  5.11635e-12
      1310.91  4.70453e-09  6.68198e-12
      1311.25  9.13342e-09  9.64954e-12
      1311.60  9.29174e-09  9.41982e-12
      1311.94  5.41256e-09  6.93471e-12
      1312.28  2.82308e-09  5.22136e-12
      1312.63  1.95154e-09  4.54634e-12
      1312.97  1.67280e-09  4.47115e-12
      1313.32  2.15514e-09  4.99895e-12
      1313.66  3.59344e-09  6.52087e-12
      1314.01  3.11281e-09  5.96242e-12
      1314.35  1.79510e-09  4.61394e-12
      1314.70  1.39548e-09  4.08129e-12
      1315.05  1.38961e-09  3.89461e-12
      1315.39  1.54405e-09  3.89256e-12
      1315.74  1.93045e-09  4.28117e-12
      1316.08  2.89496e-09  5.10777e-12
      1316.43  5.79649e-09  7.13712e-12
      1316.78  1.01389e-08  9.93685e-12
      1317.12  8.43745e-09  8.91492e-12
      1317.47  3.92964e-09  6.08202e-12
      1317.82  2.29844e-09  4.88308e-12
      1318.17  2.31941e-09  4.81497e-12
      1318.51  3.72503e-09  6.11546e-12
      1318.86  4.64436e-09  7.05873e-12
      1319.21  3.29466e-09  6.07799e-12
      1319.56  1.94677e-09  5.07003e-12
      1319.91  1.86034e-09  5.85178e-12
      1320.25  1.91267e-09  5.40782e-12
      1320.60  1.92334e-09  4.51661e-12
      1320.95  2.29088e-09  4.58559e-12
      1321.30  3.28615e-09  5.20281e-12
      1321.65  6.75125e-09  7.09335e-12
      1322.00  1.24908e-08  1.02691e-11
      1322.35  1.12012e-08  9.95489e-12
      1322.70  5.70484e-09  7.19037e-12
      1323.05  3.44517e-09  5.94451e-12
      1323.40  3.68908e-09  6.18303e-12
      1323.75  4.38261e-09  6.55158e-12
      1324.10  4.54763e-09  6.68904e-12
      1324.45  3.44091e-09  5.90450e-12
      1324.80  2.43954e-09  5.22716e-12
      