227
      1249.95  8.13065e-09  1.43052e-11
      1250.27  4.00240e-09  1.04759e-11
      1250.58  1.50923e-09  7.21199e-12
      1250.89  1.18949e-09  6.51558e-12
      1251.20  1.46454e-09  6.38432e-12
      1251.52  2.14430e-09  6.79502e-12
      1251.83  3.50330e-09  8.14098e-12
      1252.14  4.41425e-09  9.26821e-12
      1252.46  4.19430e-09  9.09097e-12
      1252.77  3.94631e-09  8.84847e-12
      1253.09  6.56796e-09  1.09624e-11
      1253.40  1.24756e-08  1.46459e-11
      1253.71  1.53026e-08  1.58517e-11
      1254.03  9.33467e-09  1.16245e-11
      1254.34  4.54900e-09  7.92160e-12
      1254.66  5.68757e-09  8.78676e-12
      1254.97  8.93722e-09  1.16906e-11
      1255.29  5.84931e-09  9.42855e-12
      1255.60  2.71605e-09  7.13402e-12
      1255.92  3.02585e-09  7.93304e-12
      1256.23  5.14814e-09  9.52532e-12
      1256.55  8.59284e-09  1.25812e-11
      1256.87  5.88692e-09  9.85442e-12
      1257.18  2.67971e-09  6.82967e-12
      1257.50  2.07386e-09  6.52169e-12
      1257.81  2.35089e-09  6.92208e-12
      1258.13  2.87880e-09  7.81615e-12
      1258.45  2.85954e-09  8.07994e-12
      1258.76  3.01097e-09  8.42810e-12
      1259.08  5.34339e-09  1.03567e-11
      1259.40  1.09901e-08  1.43499e-11
      1259.72  1.47833e-08  1.64478e-11
      1260.03  1.10975e-08  1.36422e-11
      1260.35  8.14198e-09  1.11415e-11
      1260.67  1.02664e-08  1.31655e-11
      1260.99  9.44849e-09  1.28098e-11
      1261.30  7.70048e-09  1.16293e-11
      1261.62  9.53196e-09  1.34755e-11
      1261.94  1.00419e-08  1.33465e-11
      1262.26  1.02971e-08  1.33872e-11
      1262.58  7.41420e-09  1.04024e-11
      1262.90  7.96127e-09  1.00654e-11
      1263.22  1.25767e-08  1.31675e-11
      1263.54  1.01000e-08  1.12851e-11
      1263.86  6.20873e-09  8.94386e-12
      1264.17  4.89700e-09  8.42057e-12
      1264.49  3.54604e-09  7.36080e-12
      1264.81  3.86812e-09  7.36252e-12
      1265.13  7.94461e-09  9.96885e-12
      1265.45  1.24728e-08  1.19102e-11
      1265.77  1.09893e-08  1.07637e-11
      1266.10  5.79464e-09  7.71866e-12
      1266.42  2.96188e-09  5.86508e-12
      1266.74  2.59005e-09  5.90671e-12
      1267.06  3.53045e-09  6.92797e-12
      1267.38  7.21590e-09  1.07625e-11
      1267.70  1.28877e-08  1.65945e-11
      1268.02  1.43157e-08  1.63481e-11
      1268.34  1.44419e-08  1.52487e-11
      1268.67  1.27914e-08  1.34868e-11
      1268.99  1.28182e-08  1.30851e-11
      1269.31  9.86508e-09  1.15139e-11
      1269.63  6.37668e-09  9.63807e-12
      1269.95  5.26627e-09  9.34637e-12
      1270.28  6.65601e-09  1.04455e-11
      1270.60  1.12133e-08  1.39578e-11
      1270.92  1.33531e-08  1.45202e-11
      1271.25  1.46563e-08  1.47559e-11
      1271.57  1.43862e-08  1.42219e-11
      1271.89  8.33820e-09  1.01958e-11
      1272.22  3.67057e-09  6.91783e-12
      1272.54  2.31749e-09  5.97656e-12
      1272.86  1.94079e-09  5.78129e-12
      1273.19  1.84640e-09  5.76632e-12
      1273.51  2.23221e-09  6.05734e-12
      1273.84  3.43318e-09  6.92514e-12
      1274.16  4.48599e-09  7.45159e-12
      1274.49  5.86124e-09  7.58260e-12
      1274.81  1.05219e-08  1.00038e-11
      1275.14  1.45086e-08  1.18719e-11
      1275.46  1.29488e-08  1.15560e-11
      1275.79  8.38368e-09  9.74524e-12
      1276.11  5.46581e-09  8.24206e-12
      1276.44  6.43076e-09  9.95695e-12
      1276.76  1.18193e-08  1.19059e-11
      1277.09  1.27816e-08  1.34011e-11
      1277.42  1.30067e-08  1.24937e-11
      1277.74  9.00471e-09  1.04038e-11
      1278.07  4.19612e-09  7.37215e-12
      1278.40  2.53091e-09  6.58059e-12
      1278.72  2.01730e-09  6.21154e-12
      1279.05  2.00090e-09  6.56638e-12
      1279.38  2.62017e-09  7.28436e-12
      1279.71  3.88657e-09  8.18041e-12
      1280.03  5.04316e-09  8.93158e-12
      1280.36  4.54264e-09  7.95506e-12
      1280.69  4.81408e-09  8.12362e-12
      1281.02  6.35058e-09  9.11544e-12
      1281.34  9.54856e-09  1.12704e-11
      1281.67  1.16927e-08  1.36255e-11
      1282.00  8.64959e-09  1.11938e-11
      1282.33  8.93179e-09  1.06360e-11
      1282.66  1.36255e-08  1.33427e-11
      1282.99  1.84887e-08  1.47568e-11
      1283.32  1.83235e-08  1.33738e-11
      1283.65  1.25838e-08  1.09069e-11
      1283.98  6.40411e-09  8.04135e-12
      1284.31  3.69120e-09  6.66694e-12
      1284.64  2.83330e-09  6.45411e-12
      1284.97  2.81588e-09  6.70965e-12
      1285.30  3.28992e-09  7.40937e-12
      1285.63  2.85967e-09  6.76691e-12
      1285.96  2.66578e-09  6.25754e-12
      1286.29  4.04045e-09  7.52537e-12
      1286.62  5.60790e-09  8.98716e-12
      1286.95  5.25127e-09  8.76298e-12
      1287.28  6.63808e-09  1.01566e-11
      1287.61  1.16187e-08  1.39539e-11
      1287.95  1.38946e-08  1.51480e-11
      1288.28  1.37815e-08  1.46240e-11
      1288.61  1.37619e-08  1.38930e-11
      1288.94  1.35047e-08  1.31971e-11
      1289.27  9.68307e-09  1.05349e-11
      1289.61  7.02277e-09  9.03003e-12
      1289.94  5.55369e-09  8.15745e-12
      1290.27  3.83995e-09  6.90524e-12
      1290.61  3.27566e-09  6.77222e-12
      1290.94  2.54470e-09  6.01649e-12
      1291.27  1.96722e-09  5.20232e-12
      1291.61  2.25188e-09  5.27986e-12
      1291.94  3.54211e-09  6.26590e-12
      1292.27  6.08302e-09  7.99247e-12
      1292.61  8.79146e-09  1.03095e-11
      1292.94  6.29893e-09  8.82642e-12
      1293.28  4.82384e-09  8.34570e-12
      1293.61  6.34128e-09  1.00166e-11
      1293.95  8.10072e-09  1.11041e-11
      1294.28  1.25272e-08  1.39222e-11
      1294.62  1.40000e-08  1.44001e-11
      1294.95  1.13702e-08  1.22456e-11
      1295.29  1.12052e-08  1.22303e-11
      1295.62  9.61634e-09  1.13129e-11
      1295.96  7.32303e-09  1.01408e-11
      1296.29  6.19852e-09  9.33687e-12
      1296.63  6.21990e-09  9.32108e-12
      1296.97  7.71915e-09  9.67443e-12
      1297.30  1.22293e-08  1.14559e-11
      1297.64  1.66754e-08  1.30203e-11
      1297.98  1.39641e-08  1.13498e-11
      1298.31  8.58518e-09  8.96832e-12
      1298.65  4.82541e-09  7.11596e-12
      1298.99  3.69791e-09  6.57763e-12
      1299.33  6.47248e-09  8.88715e-12
      1299.66  1.17432e-08  1.24446e-11
      1300.00  1.33060e-08  1.33387e-11
      1300.34  1.18170e-08  1.38782e-11
      1300.68  7.13493e-09  1.00967e-11
      1301.02  8.13138e-09  1.01368e-11
      1301.35  1.41303e-08  1.40098e-11
      1301.69  1.70818e-08  1.56297e-11
      1302.03  1.64465e-08  1.56425e-11
      1302.37  1.47714e-08  1.45054e-11
      1302.71  1.69464e-08  1.54795e-11
      1303.05  1.88218e-08  1.52514e-11
      1303.39  2.15144e-08  1.54748e-11
      1303.73  2.32063e-08  1.54148e-11
      1304.07  2.15213e-08  1.43245e-11
      1304.41  2.18012e-08  1.46142e-11
      1304.75  2.31967e-08  1.52530e-11
      1305.09  2.43757e-08  1.60818e-11
      1305.43  2.81027e-08  1.96638e-11
      1305.77  3.54601e-08  2.26018e-11
      1306.11  3.46758e-08  1.99216e-11
      1306.46  2.30488e-08  1.57978e-11
      1306.80  1.08707e-08  1.09359e-11
      1307.14  5.49778e-09  8.37950e-12
      1307.48  3.69143e-09  7.59275e-12
      1307.82  2.95662e-09  7.19045e-12
      1308.16  2.99277e-09  7.23502e-12
      1308.51  3.53658e-09  7.98752e-12
      1308.85  2.89146e-09  6.90621e-12
      1309.19  2.12088e-09  5.68458e-12
      1309.53  1.95559e-09  5.26190e-12
      1309.88  1.92135e-09  5.12193e-12
      1310.22  2.05776e-09  5.32422e-12
      1310.56  2.62967e-09  5.83381e-12
      1310.91  4.79306e-09  7.42396e-12
      1311.25  9.25310e-09  1.06358e-11
      1311.60  9.22574e-09  1.02562e-11
      1311.94  5.29048e-09  7.56837e-12
      1312.28  2.74720e-09  5.82526e-12
      1312.63  1.92090e-09  5.22494e-12
      1312.97  1.67013e-09  5.22714e-12
      1313.32  2.19066e-09  6.04477e-12
      1313.66  3.65332e-09  8.35210e-12
      1314.01  3.05878e-09  7.72747e-12
      1314.35  1.76733e-09  6.16097e-12
      1314.70  1.39682e-09  5.54874e-12
      1315.05  1.39534e-09  5.06967e-12
      1315.39  1.54959e-09  4.95423e-12
      1315.74  1.93858e-09  5.34064e-12
      1316.08  2.91825e-09  6.18958e-12
      1316.43  5.92408e-09  8.33853e-12
      1316.78  1.03046e-08  1.13175e-11
      1317.12  8.24571e-09  9.76977e-12
      1317.47  3.79828e-09  6.61635e-12
      1317.82  2.25803e-09  5.36932e-12
      1318.17  2.32760e-09  5.34713e-12
      1318.51  3.79773e-09  6.94243e-12
      1318.86  4.67543e-09  8.04895e-12
      1319.21  3.43483e-09  7.98861e-12
      1319.56  2.32868e-09  6.69685e-12
      1319.91  1.91915e-09  5.67683e-12
      1320.25  1.88932e-09  7.63179e-12
      1320.60  1.91519e-09  6.15341e-12
      1320.95  2.32068e-09  6.26366e-12
      1321.30  3.34551e-09  6.69686e-12
      1321.65  6.89725e-09  8.91696e-12
      1322.00  1.26663e-08  1.23781e-11
      1322.35  1.10624e-08  1.14036e-11
      1322.70  5.52237e-09  8.00790e-12
      1323.05  3.40429e-09  6.58241e-12
      1323.40  3.68838e-09  6.86788e-12
      1323.75  4.38921e-09  7.27004e-12
      1324.10  4.52749e-09  7.41119e-12
      1324.45  3.38964e-09  6.72222e-12
      1324.80  2.41093e-09  6.23075e-12
      