227
      1249.95  7.62606e-09  1.99224e-11
      1250.27  3.68004e-09  1.44520e-11
      1250.58  1.47569e-09  1.08982e-11
      1250.89  1.18709e-09  1.09514e-11
      1251.20  1.51110e-09  1.10921e-11
      1251.52  2.11622e-09  1.06768e-11
      1251.83  3.52590e-09  1.28124e-11
      1252.14  4.36148e-09  1.40502e-11
      1252.46  4.06349e-09  1.43178e-11
      1252.77  3.78985e-09  1.37053e-11
      1253.09  6.52215e-09  1.75363e-11
      1253.40  1.23642e-08  2.32874e-11
      1253.71  1.49053e-08  2.49022e-11
      1254.03  8.77825e-09  1.79601e-11
      1254.34  4.31134e-09  1.26771e-11
      1254.66  5.64444e-09  1.44601e-11
      1254.97  8.37049e-09  1.90227e-11
      1255.29  5.53280e-09  1.50709e-11
      1255.60  2.69304e-09  1.14188e-11
      1255.92  3.02453e-09  1.19211e-11
      1256.23  4.72463e-09  1.54290e-11
      1256.55  6.86948e-09  1.54445e-11
      1256.87  5.45877e-09  1.20267e-11
      1257.18  2.59947e-09  8.69670e-12
      1257.50  2.02942e-09  8.24804e-12
      1257.81  2.34239e-09  9.23743e-12
      1258.13  2.79950e-09  1.03356e-11
      1258.45  2.72646e-09  1.20708e-11
      1258.76  2.79541e-09  1.14893e-11
      1259.08  5.99283e-09  1.41338e-11
      1259.40  1.17745e-08  1.99238e-11
      1259.72  1.43876e-08  2.06527e-11
      1260.03  1.01776e-08  1.65213e-11
      1260.35  7.80794e-09  1.41060e-11
      1260.67  1.03155e-08  1.75988e-11
      1260.99  8.99452e-09  1.66105e-11
      1261.30  7.26730e-09  1.51309e-11
      1261.62  9.50201e-09  1.83244e-11
      1261.94  9.57137e-09  1.83452e-11
      1262.26  9.29110e-09  2.15642e-11
      1262.58  5.84458e-09  1.59281e-11
      1262.90  7.82390e-09  1.48928e-11
      1263.22  1.22593e-08  1.97770e-11
      1263.54  9.55610e-09  1.76377e-11
      1263.86  5.89668e-09  1.37548e-11
      1264.17  4.65011e-09  1.28656e-11
      1264.49  3.44485e-09  1.16197e-11
      1264.81  3.48258e-09  1.41298e-11
      1265.13  9.50249e-09  2.01910e-11
      1265.45  1.21474e-08  1.87280e-11
      1265.77  1.03664e-08  1.66831e-11
      1266.10  5.47328e-09  1.20595e-11
      1266.42  2.87428e-09  9.33077e-12
      1266.74  2.52804e-09  9.41154e-12
      1267.06  3.16190e-09  1.16784e-11
      1267.38  5.55726e-09  1.41414e-11
      1267.70  1.33941e-08  1.77285e-11
      1268.02  1.42453e-08  1.78533e-11
      1268.34  1.40705e-08  2.05085e-11
      1268.67  1.23027e-08  1.85994e-11
      1268.99  1.23641e-08  1.69137e-11
      1269.31  9.20057e-09  1.47500e-11
      1269.63  6.02360e-09  1.25404e-11
      1269.95  5.09764e-09  1.19358e-11
      1270.28  6.68632e-09  1.34711e-11
      1270.60  1.11803e-08  1.74057e-11
      1270.92  1.30104e-08  1.78161e-11
      1271.25  1.42879e-08  1.82066e-11
      1271.57  1.37103e-08  1.79711e-11
      1271.89  7.63851e-09  1.32359e-11
      1272.22  3.41195e-09  9.46371e-12
      1272.54  2.22558e-09  8.80279e-12
      1272.86  1.89294e-09  8.81720e-12
      1273.19  1.82055e-09  8.77406e-12
      1273.51  2.21567e-09  9.13821e-12
      1273.84  3.40712e-09  1.03893e-11
      1274.16  4.39681e-09  1.11126e-11
      1274.49  5.77829e-09  1.17347e-11
      1274.81  1.04318e-08  1.62165e-11
      1275.14  1.41607e-08  1.93456e-11
      1275.46  1.24257e-08  1.85640e-11
      1275.79  7.98298e-09  1.51394e-11
      1276.11  5.17926e-09  1.41134e-11
      1276.44  6.39213e-09  1.14361e-11
      1276.76  1.22441e-08  1.64827e-11
      1277.09  1.23857e-08  1.64985e-11
      1277.42  1.13760e-08  1.59350e-11
      1277.74  7.35842e-09  1.48353e-11
      1278.07  3.82982e-09  9.79823e-12
      1278.40  2.40729e-09  8.71854e-12
      1278.72  1.95078e-09  8.30745e-12
      1279.05  1.96906e-09  8.33570e-12
      1279.38  2.60237e-09  8.95464e-12
      1279.71  3.84208e-09  1.01806e-11
      1280.03  4.87155e-09  1.10776e-11
      1280.36  4.41654e-09  1.05502e-11
      1280.69  4.52082e-09  1.28327e-11
      1281.02  6.81189e-09  1.62104e-11
      1281.34  9.32098e-09  1.66294e-11
      1281.67  1.09424e-08  1.84731e-11
      1282.00  8.49395e-09  1.59613e-11
      1282.33  9.02192e-09  1.56678e-11
      1282.66  1.39615e-08  1.90955e-11
      1282.99  1.77085e-08  2.14217e-11
      1283.32  1.74594e-08  2.22215e-11
      1283.65  1.19049e-08  1.77858e-11
      1283.98  6.25555e-09  1.29082e-11
      1284.31  3.76018e-09  1.20534e-11
      1284.64  2.96649e-09  9.59200e-12
      1284.97  2.77735e-09  8.82387e-12
      1285.30  3.23316e-09  9.42415e-12
      1285.63  2.70956e-09  8.08111e-12
      1285.96  2.58063e-09  7.78588e-12
      1286.29  3.98891e-09  9.88604e-12
      1286.62  5.72316e-09  1.43141e-11
      1286.95  6.01944e-09  1.29573e-11
      1287.28  7.54828e-09  1.79641e-11
      1287.61  1.17504e-08  1.87106e-11
      1287.95  1.35133e-08  1.89503e-11
      1288.28  1.33578e-08  1.81511e-11
      1288.61  1.32631e-08  1.75723e-11
      1288.94  1.33084e-08  1.80095e-11
      1289.27  9.26378e-09  1.48778e-11
      1289.61  6.75616e-09  1.35478e-11
      1289.94  5.41578e-09  1.30086e-11
      1290.27  3.68230e-09  1.11767e-11
      1290.61  3.18367e-09  1.07134e-11
      1290.94  2.52419e-09  9.34666e-12
      1291.27  1.91291e-09  8.00255e-12
      1291.61  1.89939e-09  9.57309e-12
      1291.94  3.19190e-09  8.58292e-12
      1292.27  6.04469e-09  1.16925e-11
      1292.61  8.41462e-09  1.44308e-11
      1292.94  6.15486e-09  1.25291e-11
      1293.28  4.70606e-09  1.12069e-11
      1293.61  6.16450e-09  1.28169e-11
      1293.95  8.05464e-09  1.37641e-11
      1294.28  1.18253e-08  1.77869e-11
      1294.62  1.29522e-08  1.82434e-11
      1294.95  1.13403e-08  2.46202e-11
      1295.29  1.02175e-08  1.61205e-11
      1295.62  8.70861e-09  1.82690e-11
      1295.96  6.70726e-09  1.36980e-11
      1296.29  5.80510e-09  1.29008e-11
      1296.63  6.03321e-09  1.28105e-11
      1296.97  7.52892e-09  1.36614e-11
      1297.30  1.18007e-08  1.69472e-11
      1297.64  1.59197e-08  1.98912e-11
      1297.98  1.36554e-08  1.85855e-11
      1298.31  8.81186e-09  1.55340e-11
      1298.65  6.24372e-09  1.63402e-11
      1298.99  4.29407e-09  9.86965e-12
      1299.33  9.55419e-09  1.58064e-11
      1299.66  1.27068e-08  1.96567e-11
      1300.00  1.28134e-08  1.64914e-11
      1300.34  1.10874e-08  1.55102e-11
      1300.68  7.49622e-09  1.27303e-11
      1301.02  7.73701e-09  1.31571e-11
      1301.35  1.38314e-08  1.91133e-11
      1301.69  1.65000e-08  2.06434e-11
      1302.03  1.61234e-08  2.05832e-11
      1302.37  1.39859e-08  1.80818e-11
      1302.71  1.65337e-08  1.96218e-11
      1303.05  1.79745e-08  1.97835e-11
      1303.39  2.08043e-08  2.14846e-11
      1303.73  2.27997e-08  2.31623e-11
      1304.07  2.08127e-08  2.26173e-11
      1304.41  2.09993e-08  2.32788e-11
      1304.75  2.24159e-08  2.46758e-11
      1305.09  2.25270e-08  2.89689e-11
      1305.43  2.72135e-08  2.14573e-11
      1305.77  3.37579e-08  2.61369e-11
      1306.11  3.40828e-08  2.66169e-11
      1306.46  2.27499e-08  2.19674e-11
      1306.80  1.05614e-08  1.54024e-11
      1307.14  5.33583e-09  1.18922e-11
      1307.48  3.61473e-09  1.04436e-11
      1307.82  2.89375e-09  9.39157e-12
      1308.16  2.85181e-09  8.91194e-12
      1308.51  3.38982e-09  9.39118e-12
      1308.85  3.05861e-09  9.75144e-12
      1309.19  2.20554e-09  8.49451e-12
      1309.53  1.91949e-09  8.59812e-12
      1309.88  1.90428e-09  8.47510e-12
      1310.22  2.01464e-09  9.05286e-12
      1310.56  2.54262e-09  9.44653e-12
      1310.91  4.28242e-09  1.13340e-11
      1311.25  6.71671e-09  1.63853e-11
      1311.60  8.54734e-09  1.23902e-11
      1311.94  5.34214e-09  1.08114e-11
      1312.28  2.79669e-09  8.39401e-12
      1312.63  1.92040e-09  7.75086e-12
      1312.97  1.66766e-09  7.58624e-12
      1313.32  2.15273e-09  8.56954e-12
      1313.66  3.37478e-09  1.02859e-11
      1314.01  3.03334e-09  9.55544e-12
      1314.35  1.82792e-09  7.41691e-12
      1314.70  1.39237e-09  6.96635e-12
      1315.05  1.35720e-09  7.18735e-12
      1315.39  1.49893e-09  7.36918e-12
      1315.74  1.85776e-09  8.14454e-12
      1316.08  2.75260e-09  9.80012e-12
      1316.43  5.46706e-09  1.25737e-11
      1316.78  9.55782e-09  1.73697e-11
      1317.12  9.33736e-09  1.97892e-11
      1317.47  5.59736e-09  1.25709e-11
      1317.82  2.26339e-09  7.59394e-12
      1318.17  2.24507e-09  7.73164e-12
      1318.51  3.63371e-09  1.01751e-11
      1318.86  4.53675e-09  1.17493e-11
      1319.21  3.19411e-09  1.03052e-11
      1319.56  1.89788e-09  8.08608e-12
      1319.91  1.86563e-09  7.85346e-12
      1320.25  1.88672e-09  7.69587e-12
      1320.60  1.86159e-09  7.63253e-12
      1320.95  2.21135e-09  8.27021e-12
      1321.30  3.07734e-09  9.47335e-12
      1321.65  6.06277e-09  1.29545e-11
      1322.00  1.11921e-08  2.25738e-11
      1322.35  9.04302e-09  1.94042e-11
      1322.70  5.64008e-09  1.31029e-11
      1323.05  3.48617e-09  1.18799e-11
      1323.40  3.52269e-09  8.15535e-12
      1323.75  4.28366e-09  1.01103e-11
      1324.10  4.52745e-09  1.08374e-11
      1324.45  3.34891e-09  9.72768e-12
      1324.80  2.34554e-09  8.93560e-12
      