227
      1249.95  7.54078e-09  2.04873e-11
      1250.27  3.58192e-09  1.48142e-11
      1250.58  1.45066e-09  1.13361e-11
      1250.89  1.19018e-09  1.16490e-11
      1251.20  1.51932e-09  1.16531e-11
      1251.52  2.14135e-09  1.12605e-11
      1251.83  3.55960e-09  1.35739e-11
      1252.14  4.36147e-09  1.49075e-11
      1252.46  4.03898e-09  1.52397e-11
      1252.77  3.80844e-09  1.47211e-11
      1253.09  6.64276e-09  1.90999e-11
      1253.40  1.24901e-08  2.54441e-11
      1253.71  1.47954e-08  2.71974e-11
      1254.03  8.56919e-09  1.95693e-11
      1254.34  4.27582e-09  1.41146e-11
      1254.66  5.76523e-09  1.63315e-11
      1254.97  8.46736e-09  2.07651e-11
      1255.29  5.46585e-09  1.70218e-11
      1255.60  2.66809e-09  1.33699e-11
      1255.92  3.04179e-09  1.41277e-11
      1256.23  4.59700e-09  1.92012e-11
      1256.55  5.66812e-09  2.65993e-11
      1256.87  5.59660e-09  1.41687e-11
      1257.18  2.67866e-09  1.10871e-11
      1257.50  2.06048e-09  9.84027e-12
      1257.81  2.36746e-09  1.02335e-11
      1258.13  2.90878e-09  1.00756e-11
      1258.45  2.79039e-09  9.06175e-12
      1258.76  2.94480e-09  9.32787e-12
      1259.08  5.64391e-09  1.29025e-11
      1259.40  1.13659e-08  1.62107e-11
      1259.72  1.44934e-08  1.75328e-11
      1260.03  1.04474e-08  1.39978e-11
      1260.35  7.97667e-09  1.17721e-11
      1260.67  1.02655e-08  1.38206e-11
      1260.99  9.07352e-09  1.30985e-11
      1261.30  7.45173e-09  1.20178e-11
      1261.62  9.42374e-09  1.73890e-11
      1261.94  9.61333e-09  1.76756e-11
      1262.26  9.16657e-09  2.19050e-11
      1262.58  5.81088e-09  1.63331e-11
      1262.90  7.97923e-09  1.55990e-11
      1263.22  1.22929e-08  2.06706e-11
      1263.54  9.37130e-09  1.82301e-11
      1263.86  5.82251e-09  1.44165e-11
      1264.17  4.60385e-09  1.35767e-11
      1264.49  3.40433e-09  1.22572e-11
      1264.81  3.52561e-09  1.48198e-11
      1265.13  9.66033e-09  2.22271e-11
      1265.45  1.21617e-08  2.05514e-11
      1265.77  1.01867e-08  1.83867e-11
      1266.10  5.31816e-09  1.34289e-11
      1266.42  2.82928e-09  1.06466e-11
      1266.74  2.53000e-09  1.09895e-11
      1267.06  3.13687e-09  1.34789e-11
      1267.38  3.70402e-09  2.01254e-11
      1267.70  9.91787e-09  1.72647e-11
      1268.02  1.44993e-08  2.21522e-11
      1268.34  1.41568e-08  2.19353e-11
      1268.67  1.28260e-08  1.81512e-11
      1268.99  1.26039e-08  1.49135e-11
      1269.31  9.25424e-09  1.18836e-11
      1269.63  6.05910e-09  9.80120e-12
      1269.95  5.12744e-09  9.30792e-12
      1270.28  6.68456e-09  1.04547e-11
      1270.60  1.13761e-08  1.41244e-11
      1270.92  1.31748e-08  1.46220e-11
      1271.25  1.43803e-08  1.49174e-11
      1271.57  1.37043e-08  1.45432e-11
      1271.89  7.64400e-09  1.05543e-11
      1272.22  3.42766e-09  7.60232e-12
      1272.54  2.27871e-09  7.88806e-12
      1272.86  1.88964e-09  9.03274e-12
      1273.19  1.82236e-09  9.06113e-12
      1273.51  2.24828e-09  9.58944e-12
      1273.84  3.45802e-09  1.10523e-11
      1274.16  4.42070e-09  1.18519e-11
      1274.49  5.89136e-09  1.27720e-11
      1274.81  1.06300e-08  1.79102e-11
      1275.14  1.41692e-08  2.14943e-11
      1275.46  1.22299e-08  2.07534e-11
      1275.79  7.79686e-09  1.71928e-11
      1276.11  5.07566e-09  1.75038e-11
      1276.44  4.46484e-09  2.22199e-11
      1276.76  6.44806e-09  1.86631e-11
      1277.09  1.17364e-08  2.58970e-11
      1277.42  1.30436e-08  2.08308e-11
      1277.74  7.53746e-09  1.27998e-11
      1278.07  3.64981e-09  7.67570e-12
      1278.40  2.40778e-09  6.58006e-12
      1278.72  1.96599e-09  6.40573e-12
      1279.05  2.00316e-09  6.46192e-12
      1279.38  2.64712e-09  7.20415e-12
      1279.71  3.90683e-09  8.36326e-12
      1280.03  4.91460e-09  9.07936e-12
      1280.36  4.44964e-09  8.49530e-12
      1280.69  4.67267e-09  9.67647e-12
      1281.02  6.69983e-09  1.18671e-11
      1281.34  9.42876e-09  1.33330e-11
      1281.67  1.10314e-08  1.64587e-11
      1282.00  8.43228e-09  1.63335e-11
      1282.33  9.18681e-09  1.67334e-11
      1282.66  1.41858e-08  2.05911e-11
      1282.99  1.78134e-08  2.27697e-11
      1283.32  1.73426e-08  2.28878e-11
      1283.65  1.16941e-08  1.92513e-11
      1283.98  6.06360e-09  1.45597e-11
      1284.31  3.73878e-09  1.48437e-11
      1284.64  3.28033e-09  1.94740e-11
      1284.97  3.21324e-09  2.00553e-11
      1285.30  2.97895e-09  1.65654e-11
      1285.63  2.64403e-09  1.03559e-11
      1285.96  2.68882e-09  7.23793e-12
      1286.29  4.11812e-09  7.98736e-12
      1286.62  5.67678e-09  1.03141e-11
      1286.95  5.38326e-09  1.05759e-11
      1287.28  7.28735e-09  1.19465e-11
      1287.61  1.18565e-08  1.43877e-11
      1287.95  1.35523e-08  1.49999e-11
      1288.28  1.33932e-08  1.47447e-11
      1288.61  1.33626e-08  1.45309e-11
      1288.94  1.31854e-08  1.48498e-11
      1289.27  9.09660e-09  1.22463e-11
      1289.61  6.78556e-09  1.22462e-11
      1289.94  5.34029e-09  1.33525e-11
      1290.27  3.61761e-09  1.18881e-11
      1290.61  3.16223e-09  1.16024e-11
      1290.94  2.47541e-09  1.01812e-11
      1291.27  1.89570e-09  9.03163e-12
      1291.61  1.86623e-09  1.14270e-11
      1291.94  1.88402e-09  1.41274e-11
      1292.27  1.88698e-09  1.45960e-11
      1292.61  3.70332e-09  1.48597e-11
      1292.94  3.87259e-09  1.20807e-11
      1293.28  4.68018e-09  9.35684e-12
      1293.61  6.33378e-09  1.01550e-11
      1293.95  8.24579e-09  1.11698e-11
      1294.28  1.22178e-08  1.43880e-11
      1294.62  1.32114e-08  1.50125e-11
      1294.95  1.13032e-08  1.61210e-11
      1295.29  1.05856e-08  1.46412e-11
      1295.62  8.77246e-09  1.36880e-11
      1295.96  6.62819e-09  1.10928e-11
      1296.29  5.81192e-09  1.07265e-11
      1296.63  6.08387e-09  1.09532e-11
      1296.97  7.52417e-09  1.25652e-11
      1297.30  1.19254e-08  1.77975e-11
      1297.64  1.59485e-08  2.16810e-11
      1297.98  1.33635e-08  2.03745e-11
      1298.31  8.64248e-09  1.77536e-11
      1298.65  6.74183e-09  2.30051e-11
      1298.99  6.45084e-09  2.51131e-11
      1299.33  1.23960e-08  2.88969e-11
      1299.66  1.23587e-08  2.76585e-11
      1300.00  1.20990e-08  2.13006e-11
      1300.34  1.06317e-08  1.36221e-11
      1300.68  7.28200e-09  9.94125e-12
      1301.02  8.09021e-09  1.05243e-11
      1301.35  1.43322e-08  1.51547e-11
      1301.69  1.65990e-08  1.63514e-11
      1302.03  1.60690e-08  1.65776e-11
      1302.37  1.39934e-08  1.49016e-11
      1302.71  1.68318e-08  1.68260e-11
      1303.05  1.81181e-08  1.70475e-11
      1303.39  2.10916e-08  1.89268e-11
      1303.73  2.27682e-08  2.11525e-11
      1304.07  2.07662e-08  2.33481e-11
      1304.41  2.10575e-08  2.56558e-11
      1304.75  2.23427e-08  2.79259e-11
      1305.09  2.21162e-08  3.77578e-11
      1305.43  2.19918e-08  4.37001e-11
      1305.77  2.19959e-08  4.11698e-11
      1306.11  2.17308e-08  3.74110e-11
      1306.46  1.81869e-08  2.66713e-11
      1306.80  9.09144e-09  1.35233e-11
      1307.14  5.04989e-09  9.25254e-12
      1307.48  3.54289e-09  8.10795e-12
      1307.82  2.87763e-09  7.57969e-12
      1308.16  2.91496e-09  7.45602e-12
      1308.51  3.41952e-09  7.94335e-12
      1308.85  2.97672e-09  8.26276e-12
      1309.19  2.18425e-09  8.21204e-12
      1309.53  1.91668e-09  8.13120e-12
      1309.88  1.90587e-09  7.74466e-12
      1310.22  2.02287e-09  9.20427e-12
      1310.56  2.59544e-09  1.03517e-11
      1310.91  4.37519e-09  1.29924e-11
      1311.25  6.19745e-09  2.13451e-11
      1311.60  6.60059e-09  2.45597e-11
      1311.94  6.14926e-09  2.24224e-11
      1312.28  1.84551e-09  1.32521e-11
      1312.63  1.77377e-09  9.86385e-12
      1312.97  1.67676e-09  7.23725e-12
      1313.32  2.27565e-09  7.00255e-12
      1313.66  3.50217e-09  8.36854e-12
      1314.01  2.90829e-09  7.72948e-12
      1314.35  1.75002e-09  6.14351e-12
      1314.70  1.38012e-09  5.87536e-12
      1315.05  1.36748e-09  6.15739e-12
      1315.39  1.52401e-09  6.41662e-12
      1315.74  1.90882e-09  7.27770e-12
      1316.08  2.88573e-09  8.99770e-12
      1316.43  5.67700e-09  1.22301e-11
      1316.78  9.65311e-09  1.79723e-11
      1317.12  9.46718e-09  2.14587e-11
      1317.47  8.72021e-09  2.67911e-11
      1317.82  8.59960e-09  2.78028e-11
      1318.17  4.46561e-09  1.98558e-11
      1318.51  4.55106e-09  1.70879e-11
      1318.86  4.47487e-09  1.25028e-11
      1319.21  2.86359e-09  8.70249e-12
      1319.56  1.85580e-09  6.53650e-12
      1319.91  1.88569e-09  6.59719e-12
      1320.25  1.88301e-09  6.50339e-12
      1320.60  1.88303e-09  6.57382e-12
      1320.95  2.27199e-09  7.22759e-12
      1321.30  3.23557e-09  8.47301e-12
      1321.65  6.58983e-09  1.20811e-11
      1322.00  1.16160e-08  1.98583e-11
      1322.35  9.27977e-09  1.83115e-11
      1322.70  5.52925e-09  1.40680e-11
      1323.05  3.46993e-09  1.52456e-11
      1323.40  3.14190e-09  1.76690e-11
      1323.75  3.94840e-09  1.34608e-11
      1324.10  4.36109e-09  1.68930e-11
      1324.45  3.17384e-09  1.03690e-11
      1324.80  2.28336e-09  7.92159e-12
      