227
      1249.95  7.82634e-09  1.56612e-11
      1250.27  3.58677e-09  1.16867e-11
      1250.58  9.48979e-10  8.43930e-12
      1250.89  5.91501e-10  7.72878e-12
      1251.20  8.76839e-10  7.68503e-12
      1251.52  1.58990e-09  8.17479e-12
      1251.83  2.99184e-09  1.00195e-11
      1252.14  3.91516e-09  1.13480e-11
      1252.46  3.68280e-09  1.14426e-11
      1252.77  3.39174e-09  1.12844e-11
      1253.09  6.04281e-09  1.38995e-11
      1253.40  1.21326e-08  1.86410e-11
      1253.71  1.52337e-08  2.05327e-11
      1254.03  8.77968e-09  1.45369e-11
      1254.34  3.83981e-09  9.99854e-12
      1254.66  5.00441e-09  1.07601e-11
      1254.97  8.64104e-09  1.46441e-11
      1255.29  5.39275e-09  1.15789e-11
      1255.60  2.07774e-09  8.51675e-12
      1255.92  2.48671e-09  9.33094e-12
      1256.23  4.73395e-09  1.10165e-11
      1256.55  7.89491e-09  1.35423e-11
      1256.87  5.49196e-09  1.06737e-11
      1257.18  2.22442e-09  7.16627e-12
      1257.50  1.55001e-09  6.46328e-12
      1257.81  1.84800e-09  6.84474e-12
      1258.13  2.37921e-09  7.61080e-12
      1258.45  2.37939e-09  7.86376e-12
      1258.76  2.55931e-09  7.90381e-12
      1259.08  5.03366e-09  9.89637e-12
      1259.40  1.10460e-08  1.35799e-11
      1259.72  1.50274e-08  1.54972e-11
      1260.03  1.08583e-08  1.25581e-11
      1260.35  7.81987e-09  1.04452e-11
      1260.67  1.04922e-08  1.29212e-11
      1260.99  9.33923e-09  1.25085e-11
      1261.30  7.18128e-09  1.12053e-11
      1261.62  9.57719e-09  1.39713e-11
      1261.94  9.81103e-09  1.38402e-11
      1262.26  1.00081e-08  1.50718e-11
      1262.58  6.94514e-09  1.21118e-11
      1262.90  7.60159e-09  1.15294e-11
      1263.22  1.18877e-08  1.56715e-11
      1263.54  9.75581e-09  1.37289e-11
      1263.86  5.87471e-09  1.09962e-11
      1264.17  4.41758e-09  1.07055e-11
      1264.49  3.12332e-09  9.28186e-12
      1264.81  3.55155e-09  9.49073e-12
      1265.13  7.61608e-09  1.26123e-11
      1265.45  1.19525e-08  1.50056e-11
      1265.77  1.04336e-08  1.34539e-11
      1266.10  5.30174e-09  9.44998e-12
      1266.42  2.46687e-09  7.04323e-12
      1266.74  2.04070e-09  6.91773e-12
      1267.06  2.94384e-09  7.88378e-12
      1267.38  7.08748e-09  1.11718e-11
      1267.70  1.39791e-08  1.55914e-11
      1268.02  1.45016e-08  1.45452e-11
      1268.34  1.45548e-08  1.41663e-11
      1268.67  1.27779e-08  1.22508e-11
      1268.99  1.30044e-08  1.24600e-11
      1269.31  9.72315e-09  1.08038e-11
      1269.63  6.04849e-09  9.01170e-12
      1269.95  5.01034e-09  8.79550e-12
      1270.28  6.46853e-09  9.96875e-12
      1270.60  1.12386e-08  1.33626e-11
      1270.92  1.35568e-08  1.41263e-11
      1271.25  1.47094e-08  1.42898e-11
      1271.57  1.41652e-08  1.41057e-11
      1271.89  8.20216e-09  1.07022e-11
      1272.22  3.33835e-09  7.47572e-12
      1272.54  1.87571e-09  6.69258e-12
      1272.86  1.47237e-09  6.79717e-12
      1273.19  1.37723e-09  6.90576e-12
      1273.51  1.78785e-09  7.49865e-12
      1273.84  2.97709e-09  8.57358e-12
      1274.16  4.00942e-09  9.18355e-12
      1274.49  5.47757e-09  9.54558e-12
      1274.81  1.02547e-08  1.27386e-11
      1275.14  1.42434e-08  1.52669e-11
      1275.46  1.25739e-08  1.45436e-11
      1275.79  7.92050e-09  1.18874e-11
      1276.11  4.90240e-09  9.69243e-12
      1276.44  6.78343e-09  1.07520e-11
      1276.76  1.24974e-08  1.44590e-11
      1277.09  1.26572e-08  1.29676e-11
      1277.42  1.31086e-08  1.29779e-11
      1277.74  8.78652e-09  1.02170e-11
      1278.07  3.73190e-09  6.98147e-12
      1278.40  2.08611e-09  6.07006e-12
      1278.72  1.56024e-09  5.85424e-12
      1279.05  1.55651e-09  6.17040e-12
      1279.38  2.23260e-09  6.86775e-12
      1279.71  3.56100e-09  7.90995e-12
      1280.03  4.75805e-09  8.73987e-12
      1280.36  4.30007e-09  8.07019e-12
      1280.69  4.53183e-09  8.41369e-12
      1281.02  6.12544e-09  9.81491e-12
      1281.34  9.25167e-09  1.25428e-11
      1281.67  1.12050e-08  1.46530e-11
      1282.00  8.61283e-09  1.29786e-11
      1282.33  8.92707e-09  1.31946e-11
      1282.66  1.40428e-08  1.62182e-11
      1282.99  1.80108e-08  1.76246e-11
      1283.32  1.78807e-08  1.76424e-11
      1283.65  1.21013e-08  1.38733e-11
      1283.98  6.04855e-09  9.92345e-12
      1284.31  3.25365e-09  8.05448e-12
      1284.64  2.34362e-09  7.34156e-12
      1284.97  2.34327e-09  7.28793e-12
      1285.30  2.92995e-09  7.95517e-12
      1285.63  2.45498e-09  6.87052e-12
      1285.96  2.24799e-09  6.07216e-12
      1286.29  3.71469e-09  7.10469e-12
      1286.62  5.41939e-09  8.40767e-12
      1286.95  5.01783e-09  8.12633e-12
      1287.28  6.43960e-09  9.37343e-12
      1287.61  1.17144e-08  1.35136e-11
      1287.95  1.40719e-08  1.49506e-11
      1288.28  1.38906e-08  1.49130e-11
      1288.61  1.38173e-08  1.46653e-11
      1288.94  1.35269e-08  1.45074e-11
      1289.27  9.55473e-09  1.20392e-11
      1289.61  6.76400e-09  1.07044e-11
      1289.94  5.25435e-09  9.98288e-12
      1290.27  3.46252e-09  8.74330e-12
      1290.61  2.84943e-09  8.52453e-12
      1290.94  2.10136e-09  7.71047e-12
      1291.27  1.50201e-09  6.77208e-12
      1291.61  1.77394e-09  6.67354e-12
      1291.94  3.08721e-09  7.46579e-12
      1292.27  5.66548e-09  8.87758e-12
      1292.61  8.48826e-09  1.10779e-11
      1292.94  6.10169e-09  9.32860e-12
      1293.28  4.53941e-09  9.45228e-12
      1293.61  6.35207e-09  1.11360e-11
      1293.95  8.04681e-09  1.07047e-11
      1294.28  1.26393e-08  1.30456e-11
      1294.62  1.42687e-08  1.34340e-11
      1294.95  1.15532e-08  1.16397e-11
      1295.29  1.12520e-08  1.21144e-11
      1295.62  9.48488e-09  1.15736e-11
      1295.96  6.69215e-09  1.04270e-11
      1296.29  5.71677e-09  1.03539e-11
      1296.63  5.97436e-09  1.09684e-11
      1296.97  7.51502e-09  1.17820e-11
      1297.30  1.19952e-08  1.42589e-11
      1297.64  1.64060e-08  1.64720e-11
      1297.98  1.37931e-08  1.44903e-11
      1298.31  8.37441e-09  1.12707e-11
      1298.65  4.52659e-09  8.74697e-12
      1298.99  3.31516e-09  7.69955e-12
      1299.33  6.11032e-09  9.79392e-12
      1299.66  1.14589e-08  1.31024e-11
      1300.00  1.32401e-08  1.33397e-11
      1300.34  1.14057e-08  1.19144e-11
      1300.68  7.80833e-09  9.42155e-12
      1301.02  8.07426e-09  9.29204e-12
      1301.35  1.42534e-08  1.29562e-11
      1301.69  1.73250e-08  1.47850e-11
      1302.03  1.67628e-08  1.55472e-11
      1302.37  1.48410e-08  1.49028e-11
      1302.71  1.71684e-08  1.69325e-11
      1303.05  1.88097e-08  1.71633e-11
      1303.39  2.16344e-08  1.81192e-11
      1303.73  2.33424e-08  1.87744e-11
      1304.07  2.13884e-08  1.78037e-11
      1304.41  2.16379e-08  1.85586e-11
      1304.75  2.30418e-08  1.94929e-11
      1305.09  2.40340e-08  1.97454e-11
      1305.43  2.86825e-08  2.13229e-11
      1305.77  3.45543e-08  2.22178e-11
      1306.11  3.54137e-08  2.15563e-11
      1306.46  2.35939e-08  1.65635e-11
      1306.80  1.07315e-08  1.07659e-11
      1307.14  5.26690e-09  8.03704e-12
      1307.48  3.47424e-09  7.15923e-12
      1307.82  2.69069e-09  6.71566e-12
      1308.16  2.68443e-09  6.99966e-12
      1308.51  3.29695e-09  7.88638e-12
      1308.85  2.67276e-09  7.20299e-12
      1309.19  1.78094e-09  6.29396e-12
      1309.53  1.58759e-09  6.03135e-12
      1309.88  1.56073e-09  6.17183e-12
      1310.22  1.69026e-09  6.53891e-12
      1310.56  2.29675e-09  7.43731e-12
      1310.91  4.47685e-09  9.55822e-12
      1311.25  8.53944e-09  1.27778e-11
      1311.60  8.89563e-09  1.26042e-11
      1311.94  5.19628e-09  9.23487e-12
      1312.28  2.52035e-09  6.50116e-12
      1312.63  1.59581e-09  5.54855e-12
      1312.97  1.33422e-09  5.15581e-12
      1313.32  1.91498e-09  5.81078e-12
      1313.66  3.25272e-09  7.44047e-12
      1314.01  2.82220e-09  7.26602e-12
      1314.35  1.52462e-09  6.05534e-12
      1314.70  1.04981e-09  5.38025e-12
      1315.05  1.01970e-09  5.22525e-12
      1315.39  1.18854e-09  5.71220e-12
      1315.74  1.57146e-09  6.06689e-12
      1316.08  2.56643e-09  7.39735e-12
      1316.43  5.63614e-09  1.04915e-11
      1316.78  9.92073e-09  1.42695e-11
      1317.12  7.97585e-09  1.26946e-11
      1317.47  3.65128e-09  8.62730e-12
      1317.82  1.92402e-09  6.54744e-12
      1318.17  1.92499e-09  5.92268e-12
      1318.51  3.48034e-09  7.19184e-12
      1318.86  4.51824e-09  8.20978e-12
      1319.21  2.97022e-09  6.83447e-12
      1319.56  1.58971e-09  5.77587e-12
      1319.91  1.62258e-09  6.33636e-12
      1320.25  1.62629e-09  6.27367e-12
      1320.60  1.59620e-09  6.10641e-12
      1320.95  2.00239e-09  6.48494e-12
      1321.30  2.93964e-09  7.18071e-12
      1321.65  6.29708e-09  9.82151e-12
      1322.00  1.30214e-08  1.52617e-11
      1322.35  1.12269e-08  1.43894e-11
      1322.70  5.21035e-09  1.01544e-11
      1323.05  2.98091e-09  8.20059e-12
      1323.40  3.32844e-09  8.19499e-12
      1323.75  4.06079e-09  8.22721e-12
      1324.10  4.37108e-09  8.05368e-12
      1324.45  3.15383e-09  6.77370e-12
      1324.80  2.10741e-09  5.85312e-12
      