227
      1249.95  7.99098e-09  1.52164e-11
      1250.27  3.65878e-09  1.14676e-11
      1250.58  9.61925e-10  7.95248e-12
      1250.89  6.03364e-10  7.48891e-12
      1251.20  8.89030e-10  7.46790e-12
      1251.52  1.60346e-09  7.92315e-12
      1251.83  3.01093e-09  9.84133e-12
      1252.14  3.96043e-09  1.15233e-11
      1252.46  3.71850e-09  1.15340e-11
      1252.77  3.40016e-09  1.15424e-11
      1253.09  6.04240e-09  1.44139e-11
      1253.40  1.21262e-08  1.94733e-11
      1253.71  1.52289e-08  2.14455e-11
      1254.03  8.85513e-09  1.54893e-11
      1254.34  3.91993e-09  1.06676e-11
      1254.66  5.09409e-09  1.15642e-11
      1254.97  8.83787e-09  1.60774e-11
      1255.29  5.50664e-09  1.28561e-11
      1255.60  2.13611e-09  9.51641e-12
      1255.92  2.57624e-09  1.04398e-11
      1256.23  4.80998e-09  1.23333e-11
      1256.55  8.06901e-09  1.53957e-11
      1256.87  5.63953e-09  1.20947e-11
      1257.18  2.27117e-09  8.14671e-12
      1257.50  1.56248e-09  7.58060e-12
      1257.81  1.76153e-09  8.90067e-12
      1258.13  2.39874e-09  9.18839e-12
      1258.45  2.43669e-09  8.78224e-12
      1258.76  2.61451e-09  8.76233e-12
      1259.08  5.12859e-09  1.08544e-11
      1259.40  1.11944e-08  1.46300e-11
      1259.72  1.52533e-08  1.64281e-11
      1260.03  1.11378e-08  1.31838e-11
      1260.35  8.04846e-09  1.08204e-11
      1260.67  1.07110e-08  1.31360e-11
      1260.99  9.59210e-09  1.25842e-11
      1261.30  7.41022e-09  1.12645e-11
      1261.62  9.82750e-09  1.38719e-11
      1261.94  1.00534e-08  1.35784e-11
      1262.26  1.04512e-08  1.41375e-11
      1262.58  7.36155e-09  1.13737e-11
      1262.90  7.76109e-09  1.13646e-11
      1263.22  1.24164e-08  1.49421e-11
      1263.54  1.00448e-08  1.34402e-11
      1263.86  5.91769e-09  1.10313e-11
      1264.17  4.44415e-09  1.07346e-11
      1264.49  3.14165e-09  9.66242e-12
      1264.81  3.53867e-09  9.90960e-12
      1265.13  7.63551e-09  1.33892e-11
      1265.45  1.20115e-08  1.60884e-11
      1265.77  1.05503e-08  1.45391e-11
      1266.10  5.42011e-09  1.03603e-11
      1266.42  2.54769e-09  7.93929e-12
      1266.74  2.12145e-09  7.92355e-12
      1267.06  3.04799e-09  9.09669e-12
      1267.38  7.25534e-09  1.31631e-11
      1267.70  1.41872e-08  1.80431e-11
      1268.02  1.47658e-08  1.68057e-11
      1268.34  1.48098e-08  1.62845e-11
      1268.67  1.30045e-08  1.40370e-11
      1268.99  1.32932e-08  1.41386e-11
      1269.31  9.92096e-09  1.21711e-11
      1269.63  6.16780e-09  9.86150e-12
      1269.95  5.12403e-09  9.43252e-12
      1270.28  6.57677e-09  1.04554e-11
      1270.60  1.14481e-08  1.38049e-11
      1270.92  1.38316e-08  1.43103e-11
      1271.25  1.50035e-08  1.42622e-11
      1271.57  1.44979e-08  1.39929e-11
      1271.89  8.43308e-09  1.05573e-11
      1272.22  3.43611e-09  7.42306e-12
      1272.54  1.93192e-09  6.56190e-12
      1272.86  1.51924e-09  6.60180e-12
      1273.19  1.41603e-09  6.77783e-12
      1273.51  1.81396e-09  7.38275e-12
      1273.84  2.99141e-09  8.74131e-12
      1274.16  4.02592e-09  9.42904e-12
      1274.49  5.50094e-09  9.93363e-12
      1274.81  1.02769e-08  1.33817e-11
      1275.14  1.43412e-08  1.62811e-11
      1275.46  1.27459e-08  1.56251e-11
      1275.79  8.07921e-09  1.30237e-11
      1276.11  5.02847e-09  1.07888e-11
      1276.44  6.93553e-09  1.21388e-11
      1276.76  1.27687e-08  1.65593e-11
      1277.09  1.28650e-08  1.48720e-11
      1277.42  1.33527e-08  1.50316e-11
      1277.74  8.94843e-09  1.16916e-11
      1278.07  3.80769e-09  7.91547e-12
      1278.40  2.14008e-09  6.80109e-12
      1278.72  1.61600e-09  6.42148e-12
      1279.05  1.60621e-09  6.57393e-12
      1279.38  2.28260e-09  7.17400e-12
      1279.71  3.64953e-09  8.10339e-12
      1280.03  4.87528e-09  8.81671e-12
      1280.36  4.42928e-09  8.08207e-12
      1280.69  4.65771e-09  8.36483e-12
      1281.02  6.28573e-09  9.73596e-12
      1281.34  9.44543e-09  1.24480e-11
      1281.67  1.13757e-08  1.46168e-11
      1282.00  8.74588e-09  1.31277e-11
      1282.33  9.01852e-09  1.33720e-11
      1282.66  1.40780e-08  1.65385e-11
      1282.99  1.80596e-08  1.83775e-11
      1283.32  1.80494e-08  1.85022e-11
      1283.65  1.22651e-08  1.49873e-11
      1283.98  6.16443e-09  1.08855e-11
      1284.31  3.35610e-09  9.00113e-12
      1284.64  2.42692e-09  8.26841e-12
      1284.97  2.40622e-09  8.27699e-12
      1285.30  3.01916e-09  9.10436e-12
      1285.63  2.52215e-09  7.96227e-12
      1285.96  2.29290e-09  7.01460e-12
      1286.29  3.77130e-09  7.96808e-12
      1286.62  5.52700e-09  9.21964e-12
      1286.95  5.14609e-09  8.70280e-12
      1287.28  6.58249e-09  9.73590e-12
      1287.61  1.19445e-08  1.36158e-11
      1287.95  1.43810e-08  1.48479e-11
      1288.28  1.42218e-08  1.47336e-11
      1288.61  1.41369e-08  1.44124e-11
      1288.94  1.37918e-08  1.42416e-11
      1289.27  9.76499e-09  1.17966e-11
      1289.61  6.89421e-09  1.05295e-11
      1289.94  5.32570e-09  1.00348e-11
      1290.27  3.48417e-09  8.84791e-12
      1290.61  2.86725e-09  8.83311e-12
      1290.94  2.13220e-09  8.23479e-12
      1291.27  1.53111e-09  7.31665e-12
      1291.61  1.82016e-09  7.47502e-12
      1291.94  3.16138e-09  8.40738e-12
      1292.27  5.80195e-09  1.01100e-11
      1292.61  8.69003e-09  1.25886e-11
      1292.94  6.26491e-09  1.09158e-11
      1293.28  4.26004e-09  1.13864e-11
      1293.61  6.73620e-09  1.39978e-11
      1293.95  8.24066e-09  1.22133e-11
      1294.28  1.28847e-08  1.40049e-11
      1294.62  1.45902e-08  1.40389e-11
      1294.95  1.18223e-08  1.18502e-11
      1295.29  1.15166e-08  1.21520e-11
      1295.62  9.75818e-09  1.14308e-11
      1295.96  6.88269e-09  1.02541e-11
      1296.29  5.86673e-09  1.03029e-11
      1296.63  6.11326e-09  1.10135e-11
      1296.97  7.62762e-09  1.20204e-11
      1297.30  1.20831e-08  1.46401e-11
      1297.64  1.64050e-08  1.70779e-11
      1297.98  1.38739e-08  1.53914e-11
      1298.31  8.48675e-09  1.22272e-11
      1298.65  4.63654e-09  9.74051e-12
      1298.99  3.42614e-09  8.70288e-12
      1299.33  6.25879e-09  1.14171e-11
      1299.66  1.16731e-08  1.51632e-11
      1300.00  1.34695e-08  1.54488e-11
      1300.34  1.16031e-08  1.36683e-11
      1300.68  7.96282e-09  1.05852e-11
      1301.02  8.20520e-09  1.01146e-11
      1301.35  1.44898e-08  1.35986e-11
      1301.69  1.76714e-08  1.50526e-11
      1302.03  1.71290e-08  1.54472e-11
      1302.37  1.51319e-08  1.46033e-11
      1302.71  1.74928e-08  1.63750e-11
      1303.05  1.90930e-08  1.67227e-11
      1303.39  2.18888e-08  1.77771e-11
      1303.73  2.35170e-08  1.85839e-11
      1304.07  2.14603e-08  1.79719e-11
      1304.41  2.16555e-08  1.90596e-11
      1304.75  2.31259e-08  2.05583e-11
      1305.09  2.42329e-08  2.13178e-11
      1305.43  2.90854e-08  2.36423e-11
      1305.77  3.50418e-08  2.50684e-11
      1306.11  3.59085e-08  2.46570e-11
      1306.46  2.39066e-08  1.89837e-11
      1306.80  1.09965e-08  1.24316e-11
      1307.14  5.33148e-09  9.75246e-12
      1307.48  3.47333e-09  7.96416e-12
      1307.82  2.76773e-09  7.08921e-12
      1308.16  2.76625e-09  7.19824e-12
      1308.51  3.39455e-09  7.95991e-12
      1308.85  2.76791e-09  7.16834e-12
      1309.19  1.85684e-09  6.17451e-12
      1309.53  1.63542e-09  6.06306e-12
      1309.88  1.59667e-09  6.23930e-12
      1310.22  1.73036e-09  6.68399e-12
      1310.56  2.32320e-09  7.62128e-12
      1310.91  4.49756e-09  1.02120e-11
      1311.25  8.64748e-09  1.39463e-11
      1311.60  9.05448e-09  1.40494e-11
      1311.94  5.32833e-09  1.05440e-11
      1312.28  2.59982e-09  7.52925e-12
      1312.63  1.64337e-09  6.26228e-12
      1312.97  1.36699e-09  5.93219e-12
      1313.32  1.94985e-09  6.52590e-12
      1313.66  3.31983e-09  8.07440e-12
      1314.01  2.89414e-09  7.63605e-12
      1314.35  1.56926e-09  6.12678e-12
      1314.70  1.08596e-09  5.35530e-12
      1315.05  1.05638e-09  5.19152e-12
      1315.39  1.22275e-09  5.52077e-12
      1315.74  1.61570e-09  6.05637e-12
      1316.08  2.60560e-09  7.51334e-12
      1316.43  5.66328e-09  1.05666e-11
      1316.78  9.91815e-09  1.46836e-11
      1317.12  7.98797e-09  1.34402e-11
      1317.47  3.69386e-09  9.32245e-12
      1317.82  1.96865e-09  7.18213e-12
      1318.17  1.97380e-09  6.72293e-12
      1318.51  3.53392e-09  8.16313e-12
      1318.86  4.58843e-09  9.30908e-12
      1319.21  3.03567e-09  7.69677e-12
      1319.56  1.63826e-09  6.28543e-12
      1319.91  1.66627e-09  6.55441e-12
      1320.25  1.67582e-09  6.36981e-12
      1320.60  1.64569e-09  6.03574e-12
      1320.95  2.06023e-09  6.32673e-12
      1321.30  3.00541e-09  7.00779e-12
      1321.65  6.41212e-09  9.81292e-12
      1322.00  1.31627e-08  1.54509e-11
      1322.35  1.12451e-08  1.45685e-11
      1322.70  5.23607e-09  1.06510e-11
      1323.05  3.02101e-09  8.95466e-12
      1323.40  3.41330e-09  9.49283e-12
      1323.75  4.18776e-09  9.47206e-12
      1324.10  4.50057e-09  9.27824e-12
      1324.45  3.22108e-09  7.70353e-12
      1324.80  2.15386e-09  6.59787e-12
      