227
      1249.95  9.18535e-09  1.55869e-11
      1250.27  4.29645e-09  1.15939e-11
      1250.58  1.21822e-09  7.95134e-12
      1250.89  8.11393e-10  7.33958e-12
      1251.20  1.18627e-09  7.41633e-12
      1251.52  2.06638e-09  8.07554e-12
      1251.83  3.80873e-09  1.01542e-11
      1252.14  5.03528e-09  1.18800e-11
      1252.46  4.84320e-09  1.21075e-11
      1252.77  4.54441e-09  1.21866e-11
      1253.09  7.82129e-09  1.54262e-11
      1253.40  1.52012e-08  2.10864e-11
      1253.71  1.88737e-08  2.33624e-11
      1254.03  1.12069e-08  1.70043e-11
      1254.34  5.22427e-09  1.18873e-11
      1254.66  6.58007e-09  1.31251e-11
      1254.97  1.10217e-08  1.80517e-11
      1255.29  6.94542e-09  1.43918e-11
      1255.60  2.84637e-09  1.05448e-11
      1255.92  3.35665e-09  1.18090e-11
      1256.23  5.97001e-09  1.45308e-11
      1256.55  9.76330e-09  1.85176e-11
      1256.87  6.87094e-09  1.43856e-11
      1257.18  2.88091e-09  9.80391e-12
      1257.50  1.98719e-09  9.76582e-12
      1257.81  2.11561e-09  7.95948e-12
      1258.13  3.05948e-09  1.28157e-11
      1258.45  2.93067e-09  1.05936e-11
      1258.76  3.11870e-09  1.05925e-11
      1259.08  5.90215e-09  1.31894e-11
      1259.40  1.24819e-08  1.74595e-11
      1259.72  1.68518e-08  1.94012e-11
      1260.03  1.24054e-08  1.55420e-11
      1260.35  9.01393e-09  1.26005e-11
      1260.67  1.18186e-08  1.49419e-11
      1260.99  1.06650e-08  1.40734e-11
      1261.30  8.32960e-09  1.23421e-11
      1261.62  1.09622e-08  1.48236e-11
      1261.94  1.12873e-08  1.43704e-11
      1262.26  1.18515e-08  1.48646e-11
      1262.58  8.46839e-09  1.16313e-11
      1262.90  9.01170e-09  1.15438e-11
      1263.22  1.43693e-08  1.50386e-11
      1263.54  1.18815e-08  1.36994e-11
      1263.86  7.31907e-09  1.15148e-11
      1264.17  5.66268e-09  1.11254e-11
      1264.49  4.15712e-09  1.00764e-11
      1264.81  4.68643e-09  1.04089e-11
      1265.13  9.67324e-09  1.42844e-11
      1265.45  1.49643e-08  1.74177e-11
      1265.77  1.31808e-08  1.59731e-11
      1266.10  6.97252e-09  1.16694e-11
      1266.42  3.43458e-09  9.14067e-12
      1266.74  2.84615e-09  9.06279e-12
      1267.06  3.94949e-09  1.04350e-11
      1267.38  8.83342e-09  1.48458e-11
      1267.70  1.66563e-08  2.09057e-11
      1268.02  1.72842e-08  1.98004e-11
      1268.34  1.71703e-08  1.93042e-11
      1268.67  1.50180e-08  1.67278e-11
      1268.99  1.52281e-08  1.70914e-11
      1269.31  1.13403e-08  1.45828e-11
      1269.63  7.10261e-09  1.20087e-11
      1269.95  5.86673e-09  1.13449e-11
      1270.28  7.35505e-09  1.22113e-11
      1270.60  1.25944e-08  1.59540e-11
      1270.92  1.51598e-08  1.62660e-11
      1271.25  1.64467e-08  1.59352e-11
      1271.57  1.59664e-08  1.51819e-11
      1271.89  9.44920e-09  1.12090e-11
      1272.22  3.98936e-09  7.72954e-12
      1272.54  2.33674e-09  6.71345e-12
      1272.86  1.89383e-09  6.65779e-12
      1273.19  1.82691e-09  6.87643e-12
      1273.51  2.35334e-09  7.59815e-12
      1273.84  3.82238e-09  9.13130e-12
      1274.16  5.17930e-09  1.00228e-11
      1274.49  7.09432e-09  1.07914e-11
      1274.81  1.28671e-08  1.45101e-11
      1275.14  1.77401e-08  1.77649e-11
      1275.46  1.57904e-08  1.74315e-11
      1275.79  1.01503e-08  1.47428e-11
      1276.11  6.41764e-09  1.25798e-11
      1276.44  8.52266e-09  1.41384e-11
      1276.76  1.51918e-08  1.93363e-11
      1277.09  1.51651e-08  1.78310e-11
      1277.42  1.55720e-08  1.80362e-11
      1277.74  1.04353e-08  1.41949e-11
      1278.07  4.51554e-09  9.61338e-12
      1278.40  2.55219e-09  8.22652e-12
      1278.72  1.93177e-09  7.74542e-12
      1279.05  1.88994e-09  7.72902e-12
      1279.38  2.61152e-09  8.43525e-12
      1279.71  4.09578e-09  9.31689e-12
      1280.03  5.44502e-09  9.86298e-12
      1280.36  4.99137e-09  8.76421e-12
      1280.69  5.30229e-09  8.83747e-12
      1281.02  7.18686e-09  9.99753e-12
      1281.34  1.08217e-08  1.25684e-11
      1281.67  1.31533e-08  1.46483e-11
      1282.00  1.04311e-08  1.32880e-11
      1282.33  1.09585e-08  1.38427e-11
      1282.66  1.70385e-08  1.73628e-11
      1282.99  2.19973e-08  1.94174e-11
      1283.32  2.20538e-08  1.94548e-11
      1283.65  1.52203e-08  1.61631e-11
      1283.98  7.82649e-09  1.20584e-11
      1284.31  4.37095e-09  1.01519e-11
      1284.64  3.17225e-09  9.60183e-12
      1284.97  3.08252e-09  9.64524e-12
      1285.30  3.77375e-09  1.07614e-11
      1285.63  3.11440e-09  9.52994e-12
      1285.96  2.77790e-09  8.39917e-12
      1286.29  4.40158e-09  9.58843e-12
      1286.62  6.29852e-09  1.10527e-11
      1286.95  5.82589e-09  1.02937e-11
      1287.28  7.32961e-09  1.13485e-11
      1287.61  1.30680e-08  1.54686e-11
      1287.95  1.57302e-08  1.64330e-11
      1288.28  1.56451e-08  1.58433e-11
      1288.61  1.56737e-08  1.50934e-11
      1288.94  1.54321e-08  1.45313e-11
      1289.27  1.12025e-08  1.19784e-11
      1289.61  8.17610e-09  1.07329e-11
      1289.94  6.53711e-09  1.03989e-11
      1290.27  4.46654e-09  9.27363e-12
      1290.61  3.75821e-09  9.65509e-12
      1290.94  2.85688e-09  8.95430e-12
      1291.27  2.09638e-09  8.13800e-12
      1291.61  2.42890e-09  8.29495e-12
      1291.94  4.08161e-09  9.68465e-12
      1292.27  7.17335e-09  1.18860e-11
      1292.61  1.04208e-08  1.49235e-11
      1292.94  7.45068e-09  1.30766e-11
      1293.28  5.13548e-09  1.29055e-11
      1293.61  7.62885e-09  1.51098e-11
      1293.95  9.33397e-09  1.46848e-11
      1294.28  1.43244e-08  1.68199e-11
      1294.62  1.61010e-08  1.64965e-11
      1294.95  1.30548e-08  1.36224e-11
      1295.29  1.27004e-08  1.35229e-11
      1295.62  1.08848e-08  1.22283e-11
      1295.96  7.82474e-09  1.06102e-11
      1296.29  6.82601e-09  1.04633e-11
      1296.63  7.28517e-09  1.10948e-11
      1296.97  9.22442e-09  1.23074e-11
      1297.30  1.44961e-08  1.51839e-11
      1297.64  1.96512e-08  1.79574e-11
      1297.98  1.69364e-08  1.64938e-11
      1298.31  1.07090e-08  1.34917e-11
      1298.65  5.98849e-09  1.09093e-11
      1298.99  4.45869e-09  9.97972e-12
      1299.33  7.68506e-09  1.30872e-11
      1299.66  1.37327e-08  1.75977e-11
      1300.00  1.55967e-08  1.81855e-11
      1300.34  1.33523e-08  1.63786e-11
      1300.68  9.14509e-09  1.28309e-11
      1301.02  9.23265e-09  1.21244e-11
      1301.35  1.58960e-08  1.59152e-11
      1301.69  1.92403e-08  1.72258e-11
      1302.03  1.86180e-08  1.71408e-11
      1302.37  1.65103e-08  1.55812e-11
      1302.71  1.91811e-08  1.68380e-11
      1303.05  2.11888e-08  1.68702e-11
      1303.39  2.46478e-08  1.78637e-11
      1303.73  2.68917e-08  1.88337e-11
      1304.07  2.50962e-08  1.86310e-11
      1304.41  2.56686e-08  2.01189e-11
      1304.75  2.74468e-08  2.20731e-11
      1305.09  2.88032e-08  2.33323e-11
      1305.43  3.39573e-08  2.62965e-11
      1305.77  4.02087e-08  2.83739e-11
      1306.11  4.05401e-08  2.81760e-11
      1306.46  2.69385e-08  2.21283e-11
      1306.80  1.29019e-08  1.56461e-11
      1307.14  6.63465e-09  1.10008e-11
      1307.48  3.95780e-09  1.01852e-11
      1307.82  3.21211e-09  8.50968e-12
      1308.16  3.15971e-09  8.39471e-12
      1308.51  3.83261e-09  8.89267e-12
      1308.85  3.17007e-09  7.69926e-12
      1309.19  2.18885e-09  6.34769e-12
      1309.53  1.98985e-09  6.08286e-12
      1309.88  2.00818e-09  6.24589e-12
      1310.22  2.23247e-09  6.71101e-12
      1310.56  3.02357e-09  8.00561e-12
      1310.91  5.68354e-09  1.09101e-11
      1311.25  1.06457e-08  1.51439e-11
      1311.60  1.10954e-08  1.54611e-11
      1311.94  6.59573e-09  1.18538e-11
      1312.28  3.26410e-09  8.58561e-12
      1312.63  2.05844e-09  7.32207e-12
      1312.97  1.68635e-09  6.91693e-12
      1313.32  2.30560e-09  7.77227e-12
      1313.66  3.80026e-09  9.63985e-12
      1314.01  3.28814e-09  8.94779e-12
      1314.35  1.79391e-09  6.95822e-12
      1314.70  1.26638e-09  5.90039e-12
      1315.05  1.24533e-09  5.50130e-12
      1315.39  1.46808e-09  5.59166e-12
      1315.74  1.99039e-09  6.12027e-12
      1316.08  3.24266e-09  7.66169e-12
      1316.43  6.96082e-09  1.10128e-11
      1316.78  1.20444e-08  1.56249e-11
      1317.12  9.79142e-09  1.46376e-11
      1317.47  4.65861e-09  1.06433e-11
      1317.82  2.57958e-09  8.25479e-12
      1318.17  2.53980e-09  7.85903e-12
      1318.51  4.33362e-09  9.96218e-12
      1318.86  5.45805e-09  1.11804e-11
      1319.21  3.59564e-09  9.38233e-12
      1319.56  1.95205e-09  7.36262e-12
      1319.91  1.93121e-09  7.55810e-12
      1320.25  1.92311e-09  7.26569e-12
      1320.60  1.89605e-09  6.62897e-12
      1320.95  2.38252e-09  6.63970e-12
      1321.30  3.52132e-09  7.19064e-12
      1321.65  7.48654e-09  9.90577e-12
      1322.00  1.52135e-08  1.54322e-11
      1322.35  1.33261e-08  1.49878e-11
      1322.70  6.55617e-09  1.13482e-11
      1323.05  3.92804e-09  9.81266e-12
      1323.40  4.40164e-09  1.05152e-11
      1323.75  5.28030e-09  1.07715e-11
      1324.10  5.54991e-09  1.09000e-11
      1324.45  3.90878e-09  9.10502e-12
      1324.80  2.60960e-09  7.88231e-12
      