227
      1249.95  0.00000e+00  0.00000e+00
      1250.27  0.00000e+00  0.00000e+00
      1250.58  0.00000e+00  0.00000e+00
      1250.89  0.00000e+00  0.00000e+00
      1251.20  0.00000e+00  0.00000e+00
      1251.52  0.00000e+00  0.00000e+00
      1251.83  3.78710e-09  2.51104e-11
      1252.14  3.75136e-09  2.32547e-11
      1252.46  3.53238e-09  1.64629e-11
      1252.77  3.38236e-09  1.48163e-11
      1253.09  5.88561e-09  1.83009e-11
      1253.40  1.19152e-08  2.47224e-11
      1253.71  1.54667e-08  2.76295e-11
      1254.03  9.51117e-09  2.04921e-11
      1254.34  4.17172e-09  1.25696e-11
      1254.66  5.13988e-09  1.21245e-11
      1254.97  8.91160e-09  1.64984e-11
      1255.29  5.91534e-09  1.35582e-11
      1255.60  2.37088e-09  1.05327e-11
      1255.92  2.73503e-09  1.34744e-11
      1256.23  5.01741e-09  1.60507e-11
      1256.55  8.73372e-09  2.06231e-11
      1256.87  6.53413e-09  1.70885e-11
      1257.18  2.73543e-09  1.15995e-11
      1257.50  1.84824e-09  1.15841e-11
      1257.81  1.78483e-09  1.59951e-11
      1258.13  1.78158e-09  1.73553e-11
      1258.45  0.00000e+00  0.00000e+00
      1258.76  0.00000e+00  0.00000e+00
      1259.08  0.00000e+00  0.00000e+00
      1259.40  0.00000e+00  0.00000e+00
      1259.72  0.00000e+00  0.00000e+00
      1260.03  0.00000e+00  0.00000e+00
      1260.35  0.00000e+00  0.00000e+00
      1260.67  0.00000e+00  0.00000e+00
      1260.99  0.00000e+00  0.00000e+00
      1261.30  0.00000e+00  0.00000e+00
      1261.62  0.00000e+00  0.00000e+00
      1261.94  0.00000e+00  0.00000e+00
      1262.26  0.00000e+00  0.00000e+00
      1262.58  0.00000e+00  0.00000e+00
      1262.90  0.00000e+00  0.00000e+00
      1263.22  0.00000e+00  0.00000e+00
      1263.54  0.00000e+00  0.00000e+00
      1263.86  2.29262e-09  1.97528e-11
      1264.17  2.30459e-09  1.93167e-11
      1264.49  2.41108e-09  1.65645e-11
      1264.81  3.39442e-09  1.29762e-11
      1265.13  7.39975e-09  1.68561e-11
      1265.45  1.20464e-08  2.03046e-11
      1265.77  1.07189e-08  1.66032e-11
      1266.10  5.78237e-09  1.12454e-11
      1266.42  2.71964e-09  8.44773e-12
      1266.74  2.21509e-09  8.55373e-12
      1267.06  3.17906e-09  1.13856e-11
      1267.38  7.37245e-09  1.64859e-11
      1267.70  1.48248e-08  2.37817e-11
      1268.02  1.60101e-08  2.32325e-11
      1268.34  1.66248e-08  2.62453e-11
      1268.67  1.75947e-08  3.66275e-11
      1268.99  1.77876e-08  3.92966e-11
      1269.31  0.00000e+00  0.00000e+00
      1269.63  0.00000e+00  0.00000e+00
      1269.95  0.00000e+00  0.00000e+00
      1270.28  0.00000e+00  0.00000e+00
      1270.60  0.00000e+00  0.00000e+00
      1270.92  0.00000e+00  0.00000e+00
      1271.25  0.00000e+00  0.00000e+00
      1271.57  0.00000e+00  0.00000e+00
      1271.89  0.00000e+00  0.00000e+00
      1272.22  0.00000e+00  0.00000e+00
      1272.54  0.00000e+00  0.00000e+00
      1272.86  0.00000e+00  0.00000e+00
      1273.19  0.00000e+00  0.00000e+00
      1273.51  0.00000e+00  0.00000e+00
      1273.84  4.35757e-09  2.02677e-11
      1274.16  4.52169e-09  1.94224e-11
      1274.49  5.66792e-09  1.57552e-11
      1274.81  9.97742e-09  1.67892e-11
      1275.14  1.43775e-08  1.99678e-11
      1275.46  1.29734e-08  1.71090e-11
      1275.79  8.55993e-09  1.36561e-11
      1276.11  5.35060e-09  1.18106e-11
      1276.44  6.88883e-09  1.50739e-11
      1276.76  1.33266e-08  2.17846e-11
      1277.09  1.39651e-08  2.05435e-11
      1277.42  1.51166e-08  2.39396e-11
      1277.74  1.67420e-08  3.38364e-11
      1278.07  1.70540e-08  3.61606e-11
      1278.40  0.00000e+00  0.00000e+00
      1278.72  0.00000e+00  0.00000e+00
      1279.05  0.00000e+00  0.00000e+00
      1279.38  0.00000e+00  0.00000e+00
      1279.71  0.00000e+00  0.00000e+00
      1280.03  0.00000e+00  0.00000e+00
      1280.36  0.00000e+00  0.00000e+00
      1280.69  0.00000e+00  0.00000e+00
      1281.02  0.00000e+00  0.00000e+00
      1281.34  0.00000e+00  0.00000e+00
      1281.67  0.00000e+00  0.00000e+00
      1282.00  0.00000e+00  0.00000e+00
      1282.33  1.79272e-08  3.92562e-11
      1282.66  1.79984e-08  3.77557e-11
      1282.99  1.84226e-08  2.97033e-11
      1283.32  1.83182e-08  2.31745e-11
      1283.65  1.28965e-08  1.85597e-11
      1283.98  6.41650e-09  1.20420e-11
      1284.31  3.62079e-09  9.62334e-12
      1284.64  2.69271e-09  1.01300e-11
      1284.97  2.64381e-09  1.11723e-11
      1285.30  3.33627e-09  1.25306e-11
      1285.63  2.94458e-09  1.18492e-11
      1285.96  2.35105e-09  1.48683e-11
      1286.29  2.23257e-09  1.68603e-11
      1286.62  0.00000e+00  0.00000e+00
      1286.95  0.00000e+00  0.00000e+00
      1287.28  0.00000e+00  0.00000e+00
      1287.61  0.00000e+00  0.00000e+00
      1287.95  0.00000e+00  0.00000e+00
      1288.28  0.00000e+00  0.00000e+00
      1288.61  0.00000e+00  0.00000e+00
      1288.94  0.00000e+00  0.00000e+00
      1289.27  0.00000e+00  0.00000e+00
      1289.61  0.00000e+00  0.00000e+00
      1289.94  0.00000e+00  0.00000e+00
      1290.27  1.89679e-09  1.72122e-11
      1290.61  1.88451e-09  1.67094e-11
      1290.94  1.79484e-09  1.34842e-11
      1291.27  1.55651e-09  8.79082e-12
      1291.61  1.83698e-09  7.75071e-12
      1291.94  3.09409e-09  9.32474e-12
      1292.27  5.83964e-09  1.29224e-11
      1292.61  9.29222e-09  1.69286e-11
      1292.94  7.18008e-09  1.53043e-11
      1293.28  4.71891e-09  1.76210e-11
      1293.61  4.25473e-09  2.00187e-11
      1293.95  4.19764e-09  2.03753e-11
      1294.28  0.00000e+00  0.00000e+00
      1294.62  0.00000e+00  0.00000e+00
      1294.95  0.00000e+00  0.00000e+00
      1295.29  0.00000e+00  0.00000e+00
      1295.62  0.00000e+00  0.00000e+00
      1295.96  0.00000e+00  0.00000e+00
      1296.29  0.00000e+00  0.00000e+00
      1296.63  0.00000e+00  0.00000e+00
      1296.97  0.00000e+00  0.00000e+00
      1297.30  0.00000e+00  0.00000e+00
      1297.64  1.02856e-08  2.81129e-11
      1297.98  1.00129e-08  2.55555e-11
      1298.31  8.19098e-09  1.59832e-11
      1298.65  4.84965e-09  1.09752e-11
      1298.99  3.55094e-09  1.01300e-11
      1299.33  6.21817e-09  1.43253e-11
      1299.66  1.19832e-08  2.00970e-11
      1300.00  1.47136e-08  2.33841e-11
      1300.34  1.45965e-08  3.22571e-11
      1300.68  1.45272e-08  3.49203e-11
      1301.02  0.00000e+00  0.00000e+00
      1301.35  0.00000e+00  0.00000e+00
      1301.69  0.00000e+00  0.00000e+00
      1302.03  0.00000e+00  0.00000e+00
      1302.37  0.00000e+00  0.00000e+00
      1302.71  0.00000e+00  0.00000e+00
      1303.05  0.00000e+00  0.00000e+00
      1303.39  0.00000e+00  0.00000e+00
      1303.73  0.00000e+00  0.00000e+00
      1304.07  0.00000e+00  0.00000e+00
      1304.41  2.29346e-08  4.33104e-11
      1304.75  2.30646e-08  4.02069e-11
      1305.09  2.42027e-08  2.79318e-11
      1305.43  2.86200e-08  2.69616e-11
      1305.77  3.54404e-08  3.20833e-11
      1306.11  3.76399e-08  3.27022e-11
      1306.46  2.71278e-08  2.70976e-11
      1306.80  1.66419e-08  2.65758e-11
      1307.14  1.43309e-08  3.10164e-11
      1307.48  1.40433e-08  3.17710e-11
      1307.82  0.00000e+00  0.00000e+00
      1308.16  0.00000e+00  0.00000e+00
      1308.51  0.00000e+00  0.00000e+00
      1308.85  0.00000e+00  0.00000e+00
      1309.19  0.00000e+00  0.00000e+00
      1309.53  0.00000e+00  0.00000e+00
      1309.88  0.00000e+00  0.00000e+00
      1310.22  0.00000e+00  0.00000e+00
      1310.56  1.09864e-08  3.21412e-11
      1310.91  1.09669e-08  3.16840e-11
      1311.25  1.07717e-08  2.79679e-11
      1311.60  9.38337e-09  1.73468e-11
      1311.94  6.14232e-09  1.33390e-11
      1312.28  3.05878e-09  1.02307e-11
      1312.63  1.93351e-09  8.84040e-12
      1312.97  1.61086e-09  1.12271e-11
      1313.32  1.55381e-09  1.37386e-11
      1313.66  1.54698e-09  1.41293e-11
      1314.01  0.00000e+00  0.00000e+00
      1314.35  0.00000e+00  0.00000e+00
      1314.70  0.00000e+00  0.00000e+00
      1315.05  0.00000e+00  0.00000e+00
      1315.39  0.00000e+00  0.00000e+00
      1315.74  0.00000e+00  0.00000e+00
      1316.08  0.00000e+00  0.00000e+00
      1316.43  0.00000e+00  0.00000e+00
      1316.78  2.28796e-09  1.63186e-11
      1317.12  2.28341e-09  1.61593e-11
      1317.47  2.24402e-09  1.48464e-11
      1317.82  2.02676e-09  1.01928e-11
      1318.17  2.08818e-09  8.92874e-12
      1318.51  3.68707e-09  1.10275e-11
      1318.86  5.30776e-09  1.44804e-11
      1319.21  5.73195e-09  2.07157e-11
      1319.56  5.78903e-09  2.22781e-11
      1319.91  0.00000e+00  0.00000e+00
      1320.25  0.00000e+00  0.00000e+00
      1320.60  0.00000e+00  0.00000e+00
      1320.95  0.00000e+00  0.00000e+00
      1321.30  0.00000e+00  0.00000e+00
      1321.65  0.00000e+00  0.00000e+00
      1322.00  0.00000e+00  0.00000e+00
      1322.35  0.00000e+00  0.00000e+00
      1322.70  3.97975e-09  2.02217e-11
      1323.05  3.98749e-09  1.98821e-11
      1323.40  4.05484e-09  1.73340e-11
      1323.75  4.44288e-09  1.28200e-11
      1324.10  4.94911e-09  1.29227e-11
      1324.45  3.97269e-09  1.22493e-11
      1324.80  3.01378e-09  1.54195e-11
      