227
      1249.95  1.02891e-08  2.28816e-11
      1250.27  4.90172e-09  1.69395e-11
      1250.58  1.44685e-09  1.15768e-11
      1250.89  9.64469e-10  1.03743e-11
      1251.20  1.38069e-09  1.03951e-11
      1251.52  2.33474e-09  1.12622e-11
      1251.83  4.23389e-09  1.39139e-11
      1252.14  5.27976e-09  1.39587e-11
      1252.46  4.57686e-09  1.16176e-11
      1252.77  4.24680e-09  1.10102e-11
      1253.09  7.24971e-09  1.36457e-11
      1253.40  1.40546e-08  1.83531e-11
      1253.71  1.74375e-08  2.02482e-11
      1254.03  1.03394e-08  1.47991e-11
      1254.34  4.74866e-09  1.02394e-11
      1254.66  5.93591e-09  1.12405e-11
      1254.97  1.00105e-08  1.55630e-11
      1255.29  6.30056e-09  1.26357e-11
      1255.60  2.52440e-09  9.38759e-12
      1255.92  2.99600e-09  1.07962e-11
      1256.23  5.43244e-09  1.29381e-11
      1256.55  9.07656e-09  1.67049e-11
      1256.87  6.41511e-09  1.36148e-11
      1257.18  2.68464e-09  9.47410e-12
      1257.50  1.89627e-09  8.87059e-12
      1257.81  2.21137e-09  1.03583e-11
      1258.13  2.87134e-09  1.14336e-11
      1258.45  2.89133e-09  1.13137e-11
      1258.76  3.13099e-09  1.17748e-11
      1259.08  5.98377e-09  1.47692e-11
      1259.40  1.27104e-08  2.04371e-11
      1259.72  1.73012e-08  2.32366e-11
      1260.03  1.29512e-08  1.93702e-11
      1260.35  9.54951e-09  1.61090e-11
      1260.67  1.25363e-08  1.95453e-11
      1260.99  1.14857e-08  1.90651e-11
      1261.30  9.08542e-09  1.71360e-11
      1261.62  1.19395e-08  2.09765e-11
      1261.94  1.23733e-08  2.06687e-11
      1262.26  1.30697e-08  2.16147e-11
      1262.58  9.47829e-09  1.70414e-11
      1262.90  9.94629e-09  1.67994e-11
      1263.22  1.57649e-08  2.16472e-11
      1263.54  1.32296e-08  1.96473e-11
      1263.86  8.22031e-09  1.61766e-11
      1264.17  6.21321e-09  1.46759e-11
      1264.49  3.91092e-09  1.04556e-11
      1264.81  4.31420e-09  9.40208e-12
      1265.13  8.89930e-09  1.25073e-11
      1265.45  1.37675e-08  1.51625e-11
      1265.77  1.20690e-08  1.38421e-11
      1266.10  6.33287e-09  1.01355e-11
      1266.42  3.04884e-09  7.92870e-12
      1266.74  2.51310e-09  7.79005e-12
      1267.06  3.54497e-09  9.27061e-12
      1267.38  8.12408e-09  1.35566e-11
      1267.70  1.55285e-08  1.95109e-11
      1268.02  1.62641e-08  1.90247e-11
      1268.34  1.63459e-08  1.91826e-11
      1268.67  1.45013e-08  1.72994e-11
      1268.99  1.48730e-08  1.81246e-11
      1269.31  1.12423e-08  1.59337e-11
      1269.63  7.17484e-09  1.35323e-11
      1269.95  6.02087e-09  1.32961e-11
      1270.28  7.60469e-09  1.50288e-11
      1270.60  1.31533e-08  2.02886e-11
      1270.92  1.60252e-08  2.14496e-11
      1271.25  1.75583e-08  2.17264e-11
      1271.57  1.72385e-08  2.12600e-11
      1271.89  1.04453e-08  1.61157e-11
      1272.22  4.53654e-09  1.12543e-11
      1272.54  2.70403e-09  9.85121e-12
      1272.86  2.19559e-09  9.69210e-12
      1273.19  2.11814e-09  9.94898e-12
      1273.51  2.67411e-09  1.08891e-11
      1273.84  4.25223e-09  1.26701e-11
      1274.16  5.58578e-09  1.22244e-11
      1274.49  6.83386e-09  1.03786e-11
      1274.81  1.18344e-08  1.25440e-11
      1275.14  1.62631e-08  1.52209e-11
      1275.46  1.44130e-08  1.48097e-11
      1275.79  9.21571e-09  1.26411e-11
      1276.11  5.78233e-09  1.08696e-11
      1276.44  7.76580e-09  1.26883e-11
      1276.76  1.40748e-08  1.76410e-11
      1277.09  1.41985e-08  1.66323e-11
      1277.42  1.47505e-08  1.75231e-11
      1277.74  9.99957e-09  1.42457e-11
      1278.07  4.39476e-09  9.98176e-12
      1278.40  2.54408e-09  8.89738e-12
      1278.72  1.97634e-09  8.61620e-12
      1279.05  1.98643e-09  9.11944e-12
      1279.38  2.78958e-09  1.02958e-11
      1279.71  4.36568e-09  1.19893e-11
      1280.03  5.87994e-09  1.32514e-11
      1280.36  5.47977e-09  1.22081e-11
      1280.69  5.86440e-09  1.27295e-11
      1281.02  7.92789e-09  1.44713e-11
      1281.34  1.18595e-08  1.81959e-11
      1281.67  1.44896e-08  2.10985e-11
      1282.00  1.15994e-08  1.88813e-11
      1282.33  1.19154e-08  1.90207e-11
      1282.66  1.82249e-08  2.12146e-11
      1282.99  2.12085e-08  1.90336e-11
      1283.32  2.04403e-08  1.69060e-11
      1283.65  1.40023e-08  1.39806e-11
      1283.98  7.07782e-09  1.04423e-11
      1284.31  3.90219e-09  8.86438e-12
      1284.64  2.82584e-09  8.48420e-12
      1284.97  2.80097e-09  9.01016e-12
      1285.30  3.46390e-09  1.03261e-11
      1285.63  2.90222e-09  9.41598e-12
      1285.96  2.66774e-09  8.71828e-12
      1286.29  4.33784e-09  1.04992e-11
      1286.62  6.31222e-09  1.25822e-11
      1286.95  5.97388e-09  1.22689e-11
      1287.28  7.61264e-09  1.41426e-11
      1287.61  1.36707e-08  2.02960e-11
      1287.95  1.67482e-08  2.23177e-11
      1288.28  1.68473e-08  2.22442e-11
      1288.61  1.70145e-08  2.18093e-11
      1288.94  1.68863e-08  2.11672e-11
      1289.27  1.24478e-08  1.75808e-11
      1289.61  9.09916e-09  1.54410e-11
      1289.94  7.33451e-09  1.46356e-11
      1290.27  5.01615e-09  1.25949e-11
      1290.61  3.97048e-09  1.16816e-11
      1290.94  2.50113e-09  8.67233e-12
      1291.27  1.84951e-09  7.06828e-12
      1291.61  2.16744e-09  7.16432e-12
      1291.94  3.66521e-09  8.48521e-12
      1292.27  6.54962e-09  1.07109e-11
      1292.61  9.66139e-09  1.38637e-11
      1292.94  6.90154e-09  1.21457e-11
      1293.28  5.21406e-09  1.22870e-11
      1293.61  7.13947e-09  1.49879e-11
      1293.95  9.21011e-09  1.55572e-11
      1294.28  1.45356e-08  1.96711e-11
      1294.62  1.66345e-08  2.03557e-11
      1294.95  1.37836e-08  1.77276e-11
      1295.29  1.35961e-08  1.82713e-11
      1295.62  1.18919e-08  1.72661e-11
      1295.96  8.69455e-09  1.53142e-11
      1296.29  7.62524e-09  1.52359e-11
      1296.63  8.11538e-09  1.59485e-11
      1296.97  1.01121e-08  1.73251e-11
      1297.30  1.55266e-08  2.05846e-11
      1297.64  2.08566e-08  2.32159e-11
      1297.98  1.54912e-08  1.64134e-11
      1298.31  9.51413e-09  1.19135e-11
      1298.65  5.35359e-09  9.58268e-12
      1298.99  3.97323e-09  8.67430e-12
      1299.33  7.02729e-09  1.18218e-11
      1299.66  1.28177e-08  1.66252e-11
      1300.00  1.47881e-08  1.79331e-11
      1300.34  1.28931e-08  1.69085e-11
      1300.68  8.99029e-09  1.38029e-11
      1301.02  9.32095e-09  1.38973e-11
      1301.35  1.63088e-08  1.93612e-11
      1301.69  2.00312e-08  2.20414e-11
      1302.03  1.96975e-08  2.30486e-11
      1302.37  1.76875e-08  2.17895e-11
      1302.71  2.05954e-08  2.41933e-11
      1303.05  2.28903e-08  2.45124e-11
      1303.39  2.65343e-08  2.56539e-11
      1303.73  2.90079e-08  2.64870e-11
      1304.07  2.70278e-08  2.53332e-11
      1304.41  2.72374e-08  2.58097e-11
      1304.75  2.70753e-08  2.27689e-11
      1305.09  2.66290e-08  2.09309e-11
      1305.43  3.14894e-08  2.31059e-11
      1305.77  3.74723e-08  2.54392e-11
      1306.11  3.80525e-08  2.61056e-11
      1306.46  2.54689e-08  2.12998e-11
      1306.80  1.19643e-08  1.48438e-11
      1307.14  6.14838e-09  1.21040e-11
      1307.48  4.16466e-09  1.07742e-11
      1307.82  3.34754e-09  1.02654e-11
      1308.16  3.38681e-09  1.06874e-11
      1308.51  4.16875e-09  1.18251e-11
      1308.85  3.53813e-09  1.08221e-11
      1309.19  2.48353e-09  9.15008e-12
      1309.53  2.27723e-09  8.81023e-12
      1309.88  2.29206e-09  8.89040e-12
      1310.22  2.50284e-09  9.22338e-12
      1310.56  3.28522e-09  1.05521e-11
      1310.91  6.09393e-09  1.32364e-11
      1311.25  1.09135e-08  1.59830e-11
      1311.60  1.01308e-08  1.37680e-11
      1311.94  5.97009e-09  1.06130e-11
      1312.28  2.96516e-09  7.96163e-12
      1312.63  1.90854e-09  7.13312e-12
      1312.97  1.61645e-09  7.23578e-12
      1313.32  2.27926e-09  8.54534e-12
      1313.66  3.85002e-09  1.12066e-11
      1314.01  3.42193e-09  1.10412e-11
      1314.35  1.93678e-09  8.75496e-12
      1314.70  1.41575e-09  8.05219e-12
      1315.05  1.41400e-09  7.68410e-12
      1315.39  1.67649e-09  8.05919e-12
      1315.74  2.25410e-09  8.81165e-12
      1316.08  3.56645e-09  1.07509e-11
      1316.43  7.38713e-09  1.47377e-11
      1316.78  1.28343e-08  2.01969e-11
      1317.12  1.05522e-08  1.82040e-11
      1317.47  3.89097e-09  9.76785e-12
      1317.82  2.23281e-09  7.50265e-12
      1318.17  2.30857e-09  7.15909e-12
      1318.51  4.04210e-09  9.30830e-12
      1318.86  5.17760e-09  1.11396e-11
      1319.21  3.47424e-09  9.86946e-12
      1319.56  1.96284e-09  8.46309e-12
      1319.91  2.01366e-09  9.27585e-12
      1320.25  2.07055e-09  9.35052e-12
      1320.60  2.09402e-09  9.04825e-12
      1320.95  2.65718e-09  9.40856e-12
      1321.30  3.91227e-09  1.04887e-11
      1321.65  8.03434e-09  1.41179e-11
      1322.00  1.62876e-08  2.14384e-11
      1322.35  1.47206e-08  2.04977e-11
      1322.70  7.36196e-09  1.48611e-11
      1323.05  4.25070e-09  1.13572e-11
      1323.40  4.30804e-09  1.08211e-11
      1323.75  4.79770e-09  9.93036e-12
      1324.10  5.09764e-09  1.03077e-11
      1324.45  3.64879e-09  9.05634e-12
      1324.80  2.51181e-09  9.33183e-12
      