227
      1249.95  1.26549e-08  1.36509e-11
      1250.27  6.13424e-09  1.00771e-11
      1250.58  2.04421e-09  7.12480e-12
      1250.89  1.46004e-09  6.56401e-12
      1251.20  1.93791e-09  6.78904e-12
      1251.52  3.09229e-09  7.34142e-12
      1251.83  5.33747e-09  8.96930e-12
      1252.14  6.89595e-09  9.99955e-12
      1252.46  6.59667e-09  9.94747e-12
      1252.77  6.14193e-09  9.74049e-12
      1253.09  1.01319e-08  1.23320e-11
      1253.40  1.90072e-08  1.68144e-11
      1253.71  2.33049e-08  1.85295e-11
      1254.03  1.40089e-08  1.33073e-11
      1254.34  6.91774e-09  9.14183e-12
      1254.66  8.67419e-09  9.93944e-12
      1254.97  1.35011e-08  1.27146e-11
      1255.29  8.92197e-09  1.01384e-11
      1255.60  4.07688e-09  7.37161e-12
      1255.92  4.61555e-09  8.06976e-12
      1256.23  7.96124e-09  9.75697e-12
      1256.55  1.25885e-08  1.20627e-11
      1256.87  8.87524e-09  9.65390e-12
      1257.18  4.06742e-09  6.51278e-12
      1257.50  2.99393e-09  5.57029e-12
      1257.81  3.44763e-09  5.84747e-12
      1258.13  4.35004e-09  6.48098e-12
      1258.45  4.34104e-09  6.56206e-12
      1258.76  4.62089e-09  6.74450e-12
      1259.08  8.29754e-09  8.59885e-12
      1259.40  1.69430e-08  1.22102e-11
      1259.72  2.27305e-08  1.38894e-11
      1260.03  1.68686e-08  1.14554e-11
      1260.35  1.24696e-08  9.59942e-12
      1260.67  1.61156e-08  1.16106e-11
      1260.99  1.48988e-08  1.12477e-11
      1261.30  1.20470e-08  1.03686e-11
      1261.62  1.47906e-08  1.23354e-11
      1261.94  1.56931e-08  1.28108e-11
      1262.26  1.56874e-08  1.37381e-11
      1262.58  1.18808e-08  1.10839e-11
      1262.90  1.26696e-08  1.10614e-11
      1263.22  1.85479e-08  1.35303e-11
      1263.54  1.54484e-08  1.21714e-11
      1263.86  9.98588e-09  9.99999e-12
      1264.17  7.82256e-09  9.38541e-12
      1264.49  5.68693e-09  8.26718e-12
      1264.81  6.19771e-09  8.58654e-12
      1265.13  1.23271e-08  1.18282e-11
      1265.45  1.89065e-08  1.42537e-11
      1265.77  1.65705e-08  1.28070e-11
      1266.10  8.79656e-09  8.88244e-12
      1266.42  4.55999e-09  6.53973e-12
      1266.74  3.95147e-09  6.32687e-12
      1267.06  5.41763e-09  7.20537e-12
      1267.38  1.12990e-08  9.87377e-12
      1267.70  2.06496e-08  1.35419e-11
      1268.02  2.18306e-08  1.32862e-11
      1268.34  2.14820e-08  1.27378e-11
      1268.67  1.96021e-08  1.13899e-11
      1268.99  1.93470e-08  1.11343e-11
      1269.31  1.50523e-08  9.59599e-12
      1269.63  1.00049e-08  8.01598e-12
      1269.95  8.37284e-09  7.64182e-12
      1270.28  1.03685e-08  8.59043e-12
      1270.60  1.70816e-08  1.14666e-11
      1270.92  2.03053e-08  1.24165e-11
      1271.25  2.21734e-08  1.28955e-11
      1271.57  2.16692e-08  1.29155e-11
      1271.89  1.27643e-08  9.67995e-12
      1272.22  5.76463e-09  6.84163e-12
      1272.54  3.61411e-09  6.04477e-12
      1272.86  2.99141e-09  5.89462e-12
      1273.19  2.80786e-09  5.98662e-12
      1273.51  3.42295e-09  6.67950e-12
      1273.84  5.35154e-09  8.09078e-12
      1274.16  7.07849e-09  8.81019e-12
      1274.49  9.34181e-09  9.32227e-12
      1274.81  1.60756e-08  1.19251e-11
      1275.14  2.16274e-08  1.35823e-11
      1275.46  1.93806e-08  1.28412e-11
      1275.79  1.28507e-08  1.06382e-11
      1276.11  8.63503e-09  8.83617e-12
      1276.44  1.13090e-08  9.99754e-12
      1276.76  1.82964e-08  1.27681e-11
      1277.09  1.91273e-08  1.20751e-11
      1277.42  1.94423e-08  1.19315e-11
      1277.74  1.32647e-08  9.24397e-12
      1278.07  6.35473e-09  6.32904e-12
      1278.40  3.82590e-09  5.27188e-12
      1278.72  2.97264e-09  4.98502e-12
      1279.05  2.95894e-09  5.12722e-12
      1279.38  4.00661e-09  5.94528e-12
      1279.71  6.01521e-09  7.08504e-12
      1280.03  8.01448e-09  8.21328e-12
      1280.36  7.13703e-09  7.43362e-12
      1280.69  7.62082e-09  7.75804e-12
      1281.02  1.00341e-08  8.92033e-12
      1281.34  1.46255e-08  1.11314e-11
      1281.67  1.74858e-08  1.28565e-11
      1282.00  1.38066e-08  1.15899e-11
      1282.33  1.43089e-08  1.20270e-11
      1282.66  2.15868e-08  1.49865e-11
      1282.99  2.69936e-08  1.62072e-11
      1283.32  2.64689e-08  1.55842e-11
      1283.65  1.86385e-08  1.26818e-11
      1283.98  1.00318e-08  9.13914e-12
      1284.31  5.82558e-09  7.27359e-12
      1284.64  4.36215e-09  6.65016e-12
      1284.97  4.33505e-09  6.58517e-12
      1285.30  5.06883e-09  7.16182e-12
      1285.63  4.31727e-09  6.35313e-12
      1285.96  4.03397e-09  5.71542e-12
      1286.29  6.17879e-09  6.57000e-12
      1286.62  8.62588e-09  7.58176e-12
      1286.95  7.99995e-09  7.09336e-12
      1287.28  1.01825e-08  7.95643e-12
      1287.61  1.78726e-08  1.13111e-11
      1287.95  2.10058e-08  1.24968e-11
      1288.28  2.09146e-08  1.29333e-11
      1288.61  2.08843e-08  1.30379e-11
      1288.94  2.05153e-08  1.31909e-11
      1289.27  1.46757e-08  1.09325e-11
      1289.61  1.09694e-08  9.60753e-12
      1289.94  8.79824e-09  9.03728e-12
      1290.27  6.05257e-09  7.67443e-12
      1290.61  5.11882e-09  7.53472e-12
      1290.94  3.89088e-09  6.91474e-12
      1291.27  2.90403e-09  6.10800e-12
      1291.61  3.38740e-09  6.24160e-12
      1291.94  5.50446e-09  7.19769e-12
      1292.27  9.34120e-09  8.59590e-12
      1292.61  1.31111e-08  1.01888e-11
      1292.94  9.45597e-09  8.17523e-12
      1293.28  7.50535e-09  7.28413e-12
      1293.61  9.90685e-09  8.54383e-12
      1293.95  1.26053e-08  9.25929e-12
      1294.28  1.90283e-08  1.14973e-11
      1294.62  2.11652e-08  1.18558e-11
      1294.95  1.76720e-08  1.04509e-11
      1295.29  1.73862e-08  1.06835e-11
      1295.62  1.48265e-08  1.00763e-11
      1295.96  1.08620e-08  9.14091e-12
      1296.29  9.53025e-09  9.13806e-12
      1296.63  9.99705e-09  9.89902e-12
      1296.97  1.23124e-08  1.11804e-11
      1297.30  1.88374e-08  1.36495e-11
      1297.64  2.48994e-08  1.52874e-11
      1297.98  2.10224e-08  1.34984e-11
      1298.31  1.33378e-08  1.06233e-11
      1298.65  7.61483e-09  8.05428e-12
      1298.99  5.92766e-09  7.16859e-12
      1299.33  1.00727e-08  9.29113e-12
      1299.66  1.75587e-08  1.21362e-11
      1300.00  1.96225e-08  1.22988e-11
      1300.34  1.69551e-08  1.10741e-11
      1300.68  1.18587e-08  8.58045e-12
      1301.02  1.25119e-08  8.32610e-12
      1301.35  2.12651e-08  1.11880e-11
      1301.69  2.52833e-08  1.23550e-11
      1302.03  2.43621e-08  1.27146e-11
      1302.37  2.17303e-08  1.23671e-11
      1302.71  2.50767e-08  1.42902e-11
      1303.05  2.73488e-08  1.49284e-11
      1303.39  3.11479e-08  1.61827e-11
      1303.73  3.32057e-08  1.68189e-11
      1304.07  3.08794e-08  1.58051e-11
      1304.41  3.16625e-08  1.60588e-11
      1304.75  3.34289e-08  1.69365e-11
      1305.09  3.46516e-08  1.73193e-11
      1305.43  4.04664e-08  1.89471e-11
      1305.77  4.71635e-08  2.00563e-11
      1306.11  4.64878e-08  1.91749e-11
      1306.46  3.13291e-08  1.46744e-11
      1306.80  1.55017e-08  9.75938e-12
      1307.14  8.38717e-09  7.24497e-12
      1307.48  5.84507e-09  6.29769e-12
      1307.82  4.72595e-09  5.84330e-12
      1308.16  4.79092e-09  6.10933e-12
      1308.51  5.59453e-09  6.84439e-12
      1308.85  4.62822e-09  6.32339e-12
      1309.19  3.35719e-09  5.59095e-12
      1309.53  3.05271e-09  5.49707e-12
      1309.88  3.01655e-09  5.54243e-12
      1310.22  3.28098e-09  5.87419e-12
      1310.56  4.33453e-09  7.12357e-12
      1310.91  7.81946e-09  8.84337e-12
      1311.25  1.35861e-08  1.17820e-11
      1311.60  1.35256e-08  1.16431e-11
      1311.94  8.11168e-09  8.69660e-12
      1312.28  4.28441e-09  6.14142e-12
      1312.63  2.89305e-09  4.99722e-12
      1312.97  2.49833e-09  4.57656e-12
      1313.32  3.44849e-09  5.12839e-12
      1313.66  5.50839e-09  6.62011e-12
      1314.01  4.58671e-09  6.01503e-12
      1314.35  2.67997e-09  4.91994e-12
      1314.70  2.06445e-09  4.54668e-12
      1315.05  2.06228e-09  4.52552e-12
      1315.39  2.36443e-09  4.83749e-12
      1315.74  3.04519e-09  5.45264e-12
      1316.08  4.69417e-09  6.58548e-12
      1316.43  9.44050e-09  9.34243e-12
      1316.78  1.57479e-08  1.27990e-11
      1317.12  1.21439e-08  1.10490e-11
      1317.47  5.78515e-09  7.72461e-12
      1317.82  3.45351e-09  6.04196e-12
      1318.17  3.56824e-09  5.67890e-12
      1318.51  5.95885e-09  6.90631e-12
      1318.86  7.29114e-09  7.47216e-12
      1319.21  4.80480e-09  5.98834e-12
      1319.56  2.80046e-09  4.86538e-12
      1319.91  2.91568e-09  5.21486e-12
      1320.25  2.98557e-09  5.29654e-12
      1320.60  3.01692e-09  5.19692e-12
      1320.95  3.71477e-09  5.72043e-12
      1321.30  5.41098e-09  6.62358e-12
      1321.65  1.07070e-08  9.27456e-12
      1322.00  1.87982e-08  1.33230e-11
      1322.35  1.61152e-08  1.26791e-11
      1322.70  8.34761e-09  9.21945e-12
      1323.05  5.39652e-09  7.73595e-12
      1323.40  5.91583e-09  8.01581e-12
      1323.75  6.96154e-09  8.19441e-12
      1324.10  7.12396e-09  7.87614e-12
      1324.45  5.23412e-09  6.40232e-12
      1324.80  3.70085e-09  5.43894e-12
      