227
      1249.95  1.24094e-08  1.79088e-11
      1250.27  5.91500e-09  1.30293e-11
      1250.58  1.93655e-09  9.19079e-12
      1250.89  1.34183e-09  8.58958e-12
      1251.20  1.79903e-09  9.92474e-12
      1251.52  3.77351e-09  7.88416e-12
      1251.83  5.97197e-09  1.25206e-11
      1252.14  7.01342e-09  1.18651e-11
      1252.46  6.65801e-09  1.31556e-11
      1252.77  6.21659e-09  1.15971e-11
      1253.09  1.04677e-08  1.46010e-11
      1253.40  1.96447e-08  1.97822e-11
      1253.71  2.37363e-08  2.11204e-11
      1254.03  1.44758e-08  1.54293e-11
      1254.34  7.29663e-09  1.04678e-11
      1254.66  9.30962e-09  1.12915e-11
      1254.97  1.38734e-08  1.40215e-11
      1255.29  9.21164e-09  1.12083e-11
      1255.60  4.34093e-09  8.28716e-12
      1255.92  4.88866e-09  9.14905e-12
      1256.23  8.51150e-09  1.13043e-11
      1256.55  1.34002e-08  1.44421e-11
      1256.87  9.16788e-09  1.12525e-11
      1257.18  4.18734e-09  7.80370e-12
      1257.50  3.10278e-09  6.84137e-12
      1257.81  3.60803e-09  7.26067e-12
      1258.13  4.54178e-09  8.26101e-12
      1258.45  4.51587e-09  8.43399e-12
      1258.76  4.89563e-09  8.88149e-12
      1259.08  8.87829e-09  1.16081e-11
      1259.40  1.77217e-08  1.64709e-11
      1259.72  2.32303e-08  1.88070e-11
      1260.03  1.72838e-08  1.54629e-11
      1260.35  1.30104e-08  1.30721e-11
      1260.67  1.64815e-08  1.51019e-11
      1260.99  1.49860e-08  1.46943e-11
      1261.30  1.21577e-08  1.39561e-11
      1261.62  1.50595e-08  1.75982e-11
      1261.94  1.56865e-08  1.76542e-11
      1262.26  1.59594e-08  1.82810e-11
      1262.58  1.15056e-08  1.45138e-11
      1262.90  1.25221e-08  1.42654e-11
      1263.22  1.91579e-08  1.78980e-11
      1263.54  1.53820e-08  1.50488e-11
      1263.86  9.76269e-09  1.18707e-11
      1264.17  7.78228e-09  1.09221e-11
      1264.49  5.70041e-09  9.57562e-12
      1264.81  6.39447e-09  1.01705e-11
      1265.13  1.27591e-08  1.38529e-11
      1265.45  1.92757e-08  1.63140e-11
      1265.77  1.68737e-08  1.43401e-11
      1266.10  9.10159e-09  9.95176e-12
      1266.42  4.79709e-09  7.35578e-12
      1266.74  4.16323e-09  7.09757e-12
      1267.06  5.74722e-09  8.06822e-12
      1267.38  1.21410e-08  1.14196e-11
      1267.70  2.18525e-08  1.59952e-11
      1268.02  2.28115e-08  1.56374e-11
      1268.34  2.27408e-08  1.56473e-11
      1268.67  2.04171e-08  1.40459e-11
      1268.99  2.04868e-08  1.42121e-11
      1269.31  1.55852e-08  1.22102e-11
      1269.63  1.03240e-08  1.02443e-11
      1269.95  8.71519e-09  1.00469e-11
      1270.28  1.07696e-08  1.14773e-11
      1270.60  1.76536e-08  1.59553e-11
      1270.92  2.08760e-08  1.72046e-11
      1271.25  2.24944e-08  1.88702e-11
      1271.57  2.15418e-08  1.90022e-11
      1271.89  1.27794e-08  1.38336e-11
      1272.22  5.74107e-09  9.37249e-12
      1272.54  3.53864e-09  8.07101e-12
      1272.86  2.87559e-09  7.73546e-12
      1273.19  2.71806e-09  7.66475e-12
      1273.51  3.42072e-09  8.43926e-12
      1273.84  5.39040e-09  9.79679e-12
      1274.16  7.07340e-09  1.05303e-11
      1274.49  9.39196e-09  1.07979e-11
      1274.81  1.66522e-08  1.37292e-11
      1275.14  2.25681e-08  1.56976e-11
      1275.46  2.00466e-08  1.45556e-11
      1275.79  1.31688e-08  1.18632e-11
      1276.11  8.78991e-09  9.86726e-12
      1276.44  1.17472e-08  1.13331e-11
      1276.76  1.97542e-08  1.50726e-11
      1277.09  2.00914e-08  1.41334e-11
      1277.42  2.03894e-08  1.42220e-11
      1277.74  1.39052e-08  1.12194e-11
      1278.07  6.51100e-09  7.71074e-12
      1278.40  3.93732e-09  6.68335e-12
      1278.72  3.06843e-09  6.54827e-12
      1279.05  3.06780e-09  6.88311e-12
      1279.38  4.13334e-09  8.06674e-12
      1279.71  6.13152e-09  9.93713e-12
      1280.03  7.90716e-09  1.20016e-11
      1280.36  7.24281e-09  1.10315e-11
      1280.69  7.68440e-09  1.09655e-11
      1281.02  1.01157e-08  1.22150e-11
      1281.34  1.47438e-08  1.48782e-11
      1281.67  1.74218e-08  1.67770e-11
      1282.00  1.35258e-08  1.44391e-11
      1282.33  1.44182e-08  1.45751e-11
      1282.66  2.20408e-08  1.79012e-11
      1282.99  2.76070e-08  1.93080e-11
      1283.32  2.72666e-08  1.82664e-11
      1283.65  1.89656e-08  1.44343e-11
      1283.98  1.00872e-08  1.02603e-11
      1284.31  5.94963e-09  8.04371e-12
      1284.64  4.51889e-09  7.36783e-12
      1284.97  4.51842e-09  7.50919e-12
      1285.30  5.35704e-09  8.30525e-12
      1285.63  4.53739e-09  7.56114e-12
      1285.96  4.24357e-09  7.08044e-12
      1286.29  6.50517e-09  8.30352e-12
      1286.62  8.92283e-09  9.57235e-12
      1286.95  8.39239e-09  9.24801e-12
      1287.28  1.07363e-08  1.07878e-11
      1287.61  1.81316e-08  1.50861e-11
      1287.95  2.13608e-08  1.70594e-11
      1288.28  2.12465e-08  1.81270e-11
      1288.61  2.11396e-08  1.91575e-11
      1288.94  2.05284e-08  1.87961e-11
      1289.27  1.46243e-08  1.47365e-11
      1289.61  1.10506e-08  1.27522e-11
      1289.94  8.71595e-09  1.10731e-11
      1290.27  5.99594e-09  9.09081e-12
      1290.61  5.18717e-09  8.98946e-12
      1290.94  3.89082e-09  8.05268e-12
      1291.27  2.88931e-09  7.03453e-12
      1291.61  3.44299e-09  7.17203e-12
      1291.94  5.77298e-09  8.33987e-12
      1292.27  9.82769e-09  9.71268e-12
      1292.61  1.38398e-08  1.14986e-11
      1292.94  1.00233e-08  9.41999e-12
      1293.28  7.92579e-09  8.71614e-12
      1293.61  1.05053e-08  1.05367e-11
      1293.95  1.34481e-08  1.20679e-11
      1294.28  1.96215e-08  1.51521e-11
      1294.62  2.16812e-08  1.59560e-11
      1294.95  1.83091e-08  1.44210e-11
      1295.29  1.75419e-08  1.52682e-11
      1295.62  1.49239e-08  1.46916e-11
      1295.96  1.09671e-08  1.27960e-11
      1296.29  9.57217e-09  1.25436e-11
      1296.63  1.00309e-08  1.29045e-11
      1296.97  1.25086e-08  1.40160e-11
      1297.30  1.91445e-08  1.65373e-11
      1297.64  2.50970e-08  1.81455e-11
      1297.98  2.12964e-08  1.56294e-11
      1298.31  1.37315e-08  1.21168e-11
      1298.65  7.82616e-09  8.98333e-12
      1298.99  6.10637e-09  7.88894e-12
      1299.33  1.05032e-08  1.03157e-11
      1299.66  1.86313e-08  1.41141e-11
      1300.00  2.06373e-08  1.44306e-11
      1300.34  1.79583e-08  1.33275e-11
      1300.68  1.23359e-08  1.05132e-11
      1301.02  1.28930e-08  1.06369e-11
      1301.35  2.22272e-08  1.50819e-11
      1301.69  2.60322e-08  1.66280e-11
      1302.03  2.49246e-08  1.73320e-11
      1302.37  2.20964e-08  1.78431e-11
      1302.71  2.52356e-08  2.07317e-11
      1303.05  2.76776e-08  2.11543e-11
      1303.39  3.13383e-08  2.18241e-11
      1303.73  3.34483e-08  2.14466e-11
      1304.07  3.14038e-08  1.94601e-11
      1304.41  3.21330e-08  1.91756e-11
      1304.75  3.40471e-08  1.98930e-11
      1305.09  3.57541e-08  2.04270e-11
      1305.43  4.17556e-08  2.17333e-11
      1305.77  4.87096e-08  2.28875e-11
      1306.11  4.79882e-08  2.19972e-11
      1306.46  3.26911e-08  1.70337e-11
      1306.80  1.64929e-08  1.15700e-11
      1307.14  8.94844e-09  8.83532e-12
      1307.48  6.13551e-09  7.89706e-12
      1307.82  4.87563e-09  7.56873e-12
      1308.16  4.85939e-09  8.17876e-12
      1308.51  5.69331e-09  1.02453e-11
      1308.85  4.58048e-09  9.40355e-12
      1309.19  3.26774e-09  7.99509e-12
      1309.53  2.97268e-09  7.42597e-12
      1309.88  2.92967e-09  7.21166e-12
      1310.22  3.17992e-09  7.46134e-12
      1310.56  4.20636e-09  7.97283e-12
      1310.91  7.65266e-09  1.00735e-11
      1311.25  1.41286e-08  1.41003e-11
      1311.60  1.41758e-08  1.35175e-11
      1311.94  8.38318e-09  9.73313e-12
      1312.28  4.41365e-09  6.94986e-12
      1312.63  2.99939e-09  5.79106e-12
      1312.97  2.56520e-09  5.37683e-12
      1313.32  3.51364e-09  6.22064e-12
      1313.66  5.70140e-09  8.30145e-12
      1314.01  4.78339e-09  7.98271e-12
      1314.35  2.76096e-09  7.14313e-12
      1314.70  2.40711e-09  7.66425e-12
      1315.05  2.44009e-09  6.99985e-12
      1315.39  2.32144e-09  7.34555e-12
      1315.74  2.97660e-09  7.40846e-12
      1316.08  4.71987e-09  8.82473e-12
      1316.43  9.54141e-09  1.19967e-11
      1316.78  1.54575e-08  1.54715e-11
      1317.12  1.24237e-08  1.34272e-11
      1317.47  6.09328e-09  9.24792e-12
      1317.82  3.58315e-09  7.06032e-12
      1318.17  3.76831e-09  6.52301e-12
      1318.51  6.21001e-09  8.18475e-12
      1318.86  7.55305e-09  8.66843e-12
      1319.21  5.06896e-09  7.19193e-12
      1319.56  2.96385e-09  6.14376e-12
      1319.91  2.97702e-09  6.86474e-12
      1320.25  3.06178e-09  7.98052e-12
      1320.60  3.62479e-09  7.96771e-12
      1320.95  5.12843e-09  7.76661e-12
      1321.30  6.01163e-09  1.12503e-11
      1321.65  1.07572e-08  1.24596e-11
      1322.00  1.92555e-08  1.67116e-11
      1322.35  1.63278e-08  1.47724e-11
      1322.70  8.48102e-09  1.07797e-11
      1323.05  5.42060e-09  9.49810e-12
      1323.40  6.07714e-09  9.60516e-12
      1323.75  7.30499e-09  9.27774e-12
      1324.10  7.72450e-09  8.99424e-12
      1324.45  5.49133e-09  7.21617e-12
      1324.80  3.86761e-09  6.45249e-12
      