227
      1249.95  1.12291e-08  1.38297e-11
      1250.27  5.68548e-09  1.10791e-11
      1250.58  1.80394e-09  7.63739e-12
      1250.89  1.16558e-09  6.34495e-12
      1251.20  1.40944e-09  6.22622e-12
      1251.52  2.33090e-09  6.31895e-12
      1251.83  4.22284e-09  7.67898e-12
      1252.14  5.48624e-09  8.69217e-12
      1252.46  5.16946e-09  8.91000e-12
      1252.77  4.73139e-09  8.61087e-12
      1253.09  8.16076e-09  1.10102e-11
      1253.40  1.57824e-08  1.55217e-11
      1253.71  2.01230e-08  1.67088e-11
      1254.03  1.10783e-08  1.23869e-11
      1254.34  5.30519e-09  8.26967e-12
      1254.66  6.93374e-09  9.30219e-12
      1254.97  1.09142e-08  1.24383e-11
      1255.29  7.13202e-09  1.00607e-11
      1255.60  3.09003e-09  7.56161e-12
      1255.92  3.56877e-09  8.40442e-12
      1256.23  6.47301e-09  1.02964e-11
      1256.55  1.01562e-08  1.28585e-11
      1256.87  7.08722e-09  1.03363e-11
      1257.18  3.08752e-09  7.01122e-12
      1257.50  2.19499e-09  6.30097e-12
      1257.81  2.56940e-09  6.63985e-12
      1258.13  3.26366e-09  7.44692e-12
      1258.45  3.24075e-09  7.63385e-12
      1258.76  3.49229e-09  7.71333e-12
      1259.08  6.63664e-09  9.86815e-12
      1259.40  1.40793e-08  1.34603e-11
      1259.72  1.90597e-08  1.51610e-11
      1260.03  1.38879e-08  1.23153e-11
      1260.35  1.01735e-08  9.94336e-12
      1260.67  1.35144e-08  1.19519e-11
      1260.99  1.22754e-08  1.13069e-11
      1261.30  9.78772e-09  1.00782e-11
      1261.62  1.24251e-08  1.18445e-11
      1261.94  1.31141e-08  1.21213e-11
      1262.26  1.35381e-08  1.31375e-11
      1262.58  9.38219e-09  1.00319e-11
      1262.90  1.03923e-08  9.32690e-12
      1263.22  1.56985e-08  1.16691e-11
      1263.54  1.27728e-08  1.03648e-11
      1263.86  7.97929e-09  8.51239e-12
      1264.17  6.15802e-09  8.06863e-12
      1264.49  4.37579e-09  7.11242e-12
      1264.81  4.89520e-09  7.46550e-12
      1265.13  1.01530e-08  1.03197e-11
      1265.45  1.55866e-08  1.25473e-11
      1265.77  1.34699e-08  1.13508e-11
      1266.10  6.98042e-09  8.09864e-12
      1266.42  3.45804e-09  6.21722e-12
      1266.74  2.94538e-09  6.18385e-12
      1267.06  4.17264e-09  7.25082e-12
      1267.38  9.30719e-09  1.04163e-11
      1267.70  1.73096e-08  1.45755e-11
      1268.02  1.81275e-08  1.42376e-11
      1268.34  1.79994e-08  1.40815e-11
      1268.67  1.60878e-08  1.24638e-11
      1268.99  1.60524e-08  1.25471e-11
      1269.31  1.22038e-08  1.08263e-11
      1269.63  7.91777e-09  8.97728e-12
      1269.95  6.62609e-09  8.61969e-12
      1270.28  8.41770e-09  9.51717e-12
      1270.60  1.43330e-08  1.25396e-11
      1270.92  1.71303e-08  1.29600e-11
      1271.25  1.86973e-08  1.29215e-11
      1271.57  1.81464e-08  1.23921e-11
      1271.89  1.05972e-08  9.04591e-12
      1272.22  4.65332e-09  6.37885e-12
      1272.54  3.09526e-09  6.16035e-12
      1272.86  2.63292e-09  6.52511e-12
      1273.19  2.49369e-09  6.52511e-12
      1273.51  3.02772e-09  6.43890e-12
      1273.84  4.28718e-09  6.94305e-12
      1274.16  5.58950e-09  7.39583e-12
      1274.49  7.52338e-09  7.92133e-12
      1274.81  1.33929e-08  1.03927e-11
      1275.14  1.81193e-08  1.23590e-11
      1275.46  1.59891e-08  1.19258e-11
      1275.79  1.02785e-08  1.01753e-11
      1276.11  6.63741e-09  8.92282e-12
      1276.44  9.02559e-09  1.00677e-11
      1276.76  1.55826e-08  1.35758e-11
      1277.09  1.57464e-08  1.26365e-11
      1277.42  1.63218e-08  1.30432e-11
      1277.74  1.08796e-08  1.02724e-11
      1278.07  4.83810e-09  7.04325e-12
      1278.40  2.83186e-09  6.03491e-12
      1278.72  2.19261e-09  5.77931e-12
      1279.05  2.21517e-09  5.92780e-12
      1279.38  3.09739e-09  6.54421e-12
      1279.71  4.81993e-09  7.50002e-12
      1280.03  6.37681e-09  8.10206e-12
      1280.36  5.82277e-09  7.16785e-12
      1280.69  6.21010e-09  7.16593e-12
      1281.02  8.31340e-09  8.04255e-12
      1281.34  1.22244e-08  1.00155e-11
      1281.67  1.53493e-08  1.23888e-11
      1282.00  1.22796e-08  1.11660e-11
      1282.33  1.20522e-08  1.06124e-11
      1282.66  1.81024e-08  1.26639e-11
      1282.99  2.27507e-08  1.39599e-11
      1283.32  2.23966e-08  1.37070e-11
      1283.65  1.53662e-08  1.12201e-11
      1283.98  7.93991e-09  8.31277e-12
      1284.31  4.45680e-09  6.90643e-12
      1284.64  3.26501e-09  6.56769e-12
      1284.97  3.24051e-09  6.76655e-12
      1285.30  3.95385e-09  7.65151e-12
      1285.63  3.28256e-09  6.77168e-12
      1285.96  3.02160e-09  6.18593e-12
      1286.29  4.85349e-09  7.24888e-12
      1286.62  6.96139e-09  8.42779e-12
      1286.95  6.50335e-09  7.97112e-12
      1287.28  8.36356e-09  8.95531e-12
      1287.61  1.48461e-08  1.22716e-11
      1287.95  1.77980e-08  1.31209e-11
      1288.28  1.77417e-08  1.27186e-11
      1288.61  1.77736e-08  1.22584e-11
      1288.94  1.73074e-08  1.16642e-11
      1289.27  1.23918e-08  9.45348e-12
      1289.61  9.00715e-09  8.27795e-12
      1289.94  7.08910e-09  7.59290e-12
      1290.27  4.80938e-09  6.58280e-12
      1290.61  3.98011e-09  6.54631e-12
      1290.94  2.96132e-09  6.10374e-12
      1291.27  2.15417e-09  5.55017e-12
      1291.61  2.53153e-09  5.83023e-12
      1291.94  4.25291e-09  6.84686e-12
      1292.27  7.46076e-09  8.49379e-12
      1292.61  1.07664e-08  1.06344e-11
      1292.94  7.61134e-09  8.87072e-12
      1293.28  5.89722e-09  8.20429e-12
      1293.61  7.93800e-09  9.73519e-12
      1293.95  1.02345e-08  1.05626e-11
      1294.28  1.58430e-08  1.30795e-11
      1294.62  1.78427e-08  1.30117e-11
      1294.95  1.48161e-08  1.10662e-11
      1295.29  1.45134e-08  1.09060e-11
      1295.62  1.24040e-08  9.88752e-12
      1295.96  8.97103e-09  8.49124e-12
      1296.29  7.79297e-09  8.18246e-12
      1296.63  8.16353e-09  8.47803e-12
      1296.97  1.01683e-08  9.21058e-12
      1297.30  1.56528e-08  1.11889e-11
      1297.64  2.07553e-08  1.29825e-11
      1297.98  1.75198e-08  1.16084e-11
      1298.31  1.09230e-08  9.37768e-12
      1298.65  6.07565e-09  7.45130e-12
      1298.99  4.59426e-09  6.89362e-12
      1299.33  8.02333e-09  9.24228e-12
      1299.66  1.43512e-08  1.27083e-11
      1300.00  1.62523e-08  1.32576e-11
      1300.34  1.40574e-08  1.20778e-11
      1300.68  9.72103e-09  9.56991e-12
      1301.02  1.02061e-08  9.31607e-12
      1301.35  1.78397e-08  1.24779e-11
      1301.69  2.14901e-08  1.35949e-11
      1302.03  2.09157e-08  1.36422e-11
      1302.37  1.85484e-08  1.23976e-11
      1302.71  2.15859e-08  1.34212e-11
      1303.05  2.35260e-08  1.33072e-11
      1303.39  2.69036e-08  1.38470e-11
      1303.73  2.88479e-08  1.41474e-11
      1304.07  2.65854e-08  1.34960e-11
      1304.41  2.69466e-08  1.42212e-11
      1304.75  2.84999e-08  1.54668e-11
      1305.09  3.04846e-08  1.73365e-11
      1305.43  3.61941e-08  2.00461e-11
      1305.77  4.08798e-08  2.02070e-11
      1306.11  4.06859e-08  2.00312e-11
      1306.46  2.73596e-08  1.59755e-11
      1306.80  1.31141e-08  1.08790e-11
      1307.14  6.78960e-09  8.22947e-12
      1307.48  4.62541e-09  7.19288e-12
      1307.82  3.68033e-09  6.67017e-12
      1308.16  3.73211e-09  6.88331e-12
      1308.51  4.77241e-09  8.16422e-12
      1308.85  4.07926e-09  7.43321e-12
      1309.19  2.90815e-09  6.11297e-12
      1309.53  2.66944e-09  5.77842e-12
      1309.88  2.65426e-09  5.69318e-12
      1310.22  2.76174e-09  5.51217e-12
      1310.56  3.32004e-09  5.84177e-12
      1310.91  6.09653e-09  7.58901e-12
      1311.25  1.11395e-08  1.05752e-11
      1311.60  1.12668e-08  1.07352e-11
      1311.94  6.59612e-09  8.22770e-12
      1312.28  3.31094e-09  6.17039e-12
      1312.63  2.15009e-09  5.36597e-12
      1312.97  1.81720e-09  5.03430e-12
      1313.32  2.55449e-09  5.78610e-12
      1313.66  4.33926e-09  7.48864e-12
      1314.01  3.71070e-09  6.97881e-12
      1314.35  2.07457e-09  5.49079e-12
      1314.70  1.53824e-09  4.72778e-12
      1315.05  1.58689e-09  4.68431e-12
      1315.39  1.82701e-09  4.62921e-12
      1315.74  2.32014e-09  4.87934e-12
      1316.08  3.65428e-09  5.73969e-12
      1316.43  7.56581e-09  7.94250e-12
      1316.78  1.28378e-08  1.09958e-11
      1317.12  1.01828e-08  9.95417e-12
      1317.47  4.73827e-09  7.08405e-12
      1317.82  2.64209e-09  5.72431e-12
      1318.17  2.68070e-09  5.61381e-12
      1318.51  4.57057e-09  7.09989e-12
      1318.86  5.72712e-09  8.08510e-12
      1319.21  3.84331e-09  6.85651e-12
      1319.56  2.17286e-09  5.65944e-12
      1319.91  2.21902e-09  5.87981e-12
      1320.25  2.27393e-09  5.71490e-12
      1320.60  2.28477e-09  5.32887e-12
      1320.95  2.85792e-09  5.46083e-12
      1321.30  4.18149e-09  5.90318e-12
      1321.65  8.62211e-09  7.83846e-12
      1322.00  1.61808e-08  1.13379e-11
      1322.35  1.39427e-08  1.07345e-11
      1322.70  6.90403e-09  7.93067e-12
      1323.05  4.18079e-09  6.77394e-12
      1323.40  4.58966e-09  7.22129e-12
      1323.75  5.44885e-09  7.65535e-12
      1324.10  5.67043e-09  7.81887e-12
      1324.45  4.09034e-09  6.62228e-12
      1324.80  2.81021e-09  5.89767e-12
      