227
      1249.95  9.03567e-09  1.61827e-11
      1250.27  4.23190e-09  1.18991e-11
      1250.58  1.20811e-09  8.35978e-12
      1250.89  7.91400e-10  7.36388e-12
      1251.20  1.14092e-09  7.41837e-12
      1251.52  2.00795e-09  7.96787e-12
      1251.83  3.69836e-09  9.79630e-12
      1252.14  4.83698e-09  1.10533e-11
      1252.46  4.57778e-09  1.11502e-11
      1252.77  4.23463e-09  1.08319e-11
      1253.09  7.38999e-09  1.34117e-11
      1253.40  1.45519e-08  1.78646e-11
      1253.71  1.81809e-08  1.95340e-11
      1254.03  1.05443e-08  1.37191e-11
      1254.34  4.80550e-09  9.30129e-12
      1254.66  6.24988e-09  1.02250e-11
      1254.97  1.03644e-08  1.35647e-11
      1255.29  6.58335e-09  1.08124e-11
      1255.60  2.69568e-09  7.87997e-12
      1255.92  3.14788e-09  8.61370e-12
      1256.23  5.73258e-09  1.02548e-11
      1256.55  9.19444e-09  1.25975e-11
      1256.87  6.40210e-09  1.00192e-11
      1257.18  2.68117e-09  6.78148e-12
      1257.50  1.87195e-09  6.14226e-12
      1257.81  2.18502e-09  6.60630e-12
      1258.13  2.76230e-09  7.51079e-12
      1258.45  2.75078e-09  7.84228e-12
      1258.76  2.96661e-09  8.06455e-12
      1259.08  5.70171e-09  1.02132e-11
      1259.40  1.22744e-08  1.41770e-11
      1259.72  1.66286e-08  1.63368e-11
      1260.03  1.20003e-08  1.33508e-11
      1260.35  8.70647e-09  1.12163e-11
      1260.67  1.17432e-08  1.39178e-11
      1260.99  1.05448e-08  1.35353e-11
      1261.30  8.19424e-09  1.21497e-11
      1261.62  1.08285e-08  1.49382e-11
      1261.94  1.12171e-08  1.50190e-11
      1262.26  1.11163e-08  1.67431e-11
      1262.58  7.19676e-09  1.25978e-11
      1262.90  8.69959e-09  1.24933e-11
      1263.22  1.23309e-08  1.32111e-11
      1263.54  1.07518e-08  1.47241e-11
      1263.86  7.08427e-09  1.11477e-11
      1264.17  5.43542e-09  1.06449e-11
      1264.49  3.91812e-09  9.24472e-12
      1264.81  4.43576e-09  9.33008e-12
      1265.13  9.25547e-09  1.22101e-11
      1265.45  1.43086e-08  1.42786e-11
      1265.77  1.24915e-08  1.28018e-11
      1266.10  6.48325e-09  9.00380e-12
      1266.42  3.15554e-09  6.79968e-12
      1266.74  2.63552e-09  6.53522e-12
      1267.06  3.68846e-09  7.46434e-12
      1267.38  8.36419e-09  1.04072e-11
      1267.70  1.59808e-08  1.46197e-11
      1268.02  1.64216e-08  1.37558e-11
      1268.34  1.63074e-08  1.35474e-11
      1268.67  1.43212e-08  1.19577e-11
      1268.99  1.43763e-08  1.23589e-11
      1269.31  1.08052e-08  1.08965e-11
      1269.63  6.82053e-09  9.36915e-12
      1269.95  5.66802e-09  9.24995e-12
      1270.28  7.26908e-09  1.04935e-11
      1270.60  1.24421e-08  1.41458e-11
      1270.92  1.49988e-08  1.50701e-11
      1271.25  1.63494e-08  1.52315e-11
      1271.57  1.58364e-08  1.49690e-11
      1271.89  9.28323e-09  1.13215e-11
      1272.22  3.92668e-09  7.99047e-12
      1272.54  2.29965e-09  6.95627e-12
      1272.86  1.84885e-09  6.86416e-12
      1273.19  1.74522e-09  6.96287e-12
      1273.51  2.25359e-09  7.34778e-12
      1273.84  3.69896e-09  8.61912e-12
      1274.16  4.95895e-09  9.07499e-12
      1274.49  6.71161e-09  9.37110e-12
      1274.81  1.22489e-08  1.21486e-11
      1275.14  1.68380e-08  1.42738e-11
      1275.46  1.49093e-08  1.35023e-11
      1275.79  9.53134e-09  1.10438e-11
      1276.11  6.03524e-09  9.02177e-12
      1276.44  8.13745e-09  9.98179e-12
      1276.76  1.43297e-08  1.33198e-11
      1277.09  1.44144e-08  1.22009e-11
      1277.42  1.46989e-08  1.23640e-11
      1277.74  9.82279e-09  9.90288e-12
      1278.07  4.26216e-09  6.94608e-12
      1278.40  2.40563e-09  6.16133e-12
      1278.72  1.81277e-09  6.02282e-12
      1279.05  1.81207e-09  6.41524e-12
      1279.38  2.57174e-09  7.32688e-12
      1279.71  4.05708e-09  8.52285e-12
      1280.03  5.42142e-09  9.48535e-12
      1280.36  4.93582e-09  8.66526e-12
      1280.69  5.26830e-09  8.92679e-12
      1281.02  7.12061e-09  1.03924e-11
      1281.34  1.07125e-08  1.31717e-11
      1281.67  1.29962e-08  1.50769e-11
      1282.00  1.01867e-08  1.31964e-11
      1282.33  1.06492e-08  1.32498e-11
      1282.66  1.65153e-08  1.57527e-11
      1282.99  2.10833e-08  1.69097e-11
      1283.32  2.11791e-08  1.72213e-11
      1283.65  1.43266e-08  1.31374e-11
      1283.98  7.37416e-09  9.32589e-12
      1284.31  4.06768e-09  7.44180e-12
      1284.64  2.93624e-09  6.79451e-12
      1284.97  2.88030e-09  6.77936e-12
      1285.30  3.49182e-09  7.49211e-12
      1285.63  2.88435e-09  6.56625e-12
      1285.96  2.61536e-09  5.95155e-12
      1286.29  4.21367e-09  7.18209e-12
      1286.62  6.05763e-09  8.70710e-12
      1286.95  5.59015e-09  8.49656e-12
      1287.28  7.16798e-09  9.94875e-12
      1287.61  1.29875e-08  1.43971e-11
      1287.95  1.55995e-08  1.58926e-11
      1288.28  1.55444e-08  1.58215e-11
      1288.61  1.56054e-08  1.54685e-11
      1288.94  1.53508e-08  1.49663e-11
      1289.27  1.10208e-08  1.23194e-11
      1289.61  7.98325e-09  1.08242e-11
      1289.94  6.32332e-09  9.99564e-12
      1290.27  4.28414e-09  8.57710e-12
      1290.61  3.55947e-09  8.25894e-12
      1290.94  2.67583e-09  7.23233e-12
      1291.27  1.94632e-09  6.23399e-12
      1291.61  2.27472e-09  6.09351e-12
      1291.94  3.83522e-09  6.92540e-12
      1292.27  6.75976e-09  8.32451e-12
      1292.61  9.75697e-09  1.03874e-11
      1292.94  6.92959e-09  8.74094e-12
      1293.28  5.22473e-09  8.16840e-12
      1293.61  6.94444e-09  9.81125e-12
      1293.95  8.91414e-09  1.07870e-11
      1294.28  1.39174e-08  1.37296e-11
      1294.62  1.56928e-08  1.43025e-11
      1294.95  1.28545e-08  1.25428e-11
      1295.29  1.26513e-08  1.31230e-11
      1295.62  1.07602e-08  1.24057e-11
      1295.96  7.72161e-09  1.10496e-11
      1296.29  6.72740e-09  1.08824e-11
      1296.63  7.10992e-09  1.12608e-11
      1296.97  8.96119e-09  1.20348e-11
      1297.30  1.41214e-08  1.40777e-11
      1297.64  1.92012e-08  1.59327e-11
      1297.98  1.63200e-08  1.38752e-11
      1298.31  1.01090e-08  1.07293e-11
      1298.65  5.58515e-09  8.30675e-12
      1298.99  4.12671e-09  7.27918e-12
      1299.33  7.22820e-09  9.17473e-12
      1299.66  1.30498e-08  1.22992e-11
      1300.00  1.48279e-08  1.27458e-11
      1300.34  1.26828e-08  1.16639e-11
      1300.68  8.71053e-09  9.53810e-12
      1301.02  8.98259e-09  9.67108e-12
      1301.35  1.56103e-08  1.36514e-11
      1301.69  1.89664e-08  1.56669e-11
      1302.03  1.84384e-08  1.64727e-11
      1302.37  1.64970e-08  1.56651e-11
      1302.71  1.91510e-08  1.73489e-11
      1303.05  2.11529e-08  1.75295e-11
      1303.39  2.44184e-08  1.81085e-11
      1303.73  2.64395e-08  1.84602e-11
      1304.07  2.45541e-08  1.72539e-11
      1304.41  2.50290e-08  1.75080e-11
      1304.75  2.66148e-08  1.80250e-11
      1305.09  2.76409e-08  1.79566e-11
      1305.43  3.25850e-08  1.91976e-11
      1305.77  3.86078e-08  1.99957e-11
      1306.11  3.88443e-08  1.96189e-11
      1306.46  2.57484e-08  1.54673e-11
      1306.80  1.18637e-08  1.04531e-11
      1307.14  5.91789e-09  8.15653e-12
      1307.48  3.94925e-09  7.53633e-12
      1307.82  3.08644e-09  7.19401e-12
      1308.16  3.07918e-09  7.55942e-12
      1308.51  3.78641e-09  8.58464e-12
      1308.85  3.12679e-09  7.71352e-12
      1309.19  2.14486e-09  6.59533e-12
      1309.53  1.95134e-09  6.21153e-12
      1309.88  1.93446e-09  6.46041e-12
      1310.22  2.12928e-09  6.58383e-12
      1310.56  2.88124e-09  7.23663e-12
      1310.91  5.46896e-09  9.09748e-12
      1311.25  1.01653e-08  1.19404e-11
      1311.60  1.05486e-08  1.16407e-11
      1311.94  6.22127e-09  8.56659e-12
      1312.28  3.04075e-09  6.04831e-12
      1312.63  1.90954e-09  5.22154e-12
      1312.97  1.57758e-09  4.97441e-12
      1313.32  2.20452e-09  5.85064e-12
      1313.66  3.66664e-09  7.75182e-12
      1314.01  3.17583e-09  7.68931e-12
      1314.35  1.75210e-09  6.43828e-12
      1314.70  1.25477e-09  5.67170e-12
      1315.05  1.23835e-09  5.56237e-12
      1315.39  1.45354e-09  5.70064e-12
      1315.74  1.93817e-09  6.23332e-12
      1316.08  3.15249e-09  7.50085e-12
      1316.43  6.73225e-09  1.01555e-11
      1316.78  1.17286e-08  1.35770e-11
      1317.12  9.49147e-09  1.18953e-11
      1317.47  4.46929e-09  8.04107e-12
      1317.82  2.42230e-09  5.94213e-12
      1318.17  2.36762e-09  5.49010e-12
      1318.51  4.08729e-09  6.82244e-12
      1318.86  5.17409e-09  7.94740e-12
      1319.21  3.38947e-09  6.84160e-12
      1319.56  1.82604e-09  5.97885e-12
      1319.91  1.86055e-09  6.76168e-12
      1320.25  1.88449e-09  6.68277e-12
      1320.60  1.88208e-09  6.49054e-12
      1320.95  2.36481e-09  6.82573e-12
      1321.30  3.49283e-09  7.51300e-12
      1321.65  7.36356e-09  1.01260e-11
      1322.00  1.49031e-08  1.52628e-11
      1322.35  1.30952e-08  1.42323e-11
      1322.70  6.32566e-09  9.85211e-12
      1323.05  3.73311e-09  7.80877e-12
      1323.40  4.13649e-09  7.67670e-12
      1323.75  4.94608e-09  7.71881e-12
      1324.10  5.16569e-09  7.64178e-12
      1324.45  3.68539e-09  6.47507e-12
      1324.80  2.44876e-09  5.81675e-12
      