227
      1249.95  1.02200e-08  1.27732e-11
      1250.27  4.92640e-09  1.02207e-11
      1250.58  1.58468e-09  9.04538e-12
      1250.89  1.10186e-09  6.17660e-12
      1251.20  1.47446e-09  6.20125e-12
      1251.52  2.38193e-09  6.48238e-12
      1251.83  4.18520e-09  7.85220e-12
      1252.14  5.43188e-09  8.72468e-12
      1252.46  5.18051e-09  8.57767e-12
      1252.77  4.76498e-09  8.29856e-12
      1253.09  8.09531e-09  1.03933e-11
      1253.40  1.55897e-08  1.39117e-11
      1253.71  1.92814e-08  1.52727e-11
      1254.03  1.15279e-08  1.10149e-11
      1254.34  5.52850e-09  7.41758e-12
      1254.66  7.02004e-09  8.04990e-12
      1254.97  1.10124e-08  1.03084e-11
      1255.29  7.28742e-09  8.36285e-12
      1255.60  3.25033e-09  6.07689e-12
      1255.92  3.65236e-09  6.63548e-12
      1256.23  6.46619e-09  8.06875e-12
      1256.55  1.04977e-08  1.02181e-11
      1256.87  7.28657e-09  8.16306e-12
      1257.18  3.23891e-09  5.60085e-12
      1257.50  2.36007e-09  5.00787e-12
      1257.81  2.74169e-09  5.38300e-12
      1258.13  3.51462e-09  6.10097e-12
      1258.45  3.47986e-09  6.26444e-12
      1258.76  3.63828e-09  6.52673e-12
      1259.08  6.68343e-09  8.32478e-12
      1259.40  1.40384e-08  1.19228e-11
      1259.72  1.90279e-08  1.38219e-11
      1260.03  1.41097e-08  1.14524e-11
      1260.35  1.03386e-08  9.61949e-12
      1260.67  1.32690e-08  1.14844e-11
      1260.99  1.22723e-08  1.11196e-11
      1261.30  9.92128e-09  1.01809e-11
      1261.62  1.21516e-08  1.19197e-11
      1261.94  1.29450e-08  1.21888e-11
      1262.26  1.29431e-08  1.24443e-11
      1262.58  9.62304e-09  1.01079e-11
      1262.90  1.02652e-08  1.00137e-11
      1263.22  1.53679e-08  1.23643e-11
      1263.54  1.26166e-08  1.08553e-11
      1263.86  7.94883e-09  8.70872e-12
      1264.17  6.16585e-09  8.16663e-12
      1264.49  4.38041e-09  7.02013e-12
      1264.81  4.79467e-09  7.08288e-12
      1265.13  9.93731e-09  9.63604e-12
      1265.45  1.55634e-08  1.16366e-11
      1265.77  1.36471e-08  1.03309e-11
      1266.10  7.11956e-09  7.11872e-12
      1266.42  3.57417e-09  5.23756e-12
      1266.74  3.08859e-09  5.09504e-12
      1267.06  4.30790e-09  5.78597e-12
      1267.38  9.35354e-09  8.13280e-12
      1267.70  1.74308e-08  1.13632e-11
      1268.02  1.84925e-08  1.12788e-11
      1268.34  1.81869e-08  1.11245e-11
      1268.67  1.65087e-08  1.02562e-11
      1268.99  1.63262e-08  1.03907e-11
      1269.31  1.25558e-08  9.13693e-12
      1269.63  8.17248e-09  7.78384e-12
      1269.95  6.76122e-09  7.54638e-12
      1270.28  8.46209e-09  8.57438e-12
      1270.60  1.43473e-08  1.16340e-11
      1270.92  1.70591e-08  1.25014e-11
      1271.25  1.86207e-08  1.29596e-11
      1271.57  1.82366e-08  1.28399e-11
      1271.89  1.05707e-08  9.41809e-12
      1272.22  4.56185e-09  6.47994e-12
      1272.54  2.80097e-09  5.63995e-12
      1272.86  2.28064e-09  5.45414e-12
      1273.19  2.14275e-09  5.51162e-12
      1273.51  2.65464e-09  5.95888e-12
      1273.84  4.17640e-09  7.01841e-12
      1274.16  5.57252e-09  7.64016e-12
      1274.49  7.49216e-09  7.85309e-12
      1274.81  1.31570e-08  9.97030e-12
      1275.14  1.79048e-08  1.13753e-11
      1275.46  1.60363e-08  1.05966e-11
      1275.79  1.05100e-08  8.68992e-12
      1276.11  6.92947e-09  7.15725e-12
      1276.44  9.26473e-09  8.07701e-12
      1276.76  1.54845e-08  1.06008e-11
      1277.09  1.60443e-08  1.00228e-11
      1277.42  1.66106e-08  1.02928e-11
      1277.74  1.11688e-08  8.15294e-12
      1278.07  5.14015e-09  5.76248e-12
      1278.40  3.03829e-09  4.98781e-12
      1278.72  2.33529e-09  4.84049e-12
      1279.05  2.31843e-09  5.11481e-12
      1279.38  3.19305e-09  5.91741e-12
      1279.71  4.86103e-09  7.12687e-12
      1280.03  6.49251e-09  8.06874e-12
      1280.36  5.80906e-09  7.28783e-12
      1280.69  6.14803e-09  7.42872e-12
      1281.02  8.15564e-09  8.45610e-12
      1281.34  1.19736e-08  1.04499e-11
      1281.67  1.43715e-08  1.18306e-11
      1282.00  1.12583e-08  1.04283e-11
      1282.33  1.16142e-08  1.05650e-11
      1282.66  1.77727e-08  1.29672e-11
      1282.99  2.24771e-08  1.38133e-11
      1283.32  2.21700e-08  1.30720e-11
      1283.65  1.54681e-08  1.04114e-11
      1283.98  8.13218e-09  7.35604e-12
      1284.31  4.63267e-09  5.81133e-12
      1284.64  3.44846e-09  5.34377e-12
      1284.97  3.44482e-09  5.34447e-12
      1285.30  4.09477e-09  5.92161e-12
      1285.63  3.48994e-09  5.40357e-12
      1285.96  3.25598e-09  5.05509e-12
      1286.29  5.07705e-09  6.04468e-12
      1286.62  7.13755e-09  7.23367e-12
      1286.95  6.60984e-09  6.99052e-12
      1287.28  8.47452e-09  8.03151e-12
      1287.61  1.49444e-08  1.14874e-11
      1287.95  1.77234e-08  1.27629e-11
      1288.28  1.75923e-08  1.29580e-11
      1288.61  1.75351e-08  1.28593e-11
      1288.94  1.71382e-08  1.26288e-11
      1289.27  1.21884e-08  1.02482e-11
      1289.61  8.92386e-09  8.83417e-12
      1289.94  7.02818e-09  7.98557e-12
      1290.27  4.78838e-09  6.77068e-12
      1290.61  4.03951e-09  6.50818e-12
      1290.94  3.04299e-09  5.86080e-12
      1291.27  2.25617e-09  5.05718e-12
      1291.61  2.64968e-09  5.02533e-12
      1291.94  4.38633e-09  5.75904e-12
      1292.27  7.63066e-09  6.89359e-12
      1292.61  1.10617e-08  8.45916e-12
      1292.94  7.81648e-09  6.85340e-12
      1293.28  6.11183e-09  6.33261e-12
      1293.61  8.22115e-09  7.75323e-12
      1293.95  1.04495e-08  8.64981e-12
      1294.28  1.60546e-08  1.11694e-11
      1294.62  1.78686e-08  1.17094e-11
      1294.95  1.47134e-08  1.03708e-11
      1295.29  1.44118e-08  1.06814e-11
      1295.62  1.22366e-08  9.95310e-12
      1295.96  8.83473e-09  8.77383e-12
      1296.29  7.68704e-09  8.58680e-12
      1296.63  8.04870e-09  8.98536e-12
      1296.97  1.00063e-08  9.82967e-12
      1297.30  1.54855e-08  1.17419e-11
      1297.64  2.05989e-08  1.30977e-11
      1297.98  1.73254e-08  1.13520e-11
      1298.31  1.08246e-08  8.68375e-12
      1298.65  6.08583e-09  6.49608e-12
      1298.99  4.70624e-09  5.73603e-12
      1299.33  8.26357e-09  7.44918e-12
      1299.66  1.47849e-08  1.00333e-11
      1300.00  1.66100e-08  1.03769e-11
      1300.34  1.43630e-08  9.63980e-12
      1300.68  9.91094e-09  7.76899e-12
      1301.02  1.04434e-08  7.95007e-12
      1301.35  1.81025e-08  1.11581e-11
      1301.69  2.15103e-08  1.25179e-11
      1302.03  2.07878e-08  1.30478e-11
      1302.37  1.83446e-08  1.24382e-11
      1302.71  2.14077e-08  1.41941e-11
      1303.05  2.32681e-08  1.44146e-11
      1303.39  2.66198e-08  1.51168e-11
      1303.73  2.84936e-08  1.53383e-11
      1304.07  2.61772e-08  1.40895e-11
      1304.41  2.66746e-08  1.41261e-11
      1304.75  2.83497e-08  1.46556e-11
      1305.09  2.96239e-08  1.47043e-11
      1305.43  3.49244e-08  1.57419e-11
      1305.77  4.11739e-08  1.66077e-11
      1306.11  4.07290e-08  1.58896e-11
      1306.46  2.73951e-08  1.23899e-11
      1306.80  1.32838e-08  8.46148e-12
      1307.14  6.97281e-09  6.50983e-12
      1307.48  4.75672e-09  5.89428e-12
      1307.82  3.78804e-09  5.67961e-12
      1308.16  3.84899e-09  6.09378e-12
      1308.51  4.50197e-09  6.81475e-12
      1308.85  3.70671e-09  6.23093e-12
      1309.19  2.64883e-09  5.37548e-12
      1309.53  2.38412e-09  5.11182e-12
      1309.88  2.33606e-09  5.05935e-12
      1310.22  2.52536e-09  5.25559e-12
      1310.56  3.36350e-09  5.79212e-12
      1310.91  6.27839e-09  7.45160e-12
      1311.25  1.12512e-08  9.89727e-12
      1311.60  1.12000e-08  9.46773e-12
      1311.94  6.62350e-09  6.93344e-12
      1312.28  3.44661e-09  4.96231e-12
      1312.63  2.31723e-09  4.15022e-12
      1312.97  1.99837e-09  3.94141e-12
      1313.32  2.80033e-09  4.67373e-12
      1313.66  4.56669e-09  6.30827e-12
      1314.01  3.73219e-09  5.92550e-12
      1314.35  2.12175e-09  4.96099e-12
      1314.70  1.61401e-09  4.58960e-12
      1315.05  1.61179e-09  4.50753e-12
      1315.39  1.84556e-09  4.83810e-12
      1315.74  2.40267e-09  5.70607e-12
      1316.08  3.73881e-09  6.09050e-12
      1316.43  7.64422e-09  8.32336e-12
      1316.78  1.29298e-08  1.12195e-11
      1317.12  1.00264e-08  9.59290e-12
      1317.47  4.65694e-09  6.39809e-12
      1317.82  2.73814e-09  4.89088e-12
      1318.17  2.87392e-09  4.61332e-12
      1318.51  4.85761e-09  5.67281e-12
      1318.86  5.96241e-09  6.30179e-12
      1319.21  3.95511e-09  5.32156e-12
      1319.56  2.29407e-09  4.58432e-12
      1319.91  2.34323e-09  5.07432e-12
      1320.25  2.37247e-09  5.27619e-12
      1320.60  2.38539e-09  5.22346e-12
      1320.95  2.94861e-09  5.56673e-12
      1321.30  4.34631e-09  6.30588e-12
      1321.65  8.92403e-09  8.60108e-12
      1322.00  1.58168e-08  1.19714e-11
      1322.35  1.34589e-08  1.11138e-11
      1322.70  6.81950e-09  7.90254e-12
      1323.05  4.28038e-09  6.44250e-12
      1323.40  4.71793e-09  6.51886e-12
      1323.75  5.61710e-09  6.51039e-12
      1324.10  5.78950e-09  6.26585e-12
      1324.45  4.24798e-09  5.27333e-12
      1324.80  3.01691e-09  4.70142e-12
      