227
      1249.95  7.87202e-09  1.08675e-11
      1250.27  3.74232e-09  7.87001e-12
      1250.58  1.17387e-09  5.58343e-12
      1250.89  8.09313e-10  5.02340e-12
      1251.20  1.09296e-09  5.01995e-12
      1251.52  1.79631e-09  5.38957e-12
      1251.83  3.24257e-09  6.54062e-12
      1252.14  4.21399e-09  7.33765e-12
      1252.46  3.97504e-09  7.28461e-12
      1252.77  3.68462e-09  7.15765e-12
      1253.09  6.43081e-09  8.89208e-12
      1253.40  1.26049e-08  1.20066e-11
      1253.71  1.55841e-08  1.31835e-11
      1254.03  9.30539e-09  9.74562e-12
      1254.34  4.31998e-09  6.84340e-12
      1254.66  5.53068e-09  7.67720e-12
      1254.97  8.81750e-09  1.00868e-11
      1255.29  5.70254e-09  8.39492e-12
      1255.60  2.44174e-09  6.36671e-12
      1255.92  2.74743e-09  6.93771e-12
      1256.23  4.96979e-09  8.33734e-12
      1256.55  8.42883e-09  1.08060e-11
      1256.87  5.64968e-09  8.52794e-12
      1257.18  2.37027e-09  6.00093e-12
      1257.50  1.70877e-09  5.52502e-12
      1257.81  2.00024e-09  5.88701e-12
      1258.13  2.57830e-09  6.68873e-12
      1258.45  2.56733e-09  6.80408e-12
      1258.76  2.68957e-09  6.89511e-12
      1259.08  5.07578e-09  8.47717e-12
      1259.40  1.08215e-08  1.16718e-11
      1259.72  1.47084e-08  1.31695e-11
      1260.03  1.09657e-08  1.08266e-11
      1260.35  7.94388e-09  8.96774e-12
      1260.67  1.00920e-08  1.04463e-11
      1260.99  9.27381e-09  1.01085e-11
      1261.30  7.48325e-09  9.02960e-12
      1261.62  9.32149e-09  1.03788e-11
      1261.94  9.93385e-09  1.02173e-11
      1262.26  1.01475e-08  1.02575e-11
      1262.58  7.29051e-09  8.12356e-12
      1262.90  7.88158e-09  7.89944e-12
      1263.22  1.25007e-08  1.01657e-11
      1263.54  1.00560e-08  8.86810e-12
      1263.86  6.11699e-09  7.12343e-12
      1264.17  4.73385e-09  6.73154e-12
      1264.49  3.34508e-09  5.83564e-12
      1264.81  3.70925e-09  5.87460e-12
      1265.13  7.93543e-09  8.10943e-12
      1265.45  1.25837e-08  1.00039e-11
      1265.77  1.10259e-08  9.20059e-12
      1266.10  5.63121e-09  6.62071e-12
      1266.42  2.70320e-09  5.11665e-12
      1266.74  2.31519e-09  5.13760e-12
      1267.06  3.26915e-09  5.94852e-12
      1267.38  7.42659e-09  8.58435e-12
      1267.70  1.41060e-08  1.20909e-11
      1268.02  1.48298e-08  1.19333e-11
      1268.34  1.45586e-08  1.18710e-11
      1268.67  1.30078e-08  1.08079e-11
      1268.99  1.29085e-08  1.10356e-11
      1269.31  9.73837e-09  9.62565e-12
      1269.63  6.13970e-09  8.00097e-12
      1269.95  5.04660e-09  7.61745e-12
      1270.28  6.38040e-09  8.37111e-12
      1270.60  1.11011e-08  1.10760e-11
      1270.92  1.33570e-08  1.14667e-11
      1271.25  1.45155e-08  1.14195e-11
      1271.57  1.41049e-08  1.10723e-11
      1271.89  8.23581e-09  8.21818e-12
      1272.22  3.44152e-09  5.57080e-12
      1272.54  2.04057e-09  4.77119e-12
      1272.86  1.65189e-09  4.62054e-12
      1273.19  1.57552e-09  4.48493e-12
      1273.51  2.00171e-09  4.68472e-12
      1273.84  3.21058e-09  5.42628e-12
      1274.16  4.29257e-09  5.87576e-12
      1274.49  5.82970e-09  6.22248e-12
      1274.81  1.06362e-08  8.32595e-12
      1275.14  1.46804e-08  1.00399e-11
      1275.46  1.30406e-08  9.72408e-12
      1275.79  8.33058e-09  8.21150e-12
      1276.11  5.28916e-09  6.90406e-12
      1276.44  7.22151e-09  8.04307e-12
      1276.76  1.27418e-08  1.10668e-11
      1277.09  1.28357e-08  1.03739e-11
      1277.42  1.34061e-08  1.10584e-11
      1277.74  8.85383e-09  8.77135e-12
      1278.07  3.80351e-09  6.07229e-12
      1278.40  2.20433e-09  5.29005e-12
      1278.72  1.69888e-09  5.07038e-12
      1279.05  1.68963e-09  5.15001e-12
      1279.38  2.33257e-09  5.81803e-12
      1279.71  3.62382e-09  6.58508e-12
      1280.03  4.82756e-09  7.14589e-12
      1280.36  4.33886e-09  6.28643e-12
      1280.69  4.58096e-09  6.34041e-12
      1281.02  6.15860e-09  7.10310e-12
      1281.34  9.32020e-09  8.69106e-12
      1281.67  1.14071e-08  9.78251e-12
      1282.00  8.84813e-09  8.42990e-12
      1282.33  9.16705e-09  8.36452e-12
      1282.66  1.44468e-08  1.02365e-11
      1282.99  1.85386e-08  1.11792e-11
      1283.32  1.84333e-08  1.10332e-11
      1283.65  1.26550e-08  9.11860e-12
      1283.98  6.39796e-09  6.79109e-12
      1284.31  3.54421e-09  5.71003e-12
      1284.64  2.62684e-09  5.46680e-12
      1284.97  2.62891e-09  5.68725e-12
      1285.30  3.09337e-09  6.28636e-12
      1285.63  2.62939e-09  5.86418e-12
      1285.96  2.45628e-09  5.39848e-12
      1286.29  3.85675e-09  6.33064e-12
      1286.62  5.41462e-09  7.48262e-12
      1286.95  5.05973e-09  7.18966e-12
      1287.28  6.56614e-09  8.50442e-12
      1287.61  1.16122e-08  1.11035e-11
      1287.95  1.38578e-08  1.18590e-11
      1288.28  1.37651e-08  1.14913e-11
      1288.61  1.37519e-08  1.09238e-11
      1288.94  1.35794e-08  1.05863e-11
      1289.27  9.50720e-09  8.29719e-12
      1289.61  6.97225e-09  7.14913e-12
      1289.94  5.42946e-09  6.46410e-12
      1290.27  3.64196e-09  5.48044e-12
      1290.61  3.13813e-09  5.43388e-12
      1290.94  2.33248e-09  4.94576e-12
      1291.27  1.72847e-09  4.47280e-12
      1291.61  2.02592e-09  4.51177e-12
      1291.94  3.38254e-09  5.41310e-12
      1292.27  5.97397e-09  6.83147e-12
      1292.61  8.96914e-09  8.87615e-12
      1292.94  6.15011e-09  7.32301e-12
      1293.28  4.59505e-09  6.78363e-12
      1293.61  6.27907e-09  8.42189e-12
      1293.95  8.08709e-09  9.07541e-12
      1294.28  1.25554e-08  1.13074e-11
      1294.62  1.40486e-08  1.15497e-11
      1294.95  1.15112e-08  9.88151e-12
      1295.29  1.10479e-08  9.76302e-12
      1295.62  9.34753e-09  8.91086e-12
      1295.96  6.69176e-09  7.60740e-12
      1296.29  5.79853e-09  7.19043e-12
      1296.63  6.12381e-09  7.23545e-12
      1296.97  7.81595e-09  7.74315e-12
      1297.30  1.25149e-08  9.25476e-12
      1297.64  1.68675e-08  1.05147e-11
      1297.98  1.40529e-08  9.36744e-12
      1298.31  8.61845e-09  7.44717e-12
      1298.65  4.71788e-09  5.87642e-12
      1298.99  3.60493e-09  5.50403e-12
      1299.33  6.55279e-09  7.58057e-12
      1299.66  1.20214e-08  1.06125e-11
      1300.00  1.33717e-08  1.10402e-11
      1300.34  1.14274e-08  1.02693e-11
      1300.68  7.64503e-09  8.17738e-12
      1301.02  8.01678e-09  8.24029e-12
      1301.35  1.44677e-08  1.14870e-11
      1301.69  1.72230e-08  1.24806e-11
      1302.03  1.65811e-08  1.23823e-11
      1302.37  1.45953e-08  1.13449e-11
      1302.71  1.70848e-08  1.22011e-11
      1303.05  1.89116e-08  1.20147e-11
      1303.39  2.17512e-08  1.22755e-11
      1303.73  2.35670e-08  1.22537e-11
      1304.07  2.18020e-08  1.14485e-11
      1304.41  2.22041e-08  1.17019e-11
      1304.75  2.37034e-08  1.24260e-11
      1305.09  2.50221e-08  1.31183e-11
      1305.43  2.97558e-08  1.47806e-11
      1305.77  3.53747e-08  1.64833e-11
      1306.11  3.48171e-08  1.64753e-11
      1306.46  2.30576e-08  1.32401e-11
      1306.80  1.07685e-08  9.17094e-12
      1307.14  5.35521e-09  6.96283e-12
      1307.48  3.53484e-09  6.20695e-12
      1307.82  2.78175e-09  5.83590e-12
      1308.16  2.82323e-09  5.85346e-12
      1308.51  3.32074e-09  6.34856e-12
      1308.85  2.68645e-09  5.49642e-12
      1309.19  1.91193e-09  4.53830e-12
      1309.53  1.73325e-09  4.21772e-12
      1309.88  1.73092e-09  4.07768e-12
      1310.22  1.90490e-09  4.26949e-12
      1310.56  2.55630e-09  4.74648e-12
      1310.91  4.94401e-09  6.16181e-12
      1311.25  9.25616e-09  8.58560e-12
      1311.60  9.11325e-09  8.47670e-12
      1311.94  5.20650e-09  6.51676e-12
      1312.28  2.62960e-09  5.01298e-12
      1312.63  1.73995e-09  4.43926e-12
      1312.97  1.47806e-09  4.50472e-12
      1313.32  2.07614e-09  5.14222e-12
      1313.66  3.46366e-09  6.70901e-12
      1314.01  2.82076e-09  6.19647e-12
      1314.35  1.56440e-09  5.04968e-12
      1314.70  1.17031e-09  4.45540e-12
      1315.05  1.16592e-09  4.14203e-12
      1315.39  1.33514e-09  4.07717e-12
      1315.74  1.75670e-09  4.24730e-12
      1316.08  2.84108e-09  4.87607e-12
      1316.43  6.11286e-09  6.74936e-12
      1316.78  1.03784e-08  9.10408e-12
      1317.12  8.04076e-09  7.95399e-12
      1317.47  3.68803e-09  5.55168e-12
      1317.82  2.10930e-09  4.58293e-12
      1318.17  2.22308e-09  4.56405e-12
      1318.51  3.77005e-09  5.86898e-12
      1318.86  4.56362e-09  6.68357e-12
      1319.21  2.99496e-09  5.79460e-12
      1319.56  1.72156e-09  5.07702e-12
      1319.91  1.74550e-09  5.36544e-12
      1320.25  1.74192e-09  6.70580e-12
      1320.60  1.72741e-09  5.30665e-12
      1320.95  2.14139e-09  4.89773e-12
      1321.30  3.18679e-09  5.29298e-12
      1321.65  6.99026e-09  7.01701e-12
      1322.00  1.30703e-08  9.84986e-12
      1322.35  1.08921e-08  8.94259e-12
      1322.70  5.35003e-09  6.43183e-12
      1323.05  3.29194e-09  5.41109e-12
      1323.40  3.68015e-09  5.83080e-12
      1323.75  4.38763e-09  6.13927e-12
      1324.10  4.54050e-09  6.30668e-12
      1324.45  3.21705e-09  5.53402e-12
      1324.80  2.25272e-09  5.05661e-12
      