227
      1249.95  8.02160e-09  1.59295e-11
      1250.27  4.07183e-09  1.18333e-11
      1250.58  1.54878e-09  8.21587e-12
      1250.89  1.18659e-09  7.30552e-12
      1251.20  1.45334e-09  7.16175e-12
      1251.52  2.12378e-09  7.73838e-12
      1251.83  3.48175e-09  9.33697e-12
      1252.14  4.40435e-09  1.04544e-11
      1252.46  4.18840e-09  1.04195e-11
      1252.77  3.82886e-09  1.01508e-11
      1253.09  6.38108e-09  1.22379e-11
      1253.40  1.24218e-08  1.63648e-11
      1253.71  1.58157e-08  1.82782e-11
      1254.03  9.30917e-09  1.29949e-11
      1254.34  4.32509e-09  8.63031e-12
      1254.66  5.49262e-09  9.47149e-12
      1254.97  8.97027e-09  1.27468e-11
      1255.29  6.00550e-09  1.03793e-11
      1255.60  2.69793e-09  7.61111e-12
      1255.92  3.02462e-09  8.39625e-12
      1256.23  5.18643e-09  1.01400e-11
      1256.55  8.23567e-09  1.25338e-11
      1256.87  5.96323e-09  1.02527e-11
      1257.18  2.75847e-09  7.14094e-12
      1257.50  2.07332e-09  6.51001e-12
      1257.81  2.33968e-09  6.96878e-12
      1258.13  2.83879e-09  8.04436e-12
      1258.45  2.83154e-09  8.25292e-12
      1258.76  2.98254e-09  8.54453e-12
      1259.08  5.28042e-09  1.07556e-11
      1259.40  1.09601e-08  1.49538e-11
      1259.72  1.48759e-08  1.72676e-11
      1260.03  1.10025e-08  1.42233e-11
      1260.35  8.00931e-09  1.19522e-11
      1260.67  1.04673e-08  1.44292e-11
      1260.99  9.48821e-09  1.39564e-11
      1261.30  7.43201e-09  1.23726e-11
      1261.62  9.68490e-09  1.50703e-11
      1261.94  9.92309e-09  1.48961e-11
      1262.26  1.00550e-08  1.63531e-11
      1262.58  6.44728e-09  1.21042e-11
      1262.90  7.73315e-09  1.15776e-11
      1263.22  1.24085e-08  1.52300e-11
      1263.54  1.02163e-08  1.32938e-11
      1263.86  6.23549e-09  1.03965e-11
      1264.17  4.86924e-09  9.83756e-12
      1264.49  3.60991e-09  8.44969e-12
      1264.81  3.95772e-09  8.85400e-12
      1265.13  7.90674e-09  1.10475e-11
      1265.45  1.22345e-08  1.32149e-11
      1265.77  1.08885e-08  1.19024e-11
      1266.10  5.91202e-09  8.45255e-12
      1266.42  3.48121e-09  6.80702e-12
      1266.74  3.34650e-09  7.04836e-12
      1267.06  3.66061e-09  7.24245e-12
      1267.38  7.50358e-09  1.01841e-11
      1267.70  1.38872e-08  1.44770e-11
      1268.02  1.47125e-08  1.41934e-11
      1268.34  1.44861e-08  1.40841e-11
      1268.67  1.29685e-08  1.28278e-11
      1268.99  1.30041e-08  1.36299e-11
      1269.31  9.79726e-09  1.17377e-11
      1269.63  6.31119e-09  9.90718e-12
      1269.95  5.19423e-09  9.69840e-12
      1270.28  6.37577e-09  1.06566e-11
      1270.60  1.13147e-08  1.50263e-11
      1270.92  1.33884e-08  1.55174e-11
      1271.25  1.45524e-08  1.56800e-11
      1271.57  1.43764e-08  1.52539e-11
      1271.89  8.42645e-09  1.13338e-11
      1272.22  3.64865e-09  7.82377e-12
      1272.54  2.31462e-09  6.83848e-12
      1272.86  1.94059e-09  6.74166e-12
      1273.19  1.86159e-09  6.80601e-12
      1273.51  2.25200e-09  7.00671e-12
      1273.84  3.38295e-09  7.87840e-12
      1274.16  4.43703e-09  8.20444e-12
      1274.49  5.92373e-09  8.59345e-12
      1274.81  1.04277e-08  1.11529e-11
      1275.14  1.43073e-08  1.31853e-11
      1275.46  1.28882e-08  1.26236e-11
      1275.79  8.42263e-09  1.04971e-11
      1276.11  5.52562e-09  8.69360e-12
      1276.44  7.36991e-09  9.87582e-12
      1276.76  1.23134e-08  1.29800e-11
      1277.09  1.28274e-08  1.23321e-11
      1277.42  1.31589e-08  1.27310e-11
      1277.74  8.92443e-09  1.04282e-11
      1278.07  4.16691e-09  7.47742e-12
      1278.40  2.50294e-09  6.65005e-12
      1278.72  1.98023e-09  6.54214e-12
      1279.05  1.96480e-09  6.75986e-12
      1279.38  2.56828e-09  7.67104e-12
      1279.71  3.83037e-09  8.71676e-12
      1280.03  5.14752e-09  9.86177e-12
      1280.36  4.49468e-09  8.66618e-12
      1280.69  4.75755e-09  8.91904e-12
      1281.02  6.25793e-09  1.01798e-11
      1281.34  9.32030e-09  1.27223e-11
      1281.67  1.15554e-08  1.47020e-11
      1282.00  9.08684e-09  1.27334e-11
      1282.33  9.19153e-09  1.21555e-11
      1282.66  1.41746e-08  1.45413e-11
      1282.99  1.81371e-08  1.53137e-11
      1283.32  1.80782e-08  1.47369e-11
      1283.65  1.26430e-08  1.21203e-11
      1283.98  6.54012e-09  8.77622e-12
      1284.31  3.72786e-09  7.09775e-12
      1284.64  2.82464e-09  6.64224e-12
      1284.97  2.81268e-09  6.81867e-12
      1285.30  3.23468e-09  7.41544e-12
      1285.63  2.82499e-09  6.74695e-12
      1285.96  2.67047e-09  6.39425e-12
      1286.29  4.02841e-09  7.62712e-12
      1286.62  5.55180e-09  9.19852e-12
      1286.95  5.18879e-09  9.05722e-12
      1287.28  6.61705e-09  1.05109e-11
      1287.61  1.16363e-08  1.48152e-11
      1287.95  1.38371e-08  1.62745e-11
      1288.28  1.37560e-08  1.60539e-11
      1288.61  1.36920e-08  1.52860e-11
      1288.94  1.36513e-08  1.50598e-11
      1289.27  9.55465e-09  1.19372e-11
      1289.61  7.04278e-09  1.04557e-11
      1289.94  5.56108e-09  9.34018e-12
      1290.27  3.76959e-09  7.73160e-12
      1290.61  3.31404e-09  7.73336e-12
      1290.94  2.54811e-09  6.67441e-12
      1291.27  1.93118e-09  5.71708e-12
      1291.61  2.19643e-09  5.59836e-12
      1291.94  3.49718e-09  6.55075e-12
      1292.27  5.95298e-09  8.15864e-12
      1292.61  8.86188e-09  1.06054e-11
      1292.94  6.36000e-09  8.96876e-12
      1293.28  4.71986e-09  8.42359e-12
      1293.61  6.32036e-09  1.03392e-11
      1293.95  8.15757e-09  1.14611e-11
      1294.28  1.23449e-08  1.42963e-11
      1294.62  1.39205e-08  1.49123e-11
      1294.95  1.15970e-08  1.32271e-11
      1295.29  1.10212e-08  1.33786e-11
      1295.62  9.46398e-09  1.26239e-11
      1295.96  6.84988e-09  1.09668e-11
      1296.29  5.90571e-09  1.05294e-11
      1296.63  6.17674e-09  1.06672e-11
      1296.97  7.76711e-09  1.11767e-11
      1297.30  1.22110e-08  1.30939e-11
      1297.64  1.63312e-08  1.46164e-11
      1297.98  1.38355e-08  1.28149e-11
      1298.31  8.61636e-09  9.93438e-12
      1298.65  4.83454e-09  7.64030e-12
      1298.99  3.72416e-09  6.92993e-12
      1299.33  6.48155e-09  9.21880e-12
      1299.66  1.16659e-08  1.26560e-11
      1300.00  1.31602e-08  1.32252e-11
      1300.34  1.13179e-08  1.22646e-11
      1300.68  7.72348e-09  1.00138e-11
      1301.02  8.09117e-09  1.03777e-11
      1301.35  1.41928e-08  1.47437e-11
      1301.69  1.69634e-08  1.64950e-11
      1302.03  1.64462e-08  1.70799e-11
      1302.37  1.44938e-08  1.57136e-11
      1302.71  1.70394e-08  1.73129e-11
      1303.05  1.85748e-08  1.69923e-11
      1303.39  2.14878e-08  1.74789e-11
      1303.73  2.32018e-08  1.76656e-11
      1304.07  2.12878e-08  1.63133e-11
      1304.41  2.16597e-08  1.64545e-11
      1304.75  2.31150e-08  1.70444e-11
      1305.09  2.41642e-08  1.71913e-11
      1305.43  2.89891e-08  1.88927e-11
      1305.77  3.48029e-08  2.01755e-11
      1306.11  3.51493e-08  2.03059e-11
      1306.46  2.29436e-08  1.60764e-11
      1306.80  1.04761e-08  1.09706e-11
      1307.14  5.31920e-09  8.60850e-12
      1307.48  3.64065e-09  7.85098e-12
      1307.82  2.92855e-09  7.74988e-12
      1308.16  2.94385e-09  7.92509e-12
      1308.51  3.53790e-09  8.78119e-12
      1308.85  2.89668e-09  7.73903e-12
      1309.19  2.07940e-09  6.24251e-12
      1309.53  1.92536e-09  5.95424e-12
      1309.88  1.91002e-09  6.02308e-12
      1310.22  2.05336e-09  6.08818e-12
      1310.56  2.66909e-09  6.69285e-12
      1310.91  4.86223e-09  8.52695e-12
      1311.25  8.96692e-09  1.13596e-11
      1311.60  9.08594e-09  1.08697e-11
      1311.94  5.34898e-09  7.92103e-12
      1312.28  2.78493e-09  5.90578e-12
      1312.63  1.91615e-09  5.28699e-12
      1312.97  1.67926e-09  5.24039e-12
      1313.32  2.22818e-09  6.29828e-12
      1313.66  3.49120e-09  8.27226e-12
      1314.01  3.00424e-09  7.90443e-12
      1314.35  1.77919e-09  6.41794e-12
      1314.70  1.38528e-09  5.79964e-12
      1315.05  1.36987e-09  5.48771e-12
      1315.39  1.53546e-09  5.62379e-12
      1315.74  1.93723e-09  6.07892e-12
      1316.08  2.94462e-09  7.09728e-12
      1316.43  6.02868e-09  9.89603e-12
      1316.78  1.00689e-08  1.28013e-11
      1317.12  8.11232e-09  1.09671e-11
      1317.47  3.83605e-09  7.17469e-12
      1317.82  2.26311e-09  5.62385e-12
      1318.17  2.35192e-09  5.57271e-12
      1318.51  3.78488e-09  7.14435e-12
      1318.86  4.59801e-09  8.31398e-12
      1319.21  3.17185e-09  7.34321e-12
      1319.56  1.90639e-09  6.39697e-12
      1319.91  1.89377e-09  6.83948e-12
      1320.25  1.91331e-09  6.89128e-12
      1320.60  1.90401e-09  6.74018e-12
      1320.95  2.29865e-09  6.85960e-12
      1321.30  3.31170e-09  7.54363e-12
      1321.65  6.91211e-09  1.01447e-11
      1322.00  1.26301e-08  1.41531e-11
      1322.35  1.09276e-08  1.30618e-11
      1322.70  5.52041e-09  9.09988e-12
      1323.05  3.38921e-09  7.24554e-12
      1323.40  3.68785e-09  7.34512e-12
      1323.75  4.38119e-09  7.60133e-12
      1324.10  4.51804e-09  7.62278e-12
      1324.45  3.34210e-09  6.77058e-12
      1324.80  2.38495e-09  6.22531e-12
      