227
      1249.95  8.00194e-09  1.39085e-11
      1250.27  4.05254e-09  1.03211e-11
      1250.58  1.55514e-09  7.23593e-12
      1250.89  1.18919e-09  6.43167e-12
      1251.20  1.44478e-09  6.17427e-12
      1251.52  2.10968e-09  6.59422e-12
      1251.83  3.48738e-09  8.01681e-12
      1252.14  4.41505e-09  9.05145e-12
      1252.46  4.18506e-09  9.16255e-12
      1252.77  3.80523e-09  8.83263e-12
      1253.09  6.35967e-09  1.07785e-11
      1253.40  1.24442e-08  1.46121e-11
      1253.71  1.58325e-08  1.64335e-11
      1254.03  9.27583e-09  1.18112e-11
      1254.34  4.33034e-09  7.98017e-12
      1254.66  5.52515e-09  8.95697e-12
      1254.97  8.89960e-09  1.22340e-11
      1255.29  5.98591e-09  1.01239e-11
      1255.60  2.71648e-09  7.59089e-12
      1255.92  3.03438e-09  8.36846e-12
      1256.23  5.20072e-09  1.02886e-11
      1256.55  8.18970e-09  1.28282e-11
      1256.87  5.93721e-09  1.05262e-11
      1257.18  2.75799e-09  7.31979e-12
      1257.50  2.07445e-09  6.67181e-12
      1257.81  2.33836e-09  7.20856e-12
      1258.13  2.82804e-09  8.11630e-12
      1258.45  2.83043e-09  8.44477e-12
      1258.76  2.96719e-09  8.65922e-12
      1259.08  5.28268e-09  1.08109e-11
      1259.40  1.09986e-08  1.47121e-11
      1259.72  1.48976e-08  1.66801e-11
      1260.03  1.09763e-08  1.35472e-11
      1260.35  7.95634e-09  1.10939e-11
      1260.67  1.04784e-08  1.35186e-11
      1260.99  9.48811e-09  1.29289e-11
      1261.30  7.39495e-09  1.11774e-11
      1261.62  9.65518e-09  1.35130e-11
      1261.94  9.93564e-09  1.30795e-11
      1262.26  1.02889e-08  1.40906e-11
      1262.58  7.24564e-09  1.07168e-11
      1262.90  7.57472e-09  1.01320e-11
      1263.22  1.14399e-08  1.15826e-11
      1263.54  9.67735e-09  1.18763e-11
      1263.86  6.21032e-09  8.93422e-12
      1264.17  4.85662e-09  8.39159e-12
      1264.49  3.59041e-09  7.34055e-12
      1264.81  3.92233e-09  7.76681e-12
      1265.13  8.02562e-09  1.01244e-11
      1265.45  1.22477e-08  1.20095e-11
      1265.77  1.08578e-08  1.09802e-11
      1266.10  5.88478e-09  7.97645e-12
      1266.42  3.42170e-09  6.69211e-12
      1266.74  3.03222e-09  6.69246e-12
      1267.06  3.51194e-09  7.24894e-12
      1267.38  7.49485e-09  1.04451e-11
      1267.70  1.39124e-08  1.49752e-11
      1268.02  1.46879e-08  1.47387e-11
      1268.34  1.44920e-08  1.45823e-11
      1268.67  1.29382e-08  1.32442e-11
      1268.99  1.30013e-08  1.42297e-11
      1269.31  9.81513e-09  1.20286e-11
      1269.63  6.30121e-09  1.00310e-11
      1269.95  5.19497e-09  1.05883e-11
      1270.28  6.42502e-09  1.05850e-11
      1270.60  1.12695e-08  1.43711e-11
      1270.92  1.33817e-08  1.47855e-11
      1271.25  1.45443e-08  1.44749e-11
      1271.57  1.43375e-08  1.39783e-11
      1271.89  8.43015e-09  1.02201e-11
      1272.22  3.65674e-09  6.95492e-12
      1272.54  2.30812e-09  5.91867e-12
      1272.86  1.93949e-09  6.24809e-12
      1273.19  1.85681e-09  5.82233e-12
      1273.51  2.24269e-09  5.98719e-12
      1273.84  3.38279e-09  6.71335e-12
      1274.16  4.42676e-09  7.14373e-12
      1274.49  5.90388e-09  7.56916e-12
      1274.81  1.04366e-08  1.00677e-11
      1275.14  1.43245e-08  1.21723e-11
      1275.46  1.28785e-08  1.19038e-11
      1275.79  8.42454e-09  1.01919e-11
      1276.11  5.62371e-09  9.23293e-12
      1276.44  7.61930e-09  1.05923e-11
      1276.76  1.23642e-08  1.31677e-11
      1277.09  1.28097e-08  1.26003e-11
      1277.42  1.31893e-08  1.31330e-11
      1277.74  8.91323e-09  1.06707e-11
      1278.07  4.14541e-09  7.58569e-12
      1278.40  2.50305e-09  6.58323e-12
      1278.72  1.98017e-09  6.37980e-12
      1279.05  1.96332e-09  6.50872e-12
      1279.38  2.57093e-09  7.17278e-12
      1279.71  3.83077e-09  7.95756e-12
      1280.03  5.11839e-09  8.86337e-12
      1280.36  4.50346e-09  7.67633e-12
      1280.69  4.76163e-09  7.84565e-12
      1281.02  6.26115e-09  8.94457e-12
      1281.34  9.28676e-09  1.09450e-11
      1281.67  1.14489e-08  1.25285e-11
      1282.00  8.98951e-09  1.07001e-11
      1282.33  9.19192e-09  1.04340e-11
      1282.66  1.42337e-08  1.26385e-11
      1282.99  1.81411e-08  1.35174e-11
      1283.32  1.80894e-08  1.33411e-11
      1283.65  1.31421e-08  1.22465e-11
      1283.98  6.26882e-09  8.84960e-12
      1284.31  3.70235e-09  6.99111e-12
      1284.64  2.81886e-09  6.68003e-12
      1284.97  2.80832e-09  7.01980e-12
      1285.30  3.24563e-09  7.59563e-12
      1285.63  2.83120e-09  7.01647e-12
      1285.96  2.66930e-09  6.51547e-12
      1286.29  4.02207e-09  7.74261e-12
      1286.62  5.57134e-09  9.28675e-12
      1286.95  5.17295e-09  9.08134e-12
      1287.28  6.56127e-09  1.00658e-11
      1287.61  1.16294e-08  1.39354e-11
      1287.95  1.38178e-08  1.49214e-11
      1288.28  1.37499e-08  1.44601e-11
      1288.61  1.36694e-08  1.35583e-11
      1288.94  1.36969e-08  1.31777e-11
      1289.27  9.55771e-09  1.02926e-11
      1289.61  7.03840e-09  8.93854e-12
      1289.94  5.58159e-09  8.14562e-12
      1290.27  3.76379e-09  6.75578e-12
      1290.61  3.31069e-09  6.80949e-12
      1290.94  2.55055e-09  6.01706e-12
      1291.27  1.93190e-09  5.32052e-12
      1291.61  2.20058e-09  5.36378e-12
      1291.94  3.49706e-09  6.49194e-12
      1292.27  5.95290e-09  8.29331e-12
      1292.61  8.78086e-09  1.08342e-11
      1292.94  6.39536e-09  9.30247e-12
      1293.28  4.74243e-09  8.65812e-12
      1293.61  6.29975e-09  1.04343e-11
      1293.95  8.15309e-09  1.14694e-11
      1294.28  1.22873e-08  1.38408e-11
      1294.62  1.38939e-08  1.42223e-11
      1294.95  1.16350e-08  1.23634e-11
      1295.29  1.10080e-08  1.22090e-11
      1295.62  9.44149e-09  1.12716e-11
      1295.96  6.85119e-09  9.59164e-12
      1296.29  5.91678e-09  9.08765e-12
      1296.63  6.19628e-09  9.11778e-12
      1296.97  7.77454e-09  9.55347e-12
      1297.30  1.22142e-08  1.13529e-11
      1297.64  1.63287e-08  1.28113e-11
      1297.98  1.38267e-08  1.15101e-11
      1298.31  8.62291e-09  9.24232e-12
      1298.65  4.83783e-09  7.35564e-12
      1298.99  3.72446e-09  6.93563e-12
      1299.33  6.46964e-09  9.47284e-12
      1299.66  1.16822e-08  1.31132e-11
      1300.00  1.31658e-08  1.36664e-11
      1300.34  1.13555e-08  1.26354e-11
      1300.68  7.70395e-09  1.01278e-11
      1301.02  8.02522e-09  1.03063e-11
      1301.35  1.42040e-08  1.44040e-11
      1301.69  1.69936e-08  1.57169e-11
      1302.03  1.65389e-08  1.59489e-11
      1302.37  1.44663e-08  1.42429e-11
      1302.71  1.70582e-08  1.53299e-11
      1303.05  1.85291e-08  1.47415e-11
      1303.39  2.14528e-08  1.53379e-11
      1303.73  2.32460e-08  1.53419e-11
      1304.07  2.12779e-08  1.42325e-11
      1304.41  2.16348e-08  1.46565e-11
      1304.75  2.31192e-08  1.56094e-11
      1305.09  2.41285e-08  1.62854e-11
      1305.43  2.89221e-08  1.84930e-11
      1305.77  3.47851e-08  2.02956e-11
      1306.11  3.51704e-08  2.06726e-11
      1306.46  2.30093e-08  1.64463e-11
      1306.80  1.04917e-08  1.11902e-11
      1307.14  5.33609e-09  8.77710e-12
      1307.48  3.65145e-09  7.67684e-12
      1307.82  2.94028e-09  7.36132e-12
      1308.16  2.94780e-09  7.30654e-12
      1308.51  3.51292e-09  7.79635e-12
      1308.85  2.92116e-09  6.72166e-12
      1309.19  2.10313e-09  5.47119e-12
      1309.53  1.93281e-09  5.12149e-12
      1309.88  1.90896e-09  5.07007e-12
      1310.22  2.05157e-09  5.23595e-12
      1310.56  2.67146e-09  5.85596e-12
      1310.91  4.85384e-09  7.65077e-12
      1311.25  8.92743e-09  1.06063e-11
      1311.60  9.08367e-09  1.04972e-11
      1311.94  5.37446e-09  7.95439e-12
      1312.28  2.79263e-09  6.04095e-12
      1312.63  1.92373e-09  5.46790e-12
      1312.97  1.68107e-09  5.41761e-12
      1313.32  2.22358e-09  6.50340e-12
      1313.66  3.48856e-09  8.29936e-12
      1314.01  3.02912e-09  7.75373e-12
      1314.35  1.79378e-09  6.29330e-12
      1314.70  1.39349e-09  5.47234e-12
      1315.05  1.38375e-09  5.08748e-12
      1315.39  1.54338e-09  4.94601e-12
      1315.74  1.92696e-09  5.26692e-12
      1316.08  2.77054e-09  6.40719e-12
      1316.43  6.53761e-09  9.38951e-12
      1316.78  1.01750e-08  1.15100e-11
      1317.12  8.12285e-09  9.99702e-12
      1317.47  3.86338e-09  6.83608e-12
      1317.82  2.26603e-09  5.61330e-12
      1318.17  2.33576e-09  5.68637e-12
      1318.51  3.77747e-09  7.35220e-12
      1318.86  4.60627e-09  8.53851e-12
      1319.21  3.17775e-09  7.40855e-12
      1319.56  1.90426e-09  6.20138e-12
      1319.91  1.89750e-09  6.71721e-12
      1320.25  1.91692e-09  6.31939e-12
      1320.60  1.90304e-09  5.95555e-12
      1320.95  2.29066e-09  5.95347e-12
      1321.30  3.27697e-09  6.44218e-12
      1321.65  6.81746e-09  8.63429e-12
      1322.00  1.26244e-08  1.24314e-11
      1322.35  1.07694e-08  1.17091e-11
      1322.70  5.47527e-09  8.10213e-12
      1323.05  3.38440e-09  6.73363e-12
      1323.40  3.68315e-09  7.13990e-12
      1323.75  4.37388e-09  7.71644e-12
      1324.10  4.52723e-09  7.86838e-12
      1324.45  3.35144e-09  6.96676e-12
      1324.80  2.38944e-09  6.41318e-12
      