227
      1249.95  8.03639e-09  1.53737e-11
      1250.27  4.06820e-09  1.15246e-11
      1250.58  1.56157e-09  8.23326e-12
      1250.89  1.19310e-09  7.55821e-12
      1251.20  1.44978e-09  7.59323e-12
      1251.52  2.12733e-09  8.23159e-12
      1251.83  3.47004e-09  1.01508e-11
      1252.14  4.37737e-09  1.15983e-11
      1252.46  4.16361e-09  1.17164e-11
      1252.77  3.87367e-09  1.15362e-11
      1253.09  6.44166e-09  1.43681e-11
      1253.40  1.24543e-08  1.95325e-11
      1253.71  1.57047e-08  2.17186e-11
      1254.03  9.33583e-09  1.55987e-11
      1254.34  4.39151e-09  1.05540e-11
      1254.66  5.49313e-09  1.16841e-11
      1254.97  9.11436e-09  1.58226e-11
      1255.29  5.98233e-09  1.26306e-11
      1255.60  2.65315e-09  9.28487e-12
      1255.92  3.01791e-09  1.00148e-11
      1256.23  5.15407e-09  1.19057e-11
      1256.55  8.28894e-09  1.47336e-11
      1256.87  5.99156e-09  1.16093e-11
      1257.18  2.73601e-09  7.72746e-12
      1257.50  2.06565e-09  6.96808e-12
      1257.81  2.34616e-09  7.25787e-12
      1258.13  2.84850e-09  8.00881e-12
      1258.45  2.83661e-09  8.13834e-12
      1258.76  2.99236e-09  8.15454e-12
      1259.08  5.29714e-09  1.00584e-11
      1259.40  1.09524e-08  1.37396e-11
      1259.72  1.48359e-08  1.55910e-11
      1260.03  1.10459e-08  1.27297e-11
      1260.35  8.06112e-09  1.05556e-11
      1260.67  1.03949e-08  1.29034e-11
      1260.99  9.48662e-09  1.26417e-11
      1261.30  7.53218e-09  1.13726e-11
      1261.62  9.63874e-09  1.38419e-11
      1261.94  9.95110e-09  1.38214e-11
      1262.26  1.04964e-08  1.45862e-11
      1262.58  7.36734e-09  1.14727e-11
      1262.90  7.70200e-09  1.14279e-11
      1263.22  1.26401e-08  1.55570e-11
      1263.54  1.02332e-08  1.37500e-11
      1263.86  6.20578e-09  1.12785e-11
      1264.17  4.90742e-09  1.09029e-11
      1264.49  3.63466e-09  9.59915e-12
      1264.81  3.94549e-09  9.80945e-12
      1265.13  7.88809e-09  1.32600e-11
      1265.45  1.22544e-08  1.60134e-11
      1265.77  1.09182e-08  1.44796e-11
      1266.10  5.90020e-09  1.02914e-11
      1266.42  3.10299e-09  7.90441e-12
      1266.74  3.05240e-09  8.31261e-12
      1267.06  3.94237e-09  9.38078e-12
      1267.38  7.57627e-09  1.21726e-11
      1267.70  1.38245e-08  1.66613e-11
      1268.02  1.47815e-08  1.59228e-11
      1268.34  1.44822e-08  1.52078e-11
      1268.67  1.30384e-08  1.33953e-11
      1268.99  1.29847e-08  1.34122e-11
      1269.31  9.84879e-09  1.14096e-11
      1269.63  6.35284e-09  9.34752e-12
      1269.95  5.22322e-09  8.87124e-12
      1270.28  6.43994e-09  9.75413e-12
      1270.60  1.12981e-08  1.34082e-11
      1270.92  1.33603e-08  1.39372e-11
      1271.25  1.46036e-08  1.41999e-11
      1271.57  1.45154e-08  1.41537e-11
      1271.89  8.35437e-09  1.04446e-11
      1272.22  3.59837e-09  7.28647e-12
      1272.54  2.29827e-09  6.56172e-12
      1272.86  1.94687e-09  6.63556e-12
      1273.19  1.86327e-09  6.98752e-12
      1273.51  2.24540e-09  7.49159e-12
      1273.84  3.38656e-09  8.79077e-12
      1274.16  4.43725e-09  9.42728e-12
      1274.49  5.92152e-09  1.00270e-11
      1274.81  1.04299e-08  1.34187e-11
      1275.14  1.43271e-08  1.59461e-11
      1275.46  1.29164e-08  1.55209e-11
      1275.79  8.43449e-09  1.28908e-11
      1276.11  5.54842e-09  1.06272e-11
      1276.44  7.25898e-09  1.20482e-11
      1276.76  1.14986e-08  1.64572e-11
      1277.09  1.25546e-08  1.52356e-11
      1277.42  1.30894e-08  1.38237e-11
      1277.74  8.96244e-09  1.09474e-11
      1278.07  4.22033e-09  7.56241e-12
      1278.40  2.53275e-09  6.44523e-12
      1278.72  2.00270e-09  6.10209e-12
      1279.05  1.98182e-09  6.17631e-12
      1279.38  2.58719e-09  6.90600e-12
      1279.71  3.85217e-09  7.86593e-12
      1280.03  5.13126e-09  8.89354e-12
      1280.36  4.49964e-09  7.99816e-12
      1280.69  4.80131e-09  8.47837e-12
      1281.02  6.32844e-09  9.91267e-12
      1281.34  9.44151e-09  1.28280e-11
      1281.67  1.16583e-08  1.54257e-11
      1282.00  8.85101e-09  1.33118e-11
      1282.33  8.99657e-09  1.33742e-11
      1282.66  1.42343e-08  1.67524e-11
      1282.99  1.82393e-08  1.82312e-11
      1283.32  1.81854e-08  1.79546e-11
      1283.65  1.26559e-08  1.46745e-11
      1283.98  6.56402e-09  1.08299e-11
      1284.31  4.04989e-09  1.07730e-11
      1284.64  2.75665e-09  9.42634e-12
      1284.97  2.81986e-09  8.11247e-12
      1285.30  3.23224e-09  8.33322e-12
      1285.63  2.85404e-09  7.40410e-12
      1285.96  2.67783e-09  6.52805e-12
      1286.29  4.02273e-09  7.44509e-12
      1286.62  5.54267e-09  8.59527e-12
      1286.95  5.21965e-09  8.25692e-12
      1287.28  6.66504e-09  9.49434e-12
      1287.61  1.16042e-08  1.33179e-11
      1287.95  1.38495e-08  1.48007e-11
      1288.28  1.37813e-08  1.47492e-11
      1288.61  1.37777e-08  1.45786e-11
      1288.94  1.36177e-08  1.46342e-11
      1289.27  9.58487e-09  1.20037e-11
      1289.61  7.05409e-09  1.08487e-11
      1289.94  5.55102e-09  1.01428e-11
      1290.27  3.78912e-09  8.86519e-12
      1290.61  3.28957e-09  9.00484e-12
      1290.94  2.53210e-09  7.95171e-12
      1291.27  1.94324e-09  6.93509e-12
      1291.61  2.20009e-09  6.89498e-12
      1291.94  3.48673e-09  8.03765e-12
      1292.27  5.94870e-09  9.61708e-12
      1292.61  8.99631e-09  1.21729e-11
      1292.94  6.31161e-09  9.73278e-12
      1293.28  4.68026e-09  8.53297e-12
      1293.61  6.32819e-09  1.01159e-11
      1293.95  8.09405e-09  1.07507e-11
      1294.28  1.23858e-08  1.30510e-11
      1294.62  1.39631e-08  1.33720e-11
      1294.95  1.15440e-08  1.17569e-11
      1295.29  1.10636e-08  1.21141e-11
      1295.62  9.46517e-09  1.15702e-11
      1295.96  6.82613e-09  1.03492e-11
      1296.29  5.91742e-09  1.04807e-11
      1296.63  6.20543e-09  1.11844e-11
      1296.97  7.80643e-09  1.22091e-11
      1297.30  1.22569e-08  1.47555e-11
      1297.64  1.64257e-08  1.73530e-11
      1297.98  1.38622e-08  1.64841e-11
      1298.31  8.57866e-09  1.22432e-11
      1298.65  4.83844e-09  9.46666e-12
      1298.99  3.74077e-09  8.45611e-12
      1299.33  6.52540e-09  1.08442e-11
      1299.66  1.16700e-08  1.42717e-11
      1300.00  1.31932e-08  1.43642e-11
      1300.34  1.13105e-08  1.25861e-11
      1300.68  7.78830e-09  9.74262e-12
      1301.02  8.18610e-09  9.59109e-12
      1301.35  1.41660e-08  1.31912e-11
      1301.69  1.70212e-08  1.48119e-11
      1302.03  1.64670e-08  1.54948e-11
      1302.37  1.46212e-08  1.47558e-11
      1302.71  1.70562e-08  1.66527e-11
      1303.05  1.86724e-08  1.69893e-11
      1303.39  2.15796e-08  1.83517e-11
      1303.73  2.32310e-08  1.93119e-11
      1304.07  2.14066e-08  1.85703e-11
      1304.41  2.18027e-08  1.94911e-11
      1304.75  2.31990e-08  2.06841e-11
      1305.09  2.43299e-08  2.12216e-11
      1305.43  2.90847e-08  2.32122e-11
      1305.77  3.48250e-08  2.42013e-11
      1306.11  3.50355e-08  2.32702e-11
      1306.46  2.29273e-08  1.75981e-11
      1306.80  1.05686e-08  1.13007e-11
      1307.14  5.37144e-09  8.34806e-12
      1307.48  3.65822e-09  7.24070e-12
      1307.82  2.91450e-09  6.82401e-12
      1308.16  2.94260e-09  6.97378e-12
      1308.51  3.57360e-09  7.87067e-12
      1308.85  2.87712e-09  7.03535e-12
      1309.19  2.07281e-09  6.13211e-12
      1309.53  1.93318e-09  6.29685e-12
      1309.88  1.91642e-09  6.43222e-12
      1310.22  2.06881e-09  6.92211e-12
      1310.56  2.66000e-09  7.90302e-12
      1310.91  4.84027e-09  1.05783e-11
      1311.25  9.11002e-09  1.41291e-11
      1311.60  9.14502e-09  1.35972e-11
      1311.94  5.30058e-09  9.69399e-12
      1312.28  2.75223e-09  6.82922e-12
      1312.63  1.91573e-09  5.86589e-12
      1312.97  1.67623e-09  5.46825e-12
      1313.32  2.23193e-09  6.28471e-12
      1313.66  3.54133e-09  7.89920e-12
      1314.01  3.02453e-09  7.32220e-12
      1314.35  1.77511e-09  5.74028e-12
      1314.70  1.39054e-09  5.40377e-12
      1315.05  1.38915e-09  5.30254e-12
      1315.39  1.55139e-09  5.53056e-12
      1315.74  1.95887e-09  6.18953e-12
      1316.08  2.98235e-09  7.66713e-12
      1316.43  6.04525e-09  1.10185e-11
      1316.78  1.01208e-08  1.50123e-11
      1317.12  8.14768e-09  1.32673e-11
      1317.47  3.82622e-09  8.84034e-12
      1317.82  2.26331e-09  6.84776e-12
      1318.17  2.34910e-09  6.40399e-12
      1318.51  3.76649e-09  7.80775e-12
      1318.86  4.58143e-09  8.52690e-12
      1319.21  3.17055e-09  7.15578e-12
      1319.56  1.90020e-09  5.90713e-12
      1319.91  1.90046e-09  6.24597e-12
      1320.25  1.92052e-09  6.20629e-12
      1320.60  1.92514e-09  6.04799e-12
      1320.95  2.31630e-09  6.41998e-12
      1321.30  3.36134e-09  7.36457e-12
      1321.65  7.04778e-09  1.06211e-11
      1322.00  1.26501e-08  1.54146e-11
      1322.35  1.08888e-08  1.48692e-11
      1322.70  5.48120e-09  1.06690e-11
      1323.05  3.39280e-09  8.77219e-12
      1323.40  3.69256e-09  9.01361e-12
      1323.75  4.38518e-09  8.97309e-12
      1324.10  4.51290e-09  8.75362e-12
      1324.45  3.35096e-09  7.33781e-12
      1324.80  2.39844e-09  6.36971e-12
      