227
      1249.95  8.05781e-09  1.42210e-11
      1250.27  4.05450e-09  1.06097e-11
      1250.58  1.54163e-09  7.38841e-12
      1250.89  1.19954e-09  6.78105e-12
      1251.20  1.46329e-09  6.73330e-12
      1251.52  2.13979e-09  7.01465e-12
      1251.83  3.48275e-09  8.50445e-12
      1252.14  4.40684e-09  9.80161e-12
      1252.46  4.17706e-09  9.97783e-12
      1252.77  3.91747e-09  1.01147e-11
      1253.09  6.48590e-09  1.24579e-11
      1253.40  1.24501e-08  1.69862e-11
      1253.71  1.54972e-08  1.89073e-11
      1254.03  9.33650e-09  1.39568e-11
      1254.34  4.48505e-09  9.71588e-12
      1254.66  5.56241e-09  1.07105e-11
      1254.97  9.13043e-09  1.49283e-11
      1255.29  5.91577e-09  1.19446e-11
      1255.60  2.62186e-09  8.79707e-12
      1255.92  3.01453e-09  1.00403e-11
      1256.23  5.12660e-09  1.21402e-11
      1256.55  8.43241e-09  1.54557e-11
      1256.87  5.97901e-09  1.22728e-11
      1257.18  2.71972e-09  8.36720e-12
      1257.50  2.06787e-09  7.74054e-12
      1257.81  2.33153e-09  8.12094e-12
      1258.13  2.83636e-09  9.17162e-12
      1258.45  2.83289e-09  9.34325e-12
      1258.76  2.98784e-09  9.36337e-12
      1259.08  5.32243e-09  1.16613e-11
      1259.40  1.09321e-08  1.59211e-11
      1259.72  1.47789e-08  1.79432e-11
      1260.03  1.11097e-08  1.44578e-11
      1260.35  8.12315e-09  1.17514e-11
      1260.67  1.03359e-08  1.38654e-11
      1260.99  9.46695e-09  1.31918e-11
      1261.30  7.60363e-09  1.16555e-11
      1261.62  9.58605e-09  1.36100e-11
      1261.94  9.96610e-09  1.31706e-11
      1262.26  1.04067e-08  1.34629e-11
      1262.58  7.33757e-09  1.04152e-11
      1262.90  7.73552e-09  1.00964e-11
      1263.22  1.27430e-08  1.35120e-11
      1263.54  1.02017e-08  1.16665e-11
      1263.86  6.15514e-09  9.41917e-12
      1264.17  4.88502e-09  9.08023e-12
      1264.49  3.60557e-09  8.25061e-12
      1264.81  3.90676e-09  8.40219e-12
      1265.13  7.86959e-09  1.15533e-11
      1265.45  1.23198e-08  1.42967e-11
      1265.77  1.09754e-08  1.31532e-11
      1266.10  5.87670e-09  9.57949e-12
      1266.42  2.99575e-09  7.42607e-12
      1266.74  2.59376e-09  7.40745e-12
      1267.06  3.54377e-09  8.66354e-12
      1267.38  7.55900e-09  1.26268e-11
      1267.70  1.37350e-08  1.77953e-11
      1268.02  1.47899e-08  1.80676e-11
      1268.34  1.44252e-08  1.67115e-11
      1268.67  1.30894e-08  1.50182e-11
      1268.99  1.29058e-08  1.52287e-11
      1269.31  9.84395e-09  1.31401e-11
      1269.63  6.38407e-09  1.08740e-11
      1269.95  5.23511e-09  1.03299e-11
      1270.28  6.53596e-09  1.12065e-11
      1270.60  1.12550e-08  1.47836e-11
      1270.92  1.33432e-08  1.50529e-11
      1271.25  1.46300e-08  1.48783e-11
      1271.57  1.45740e-08  1.43600e-11
      1271.89  8.33344e-09  1.02220e-11
      1272.22  3.59860e-09  6.86841e-12
      1272.54  2.31074e-09  5.97154e-12
      1272.86  1.94832e-09  5.93720e-12
      1273.19  1.86205e-09  5.87736e-12
      1273.51  2.23778e-09  6.31808e-12
      1273.84  3.39518e-09  7.36466e-12
      1274.16  4.46540e-09  8.10932e-12
      1274.49  5.89847e-09  8.66055e-12
      1274.81  1.04428e-08  1.17771e-11
      1275.14  1.43949e-08  1.42717e-11
      1275.46  1.29236e-08  1.42312e-11
      1275.79  8.43412e-09  1.21058e-11
      1276.11  5.55539e-09  1.02707e-11
      1276.44  7.37744e-09  1.20887e-11
      1276.76  1.22560e-08  1.56304e-11
      1277.09  1.29723e-08  1.50254e-11
      1277.42  1.30316e-08  1.49809e-11
      1277.74  8.97274e-09  1.22856e-11
      1278.07  4.21081e-09  8.58516e-12
      1278.40  2.52106e-09  7.33587e-12
      1278.72  1.99906e-09  7.09799e-12
      1279.05  1.97591e-09  6.93424e-12
      1279.38  2.64717e-09  7.62824e-12
      1279.71  4.07371e-09  8.71939e-12
      1280.03  5.21205e-09  9.29380e-12
      1280.36  4.51355e-09  8.01750e-12
      1280.69  4.96359e-09  8.15656e-12
      1281.02  7.27614e-09  9.72041e-12
      1281.34  1.08790e-08  1.19941e-11
      1281.67  1.26047e-08  1.38156e-11
      1282.00  8.84642e-09  1.13563e-11
      1282.33  8.82918e-09  1.14330e-11
      1282.66  1.34330e-08  1.53672e-11
      1282.99  1.85080e-08  1.75269e-11
      1283.32  1.82373e-08  1.59713e-11
      1283.65  1.26003e-08  1.33194e-11
      1283.98  6.51076e-09  1.01933e-11
      1284.31  4.03470e-09  1.00804e-11
      1284.64  2.72472e-09  9.58467e-12
      1284.97  2.80462e-09  8.32018e-12
      1285.30  3.25309e-09  8.99278e-12
      1285.63  2.85603e-09  8.14255e-12
      1285.96  2.67638e-09  7.48764e-12
      1286.29  4.01896e-09  8.58200e-12
      1286.62  5.52843e-09  1.00114e-11
      1286.95  5.23046e-09  9.54076e-12
      1287.28  6.66776e-09  1.06213e-11
      1287.61  1.15699e-08  1.44210e-11
      1287.95  1.38581e-08  1.53285e-11
      1288.28  1.37853e-08  1.47476e-11
      1288.61  1.37693e-08  1.38728e-11
      1288.94  1.35547e-08  1.32798e-11
      1289.27  9.61998e-09  1.05521e-11
      1289.61  7.04964e-09  9.29935e-12
      1289.94  5.55392e-09  8.63349e-12
      1290.27  3.81894e-09  7.57166e-12
      1290.61  3.28552e-09  7.80003e-12
      1290.94  2.53592e-09  7.17733e-12
      1291.27  1.95504e-09  6.40588e-12
      1291.61  2.22326e-09  6.66339e-12
      1291.94  3.50738e-09  8.00277e-12
      1292.27  6.01319e-09  9.95907e-12
      1292.61  8.92344e-09  1.30122e-11
      1292.94  6.24552e-09  1.06253e-11
      1293.28  4.69647e-09  9.63446e-12
      1293.61  6.33003e-09  1.16217e-11
      1293.95  8.03092e-09  1.23303e-11
      1294.28  1.24923e-08  1.52855e-11
      1294.62  1.45148e-08  1.87840e-11
      1294.95  1.07456e-08  1.41372e-11
      1295.29  1.11085e-08  1.27051e-11
      1295.62  9.65496e-09  1.14409e-11
      1295.96  7.09239e-09  9.83396e-12
      1296.29  5.98381e-09  9.27801e-12
      1296.63  6.21312e-09  9.58394e-12
      1296.97  7.78642e-09  1.02534e-11
      1297.30  1.22847e-08  1.26350e-11
      1297.64  1.65395e-08  1.48864e-11
      1297.98  1.39082e-08  1.35027e-11
      1298.31  8.57500e-09  1.09841e-11
      1298.65  4.83634e-09  8.84745e-12
      1298.99  3.73872e-09  8.25772e-12
      1299.33  6.54132e-09  1.11375e-11
      1299.66  1.16773e-08  1.52790e-11
      1300.00  1.31965e-08  1.58869e-11
      1300.34  1.12958e-08  1.42839e-11
      1300.68  7.82594e-09  1.13016e-11
      1301.02  8.20593e-09  1.10315e-11
      1301.35  1.41549e-08  1.49056e-11
      1301.69  1.70574e-08  1.62733e-11
      1302.03  1.64364e-08  1.60631e-11
      1302.37  1.46977e-08  1.45484e-11
      1302.71  1.69971e-08  1.54901e-11
      1303.05  1.87418e-08  1.52326e-11
      1303.39  2.15873e-08  1.58251e-11
      1303.73  2.32093e-08  1.63210e-11
      1304.07  2.14571e-08  1.58150e-11
      1304.41  2.17903e-08  1.68507e-11
      1304.75  2.31603e-08  1.83185e-11
      1305.09  2.44056e-08  1.96530e-11
      1305.43  2.91709e-08  2.22672e-11
      1305.77  3.48397e-08  2.43745e-11
      1306.11  3.47751e-08  2.44316e-11
      1306.46  2.28072e-08  1.91479e-11
      1306.80  1.06332e-08  1.27861e-11
      1307.14  5.41924e-09  9.57812e-12
      1307.48  3.65213e-09  8.30002e-12
      1307.82  2.92781e-09  7.80928e-12
      1308.16  2.97294e-09  7.62458e-12
      1308.51  3.57955e-09  8.15214e-12
      1308.85  2.87970e-09  6.93129e-12
      1309.19  2.10394e-09  5.67388e-12
      1309.53  1.94161e-09  5.30533e-12
      1309.88  1.91584e-09  5.37266e-12
      1310.22  2.05935e-09  5.72792e-12
      1310.56  2.63873e-09  6.60508e-12
      1310.91  4.82440e-09  8.91714e-12
      1311.25  9.29279e-09  1.31613e-11
      1311.60  9.19287e-09  1.28979e-11
      1311.94  5.22300e-09  9.51547e-12
      1312.28  2.72630e-09  7.21225e-12
      1312.63  1.91021e-09  6.23840e-12
      1312.97  1.66606e-09  6.12477e-12
      1313.32  2.21362e-09  6.95085e-12
      1313.66  3.59517e-09  8.87600e-12
      1314.01  3.02600e-09  8.12066e-12
      1314.35  1.75320e-09  6.44816e-12
      1314.70  1.38180e-09  5.66129e-12
      1315.05  1.38990e-09  5.17317e-12
      1315.39  1.55201e-09  5.00446e-12
      1315.74  1.95599e-09  5.44391e-12
      1316.08  2.97738e-09  6.48284e-12
      1316.43  6.03555e-09  9.34111e-12
      1316.78  1.02158e-08  1.31160e-11
      1317.12  8.15002e-09  1.17771e-11
      1317.47  3.77637e-09  8.20977e-12
      1317.82  2.24700e-09  6.69283e-12
      1318.17  2.34829e-09  6.68736e-12
      1318.51  3.79237e-09  8.44519e-12
      1318.86  4.60194e-09  9.53856e-12
      1319.21  3.15975e-09  8.10478e-12
      1319.56  1.89874e-09  6.89701e-12
      1319.91  1.89588e-09  7.74952e-12
      1320.25  1.91766e-09  7.04766e-12
      1320.60  1.91793e-09  6.11295e-12
      1320.95  2.30330e-09  6.06120e-12
      1321.30  3.35795e-09  6.70200e-12
      1321.65  7.01087e-09  9.09377e-12
      1322.00  1.26701e-08  1.31052e-11
      1322.35  1.09169e-08  1.26571e-11
      1322.70  5.45410e-09  9.32412e-12
      1323.05  3.38898e-09  8.04956e-12
      1323.40  3.70695e-09  8.52729e-12
      1323.75  4.39184e-09  9.10164e-12
      1324.10  4.50435e-09  9.25212e-12
      1324.45  3.35367e-09  8.04292e-12
      1324.80  2.39151e-09  7.00227e-12
      