227
      1249.95  8.07257e-09  1.49882e-11
      1250.27  4.04075e-09  1.10304e-11
      1250.58  1.53118e-09  7.63581e-12
      1250.89  1.19687e-09  7.14957e-12
      1251.20  1.45944e-09  6.91405e-12
      1251.52  2.13402e-09  7.20523e-12
      1251.83  3.47976e-09  8.57121e-12
      1252.14  4.40578e-09  9.74257e-12
      1252.46  4.18587e-09  9.72499e-12
      1252.77  3.91825e-09  9.62650e-12
      1253.09  6.48729e-09  1.16956e-11
      1253.40  1.24319e-08  1.56973e-11
      1253.71  1.54305e-08  1.71884e-11
      1254.03  9.36354e-09  1.26336e-11
      1254.34  4.51620e-09  8.69648e-12
      1254.66  5.60122e-09  9.66618e-12
      1254.97  9.05236e-09  1.30794e-11
      1255.29  5.89828e-09  1.05465e-11
      1255.60  2.65847e-09  7.84829e-12
      1255.92  3.01724e-09  8.92513e-12
      1256.23  5.11522e-09  1.07918e-11
      1256.55  8.49340e-09  1.39167e-11
      1256.87  5.95033e-09  1.09663e-11
      1257.18  2.70542e-09  7.66696e-12
      1257.50  2.07178e-09  7.24161e-12
      1257.81  2.34126e-09  7.67311e-12
      1258.13  2.85374e-09  8.73815e-12
      1258.45  2.83871e-09  8.90165e-12
      1258.76  2.99965e-09  9.30408e-12
      1259.08  5.32310e-09  1.13679e-11
      1259.40  1.09643e-08  1.57729e-11
      1259.72  1.47857e-08  1.79266e-11
      1260.03  1.11254e-08  1.47841e-11
      1260.35  8.15749e-09  1.22006e-11
      1260.67  1.03272e-08  1.44208e-11
      1260.99  9.47185e-09  1.39272e-11
      1261.30  7.64321e-09  1.24145e-11
      1261.62  9.55855e-09  1.44668e-11
      1261.94  9.99905e-09  1.41961e-11
      1262.26  1.03867e-08  1.43474e-11
      1262.58  7.36706e-09  1.11708e-11
      1262.90  7.79210e-09  1.07654e-11
      1263.22  1.27152e-08  1.40392e-11
      1263.54  1.01727e-08  1.19085e-11
      1263.86  6.15622e-09  9.46838e-12
      1264.17  4.89047e-09  8.93472e-12
      1264.49  3.57291e-09  7.90260e-12
      1264.81  3.86722e-09  7.79290e-12
      1265.13  7.86819e-09  1.07124e-11
      1265.45  1.23509e-08  1.29019e-11
      1265.77  1.09843e-08  1.17500e-11
      1266.10  5.85920e-09  8.51249e-12
      1266.42  2.98184e-09  6.54926e-12
      1266.74  2.57910e-09  6.57331e-12
      1267.06  3.53011e-09  7.71242e-12
      1267.38  7.46353e-09  1.13983e-11
      1267.70  1.29758e-08  1.67388e-11
      1268.02  1.43930e-08  1.71469e-11
      1268.34  1.44009e-08  1.56358e-11
      1268.67  1.31034e-08  1.42139e-11
      1268.99  1.28635e-08  1.44441e-11
      1269.31  9.85860e-09  1.26711e-11
      1269.63  6.39288e-09  1.06189e-11
      1269.95  5.23448e-09  1.01298e-11
      1270.28  6.55569e-09  1.12116e-11
      1270.60  1.12014e-08  1.49701e-11
      1270.92  1.33243e-08  1.55425e-11
      1271.25  1.46489e-08  1.55649e-11
      1271.57  1.45138e-08  1.50937e-11
      1271.89  8.36059e-09  1.08114e-11
      1272.22  3.63310e-09  7.28170e-12
      1272.54  2.30846e-09  6.26248e-12
      1272.86  1.94397e-09  6.26536e-12
      1273.19  1.85188e-09  6.08919e-12
      1273.51  2.22822e-09  6.39441e-12
      1273.84  3.40690e-09  7.26685e-12
      1274.16  4.47208e-09  7.86279e-12
      1274.49  5.86680e-09  8.08198e-12
      1274.81  1.04489e-08  1.07556e-11
      1275.14  1.44198e-08  1.28718e-11
      1275.46  1.29438e-08  1.26843e-11
      1275.79  8.42956e-09  1.07699e-11
      1276.11  5.54096e-09  9.11349e-12
      1276.44  7.35012e-09  1.09195e-11
      1276.76  1.22618e-08  1.43714e-11
      1277.09  1.29472e-08  1.37482e-11
      1277.42  1.29898e-08  1.38240e-11
      1277.74  8.98728e-09  1.14949e-11
      1278.07  4.21178e-09  8.21912e-12
      1278.40  2.53136e-09  7.11521e-12
      1278.72  2.00224e-09  6.90201e-12
      1279.05  1.98502e-09  7.11353e-12
      1279.38  2.61350e-09  7.91970e-12
      1279.71  3.90327e-09  8.93771e-12
      1280.03  5.07208e-09  9.76607e-12
      1280.36  4.51252e-09  8.42837e-12
      1280.69  4.83963e-09  8.62186e-12
      1281.02  6.83523e-09  9.94357e-12
      1281.34  1.09572e-08  1.29480e-11
      1281.67  1.28396e-08  1.47269e-11
      1282.00  8.86346e-09  1.16126e-11
      1282.33  8.79812e-09  1.12986e-11
      1282.66  1.28656e-08  1.58201e-11
      1282.99  1.86911e-08  1.76328e-11
      1283.32  1.82849e-08  1.45119e-11
      1283.65  1.25998e-08  1.18832e-11
      1283.98  6.43917e-09  8.89654e-12
      1284.31  3.77356e-09  8.03849e-12
      1284.64  2.79707e-09  7.55536e-12
      1284.97  2.80973e-09  7.43010e-12
      1285.30  3.26937e-09  8.21576e-12
      1285.63  2.86174e-09  7.52241e-12
      1285.96  2.68048e-09  6.94549e-12
      1286.29  4.03084e-09  8.37832e-12
      1286.62  5.54639e-09  9.80430e-12
      1286.95  5.22616e-09  9.48969e-12
      1287.28  6.64391e-09  1.08595e-11
      1287.61  1.15780e-08  1.48564e-11
      1287.95  1.38650e-08  1.60725e-11
      1288.28  1.37536e-08  1.53953e-11
      1288.61  1.37380e-08  1.45953e-11
      1288.94  1.35133e-08  1.38939e-11
      1289.27  9.63370e-09  1.09702e-11
      1289.61  7.04199e-09  9.49309e-12
      1289.94  5.55674e-09  8.59662e-12
      1290.27  3.82689e-09  7.28373e-12
      1290.61  3.28501e-09  7.28013e-12
      1290.94  2.54040e-09  6.51987e-12
      1291.27  1.95898e-09  5.73208e-12
      1291.61  2.23839e-09  5.94264e-12
      1291.94  3.52115e-09  7.06841e-12
      1292.27  6.04199e-09  8.95939e-12
      1292.61  8.86702e-09  1.16855e-11
      1292.94  6.26896e-09  9.86497e-12
      1293.28  4.77001e-09  9.18519e-12
      1293.61  6.33785e-09  1.12010e-11
      1293.95  8.04973e-09  1.21717e-11
      1294.28  1.25641e-08  1.54655e-11
      1294.62  1.44625e-08  1.82237e-11
      1294.95  1.08035e-08  1.43878e-11
      1295.29  1.11679e-08  1.33466e-11
      1295.62  9.85219e-09  1.23690e-11
      1295.96  7.44702e-09  1.09123e-11
      1296.29  6.10263e-09  9.84576e-12
      1296.63  6.21288e-09  1.00320e-11
      1296.97  7.76032e-09  1.02705e-11
      1297.30  1.22673e-08  1.22110e-11
      1297.64  1.65550e-08  1.38941e-11
      1297.98  1.38987e-08  1.22353e-11
      1298.31  8.55384e-09  9.76393e-12
      1298.65  4.81389e-09  7.83118e-12
      1298.99  3.71976e-09  7.27882e-12
      1299.33  6.53411e-09  9.93388e-12
      1299.66  1.17059e-08  1.38195e-11
      1300.00  1.32053e-08  1.46932e-11
      1300.34  1.13162e-08  1.35345e-11
      1300.68  7.78977e-09  1.09399e-11
      1301.02  8.20007e-09  1.09622e-11
      1301.35  1.41424e-08  1.50736e-11
      1301.69  1.70580e-08  1.67470e-11
      1302.03  1.64172e-08  1.67479e-11
      1302.37  1.47187e-08  1.53905e-11
      1302.71  1.69738e-08  1.62774e-11
      1303.05  1.87524e-08  1.59658e-11
      1303.39  2.15525e-08  1.62167e-11
      1303.73  2.31816e-08  1.62499e-11
      1304.07  2.14552e-08  1.51926e-11
      1304.41  2.17974e-08  1.56215e-11
      1304.75  2.31827e-08  1.65610e-11
      1305.09  2.44353e-08  1.76062e-11
      1305.43  2.91699e-08  1.98497e-11
      1305.77  3.48615e-08  2.19451e-11
      1306.11  3.46916e-08  2.21201e-11
      1306.46  2.28311e-08  1.76452e-11
      1306.80  1.06895e-08  1.21227e-11
      1307.14  5.43608e-09  9.34338e-12
      1307.48  3.67110e-09  8.38085e-12
      1307.82  2.93590e-09  7.86240e-12
      1308.16  2.98448e-09  7.90431e-12
      1308.51  3.56467e-09  8.59635e-12
      1308.85  2.87568e-09  7.27448e-12
      1309.19  2.11454e-09  6.16128e-12
      1309.53  1.94862e-09  5.66811e-12
      1309.88  1.91518e-09  5.46542e-12
      1310.22  2.06052e-09  5.64630e-12
      1310.56  2.63337e-09  6.23055e-12
      1310.91  4.81188e-09  8.04169e-12
      1311.25  9.30538e-09  1.16596e-11
      1311.60  9.18438e-09  1.13088e-11
      1311.94  5.21240e-09  8.44754e-12
      1312.28  2.70907e-09  6.42343e-12
      1312.63  1.90477e-09  5.72612e-12
      1312.97  1.66773e-09  5.68407e-12
      1313.32  2.21602e-09  6.68532e-12
      1313.66  3.63279e-09  8.93960e-12
      1314.01  3.02370e-09  8.18958e-12
      1314.35  1.74592e-09  6.58665e-12
      1314.70  1.37823e-09  5.79606e-12
      1315.05  1.38618e-09  5.40311e-12
      1315.39  1.54563e-09  5.20125e-12
      1315.74  1.94643e-09  5.56629e-12
      1316.08  2.95315e-09  6.53080e-12
      1316.43  5.99892e-09  8.94108e-12
      1316.78  1.02917e-08  1.21150e-11
      1317.12  8.16728e-09  1.06262e-11
      1317.47  3.75224e-09  7.26440e-12
      1317.82  2.24199e-09  6.10607e-12
      1318.17  2.34523e-09  6.00724e-12
      1318.51  3.80551e-09  7.86781e-12
      1318.86  4.64287e-09  9.03389e-12
      1319.21  3.17591e-09  7.88250e-12
      1319.56  1.89500e-09  7.32205e-12
      1319.91  1.81473e-09  8.44378e-12
      1320.25  1.88853e-09  8.07340e-12
      1320.60  1.91093e-09  6.64187e-12
      1320.95  2.30258e-09  6.56143e-12
      1321.30  3.35482e-09  7.10209e-12
      1321.65  6.97711e-09  9.38611e-12
      1322.00  1.26857e-08  1.30777e-11
      1322.35  1.09405e-08  1.21242e-11
      1322.70  5.43991e-09  8.58657e-12
      1323.05  3.38187e-09  7.21111e-12
      1323.40  3.69252e-09  7.64311e-12
      1323.75  4.38410e-09  8.06566e-12
      1324.10  4.51004e-09  8.30117e-12
      1324.45  3.36078e-09  7.41014e-12
      1324.80  2.39277e-09  6.73852e-12
      