227
      1249.95  7.83836e-09  1.08856e-11
      1250.27  3.93264e-09  8.08349e-12
      1250.58  1.57747e-09  6.34183e-12
      1250.89  1.18426e-09  6.29499e-12
      1251.20  1.44833e-09  6.37047e-12
      1251.52  2.09138e-09  6.47974e-12
      1251.83  3.44541e-09  7.85655e-12
      1252.14  4.34056e-09  8.94933e-12
      1252.46  4.09622e-09  9.16973e-12
      1252.77  3.73149e-09  8.92935e-12
      1253.09  6.31715e-09  1.10871e-11
      1253.40  1.22876e-08  1.50383e-11
      1253.71  1.53034e-08  1.66993e-11
      1254.03  9.00181e-09  1.19949e-11
      1254.34  4.28970e-09  8.14934e-12
      1254.66  5.39863e-09  9.42780e-12
      1254.97  8.19865e-09  1.29991e-11
      1255.29  5.59024e-09  1.04407e-11
      1255.60  2.69025e-09  7.38604e-12
      1255.92  3.00825e-09  8.04109e-12
      1256.23  5.15328e-09  9.77993e-12
      1256.55  7.94705e-09  1.22213e-11
      1256.87  5.72307e-09  9.84576e-12
      1257.18  2.69582e-09  6.78241e-12
      1257.50  2.03174e-09  5.99695e-12
      1257.81  2.29983e-09  6.48603e-12
      1258.13  2.77463e-09  7.09518e-12
      1258.45  2.75451e-09  7.57355e-12
      1258.76  2.84602e-09  7.36852e-12
      1259.08  5.29730e-09  9.26322e-12
      1259.40  1.10956e-08  1.20367e-11
      1259.72  1.46170e-08  1.30786e-11
      1260.03  1.06172e-08  1.04584e-11
      1260.35  7.75091e-09  8.56094e-12
      1260.67  1.03462e-08  1.04336e-11
      1260.99  9.28611e-09  9.83244e-12
      1261.30  7.27095e-09  8.62879e-12
      1261.62  9.48930e-09  1.02543e-11
      1261.94  9.76478e-09  1.00955e-11
      1262.26  9.93917e-09  1.12608e-11
      1262.58  6.94127e-09  8.55024e-12
      1262.90  7.67766e-09  8.13961e-12
      1263.22  1.19391e-08  1.12967e-11
      1263.54  9.80642e-09  1.07700e-11
      1263.86  6.03325e-09  8.62402e-12
      1264.17  4.71610e-09  8.32380e-12
      1264.49  3.51099e-09  7.75028e-12
      1264.81  3.87919e-09  9.17265e-12
      1265.13  8.42093e-09  1.16606e-11
      1265.45  1.20850e-08  1.24066e-11
      1265.77  1.05719e-08  1.12639e-11
      1266.10  5.65783e-09  8.08531e-12
      1266.42  2.93758e-09  6.21981e-12
      1266.74  2.53232e-09  6.20746e-12
      1267.06  3.36144e-09  7.54150e-12
      1267.38  7.68891e-09  1.09969e-11
      1267.70  1.36294e-08  1.42452e-11
      1268.02  1.42751e-08  1.34832e-11
      1268.34  1.41632e-08  1.39762e-11
      1268.67  1.24910e-08  1.22268e-11
      1268.99  1.26320e-08  1.16515e-11
      1269.31  9.53240e-09  9.93665e-12
      1269.63  6.10046e-09  8.08035e-12
      1269.95  5.10578e-09  7.55910e-12
      1270.28  6.42757e-09  8.14958e-12
      1270.60  1.10313e-08  1.06542e-11
      1270.92  1.31145e-08  1.08904e-11
      1271.25  1.42936e-08  1.07876e-11
      1271.57  1.39760e-08  1.05105e-11
      1271.89  8.16673e-09  7.79634e-12
      1272.22  3.58321e-09  5.37140e-12
      1272.54  2.26692e-09  4.74293e-12
      1272.86  1.90477e-09  4.69582e-12
      1273.19  1.82148e-09  5.02514e-12
      1273.51  2.20489e-09  5.65927e-12
      1273.84  3.35731e-09  6.61727e-12
      1274.16  4.37137e-09  7.17036e-12
      1274.49  5.79705e-09  7.74085e-12
      1274.81  1.03552e-08  1.05199e-11
      1275.14  1.41335e-08  1.26284e-11
      1275.46  1.25607e-08  1.22420e-11
      1275.79  8.15197e-09  1.01819e-11
      1276.11  5.36752e-09  8.71969e-12
      1276.44  7.23153e-09  1.00715e-11
      1276.76  1.21198e-08  1.28759e-11
      1277.09  1.24531e-08  1.21121e-11
      1277.42  1.25537e-08  1.29548e-11
      1277.74  8.31154e-09  1.00152e-11
      1278.07  4.00240e-09  6.67949e-12
      1278.40  2.44526e-09  5.73143e-12
      1278.72  1.95554e-09  5.29658e-12
      1279.05  1.93253e-09  5.14922e-12
      1279.38  2.54464e-09  5.60582e-12
      1279.71  3.78385e-09  6.12997e-12
      1280.03  4.96179e-09  6.69118e-12
      1280.36  4.45671e-09  6.00144e-12
      1280.69  4.66174e-09  6.41196e-12
      1281.02  6.32542e-09  7.50449e-12
      1281.34  9.23868e-09  8.94898e-12
      1281.67  1.12459e-08  1.05327e-11
      1282.00  8.82034e-09  9.86592e-12
      1282.33  8.96756e-09  1.02431e-11
      1282.66  1.39060e-08  1.26496e-11
      1282.99  1.75961e-08  1.48367e-11
      1283.32  1.73694e-08  1.63389e-11
      1283.65  1.26394e-08  1.41225e-11
      1283.98  5.86197e-09  8.81772e-12
      1284.31  3.61343e-09  7.13194e-12
      1284.64  2.75877e-09  6.83986e-12
      1284.97  2.74524e-09  6.82049e-12
      1285.30  3.18679e-09  7.09484e-12
      1285.63  2.75766e-09  6.21077e-12
      1285.96  2.58374e-09  5.60247e-12
      1286.29  3.91306e-09  6.48003e-12
      1286.62  5.53291e-09  8.02616e-12
      1286.95  5.17986e-09  7.98663e-12
      1287.28  6.67164e-09  8.52325e-12
      1287.61  1.15209e-08  1.06406e-11
      1287.95  1.35929e-08  1.11659e-11
      1288.28  1.35088e-08  1.07292e-11
      1288.61  1.34315e-08  1.02171e-11
      1288.94  1.35350e-08  1.02908e-11
      1289.27  9.41843e-09  8.44623e-12
      1289.61  6.84783e-09  8.06752e-12
      1289.94  5.43964e-09  8.00587e-12
      1290.27  3.67341e-09  6.85768e-12
      1290.61  3.22312e-09  6.98721e-12
      1290.94  2.51049e-09  6.27190e-12
      1291.27  1.90290e-09  5.65182e-12
      1291.61  2.10539e-09  5.84455e-12
      1291.94  3.54961e-09  7.48655e-12
      1292.27  5.84683e-09  8.45513e-12
      1292.61  8.43263e-09  1.02858e-11
      1292.94  6.29253e-09  8.68378e-12
      1293.28  4.65699e-09  7.53683e-12
      1293.61  6.05834e-09  9.07812e-12
      1293.95  8.25265e-09  9.07948e-12
      1294.28  1.20531e-08  1.11760e-11
      1294.62  1.34884e-08  1.14338e-11
      1294.95  1.14410e-08  1.04633e-11
      1295.29  1.08097e-08  1.02727e-11
      1295.62  9.18032e-09  9.05210e-12
      1295.96  6.77779e-09  7.51212e-12
      1296.29  5.85063e-09  7.25257e-12
      1296.63  6.06511e-09  7.60963e-12
      1296.97  7.51531e-09  8.79730e-12
      1297.30  1.19613e-08  1.12596e-11
      1297.64  1.60093e-08  1.30734e-11
      1297.98  1.35868e-08  1.19476e-11
      1298.31  8.52700e-09  9.67183e-12
      1298.65  4.88920e-09  8.21330e-12
      1298.99  3.66379e-09  8.82481e-12
      1299.33  6.65912e-09  1.16517e-11
      1299.66  1.18243e-08  1.31452e-11
      1300.00  1.28255e-08  1.19653e-11
      1300.34  1.11382e-08  1.06918e-11
      1300.68  7.57730e-09  8.35602e-12
      1301.02  7.75377e-09  8.05524e-12
      1301.35  1.38361e-08  1.11434e-11
      1301.69  1.66154e-08  1.18659e-11
      1302.03  1.62664e-08  1.18222e-11
      1302.37  1.41534e-08  1.04754e-11
      1302.71  1.67924e-08  1.15514e-11
      1303.05  1.82131e-08  1.15075e-11
      1303.39  2.10622e-08  1.26583e-11
      1303.73  2.29005e-08  1.43396e-11
      1304.07  2.08242e-08  1.45487e-11
      1304.41  2.11680e-08  1.52870e-11
      1304.75  2.26868e-08  1.62793e-11
      1305.09  2.34659e-08  1.69599e-11
      1305.43  2.79977e-08  1.89800e-11
      1305.77  3.37432e-08  2.00265e-11
      1306.11  3.42513e-08  1.94981e-11
      1306.46  2.28403e-08  1.51987e-11
      1306.80  1.05400e-08  1.00557e-11
      1307.14  5.31454e-09  7.39869e-12
      1307.48  3.61125e-09  6.30790e-12
      1307.82  2.89664e-09  5.66868e-12
      1308.16  2.88529e-09  5.43672e-12
      1308.51  3.42550e-09  5.70258e-12
      1308.85  2.93798e-09  5.21925e-12
      1309.19  2.10636e-09  4.51086e-12
      1309.53  1.91894e-09  4.34706e-12
      1309.88  1.88711e-09  4.62986e-12
      1310.22  2.01758e-09  5.28360e-12
      1310.56  2.60503e-09  6.13944e-12
      1310.91  4.68080e-09  7.83560e-12
      1311.25  8.50176e-09  1.08994e-11
      1311.60  8.84027e-09  1.11158e-11
      1311.94  5.33271e-09  8.20105e-12
      1312.28  2.79130e-09  5.96569e-12
      1312.63  1.90756e-09  5.13813e-12
      1312.97  1.65571e-09  4.87514e-12
      1313.32  2.16971e-09  5.36306e-12
      1313.66  3.38858e-09  6.37353e-12
      1314.01  3.01745e-09  5.83381e-12
      1314.35  1.80196e-09  4.49690e-12
      1314.70  1.37622e-09  3.95566e-12
      1315.05  1.35892e-09  3.85869e-12
      1315.39  1.51610e-09  4.02034e-12
      1315.74  1.87886e-09  4.50650e-12
      1316.08  2.79821e-09  5.86027e-12
      1316.43  5.74252e-09  8.64081e-12
      1316.78  9.49060e-09  1.27123e-11
      1317.12  7.61678e-09  1.23239e-11
      1317.47  3.65556e-09  7.64790e-12
      1317.82  2.23229e-09  5.84778e-12
      1318.17  2.24716e-09  5.52478e-12
      1318.51  3.63474e-09  6.79218e-12
      1318.86  4.50771e-09  7.56848e-12
      1319.21  3.16351e-09  6.33897e-12
      1319.56  1.88767e-09  5.00793e-12
      1319.91  1.86255e-09  5.00205e-12
      1320.25  1.88635e-09  4.75994e-12
      1320.60  1.86979e-09  4.46555e-12
      1320.95  2.24274e-09  4.61244e-12
      1321.30  3.16896e-09  5.33887e-12
      1321.65  6.18843e-09  7.52759e-12
      1322.00  1.19373e-08  1.32011e-11
      1322.35  9.92661e-09  1.27577e-11
      1322.70  5.38109e-09  8.39793e-12
      1323.05  3.33672e-09  6.90465e-12
      1323.40  3.57630e-09  7.31460e-12
      1323.75  4.25041e-09  7.49582e-12
      1324.10  4.47185e-09  7.55636e-12
      1324.45  3.33471e-09  6.40442e-12
      1324.80  2.35789e-09  5.56919e-12
      