227
      1249.95  9.98833e-09  1.34761e-11
      1250.27  4.65019e-09  9.66308e-12
      1250.58  1.35378e-09  6.63175e-12
      1250.89  9.02807e-10  5.97312e-12
      1251.20  1.29254e-09  6.00950e-12
      1251.52  2.24705e-09  6.59212e-12
      1251.83  4.08544e-09  8.20366e-12
      1252.14  5.36272e-09  9.32955e-12
      1252.46  5.13062e-09  9.25220e-12
      1252.77  4.80275e-09  9.08830e-12
      1253.09  8.23564e-09  1.13235e-11
      1253.40  1.58388e-08  1.49578e-11
      1253.71  1.94933e-08  1.62098e-11
      1254.03  1.16454e-08  1.16843e-11
      1254.34  5.55409e-09  8.14193e-12
      1254.66  7.06666e-09  9.00077e-12
      1254.97  1.15667e-08  1.21538e-11
      1255.29  7.31278e-09  9.72909e-12
      1255.60  3.09215e-09  7.16124e-12
      1255.92  3.63396e-09  7.95565e-12
      1256.23  6.43839e-09  9.59874e-12
      1256.55  1.06582e-08  1.22682e-11
      1256.87  7.37074e-09  9.59476e-12
      1257.18  3.12863e-09  6.63087e-12
      1257.50  2.23719e-09  6.37747e-12
      1257.81  2.66583e-09  6.98199e-12
      1258.13  3.41851e-09  8.10374e-12
      1258.45  3.29031e-09  7.60004e-12
      1258.76  3.53050e-09  7.75146e-12
      1259.08  6.61195e-09  9.74247e-12
      1259.40  1.37194e-08  1.31592e-11
      1259.72  1.83419e-08  1.48420e-11
      1260.03  1.36578e-08  1.22324e-11
      1260.35  1.00719e-08  1.03279e-11
      1260.67  1.29130e-08  1.23396e-11
      1260.99  1.17405e-08  1.19514e-11
      1261.30  9.39383e-09  1.07878e-11
      1261.62  1.19487e-08  1.27853e-11
      1261.94  1.23650e-08  1.25785e-11
      1262.26  1.28002e-08  1.28102e-11
      1262.58  9.13374e-09  9.96606e-12
      1262.90  9.78658e-09  9.91914e-12
      1263.22  1.55308e-08  1.28713e-11
      1263.54  1.25461e-08  1.12687e-11
      1263.86  7.70619e-09  9.15848e-12
      1264.17  6.04581e-09  8.75227e-12
      1264.49  4.35376e-09  7.58891e-12
      1264.81  4.85029e-09  7.61980e-12
      1265.13  1.00954e-08  1.01835e-11
      1265.45  1.56664e-08  1.21624e-11
      1265.77  1.38114e-08  1.09784e-11
      1266.10  7.30498e-09  7.91507e-12
      1266.42  3.63355e-09  6.10987e-12
      1266.74  3.08465e-09  6.09519e-12
      1267.06  4.34110e-09  7.03188e-12
      1267.38  9.54978e-09  9.96690e-12
      1267.70  1.75734e-08  1.37551e-11
      1268.02  1.86152e-08  1.33347e-11
      1268.34  1.83041e-08  1.30213e-11
      1268.67  1.64052e-08  1.17094e-11
      1268.99  1.63121e-08  1.20257e-11
      1269.31  1.23686e-08  1.06036e-11
      1269.63  7.94939e-09  8.99360e-12
      1269.95  6.55532e-09  8.66374e-12
      1270.28  8.19977e-09  9.56336e-12
      1270.60  1.38832e-08  1.26423e-11
      1270.92  1.65424e-08  1.31682e-11
      1271.25  1.80295e-08  1.31679e-11
      1271.57  1.76053e-08  1.29191e-11
      1271.89  1.01819e-08  9.54117e-12
      1272.22  4.33284e-09  6.67612e-12
      1272.54  2.58397e-09  5.84788e-12
      1272.86  2.08493e-09  5.69655e-12
      1273.19  1.97883e-09  5.83119e-12
      1273.51  2.52302e-09  6.43986e-12
      1273.84  4.12299e-09  7.17993e-12
      1274.16  5.51659e-09  7.50097e-12
      1274.49  7.44002e-09  7.82567e-12
      1274.81  1.33529e-08  1.03079e-11
      1275.14  1.83383e-08  1.22366e-11
      1275.46  1.64366e-08  1.18560e-11
      1275.79  1.07268e-08  9.92150e-12
      1276.11  6.99372e-09  8.37032e-12
      1276.44  9.33612e-09  9.50057e-12
      1276.76  1.58489e-08  1.25530e-11
      1277.09  1.63410e-08  1.18457e-11
      1277.42  1.65048e-08  1.18992e-11
      1277.74  1.12088e-08  9.72881e-12
      1278.07  5.05447e-09  6.89781e-12
      1278.40  2.88001e-09  6.05793e-12
      1278.72  2.18674e-09  5.83222e-12
      1279.05  2.16775e-09  6.00933e-12
      1279.38  2.98092e-09  6.71306e-12
      1279.71  4.60773e-09  7.57031e-12
      1280.03  6.11007e-09  8.33418e-12
      1280.36  5.49205e-09  7.46055e-12
      1280.69  5.86898e-09  7.69407e-12
      1281.02  7.81507e-09  8.72990e-12
      1281.34  1.17159e-08  1.09261e-11
      1281.67  1.42957e-08  1.26048e-11
      1282.00  1.09504e-08  1.07335e-11
      1282.33  1.14209e-08  1.06523e-11
      1282.66  1.79139e-08  1.29592e-11
      1282.99  2.28455e-08  1.38965e-11
      1283.32  2.27289e-08  1.34623e-11
      1283.65  1.57602e-08  1.10282e-11
      1283.98  8.16157e-09  8.18448e-12
      1284.31  4.63394e-09  6.79324e-12
      1284.64  3.43389e-09  6.40254e-12
      1284.97  3.39300e-09  6.50113e-12
      1285.30  4.07239e-09  7.18758e-12
      1285.63  3.42439e-09  6.47249e-12
      1285.96  3.13231e-09  5.86317e-12
      1286.29  4.89530e-09  6.91925e-12
      1286.62  6.88800e-09  8.19668e-12
      1286.95  6.45959e-09  7.94825e-12
      1287.28  8.22714e-09  9.11260e-12
      1287.61  1.43674e-08  1.25961e-11
      1287.95  1.71775e-08  1.37151e-11
      1288.28  1.70781e-08  1.33929e-11
      1288.61  1.70659e-08  1.29003e-11
      1288.94  1.66535e-08  1.24747e-11
      1289.27  1.19621e-08  1.01749e-11
      1289.61  8.77454e-09  8.93306e-12
      1289.94  6.91959e-09  8.24133e-12
      1290.27  4.69818e-09  7.08855e-12
      1290.61  3.96002e-09  7.02872e-12
      1290.94  2.97457e-09  6.24208e-12
      1291.27  2.20000e-09  5.46480e-12
      1291.61  2.60667e-09  5.47185e-12
      1291.94  4.40082e-09  6.36914e-12
      1292.27  7.71991e-09  7.96351e-12
      1292.61  1.12003e-08  1.00834e-11
      1292.94  7.90144e-09  8.61745e-12
      1293.28  6.10516e-09  8.57755e-12
      1293.61  8.54470e-09  1.07204e-11
      1293.95  1.03186e-08  1.05129e-11
      1294.28  1.57823e-08  1.27451e-11
      1294.62  1.75830e-08  1.29289e-11
      1294.95  1.43316e-08  1.11372e-11
      1295.29  1.40001e-08  1.13983e-11
      1295.62  1.19067e-08  1.05923e-11
      1295.96  8.55529e-09  9.31695e-12
      1296.29  7.43214e-09  9.02866e-12
      1296.63  7.87494e-09  9.31211e-12
      1296.97  9.88282e-09  9.89791e-12
      1297.30  1.53790e-08  1.16399e-11
      1297.64  2.06456e-08  1.31520e-11
      1297.98  1.75940e-08  1.16620e-11
      1298.31  1.10745e-08  9.30277e-12
      1298.65  6.24622e-09  7.29854e-12
      1298.99  4.78833e-09  6.68241e-12
      1299.33  8.36195e-09  8.80093e-12
      1299.66  1.48244e-08  1.18687e-11
      1300.00  1.67339e-08  1.23177e-11
      1300.34  1.43360e-08  1.13273e-11
      1300.68  9.91384e-09  9.11010e-12
      1301.02  1.02826e-08  9.16373e-12
      1301.35  1.75127e-08  1.25509e-11
      1301.69  2.09950e-08  1.40371e-11
      1302.03  2.01765e-08  1.42030e-11
      1302.37  1.80071e-08  1.32655e-11
      1302.71  2.06986e-08  1.44326e-11
      1303.05  2.27974e-08  1.43435e-11
      1303.39  2.61661e-08  1.47820e-11
      1303.73  2.81423e-08  1.49560e-11
      1304.07  2.62445e-08  1.41485e-11
      1304.41  2.67979e-08  1.45649e-11
      1304.75  2.85228e-08  1.52929e-11
      1305.09  3.00278e-08  1.57743e-11
      1305.43  3.55962e-08  1.73025e-11
      1305.77  4.20261e-08  1.86097e-11
      1306.11  4.18985e-08  1.85651e-11
      1306.46  2.79033e-08  1.47194e-11
      1306.80  1.35503e-08  1.04495e-11
      1307.14  7.17052e-09  8.20497e-12
      1307.48  4.54079e-09  7.34062e-12
      1307.82  3.60916e-09  6.63391e-12
      1308.16  3.60721e-09  6.80874e-12
      1308.51  4.33105e-09  7.52645e-12
      1308.85  3.47132e-09  6.45832e-12
      1309.19  2.43291e-09  5.50518e-12
      1309.53  2.20417e-09  5.35751e-12
      1309.88  2.18424e-09  5.22230e-12
      1310.22  2.39744e-09  5.35687e-12
      1310.56  3.20538e-09  6.03249e-12
      1310.91  6.05456e-09  7.73066e-12
      1311.25  1.14863e-08  1.06118e-11
      1311.60  1.16377e-08  1.03394e-11
      1311.94  6.78795e-09  7.71424e-12
      1312.28  3.42461e-09  5.69894e-12
      1312.63  2.23447e-09  4.97494e-12
      1312.97  1.86960e-09  4.85889e-12
      1313.32  2.59043e-09  5.60433e-12
      1313.66  4.37078e-09  7.45082e-12
      1314.01  3.62178e-09  6.98255e-12
      1314.35  1.96065e-09  5.55719e-12
      1314.70  1.43212e-09  4.90999e-12
      1315.05  1.42117e-09  4.72548e-12
      1315.39  1.65316e-09  4.79863e-12
      1315.74  2.20150e-09  5.15693e-12
      1316.08  3.56341e-09  6.16460e-12
      1316.43  7.47467e-09  8.48877e-12
      1316.78  1.27484e-08  1.13839e-11
      1317.12  1.01767e-08  1.00270e-11
      1317.47  4.76255e-09  6.91029e-12
      1317.82  2.73429e-09  5.42379e-12
      1318.17  2.81391e-09  5.28218e-12
      1318.51  4.78824e-09  6.75858e-12
      1318.86  5.92453e-09  7.66723e-12
      1319.21  3.90334e-09  6.60171e-12
      1319.56  2.16623e-09  5.50089e-12
      1319.91  2.17938e-09  5.91373e-12
      1320.25  2.18633e-09  5.90829e-12
      1320.60  2.16640e-09  5.64156e-12
      1320.95  2.71049e-09  5.81184e-12
      1321.30  4.04159e-09  6.39385e-12
      1321.65  8.43666e-09  8.63944e-12
      1322.00  1.57827e-08  1.21906e-11
      1322.35  1.36842e-08  1.13156e-11
      1322.70  6.84344e-09  8.14659e-12
      1323.05  4.22378e-09  6.73796e-12
      1323.40  4.71138e-09  7.15259e-12
      1323.75  5.67310e-09  7.37274e-12
      1324.10  5.88783e-09  7.37573e-12
      1324.45  4.23404e-09  6.24650e-12
      1324.80  2.89240e-09  5.62515e-12
      