227
      1249.95  1.13947e-08  1.42341e-11
      1250.27  5.57019e-09  1.01882e-11
      1250.58  1.89608e-09  6.85174e-12
      1250.89  1.32739e-09  6.14068e-12
      1251.20  1.74754e-09  6.39071e-12
      1251.52  2.75814e-09  6.98074e-12
      1251.83  4.85538e-09  8.93300e-12
      1252.14  6.30756e-09  1.01939e-11
      1252.46  6.03156e-09  1.02107e-11
      1252.77  5.61085e-09  9.91757e-12
      1253.09  9.32327e-09  1.19208e-11
      1253.40  1.76178e-08  1.55175e-11
      1253.71  2.16732e-08  1.67714e-11
      1254.03  1.32882e-08  1.24408e-11
      1254.34  6.55229e-09  8.75009e-12
      1254.66  8.13887e-09  9.78654e-12
      1254.97  1.26166e-08  1.30156e-11
      1255.29  8.43427e-09  1.06389e-11
      1255.60  3.87342e-09  7.72498e-12
      1255.92  4.33960e-09  8.33089e-12
      1256.23  7.51684e-09  9.74251e-12
      1256.55  1.20652e-08  1.20912e-11
      1256.87  8.46964e-09  9.50755e-12
      1257.18  3.81503e-09  6.41796e-12
      1257.50  2.86680e-09  5.83294e-12
      1257.81  3.32879e-09  6.14753e-12
      1258.13  4.19392e-09  7.11567e-12
      1258.45  4.15554e-09  7.12833e-12
      1258.76  4.35709e-09  7.16053e-12
      1259.08  7.73330e-09  8.83926e-12
      1259.40  1.58139e-08  1.21981e-11
      1259.72  2.12493e-08  1.40880e-11
      1260.03  1.56786e-08  1.19377e-11
      1260.35  1.13519e-08  1.02803e-11
      1260.67  1.45232e-08  1.26289e-11
      1260.99  1.34635e-08  1.25266e-11
      1261.30  1.08049e-08  1.13148e-11
      1261.62  1.32750e-08  1.30593e-11
      1261.94  1.41221e-08  1.29490e-11
      1262.26  1.41422e-08  1.29462e-11
      1262.58  1.07276e-08  1.05977e-11
      1262.90  1.14354e-08  1.04279e-11
      1263.22  1.70051e-08  1.32135e-11
      1263.54  1.42416e-08  1.21562e-11
      1263.86  9.12592e-09  1.00543e-11
      1264.17  7.10417e-09  9.49411e-12
      1264.49  5.21767e-09  8.12945e-12
      1264.81  5.72425e-09  7.93956e-12
      1265.13  1.13767e-08  1.04380e-11
      1265.45  1.74828e-08  1.26300e-11
      1265.77  1.54493e-08  1.16574e-11
      1266.10  8.33217e-09  8.53916e-12
      1266.42  4.32707e-09  6.69056e-12
      1266.74  3.68893e-09  6.55261e-12
      1267.06  5.00245e-09  7.31550e-12
      1267.38  1.06192e-08  9.95347e-12
      1267.70  1.98778e-08  1.38134e-11
      1268.02  2.08088e-08  1.30842e-11
      1268.34  2.05128e-08  1.22120e-11
      1268.67  1.86714e-08  1.11098e-11
      1268.99  1.87982e-08  1.14375e-11
      1269.31  1.44508e-08  1.02439e-11
      1269.63  9.47464e-09  8.78644e-12
      1269.95  7.83586e-09  8.50957e-12
      1270.28  9.45842e-09  9.25829e-12
      1270.60  1.57285e-08  1.23305e-11
      1270.92  1.85821e-08  1.28121e-11
      1271.25  2.01411e-08  1.31319e-11
      1271.57  1.97684e-08  1.32612e-11
      1271.89  1.16710e-08  1.02806e-11
      1272.22  5.15413e-09  7.42612e-12
      1272.54  3.20037e-09  6.61960e-12
      1272.86  2.64239e-09  6.29027e-12
      1273.19  2.50336e-09  6.13380e-12
      1273.51  3.07995e-09  6.36326e-12
      1273.84  4.84481e-09  7.11636e-12
      1274.16  6.42792e-09  7.68865e-12
      1274.49  8.40519e-09  8.28779e-12
      1274.81  1.48248e-08  1.12387e-11
      1275.14  2.03459e-08  1.35423e-11
      1275.46  1.83289e-08  1.31862e-11
      1275.79  1.21133e-08  1.08082e-11
      1276.11  8.00805e-09  8.77908e-12
      1276.44  1.04808e-08  9.57636e-12
      1276.76  1.75813e-08  1.22757e-11
      1277.09  1.83473e-08  1.17265e-11
      1277.42  1.85354e-08  1.20851e-11
      1277.74  1.22778e-08  9.29357e-12
      1278.07  5.93164e-09  6.80125e-12
      1278.40  3.69186e-09  5.91376e-12
      1278.72  2.84676e-09  5.66551e-12
      1279.05  2.78761e-09  5.80413e-12
      1279.38  3.66397e-09  6.34813e-12
      1279.71  5.43470e-09  7.27560e-12
      1280.03  7.08455e-09  8.12541e-12
      1280.36  6.48850e-09  7.66038e-12
      1280.69  6.81179e-09  8.17537e-12
      1281.02  8.96569e-09  9.59954e-12
      1281.34  1.31778e-08  1.19175e-11
      1281.67  1.58414e-08  1.32870e-11
      1282.00  1.25974e-08  1.15128e-11
      1282.33  1.30410e-08  1.10694e-11
      1282.66  1.97790e-08  1.32719e-11
      1282.99  2.49931e-08  1.43713e-11
      1283.32  2.48241e-08  1.41997e-11
      1283.65  1.75843e-08  1.20845e-11
      1283.98  9.45501e-09  9.14413e-12
      1284.31  5.48408e-09  7.44217e-12
      1284.64  4.08601e-09  6.75501e-12
      1284.97  4.04399e-09  6.60906e-12
      1285.30  4.82030e-09  7.17060e-12
      1285.63  4.09904e-09  6.27755e-12
      1285.96  3.91764e-09  5.54630e-12
      1286.29  5.95281e-09  6.62045e-12
      1286.62  8.23372e-09  8.01717e-12
      1286.95  7.59803e-09  7.84489e-12
      1287.28  9.37270e-09  9.10895e-12
      1287.61  1.62775e-08  1.27892e-11
      1287.95  1.91936e-08  1.37520e-11
      1288.28  1.90623e-08  1.34819e-11
      1288.61  1.89537e-08  1.30615e-11
      1288.94  1.87404e-08  1.32659e-11
      1289.27  1.33954e-08  1.08616e-11
      1289.61  1.00090e-08  9.76662e-12
      1289.94  8.05156e-09  9.18047e-12
      1290.27  5.51720e-09  7.87335e-12
      1290.61  4.70692e-09  7.57701e-12
      1290.94  3.60219e-09  6.55718e-12
      1291.27  2.66955e-09  5.56236e-12
      1291.61  3.09728e-09  5.54279e-12
      1291.94  5.06647e-09  6.65788e-12
      1292.27  8.67147e-09  8.34149e-12
      1292.61  1.25089e-08  1.06484e-11
      1292.94  9.19099e-09  9.01238e-12
      1293.28  7.10238e-09  8.19325e-12
      1293.61  9.51614e-09  9.13427e-12
      1293.95  1.20102e-08  9.65190e-12
      1294.28  1.79768e-08  1.16472e-11
      1294.62  1.99946e-08  1.22302e-11
      1294.95  1.63833e-08  1.09436e-11
      1295.29  1.58474e-08  1.15300e-11
      1295.62  1.35445e-08  1.11334e-11
      1295.96  9.81506e-09  1.00097e-11
      1296.29  8.49624e-09  9.71927e-12
      1296.63  8.86197e-09  9.97965e-12
      1296.97  1.08511e-08  1.05026e-11
      1297.30  1.69663e-08  1.21656e-11
      1297.64  2.30827e-08  1.38847e-11
      1297.98  1.97775e-08  1.25370e-11
      1298.31  1.25787e-08  1.02164e-11
      1298.65  7.18234e-09  7.99196e-12
      1298.99  5.42616e-09  7.11575e-12
      1299.33  9.15815e-09  9.07977e-12
      1299.66  1.64897e-08  1.21218e-11
      1300.00  1.88360e-08  1.24940e-11
      1300.34  1.64212e-08  1.14333e-11
      1300.68  1.13203e-08  8.83305e-12
      1301.02  1.16330e-08  8.95060e-12
      1301.35  1.97980e-08  1.24273e-11
      1301.69  2.36422e-08  1.41074e-11
      1302.03  2.26032e-08  1.44170e-11
      1302.37  1.99249e-08  1.34506e-11
      1302.71  2.26861e-08  1.46185e-11
      1303.05  2.50127e-08  1.49627e-11
      1303.39  2.82377e-08  1.57106e-11
      1303.73  3.04963e-08  1.64564e-11
      1304.07  2.86221e-08  1.57291e-11
      1304.41  2.93089e-08  1.59049e-11
      1304.75  3.11979e-08  1.67960e-11
      1305.09  3.25738e-08  1.71228e-11
      1305.43  3.80686e-08  1.82296e-11
      1305.77  4.48355e-08  1.91606e-11
      1306.11  4.50363e-08  1.87222e-11
      1306.46  3.11760e-08  1.52275e-11
      1306.80  1.55803e-08  1.07825e-11
      1307.14  8.08583e-09  7.97728e-12
      1307.48  5.53752e-09  7.02927e-12
      1307.82  4.47667e-09  6.55901e-12
      1308.16  4.37011e-09  6.64349e-12
      1308.51  5.12473e-09  7.27408e-12
      1308.85  4.20825e-09  6.54124e-12
      1309.19  2.98468e-09  5.56584e-12
      1309.53  2.71488e-09  5.47750e-12
      1309.88  2.67478e-09  5.64331e-12
      1310.22  2.89954e-09  5.83606e-12
      1310.56  3.77888e-09  6.61247e-12
      1310.91  6.78969e-09  8.39108e-12
      1311.25  1.25406e-08  1.12187e-11
      1311.60  1.30474e-08  1.08838e-11
      1311.94  7.89052e-09  8.04831e-12
      1312.28  4.11275e-09  5.96674e-12
      1312.63  2.76480e-09  5.23118e-12
      1312.97  2.35507e-09  5.11558e-12
      1313.32  3.14680e-09  5.83530e-12
      1313.66  5.30470e-09  7.51980e-12
      1314.01  4.50981e-09  6.72070e-12
      1314.35  2.54660e-09  5.36792e-12
      1314.70  1.88394e-09  4.82228e-12
      1315.05  1.83785e-09  4.75843e-12
      1315.39  2.07263e-09  5.02150e-12
      1315.74  2.67177e-09  5.59187e-12
      1316.08  4.14931e-09  6.80183e-12
      1316.43  8.27025e-09  9.34054e-12
      1316.78  1.41050e-08  1.29613e-11
      1317.12  1.16817e-08  1.09859e-11
      1317.47  5.66428e-09  7.42685e-12
      1317.82  3.29959e-09  5.74354e-12
      1318.17  3.29028e-09  5.49936e-12
      1318.51  5.45866e-09  7.02812e-12
      1318.86  6.91098e-09  8.21513e-12
      1319.21  4.77809e-09  7.16116e-12
      1319.56  2.71894e-09  5.70426e-12
      1319.91  2.76886e-09  5.93473e-12
      1320.25  2.77572e-09  5.61032e-12
      1320.60  2.72320e-09  5.36552e-12
      1320.95  3.25905e-09  5.70872e-12
      1321.30  4.63305e-09  6.65131e-12
      1321.65  9.10452e-09  9.11347e-12
      1322.00  1.71822e-08  1.35918e-11
      1322.35  1.51830e-08  1.27251e-11
      1322.70  7.86696e-09  8.99387e-12
      1323.05  4.90792e-09  7.20629e-12
      1323.40  5.41950e-09  7.31696e-12
      1323.75  6.47464e-09  7.62257e-12
      1324.10  6.85099e-09  7.62311e-12
      1324.45  5.12088e-09  7.05928e-12
      1324.80  3.80721e-09  1.11143e-11
      