227
      1249.95  1.89883e-08  2.15971e-11
      1250.27  9.56932e-09  1.56411e-11
      1250.58  3.48173e-09  1.05271e-11
      1250.89  2.47246e-09  9.48585e-12
      1251.20  3.20533e-09  9.96304e-12
      1251.52  4.92747e-09  1.13598e-11
      1251.83  8.38888e-09  1.44113e-11
      1252.14  1.08201e-08  1.66989e-11
      1252.46  1.04637e-08  1.73061e-11
      1252.77  9.65401e-09  1.69032e-11
      1253.09  1.55770e-08  2.15193e-11
      1253.40  2.86339e-08  2.93541e-11
      1253.71  3.48361e-08  3.21127e-11
      1254.03  2.13898e-08  2.35110e-11
      1254.34  1.13136e-08  1.67148e-11
      1254.66  1.41419e-08  1.88204e-11
      1254.97  2.08272e-08  2.44876e-11
      1255.29  1.43988e-08  2.04316e-11
      1255.60  7.24140e-09  1.52052e-11
      1255.92  8.13788e-09  1.66091e-11
      1256.23  1.35542e-08  2.04011e-11
      1256.55  2.00573e-08  2.46186e-11
      1256.87  1.47150e-08  1.96915e-11
      1257.18  7.38112e-09  1.36848e-11
      1257.50  5.54091e-09  1.20809e-11
      1257.81  6.25298e-09  1.28242e-11
      1258.13  7.72738e-09  1.43741e-11
      1258.45  7.81396e-09  1.46678e-11
      1258.76  8.37897e-09  1.47143e-11
      1259.08  1.42002e-08  1.79442e-11
      1259.40  2.72657e-08  2.37945e-11
      1259.72  3.56856e-08  2.61358e-11
      1260.03  2.65102e-08  2.09174e-11
      1260.35  1.98851e-08  1.72545e-11
      1260.67  2.55755e-08  2.05989e-11
      1260.99  2.32780e-08  1.95638e-11
      1261.30  1.86157e-08  1.73774e-11
      1261.62  2.27029e-08  2.01095e-11
      1261.94  2.35360e-08  1.98695e-11
      1262.26  2.34318e-08  1.98222e-11
      1262.58  1.78939e-08  1.63825e-11
      1262.90  1.88875e-08  1.64901e-11
      1263.22  2.69046e-08  2.05989e-11
      1263.54  2.26317e-08  1.91221e-11
      1263.86  1.51036e-08  1.64718e-11
      1264.17  1.20828e-08  1.59251e-11
      1264.49  9.12012e-09  1.43723e-11
      1264.81  1.00872e-08  1.48938e-11
      1265.13  1.90089e-08  1.99603e-11
      1265.45  2.80533e-08  2.39617e-11
      1265.77  2.47509e-08  2.20265e-11
      1266.10  1.39799e-08  1.62962e-11
      1266.42  7.87904e-09  1.30111e-11
      1266.74  6.96471e-09  1.29035e-11
      1267.06  9.24194e-09  1.49597e-11
      1267.38  1.81886e-08  2.03830e-11
      1267.70  3.25632e-08  2.79518e-11
      1268.02  3.38216e-08  2.63989e-11
      1268.34  3.40720e-08  2.56789e-11
      1268.67  3.09052e-08  2.28331e-11
      1268.99  3.08281e-08  2.28657e-11
      1269.31  2.43829e-08  2.01489e-11
      1269.63  1.67737e-08  1.69039e-11
      1269.95  1.43369e-08  1.60173e-11
      1270.28  1.71461e-08  1.71379e-11
      1270.60  2.63989e-08  2.11924e-11
      1270.92  3.11421e-08  2.16726e-11
      1271.25  3.32276e-08  2.11032e-11
      1271.57  3.15346e-08  2.02188e-11
      1271.89  1.94109e-08  1.54376e-11
      1272.22  9.33709e-09  1.12244e-11
      1272.54  5.95087e-09  9.83374e-12
      1272.86  4.88884e-09  9.64836e-12
      1273.19  4.57772e-09  9.79104e-12
      1273.51  5.54688e-09  1.06763e-11
      1273.84  8.39084e-09  1.29091e-11
      1274.16  1.08826e-08  1.41141e-11
      1274.49  1.41345e-08  1.52056e-11
      1274.81  2.41967e-08  2.06854e-11
      1275.14  3.24539e-08  2.48792e-11
      1275.46  2.92412e-08  2.42401e-11
      1275.79  1.99422e-08  2.07782e-11
      1276.11  1.37130e-08  1.75554e-11
      1276.44  1.77486e-08  1.96777e-11
      1276.76  2.92557e-08  2.55160e-11
      1277.09  2.99105e-08  2.35819e-11
      1277.42  3.05416e-08  2.36325e-11
      1277.74  2.15838e-08  1.92082e-11
      1278.07  1.08218e-08  1.36407e-11
      1278.40  6.86352e-09  1.15792e-11
      1278.72  5.42513e-09  1.06694e-11
      1279.05  5.38361e-09  1.06400e-11
      1279.38  6.98610e-09  1.13629e-11
      1279.71  9.89072e-09  1.25382e-11
      1280.03  1.24595e-08  1.33803e-11
      1280.36  1.14466e-08  1.20524e-11
      1280.69  1.19547e-08  1.24530e-11
      1281.02  1.53337e-08  1.43868e-11
      1281.34  2.14516e-08  1.79978e-11
      1281.67  2.49952e-08  2.08168e-11
      1282.00  2.01154e-08  1.88888e-11
      1282.33  2.11151e-08  1.95397e-11
      1282.66  3.10644e-08  2.38835e-11
      1282.99  3.85551e-08  2.62472e-11
      1283.32  3.82430e-08  2.59737e-11
      1283.65  2.76058e-08  2.23225e-11
      1283.98  1.56421e-08  1.72852e-11
      1284.31  9.67045e-09  1.45730e-11
      1284.64  7.46168e-09  1.34830e-11
      1284.97  7.43580e-09  1.35343e-11
      1285.30  8.95546e-09  1.48498e-11
      1285.63  7.62350e-09  1.27270e-11
      1285.96  7.04950e-09  1.13813e-11
      1286.29  1.04180e-08  1.31530e-11
      1286.62  1.43029e-08  1.53453e-11
      1286.95  1.34185e-08  1.44030e-11
      1287.28  1.61630e-08  1.56256e-11
      1287.61  2.66995e-08  2.07495e-11
      1287.95  3.12508e-08  2.18479e-11
      1288.28  3.07520e-08  2.10355e-11
      1288.61  3.04175e-08  2.03354e-11
      1288.94  2.94110e-08  1.98515e-11
      1289.27  2.17431e-08  1.69824e-11
      1289.61  1.64490e-08  1.55617e-11
      1289.94  1.34666e-08  1.51882e-11
      1290.27  9.54954e-09  1.37100e-11
      1290.61  8.10051e-09  1.36263e-11
      1290.94  6.32092e-09  1.25515e-11
      1291.27  4.85479e-09  1.09040e-11
      1291.61  5.68058e-09  1.11491e-11
      1291.94  9.11480e-09  1.36026e-11
      1292.27  1.50597e-08  1.68406e-11
      1292.61  2.08795e-08  2.05776e-11
      1292.94  1.59512e-08  1.76586e-11
      1293.28  1.30290e-08  1.60619e-11
      1293.61  1.67792e-08  1.82618e-11
      1293.95  2.05898e-08  1.88956e-11
      1294.28  2.94840e-08  2.17677e-11
      1294.62  3.27172e-08  2.13857e-11
      1294.95  2.74198e-08  1.81907e-11
      1295.29  2.65002e-08  1.82275e-11
      1295.62  2.28194e-08  1.71445e-11
      1295.96  1.67805e-08  1.53107e-11
      1296.29  1.45663e-08  1.51401e-11
      1296.63  1.51141e-08  1.60290e-11
      1296.97  1.81795e-08  1.74802e-11
      1297.30  2.66886e-08  2.10383e-11
      1297.64  3.54000e-08  2.47047e-11
      1297.98  3.13551e-08  2.31223e-11
      1298.31  2.10877e-08  1.94468e-11
      1298.65  1.28319e-08  1.58578e-11
      1298.99  1.00516e-08  1.44707e-11
      1299.33  1.59153e-08  1.83110e-11
      1299.66  2.69739e-08  2.36224e-11
      1300.00  3.09379e-08  2.40719e-11
      1300.34  2.74941e-08  2.15188e-11
      1300.68  2.01113e-08  1.72488e-11
      1301.02  1.99143e-08  1.63460e-11
      1301.35  3.15945e-08  2.08580e-11
      1301.69  3.76631e-08  2.27087e-11
      1302.03  3.58098e-08  2.23705e-11
      1302.37  3.17487e-08  2.07679e-11
      1302.71  3.49437e-08  2.22871e-11
      1303.05  3.80671e-08  2.27836e-11
      1303.39  4.26352e-08  2.43183e-11
      1303.73  4.55605e-08  2.58164e-11
      1304.07  4.32381e-08  2.59244e-11
      1304.41  4.42910e-08  2.80853e-11
      1304.75  4.69480e-08  3.02979e-11
      1305.09  4.89599e-08  3.14854e-11
      1305.43  5.64905e-08  3.41378e-11
      1305.77  6.54833e-08  3.54896e-11
      1306.11  6.61981e-08  3.48205e-11
      1306.46  4.75004e-08  2.83212e-11
      1306.80  2.57445e-08  2.00764e-11
      1307.14  1.48079e-08  1.56942e-11
      1307.48  1.04227e-08  1.33206e-11
      1307.82  8.27806e-09  1.18481e-11
      1308.16  7.91593e-09  1.12950e-11
      1308.51  9.17245e-09  1.18912e-11
      1308.85  7.54532e-09  1.04165e-11
      1309.19  5.34388e-09  8.67385e-12
      1309.53  4.84258e-09  8.56839e-12
      1309.88  4.75308e-09  9.09202e-12
      1310.22  5.07969e-09  9.87415e-12
      1310.56  6.50399e-09  1.16424e-11
      1310.91  1.11213e-08  1.52992e-11
      1311.25  1.98537e-08  2.09454e-11
      1311.60  2.11789e-08  2.11910e-11
      1311.94  1.36145e-08  1.64780e-11
      1312.28  7.53685e-09  1.20588e-11
      1312.63  5.22352e-09  1.02177e-11
      1312.97  4.50703e-09  9.57181e-12
      1313.32  5.78057e-09  1.06011e-11
      1313.66  9.00138e-09  1.31483e-11
      1314.01  8.13730e-09  1.21112e-11
      1314.35  4.79185e-09  9.08110e-12
      1314.70  3.50834e-09  7.73404e-12
      1315.05  3.35641e-09  7.40891e-12
      1315.39  3.70014e-09  7.74902e-12
      1315.74  4.64909e-09  8.86459e-12
      1316.08  6.95656e-09  1.11721e-11
      1316.43  1.32749e-08  1.59049e-11
      1316.78  2.18017e-08  2.18633e-11
      1317.12  1.87217e-08  2.03816e-11
      1317.47  9.96253e-09  1.44897e-11
      1317.82  6.03035e-09  1.13739e-11
      1318.17  6.03279e-09  1.09267e-11
      1318.51  9.65647e-09  1.36899e-11
      1318.86  1.22380e-08  1.56996e-11
      1319.21  8.78346e-09  1.31796e-11
      1319.56  5.20928e-09  1.01598e-11
      1319.91  5.05012e-09  1.00710e-11
      1320.25  5.08567e-09  9.47399e-12
      1320.60  4.94318e-09  8.84077e-12
      1320.95  5.74771e-09  9.24710e-12
      1321.30  7.79088e-09  1.04354e-11
      1321.65  1.42831e-08  1.41983e-11
      1322.00  2.63916e-08  2.15881e-11
      1322.35  2.40717e-08  2.14387e-11
      1322.70  1.32455e-08  1.65148e-11
      1323.05  8.61534e-09  1.39125e-11
      1323.40  9.43531e-09  1.42065e-11
      1323.75  1.12880e-08  1.49403e-11
      1324.10  1.22213e-08  1.52931e-11
      1324.45  9.26035e-09  1.29511e-11
      1324.80  6.62009e-09  1.12915e-11
      