227
      1249.95  1.03485e-08  1.07543e-11
      1250.27  4.99655e-09  7.71205e-12
      1250.58  1.63350e-09  5.26839e-12
      1250.89  1.13809e-09  4.88024e-12
      1251.20  1.52549e-09  5.13396e-12
      1251.52  2.44754e-09  5.63854e-12
      1251.83  4.29595e-09  7.14300e-12
      1252.14  5.57249e-09  8.15740e-12
      1252.46  5.31920e-09  8.29549e-12
      1252.77  4.94259e-09  8.03653e-12
      1253.09  8.33065e-09  1.00719e-11
      1253.40  1.58844e-08  1.35835e-11
      1253.71  1.95112e-08  1.50017e-11
      1254.03  1.18796e-08  1.13312e-11
      1254.34  5.77514e-09  8.52403e-12
      1254.66  7.23383e-09  8.92869e-12
      1254.97  1.13756e-08  1.17979e-11
      1255.29  7.43367e-09  9.72795e-12
      1255.60  3.33445e-09  7.12647e-12
      1255.92  3.76700e-09  7.74530e-12
      1256.23  6.55685e-09  9.09941e-12
      1256.55  1.10429e-08  1.18195e-11
      1256.87  7.49741e-09  9.22798e-12
      1257.18  3.27053e-09  6.39988e-12
      1257.50  2.42033e-09  5.73655e-12
      1257.81  2.80827e-09  6.14535e-12
      1258.13  3.57262e-09  6.97390e-12
      1258.45  3.62730e-09  6.91426e-12
      1258.76  3.85147e-09  6.91891e-12
      1259.08  6.95403e-09  8.43051e-12
      1259.40  1.42268e-08  1.14639e-11
      1259.72  1.91061e-08  1.28881e-11
      1260.03  1.43985e-08  1.05433e-11
      1260.35  1.05999e-08  8.71582e-12
      1260.67  1.33781e-08  1.01324e-11
      1260.99  1.23818e-08  9.74780e-12
      1261.30  1.00044e-08  8.64049e-12
      1261.62  1.23340e-08  9.92390e-12
      1261.94  1.29787e-08  9.86190e-12
      1262.26  1.29653e-08  1.00954e-11
      1262.58  9.35291e-09  8.22009e-12
      1262.90  1.02366e-08  8.08602e-12
      1263.22  1.57112e-08  1.04017e-11
      1263.54  1.29052e-08  9.44555e-12
      1263.86  8.07363e-09  7.82384e-12
      1264.17  6.26139e-09  7.48487e-12
      1264.49  4.54443e-09  6.55982e-12
      1264.81  5.01772e-09  6.71239e-12
      1265.13  1.01644e-08  9.15133e-12
      1265.45  1.57028e-08  1.13443e-11
      1265.77  1.38509e-08  1.05807e-11
      1266.10  7.39630e-09  7.79569e-12
      1266.42  3.74711e-09  6.01532e-12
      1266.74  3.20777e-09  5.93229e-12
      1267.06  4.41810e-09  6.74441e-12
      1267.38  9.56935e-09  9.36055e-12
      1267.70  1.78004e-08  1.30940e-11
      1268.02  1.87360e-08  1.25760e-11
      1268.34  1.87024e-08  1.25006e-11
      1268.67  1.67085e-08  1.11656e-11
      1268.99  1.68018e-08  1.14062e-11
      1269.31  1.27797e-08  9.78652e-12
      1269.63  8.29514e-09  8.05586e-12
      1269.95  6.90152e-09  7.54806e-12
      1270.28  8.47783e-09  8.02332e-12
      1270.60  1.45131e-08  1.05482e-11
      1270.92  1.72891e-08  1.08192e-11
      1271.25  1.87895e-08  1.08473e-11
      1271.57  1.83911e-08  1.06026e-11
      1271.89  1.08342e-08  7.90060e-12
      1272.22  4.69332e-09  5.48496e-12
      1272.54  2.86519e-09  4.83713e-12
      1272.86  2.34270e-09  4.65676e-12
      1273.19  2.20825e-09  4.61915e-12
      1273.51  2.71372e-09  4.93796e-12
      1273.84  4.27843e-09  5.82450e-12
      1274.16  5.67986e-09  6.46574e-12
      1274.49  7.50391e-09  7.12452e-12
      1274.81  1.33974e-08  9.73269e-12
      1275.14  1.84041e-08  1.17548e-11
      1275.46  1.64566e-08  1.14468e-11
      1275.79  1.07272e-08  9.58938e-12
      1276.11  7.03951e-09  7.93588e-12
      1276.44  9.37465e-09  8.99351e-12
      1276.76  1.58086e-08  1.18325e-11
      1277.09  1.65114e-08  1.13817e-11
      1277.42  1.66780e-08  1.14907e-11
      1277.74  1.15920e-08  9.84711e-12
      1278.07  5.34127e-09  6.55853e-12
      1278.40  3.15367e-09  5.44859e-12
      1278.72  2.44394e-09  5.18307e-12
      1279.05  2.41861e-09  5.12277e-12
      1279.38  3.26108e-09  5.54558e-12
      1279.71  4.94289e-09  6.28817e-12
      1280.03  6.48175e-09  6.88155e-12
      1280.36  5.92197e-09  6.19189e-12
      1280.69  6.24387e-09  6.30814e-12
      1281.02  8.20713e-09  7.14510e-12
      1281.34  1.20981e-08  8.84883e-12
      1281.67  1.45738e-08  1.01234e-11
      1282.00  1.13383e-08  8.81883e-12
      1282.33  1.17392e-08  8.94627e-12
      1282.66  1.80701e-08  1.11090e-11
      1282.99  2.28691e-08  1.24064e-11
      1283.32  2.26666e-08  1.24708e-11
      1283.65  1.57885e-08  1.05563e-11
      1283.98  8.27547e-09  7.95830e-12
      1284.31  4.73707e-09  6.56084e-12
      1284.64  3.54886e-09  6.16758e-12
      1284.97  3.54548e-09  6.15076e-12
      1285.30  4.19490e-09  6.72130e-12
      1285.63  3.61478e-09  5.98702e-12
      1285.96  3.39113e-09  5.48955e-12
      1286.29  5.15968e-09  6.49705e-12
      1286.62  7.20254e-09  7.54075e-12
      1286.95  6.72459e-09  7.07105e-12
      1287.28  8.56459e-09  7.76430e-12
      1287.61  1.50517e-08  1.05594e-11
      1287.95  1.78514e-08  1.11929e-11
      1288.28  1.77718e-08  1.08123e-11
      1288.61  1.76942e-08  1.03578e-11
      1288.94  1.75686e-08  1.03737e-11
      1289.27  1.22469e-08  8.33917e-12
      1289.61  9.11420e-09  7.61238e-12
      1289.94  7.19080e-09  7.10539e-12
      1290.27  4.80781e-09  6.16422e-12
      1290.61  4.16943e-09  6.19124e-12
      1290.94  3.10945e-09  5.56852e-12
      1291.27  2.29557e-09  4.96944e-12
      1291.61  2.69604e-09  5.07004e-12
      1291.94  4.47893e-09  6.17907e-12
      1292.27  7.70747e-09  7.76578e-12
      1292.61  1.13311e-08  9.83291e-12
      1292.94  8.07979e-09  8.16195e-12
      1293.28  6.17408e-09  7.51586e-12
      1293.61  8.35599e-09  8.67955e-12
      1293.95  1.07022e-08  9.23004e-12
      1294.28  1.61003e-08  1.10327e-11
      1294.62  1.80747e-08  1.12471e-11
      1294.95  1.50990e-08  9.63807e-12
      1295.29  1.45214e-08  9.45472e-12
      1295.62  1.24259e-08  8.70317e-12
      1295.96  9.03641e-09  7.52509e-12
      1296.29  7.81676e-09  7.22795e-12
      1296.63  8.15308e-09  7.46933e-12
      1296.97  1.00970e-08  8.08954e-12
      1297.30  1.56453e-08  9.86328e-12
      1297.64  2.09597e-08  1.15553e-11
      1297.98  1.76286e-08  1.06191e-11
      1298.31  1.10566e-08  8.74703e-12
      1298.65  6.17719e-09  6.86955e-12
      1298.99  4.71920e-09  6.35881e-12
      1299.33  8.27153e-09  8.36329e-12
      1299.66  1.51375e-08  1.14412e-11
      1300.00  1.69233e-08  1.16597e-11
      1300.34  1.47123e-08  1.06343e-11
      1300.68  1.00372e-08  8.37078e-12
      1301.02  1.03387e-08  8.16847e-12
      1301.35  1.82479e-08  1.11236e-11
      1301.69  2.17903e-08  1.19338e-11
      1302.03  2.09894e-08  1.16915e-11
      1302.37  1.85934e-08  1.07094e-11
      1302.71  2.13404e-08  1.14721e-11
      1303.05  2.35657e-08  1.16206e-11
      1303.39  2.64306e-08  1.26108e-11
      1303.73  2.84288e-08  1.30787e-11
      1304.07  2.65692e-08  1.24036e-11
      1304.41  2.69656e-08  1.30110e-11
      1304.75  2.86586e-08  1.41439e-11
      1305.09  3.00869e-08  1.49066e-11
      1305.43  3.53740e-08  1.65502e-11
      1305.77  4.16484e-08  1.79833e-11
      1306.11  4.12083e-08  1.76647e-11
      1306.46  2.79393e-08  1.41273e-11
      1306.80  1.36787e-08  9.70876e-12
      1307.14  7.18328e-09  7.30651e-12
      1307.48  4.86524e-09  6.34777e-12
      1307.82  3.87993e-09  5.82403e-12
      1308.16  3.90615e-09  5.79023e-12
      1308.51  4.60204e-09  6.21712e-12
      1308.85  3.75462e-09  5.37144e-12
      1309.19  2.68296e-09  4.39639e-12
      1309.53  2.43004e-09  4.19677e-12
      1309.88  2.38885e-09  4.34203e-12
      1310.22  2.57511e-09  4.51124e-12
      1310.56  3.39435e-09  5.24740e-12
      1310.91  6.24385e-09  6.94212e-12
      1311.25  1.15163e-08  9.72923e-12
      1311.60  1.15526e-08  9.70492e-12
      1311.94  6.75303e-09  7.31946e-12
      1312.28  3.48759e-09  5.50129e-12
      1312.63  2.36346e-09  4.77769e-12
      1312.97  2.04831e-09  4.59858e-12
      1313.32  2.82447e-09  5.21094e-12
      1313.66  4.60053e-09  6.58836e-12
      1314.01  3.89396e-09  6.13896e-12
      1314.35  2.19499e-09  5.86620e-12
      1314.70  1.65807e-09  4.10888e-12
      1315.05  1.64329e-09  3.82054e-12
      1315.39  1.87793e-09  3.92602e-12
      1315.74  2.43174e-09  4.27493e-12
      1316.08  3.80144e-09  5.18188e-12
      1316.43  7.72130e-09  7.35052e-12
      1316.78  1.28640e-08  1.01214e-11
      1317.12  1.02667e-08  9.11489e-12
      1317.47  4.83182e-09  6.47714e-12
      1317.82  2.82519e-09  5.15841e-12
      1318.17  2.94946e-09  5.13990e-12
      1318.51  4.91527e-09  6.49613e-12
      1318.86  6.05147e-09  7.29920e-12
      1319.21  4.09204e-09  6.12210e-12
      1319.56  2.37143e-09  4.99110e-12
      1319.91  2.39541e-09  5.21457e-12
      1320.25  2.42168e-09  5.09391e-12
      1320.60  2.41682e-09  4.65048e-12
      1320.95  2.97030e-09  4.71266e-12
      1321.30  4.30699e-09  5.31302e-12
      1321.65  8.76320e-09  7.05173e-12
      1322.00  1.61991e-08  1.03267e-11
      1322.35  1.37780e-08  9.71559e-12
      1322.70  6.86564e-09  7.17852e-12
      1323.05  4.29178e-09  6.07148e-12
      1323.40  4.79346e-09  6.52254e-12
      1323.75  5.72313e-09  6.94137e-12
      1324.10  5.98230e-09  7.05375e-12
      1324.45  4.31133e-09  5.92521e-12
      1324.80  3.05452e-09  5.36893e-12
      