227
      1249.95  1.63597e-08  1.56851e-11
      1250.27  8.28761e-09  1.13388e-11
      1250.58  3.00450e-09  7.54289e-12
      1250.89  2.12600e-09  6.75215e-12
      1251.20  2.70883e-09  7.25412e-12
      1251.52  4.10080e-09  7.66744e-12
      1251.83  6.94984e-09  9.55907e-12
      1252.14  9.01033e-09  1.08493e-11
      1252.46  8.72309e-09  1.09327e-11
      1252.77  8.02824e-09  1.04125e-11
      1253.09  1.28963e-08  1.29813e-11
      1253.40  2.39691e-08  1.75808e-11
      1253.71  2.96524e-08  1.95239e-11
      1254.03  1.81587e-08  1.41996e-11
      1254.34  9.28722e-09  9.82853e-12
      1254.66  1.15426e-08  1.07775e-11
      1254.97  1.75999e-08  1.38874e-11
      1255.29  1.21373e-08  1.14280e-11
      1255.60  5.90515e-09  8.25278e-12
      1255.92  6.61367e-09  9.06163e-12
      1256.23  1.10054e-08  1.10965e-11
      1256.55  1.68403e-08  1.37979e-11
      1256.87  1.23951e-08  1.11795e-11
      1257.18  6.10723e-09  7.73202e-12
      1257.50  4.54673e-09  6.91291e-12
      1257.81  5.01055e-09  7.63204e-12
      1258.13  6.34473e-09  8.44657e-12
      1258.45  6.41525e-09  8.96132e-12
      1258.76  6.85711e-09  8.70221e-12
      1259.08  1.16272e-08  1.08316e-11
      1259.40  2.25610e-08  1.48114e-11
      1259.72  2.97302e-08  1.68469e-11
      1260.03  2.26692e-08  1.40352e-11
      1260.35  1.70719e-08  1.19683e-11
      1260.67  2.11611e-08  1.46764e-11
      1260.99  1.95189e-08  1.44129e-11
      1261.30  1.62419e-08  1.25224e-11
      1261.62  1.95253e-08  1.44950e-11
      1261.94  2.04406e-08  1.44543e-11
      1262.26  2.05566e-08  1.46431e-11
      1262.58  1.53773e-08  1.19630e-11
      1262.90  1.60835e-08  1.17631e-11
      1263.22  2.36520e-08  1.48788e-11
      1263.54  1.95107e-08  1.31381e-11
      1263.86  1.27772e-08  1.08241e-11
      1264.17  1.04664e-08  1.13333e-11
      1264.49  7.20353e-09  9.74244e-12
      1264.81  7.96534e-09  9.36686e-12
      1265.13  1.55437e-08  1.22726e-11
      1265.45  2.38540e-08  1.48361e-11
      1265.77  2.12782e-08  1.34895e-11
      1266.10  1.20932e-08  1.02256e-11
      1266.42  6.33234e-09  7.63975e-12
      1266.74  5.64725e-09  7.19816e-12
      1267.06  7.64574e-09  8.24412e-12
      1267.38  1.50322e-08  1.15823e-11
      1267.70  2.57520e-08  1.61095e-11
      1268.02  2.85251e-08  1.63099e-11
      1268.34  2.84112e-08  1.59652e-11
      1268.67  2.60532e-08  1.44715e-11
      1268.99  2.57599e-08  1.38715e-11
      1269.31  2.05059e-08  1.22940e-11
      1269.63  1.41145e-08  1.04795e-11
      1269.95  1.18549e-08  9.95398e-12
      1270.28  1.41671e-08  1.08899e-11
      1270.60  2.24677e-08  1.40429e-11
      1270.92  2.65359e-08  1.49832e-11
      1271.25  2.88532e-08  1.50283e-11
      1271.57  2.81756e-08  1.47839e-11
      1271.89  1.70376e-08  1.11658e-11
      1272.22  8.06671e-09  7.91405e-12
      1272.54  5.15787e-09  6.84030e-12
      1272.86  4.24032e-09  6.60319e-12
      1273.19  3.95192e-09  6.63070e-12
      1273.51  4.67490e-09  6.98859e-12
      1273.84  6.99162e-09  8.21733e-12
      1274.16  9.08832e-09  9.01216e-12
      1274.49  1.16854e-08  9.44589e-12
      1274.81  2.00463e-08  1.23201e-11
      1275.14  2.72027e-08  1.44482e-11
      1275.46  2.46179e-08  1.38510e-11
      1275.79  1.66795e-08  1.16761e-11
      1276.11  1.14573e-08  9.83485e-12
      1276.44  1.44080e-08  1.13594e-11
      1276.76  2.32003e-08  1.49930e-11
      1277.09  2.48786e-08  1.42407e-11
      1277.42  2.57102e-08  1.40964e-11
      1277.74  1.80803e-08  1.13847e-11
      1278.07  8.97847e-09  8.06434e-12
      1278.40  5.64765e-09  6.96865e-12
      1278.72  4.46748e-09  6.58675e-12
      1279.05  4.42515e-09  6.62019e-12
      1279.38  5.80840e-09  7.40111e-12
      1279.71  8.32072e-09  8.66892e-12
      1280.03  1.08893e-08  1.04949e-11
      1280.36  9.86674e-09  9.16978e-12
      1280.69  1.04041e-08  8.95754e-12
      1281.02  1.34341e-08  1.01135e-11
      1281.34  1.88300e-08  1.24442e-11
      1281.67  2.24409e-08  1.51808e-11
      1282.00  1.73291e-08  1.32525e-11
      1282.33  1.81414e-08  1.25273e-11
      1282.66  2.64855e-08  1.51570e-11
      1282.99  3.27957e-08  1.64032e-11
      1283.32  3.23845e-08  1.58832e-11
      1283.65  2.33086e-08  1.32106e-11
      1283.98  1.30756e-08  9.86762e-12
      1284.31  7.93575e-09  8.12818e-12
      1284.64  6.08557e-09  7.51340e-12
      1284.97  6.08842e-09  7.67303e-12
      1285.30  7.17717e-09  9.03134e-12
      1285.63  6.03652e-09  7.88048e-12
      1285.96  5.79055e-09  6.98506e-12
      1286.29  8.62446e-09  8.12346e-12
      1286.62  1.19244e-08  9.64612e-12
      1286.95  1.10989e-08  9.12774e-12
      1287.28  1.36108e-08  1.02622e-11
      1287.61  2.28290e-08  1.49929e-11
      1287.95  2.75719e-08  1.60149e-11
      1288.28  2.71793e-08  1.52513e-11
      1288.61  2.70052e-08  1.47289e-11
      1288.94  2.65489e-08  1.44338e-11
      1289.27  1.90360e-08  1.16862e-11
      1289.61  1.43794e-08  1.03881e-11
      1289.94  1.17163e-08  9.98653e-12
      1290.27  7.90153e-09  8.49956e-12
      1290.61  6.75346e-09  8.04451e-12
      1290.94  5.15812e-09  7.17288e-12
      1291.27  3.92725e-09  6.29550e-12
      1291.61  4.61379e-09  6.46357e-12
      1291.94  7.43155e-09  7.74999e-12
      1292.27  1.23612e-08  9.55785e-12
      1292.61  1.73625e-08  1.17497e-11
      1292.94  1.29290e-08  9.90729e-12
      1293.28  1.04768e-08  9.21496e-12
      1293.61  1.38071e-08  1.09947e-11
      1293.95  1.72083e-08  1.18433e-11
      1294.28  2.49412e-08  1.42168e-11
      1294.62  2.78504e-08  1.46982e-11
      1294.95  2.36842e-08  1.32423e-11
      1295.29  2.28525e-08  1.29655e-11
      1295.62  1.97994e-08  1.20298e-11
      1295.96  1.48067e-08  1.06193e-11
      1296.29  1.29462e-08  1.03049e-11
      1296.63  1.33919e-08  1.06210e-11
      1296.97  1.61705e-08  1.15299e-11
      1297.30  2.35123e-08  1.36064e-11
      1297.64  3.02135e-08  1.53906e-11
      1297.98  2.59812e-08  1.37939e-11
      1298.31  1.70853e-08  1.11319e-11
      1298.65  1.02101e-08  8.81906e-12
      1298.99  8.18193e-09  8.07525e-12
      1299.33  1.33554e-08  1.05808e-11
      1299.66  2.21962e-08  1.47457e-11
      1300.00  2.54540e-08  1.52436e-11
      1300.34  2.26032e-08  1.34463e-11
      1300.68  1.62352e-08  1.07274e-11
      1301.02  1.69495e-08  1.06498e-11
      1301.35  2.76181e-08  1.43801e-11
      1301.69  3.26062e-08  1.58710e-11
      1302.03  3.13779e-08  1.61611e-11
      1302.37  2.79547e-08  1.47672e-11
      1302.71  3.18624e-08  1.60517e-11
      1303.05  3.43528e-08  1.60063e-11
      1303.39  3.86975e-08  1.66349e-11
      1303.73  4.09101e-08  1.69425e-11
      1304.07  3.78948e-08  1.60780e-11
      1304.41  3.84042e-08  1.66371e-11
      1304.75  4.02753e-08  1.75140e-11
      1305.09  4.19349e-08  1.81142e-11
      1305.43  4.88646e-08  1.99600e-11
      1305.77  5.68580e-08  2.13888e-11
      1306.11  5.62926e-08  2.08952e-11
      1306.46  3.91585e-08  1.67893e-11
      1306.80  2.06547e-08  1.18711e-11
      1307.14  1.18217e-08  9.32517e-12
      1307.48  8.38768e-09  8.26482e-12
      1307.82  6.83045e-09  7.65019e-12
      1308.16  6.83487e-09  7.83899e-12
      1308.51  7.86624e-09  8.55732e-12
      1308.85  6.49099e-09  7.40982e-12
      1309.19  4.79402e-09  6.20150e-12
      1309.53  4.34390e-09  5.90584e-12
      1309.88  4.23091e-09  5.87793e-12
      1310.22  4.49173e-09  6.16259e-12
      1310.56  5.67601e-09  6.99861e-12
      1310.91  9.81900e-09  9.13214e-12
      1311.25  1.71678e-08  1.23674e-11
      1311.60  1.71795e-08  1.22172e-11
      1311.94  1.05506e-08  9.32301e-12
      1312.28  6.00176e-09  7.39182e-12
      1312.63  4.05555e-09  6.21289e-12
      1312.97  3.60385e-09  5.72199e-12
      1313.32  4.86922e-09  6.49465e-12
      1313.66  7.90543e-09  8.75234e-12
      1314.01  6.52359e-09  7.83564e-12
      1314.35  3.87243e-09  6.11741e-12
      1314.70  3.03154e-09  5.46340e-12
      1315.05  3.01359e-09  5.24076e-12
      1315.39  3.38360e-09  5.39816e-12
      1315.74  4.23902e-09  5.89834e-12
      1316.08  6.23318e-09  6.99944e-12
      1316.43  1.18843e-08  9.71399e-12
      1316.78  1.96187e-08  1.32918e-11
      1317.12  1.51658e-08  1.15296e-11
      1317.47  7.40950e-09  8.02463e-12
      1317.82  4.64649e-09  6.44233e-12
      1318.17  4.86416e-09  6.25988e-12
      1318.51  8.12639e-09  8.03822e-12
      1318.86  1.00852e-08  9.14204e-12
      1319.21  7.10937e-09  8.10387e-12
      1319.56  4.17108e-09  6.39172e-12
      1319.91  4.24758e-09  6.79456e-12
      1320.25  4.31661e-09  6.53091e-12
      1320.60  4.31792e-09  6.24139e-12
      1320.95  5.21133e-09  6.55678e-12
      1321.30  7.30480e-09  7.29699e-12
      1321.65  1.36869e-08  9.75792e-12
      1322.00  2.38423e-08  1.38690e-11
      1322.35  2.04717e-08  1.29405e-11
      1322.70  1.07333e-08  9.49429e-12
      1323.05  6.99515e-09  7.95624e-12
      1323.40  7.76040e-09  8.38848e-12
      1323.75  9.23953e-09  8.77420e-12
      1324.10  9.66136e-09  8.91846e-12
      1324.45  7.21561e-09  7.58521e-12
      1324.80  5.30573e-09  6.72789e-12
      