227
      1249.95  1.00491e-08  1.11619e-11
      1250.27  4.88459e-09  7.93663e-12
      1250.58  1.60985e-09  5.35061e-12
      1250.89  1.12885e-09  4.89842e-12
      1251.20  1.49886e-09  5.04791e-12
      1251.52  2.39894e-09  5.56998e-12
      1251.83  4.22197e-09  7.14264e-12
      1252.14  5.48579e-09  8.12415e-12
      1252.46  5.23202e-09  8.23704e-12
      1252.77  4.85502e-09  8.01908e-12
      1253.09  8.18684e-09  9.72612e-12
      1253.40  1.56591e-08  1.30868e-11
      1253.71  1.93193e-08  1.44129e-11
      1254.03  1.17407e-08  1.07696e-11
      1254.34  5.66574e-09  7.79327e-12
      1254.66  7.07658e-09  8.69295e-12
      1254.97  1.11579e-08  1.17100e-11
      1255.29  7.32847e-09  9.64367e-12
      1255.60  3.27172e-09  7.08412e-12
      1255.92  3.67111e-09  7.65480e-12
      1256.23  6.37581e-09  8.92679e-12
      1256.55  1.06879e-08  1.15227e-11
      1256.87  7.30367e-09  9.15969e-12
      1257.18  3.19296e-09  6.40183e-12
      1257.50  2.33643e-09  5.86761e-12
      1257.81  2.72284e-09  6.34778e-12
      1258.13  3.64884e-09  7.32720e-12
      1258.45  3.77840e-09  7.42406e-12
      1258.76  3.76124e-09  7.22368e-12
      1259.08  6.54540e-09  8.58765e-12
      1259.40  1.35200e-08  1.16938e-11
      1259.72  1.82771e-08  1.32032e-11
      1260.03  1.37643e-08  1.09693e-11
      1260.35  1.00369e-08  9.16701e-12
      1260.67  1.26699e-08  1.07263e-11
      1260.99  1.17978e-08  1.04014e-11
      1261.30  9.55547e-09  9.20389e-12
      1261.62  1.17377e-08  1.03765e-11
      1261.94  1.25142e-08  1.01608e-11
      1262.26  1.26753e-08  1.01581e-11
      1262.58  9.39736e-09  8.27104e-12
      1262.90  9.99275e-09  8.20798e-12
      1263.22  1.52912e-08  1.05274e-11
      1263.54  1.26227e-08  9.58063e-12
      1263.86  7.94270e-09  7.98569e-12
      1264.17  6.17799e-09  7.56671e-12
      1264.49  4.47728e-09  6.62456e-12
      1264.81  4.93741e-09  6.58948e-12
      1265.13  1.00284e-08  8.96757e-12
      1265.45  1.55361e-08  1.10203e-11
      1265.77  1.37140e-08  1.03562e-11
      1266.10  7.29741e-09  7.69415e-12
      1266.42  3.69646e-09  6.07118e-12
      1266.74  3.15358e-09  6.02413e-12
      1267.06  4.31900e-09  6.84169e-12
      1267.38  9.34012e-09  9.43857e-12
      1267.70  1.73313e-08  1.31256e-11
      1268.02  1.82562e-08  1.25755e-11
      1268.34  1.80849e-08  1.24824e-11
      1268.67  1.61599e-08  1.13382e-11
      1268.99  1.61827e-08  1.17936e-11
      1269.31  1.22754e-08  1.02907e-11
      1269.63  7.93386e-09  8.54350e-12
      1269.95  6.54708e-09  8.03845e-12
      1270.28  7.99363e-09  8.37577e-12
      1270.60  1.38770e-08  1.10821e-11
      1270.92  1.64777e-08  1.12048e-11
      1271.25  1.79281e-08  1.11929e-11
      1271.57  1.76531e-08  1.09893e-11
      1271.89  1.03542e-08  8.20432e-12
      1272.22  4.46293e-09  5.72915e-12
      1272.54  2.74563e-09  5.03805e-12
      1272.86  2.25387e-09  4.81396e-12
      1273.19  2.14446e-09  4.71234e-12
      1273.51  2.65511e-09  4.94106e-12
      1273.84  4.19048e-09  5.75361e-12
      1274.16  5.59394e-09  6.36619e-12
      1274.49  7.41843e-09  6.99627e-12
      1274.81  1.31773e-08  9.54660e-12
      1275.14  1.81238e-08  1.16412e-11
      1275.46  1.62514e-08  1.14755e-11
      1275.79  1.06229e-08  9.67267e-12
      1276.11  6.96153e-09  7.99297e-12
      1276.44  9.18666e-09  8.88780e-12
      1276.76  1.54465e-08  1.14934e-11
      1277.09  1.60842e-08  1.11858e-11
      1277.42  1.62497e-08  1.14203e-11
      1277.74  1.12193e-08  9.56033e-12
      1278.07  5.14020e-09  6.73393e-12
      1278.40  3.01717e-09  5.80589e-12
      1278.72  2.32685e-09  5.32471e-12
      1279.05  2.29304e-09  5.28091e-12
      1279.38  3.08711e-09  5.67076e-12
      1279.71  4.68087e-09  6.44977e-12
      1280.03  6.13621e-09  6.98903e-12
      1280.36  5.62867e-09  6.35112e-12
      1280.69  5.93475e-09  6.49267e-12
      1281.02  7.87858e-09  7.38916e-12
      1281.34  1.16745e-08  9.11832e-12
      1281.67  1.41060e-08  1.03340e-11
      1282.00  1.11124e-08  8.95359e-12
      1282.33  1.15415e-08  8.91102e-12
      1282.66  1.77249e-08  1.08865e-11
      1282.99  2.25122e-08  1.21737e-11
      1283.32  2.23950e-08  1.22597e-11
      1283.65  1.56505e-08  1.05373e-11
      1283.98  8.22213e-09  8.09608e-12
      1284.31  4.69679e-09  6.77958e-12
      1284.64  3.49409e-09  6.31668e-12
      1284.97  3.47557e-09  6.26647e-12
      1285.30  4.10106e-09  6.71036e-12
      1285.63  3.48107e-09  6.02284e-12
      1285.96  3.21582e-09  5.51904e-12
      1286.29  4.95260e-09  6.58561e-12
      1286.62  6.94639e-09  7.90421e-12
      1286.95  6.43150e-09  7.52981e-12
      1287.28  8.13859e-09  8.40924e-12
      1287.61  1.43704e-08  1.11996e-11
      1287.95  1.70670e-08  1.17316e-11
      1288.28  1.69766e-08  1.12060e-11
      1288.61  1.69364e-08  1.06147e-11
      1288.94  1.68795e-08  1.05455e-11
      1289.27  1.18796e-08  8.49627e-12
      1289.61  8.84430e-09  7.68669e-12
      1289.94  7.02807e-09  7.17239e-12
      1290.27  4.74569e-09  6.14798e-12
      1290.61  4.11170e-09  6.11106e-12
      1290.94  3.08187e-09  5.44696e-12
      1291.27  2.28405e-09  4.80424e-12
      1291.61  2.66189e-09  4.88840e-12
      1291.94  4.38294e-09  6.00889e-12
      1292.27  7.53636e-09  7.67583e-12
      1292.61  1.11720e-08  9.97950e-12
      1292.94  7.85873e-09  8.25860e-12
      1293.28  5.92825e-09  7.51649e-12
      1293.61  8.04589e-09  8.92620e-12
      1293.95  1.02101e-08  9.27242e-12
      1294.28  1.54717e-08  1.12052e-11
      1294.62  1.73697e-08  1.14124e-11
      1294.95  1.43725e-08  9.80444e-12
      1295.29  1.38443e-08  9.78809e-12
      1295.62  1.18414e-08  9.04452e-12
      1295.96  8.59393e-09  7.82787e-12
      1296.29  7.47243e-09  7.45269e-12
      1296.63  7.85873e-09  7.59306e-12
      1296.97  9.80520e-09  8.11643e-12
      1297.30  1.52904e-08  9.76890e-12
      1297.64  2.06589e-08  1.14607e-11
      1297.98  1.74626e-08  1.05469e-11
      1298.31  1.09577e-08  8.73005e-12
      1298.65  6.14498e-09  7.04562e-12
      1298.99  4.66885e-09  6.48243e-12
      1299.33  8.12322e-09  8.46477e-12
      1299.66  1.47673e-08  1.14674e-11
      1300.00  1.65135e-08  1.16943e-11
      1300.34  1.42873e-08  1.07244e-11
      1300.68  9.72313e-09  8.54565e-12
      1301.02  9.91088e-09  8.41896e-12
      1301.35  1.75646e-08  1.17366e-11
      1301.69  2.09549e-08  1.26974e-11
      1302.03  2.01947e-08  1.24323e-11
      1302.37  1.77730e-08  1.12098e-11
      1302.71  2.05472e-08  1.19244e-11
      1303.05  2.27502e-08  1.18854e-11
      1303.39  2.59529e-08  1.23776e-11
      1303.73  2.81262e-08  1.27270e-11
      1304.07  2.61336e-08  1.23550e-11
      1304.41  2.65665e-08  1.29798e-11
      1304.75  2.83221e-08  1.40998e-11
      1305.09  2.97058e-08  1.47638e-11
      1305.43  3.49031e-08  1.62730e-11
      1305.77  4.11312e-08  1.75741e-11
      1306.11  4.07013e-08  1.73491e-11
      1306.46  2.75827e-08  1.40962e-11
      1306.80  1.33698e-08  9.80548e-12
      1307.14  6.93655e-09  7.50134e-12
      1307.48  4.68352e-09  6.59457e-12
      1307.82  3.71162e-09  6.08618e-12
      1308.16  3.70139e-09  6.00446e-12
      1308.51  4.34285e-09  6.35704e-12
      1308.85  3.57179e-09  5.50827e-12
      1309.19  2.55404e-09  4.53412e-12
      1309.53  2.32771e-09  4.32038e-12
      1309.88  2.31620e-09  4.46292e-12
      1310.22  2.51764e-09  4.59626e-12
      1310.56  3.32277e-09  5.31125e-12
      1310.91  6.12683e-09  6.98030e-12
      1311.25  1.13338e-08  9.64072e-12
      1311.60  1.14493e-08  9.60802e-12
      1311.94  6.71930e-09  7.29005e-12
      1312.28  3.45541e-09  5.54800e-12
      1312.63  2.32579e-09  4.86913e-12
      1312.97  1.98992e-09  4.78455e-12
      1313.32  2.69522e-09  5.43220e-12
      1313.66  4.43087e-09  6.99293e-12
      1314.01  3.73140e-09  7.00122e-12
      1314.35  2.08289e-09  9.80775e-12
      1314.70  1.57535e-09  4.40912e-12
      1315.05  1.56141e-09  4.04393e-12
      1315.39  1.78267e-09  4.12130e-12
      1315.74  2.32594e-09  4.40687e-12
      1316.08  3.66485e-09  5.27300e-12
      1316.43  7.47366e-09  7.33606e-12
      1316.78  1.26526e-08  1.00696e-11
      1317.12  1.02236e-08  9.04134e-12
      1317.47  4.78842e-09  6.26113e-12
      1317.82  2.79895e-09  5.07869e-12
      1318.17  2.88814e-09  5.03357e-12
      1318.51  4.78537e-09  6.44238e-12
      1318.86  5.90270e-09  7.39192e-12
      1319.21  3.98130e-09  6.29816e-12
      1319.56  2.27468e-09  5.22114e-12
      1319.91  2.29501e-09  5.45097e-12
      1320.25  2.31785e-09  6.09674e-12
      1320.60  2.29654e-09  5.11647e-12
      1320.95  2.81464e-09  4.88204e-12
      1321.30  4.11409e-09  5.40662e-12
      1321.65  8.43869e-09  7.26808e-12
      1322.00  1.56974e-08  1.04711e-11
      1322.35  1.35923e-08  9.85754e-12
      1322.70  6.84273e-09  7.20118e-12
      1323.05  4.26395e-09  6.03294e-12
      1323.40  4.73256e-09  6.41959e-12
      1323.75  5.63743e-09  6.84847e-12
      1324.10  5.87410e-09  6.99194e-12
      1324.45  4.25564e-09  6.10585e-12
      1324.80  2.98227e-09  5.55784e-12
      