227
      1249.95  1.43069e-08  1.20175e-11
      1250.27  9.68936e-09  1.41838e-11
      1250.58  4.37615e-09  9.25554e-12
      1250.89  3.31022e-09  8.39305e-12
      1251.20  4.15686e-09  8.72429e-12
      1251.52  6.04722e-09  9.37892e-12
      1251.83  9.72263e-09  1.13124e-11
      1252.14  1.23996e-08  1.25282e-11
      1252.46  1.20154e-08  1.23957e-11
      1252.77  1.13023e-08  1.19223e-11
      1253.09  1.73278e-08  1.45304e-11
      1253.40  3.02250e-08  1.91673e-11
      1253.71  3.42907e-08  2.10639e-11
      1254.03  1.86047e-08  1.36008e-11
      1254.34  1.18415e-08  1.06797e-11
      1254.66  1.35860e-08  1.14024e-11
      1254.97  1.70603e-08  1.28735e-11
      1255.29  1.12753e-08  1.06502e-11
      1255.60  7.06242e-09  8.42426e-12
      1255.92  8.27966e-09  9.32200e-12
      1256.23  1.23140e-08  1.16753e-11
      1256.55  1.54146e-08  1.39046e-11
      1256.87  1.13328e-08  1.14909e-11
      1257.18  7.19502e-09  8.36617e-12
      1257.50  5.59104e-09  7.45224e-12
      1257.81  6.29963e-09  7.90883e-12
      1258.13  7.72775e-09  9.01117e-12
      1258.45  7.90926e-09  9.42325e-12
      1258.76  8.60644e-09  1.00932e-11
      1259.08  1.44310e-08  1.29899e-11
      1259.40  2.69958e-08  1.79208e-11
      1259.72  3.44055e-08  2.10028e-11
      1260.03  2.66233e-08  1.73684e-11
      1260.35  2.10143e-08  1.46643e-11
      1260.67  2.48274e-08  1.82163e-11
      1260.99  2.11123e-08  1.57466e-11
      1261.30  2.04137e-08  1.53134e-11
      1261.62  2.53138e-08  1.79247e-11
      1261.94  2.66504e-08  1.83298e-11
      1262.26  2.69578e-08  1.88075e-11
      1262.58  2.09950e-08  1.57536e-11
      1262.90  2.16563e-08  1.56438e-11
      1263.22  2.57449e-08  1.60047e-11
      1263.54  2.32713e-08  1.64803e-11
      1263.86  1.76602e-08  1.32547e-11
      1264.17  1.42839e-08  1.25490e-11
      1264.49  1.06436e-08  1.08257e-11
      1264.81  1.12730e-08  1.07554e-11
      1265.13  2.04061e-08  1.40064e-11
      1265.45  2.98161e-08  1.64417e-11
      1265.77  2.59867e-08  1.52559e-11
      1266.10  1.24956e-08  9.04332e-12
      1266.42  8.10629e-09  7.85086e-12
      1266.74  7.25482e-09  7.33697e-12
      1267.06  9.45574e-09  8.28637e-12
      1267.38  1.79735e-08  1.13499e-11
      1267.70  3.12007e-08  1.56794e-11
      1268.02  3.30503e-08  1.56501e-11
      1268.34  3.26522e-08  1.56001e-11
      1268.67  2.94713e-08  1.52236e-11
      1268.99  2.49159e-08  1.18371e-11
      1269.31  2.06277e-08  1.37299e-11
      1269.63  1.66316e-08  1.14822e-11
      1269.95  1.44518e-08  1.12525e-11
      1270.28  1.74949e-08  1.28043e-11
      1270.60  2.70480e-08  1.67226e-11
      1270.92  3.21540e-08  1.83216e-11
      1271.25  3.52059e-08  1.89667e-11
      1271.57  3.43862e-08  1.86049e-11
      1271.89  2.15090e-08  1.41745e-11
      1272.22  1.09166e-08  1.01907e-11
      1272.54  7.34585e-09  8.84469e-12
      1272.86  6.22459e-09  8.47401e-12
      1273.19  5.84089e-09  8.50285e-12
      1273.51  6.79426e-09  8.97467e-12
      1273.84  9.92280e-09  1.05993e-11
      1274.16  1.26958e-08  1.14111e-11
      1274.49  1.58446e-08  1.15417e-11
      1274.81  2.55612e-08  1.42383e-11
      1275.14  3.01505e-08  1.50018e-11
      1275.46  2.74626e-08  1.47261e-11
      1275.79  2.05640e-08  1.20812e-11
      1276.11  1.44477e-08  1.01290e-11
      1276.44  1.80853e-08  1.13611e-11
      1276.76  2.78318e-08  1.43881e-11
      1277.09  2.81809e-08  1.44218e-11
      1277.42  2.52672e-08  1.42557e-11
      1277.74  1.87189e-08  1.16933e-11
      1278.07  1.05420e-08  8.68989e-12
      1278.40  6.51935e-09  7.52062e-12
      1278.72  5.51121e-09  7.15220e-12
      1279.05  5.57146e-09  7.52336e-12
      1279.38  7.36538e-09  9.02288e-12
      1279.71  1.05638e-08  1.07323e-11
      1280.03  1.36955e-08  1.23972e-11
      1280.36  1.24843e-08  1.10985e-11
      1280.69  1.36423e-08  1.15621e-11
      1281.02  1.76823e-08  1.29334e-11
      1281.34  2.47202e-08  1.55126e-11
      1281.67  2.90689e-08  1.74948e-11
      1282.00  2.35523e-08  1.56345e-11
      1282.33  2.42117e-08  1.58918e-11
      1282.66  3.45600e-08  1.87710e-11
      1282.99  4.17355e-08  1.95284e-11
      1283.32  4.04245e-08  1.83415e-11
      1283.65  2.85173e-08  1.52674e-11
      1283.98  1.40803e-08  9.89470e-12
      1284.31  1.00025e-08  8.60165e-12
      1284.64  7.75510e-09  7.68554e-12
      1284.97  7.52854e-09  7.96078e-12
      1285.30  8.63801e-09  8.59476e-12
      1285.63  7.49274e-09  7.79387e-12
      1285.96  7.12564e-09  7.33924e-12
      1286.29  1.03510e-08  8.63858e-12
      1286.62  1.39817e-08  1.02919e-11
      1286.95  1.31267e-08  9.90798e-12
      1287.28  1.64680e-08  1.14758e-11
      1287.61  2.78037e-08  1.61792e-11
      1287.95  3.25617e-08  1.79752e-11
      1288.28  3.29583e-08  1.86715e-11
      1288.61  3.32367e-08  1.86456e-11
      1288.94  3.32431e-08  1.87564e-11
      1289.27  2.41937e-08  1.53524e-11
      1289.61  1.65094e-08  1.18567e-11
      1289.94  1.44131e-08  1.28628e-11
      1290.27  1.11218e-08  1.03297e-11
      1290.61  9.46910e-09  9.89469e-12
      1290.94  7.20015e-09  8.64811e-12
      1291.27  5.41346e-09  7.32406e-12
      1291.61  6.24338e-09  7.40876e-12
      1291.94  9.68102e-09  8.50860e-12
      1292.27  1.53692e-08  9.98603e-12
      1292.61  2.05211e-08  1.19559e-11
      1292.94  1.49179e-08  9.86400e-12
      1293.28  1.27576e-08  9.23188e-12
      1293.61  1.63910e-08  1.10257e-11
      1293.95  2.03577e-08  1.25305e-11
      1294.28  2.89311e-08  1.56607e-11
      1294.62  3.21499e-08  1.66632e-11
      1294.95  2.80458e-08  1.51927e-11
      1295.29  2.78020e-08  1.55121e-11
      1295.62  2.44390e-08  1.47623e-11
      1295.96  1.89161e-08  1.33764e-11
      1296.29  1.70166e-08  1.32311e-11
      1296.63  1.78829e-08  1.39873e-11
      1296.97  2.14743e-08  1.50778e-11
      1297.30  3.06504e-08  1.75449e-11
      1297.64  3.66529e-08  2.00727e-11
      1297.98  2.82485e-08  1.47028e-11
      1298.31  2.18376e-08  1.30865e-11
      1298.65  1.33755e-08  9.86904e-12
      1298.99  1.05893e-08  8.63016e-12
      1299.33  1.63073e-08  1.07492e-11
      1299.66  2.60898e-08  1.38349e-11
      1300.00  2.89729e-08  1.52656e-11
      1300.34  2.37769e-08  1.30318e-11
      1300.68  1.86163e-08  1.10355e-11
      1301.02  1.99217e-08  1.13148e-11
      1301.35  3.19857e-08  1.52030e-11
      1301.69  3.79353e-08  1.72367e-11
      1302.03  3.67307e-08  1.78698e-11
      1302.37  3.37837e-08  1.77221e-11
      1302.71  3.83740e-08  1.97942e-11
      1303.05  4.22816e-08  2.03432e-11
      1303.39  4.77869e-08  2.12622e-11
      1303.73  5.07331e-08  2.11109e-11
      1304.07  4.78257e-08  1.97394e-11
      1304.41  4.82190e-08  1.96913e-11
      1304.75  4.97726e-08  1.97627e-11
      1305.09  5.08348e-08  1.96474e-11
      1305.43  5.75141e-08  2.06202e-11
      1305.77  6.51932e-08  2.10579e-11
      1306.11  6.37543e-08  2.02494e-11
      1306.46  4.39883e-08  1.67589e-11
      1306.80  2.12981e-08  1.13639e-11
      1307.14  1.37202e-08  9.71582e-12
      1307.48  9.45725e-09  8.01640e-12
      1307.82  8.17729e-09  8.40112e-12
      1308.16  8.09204e-09  9.23137e-12
      1308.51  7.84423e-09  9.58505e-12
      1308.85  7.09590e-09  9.75150e-12
      1309.19  6.22662e-09  8.28452e-12
      1309.53  5.87318e-09  7.90252e-12
      1309.88  5.87021e-09  7.89768e-12
      1310.22  6.32804e-09  8.19356e-12
      1310.56  7.95623e-09  8.95161e-12
      1310.91  1.31053e-08  1.10544e-11
      1311.25  2.11995e-08  1.43737e-11
      1311.60  1.83462e-08  1.12072e-11
      1311.94  1.20769e-08  1.00318e-11
      1312.28  7.31380e-09  7.09134e-12
      1312.63  5.09919e-09  5.88361e-12
      1312.97  4.45705e-09  5.52012e-12
      1313.32  5.54085e-09  6.72854e-12
      1313.66  7.45763e-09  7.30345e-12
      1314.01  5.85960e-09  8.58477e-12
      1314.35  4.52451e-09  7.35968e-12
      1314.70  3.86302e-09  6.64160e-12
      1315.05  3.92325e-09  6.62043e-12
      1315.39  4.50868e-09  6.97070e-12
      1315.74  5.75820e-09  7.66062e-12
      1316.08  8.57137e-09  9.18182e-12
      1316.43  1.56586e-08  1.25268e-11
      1316.78  2.08154e-08  1.44866e-11
      1317.12  1.61912e-08  1.33218e-11
      1317.47  9.81189e-09  9.40413e-12
      1317.82  6.14272e-09  7.11092e-12
      1318.17  6.22295e-09  6.53847e-12
      1318.51  9.79849e-09  8.06496e-12
      1318.86  1.07070e-08  8.74207e-12
      1319.21  7.26069e-09  7.46548e-12
      1319.56  4.88038e-09  6.32469e-12
      1319.91  5.16787e-09  7.26989e-12
      1320.25  5.29619e-09  7.47863e-12
      1320.60  5.41451e-09  7.56935e-12
      1320.95  6.65758e-09  8.39088e-12
      1321.30  9.44020e-09  9.53560e-12
      1321.65  1.74191e-08  1.26418e-11
      1322.00  3.00756e-08  1.74838e-11
      1322.35  2.60731e-08  1.60716e-11
      1322.70  1.41252e-08  1.16866e-11
      1323.05  9.44000e-09  9.60044e-12
      1323.40  1.01685e-08  9.51685e-12
      1323.75  1.16632e-08  9.62833e-12
      1324.10  1.14436e-08  1.00031e-11
      1324.45  7.24124e-09  6.94183e-12
      1324.80  6.22840e-09  6.87792e-12
      