227
      1249.95  1.17538e-08  1.35008e-11
      1250.27  5.95721e-09  9.58084e-12
      1250.58  2.10159e-09  6.67308e-12
      1250.89  1.55884e-09  6.39107e-12
      1251.20  2.10675e-09  6.48188e-12
      1251.52  3.34486e-09  7.24215e-12
      1251.83  5.79480e-09  8.95837e-12
      1252.14  7.56345e-09  1.00391e-11
      1252.46  7.34988e-09  1.00624e-11
      1252.77  7.03151e-09  9.84878e-12
      1253.09  1.15517e-08  1.26075e-11
      1253.40  2.13359e-08  1.69247e-11
      1253.71  2.57934e-08  1.85109e-11
      1254.03  1.58926e-08  1.38305e-11
      1254.34  8.37957e-09  9.71265e-12
      1254.66  1.03953e-08  1.04353e-11
      1254.97  1.60678e-08  1.35913e-11
      1255.29  1.05194e-08  1.06964e-11
      1255.60  5.08306e-09  7.70445e-12
      1255.92  5.91016e-09  8.51297e-12
      1256.23  9.67141e-09  1.02656e-11
      1256.55  1.39810e-08  1.23886e-11
      1256.87  9.41101e-09  9.60731e-12
      1257.18  5.10943e-09  6.96096e-12
      1257.50  3.87543e-09  6.07712e-12
      1257.81  4.37423e-09  6.28713e-12
      1258.13  5.35884e-09  6.92369e-12
      1258.45  5.38348e-09  6.94290e-12
      1258.76  5.79295e-09  7.14963e-12
      1259.08  9.97172e-09  9.00135e-12
      1259.40  1.91075e-08  1.22794e-11
      1259.72  2.48554e-08  1.38606e-11
      1260.03  1.86361e-08  1.14164e-11
      1260.35  1.38554e-08  9.53675e-12
      1260.67  1.67468e-08  1.15619e-11
      1260.99  1.47536e-08  1.10637e-11
      1261.30  1.26566e-08  9.84850e-12
      1261.62  1.56777e-08  1.18217e-11
      1261.94  1.62030e-08  1.18809e-11
      1262.26  1.63669e-08  1.25194e-11
      1262.58  1.20935e-08  1.01936e-11
      1262.90  1.26667e-08  1.01687e-11
      1263.22  1.83130e-08  1.30545e-11
      1263.54  1.55802e-08  1.16979e-11
      1263.86  1.04255e-08  9.60748e-12
      1264.17  8.34688e-09  9.27502e-12
      1264.49  6.27261e-09  8.27541e-12
      1264.81  7.01391e-09  8.66086e-12
      1265.13  1.37588e-08  1.18357e-11
      1265.45  2.08938e-08  1.42182e-11
      1265.77  1.85444e-08  1.29226e-11
      1266.10  1.02444e-08  9.27522e-12
      1266.42  5.65593e-09  7.02774e-12
      1266.74  4.97005e-09  6.70939e-12
      1267.06  6.68758e-09  7.56567e-12
      1267.38  1.35098e-08  1.03161e-11
      1267.70  2.43936e-08  1.42289e-11
      1268.02  2.56024e-08  1.37214e-11
      1268.34  2.53403e-08  1.32812e-11
      1268.67  2.20245e-08  1.22579e-11
      1268.99  1.88298e-08  1.06068e-11
      1269.31  1.59647e-08  1.01072e-11
      1269.63  1.17291e-08  8.34249e-12
      1269.95  9.83541e-09  7.89038e-12
      1270.28  1.18365e-08  8.70468e-12
      1270.60  1.87885e-08  1.14623e-11
      1270.92  2.21212e-08  1.23211e-11
      1271.25  2.37666e-08  1.26491e-11
      1271.57  2.28285e-08  1.24284e-11
      1271.89  1.36237e-08  9.37125e-12
      1272.22  6.20216e-09  6.54116e-12
      1272.54  3.83295e-09  5.63616e-12
      1272.86  3.10120e-09  5.44827e-12
      1273.19  2.89796e-09  5.69367e-12
      1273.51  3.57862e-09  6.26600e-12
      1273.84  5.66418e-09  7.73310e-12
      1274.16  7.57667e-09  8.57149e-12
      1274.49  9.95777e-09  9.08599e-12
      1274.81  1.75624e-08  1.18698e-11
      1275.14  2.38052e-08  1.38482e-11
      1275.46  2.15907e-08  1.32393e-11
      1275.79  1.47298e-08  1.09742e-11
      1276.11  1.02322e-08  9.23943e-12
      1276.44  1.33622e-08  1.04908e-11
      1276.76  2.14523e-08  1.32602e-11
      1277.09  2.26053e-08  1.27561e-11
      1277.42  2.25736e-08  1.23748e-11
      1277.74  1.58361e-08  9.83401e-12
      1278.07  7.81615e-09  6.82272e-12
      1278.40  4.77091e-09  5.64735e-12
      1278.72  3.70419e-09  5.25068e-12
      1279.05  3.62780e-09  5.30022e-12
      1279.38  4.73124e-09  6.01502e-12
      1279.71  6.82284e-09  7.04066e-12
      1280.03  8.75946e-09  8.07773e-12
      1280.36  7.78453e-09  7.20840e-12
      1280.69  8.18412e-09  7.40041e-12
      1281.02  1.04975e-08  8.36786e-12
      1281.34  1.50067e-08  1.04178e-11
      1281.67  1.78366e-08  1.21448e-11
      1282.00  1.39315e-08  1.07187e-11
      1282.33  1.46546e-08  1.12946e-11
      1282.66  2.24697e-08  1.42637e-11
      1282.99  2.83763e-08  1.56579e-11
      1283.32  2.82848e-08  1.53564e-11
      1283.65  2.02785e-08  1.26045e-11
      1283.98  1.11868e-08  9.30955e-12
      1284.31  6.88078e-09  7.58014e-12
      1284.64  5.32783e-09  6.97759e-12
      1284.97  5.04916e-09  7.14435e-12
      1285.30  5.71256e-09  6.97137e-12
      1285.63  5.38225e-09  7.61842e-12
      1285.96  5.12397e-09  6.22250e-12
      1286.29  7.51904e-09  6.94443e-12
      1286.62  1.01364e-08  7.93529e-12
      1286.95  9.34150e-09  7.30810e-12
      1287.28  1.16135e-08  8.13498e-12
      1287.61  1.96221e-08  1.12798e-11
      1287.95  2.26832e-08  1.23755e-11
      1288.28  2.23771e-08  1.25967e-11
      1288.61  2.20185e-08  1.25411e-11
      1288.94  2.16704e-08  1.28441e-11
      1289.27  1.49469e-08  1.01916e-11
      1289.61  1.07314e-08  9.28162e-12
      1289.94  8.74963e-09  8.80681e-12
      1290.27  6.22066e-09  7.33325e-12
      1290.61  5.52038e-09  7.59427e-12
      1290.94  4.27616e-09  6.88012e-12
      1291.27  3.29406e-09  6.15733e-12
      1291.61  4.00818e-09  6.46721e-12
      1291.94  6.61177e-09  7.66700e-12
      1292.27  1.10429e-08  9.21106e-12
      1292.61  1.46588e-08  1.07132e-11
      1292.94  1.01982e-08  8.31699e-12
      1293.28  9.22238e-09  7.99827e-12
      1293.61  1.20532e-08  9.14125e-12
      1293.95  1.50344e-08  9.83563e-12
      1294.28  2.15003e-08  1.16771e-11
      1294.62  2.36015e-08  1.19164e-11
      1294.95  1.98214e-08  1.04849e-11
      1295.29  1.89197e-08  1.04294e-11
      1295.62  1.59868e-08  9.74911e-12
      1295.96  1.16720e-08  8.66238e-12
      1296.29  1.00454e-08  8.55070e-12
      1296.63  1.03126e-08  9.08113e-12
      1296.97  1.24819e-08  9.97665e-12
      1297.30  1.90820e-08  1.24163e-11
      1297.64  2.54276e-08  1.46213e-11
      1297.98  2.16387e-08  1.31206e-11
      1298.31  1.44730e-08  1.05140e-11
      1298.65  8.62082e-09  8.21450e-12
      1298.99  6.97909e-09  7.53484e-12
      1299.33  1.15293e-08  9.74614e-12
      1299.66  1.81606e-08  1.12364e-11
      1300.00  2.20457e-08  1.32229e-11
      1300.34  1.98895e-08  1.14912e-11
      1300.68  1.41252e-08  8.95725e-12
      1301.02  1.45699e-08  8.71127e-12
      1301.35  2.38559e-08  1.14237e-11
      1301.69  2.79391e-08  1.24402e-11
      1302.03  2.64294e-08  1.26011e-11
      1302.37  2.34173e-08  1.21754e-11
      1302.71  2.61761e-08  1.36003e-11
      1303.05  2.84316e-08  1.41668e-11
      1303.39  3.16842e-08  1.51710e-11
      1303.73  3.35070e-08  1.55072e-11
      1304.07  3.14622e-08  1.48809e-11
      1304.41  3.25541e-08  1.59510e-11
      1304.75  3.49202e-08  1.65283e-11
      1305.09  3.70819e-08  1.72690e-11
      1305.43  4.38327e-08  1.88791e-11
      1305.77  5.15041e-08  1.99494e-11
      1306.11  5.12013e-08  1.93059e-11
      1306.46  3.52815e-08  1.50456e-11
      1306.80  1.81675e-08  1.02595e-11
      1307.14  1.00263e-08  7.98418e-12
      1307.48  6.36017e-09  6.24774e-12
      1307.82  5.58528e-09  6.13841e-12
      1308.16  5.51592e-09  6.20581e-12
      1308.51  5.79282e-09  6.94218e-12
      1308.85  4.71979e-09  6.16677e-12
      1309.19  3.61454e-09  5.24513e-12
      1309.53  3.24910e-09  5.06411e-12
      1309.88  3.12501e-09  5.17169e-12
      1310.22  3.32367e-09  5.40724e-12
      1310.56  4.43722e-09  6.27149e-12
      1310.91  8.17158e-09  8.47953e-12
      1311.25  1.46324e-08  1.16701e-11
      1311.60  1.47279e-08  1.17115e-11
      1311.94  9.10535e-09  8.72912e-12
      1312.28  5.05981e-09  6.41080e-12
      1312.63  3.56338e-09  5.31533e-12
      1312.97  3.14214e-09  4.89478e-12
      1313.32  3.88947e-09  5.61397e-12
      1313.66  5.18414e-09  6.16965e-12
      1314.01  4.65959e-09  6.11227e-12
      1314.35  3.13175e-09  5.03230e-12
      1314.70  2.39421e-09  4.53956e-12
      1315.05  2.31031e-09  4.45319e-12
      1315.39  2.56527e-09  4.70369e-12
      1315.74  3.21620e-09  5.30441e-12
      1316.08  4.82978e-09  6.20745e-12
      1316.43  9.57481e-09  8.87875e-12
      1316.78  1.54290e-08  1.22883e-11
      1317.12  1.23435e-08  1.09104e-11
      1317.47  6.38114e-09  7.78336e-12
      1317.82  3.99873e-09  6.24692e-12
      1318.17  4.28811e-09  5.97142e-12
      1318.51  7.16228e-09  7.33204e-12
      1318.86  8.73253e-09  8.01893e-12
      1319.21  5.79635e-09  6.37489e-12
      1319.56  3.46633e-09  5.11477e-12
      1319.91  3.53951e-09  5.39901e-12
      1320.25  3.49996e-09  5.27153e-12
      1320.60  3.42690e-09  5.12762e-12
      1320.95  4.07513e-09  5.38557e-12
      1321.30  5.64294e-09  6.13688e-12
      1321.65  1.08039e-08  8.35691e-12
      1322.00  1.95082e-08  1.23771e-11
      1322.35  1.64271e-08  1.14840e-11
      1322.70  8.47967e-09  8.55154e-12
      1323.05  5.71249e-09  7.44156e-12
      1323.40  6.61406e-09  7.97238e-12
      1323.75  8.00300e-09  8.32786e-12
      1324.10  8.08674e-09  8.51855e-12
      1324.45  5.12737e-09  5.30956e-12
      1324.80  4.30120e-09  5.92566e-12
      