227
      1249.95  7.96620e-09  1.60550e-11
      1250.27  4.03931e-09  1.16734e-11
      1250.58  1.54089e-09  8.17507e-12
      1250.89  1.15851e-09  7.30081e-12
      1251.20  1.40530e-09  7.57392e-12
      1251.52  2.06493e-09  8.14178e-12
      1251.83  3.45081e-09  1.01996e-11
      1252.14  4.39260e-09  1.17140e-11
      1252.46  4.17268e-09  1.21048e-11
      1252.77  3.74418e-09  1.13826e-11
      1253.09  6.20903e-09  1.36000e-11
      1253.40  1.22768e-08  1.80357e-11
      1253.71  1.57170e-08  2.00651e-11
      1254.03  9.43332e-09  1.45317e-11
      1254.34  4.37374e-09  9.85856e-12
      1254.66  5.44521e-09  1.09227e-11
      1254.97  8.79177e-09  1.46301e-11
      1255.29  6.03203e-09  1.23674e-11
      1255.60  2.70605e-09  8.81747e-12
      1255.92  2.99731e-09  9.34871e-12
      1256.23  5.11671e-09  1.09018e-11
      1256.55  8.12672e-09  1.29058e-11
      1256.87  5.98197e-09  1.04501e-11
      1257.18  2.75692e-09  7.36328e-12
      1257.50  2.03827e-09  6.65523e-12
      1257.81  2.30138e-09  6.95283e-12
      1258.13  2.80146e-09  7.81789e-12
      1258.45  2.80391e-09  7.94955e-12
      1258.76  2.94600e-09  8.02282e-12
      1259.08  5.19030e-09  9.60084e-12
      1259.40  1.07941e-08  1.32373e-11
      1259.72  1.47458e-08  1.53521e-11
      1260.03  1.10434e-08  1.28613e-11
      1260.35  8.01644e-09  1.08354e-11
      1260.67  1.03294e-08  1.34980e-11
      1260.99  9.44273e-09  1.32953e-11
      1261.30  7.47835e-09  1.19615e-11
      1261.62  9.54510e-09  1.43380e-11
      1261.94  9.87412e-09  1.39688e-11
      1262.26  1.04046e-08  1.44436e-11
      1262.58  7.30741e-09  1.13185e-11
      1262.90  7.55506e-09  1.13073e-11
      1263.22  1.26151e-08  1.57511e-11
      1263.54  1.01962e-08  1.39661e-11
      1263.86  6.12689e-09  1.12302e-11
      1264.17  4.84579e-09  1.07248e-11
      1264.49  3.56319e-09  9.38287e-12
      1264.81  3.82262e-09  9.24121e-12
      1265.13  7.74262e-09  1.22559e-11
      1265.45  1.22060e-08  1.47833e-11
      1265.77  1.09771e-08  1.34090e-11
      1266.10  5.89297e-09  9.77518e-12
      1266.42  2.97559e-09  7.37049e-12
      1266.74  2.55047e-09  7.28035e-12
      1267.06  3.45370e-09  7.96486e-12
      1267.38  7.36586e-09  1.09513e-11
      1267.70  1.35760e-08  1.49199e-11
      1268.02  1.46906e-08  1.43235e-11
      1268.34  1.42979e-08  1.34070e-11
      1268.67  1.30555e-08  1.22478e-11
      1268.99  1.27679e-08  1.25546e-11
      1269.31  9.84646e-09  1.11805e-11
      1269.63  6.37013e-09  9.49195e-12
      1269.95  5.20056e-09  9.12105e-12
      1270.28  6.50899e-09  1.01232e-11
      1270.60  1.10475e-08  1.32502e-11
      1270.92  1.32439e-08  1.39118e-11
      1271.25  1.45268e-08  1.42584e-11
      1271.57  1.43225e-08  1.45272e-11
      1271.89  8.39321e-09  1.11135e-11
      1272.22  3.69927e-09  8.01462e-12
      1272.54  2.30673e-09  7.13249e-12
      1272.86  1.91798e-09  7.21720e-12
      1273.19  1.80935e-09  7.18156e-12
      1273.51  2.15956e-09  7.21189e-12
      1273.84  3.36079e-09  8.41313e-12
      1274.16  4.42935e-09  9.01467e-12
      1274.49  5.66107e-09  9.32058e-12
      1274.81  1.03312e-08  1.28033e-11
      1275.14  1.44676e-08  1.54486e-11
      1275.46  1.29776e-08  1.48601e-11
      1275.79  8.39991e-09  1.21865e-11
      1276.11  5.38273e-09  9.78787e-12
      1276.44  6.55344e-09  1.05934e-11
      1276.76  1.30041e-08  1.49307e-11
      1277.09  1.29272e-08  1.25777e-11
      1277.42  1.29727e-08  1.24808e-11
      1277.74  9.09986e-09  1.03948e-11
      1278.07  4.16317e-09  7.35545e-12
      1278.40  2.48414e-09  6.44273e-12
      1278.72  1.98517e-09  6.22478e-12
      1279.05  1.97339e-09  6.40721e-12
      1279.38  2.56163e-09  6.87358e-12
      1279.71  3.80675e-09  7.86483e-12
      1280.03  4.96038e-09  8.78580e-12
      1280.36  4.56099e-09  8.30167e-12
      1280.69  4.76701e-09  8.73331e-12
      1281.02  6.29137e-09  1.03856e-11
      1281.34  9.35139e-09  1.34207e-11
      1281.67  1.14544e-08  1.79534e-11
      1282.00  8.03188e-09  1.46273e-11
      1282.33  9.02896e-09  1.29391e-11
      1282.66  1.39346e-08  1.57780e-11
      1282.99  1.80371e-08  1.72381e-11
      1283.32  1.80622e-08  1.65441e-11
      1283.65  1.25811e-08  1.37213e-11
      1283.98  6.54259e-09  1.01061e-11
      1284.31  3.73726e-09  8.24583e-12
      1284.64  2.80765e-09  7.53506e-12
      1284.97  2.78670e-09  7.22475e-12
      1285.30  3.27575e-09  7.53580e-12
      1285.63  2.80469e-09  6.42897e-12
      1285.96  2.59746e-09  5.89285e-12
      1286.29  3.96357e-09  7.11883e-12
      1286.62  5.64022e-09  8.76810e-12
      1286.95  5.08960e-09  8.52209e-12
      1287.28  6.29740e-09  9.65924e-12
      1287.61  1.17062e-08  1.41273e-11
      1287.95  1.38500e-08  1.52455e-11
      1288.28  1.36882e-08  1.50485e-11
      1288.61  1.35960e-08  1.45930e-11
      1288.94  1.37441e-08  1.50252e-11
      1289.27  9.57264e-09  1.22409e-11
      1289.61  6.93132e-09  1.09314e-11
      1289.94  5.56626e-09  1.04481e-11
      1290.27  3.75416e-09  8.87434e-12
      1290.61  3.24853e-09  8.71728e-12
      1290.94  2.54232e-09  7.67067e-12
      1291.27  1.91739e-09  6.44182e-12
      1291.61  2.20594e-09  6.32597e-12
      1291.94  3.48596e-09  7.18646e-12
      1292.27  5.94407e-09  8.84940e-12
      1292.61  8.59288e-09  1.08406e-11
      1292.94  6.42061e-09  9.29260e-12
      1293.28  4.76028e-09  8.29246e-12
      1293.61  6.23237e-09  9.65184e-12
      1293.95  8.15098e-09  1.04764e-11
      1294.28  1.22240e-08  1.26796e-11
      1294.62  1.38095e-08  1.37345e-11
      1294.95  1.15706e-08  1.23896e-11
      1295.29  1.09913e-08  1.25791e-11
      1295.62  9.43859e-09  1.23466e-11
      1295.96  6.88993e-09  1.10299e-11
      1296.29  5.91930e-09  1.06980e-11
      1296.63  6.14141e-09  1.10119e-11
      1296.97  7.72243e-09  1.18348e-11
      1297.30  1.21948e-08  1.40833e-11
      1297.64  1.63151e-08  1.59883e-11
      1297.98  1.38063e-08  1.44394e-11
      1298.31  8.59460e-09  1.13355e-11
      1298.65  4.82157e-09  8.76708e-12
      1298.99  3.69456e-09  7.80159e-12
      1299.33  6.43972e-09  9.91243e-12
      1299.66  1.16322e-08  1.29203e-11
      1300.00  1.31179e-08  1.28333e-11
      1300.34  1.12859e-08  1.16382e-11
      1300.68  7.70513e-09  9.20774e-12
      1301.02  8.06403e-09  9.54091e-12
      1301.35  1.41347e-08  1.37804e-11
      1301.69  1.69498e-08  1.56173e-11
      1302.03  1.64341e-08  1.63521e-11
      1302.37  1.45109e-08  1.53445e-11
      1302.71  1.69711e-08  1.71147e-11
      1303.05  1.85732e-08  1.71017e-11
      1303.39  2.14745e-08  1.84097e-11
      1303.73  2.31439e-08  1.90492e-11
      1304.07  2.12937e-08  1.81192e-11
      1304.41  2.16865e-08  1.88011e-11
      1304.75  2.30720e-08  1.96018e-11
      1305.09  2.42069e-08  1.96481e-11
      1305.43  2.89523e-08  2.08065e-11
      1305.77  3.47094e-08  2.15231e-11
      1306.11  3.48603e-08  2.08225e-11
      1306.46  2.28837e-08  1.59611e-11
      1306.80  1.06152e-08  1.06407e-11
      1307.14  5.39203e-09  8.18728e-12
      1307.48  3.64608e-09  7.32703e-12
      1307.82  2.90043e-09  7.09369e-12
      1308.16  2.91420e-09  7.30924e-12
      1308.51  3.53004e-09  8.16390e-12
      1308.85  2.85807e-09  7.08543e-12
      1309.19  2.08653e-09  6.29173e-12
      1309.53  1.92169e-09  6.21336e-12
      1309.88  1.89506e-09  6.25981e-12
      1310.22  2.03013e-09  6.64045e-12
      1310.56  2.58665e-09  7.63142e-12
      1310.91  4.71052e-09  9.38623e-12
      1311.25  9.23025e-09  1.30253e-11
      1311.60  9.17582e-09  1.21641e-11
      1311.94  5.21359e-09  8.53766e-12
      1312.28  2.69877e-09  6.13148e-12
      1312.63  1.87829e-09  5.38517e-12
      1312.97  1.63098e-09  5.26547e-12
      1313.32  2.15865e-09  5.96282e-12
      1313.66  3.63222e-09  7.92260e-12
      1314.01  2.99522e-09  7.24178e-12
      1314.35  1.71502e-09  5.98492e-12
      1314.70  1.35483e-09  5.41159e-12
      1315.05  1.36401e-09  5.44470e-12
      1315.39  1.52154e-09  5.74462e-12
      1315.74  1.91223e-09  6.30811e-12
      1316.08  2.87728e-09  7.54205e-12
      1316.43  5.86771e-09  1.06171e-11
      1316.78  1.04069e-08  1.49847e-11
      1317.12  8.16428e-09  1.32429e-11
      1317.47  3.68707e-09  8.00912e-12
      1317.82  2.20770e-09  6.18341e-12
      1318.17  2.25505e-09  5.83626e-12
      1318.51  3.74894e-09  7.18920e-12
      1318.86  4.66693e-09  8.13718e-12
      1319.21  3.11938e-09  6.90746e-12
      1319.56  1.83739e-09  6.56986e-12
      1319.91  1.88403e-09  8.01940e-12
      1320.25  1.88720e-09  6.74524e-12
      1320.60  1.88842e-09  6.16049e-12
      1320.95  2.29112e-09  6.54069e-12
      1321.30  3.26800e-09  7.56897e-12
      1321.65  6.69678e-09  1.04760e-11
      1322.00  1.29154e-08  1.57568e-11
      1322.35  1.10433e-08  1.45558e-11
      1322.70  5.31799e-09  1.01235e-11
      1323.05  3.29356e-09  8.13303e-12
      1323.40  3.67296e-09  8.02961e-12
      1323.75  4.35617e-09  8.06504e-12
      1324.10  4.53581e-09  7.87155e-12
      1324.45  3.32799e-09  6.70467e-12
      1324.80  2.34808e-09  5.97223e-12
      