227
      1249.95  7.99348e-09  1.39379e-11
      1250.27  4.03275e-09  9.91090e-12
      1250.58  1.54043e-09  6.83239e-12
      1250.89  1.16083e-09  6.17860e-12
      1251.20  1.41847e-09  5.95308e-12
      1251.52  2.06682e-09  6.53930e-12
      1251.83  3.44588e-09  8.11095e-12
      1252.14  4.38489e-09  9.11140e-12
      1252.46  4.16421e-09  9.24260e-12
      1252.77  3.76015e-09  8.60695e-12
      1253.09  6.26515e-09  1.03423e-11
      1253.40  1.22873e-08  1.37632e-11
      1253.71  1.56532e-08  1.51178e-11
      1254.03  9.42603e-09  1.09843e-11
      1254.34  4.39342e-09  7.53541e-12
      1254.66  5.46400e-09  8.39314e-12
      1254.97  8.83720e-09  1.13712e-11
      1255.29  6.01951e-09  9.57476e-12
      1255.60  2.70163e-09  7.12484e-12
      1255.92  3.00430e-09  7.71564e-12
      1256.23  5.10417e-09  9.08036e-12
      1256.55  8.15345e-09  1.11837e-11
      1256.87  5.97399e-09  9.21468e-12
      1257.18  2.75314e-09  6.57451e-12
      1257.50  2.04589e-09  6.15646e-12
      1257.81  2.30604e-09  6.59718e-12
      1258.13  2.81720e-09  7.50394e-12
      1258.45  2.80564e-09  7.72242e-12
      1258.76  2.94599e-09  7.79795e-12
      1259.08  5.20803e-09  9.49583e-12
      1259.40  1.08170e-08  1.29070e-11
      1259.72  1.47547e-08  1.49438e-11
      1260.03  1.10168e-08  1.24309e-11
      1260.35  7.98466e-09  1.04795e-11
      1260.67  1.03403e-08  1.28570e-11
      1260.99  9.45510e-09  1.25093e-11
      1261.30  7.45299e-09  1.09694e-11
      1261.62  9.54587e-09  1.28539e-11
      1261.94  9.84837e-09  1.22223e-11
      1262.26  1.04145e-08  1.24736e-11
      1262.58  7.32839e-09  9.61616e-12
      1262.90  7.56650e-09  9.36357e-12
      1263.22  1.25478e-08  1.26982e-11
      1263.54  1.02153e-08  1.11475e-11
      1263.86  6.15193e-09  8.87191e-12
      1264.17  4.84313e-09  8.27824e-12
      1264.49  3.58473e-09  7.21212e-12
      1264.81  3.85750e-09  6.94951e-12
      1265.13  7.75728e-09  9.18410e-12
      1265.45  1.21972e-08  1.11384e-11
      1265.77  1.09578e-08  1.02169e-11
      1266.10  5.90204e-09  7.46221e-12
      1266.42  2.99228e-09  5.81643e-12
      1266.74  2.57676e-09  5.76943e-12
      1267.06  3.48862e-09  6.65384e-12
      1267.38  7.40396e-09  9.42453e-12
      1267.70  1.36497e-08  1.29274e-11
      1268.02  1.47215e-08  1.28179e-11
      1268.34  1.43157e-08  1.25194e-11
      1268.67  1.30184e-08  1.16777e-11
      1268.99  1.27934e-08  1.22227e-11
      1269.31  9.83117e-09  1.09219e-11
      1269.63  6.36491e-09  9.46084e-12
      1269.95  5.21567e-09  8.90960e-12
      1270.28  6.47927e-09  9.68087e-12
      1270.60  1.10810e-08  1.27423e-11
      1270.92  1.32298e-08  1.31200e-11
      1271.25  1.45143e-08  1.31737e-11
      1271.57  1.43850e-08  1.31226e-11
      1271.89  8.38513e-09  9.77905e-12
      1272.22  3.66275e-09  6.81547e-12
      1272.54  2.29164e-09  6.07395e-12
      1272.86  1.92140e-09  5.87052e-12
      1273.19  1.81611e-09  5.71934e-12
      1273.51  2.16705e-09  5.66234e-12
      1273.84  3.34922e-09  6.37620e-12
      1274.16  4.41181e-09  6.74659e-12
      1274.49  5.71359e-09  7.04864e-12
      1274.81  1.03258e-08  9.64186e-12
      1275.14  1.43985e-08  1.16468e-11
      1275.46  1.29504e-08  1.13918e-11
      1275.79  8.40698e-09  9.47650e-12
      1276.11  5.40484e-09  7.84419e-12
      1276.44  6.40812e-09  9.14397e-12
      1276.76  1.31489e-08  1.37846e-11
      1277.09  1.29242e-08  1.13641e-11
      1277.42  1.29806e-08  1.15536e-11
      1277.74  9.07952e-09  9.84883e-12
      1278.07  4.18369e-09  7.11615e-12
      1278.40  2.48637e-09  6.26580e-12
      1278.72  1.97192e-09  5.98538e-12
      1279.05  1.96963e-09  6.10105e-12
      1279.38  2.58079e-09  6.56378e-12
      1279.71  3.83554e-09  7.37606e-12
      1280.03  5.00011e-09  8.12846e-12
      1280.36  4.54658e-09  7.50452e-12
      1280.69  4.77835e-09  7.65817e-12
      1281.02  6.35185e-09  8.79029e-12
      1281.34  9.34827e-09  1.10100e-11
      1281.67  1.14988e-08  1.39476e-11
      1282.00  8.12028e-09  1.09107e-11
      1282.33  8.97685e-09  9.89070e-12
      1282.66  1.40324e-08  1.18403e-11
      1282.99  1.80414e-08  1.28426e-11
      1283.32  1.80586e-08  1.25846e-11
      1283.65  1.25701e-08  1.04889e-11
      1283.98  6.52199e-09  7.89210e-12
      1284.31  3.76641e-09  7.06788e-12
      1284.64  2.78111e-09  6.63072e-12
      1284.97  2.77853e-09  6.26672e-12
      1285.30  3.25657e-09  6.78258e-12
      1285.63  2.80217e-09  6.09083e-12
      1285.96  2.59719e-09  5.67103e-12
      1286.29  3.95875e-09  6.99283e-12
      1286.62  5.63045e-09  8.63277e-12
      1286.95  5.10858e-09  8.32569e-12
      1287.28  6.32110e-09  9.27525e-12
      1287.61  1.16795e-08  1.34611e-11
      1287.95  1.38690e-08  1.41536e-11
      1288.28  1.37167e-08  1.35463e-11
      1288.61  1.36004e-08  1.26856e-11
      1288.94  1.36758e-08  1.25547e-11
      1289.27  9.59342e-09  9.97936e-12
      1289.61  6.92333e-09  8.66100e-12
      1289.94  5.54300e-09  8.06165e-12
      1290.27  3.75984e-09  6.79119e-12
      1290.61  3.23814e-09  6.57409e-12
      1290.94  2.54311e-09  5.79426e-12
      1291.27  1.93093e-09  4.95041e-12
      1291.61  2.19952e-09  4.91503e-12
      1291.94  3.47659e-09  5.84862e-12
      1292.27  5.94231e-09  7.54296e-12
      1292.61  8.64568e-09  9.66887e-12
      1292.94  6.38678e-09  8.50065e-12
      1293.28  4.74188e-09  7.90203e-12
      1293.61  6.24348e-09  9.37276e-12
      1293.95  8.12827e-09  1.02435e-11
      1294.28  1.22318e-08  1.23853e-11
      1294.62  1.38286e-08  1.31425e-11
      1294.95  1.15585e-08  1.16675e-11
      1295.29  1.09674e-08  1.14807e-11
      1295.62  9.40752e-09  1.08826e-11
      1295.96  6.84807e-09  9.33980e-12
      1296.29  5.90167e-09  8.85415e-12
      1296.63  6.14871e-09  8.78882e-12
      1296.97  7.72999e-09  9.12822e-12
      1297.30  1.21633e-08  1.06823e-11
      1297.64  1.62890e-08  1.20554e-11
      1297.98  1.37775e-08  1.08925e-11
      1298.31  8.57813e-09  8.72358e-12
      1298.65  4.81972e-09  6.86360e-12
      1298.99  3.70714e-09  6.41616e-12
      1299.33  6.45923e-09  8.47272e-12
      1299.66  1.16175e-08  1.15884e-11
      1300.00  1.31012e-08  1.20291e-11
      1300.34  1.12624e-08  1.12174e-11
      1300.68  7.70574e-09  9.06978e-12
      1301.02  8.06768e-09  9.41852e-12
      1301.35  1.41045e-08  1.33109e-11
      1301.69  1.69008e-08  1.47914e-11
      1302.03  1.64182e-08  1.51258e-11
      1302.37  1.45186e-08  1.36924e-11
      1302.71  1.69776e-08  1.46108e-11
      1303.05  1.85382e-08  1.40902e-11
      1303.39  2.14540e-08  1.44699e-11
      1303.73  2.31513e-08  1.47962e-11
      1304.07  2.12714e-08  1.37425e-11
      1304.41  2.16521e-08  1.41268e-11
      1304.75  2.30536e-08  1.48479e-11
      1305.09  2.41568e-08  1.52277e-11
      1305.43  2.89154e-08  1.67598e-11
      1305.77  3.46517e-08  1.80812e-11
      1306.11  3.48124e-08  1.83580e-11
      1306.46  2.28003e-08  1.46603e-11
      1306.80  1.05449e-08  1.01557e-11
      1307.14  5.36251e-09  8.06873e-12
      1307.48  3.63553e-09  7.21742e-12
      1307.82  2.89983e-09  6.81305e-12
      1308.16  2.91565e-09  6.93756e-12
      1308.51  3.53229e-09  7.45798e-12
      1308.85  2.85193e-09  6.38984e-12
      1309.19  2.08025e-09  5.34597e-12
      1309.53  1.93435e-09  5.15020e-12
      1309.88  1.89970e-09  5.08313e-12
      1310.22  2.02985e-09  5.14160e-12
      1310.56  2.58765e-09  5.78185e-12
      1310.91  4.73312e-09  7.16017e-12
      1311.25  9.22054e-09  1.00878e-11
      1311.60  9.16690e-09  9.70206e-12
      1311.94  5.20558e-09  7.13116e-12
      1312.28  2.69538e-09  5.38605e-12
      1312.63  1.87937e-09  4.99595e-12
      1312.97  1.63428e-09  4.97513e-12
      1313.32  2.16800e-09  5.81830e-12
      1313.66  3.59485e-09  7.72079e-12
      1314.01  3.01037e-09  7.20914e-12
      1314.35  1.73636e-09  5.67465e-12
      1314.70  1.36687e-09  5.06018e-12
      1315.05  1.36291e-09  4.79784e-12
      1315.39  1.52332e-09  4.73283e-12
      1315.74  1.91707e-09  5.27322e-12
      1316.08  2.90215e-09  6.03909e-12
      1316.43  5.88799e-09  8.10656e-12
      1316.78  1.02940e-08  1.09535e-11
      1317.12  8.13042e-09  9.36018e-12
      1317.47  3.69969e-09  6.26722e-12
      1317.82  2.19459e-09  5.03706e-12
      1318.17  2.27155e-09  4.97538e-12
      1318.51  3.76398e-09  6.62915e-12
      1318.86  4.65540e-09  7.72527e-12
      1319.21  3.14609e-09  6.73429e-12
      1319.56  1.87462e-09  6.84259e-12
      1319.91  1.87329e-09  4.97848e-12
      1320.25  1.87512e-09  6.62983e-12
      1320.60  1.88218e-09  5.61540e-12
      1320.95  2.28487e-09  5.76268e-12
      1321.30  3.29064e-09  6.23649e-12
      1321.65  6.75014e-09  8.37376e-12
      1322.00  1.27866e-08  1.21606e-11
      1322.35  1.10091e-08  1.10882e-11
      1322.70  5.34768e-09  7.63589e-12
      1323.05  3.31725e-09  6.25236e-12
      1323.40  3.66960e-09  6.42800e-12
      1323.75  4.36048e-09  6.71574e-12
      1324.10  4.50942e-09  6.98657e-12
      1324.45  3.32862e-09  6.22809e-12
      1324.80  2.35797e-09  5.81151e-12
      