227
      1249.95  8.12119e-09  1.46599e-11
      1250.27  4.14387e-09  1.08854e-11
      1250.58  1.61040e-09  7.64249e-12
      1250.89  1.20075e-09  6.78462e-12
      1251.20  1.45305e-09  7.14114e-12
      1251.52  2.11325e-09  7.62200e-12
      1251.83  3.51455e-09  9.69877e-12
      1252.14  4.46689e-09  1.13503e-11
      1252.46  4.26946e-09  1.15749e-11
      1252.77  3.86313e-09  1.18038e-11
      1253.09  6.39720e-09  1.38915e-11
      1253.40  1.25703e-08  1.81652e-11
      1253.71  1.61547e-08  2.05976e-11
      1254.03  9.59040e-09  1.50077e-11
      1254.34  4.47520e-09  1.02975e-11
      1254.66  5.63284e-09  1.17318e-11
      1254.97  9.10035e-09  1.60429e-11
      1255.29  6.21069e-09  1.34383e-11
      1255.60  2.79112e-09  1.00327e-11
      1255.92  3.09134e-09  1.10931e-11
      1256.23  5.30741e-09  1.23347e-11
      1256.55  8.44453e-09  1.52209e-11
      1256.87  6.19348e-09  1.22265e-11
      1257.18  2.86111e-09  8.38287e-12
      1257.50  2.13920e-09  7.77079e-12
      1257.81  2.41398e-09  8.32316e-12
      1258.13  2.93059e-09  9.07423e-12
      1258.45  2.93122e-09  9.25280e-12
      1258.76  3.06812e-09  9.04843e-12
      1259.08  5.42400e-09  1.04580e-11
      1259.40  1.12357e-08  1.40144e-11
      1259.72  1.52794e-08  1.58288e-11
      1260.03  1.14972e-08  1.29153e-11
      1260.35  8.44212e-09  1.05605e-11
      1260.67  1.08492e-08  1.25780e-11
      1260.99  9.99659e-09  1.20980e-11
      1261.30  8.00539e-09  1.07326e-11
      1261.62  1.00165e-08  1.27005e-11
      1261.94  1.01358e-08  1.27988e-11
      1262.26  1.05871e-08  1.33471e-11
      1262.58  7.44803e-09  1.05346e-11
      1262.90  7.74874e-09  1.03936e-11
      1263.22  1.28650e-08  1.46157e-11
      1263.54  1.03676e-08  1.30600e-11
      1263.86  6.25657e-09  1.06805e-11
      1264.17  4.95869e-09  1.03685e-11
      1264.49  3.63619e-09  9.18865e-12
      1264.81  3.90880e-09  9.09159e-12
      1265.13  7.92854e-09  1.24120e-11
      1265.45  1.25049e-08  1.52928e-11
      1265.77  1.12460e-08  1.41753e-11
      1266.10  6.03583e-09  1.04531e-11
      1266.42  3.06513e-09  8.18226e-12
      1266.74  2.63403e-09  8.20970e-12
      1267.06  3.57179e-09  9.26097e-12
      1267.38  7.59513e-09  1.28472e-11
      1267.70  1.39798e-08  1.72601e-11
      1268.02  1.51894e-08  1.66958e-11
      1268.34  1.47485e-08  1.57287e-11
      1268.67  1.34450e-08  1.42231e-11
      1268.99  1.31857e-08  1.42666e-11
      1269.31  1.02188e-08  1.24925e-11
      1269.63  6.61257e-09  1.02228e-11
      1269.95  5.44682e-09  9.50189e-12
      1270.28  6.81038e-09  1.01667e-11
      1270.60  1.15283e-08  1.28506e-11
      1270.92  1.38529e-08  1.30288e-11
      1271.25  1.52265e-08  1.29208e-11
      1271.57  1.50158e-08  1.26956e-11
      1271.89  8.85858e-09  9.52305e-12
      1272.22  3.92313e-09  6.75338e-12
      1272.54  2.41185e-09  6.26038e-12
      1272.86  1.97711e-09  6.50017e-12
      1273.19  1.87222e-09  6.59070e-12
      1273.51  2.22973e-09  6.84073e-12
      1273.84  3.44691e-09  7.99132e-12
      1274.16  4.51533e-09  8.63990e-12
      1274.49  5.76112e-09  9.31711e-12
      1274.81  1.05789e-08  1.32528e-11
      1275.14  1.48324e-08  1.64346e-11
      1275.46  1.32777e-08  1.60988e-11
      1275.79  8.59032e-09  1.33893e-11
      1276.11  5.54503e-09  1.09025e-11
      1276.44  7.32726e-09  1.20535e-11
      1276.76  1.26516e-08  1.57306e-11
      1277.09  1.32172e-08  1.47647e-11
      1277.42  1.34121e-08  1.47371e-11
      1277.74  9.40104e-09  1.21602e-11
      1278.07  4.32222e-09  8.35949e-12
      1278.40  2.58406e-09  7.29785e-12
      1278.72  2.04202e-09  6.58435e-12
      1279.05  2.02822e-09  6.34294e-12
      1279.38  2.65893e-09  6.72201e-12
      1279.71  3.99048e-09  7.40246e-12
      1280.03  5.21833e-09  7.98988e-12
      1280.36  4.80464e-09  7.29785e-12
      1280.69  5.05107e-09  7.58177e-12
      1281.02  6.69442e-09  8.76879e-12
      1281.34  9.90133e-09  1.11308e-11
      1281.67  1.18205e-08  1.33984e-11
      1282.00  9.06909e-09  1.23982e-11
      1282.33  9.27138e-09  1.24275e-11
      1282.66  1.42723e-08  1.53043e-11
      1282.99  1.83269e-08  1.71209e-11
      1283.32  1.83590e-08  1.72949e-11
      1283.65  1.28201e-08  1.46893e-11
      1283.98  6.72640e-09  1.10851e-11
      1284.31  3.84885e-09  9.17820e-12
      1284.64  2.89768e-09  8.49908e-12
      1284.97  2.87566e-09  8.54460e-12
      1285.30  3.36720e-09  9.11308e-12
      1285.63  2.90288e-09  7.60698e-12
      1285.96  2.69606e-09  6.81897e-12
      1286.29  4.09800e-09  7.98805e-12
      1286.62  5.81742e-09  9.55045e-12
      1286.95  5.27227e-09  8.72580e-12
      1287.28  6.57693e-09  9.52865e-12
      1287.61  1.21766e-08  1.33613e-11
      1287.95  1.44586e-08  1.39077e-11
      1288.28  1.43947e-08  1.33176e-11
      1288.61  1.43448e-08  1.25681e-11
      1288.94  1.45410e-08  1.27669e-11
      1289.27  1.01245e-08  1.03537e-11
      1289.61  7.34371e-09  9.71021e-12
      1289.94  5.72215e-09  9.99339e-12
      1290.27  3.83151e-09  8.76609e-12
      1290.61  3.33069e-09  8.78628e-12
      1290.94  2.61034e-09  8.02255e-12
      1291.27  1.97299e-09  7.03527e-12
      1291.61  2.27148e-09  7.00893e-12
      1291.94  3.59379e-09  8.20641e-12
      1292.27  6.11474e-09  1.03727e-11
      1292.61  8.85346e-09  1.28681e-11
      1292.94  6.62732e-09  1.09445e-11
      1293.28  4.93257e-09  9.84171e-12
      1293.61  6.49450e-09  1.10813e-11
      1293.95  8.43420e-09  1.15908e-11
      1294.28  1.26033e-08  1.32645e-11
      1294.62  1.42751e-08  1.33581e-11
      1294.95  1.20948e-08  1.15665e-11
      1295.29  1.15312e-08  1.13664e-11
      1295.62  9.89848e-09  1.07863e-11
      1295.96  7.23633e-09  9.39492e-12
      1296.29  6.31347e-09  9.17835e-12
      1296.63  6.61168e-09  9.42114e-12
      1296.97  8.14192e-09  1.03590e-11
      1297.30  1.24151e-08  1.34494e-11
      1297.64  1.66178e-08  1.61197e-11
      1297.98  1.40667e-08  1.48527e-11
      1298.31  8.79910e-09  1.21610e-11
      1298.65  4.95393e-09  9.67523e-12
      1298.99  3.82519e-09  8.84435e-12
      1299.33  6.65212e-09  1.14374e-11
      1299.66  1.19178e-08  1.51391e-11
      1300.00  1.34893e-08  1.51742e-11
      1300.34  1.16275e-08  1.35473e-11
      1300.68  7.97890e-09  1.03909e-11
      1301.02  8.35899e-09  1.01221e-11
      1301.35  1.45800e-08  1.37958e-11
      1301.69  1.75216e-08  1.48991e-11
      1302.03  1.70768e-08  1.48616e-11
      1302.37  1.51941e-08  1.35154e-11
      1302.71  1.78118e-08  1.47032e-11
      1303.05  1.95469e-08  1.45693e-11
      1303.39  2.26536e-08  1.55894e-11
      1303.73  2.43620e-08  1.67269e-11
      1304.07  2.19441e-08  1.73001e-11
      1304.41  2.20526e-08  1.89581e-11
      1304.75  2.34467e-08  2.05256e-11
      1305.09  2.46498e-08  2.15164e-11
      1305.43  2.94701e-08  2.36998e-11
      1305.77  3.53057e-08  2.51059e-11
      1306.11  3.53920e-08  2.45898e-11
      1306.46  2.33228e-08  1.89268e-11
      1306.80  1.09723e-08  1.25538e-11
      1307.14  5.60388e-09  9.45441e-12
      1307.48  3.78205e-09  7.99881e-12
      1307.82  3.03823e-09  7.31250e-12
      1308.16  3.06627e-09  7.08387e-12
      1308.51  3.68652e-09  7.50424e-12
      1308.85  3.00069e-09  6.35329e-12
      1309.19  2.21163e-09  5.45110e-12
      1309.53  2.05046e-09  5.58699e-12
      1309.88  2.02192e-09  5.50392e-12
      1310.22  2.14984e-09  6.07666e-12
      1310.56  2.68197e-09  7.40009e-12
      1310.91  4.86739e-09  9.80944e-12
      1311.25  9.39367e-09  1.40938e-11
      1311.60  9.33783e-09  1.36011e-11
      1311.94  5.34666e-09  9.73513e-12
      1312.28  2.79341e-09  7.33143e-12
      1312.63  1.99844e-09  6.37495e-12
      1312.97  1.79922e-09  6.12441e-12
      1313.32  2.30156e-09  6.69161e-12
      1313.66  3.78322e-09  8.58644e-12
      1314.01  3.09404e-09  7.54095e-12
      1314.35  1.77808e-09  5.71704e-12
      1314.70  1.41245e-09  4.99728e-12
      1315.05  1.41593e-09  4.78167e-12
      1315.39  1.60206e-09  4.89009e-12
      1315.74  2.04246e-09  5.55150e-12
      1316.08  3.10075e-09  6.70706e-12
      1316.43  6.19640e-09  9.56556e-12
      1316.78  1.06962e-08  1.44403e-11
      1317.12  8.30386e-09  1.29393e-11
      1317.47  3.73148e-09  8.80518e-12
      1317.82  2.25158e-09  7.06100e-12
      1318.17  2.30935e-09  6.70324e-12
      1318.51  3.89358e-09  8.51688e-12
      1318.86  4.86680e-09  9.63541e-12
      1319.21  3.23588e-09  7.95499e-12
      1319.56  1.88758e-09  6.83789e-12
      1319.91  1.95761e-09  6.66370e-12
      1320.25  1.97406e-09  6.18894e-12
      1320.60  1.97057e-09  5.57075e-12
      1320.95  2.41468e-09  5.74405e-12
      1321.30  3.47570e-09  6.42128e-12
      1321.65  7.19706e-09  9.01434e-12
      1322.00  1.38116e-08  1.37805e-11
      1322.35  1.17933e-08  1.31739e-11
      1322.70  5.56793e-09  1.01435e-11
      1323.05  3.36454e-09  8.71372e-12
      1323.40  3.77021e-09  8.93417e-12
      1323.75  4.48090e-09  9.24353e-12
      1324.10  4.69438e-09  9.23831e-12
      1324.45  3.43636e-09  7.85693e-12
      1324.80  2.44428e-09  6.93434e-12
      