227
      1249.95  8.59573e-09  1.44272e-11
      1250.27  4.37788e-09  1.07418e-11
      1250.58  1.66869e-09  7.53897e-12
      1250.89  1.25929e-09  6.72431e-12
      1251.20  1.53317e-09  6.47265e-12
      1251.52  2.23756e-09  6.90296e-12
      1251.83  3.72523e-09  8.40443e-12
      1252.14  4.75387e-09  9.47676e-12
      1252.46  4.52859e-09  9.56973e-12
      1252.77  4.09177e-09  9.09241e-12
      1253.09  6.76057e-09  1.10012e-11
      1253.40  1.31904e-08  1.48048e-11
      1253.71  1.68549e-08  1.64337e-11
      1254.03  1.00449e-08  1.17389e-11
      1254.34  4.71630e-09  7.83921e-12
      1254.66  5.91280e-09  8.67209e-12
      1254.97  9.46612e-09  1.17103e-11
      1255.29  6.49521e-09  9.67114e-12
      1255.60  2.96515e-09  7.13350e-12
      1255.92  3.26228e-09  7.75857e-12
      1256.23  5.55165e-09  9.50909e-12
      1256.55  8.72826e-09  1.18077e-11
      1256.87  6.40464e-09  9.69475e-12
      1257.18  2.99406e-09  6.75260e-12
      1257.50  2.23341e-09  6.16473e-12
      1257.81  2.50599e-09  6.67313e-12
      1258.13  3.03607e-09  7.53987e-12
      1258.45  3.04710e-09  7.89303e-12
      1258.76  3.19448e-09  8.11539e-12
      1259.08  5.60293e-09  1.00690e-11
      1259.40  1.16157e-08  1.39838e-11
      1259.72  1.58232e-08  1.60330e-11
      1260.03  1.17317e-08  1.31277e-11
      1260.35  8.48150e-09  1.08679e-11
      1260.67  1.11546e-08  1.34085e-11
      1260.99  1.01639e-08  1.29419e-11
      1261.30  7.89333e-09  1.12886e-11
      1261.62  1.02796e-08  1.37685e-11
      1261.94  1.05809e-08  1.34300e-11
      1262.26  1.07833e-08  1.47801e-11
      1262.58  7.64569e-09  1.12398e-11
      1262.90  8.04208e-09  1.05919e-11
      1263.22  1.23479e-08  1.17899e-11
      1263.54  1.04425e-08  1.25419e-11
      1263.86  6.70521e-09  9.38149e-12
      1264.17  5.25536e-09  8.74771e-12
      1264.49  3.89981e-09  7.58261e-12
      1264.81  4.23471e-09  7.55320e-12
      1265.13  8.39895e-09  9.92926e-12
      1265.45  1.28168e-08  1.23184e-11
      1265.77  1.12402e-08  1.12091e-11
      1266.10  6.33156e-09  7.78150e-12
      1266.42  3.60162e-09  6.22571e-12
      1266.74  3.15118e-09  6.16054e-12
      1267.06  3.75865e-09  6.73941e-12
      1267.38  7.93275e-09  9.65736e-12
      1267.70  1.46974e-08  1.37859e-11
      1268.02  1.56105e-08  1.35426e-11
      1268.34  1.54070e-08  1.34196e-11
      1268.67  1.37421e-08  1.22248e-11
      1268.99  1.35226e-08  1.34882e-11
      1269.31  1.02835e-08  1.15962e-11
      1269.63  6.77359e-09  9.52370e-12
      1269.95  5.59283e-09  1.00969e-11
      1270.28  6.84995e-09  1.02281e-11
      1270.60  1.19188e-08  1.40238e-11
      1270.92  1.41829e-08  1.46109e-11
      1271.25  1.54180e-08  1.44879e-11
      1271.57  1.52482e-08  1.41455e-11
      1271.89  9.04000e-09  1.04420e-11
      1272.22  3.95660e-09  7.16917e-12
      1272.54  2.49560e-09  6.14412e-12
      1272.86  2.09398e-09  6.55640e-12
      1273.19  1.99838e-09  6.08798e-12
      1273.51  2.39844e-09  6.25676e-12
      1273.84  3.62891e-09  6.97935e-12
      1274.16  4.76285e-09  7.37758e-12
      1274.49  6.29467e-09  7.72025e-12
      1274.81  1.10776e-08  1.01490e-11
      1275.14  1.52508e-08  1.21068e-11
      1275.46  1.37795e-08  1.16541e-11
      1275.79  9.07833e-09  9.79140e-12
      1276.11  6.16327e-09  8.71313e-12
      1276.44  8.21466e-09  9.96403e-12
      1276.76  1.31061e-08  1.21766e-11
      1277.09  1.36369e-08  1.16197e-11
      1277.42  1.40051e-08  1.21099e-11
      1277.74  9.56072e-09  9.88562e-12
      1278.07  4.47699e-09  7.07975e-12
      1278.40  2.70377e-09  6.20298e-12
      1278.72  2.13646e-09  6.06694e-12
      1279.05  2.10832e-09  6.26071e-12
      1279.38  2.75348e-09  6.98792e-12
      1279.71  4.08840e-09  7.86777e-12
      1280.03  5.45570e-09  8.87232e-12
      1280.36  4.83337e-09  7.78347e-12
      1280.69  5.10000e-09  8.05079e-12
      1281.02  6.69222e-09  9.24973e-12
      1281.34  9.88395e-09  1.13925e-11
      1281.67  1.21666e-08  1.30939e-11
      1282.00  9.57946e-09  1.11732e-11
      1282.33  9.79299e-09  1.08544e-11
      1282.66  1.51035e-08  1.29962e-11
      1282.99  1.92193e-08  1.37388e-11
      1283.32  1.92279e-08  1.34790e-11
      1283.65  1.42320e-08  1.32719e-11
      1283.98  6.27420e-09  8.89369e-12
      1284.31  3.96611e-09  6.64733e-12
      1284.64  3.04511e-09  6.21272e-12
      1284.97  3.02231e-09  6.47287e-12
      1285.30  3.50622e-09  7.00762e-12
      1285.63  3.05412e-09  6.45708e-12
      1285.96  2.86137e-09  6.03153e-12
      1286.29  4.29590e-09  7.24629e-12
      1286.62  5.95639e-09  8.79348e-12
      1286.95  5.52395e-09  8.69006e-12
      1287.28  6.96135e-09  9.80429e-12
      1287.61  1.23363e-08  1.37854e-11
      1287.95  1.46504e-08  1.49581e-11
      1288.28  1.45890e-08  1.46963e-11
      1288.61  1.45134e-08  1.39368e-11
      1288.94  1.45797e-08  1.39416e-11
      1289.27  9.90247e-09  1.14160e-11
      1289.61  7.45879e-09  9.45003e-12
      1289.94  5.99617e-09  8.53739e-12
      1290.27  4.05320e-09  7.00468e-12
      1290.61  3.55762e-09  6.94487e-12
      1290.94  2.74757e-09  6.05736e-12
      1291.27  2.07737e-09  5.20685e-12
      1291.61  2.36949e-09  5.13787e-12
      1291.94  3.76600e-09  6.09631e-12
      1292.27  6.37176e-09  7.69221e-12
      1292.61  9.32315e-09  9.97962e-12
      1292.94  6.83415e-09  8.58677e-12
      1293.28  5.09712e-09  8.02262e-12
      1293.61  6.75395e-09  9.75591e-12
      1293.95  8.72127e-09  1.08472e-11
      1294.28  1.30528e-08  1.32698e-11
      1294.62  1.47335e-08  1.38391e-11
      1294.95  1.23722e-08  1.22318e-11
      1295.29  1.16947e-08  1.23495e-11
      1295.62  9.96328e-09  1.17099e-11
      1295.96  7.31961e-09  9.91381e-12
      1296.29  6.35877e-09  9.46009e-12
      1296.63  6.66653e-09  9.54808e-12
      1296.97  8.35032e-09  9.99546e-12
      1297.30  1.30149e-08  1.17450e-11
      1297.64  1.72629e-08  1.32083e-11
      1297.98  1.43050e-08  1.20418e-11
      1298.31  9.08776e-09  9.14107e-12
      1298.65  5.21184e-09  7.04946e-12
      1298.99  4.03389e-09  6.49831e-12
      1299.33  6.94378e-09  8.74190e-12
      1299.66  1.24101e-08  1.20783e-11
      1300.00  1.39699e-08  1.25964e-11
      1300.34  1.20495e-08  1.17255e-11
      1300.68  8.22538e-09  9.50368e-12
      1301.02  8.60638e-09  9.84946e-12
      1301.35  1.48050e-08  1.42982e-11
      1301.69  1.77227e-08  1.60086e-11
      1302.03  1.74090e-08  1.60308e-11
      1302.37  1.53210e-08  1.45095e-11
      1302.71  1.80209e-08  1.58145e-11
      1303.05  1.95397e-08  1.53306e-11
      1303.39  2.26454e-08  1.60659e-11
      1303.73  2.44315e-08  1.59827e-11
      1304.07  2.24278e-08  1.46689e-11
      1304.41  2.28644e-08  1.48971e-11
      1304.75  2.43836e-08  1.55081e-11
      1305.09  2.54183e-08  1.57103e-11
      1305.43  3.04020e-08  1.74014e-11
      1305.77  3.64020e-08  1.87922e-11
      1306.11  3.66707e-08  1.90013e-11
      1306.46  2.39301e-08  1.51186e-11
      1306.80  1.10221e-08  1.03586e-11
      1307.14  5.69507e-09  8.22363e-12
      1307.48  3.91974e-09  7.30681e-12
      1307.82  3.16041e-09  7.13189e-12
      1308.16  3.17288e-09  7.23024e-12
      1308.51  3.79405e-09  7.85134e-12
      1308.85  3.11677e-09  6.84564e-12
      1309.19  2.25372e-09  5.64963e-12
      1309.53  2.08085e-09  5.33675e-12
      1309.88  2.05665e-09  5.28146e-12
      1310.22  2.21073e-09  5.42399e-12
      1310.56  2.87132e-09  5.99523e-12
      1310.91  5.19957e-09  7.63745e-12
      1311.25  9.60293e-09  1.03221e-11
      1311.60  9.68485e-09  9.97566e-12
      1311.94  5.67979e-09  7.41816e-12
      1312.28  2.96018e-09  5.55902e-12
      1312.63  2.05660e-09  5.01790e-12
      1312.97  1.80123e-09  5.02188e-12
      1313.32  2.39177e-09  6.10141e-12
      1313.66  3.77374e-09  7.91031e-12
      1314.01  3.23101e-09  7.52473e-12
      1314.35  1.89778e-09  6.22274e-12
      1314.70  1.48494e-09  5.50986e-12
      1315.05  1.48134e-09  5.21111e-12
      1315.39  1.65919e-09  5.11571e-12
      1315.74  2.08051e-09  5.49874e-12
      1316.08  3.02395e-09  6.69997e-12
      1316.43  7.24254e-09  9.66550e-12
      1316.78  1.08894e-08  1.17300e-11
      1317.12  8.60693e-09  9.93994e-12
      1317.47  4.08724e-09  6.62895e-12
      1317.82  2.42658e-09  5.28466e-12
      1318.17  2.51723e-09  5.25654e-12
      1318.51  4.07229e-09  6.76806e-12
      1318.86  4.93832e-09  7.89507e-12
      1319.21  3.37885e-09  6.91245e-12
      1319.56  2.03132e-09  5.90124e-12
      1319.91  2.03910e-09  6.52369e-12
      1320.25  2.05867e-09  6.25677e-12
      1320.60  2.05076e-09  6.00699e-12
      1320.95  2.47338e-09  6.09239e-12
      1321.30  3.55296e-09  6.68106e-12
      1321.65  7.35564e-09  9.02073e-12
      1322.00  1.34469e-08  1.27263e-11
      1322.35  1.16148e-08  1.21331e-11
      1322.70  5.60660e-09  8.44214e-12
      1323.05  3.62619e-09  6.57573e-12
      1323.40  3.97608e-09  6.75346e-12
      1323.75  4.70307e-09  7.11410e-12
      1324.10  4.76608e-09  7.57516e-12
      1324.45  3.39932e-09  6.72132e-12
      1324.80  2.55480e-09  5.97218e-12
      