227
      1249.95  8.04414e-09  1.45521e-11
      1250.27  4.11810e-09  1.09332e-11
      1250.58  1.68911e-09  9.03772e-12
      1250.89  1.21070e-09  8.65389e-12
      1251.20  1.45189e-09  9.21078e-12
      1251.52  2.10937e-09  9.57702e-12
      1251.83  3.47022e-09  1.15746e-11
      1252.14  4.42222e-09  1.32324e-11
      1252.46  4.20623e-09  1.35008e-11
      1252.77  3.78172e-09  1.30519e-11
      1253.09  6.29057e-09  1.60631e-11
      1253.40  1.23493e-08  2.17812e-11
      1253.71  1.56547e-08  2.42795e-11
      1254.03  9.32218e-09  1.74490e-11
      1254.34  4.37490e-09  1.17876e-11
      1254.66  5.50960e-09  1.32666e-11
      1254.97  8.71359e-09  1.74740e-11
      1255.29  5.99379e-09  1.45473e-11
      1255.60  2.75217e-09  1.04995e-11
      1255.92  3.02237e-09  1.14204e-11
      1256.23  5.18248e-09  1.37021e-11
      1256.55  8.12663e-09  1.68859e-11
      1256.87  5.95607e-09  1.38075e-11
      1257.18  2.77878e-09  9.58096e-12
      1257.50  2.05915e-09  8.34274e-12
      1257.81  2.30742e-09  8.99445e-12
      1258.13  2.80227e-09  9.85735e-12
      1258.45  2.80721e-09  1.00761e-11
      1258.76  2.93032e-09  1.00140e-11
      1259.08  5.13890e-09  1.19077e-11
      1259.40  1.08080e-08  1.62207e-11
      1259.72  1.48962e-08  1.84581e-11
      1260.03  1.09627e-08  1.48560e-11
      1260.35  7.81215e-09  1.20152e-11
      1260.67  1.04784e-08  1.44745e-11
      1260.99  9.54943e-09  1.36393e-11
      1261.30  7.37490e-09  1.17943e-11
      1261.62  9.58519e-09  1.38552e-11
      1261.94  9.99136e-09  1.35511e-11
      1262.26  1.03251e-08  1.37699e-11
      1262.58  7.59218e-09  1.10120e-11
      1262.90  7.64983e-09  1.08362e-11
      1263.22  1.16526e-08  1.52237e-11
      1263.54  1.01794e-08  1.58687e-11
      1263.86  6.27672e-09  1.27816e-11
      1264.17  4.86960e-09  1.23293e-11
      1264.49  3.61220e-09  1.09115e-11
      1264.81  3.99422e-09  1.09711e-11
      1265.13  7.90209e-09  1.47794e-11
      1265.45  1.21814e-08  1.79716e-11
      1265.77  1.08387e-08  1.64386e-11
      1266.10  5.86018e-09  1.17343e-11
      1266.42  3.02132e-09  8.92880e-12
      1266.74  2.57577e-09  8.77837e-12
      1267.06  3.44269e-09  1.00007e-11
      1267.38  7.36517e-09  1.38961e-11
      1267.70  1.37853e-08  1.96741e-11
      1268.02  1.44303e-08  1.87980e-11
      1268.34  1.43343e-08  1.81959e-11
      1268.67  1.27098e-08  1.59634e-11
      1268.99  1.29120e-08  1.62811e-11
      1269.31  9.78109e-09  1.39138e-11
      1269.63  6.19692e-09  1.12405e-11
      1269.95  5.17264e-09  1.05767e-11
      1270.28  6.37809e-09  1.13488e-11
      1270.60  1.10870e-08  1.50113e-11
      1270.92  1.33061e-08  1.53730e-11
      1271.25  1.43566e-08  1.51757e-11
      1271.57  1.41326e-08  1.47124e-11
      1271.89  8.51674e-09  1.07654e-11
      1272.22  3.71890e-09  7.25985e-12
      1272.54  2.32118e-09  6.31814e-12
      1272.86  1.94136e-09  6.21942e-12
      1273.19  1.85792e-09  6.95327e-12
      1273.51  2.25684e-09  8.37139e-12
      1273.84  3.40015e-09  9.84115e-12
      1274.16  4.43809e-09  1.06018e-11
      1274.49  5.92777e-09  1.13366e-11
      1274.81  1.04159e-08  1.51682e-11
      1275.14  1.42259e-08  1.80501e-11
      1275.46  1.27501e-08  1.74160e-11
      1275.79  8.34924e-09  1.45234e-11
      1276.11  5.49184e-09  1.22991e-11
      1276.44  7.33824e-09  1.37419e-11
      1276.76  1.22920e-08  1.76982e-11
      1277.09  1.26076e-08  1.65813e-11
      1277.42  1.31119e-08  1.69152e-11
      1277.74  8.87198e-09  1.33746e-11
      1278.07  4.10384e-09  9.30884e-12
      1278.40  2.48777e-09  8.01970e-12
      1278.72  1.98131e-09  7.42453e-12
      1279.05  1.94216e-09  7.21086e-12
      1279.38  2.55815e-09  8.03288e-12
      1279.71  3.81034e-09  8.63920e-12
      1280.03  5.07214e-09  9.46271e-12
      1280.36  4.53485e-09  8.24872e-12
      1280.69  4.76381e-09  8.32195e-12
      1281.02  6.29342e-09  9.46040e-12
      1281.34  9.30300e-09  1.16748e-11
      1281.67  1.15500e-08  1.40919e-11
      1282.00  9.30811e-09  1.39888e-11
      1282.33  9.12452e-09  1.52991e-11
      1282.66  1.41320e-08  1.87424e-11
      1282.99  1.79832e-08  2.01969e-11
      1283.32  1.79347e-08  2.00621e-11
      1283.65  1.43507e-08  2.14128e-11
      1283.98  5.63440e-09  1.34492e-11
      1284.31  3.64497e-09  1.00247e-11
      1284.64  2.81508e-09  9.31511e-12
      1284.97  2.79181e-09  9.36938e-12
      1285.30  3.20546e-09  9.92722e-12
      1285.63  2.80602e-09  8.92828e-12
      1285.96  2.63631e-09  8.03653e-12
      1286.29  3.96028e-09  9.09928e-12
      1286.62  5.51766e-09  1.05917e-11
      1286.95  5.12131e-09  9.88000e-12
      1287.28  6.48424e-09  1.08021e-11
      1287.61  1.15471e-08  1.46217e-11
      1287.95  1.37445e-08  1.56317e-11
      1288.28  1.37076e-08  1.49670e-11
      1288.61  1.36371e-08  1.40278e-11
      1288.94  1.37351e-08  1.39216e-11
      1289.27  9.53536e-09  1.13586e-11
      1289.61  6.99817e-09  1.10216e-11
      1289.94  5.53941e-09  1.15893e-11
      1290.27  3.71343e-09  9.85542e-12
      1290.61  3.29678e-09  1.01679e-11
      1290.94  2.53966e-09  9.13963e-12
      1291.27  1.91885e-09  8.30491e-12
      1291.61  2.21050e-09  7.77772e-12
      1291.94  3.51607e-09  9.19678e-12
      1292.27  5.92958e-09  1.12643e-11
      1292.61  8.59566e-09  1.39739e-11
      1292.94  6.32495e-09  1.18379e-11
      1293.28  4.69483e-09  1.04567e-11
      1293.61  6.11106e-09  1.34826e-11
      1293.95  8.79980e-09  1.33419e-11
      1294.28  1.24240e-08  1.61001e-11
      1294.62  1.37406e-08  1.53884e-11
      1294.95  1.15784e-08  1.31496e-11
      1295.29  1.09743e-08  1.27450e-11
      1295.62  9.42009e-09  1.17250e-11
      1295.96  6.87100e-09  1.00240e-11
      1296.29  5.93934e-09  9.62471e-12
      1296.63  6.14193e-09  1.01552e-11
      1296.97  7.56968e-09  1.23127e-11
      1297.30  1.23007e-08  1.67102e-11
      1297.64  1.62331e-08  1.91050e-11
      1297.98  1.36308e-08  1.71173e-11
      1298.31  8.50688e-09  1.36005e-11
      1298.65  4.77830e-09  1.06012e-11
      1298.99  3.71045e-09  9.75062e-12
      1299.33  6.44746e-09  1.26268e-11
      1299.66  1.15036e-08  1.70359e-11
      1300.00  1.29136e-08  1.69774e-11
      1300.34  1.11696e-08  1.51613e-11
      1300.68  7.60716e-09  1.17789e-11
      1301.02  7.97476e-09  1.13649e-11
      1301.35  1.41043e-08  1.55242e-11
      1301.69  1.68008e-08  1.65113e-11
      1302.03  1.64086e-08  1.64524e-11
      1302.37  1.43559e-08  1.44712e-11
      1302.71  1.70855e-08  1.58521e-11
      1303.05  1.84656e-08  1.54619e-11
      1303.39  2.13109e-08  1.68399e-11
      1303.73  2.30498e-08  1.96022e-11
      1304.07  2.09940e-08  2.08747e-11
      1304.41  2.14695e-08  2.19059e-11
      1304.75  2.28983e-08  2.31603e-11
      1305.09  2.38127e-08  2.35809e-11
      1305.43  2.86263e-08  2.60041e-11
      1305.77  3.42958e-08  2.75382e-11
      1306.11  3.43702e-08  2.71153e-11
      1306.46  2.24198e-08  2.09515e-11
      1306.80  1.02738e-08  1.37291e-11
      1307.14  5.25782e-09  1.01768e-11
      1307.48  3.61210e-09  8.74266e-12
      1307.82  2.91757e-09  8.01393e-12
      1308.16  2.94204e-09  7.83412e-12
      1308.51  3.49542e-09  8.17432e-12
      1308.85  2.91365e-09  7.12784e-12
      1309.19  2.10625e-09  5.82872e-12
      1309.53  1.94366e-09  5.63701e-12
      1309.88  1.90747e-09  6.10716e-12
      1310.22  2.06191e-09  7.34245e-12
      1310.56  2.70022e-09  8.93690e-12
      1310.91  4.93392e-09  1.15197e-11
      1311.25  8.92769e-09  1.55177e-11
      1311.60  8.91574e-09  1.52002e-11
      1311.94  5.25769e-09  1.10777e-11
      1312.28  2.76814e-09  8.08916e-12
      1312.63  1.90155e-09  6.98962e-12
      1312.97  1.66649e-09  6.72115e-12
      1313.32  2.24319e-09  7.51705e-12
      1313.66  3.47796e-09  9.05645e-12
      1314.01  2.99938e-09  8.30998e-12
      1314.35  1.77777e-09  6.47955e-12
      1314.70  1.37849e-09  5.57833e-12
      1315.05  1.37937e-09  5.34163e-12
      1315.39  1.54698e-09  5.37694e-12
      1315.74  1.90760e-09  5.96280e-12
      1316.08  2.86808e-09  7.94572e-12
      1316.43  6.15897e-09  1.25876e-11
      1316.78  1.00237e-08  1.67506e-11
      1317.12  7.87975e-09  1.47323e-11
      1317.47  3.76867e-09  1.00071e-11
      1317.82  2.24319e-09  7.95950e-12
      1318.17  2.32306e-09  7.55597e-12
      1318.51  3.75009e-09  9.35473e-12
      1318.86  4.52879e-09  1.04209e-11
      1319.21  3.10148e-09  8.65130e-12
      1319.56  1.87979e-09  7.07424e-12
      1319.91  1.88865e-09  7.34105e-12
      1320.25  1.90670e-09  6.94038e-12
      1320.60  1.90510e-09  6.35536e-12
      1320.95  2.30323e-09  6.35852e-12
      1321.30  3.28377e-09  7.12934e-12
      1321.65  6.23786e-09  9.98699e-12
      1322.00  1.23171e-08  1.68659e-11
      1322.35  1.06149e-08  1.67708e-11
      1322.70  5.26234e-09  1.21305e-11
      1323.05  3.37305e-09  9.81424e-12
      1323.40  3.68155e-09  1.01422e-11
      1323.75  4.33310e-09  1.02996e-11
      1324.10  4.45371e-09  1.05507e-11
      1324.45  3.25497e-09  8.85236e-12
      1324.80  2.37086e-09  7.66624e-12
      