227
      1249.95  8.32897e-09  1.41501e-11
      1250.27  4.24182e-09  1.03689e-11
      1250.58  1.63572e-09  7.49138e-12
      1250.89  1.21791e-09  6.61870e-12
      1251.20  1.47239e-09  6.60638e-12
      1251.52  2.14061e-09  6.84937e-12
      1251.83  3.54848e-09  8.26080e-12
      1252.14  4.53776e-09  9.39225e-12
      1252.46  4.32648e-09  9.55543e-12
      1252.77  3.89536e-09  9.19687e-12
      1253.09  6.44612e-09  1.13072e-11
      1253.40  1.26580e-08  1.54919e-11
      1253.71  1.61826e-08  1.74163e-11
      1254.03  9.65090e-09  1.26305e-11
      1254.34  4.52282e-09  8.58932e-12
      1254.66  5.68539e-09  9.69349e-12
      1254.97  9.05670e-09  1.32236e-11
      1255.29  6.23592e-09  1.11022e-11
      1255.60  2.85623e-09  8.23392e-12
      1255.92  3.13123e-09  8.98823e-12
      1256.23  5.34971e-09  1.12341e-11
      1256.55  8.39919e-09  1.39217e-11
      1256.87  6.15242e-09  1.13552e-11
      1257.18  2.87580e-09  8.05206e-12
      1257.50  2.15124e-09  7.31181e-12
      1257.81  2.41875e-09  7.81188e-12
      1258.13  2.92689e-09  8.64317e-12
      1258.45  2.93418e-09  9.13838e-12
      1258.76  3.07153e-09  9.26454e-12
      1259.08  5.37905e-09  1.14370e-11
      1259.40  1.12210e-08  1.53671e-11
      1259.72  1.53886e-08  1.76133e-11
      1260.03  1.13409e-08  1.41484e-11
      1260.35  8.14228e-09  1.15267e-11
      1260.67  1.08446e-08  1.42580e-11
      1260.99  9.88098e-09  1.35207e-11
      1261.30  7.62480e-09  1.16267e-11
      1261.62  9.94750e-09  1.38146e-11
      1261.94  1.03061e-08  1.34998e-11
      1262.26  1.06856e-08  1.35183e-11
      1262.58  7.80353e-09  1.06460e-11
      1262.90  7.92042e-09  1.03608e-11
      1263.22  1.21392e-08  1.40901e-11
      1263.54  1.02104e-08  1.21501e-11
      1263.86  6.43611e-09  9.19581e-12
      1264.17  5.01146e-09  8.71020e-12
      1264.49  3.72078e-09  7.64524e-12
      1264.81  4.06097e-09  7.66174e-12
      1265.13  8.07202e-09  1.04257e-11
      1265.45  1.24931e-08  1.28998e-11
      1265.77  1.11407e-08  1.19032e-11
      1266.10  6.07984e-09  8.62601e-12
      1266.42  3.17455e-09  6.67971e-12
      1266.74  2.71420e-09  6.70553e-12
      1267.06  3.55956e-09  7.76686e-12
      1267.38  7.62841e-09  1.13730e-11
      1267.70  1.42548e-08  1.62329e-11
      1268.02  1.50294e-08  1.57155e-11
      1268.34  1.48706e-08  1.55550e-11
      1268.67  1.32344e-08  1.40345e-11
      1268.99  1.32865e-08  1.48476e-11
      1269.31  1.01508e-08  1.26434e-11
      1269.63  6.49220e-09  1.04652e-11
      1269.95  5.38619e-09  1.01948e-11
      1270.28  6.61929e-09  1.08924e-11
      1270.60  1.15313e-08  1.47590e-11
      1270.92  1.37696e-08  1.52120e-11
      1271.25  1.49119e-08  1.50364e-11
      1271.57  1.47160e-08  1.44502e-11
      1271.89  8.79610e-09  1.05558e-11
      1272.22  3.84199e-09  7.10629e-12
      1272.54  2.41140e-09  6.06488e-12
      1272.86  2.01025e-09  5.96186e-12
      1273.19  1.91630e-09  5.89817e-12
      1273.51  2.29833e-09  6.13925e-12
      1273.84  3.46808e-09  6.94737e-12
      1274.16  4.54913e-09  7.44191e-12
      1274.49  6.04333e-09  7.96361e-12
      1274.81  1.06493e-08  1.07570e-11
      1275.14  1.46667e-08  1.31269e-11
      1275.46  1.32410e-08  1.29311e-11
      1275.79  8.73185e-09  1.11826e-11
      1276.11  6.05369e-09  1.00963e-11
      1276.44  8.22207e-09  1.23730e-11
      1276.76  1.27304e-08  1.44752e-11
      1277.09  1.31506e-08  1.37019e-11
      1277.42  1.36077e-08  1.43394e-11
      1277.74  9.23740e-09  1.15195e-11
      1278.07  4.28950e-09  8.14386e-12
      1278.40  2.59246e-09  7.12906e-12
      1278.72  2.06032e-09  6.82766e-12
      1279.05  2.01757e-09  6.92554e-12
      1279.38  2.65180e-09  7.62289e-12
      1279.71  3.94926e-09  8.56765e-12
      1280.03  5.25487e-09  9.34240e-12
      1280.36  4.67479e-09  8.10515e-12
      1280.69  4.92659e-09  8.16991e-12
      1281.02  6.48892e-09  9.15500e-12
      1281.34  9.59393e-09  1.12355e-11
      1281.67  1.17819e-08  1.28263e-11
      1282.00  9.18145e-09  1.10094e-11
      1282.33  9.32775e-09  1.08030e-11
      1282.66  1.44768e-08  1.31332e-11
      1282.99  1.84631e-08  1.42360e-11
      1283.32  1.85034e-08  1.42986e-11
      1283.65  1.48259e-08  1.55142e-11
      1283.98  5.86756e-09  1.01869e-11
      1284.31  3.78848e-09  7.58312e-12
      1284.64  2.91765e-09  7.17850e-12
      1284.97  2.90763e-09  7.54491e-12
      1285.30  3.36253e-09  8.22891e-12
      1285.63  2.93319e-09  7.39914e-12
      1285.96  2.74700e-09  6.85315e-12
      1286.29  4.12603e-09  8.10199e-12
      1286.62  5.73439e-09  9.80169e-12
      1286.95  5.31932e-09  9.36204e-12
      1287.28  6.73122e-09  1.04598e-11
      1287.61  1.19440e-08  1.43920e-11
      1287.95  1.42138e-08  1.54995e-11
      1288.28  1.41597e-08  1.48348e-11
      1288.61  1.40814e-08  1.37526e-11
      1288.94  1.41746e-08  1.35936e-11
      1289.27  9.69870e-09  1.09148e-11
      1289.61  7.18880e-09  9.20580e-12
      1289.94  5.72570e-09  8.38074e-12
      1290.27  3.85616e-09  7.00251e-12
      1290.61  3.40047e-09  7.16613e-12
      1290.94  2.62749e-09  6.49400e-12
      1291.27  1.98686e-09  5.82028e-12
      1291.61  2.27647e-09  5.85864e-12
      1291.94  3.61601e-09  7.12278e-12
      1292.27  6.14432e-09  9.06128e-12
      1292.61  8.97933e-09  1.16802e-11
      1292.94  6.60013e-09  1.01095e-11
      1293.28  4.89909e-09  9.23548e-12
      1293.61  6.47861e-09  1.12476e-11
      1293.95  8.46967e-09  1.26286e-11
      1294.28  1.26436e-08  1.46578e-11
      1294.62  1.42590e-08  1.49170e-11
      1294.95  1.19874e-08  1.29090e-11
      1295.29  1.13112e-08  1.28319e-11
      1295.62  9.58417e-09  1.20413e-11
      1295.96  7.07707e-09  9.95522e-12
      1296.29  6.14766e-09  9.35731e-12
      1296.63  6.41803e-09  9.42811e-12
      1296.97  8.00262e-09  9.93532e-12
      1297.30  1.25122e-08  1.17712e-11
      1297.64  1.66282e-08  1.34319e-11
      1297.98  1.40444e-08  1.23003e-11
      1298.31  8.81369e-09  9.88385e-12
      1298.65  4.97853e-09  7.95319e-12
      1298.99  3.85108e-09  7.50576e-12
      1299.33  6.68647e-09  1.01351e-11
      1299.66  1.19984e-08  1.42158e-11
      1300.00  1.34888e-08  1.46440e-11
      1300.34  1.16333e-08  1.34954e-11
      1300.68  7.92861e-09  1.07624e-11
      1301.02  8.29795e-09  1.08023e-11
      1301.35  1.45970e-08  1.50433e-11
      1301.69  1.73931e-08  1.62723e-11
      1302.03  1.69383e-08  1.64742e-11
      1302.37  1.48579e-08  1.45756e-11
      1302.71  1.75724e-08  1.56967e-11
      1303.05  1.90026e-08  1.49543e-11
      1303.39  2.20426e-08  1.54988e-11
      1303.73  2.36523e-08  1.56897e-11
      1304.07  2.15811e-08  1.47686e-11
      1304.41  2.20445e-08  1.55166e-11
      1304.75  2.35661e-08  1.67632e-11
      1305.09  2.45639e-08  1.76185e-11
      1305.43  2.94876e-08  2.01083e-11
      1305.77  3.54034e-08  2.21538e-11
      1306.11  3.56773e-08  2.24390e-11
      1306.46  2.32846e-08  1.78283e-11
      1306.80  1.06895e-08  1.20929e-11
      1307.14  5.49712e-09  9.28838e-12
      1307.48  3.78108e-09  8.39119e-12
      1307.82  3.04781e-09  7.73810e-12
      1308.16  3.06581e-09  7.68303e-12
      1308.51  3.65602e-09  8.15000e-12
      1308.85  3.02124e-09  6.99458e-12
      1309.19  2.18045e-09  5.61261e-12
      1309.53  2.01333e-09  5.28348e-12
      1309.88  1.98575e-09  5.26775e-12
      1310.22  2.12020e-09  5.43688e-12
      1310.56  2.75309e-09  6.17776e-12
      1310.91  5.00937e-09  8.12531e-12
      1311.25  9.19372e-09  1.13515e-11
      1311.60  9.26333e-09  1.13261e-11
      1311.94  5.45203e-09  8.64089e-12
      1312.28  2.84846e-09  6.45207e-12
      1312.63  1.97017e-09  5.76662e-12
      1312.97  1.72616e-09  5.84259e-12
      1313.32  2.31607e-09  6.89310e-12
      1313.66  3.61654e-09  8.59575e-12
      1314.01  3.11547e-09  8.03859e-12
      1314.35  1.83791e-09  6.28387e-12
      1314.70  1.42299e-09  5.42837e-12
      1315.05  1.42120e-09  5.01230e-12
      1315.39  1.60147e-09  5.12099e-12
      1315.74  2.00520e-09  5.40966e-12
      1316.08  2.92465e-09  6.65366e-12
      1316.43  6.66963e-09  9.83116e-12
      1316.78  1.03894e-08  1.20862e-11
      1317.12  8.22815e-09  1.07178e-11
      1317.47  3.92925e-09  7.51173e-12
      1317.82  2.32628e-09  6.22137e-12
      1318.17  2.41655e-09  6.22303e-12
      1318.51  3.90947e-09  7.93773e-12
      1318.86  4.73637e-09  9.25487e-12
      1319.21  3.25148e-09  7.90782e-12
      1319.56  1.96436e-09  6.65667e-12
      1319.91  1.96019e-09  6.99464e-12
      1320.25  1.97613e-09  6.78007e-12
      1320.60  1.97534e-09  6.30194e-12
      1320.95  2.38438e-09  6.22979e-12
      1321.30  3.42781e-09  6.87401e-12
      1321.65  7.09052e-09  8.93787e-12
      1322.00  1.29353e-08  1.26046e-11
      1322.35  1.10688e-08  1.19905e-11
      1322.70  5.44749e-09  8.72648e-12
      1323.05  3.48260e-09  7.15922e-12
      1323.40  3.81017e-09  7.65594e-12
      1323.75  4.50577e-09  8.06730e-12
      1324.10  4.61191e-09  8.61683e-12
      1324.45  3.33782e-09  7.63369e-12
      1324.80  2.46350e-09  6.74493e-12
      