227
      1249.95  1.08822e-08  1.89458e-11
      1250.27  5.20532e-09  1.37944e-11
      1250.58  1.59142e-09  9.34683e-12
      1250.89  1.03662e-09  8.40381e-12
      1251.20  1.46545e-09  8.23389e-12
      1251.52  2.51869e-09  8.98282e-12
      1251.83  4.52310e-09  1.09722e-11
      1252.14  5.87134e-09  1.23068e-11
      1252.46  5.58141e-09  1.22425e-11
      1252.77  5.15864e-09  1.18676e-11
      1253.09  8.80599e-09  1.47025e-11
      1253.40  1.70151e-08  1.95612e-11
      1253.71  2.11597e-08  2.15350e-11
      1254.03  1.24087e-08  1.54860e-11
      1254.34  5.84618e-09  1.07695e-11
      1254.66  7.52017e-09  1.21563e-11
      1254.97  1.22862e-08  1.64435e-11
      1255.29  7.86237e-09  1.32776e-11
      1255.60  3.36623e-09  9.98529e-12
      1255.92  3.96783e-09  1.11211e-11
      1256.23  7.00603e-09  1.34585e-11
      1256.55  1.11720e-08  1.67584e-11
      1256.87  7.88736e-09  1.36040e-11
      1257.18  3.44846e-09  9.44170e-12
      1257.50  2.46910e-09  8.67802e-12
      1257.81  2.87357e-09  9.46744e-12
      1258.13  3.63107e-09  1.08353e-11
      1258.45  3.63556e-09  1.12366e-11
      1258.76  3.91967e-09  1.15335e-11
      1259.08  7.29711e-09  1.44638e-11
      1259.40  1.50203e-08  1.96048e-11
      1259.72  2.00207e-08  2.21182e-11
      1260.03  1.48557e-08  1.81470e-11
      1260.35  1.10404e-08  1.51756e-11
      1260.67  1.42788e-08  1.82513e-11
      1260.99  1.29656e-08  1.75681e-11
      1261.30  1.03112e-08  1.56006e-11
      1261.62  1.32239e-08  1.84766e-11
      1261.94  1.35279e-08  1.86430e-11
      1262.26  1.41734e-08  1.92924e-11
      1262.58  1.00210e-08  1.40275e-11
      1262.90  1.06703e-08  1.36963e-11
      1263.22  1.69039e-08  1.76909e-11
      1263.54  1.37446e-08  1.54861e-11
      1263.86  8.47856e-09  1.23312e-11
      1264.17  6.62178e-09  1.16174e-11
      1264.49  4.79776e-09  9.96923e-12
      1264.81  5.33736e-09  1.00287e-11
      1265.13  1.08594e-08  1.34418e-11
      1265.45  1.66774e-08  1.60983e-11
      1265.77  1.46745e-08  1.46053e-11
      1266.10  7.84098e-09  1.06303e-11
      1266.42  3.93710e-09  8.15913e-12
      1266.74  3.36231e-09  8.31232e-12
      1267.06  4.71070e-09  9.71328e-12
      1267.38  1.02738e-08  1.39947e-11
      1267.70  1.85910e-08  1.92324e-11
      1268.02  1.98002e-08  1.91356e-11
      1268.34  1.95077e-08  1.89316e-11
      1268.67  1.75957e-08  1.72585e-11
      1268.99  1.75893e-08  1.78562e-11
      1269.31  1.33388e-08  1.56897e-11
      1269.63  8.70118e-09  1.34056e-11
      1269.95  7.18324e-09  1.28739e-11
      1270.28  8.83376e-09  1.40313e-11
      1270.60  1.53210e-08  1.89656e-11
      1270.92  1.80552e-08  1.93841e-11
      1271.25  1.96772e-08  1.95129e-11
      1271.57  1.93452e-08  1.87796e-11
      1271.89  1.12184e-08  1.38569e-11
      1272.22  4.79618e-09  9.57392e-12
      1272.54  2.91369e-09  8.31891e-12
      1272.86  2.37492e-09  7.99714e-12
      1273.19  2.24511e-09  7.81766e-12
      1273.51  2.82372e-09  8.15072e-12
      1273.84  4.49293e-09  9.37783e-12
      1274.16  6.02283e-09  9.97160e-12
      1274.49  8.14502e-09  1.04473e-11
      1274.81  1.42872e-08  1.36897e-11
      1275.14  1.93976e-08  1.62258e-11
      1275.46  1.74074e-08  1.58336e-11
      1275.79  1.14427e-08  1.34886e-11
      1276.11  7.59564e-09  1.14726e-11
      1276.44  1.01602e-08  1.33629e-11
      1276.76  1.66107e-08  1.71938e-11
      1277.09  1.74192e-08  1.67699e-11
      1277.42  1.76847e-08  1.71419e-11
      1277.74  1.19246e-08  1.40734e-11
      1278.07  5.54951e-09  1.02878e-11
      1278.40  3.21135e-09  8.89874e-12
      1278.72  2.44213e-09  8.61258e-12
      1279.05  2.39951e-09  8.64692e-12
      1279.38  3.31024e-09  9.68171e-12
      1279.71  5.10774e-09  1.10415e-11
      1280.03  6.93487e-09  1.23735e-11
      1280.36  6.02612e-09  1.06541e-11
      1280.69  6.49743e-09  1.10249e-11
      1281.02  8.62494e-09  1.23799e-11
      1281.34  1.28099e-08  1.51641e-11
      1281.67  1.56287e-08  1.73088e-11
      1282.00  1.20387e-08  1.47208e-11
      1282.33  1.24293e-08  1.44071e-11
      1282.66  1.92792e-08  1.72140e-11
      1282.99  2.43112e-08  1.81961e-11
      1283.32  2.39703e-08  1.77838e-11
      1283.65  1.67621e-08  1.47274e-11
      1283.98  8.77393e-09  1.10264e-11
      1284.31  4.99962e-09  9.28458e-12
      1284.64  3.73333e-09  8.84348e-12
      1284.97  3.72710e-09  9.23176e-12
      1285.30  4.33521e-09  1.00708e-11
      1285.63  3.72213e-09  9.21555e-12
      1285.96  3.46833e-09  8.57666e-12
      1286.29  5.38707e-09  1.03055e-11
      1286.62  7.48200e-09  1.22915e-11
      1286.95  7.04129e-09  1.18633e-11
      1287.28  9.11195e-09  1.35765e-11
      1287.61  1.57147e-08  1.84843e-11
      1287.95  1.86505e-08  2.00896e-11
      1288.28  1.86482e-08  1.96283e-11
      1288.61  1.86340e-08  1.84136e-11
      1288.94  1.83575e-08  1.78790e-11
      1289.27  1.28867e-08  1.41342e-11
      1289.61  9.64797e-09  1.23744e-11
      1289.94  7.57057e-09  1.11218e-11
      1290.27  5.08562e-09  9.33865e-12
      1290.61  4.38511e-09  9.15268e-12
      1290.94  3.22143e-09  8.12051e-12
      1291.27  2.34456e-09  7.25809e-12
      1291.61  2.79571e-09  7.17637e-12
      1291.94  4.74942e-09  8.72629e-12
      1292.27  8.20884e-09  1.10060e-11
      1292.61  1.20763e-08  1.43929e-11
      1292.94  8.42757e-09  1.20630e-11
      1293.28  6.48064e-09  1.14775e-11
      1293.61  8.86309e-09  1.42061e-11
      1293.95  1.13306e-08  1.54479e-11
      1294.28  1.69757e-08  1.87873e-11
      1294.62  1.89875e-08  1.92566e-11
      1294.95  1.59144e-08  1.66672e-11
      1295.29  1.52254e-08  1.65783e-11
      1295.62  1.30473e-08  1.54421e-11
      1295.96  9.51494e-09  1.32974e-11
      1296.29  8.25456e-09  1.26184e-11
      1296.63  8.68172e-09  1.27145e-11
      1296.97  1.09010e-08  1.34981e-11
      1297.30  1.67374e-08  1.56080e-11
      1297.64  2.20236e-08  1.73425e-11
      1297.98  1.87076e-08  1.54249e-11
      1298.31  1.17887e-08  1.22728e-11
      1298.65  6.64549e-09  9.80018e-12
      1298.99  5.16587e-09  9.17990e-12
      1299.33  9.05750e-09  1.25651e-11
      1299.66  1.59009e-08  1.70103e-11
      1300.00  1.78170e-08  1.77649e-11
      1300.34  1.53482e-08  1.65471e-11
      1300.68  1.06139e-08  1.33271e-11
      1301.02  1.12603e-08  1.36512e-11
      1301.35  1.92024e-08  1.88144e-11
      1301.69  2.27480e-08  2.06865e-11
      1302.03  2.19163e-08  2.08416e-11
      1302.37  1.94819e-08  1.90497e-11
      1302.71  2.26042e-08  2.06955e-11
      1303.05  2.45966e-08  2.00319e-11
      1303.39  2.83287e-08  2.03610e-11
      1303.73  3.02518e-08  2.03480e-11
      1304.07  2.80377e-08  1.88755e-11
      1304.41  2.87244e-08  1.93101e-11
      1304.75  3.04191e-08  2.03546e-11
      1305.09  3.17181e-08  2.10832e-11
      1305.43  3.74935e-08  2.35092e-11
      1305.77  4.41188e-08  2.55802e-11
      1306.11  4.38649e-08  2.60609e-11
      1306.46  2.89629e-08  2.08908e-11
      1306.80  1.39077e-08  1.46603e-11
      1307.14  7.39364e-09  1.16903e-11
      1307.48  5.05477e-09  1.04831e-11
      1307.82  4.00642e-09  1.00277e-11
      1308.16  4.02588e-09  1.00717e-11
      1308.51  4.88014e-09  1.09887e-11
      1308.85  3.86667e-09  9.46553e-12
      1309.19  2.71135e-09  7.76802e-12
      1309.53  2.48153e-09  7.25097e-12
      1309.88  2.44927e-09  7.08922e-12
      1310.22  2.67403e-09  7.27131e-12
      1310.56  3.57237e-09  7.98807e-12
      1310.91  6.69585e-09  1.02730e-11
      1311.25  1.23360e-08  1.40947e-11
      1311.60  1.23015e-08  1.39184e-11
      1311.94  7.12132e-09  1.03718e-11
      1312.28  3.63604e-09  7.86484e-12
      1312.63  2.42228e-09  7.17852e-12
      1312.97  2.07508e-09  7.10981e-12
      1313.32  2.92948e-09  8.33296e-12
      1313.66  4.76824e-09  1.08555e-11
      1314.01  3.98756e-09  1.03367e-11
      1314.35  2.19727e-09  8.06790e-12
      1314.70  1.63009e-09  7.16776e-12
      1315.05  1.63468e-09  6.84966e-12
      1315.39  1.89208e-09  6.71355e-12
      1315.74  2.50137e-09  7.22581e-12
      1316.08  4.03136e-09  8.34053e-12
      1316.43  8.33633e-09  1.14140e-11
      1316.78  1.36258e-08  1.49993e-11
      1317.12  1.08253e-08  1.32332e-11
      1317.47  5.10999e-09  9.19546e-12
      1317.82  2.95602e-09  7.48533e-12
      1318.17  3.12534e-09  7.50455e-12
      1318.51  5.23082e-09  9.80436e-12
      1318.86  6.32732e-09  1.11780e-11
      1319.21  4.21127e-09  9.66591e-12
      1319.56  2.42610e-09  8.46412e-12
      1319.91  2.42951e-09  8.65417e-12
      1320.25  2.45321e-09  8.63864e-12
      1320.60  2.46940e-09  8.29526e-12
      1320.95  3.08023e-09  8.34169e-12
      1321.30  4.60539e-09  9.14813e-12
      1321.65  9.57851e-09  1.20640e-11
      1322.00  1.68171e-08  1.62265e-11
      1322.35  1.43384e-08  1.48571e-11
      1322.70  7.39593e-09  1.07866e-11
      1323.05  4.66736e-09  9.12599e-12
      1323.40  5.13527e-09  9.48400e-12
      1323.75  6.10468e-09  1.00364e-11
      1324.10  6.25085e-09  1.03099e-11
      1324.45  4.53333e-09  9.10294e-12
      1324.80  3.18610e-09  8.22895e-12
      