227
      1249.95  1.34026e-08  1.47218e-11
      1250.27  5.64379e-09  9.82468e-12
      1250.58  2.33052e-09  7.59524e-12
      1250.89  1.82644e-09  6.73733e-12
      1251.20  2.39627e-09  7.11373e-12
      1251.52  3.67949e-09  8.11326e-12
      1251.83  6.33055e-09  1.03314e-11
      1252.14  8.25278e-09  1.18327e-11
      1252.46  7.98452e-09  1.19547e-11
      1252.77  7.41187e-09  1.12852e-11
      1253.09  1.18562e-08  1.33801e-11
      1253.40  2.18215e-08  1.72867e-11
      1253.71  2.67326e-08  1.87796e-11
      1254.03  1.69490e-08  1.42279e-11
      1254.34  8.62411e-09  1.00464e-11
      1254.66  1.04357e-08  1.11349e-11
      1254.97  1.54720e-08  1.42096e-11
      1255.29  1.08282e-08  1.19420e-11
      1255.60  5.22396e-09  8.54886e-12
      1255.92  5.65925e-09  8.87188e-12
      1256.23  9.54568e-09  1.04325e-11
      1256.55  1.46744e-08  1.28191e-11
      1256.87  1.06616e-08  1.02465e-11
      1257.18  5.07533e-09  7.07636e-12
      1257.50  3.64589e-09  6.24497e-12
      1257.81  4.09078e-09  6.59026e-12
      1258.13  5.07716e-09  7.46858e-12
      1258.45  5.09122e-09  7.43570e-12
      1258.76  5.37423e-09  7.46242e-12
      1259.08  9.34233e-09  9.09378e-12
      1259.40  1.87439e-08  1.24412e-11
      1259.72  2.50055e-08  1.41400e-11
      1260.03  1.85249e-08  1.16187e-11
      1260.35  1.36016e-08  9.88976e-12
      1260.67  1.72965e-08  1.21499e-11
      1260.99  1.59847e-08  1.20104e-11
      1261.30  1.29271e-08  1.09515e-11
      1261.62  1.58351e-08  1.29839e-11
      1261.94  1.67709e-08  1.31431e-11
      1262.26  1.68264e-08  1.34552e-11
      1262.58  1.27267e-08  1.11433e-11
      1262.90  1.49061e-08  1.13430e-11
      1263.22  2.19472e-08  1.66838e-11
      1263.54  1.79634e-08  1.41886e-11
      1263.86  1.17816e-08  1.17777e-11
      1264.17  9.34298e-09  1.09411e-11
      1264.49  6.85967e-09  9.27085e-12
      1264.81  7.33072e-09  9.01488e-12
      1265.13  1.42433e-08  1.18414e-11
      1265.45  2.18586e-08  1.43687e-11
      1265.77  1.94736e-08  1.33689e-11
      1266.10  1.06577e-08  9.89146e-12
      1266.42  5.59978e-09  7.62522e-12
      1266.74  4.86978e-09  7.25339e-12
      1267.06  6.42746e-09  8.02667e-12
      1267.38  1.28153e-08  1.07328e-11
      1267.70  2.37267e-08  1.48020e-11
      1268.02  2.50563e-08  1.37555e-11
      1268.34  2.47712e-08  1.33103e-11
      1268.67  2.22403e-08  1.17088e-11
      1268.99  2.21310e-08  1.18974e-11
      1269.31  1.72927e-08  1.06022e-11
      1269.63  1.14593e-08  8.89804e-12
      1269.95  9.55593e-09  8.50481e-12
      1270.28  1.14850e-08  9.29287e-12
      1270.60  1.83908e-08  1.20449e-11
      1270.92  2.18258e-08  1.27639e-11
      1271.25  2.36152e-08  1.30580e-11
      1271.57  2.28749e-08  1.30715e-11
      1271.89  1.38319e-08  1.01363e-11
      1272.22  6.33902e-09  7.34277e-12
      1272.54  3.92847e-09  6.64461e-12
      1272.86  3.22958e-09  6.32257e-12
      1273.19  3.30158e-09  7.38151e-12
      1273.51  4.12468e-09  7.14858e-12
      1273.84  6.32161e-09  8.20958e-12
      1274.16  8.33241e-09  9.01731e-12
      1274.49  1.06743e-08  9.61683e-12
      1274.81  1.84341e-08  1.28812e-11
      1275.14  2.51853e-08  1.54740e-11
      1275.46  2.27622e-08  1.48723e-11
      1275.79  1.52472e-08  1.22835e-11
      1276.11  1.01856e-08  9.83117e-12
      1276.44  1.29134e-08  1.03941e-11
      1276.76  2.12503e-08  1.33428e-11
      1277.09  2.22255e-08  1.24254e-11
      1277.42  2.24626e-08  1.25681e-11
      1277.74  1.57626e-08  1.02680e-11
      1278.07  7.50762e-09  7.15740e-12
      1278.40  4.52882e-09  6.06558e-12
      1278.72  3.48748e-09  5.65336e-12
      1279.05  3.40376e-09  5.75679e-12
      1279.38  4.44837e-09  6.32093e-12
      1279.71  6.51262e-09  7.30330e-12
      1280.03  8.45918e-09  8.14493e-12
      1280.36  7.79832e-09  7.63980e-12
      1280.69  8.20895e-09  8.09923e-12
      1281.02  1.07704e-08  9.63734e-12
      1281.34  1.55564e-08  1.23016e-11
      1281.67  1.84831e-08  1.41773e-11
      1282.00  1.46317e-08  1.19918e-11
      1282.33  1.62995e-08  1.30554e-11
      1282.66  2.43995e-08  1.50179e-11
      1282.99  3.05919e-08  1.63326e-11
      1283.32  3.03810e-08  1.61807e-11
      1283.65  2.18584e-08  1.38464e-11
      1283.98  1.20274e-08  1.04200e-11
      1284.31  7.13473e-09  8.44286e-12
      1284.64  5.34888e-09  7.47467e-12
      1284.97  5.22433e-09  7.18706e-12
      1285.30  6.11431e-09  7.58640e-12
      1285.63  5.26500e-09  6.53932e-12
      1285.96  4.78858e-09  5.86001e-12
      1286.29  7.07949e-09  6.80681e-12
      1286.62  9.83777e-09  8.15397e-12
      1286.95  9.17081e-09  7.90315e-12
      1287.28  1.11017e-08  8.88048e-12
      1287.61  1.88774e-08  1.24081e-11
      1287.95  2.24361e-08  1.36813e-11
      1288.28  2.23565e-08  1.36139e-11
      1288.61  2.23658e-08  1.34536e-11
      1288.94  2.18976e-08  1.34657e-11
      1289.27  1.60138e-08  1.15312e-11
      1289.61  1.17860e-08  1.00702e-11
      1289.94  9.65988e-09  1.10977e-11
      1290.27  7.27725e-09  9.71654e-12
      1290.61  6.15057e-09  8.72718e-12
      1290.94  4.78989e-09  7.53736e-12
      1291.27  3.60480e-09  6.25704e-12
      1291.61  4.12754e-09  6.20749e-12
      1291.94  6.57004e-09  7.40708e-12
      1292.27  1.09719e-08  9.28556e-12
      1292.61  1.52040e-08  1.12249e-11
      1292.94  1.16074e-08  9.62264e-12
      1293.28  9.06462e-09  8.53481e-12
      1293.61  1.15503e-08  9.59256e-12
      1293.95  1.44373e-08  9.92898e-12
      1294.28  2.08531e-08  1.17574e-11
      1294.62  2.31793e-08  1.21484e-11
      1294.95  1.94234e-08  1.08794e-11
      1295.29  1.87466e-08  1.13989e-11
      1295.62  1.61565e-08  1.10985e-11
      1295.96  1.19019e-08  1.00761e-11
      1296.29  1.03230e-08  1.00260e-11
      1296.63  1.07887e-08  1.05949e-11
      1296.97  1.33137e-08  1.11913e-11
      1297.30  2.20282e-08  1.45051e-11
      1297.64  2.82531e-08  1.61146e-11
      1297.98  2.45759e-08  1.45924e-11
      1298.31  1.61095e-08  1.18774e-11
      1298.65  9.44486e-09  9.30512e-12
      1298.99  7.19576e-09  8.16776e-12
      1299.33  1.16109e-08  1.00553e-11
      1299.66  2.01466e-08  1.28189e-11
      1300.00  2.28823e-08  1.28975e-11
      1300.34  2.00004e-08  1.16036e-11
      1300.68  1.41400e-08  9.31571e-12
      1301.02  1.38966e-08  8.97875e-12
      1301.35  2.28536e-08  1.21610e-11
      1301.69  2.73512e-08  1.37678e-11
      1302.03  2.62321e-08  1.41164e-11
      1302.37  2.34659e-08  1.36051e-11
      1302.71  2.63548e-08  1.49646e-11
      1303.05  2.91362e-08  1.55913e-11
      1303.39  3.28152e-08  1.65747e-11
      1303.73  3.53769e-08  1.73608e-11
      1304.07  3.37204e-08  1.63868e-11
      1304.41  3.53785e-08  1.93389e-11
      1304.75  3.76793e-08  1.92375e-11
      1305.09  3.92455e-08  1.93464e-11
      1305.43  4.51711e-08  1.99846e-11
      1305.77  5.24426e-08  2.04965e-11
      1306.11  5.22658e-08  1.96006e-11
      1306.46  3.67889e-08  1.57400e-11
      1306.80  1.90275e-08  1.10649e-11
      1307.14  1.03037e-08  8.44196e-12
      1307.48  6.99073e-09  7.22522e-12
      1307.82  5.46778e-09  6.62862e-12
      1308.16  5.27987e-09  6.58432e-12
      1308.51  6.18081e-09  7.24678e-12
      1308.85  5.12045e-09  6.59246e-12
      1309.19  3.63802e-09  5.73247e-12
      1309.53  3.29797e-09  5.69632e-12
      1309.88  3.24832e-09  5.91279e-12
      1310.22  3.49768e-09  6.33836e-12
      1310.56  4.95278e-09  7.12140e-12
      1310.91  8.91250e-09  1.01645e-11
      1311.25  1.56186e-08  1.27237e-11
      1311.60  1.62539e-08  1.23259e-11
      1311.94  9.99785e-09  9.06955e-12
      1312.28  5.33199e-09  6.60393e-12
      1312.63  3.59697e-09  5.63601e-12
      1312.97  3.06126e-09  5.30015e-12
      1313.32  3.94016e-09  5.89670e-12
      1313.66  6.34745e-09  7.50917e-12
      1314.01  5.45974e-09  6.86204e-12
      1314.35  3.07827e-09  5.30691e-12
      1314.70  2.27418e-09  4.71959e-12
      1315.05  2.22351e-09  4.72692e-12
      1315.39  2.50701e-09  5.10772e-12
      1315.74  3.21303e-09  5.81244e-12
      1316.08  4.89487e-09  7.15016e-12
      1316.43  9.81524e-09  9.86827e-12
      1316.78  1.75171e-08  1.40387e-11
      1317.12  1.43492e-08  1.27424e-11
      1317.47  7.19467e-09  8.33487e-12
      1317.82  4.29689e-09  6.36162e-12
      1318.17  4.25564e-09  5.97285e-12
      1318.51  7.01318e-09  7.58605e-12
      1318.86  8.81883e-09  8.70599e-12
      1319.21  5.99572e-09  7.23541e-12
      1319.56  3.40327e-09  5.80176e-12
      1319.91  3.33942e-09  5.80226e-12
      1320.25  3.34148e-09  5.60937e-12
      1320.60  3.28681e-09  5.38579e-12
      1320.95  3.94979e-09  5.77469e-12
      1321.30  5.56800e-09  6.75897e-12
      1321.65  1.07585e-08  9.35146e-12
      1322.00  2.01632e-08  1.41333e-11
      1322.35  1.80947e-08  1.36816e-11
      1322.70  9.48996e-09  9.87670e-12
      1323.05  6.15945e-09  8.43570e-12
      1323.40  7.05301e-09  8.46647e-12
      1323.75  8.34560e-09  8.52068e-12
      1324.10  8.74095e-09  8.44468e-12
      1324.45  6.53112e-09  7.33872e-12
      1324.80  4.73754e-09  8.52235e-12
      