227
      1249.95  1.11984e-08  1.25118e-11
      1250.27  5.40030e-09  8.96993e-12
      1250.58  1.79894e-09  6.02165e-12
      1250.89  1.28519e-09  5.36931e-12
      1251.20  1.71113e-09  5.51943e-12
      1251.52  2.73719e-09  6.16577e-12
      1251.83  4.73160e-09  7.71431e-12
      1252.14  6.12120e-09  8.88264e-12
      1252.46  5.85395e-09  8.88719e-12
      1252.77  5.46579e-09  8.56718e-12
      1253.09  9.15095e-09  1.05924e-11
      1253.40  1.72881e-08  1.39572e-11
      1253.71  2.10765e-08  1.50025e-11
      1254.03  1.27720e-08  1.10444e-11
      1254.34  6.30266e-09  7.86992e-12
      1254.66  7.88196e-09  8.82739e-12
      1254.97  1.23961e-08  1.18594e-11
      1255.29  8.01840e-09  9.55209e-12
      1255.60  3.63004e-09  7.00053e-12
      1255.92  4.13655e-09  7.55305e-12
      1256.23  7.11656e-09  8.89521e-12
      1256.55  1.18570e-08  1.13226e-11
      1256.87  8.02722e-09  8.78512e-12
      1257.18  3.53743e-09  6.19143e-12
      1257.50  2.65533e-09  5.72507e-12
      1257.81  3.06278e-09  6.21912e-12
      1258.13  3.86171e-09  7.18246e-12
      1258.45  3.87570e-09  7.14935e-12
      1258.76  4.25249e-09  7.31338e-12
      1259.08  7.72966e-09  9.00442e-12
      1259.40  1.53164e-08  1.20556e-11
      1259.72  2.02354e-08  1.34571e-11
      1260.03  1.52226e-08  1.11649e-11
      1260.35  1.12948e-08  9.52008e-12
      1260.67  1.42193e-08  1.14032e-11
      1260.99  1.31654e-08  1.11225e-11
      1261.30  1.07596e-08  1.01280e-11
      1261.62  1.31558e-08  1.15422e-11
      1261.94  1.39758e-08  1.13242e-11
      1262.26  1.40699e-08  1.12828e-11
      1262.58  1.04479e-08  9.09603e-12
      1262.90  1.12434e-08  9.15446e-12
      1263.22  1.68488e-08  1.17110e-11
      1263.54  1.38533e-08  1.06147e-11
      1263.86  8.85148e-09  8.82299e-12
      1264.17  6.92509e-09  8.27446e-12
      1264.49  4.98088e-09  7.11686e-12
      1264.81  5.46237e-09  7.01736e-12
      1265.13  1.11060e-08  9.39208e-12
      1265.45  1.71711e-08  1.13731e-11
      1265.77  1.50514e-08  1.05710e-11
      1266.10  7.99014e-09  7.78679e-12
      1266.42  4.10413e-09  6.05382e-12
      1266.74  3.53688e-09  5.98528e-12
      1267.06  4.87028e-09  6.87128e-12
      1267.38  1.03829e-08  9.41329e-12
      1267.70  1.90324e-08  1.28276e-11
      1268.02  2.00457e-08  1.23172e-11
      1268.34  1.97961e-08  1.20575e-11
      1268.67  1.78602e-08  1.10828e-11
      1268.99  1.77218e-08  1.15009e-11
      1269.31  1.36166e-08  1.02583e-11
      1269.63  8.92155e-09  8.68892e-12
      1269.95  7.42258e-09  8.25448e-12
      1270.28  9.16426e-09  8.91953e-12
      1270.60  1.54002e-08  1.15138e-11
      1270.92  1.82979e-08  1.18135e-11
      1271.25  1.99283e-08  1.18605e-11
      1271.57  1.95077e-08  1.17756e-11
      1271.89  1.14852e-08  8.89994e-12
      1272.22  5.08669e-09  6.36637e-12
      1272.54  3.15379e-09  5.57156e-12
      1272.86  2.59421e-09  5.42988e-12
      1273.19  2.44222e-09  5.29915e-12
      1273.51  2.99217e-09  5.42889e-12
      1273.84  4.71903e-09  6.21852e-12
      1274.16  6.24828e-09  6.76669e-12
      1274.49  8.12166e-09  7.24827e-12
      1274.81  1.45156e-08  9.95265e-12
      1275.14  1.99497e-08  1.20372e-11
      1275.46  1.78051e-08  1.17267e-11
      1275.79  1.16614e-08  9.79656e-12
      1276.11  7.70813e-09  8.06671e-12
      1276.44  1.01586e-08  8.80340e-12
      1276.76  1.69347e-08  1.12552e-11
      1277.09  1.76737e-08  1.08562e-11
      1277.42  1.77519e-08  1.11526e-11
      1277.74  1.23548e-08  9.36908e-12
      1278.07  5.77182e-09  6.73780e-12
      1278.40  3.42410e-09  5.86430e-12
      1278.72  2.64904e-09  5.57386e-12
      1279.05  2.61462e-09  5.56303e-12
      1279.38  3.51017e-09  5.92191e-12
      1279.71  5.29179e-09  6.66358e-12
      1280.03  6.93251e-09  7.36172e-12
      1280.36  6.36790e-09  6.80155e-12
      1280.69  6.71153e-09  7.12717e-12
      1281.02  8.85786e-09  8.27895e-12
      1281.34  1.29806e-08  1.03057e-11
      1281.67  1.55727e-08  1.15580e-11
      1282.00  1.23231e-08  9.95394e-12
      1282.33  1.27696e-08  9.68528e-12
      1282.66  1.94059e-08  1.15712e-11
      1282.99  2.45202e-08  1.26774e-11
      1283.32  2.43293e-08  1.26294e-11
      1283.65  1.71413e-08  1.08347e-11
      1283.98  9.12979e-09  8.30832e-12
      1284.31  5.24971e-09  6.84756e-12
      1284.64  3.90666e-09  6.25983e-12
      1284.97  3.87100e-09  6.23491e-12
      1285.30  4.60642e-09  6.65474e-12
      1285.63  3.90446e-09  5.84583e-12
      1285.96  3.57498e-09  5.40539e-12
      1286.29  5.50069e-09  6.56296e-12
      1286.62  7.82701e-09  8.10959e-12
      1286.95  7.18260e-09  7.73101e-12
      1287.28  8.94782e-09  8.63026e-12
      1287.61  1.59760e-08  1.20139e-11
      1287.95  1.89660e-08  1.25509e-11
      1288.28  1.88791e-08  1.19960e-11
      1288.61  1.88085e-08  1.14041e-11
      1288.94  1.87494e-08  1.13723e-11
      1289.27  1.33056e-08  9.35285e-12
      1289.61  9.80431e-09  8.42516e-12
      1289.94  7.89603e-09  7.93431e-12
      1290.27  5.34393e-09  6.76662e-12
      1290.61  4.55879e-09  6.56366e-12
      1290.94  3.48416e-09  5.77493e-12
      1291.27  2.56551e-09  4.89321e-12
      1291.61  2.96865e-09  4.90783e-12
      1291.94  4.86985e-09  6.01558e-12
      1292.27  8.31801e-09  7.70382e-12
      1292.61  1.20495e-08  9.87872e-12
      1292.94  8.82647e-09  8.41899e-12
      1293.28  6.70052e-09  7.65002e-12
      1293.61  8.89243e-09  8.96580e-12
      1293.95  1.13442e-08  9.43759e-12
      1294.28  1.69810e-08  1.13014e-11
      1294.62  1.91807e-08  1.16631e-11
      1294.95  1.60911e-08  1.03566e-11
      1295.29  1.54970e-08  1.05218e-11
      1295.62  1.33447e-08  1.00375e-11
      1295.96  9.75845e-09  8.79290e-12
      1296.29  8.43662e-09  8.25365e-12
      1296.63  8.81782e-09  8.32651e-12
      1296.97  1.08054e-08  8.61878e-12
      1297.30  1.66124e-08  1.03013e-11
      1297.64  2.25724e-08  1.20582e-11
      1297.98  1.93133e-08  1.11317e-11
      1298.31  1.22612e-08  9.25527e-12
      1298.65  6.89495e-09  7.33269e-12
      1298.99  5.12154e-09  6.60097e-12
      1299.33  8.72879e-09  8.41365e-12
      1299.66  1.60856e-08  1.13946e-11
      1300.00  1.82056e-08  1.16598e-11
      1300.34  1.58931e-08  1.09010e-11
      1300.68  1.08919e-08  8.81201e-12
      1301.02  1.08118e-08  8.66293e-12
      1301.35  1.90207e-08  1.22689e-11
      1301.69  2.30490e-08  1.34862e-11
      1302.03  2.22607e-08  1.32624e-11
      1302.37  1.96830e-08  1.19496e-11
      1302.71  2.24236e-08  1.24898e-11
      1303.05  2.49346e-08  1.25793e-11
      1303.39  2.80920e-08  1.31721e-11
      1303.73  3.05492e-08  1.37822e-11
      1304.07  2.85081e-08  1.33805e-11
      1304.41  2.87886e-08  1.38768e-11
      1304.75  3.06222e-08  1.47596e-11
      1305.09  3.20152e-08  1.52279e-11
      1305.43  3.72913e-08  1.63325e-11
      1305.77  4.38864e-08  1.74501e-11
      1306.11  4.38388e-08  1.72360e-11
      1306.46  3.04579e-08  1.42628e-11
      1306.80  1.51520e-08  1.01854e-11
      1307.14  7.91507e-09  7.87656e-12
      1307.48  5.35018e-09  6.94471e-12
      1307.82  4.23219e-09  6.44914e-12
      1308.16  4.18737e-09  6.26383e-12
      1308.51  4.91999e-09  6.54252e-12
      1308.85  4.14036e-09  5.79379e-12
      1309.19  2.95780e-09  4.81651e-12
      1309.53  2.66781e-09  4.66599e-12
      1309.88  2.62441e-09  4.76625e-12
      1310.22  2.81761e-09  4.99848e-12
      1310.56  3.66970e-09  5.63383e-12
      1310.91  6.60014e-09  7.29668e-12
      1311.25  1.22423e-08  9.87875e-12
      1311.60  1.26841e-08  9.75703e-12
      1311.94  7.66403e-09  7.44528e-12
      1312.28  3.97585e-09  5.64160e-12
      1312.63  2.64316e-09  4.98637e-12
      1312.97  2.22708e-09  4.92616e-12
      1313.32  2.93737e-09  5.60276e-12
      1313.66  4.95792e-09  7.20106e-12
      1314.01  4.31339e-09  6.59206e-12
      1314.35  2.41221e-09  4.97363e-12
      1314.70  1.80187e-09  4.41075e-12
      1315.05  1.78007e-09  4.15545e-12
      1315.39  2.02878e-09  4.30589e-12
      1315.74  2.60378e-09  4.80114e-12
      1316.08  3.97731e-09  5.69075e-12
      1316.43  7.92637e-09  7.76231e-12
      1316.78  1.38869e-08  1.06228e-11
      1317.12  1.15942e-08  9.47795e-12
      1317.47  5.46092e-09  6.40386e-12
      1317.82  3.15717e-09  5.16756e-12
      1318.17  3.14624e-09  5.09880e-12
      1318.51  5.20654e-09  6.60466e-12
      1318.86  6.62191e-09  7.73282e-12
      1319.21  4.60797e-09  6.68434e-12
      1319.56  2.59104e-09  5.41558e-12
      1319.91  2.55757e-09  5.38527e-12
      1320.25  2.62401e-09  5.22250e-12
      1320.60  2.60787e-09  4.83784e-12
      1320.95  3.16759e-09  5.05068e-12
      1321.30  4.55030e-09  5.89053e-12
      1321.65  9.02696e-09  7.77196e-12
      1322.00  1.68440e-08  1.13273e-11
      1322.35  1.53031e-08  1.08359e-11
      1322.70  7.90114e-09  7.75013e-12
      1323.05  4.83324e-09  6.30486e-12
      1323.40  5.21848e-09  6.49880e-12
      1323.75  6.23992e-09  6.94657e-12
      1324.10  6.53713e-09  7.21312e-12
      1324.45  4.89877e-09  6.44279e-12
      1324.80  3.41776e-09  5.87441e-12
      