227
      1249.95  1.53547e-08  1.45166e-11
      1250.27  7.82593e-09  1.04441e-11
      1250.58  2.83294e-09  6.94118e-12
      1250.89  2.01538e-09  6.56860e-12
      1251.20  2.59601e-09  6.55655e-12
      1251.52  3.94112e-09  7.12096e-12
      1251.83  6.66410e-09  8.85930e-12
      1252.14  8.61712e-09  1.00232e-11
      1252.46  8.31889e-09  1.01120e-11
      1252.77  7.66318e-09  9.77258e-12
      1253.09  1.21880e-08  1.18946e-11
      1253.40  2.23081e-08  1.57456e-11
      1253.71  2.71655e-08  1.71293e-11
      1254.03  1.68664e-08  1.27745e-11
      1254.34  8.54500e-09  8.88092e-12
      1254.66  1.03269e-08  9.73112e-12
      1254.97  1.55327e-08  1.26218e-11
      1255.29  1.05480e-08  1.03497e-11
      1255.60  5.02685e-09  7.64455e-12
      1255.92  5.49714e-09  8.21238e-12
      1256.23  9.13090e-09  9.69389e-12
      1256.55  1.45481e-08  1.24037e-11
      1256.87  1.03429e-08  9.97929e-12
      1257.18  4.74730e-09  6.96955e-12
      1257.50  3.65133e-09  6.22909e-12
      1257.81  4.16172e-09  6.78775e-12
      1258.13  5.26382e-09  7.90168e-12
      1258.45  5.26167e-09  7.78449e-12
      1258.76  5.56720e-09  7.82823e-12
      1259.08  9.68432e-09  9.60619e-12
      1259.40  1.92700e-08  1.30940e-11
      1259.72  2.57356e-08  1.50141e-11
      1260.03  1.96975e-08  1.26351e-11
      1260.35  1.48913e-08  1.08509e-11
      1260.67  1.87130e-08  1.26395e-11
      1260.99  1.76631e-08  1.24264e-11
      1261.30  1.45052e-08  1.11584e-11
      1261.62  1.75534e-08  1.29174e-11
      1261.94  1.88084e-08  1.33710e-11
      1262.26  1.89677e-08  1.35196e-11
      1262.58  1.44186e-08  1.11590e-11
      1262.90  1.51824e-08  1.09531e-11
      1263.22  2.22711e-08  1.36181e-11
      1263.54  1.86862e-08  1.23192e-11
      1263.86  1.22403e-08  1.01602e-11
      1264.17  9.72955e-09  9.55071e-12
      1264.49  7.13438e-09  8.26210e-12
      1264.81  7.61885e-09  8.23741e-12
      1265.13  1.45346e-08  1.10458e-11
      1265.45  2.18583e-08  1.32734e-11
      1265.77  1.93359e-08  1.20861e-11
      1266.10  1.06798e-08  8.79402e-12
      1266.42  5.68387e-09  6.72779e-12
      1266.74  4.84560e-09  6.52125e-12
      1267.06  6.42045e-09  7.36908e-12
      1267.38  1.28652e-08  1.01446e-11
      1267.70  2.28367e-08  1.38213e-11
      1268.02  2.44359e-08  1.35563e-11
      1268.34  2.39521e-08  1.38762e-11
      1268.67  2.21532e-08  1.24928e-11
      1268.99  2.21852e-08  1.25476e-11
      1269.31  1.73211e-08  1.12344e-11
      1269.63  1.16878e-08  9.50314e-12
      1269.95  9.90280e-09  8.92517e-12
      1270.28  1.18727e-08  9.45133e-12
      1270.60  1.98380e-08  1.24528e-11
      1270.92  2.35236e-08  1.31907e-11
      1271.25  2.57180e-08  1.32267e-11
      1271.57  2.55625e-08  1.31048e-11
      1271.89  1.53998e-08  9.94098e-12
      1272.22  7.16924e-09  7.08658e-12
      1272.54  4.67037e-09  6.38918e-12
      1272.86  3.90792e-09  6.22634e-12
      1273.19  3.67917e-09  6.16963e-12
      1273.51  4.38939e-09  6.49999e-12
      1273.84  6.62145e-09  7.59902e-12
      1274.16  8.64732e-09  8.34037e-12
      1274.49  1.11109e-08  8.85235e-12
      1274.81  1.87305e-08  1.14905e-11
      1275.14  2.51442e-08  1.36740e-11
      1275.46  2.25818e-08  1.30570e-11
      1275.79  1.50864e-08  1.09144e-11
      1276.11  1.01054e-08  8.97709e-12
      1276.44  1.28231e-08  9.99260e-12
      1276.76  2.07543e-08  1.28773e-11
      1277.09  2.15895e-08  1.22901e-11
      1277.42  2.19796e-08  1.24906e-11
      1277.74  1.54402e-08  1.03356e-11
      1278.07  7.51254e-09  7.39855e-12
      1278.40  4.64955e-09  6.37231e-12
      1278.72  3.68401e-09  5.94572e-12
      1279.05  3.68243e-09  5.94988e-12
      1279.38  4.89150e-09  6.57063e-12
      1279.71  7.19583e-09  7.46261e-12
      1280.03  9.37238e-09  8.26487e-12
      1280.36  8.74255e-09  7.68457e-12
      1280.69  9.25580e-09  7.94553e-12
      1281.02  1.21305e-08  9.08351e-12
      1281.34  1.73143e-08  1.11598e-11
      1281.67  2.05325e-08  1.28111e-11
      1282.00  1.65721e-08  1.15933e-11
      1282.33  1.71125e-08  1.15549e-11
      1282.66  2.51012e-08  1.39211e-11
      1282.99  3.10604e-08  1.51233e-11
      1283.32  3.05349e-08  1.47244e-11
      1283.65  2.16702e-08  1.22813e-11
      1283.98  1.18555e-08  9.21063e-12
      1284.31  7.00164e-09  7.50134e-12
      1284.64  5.24205e-09  6.86663e-12
      1284.97  5.11329e-09  6.77880e-12
      1285.30  5.90420e-09  7.51235e-12
      1285.63  5.00616e-09  6.64537e-12
      1285.96  4.79079e-09  6.10647e-12
      1286.29  7.22302e-09  7.30127e-12
      1286.62  1.00982e-08  8.72377e-12
      1286.95  9.45691e-09  8.22697e-12
      1287.28  1.18117e-08  9.18227e-12
      1287.61  2.03241e-08  1.25143e-11
      1287.95  2.42107e-08  1.33733e-11
      1288.28  2.43538e-08  1.30914e-11
      1288.61  2.44573e-08  1.27358e-11
      1288.94  2.42242e-08  1.26759e-11
      1289.27  1.75419e-08  1.04482e-11
      1289.61  1.33729e-08  9.57714e-12
      1289.94  1.08318e-08  9.10554e-12
      1290.27  7.47474e-09  7.78761e-12
      1290.61  6.39280e-09  7.64753e-12
      1290.94  4.81530e-09  6.70511e-12
      1291.27  3.57603e-09  5.79350e-12
      1291.61  4.08188e-09  5.95783e-12
      1291.94  6.51142e-09  7.24735e-12
      1292.27  1.06138e-08  8.80518e-12
      1292.61  1.47152e-08  1.12372e-11
      1292.94  1.06792e-08  9.13064e-12
      1293.28  8.61743e-09  8.14999e-12
      1293.61  1.16432e-08  9.78925e-12
      1293.95  1.45067e-08  1.03000e-11
      1294.28  2.15891e-08  1.24273e-11
      1294.62  2.43789e-08  1.27574e-11
      1294.95  2.06442e-08  1.11979e-11
      1295.29  2.02263e-08  1.13954e-11
      1295.62  1.76694e-08  1.07013e-11
      1295.96  1.31974e-08  9.47009e-12
      1296.29  1.16312e-08  9.12246e-12
      1296.63  1.21719e-08  9.40748e-12
      1296.97  1.47498e-08  1.02302e-11
      1297.30  2.18960e-08  1.24816e-11
      1297.64  2.86592e-08  1.43381e-11
      1297.98  2.45184e-08  1.29200e-11
      1298.31  1.58649e-08  1.04491e-11
      1298.65  9.22649e-09  8.18548e-12
      1298.99  7.08405e-09  7.45625e-12
      1299.33  1.14854e-08  9.41178e-12
      1299.66  1.97959e-08  1.25430e-11
      1300.00  2.21530e-08  1.27091e-11
      1300.34  1.95107e-08  1.16347e-11
      1300.68  1.37525e-08  9.31828e-12
      1301.02  1.41320e-08  9.20616e-12
      1301.35  2.41772e-08  1.27101e-11
      1301.69  2.88157e-08  1.39353e-11
      1302.03  2.80617e-08  1.39231e-11
      1302.37  2.49087e-08  1.28017e-11
      1302.71  2.88801e-08  1.39594e-11
      1303.05  3.15645e-08  1.40451e-11
      1303.39  3.58166e-08  1.47031e-11
      1303.73  3.84580e-08  1.53234e-11
      1304.07  3.57316e-08  1.51395e-11
      1304.41  3.61293e-08  1.57430e-11
      1304.75  3.79352e-08  1.66826e-11
      1305.09  3.91129e-08  1.72287e-11
      1305.43  4.49775e-08  1.87042e-11
      1305.77  5.18247e-08  1.97975e-11
      1306.11  5.08147e-08  1.90323e-11
      1306.46  3.50574e-08  1.52617e-11
      1306.80  1.79778e-08  1.07544e-11
      1307.14  9.98043e-09  8.31140e-12
      1307.48  7.03489e-09  7.33389e-12
      1307.82  5.72713e-09  6.87808e-12
      1308.16  5.78398e-09  6.88174e-12
      1308.51  6.71701e-09  7.31339e-12
      1308.85  5.65769e-09  6.48288e-12
      1309.19  4.19492e-09  5.45541e-12
      1309.53  3.84805e-09  5.22552e-12
      1309.88  3.80077e-09  5.29526e-12
      1310.22  4.08407e-09  5.63189e-12
      1310.56  5.24318e-09  6.55191e-12
      1310.91  9.06896e-09  8.53565e-12
      1311.25  1.57929e-08  1.15844e-11
      1311.60  1.58489e-08  1.13780e-11
      1311.94  9.54411e-09  8.48006e-12
      1312.28  5.10314e-09  6.15850e-12
      1312.63  3.46629e-09  5.31305e-12
      1312.97  2.98480e-09  5.05471e-12
      1313.32  4.01049e-09  5.80067e-12
      1313.66  6.54932e-09  7.56400e-12
      1314.01  5.56837e-09  6.98228e-12
      1314.35  3.26783e-09  5.36897e-12
      1314.70  2.56170e-09  4.78553e-12
      1315.05  2.59141e-09  4.63443e-12
      1315.39  2.96170e-09  4.75878e-12
      1315.74  3.78722e-09  5.29615e-12
      1316.08  5.72684e-09  6.42976e-12
      1316.43  1.09308e-08  8.95447e-12
      1316.78  1.79645e-08  1.23706e-11
      1317.12  1.44726e-08  1.10494e-11
      1317.47  7.01613e-09  7.69818e-12
      1317.82  4.21662e-09  6.06030e-12
      1318.17  4.27217e-09  5.81061e-12
      1318.51  6.84734e-09  7.19193e-12
      1318.86  8.40306e-09  8.08932e-12
      1319.21  5.78240e-09  6.89295e-12
      1319.56  3.44368e-09  5.66685e-12
      1319.91  3.52595e-09  5.86863e-12
      1320.25  3.63152e-09  5.76430e-12
      1320.60  3.68182e-09  5.47510e-12
      1320.95  4.51236e-09  5.71631e-12
      1321.30  6.46756e-09  6.50591e-12
      1321.65  1.24219e-08  8.78864e-12
      1322.00  2.19375e-08  1.24466e-11
      1322.35  1.92372e-08  1.18689e-11
      1322.70  1.01579e-08  8.94934e-12
      1323.05  6.50621e-09  7.54573e-12
      1323.40  7.04919e-09  7.80707e-12
      1323.75  8.20295e-09  8.03100e-12
      1324.10  8.24524e-09  8.09986e-12
      1324.45  5.93653e-09  6.81207e-12
      1324.80  4.40264e-09  5.96648e-12
      