227
      1249.95  1.12460e-08  1.23475e-11
      1250.27  5.26084e-09  8.76991e-12
      1250.58  1.68464e-09  6.00385e-12
      1250.89  1.21555e-09  5.43621e-12
      1251.20  1.65397e-09  5.61858e-12
      1251.52  2.65319e-09  6.22982e-12
      1251.83  4.66685e-09  7.95182e-12
      1252.14  6.05615e-09  9.09400e-12
      1252.46  5.78325e-09  9.23051e-12
      1252.77  5.42098e-09  9.12987e-12
      1253.09  9.11079e-09  1.13398e-11
      1253.40  1.71898e-08  1.49782e-11
      1253.71  2.08966e-08  1.60630e-11
      1254.03  1.27489e-08  1.19325e-11
      1254.34  6.25689e-09  8.26920e-12
      1254.66  7.87831e-09  9.30556e-12
      1254.97  1.21458e-08  1.20792e-11
      1255.29  7.98621e-09  9.81768e-12
      1255.60  3.63851e-09  7.21619e-12
      1255.92  4.09524e-09  7.78643e-12
      1256.23  7.14830e-09  9.12187e-12
      1256.55  1.16996e-08  1.14737e-11
      1256.87  7.96728e-09  8.78557e-12
      1257.18  3.54946e-09  6.04303e-12
      1257.50  2.61924e-09  5.52423e-12
      1257.81  3.03796e-09  5.89908e-12
      1258.13  3.93616e-09  6.69056e-12
      1258.45  3.99891e-09  6.74560e-12
      1258.76  4.16074e-09  6.69200e-12
      1259.08  7.40856e-09  8.11262e-12
      1259.40  1.51207e-08  1.09520e-11
      1259.72  2.02123e-08  1.22628e-11
      1260.03  1.51739e-08  1.01479e-11
      1260.35  1.12368e-08  8.72195e-12
      1260.67  1.41760e-08  1.04671e-11
      1260.99  1.31467e-08  1.02910e-11
      1261.30  1.07264e-08  9.42441e-12
      1261.62  1.31084e-08  1.09141e-11
      1261.94  1.39497e-08  1.08693e-11
      1262.26  1.39806e-08  1.09211e-11
      1262.58  1.04176e-08  8.93963e-12
      1262.90  1.12121e-08  9.16631e-12
      1263.22  1.67141e-08  1.17422e-11
      1263.54  1.37377e-08  1.06800e-11
      1263.86  8.76611e-09  8.92207e-12
      1264.17  6.82685e-09  8.57162e-12
      1264.49  4.90205e-09  7.44806e-12
      1264.81  5.41596e-09  7.44463e-12
      1265.13  1.10623e-08  1.00565e-11
      1265.45  1.71236e-08  1.21499e-11
      1265.77  1.49748e-08  1.10919e-11
      1266.10  7.85412e-09  7.94406e-12
      1266.42  4.01122e-09  6.15155e-12
      1266.74  3.47768e-09  6.13799e-12
      1267.06  4.78205e-09  6.97360e-12
      1267.38  1.01440e-08  9.86115e-12
      1267.70  1.92206e-08  1.32433e-11
      1268.02  2.00036e-08  1.21501e-11
      1268.34  1.97364e-08  1.16293e-11
      1268.67  1.78194e-08  1.05290e-11
      1268.99  1.76496e-08  1.06841e-11
      1269.31  1.35911e-08  9.45720e-12
      1269.63  8.89712e-09  7.92808e-12
      1269.95  7.39732e-09  7.52627e-12
      1270.28  9.15188e-09  8.16475e-12
      1270.60  1.53151e-08  1.05360e-11
      1270.92  1.82264e-08  1.09156e-11
      1271.25  1.98801e-08  1.10555e-11
      1271.57  1.93989e-08  1.10419e-11
      1271.89  1.14203e-08  8.50367e-12
      1272.22  5.03796e-09  6.13985e-12
      1272.54  3.09791e-09  5.50098e-12
      1272.86  2.53059e-09  5.36601e-12
      1273.19  2.38520e-09  5.45714e-12
      1273.51  2.94137e-09  5.69371e-12
      1273.84  4.65354e-09  6.66975e-12
      1274.16  6.17123e-09  7.20914e-12
      1274.49  8.06979e-09  7.69715e-12
      1274.81  1.44888e-08  1.06049e-11
      1275.14  1.99210e-08  1.28447e-11
      1275.46  1.77554e-08  1.23448e-11
      1275.79  1.15709e-08  1.01365e-11
      1276.11  7.60076e-09  8.34914e-12
      1276.44  1.00398e-08  9.17029e-12
      1276.76  1.69570e-08  1.15490e-11
      1277.09  1.76016e-08  1.07829e-11
      1277.42  1.77867e-08  1.08287e-11
      1277.74  1.23332e-08  8.87276e-12
      1278.07  5.70148e-09  6.22719e-12
      1278.40  3.38498e-09  5.38532e-12
      1278.72  2.62455e-09  5.05531e-12
      1279.05  2.58639e-09  4.99264e-12
      1279.38  3.48578e-09  5.42920e-12
      1279.71  5.25035e-09  6.18143e-12
      1280.03  6.88724e-09  6.86371e-12
      1280.36  6.32720e-09  6.45270e-12
      1280.69  6.67099e-09  6.89231e-12
      1281.02  8.81878e-09  8.15465e-12
      1281.34  1.29308e-08  1.03289e-11
      1281.67  1.55354e-08  1.18545e-11
      1282.00  1.22680e-08  1.03095e-11
      1282.33  1.26977e-08  1.02817e-11
      1282.66  1.93001e-08  1.23386e-11
      1282.99  2.44077e-08  1.35271e-11
      1283.32  2.42510e-08  1.33704e-11
      1283.65  1.70503e-08  1.12909e-11
      1283.98  9.04035e-09  8.50718e-12
      1284.31  5.18608e-09  6.94500e-12
      1284.64  3.85402e-09  6.29142e-12
      1284.97  3.82473e-09  6.08908e-12
      1285.30  4.56617e-09  6.46581e-12
      1285.63  3.86870e-09  5.53875e-12
      1285.96  3.53487e-09  4.96005e-12
      1286.29  5.45926e-09  5.97913e-12
      1286.62  7.77109e-09  7.30383e-12
      1286.95  7.18426e-09  7.04256e-12
      1287.28  8.93645e-09  7.90321e-12
      1287.61  1.58628e-08  1.10768e-11
      1287.95  1.89041e-08  1.18085e-11
      1288.28  1.87942e-08  1.15291e-11
      1288.61  1.87324e-08  1.12116e-11
      1288.94  1.85828e-08  1.13245e-11
      1289.27  1.33175e-08  9.60120e-12
      1289.61  9.74249e-09  8.73353e-12
      1289.94  7.81543e-09  8.36303e-12
      1290.27  5.31125e-09  7.27533e-12
      1290.61  4.49182e-09  6.92926e-12
      1290.94  3.42780e-09  6.15390e-12
      1291.27  2.53063e-09  5.11454e-12
      1291.61  2.94061e-09  5.11671e-12
      1291.94  4.81189e-09  6.08757e-12
      1292.27  8.26859e-09  7.66660e-12
      1292.61  1.19104e-08  9.50796e-12
      1292.94  8.83078e-09  8.04998e-12
      1293.28  6.70907e-09  7.13442e-12
      1293.61  8.85121e-09  8.15946e-12
      1293.95  1.13255e-08  8.53676e-12
      1294.28  1.69260e-08  1.02288e-11
      1294.62  1.91020e-08  1.05990e-11
      1294.95  1.60399e-08  9.57708e-12
      1295.29  1.54553e-08  9.95836e-12
      1295.62  1.32716e-08  9.66119e-12
      1295.96  9.69867e-09  8.69529e-12
      1296.29  8.39400e-09  8.44623e-12
      1296.63  8.74716e-09  8.74907e-12
      1296.97  1.07031e-08  9.19484e-12
      1297.30  1.65025e-08  1.10155e-11
      1297.64  2.25502e-08  1.29795e-11
      1297.98  1.92905e-08  1.18223e-11
      1298.31  1.22043e-08  9.65703e-12
      1298.65  6.86734e-09  7.55865e-12
      1298.99  5.09287e-09  6.57879e-12
      1299.33  8.66215e-09  8.16826e-12
      1299.66  1.59092e-08  1.07647e-11
      1300.00  1.81265e-08  1.08467e-11
      1300.34  1.57988e-08  9.71687e-12
      1300.68  1.09747e-08  7.83756e-12
      1301.02  1.08692e-08  7.77360e-12
      1301.35  1.89089e-08  1.09687e-11
      1301.69  2.29990e-08  1.24380e-11
      1302.03  2.22046e-08  1.25965e-11
      1302.37  1.97204e-08  1.18294e-11
      1302.71  2.23363e-08  1.26787e-11
      1303.05  2.48829e-08  1.30444e-11
      1303.39  2.80706e-08  1.39625e-11
      1303.73  3.04458e-08  1.47391e-11
      1304.07  2.84273e-08  1.45324e-11
      1304.41  2.87257e-08  1.51149e-11
      1304.75  3.05541e-08  1.57914e-11
      1305.09  3.19079e-08  1.59061e-11
      1305.43  3.71479e-08  1.65544e-11
      1305.77  4.37568e-08  1.71553e-11
      1306.11  4.38177e-08  1.66334e-11
      1306.46  3.05003e-08  1.34540e-11
      1306.80  1.51902e-08  9.35688e-12
      1307.14  7.93015e-09  7.09921e-12
      1307.48  5.33711e-09  6.26047e-12
      1307.82  4.21125e-09  5.79980e-12
      1308.16  4.15292e-09  5.75508e-12
      1308.51  4.90506e-09  6.27045e-12
      1308.85  4.09071e-09  5.69299e-12
      1309.19  2.91710e-09  4.88805e-12
      1309.53  2.63429e-09  4.88191e-12
      1309.88  2.58407e-09  5.13024e-12
      1310.22  2.76638e-09  5.41731e-12
      1310.56  3.57946e-09  6.06057e-12
      1310.91  6.40327e-09  7.62682e-12
      1311.25  1.22473e-08  1.03965e-11
      1311.60  1.27492e-08  9.96077e-12
      1311.94  7.63708e-09  7.31232e-12
      1312.28  3.91716e-09  5.36215e-12
      1312.63  2.60705e-09  4.57745e-12
      1312.97  2.19464e-09  4.39909e-12
      1313.32  2.87196e-09  4.89555e-12
      1313.66  4.93265e-09  6.44349e-12
      1314.01  4.30275e-09  6.23357e-12
      1314.35  2.38357e-09  6.90345e-12
      1314.70  1.77522e-09  4.19210e-12
      1315.05  1.74648e-09  4.14876e-12
      1315.39  1.98514e-09  4.47541e-12
      1315.74  2.55927e-09  5.09985e-12
      1316.08  3.92746e-09  6.23795e-12
      1316.43  7.85355e-09  8.42424e-12
      1316.78  1.37194e-08  1.14439e-11
      1317.12  1.15591e-08  1.02175e-11
      1317.47  5.49534e-09  6.76128e-12
      1317.82  3.14777e-09  5.14258e-12
      1318.17  3.11463e-09  4.87237e-12
      1318.51  5.14646e-09  6.10917e-12
      1318.86  6.56739e-09  7.06721e-12
      1319.21  4.59425e-09  6.01343e-12
      1319.56  2.59061e-09  4.79750e-12
      1319.91  2.54406e-09  4.91283e-12
      1320.25  2.61073e-09  4.82144e-12
      1320.60  2.59126e-09  4.72603e-12
      1320.95  3.13576e-09  5.07625e-12
      1321.30  4.51108e-09  6.00590e-12
      1321.65  8.98829e-09  8.29231e-12
      1322.00  1.67089e-08  1.20700e-11
      1322.35  1.51761e-08  1.18817e-11
      1322.70  7.95339e-09  8.50467e-12
      1323.05  4.82897e-09  6.56262e-12
      1323.40  5.16942e-09  6.47748e-12
      1323.75  6.18259e-09  6.68462e-12
      1324.10  6.48634e-09  6.74236e-12
      1324.45  4.84270e-09  5.88616e-12
      1324.80  3.38259e-09  5.19347e-12
      