227
      1249.95  9.18165e-09  1.62319e-11
      1250.27  4.66086e-09  1.16449e-11
      1250.58  1.75951e-09  7.62429e-12
      1250.89  1.30719e-09  6.77983e-12
      1251.20  1.60319e-09  6.99025e-12
      1251.52  2.34844e-09  7.53346e-12
      1251.83  3.97479e-09  9.48846e-12
      1252.14  5.09707e-09  1.08386e-11
      1252.46  4.84849e-09  1.10741e-11
      1252.77  4.32558e-09  1.05383e-11
      1253.09  7.08600e-09  1.27379e-11
      1253.40  1.37356e-08  1.70035e-11
      1253.71  1.74194e-08  1.89992e-11
      1254.03  1.06249e-08  1.39955e-11
      1254.34  5.01277e-09  9.67136e-12
      1254.66  6.15716e-09  1.11107e-11
      1254.97  9.70498e-09  1.49510e-11
      1255.29  6.73698e-09  1.27561e-11
      1255.60  3.06550e-09  9.53278e-12
      1255.92  3.31359e-09  1.01534e-11
      1256.23  5.61346e-09  1.20123e-11
      1256.55  8.82659e-09  1.48261e-11
      1256.87  6.50980e-09  1.21280e-11
      1257.18  3.01845e-09  8.51267e-12
      1257.50  2.21383e-09  7.96763e-12
      1257.81  2.48781e-09  8.63078e-12
      1258.13  3.04824e-09  9.75302e-12
      1258.45  3.05563e-09  1.00824e-11
      1258.76  3.21869e-09  1.01410e-11
      1259.08  5.70431e-09  1.22576e-11
      1259.40  1.18372e-08  1.63936e-11
      1259.72  1.62507e-08  1.87309e-11
      1260.03  1.22264e-08  1.54477e-11
      1260.35  8.90247e-09  1.27968e-11
      1260.67  1.15609e-08  1.56095e-11
      1260.99  1.06650e-08  1.51417e-11
      1261.30  8.42957e-09  1.32231e-11
      1261.62  1.07946e-08  1.53588e-11
      1261.94  1.11916e-08  1.45151e-11
      1262.26  1.18455e-08  1.47824e-11
      1262.58  8.39525e-09  1.13667e-11
      1262.90  8.25825e-09  1.13559e-11
      1263.22  1.25453e-08  1.40058e-11
      1263.54  1.11444e-08  1.38878e-11
      1263.86  7.12348e-09  1.06624e-11
      1264.17  5.62578e-09  1.00847e-11
      1264.49  4.15065e-09  8.76322e-12
      1264.81  4.41837e-09  8.56283e-12
      1265.13  8.72479e-09  1.15329e-11
      1265.45  1.35941e-08  1.41434e-11
      1265.77  1.22133e-08  1.31786e-11
      1266.10  6.61856e-09  9.78960e-12
      1266.42  3.37076e-09  7.71804e-12
      1266.74  2.85624e-09  7.90568e-12
      1267.06  3.81818e-09  9.01406e-12
      1267.38  7.99602e-09  1.26927e-11
      1267.70  1.45787e-08  1.72179e-11
      1268.02  1.57330e-08  1.70176e-11
      1268.34  1.53319e-08  1.64776e-11
      1268.67  1.39755e-08  1.52371e-11
      1268.99  1.37280e-08  1.61119e-11
      1269.31  1.05496e-08  1.46889e-11
      1269.63  7.03870e-09  1.21156e-11
      1269.95  5.81804e-09  1.13530e-11
      1270.28  7.22099e-09  1.22136e-11
      1270.60  1.22665e-08  1.56468e-11
      1270.92  1.47342e-08  1.59290e-11
      1271.25  1.61971e-08  1.58988e-11
      1271.57  1.61078e-08  1.57009e-11
      1271.89  9.56060e-09  1.17329e-11
      1272.22  4.27356e-09  8.19903e-12
      1272.54  2.68333e-09  7.22796e-12
      1272.86  2.23407e-09  6.82364e-12
      1273.19  2.10749e-09  6.60377e-12
      1273.51  2.50098e-09  6.65648e-12
      1273.84  3.86224e-09  7.60157e-12
      1274.16  5.06430e-09  8.15978e-12
      1274.49  6.44646e-09  8.71737e-12
      1274.81  1.15309e-08  1.22474e-11
      1275.14  1.60007e-08  1.50485e-11
      1275.46  1.43540e-08  1.49348e-11
      1275.79  9.33379e-09  1.25651e-11
      1276.11  6.05089e-09  1.03146e-11
      1276.44  7.79070e-09  1.17198e-11
      1276.76  1.32110e-08  1.54380e-11
      1277.09  1.38192e-08  1.47447e-11
      1277.42  1.38215e-08  1.51242e-11
      1277.74  9.78623e-09  1.29269e-11
      1278.07  4.57415e-09  9.14622e-12
      1278.40  2.75714e-09  8.08649e-12
      1278.72  2.20715e-09  7.58744e-12
      1279.05  2.20348e-09  7.64103e-12
      1279.38  2.88003e-09  8.15865e-12
      1279.71  4.27760e-09  8.82193e-12
      1280.03  5.60679e-09  9.79108e-12
      1280.36  5.18643e-09  8.93091e-12
      1280.69  5.43113e-09  9.09917e-12
      1281.02  7.13687e-09  1.03536e-11
      1281.34  1.05284e-08  1.28606e-11
      1281.67  1.27587e-08  1.44220e-11
      1282.00  1.00465e-08  1.22205e-11
      1282.33  1.02698e-08  1.18274e-11
      1282.66  1.57285e-08  1.42754e-11
      1282.99  2.00258e-08  1.57703e-11
      1283.32  1.99344e-08  1.58829e-11
      1283.65  1.39009e-08  1.35911e-11
      1283.98  7.27722e-09  1.04849e-11
      1284.31  4.15861e-09  8.88239e-12
      1284.64  3.09682e-09  8.27885e-12
      1284.97  3.03219e-09  8.36014e-12
      1285.30  3.55805e-09  8.93011e-12
      1285.63  3.03818e-09  7.88475e-12
      1285.96  2.79926e-09  7.34174e-12
      1286.29  4.31463e-09  8.94255e-12
      1286.62  6.20070e-09  1.10015e-11
      1286.95  5.63263e-09  1.03864e-11
      1287.28  6.95521e-09  1.14883e-11
      1287.61  1.29746e-08  1.63533e-11
      1287.95  1.54310e-08  1.68900e-11
      1288.28  1.53446e-08  1.60096e-11
      1288.61  1.52824e-08  1.48083e-11
      1288.94  1.54093e-08  1.45299e-11
      1289.27  1.08886e-08  1.17917e-11
      1289.61  7.92479e-09  1.03116e-11
      1289.94  6.40945e-09  9.69550e-12
      1290.27  4.34519e-09  8.21087e-12
      1290.61  3.69500e-09  8.13559e-12
      1290.94  2.88358e-09  7.22996e-12
      1291.27  2.15947e-09  6.22494e-12
      1291.61  2.45818e-09  6.41255e-12
      1291.94  3.85526e-09  7.81224e-12
      1292.27  6.47412e-09  1.01715e-11
      1292.61  9.17281e-09  1.27799e-11
      1292.94  6.92496e-09  1.13072e-11
      1293.28  5.19539e-09  1.02822e-11
      1293.61  6.79625e-09  1.20439e-11
      1293.95  8.92842e-09  1.30294e-11
      1294.28  1.33235e-08  1.53350e-11
      1294.62  1.51587e-08  1.59232e-11
      1294.95  1.29212e-08  1.39181e-11
      1295.29  1.23164e-08  1.37807e-11
      1295.62  1.06600e-08  1.29986e-11
      1295.96  7.87230e-09  1.11787e-11
      1296.29  6.81586e-09  1.04720e-11
      1296.63  7.10316e-09  1.04280e-11
      1296.97  8.84279e-09  1.09253e-11
      1297.30  1.36614e-08  1.28737e-11
      1297.64  1.81011e-08  1.48942e-11
      1297.98  1.53320e-08  1.39567e-11
      1298.31  9.60414e-09  1.13912e-11
      1298.65  5.38492e-09  9.20848e-12
      1298.99  4.10247e-09  8.68883e-12
      1299.33  6.99300e-09  1.14243e-11
      1299.66  1.24436e-08  1.54244e-11
      1300.00  1.39707e-08  1.57325e-11
      1300.34  1.21600e-08  1.44936e-11
      1300.68  8.38977e-09  1.15971e-11
      1301.02  8.79179e-09  1.17780e-11
      1301.35  1.53616e-08  1.68428e-11
      1301.69  1.84999e-08  1.83217e-11
      1302.03  1.81721e-08  1.80724e-11
      1302.37  1.60908e-08  1.60015e-11
      1302.71  1.88695e-08  1.69753e-11
      1303.05  2.05866e-08  1.62349e-11
      1303.39  2.37477e-08  1.67772e-11
      1303.73  2.55220e-08  1.74527e-11
      1304.07  2.34482e-08  1.66827e-11
      1304.41  2.37896e-08  1.76686e-11
      1304.75  2.51578e-08  1.91202e-11
      1305.09  2.60966e-08  1.98821e-11
      1305.43  3.08961e-08  2.21344e-11
      1305.77  3.66101e-08  2.38031e-11
      1306.11  3.66386e-08  2.41156e-11
      1306.46  2.40422e-08  1.91275e-11
      1306.80  1.12730e-08  1.31394e-11
      1307.14  5.86374e-09  1.01958e-11
      1307.48  4.05287e-09  9.23439e-12
      1307.82  3.27402e-09  8.66751e-12
      1308.16  3.30177e-09  8.45413e-12
      1308.51  4.02712e-09  8.94938e-12
      1308.85  3.28814e-09  7.46606e-12
      1309.19  2.39414e-09  6.14535e-12
      1309.53  2.22657e-09  5.87081e-12
      1309.88  2.18341e-09  5.88424e-12
      1310.22  2.33139e-09  6.24740e-12
      1310.56  2.95991e-09  7.05647e-12
      1310.91  5.29552e-09  9.14385e-12
      1311.25  1.01395e-08  1.31546e-11
      1311.60  1.00671e-08  1.27467e-11
      1311.94  5.72941e-09  9.44663e-12
      1312.28  2.96008e-09  7.10430e-12
      1312.63  2.04385e-09  6.48284e-12
      1312.97  1.77117e-09  6.47612e-12
      1313.32  2.35633e-09  7.72425e-12
      1313.66  3.97869e-09  9.93067e-12
      1314.01  3.35276e-09  8.90020e-12
      1314.35  1.94720e-09  6.84346e-12
      1314.70  1.54592e-09  5.89303e-12
      1315.05  1.55403e-09  5.56548e-12
      1315.39  1.75277e-09  5.59741e-12
      1315.74  2.20934e-09  6.12202e-12
      1316.08  3.31675e-09  7.10370e-12
      1316.43  6.62016e-09  9.91276e-12
      1316.78  1.14609e-08  1.36850e-11
      1317.12  9.02506e-09  1.20980e-11
      1317.47  4.09986e-09  8.20132e-12
      1317.82  2.43608e-09  6.61255e-12
      1318.17  2.48456e-09  6.68337e-12
      1318.51  4.06462e-09  8.74436e-12
      1318.86  5.05131e-09  1.01464e-11
      1319.21  3.42041e-09  8.76222e-12
      1319.56  2.01883e-09  7.32507e-12
      1319.91  2.09935e-09  7.55906e-12
      1320.25  2.15450e-09  7.24459e-12
      1320.60  2.14992e-09  6.65402e-12
      1320.95  2.62066e-09  6.72339e-12
      1321.30  3.77441e-09  7.33176e-12
      1321.65  7.58775e-09  9.89712e-12
      1322.00  1.42961e-08  1.45805e-11
      1322.35  1.23261e-08  1.36342e-11
      1322.70  5.98989e-09  9.72600e-12
      1323.05  3.70463e-09  8.08587e-12
      1323.40  4.06251e-09  8.44234e-12
      1323.75  4.79237e-09  8.96881e-12
      1324.10  4.86372e-09  9.70767e-12
      1324.45  3.47742e-09  8.70859e-12
      1324.80  2.57030e-09  7.71461e-12
      