227
      1249.95  8.23776e-09  1.63131e-11
      1250.27  4.17042e-09  1.17614e-11
      1250.58  1.57428e-09  7.95419e-12
      1250.89  1.17479e-09  7.06531e-12
      1251.20  1.43665e-09  7.10988e-12
      1251.52  2.10224e-09  7.59786e-12
      1251.83  3.54070e-09  9.37137e-12
      1252.14  4.52624e-09  1.05235e-11
      1252.46  4.29603e-09  1.07241e-11
      1252.77  3.84637e-09  1.01086e-11
      1253.09  6.38475e-09  1.20573e-11
      1253.40  1.25298e-08  1.59481e-11
      1253.71  1.60075e-08  1.76214e-11
      1254.03  9.72291e-09  1.28355e-11
      1254.34  4.53933e-09  8.80832e-12
      1254.66  5.63424e-09  9.97983e-12
      1254.97  8.98133e-09  1.34409e-11
      1255.29  6.22611e-09  1.14569e-11
      1255.60  2.81176e-09  8.62824e-12
      1255.92  3.06449e-09  9.14981e-12
      1256.23  5.22550e-09  1.08543e-11
      1256.55  8.31666e-09  1.33271e-11
      1256.87  6.12758e-09  1.09636e-11
      1257.18  2.84283e-09  7.83692e-12
      1257.50  2.09468e-09  7.39321e-12
      1257.81  2.34467e-09  8.11000e-12
      1258.13  2.85336e-09  9.28602e-12
      1258.45  2.88168e-09  9.49064e-12
      1258.76  3.01352e-09  9.39636e-12
      1259.08  5.32057e-09  1.13016e-11
      1259.40  1.10707e-08  1.53825e-11
      1259.72  1.51869e-08  1.78572e-11
      1260.03  1.13476e-08  1.48423e-11
      1260.35  8.18839e-09  1.24439e-11
      1260.67  1.06241e-08  1.53024e-11
      1260.99  9.74783e-09  1.48145e-11
      1261.30  7.63965e-09  1.30306e-11
      1261.62  9.79734e-09  1.52020e-11
      1261.94  1.01254e-08  1.43680e-11
      1262.26  1.06691e-08  1.48061e-11
      1262.58  7.48148e-09  1.15378e-11
      1262.90  7.76651e-09  1.09845e-11
      1263.22  1.27661e-08  1.50159e-11
      1263.54  1.05177e-08  1.31070e-11
      1263.86  6.35995e-09  1.03843e-11
      1264.17  4.99968e-09  9.71094e-12
      1264.49  3.68813e-09  8.34337e-12
      1264.81  3.95844e-09  8.08874e-12
      1265.13  7.92469e-09  1.06957e-11
      1265.45  1.24647e-08  1.29404e-11
      1265.77  1.12414e-08  1.19477e-11
      1266.10  6.07326e-09  8.79045e-12
      1266.42  3.07307e-09  6.88533e-12
      1266.74  2.61364e-09  6.97520e-12
      1267.06  3.52811e-09  7.92078e-12
      1267.38  7.52395e-09  1.12031e-11
      1267.70  1.37928e-08  1.55600e-11
      1268.02  1.48949e-08  1.55334e-11
      1268.34  1.45940e-08  1.48801e-11
      1268.67  1.32928e-08  1.38594e-11
      1268.99  1.30924e-08  1.45511e-11
      1269.31  1.01329e-08  1.31391e-11
      1269.63  6.56480e-09  1.10878e-11
      1269.95  5.38810e-09  1.06388e-11
      1270.28  6.69127e-09  1.15963e-11
      1270.60  1.13736e-08  1.50582e-11
      1270.92  1.35777e-08  1.53984e-11
      1271.25  1.48993e-08  1.54616e-11
      1271.57  1.47561e-08  1.53080e-11
      1271.89  8.66105e-09  1.14407e-11
      1272.22  3.80773e-09  8.05609e-12
      1272.54  2.36773e-09  7.11965e-12
      1272.86  1.96882e-09  6.64366e-12
      1273.19  1.86047e-09  6.53434e-12
      1273.51  2.21972e-09  6.43838e-12
      1273.84  3.44989e-09  7.34198e-12
      1274.16  4.53678e-09  7.77937e-12
      1274.49  5.81455e-09  8.14581e-12
      1274.81  1.05518e-08  1.12650e-11
      1275.14  1.47550e-08  1.36747e-11
      1275.46  1.32771e-08  1.34581e-11
      1275.79  8.62884e-09  1.12392e-11
      1276.11  5.53768e-09  9.29755e-12
      1276.44  6.65368e-09  1.07022e-11
      1276.76  1.31222e-08  1.59819e-11
      1277.09  1.31542e-08  1.35239e-11
      1277.42  1.32227e-08  1.38638e-11
      1277.74  9.33034e-09  1.18644e-11
      1278.07  4.30623e-09  8.48658e-12
      1278.40  2.56380e-09  7.65710e-12
      1278.72  2.04245e-09  7.34457e-12
      1279.05  2.03320e-09  7.49847e-12
      1279.38  2.64196e-09  8.09851e-12
      1279.71  3.91574e-09  8.86654e-12
      1280.03  5.10432e-09  9.65647e-12
      1280.36  4.68111e-09  8.83414e-12
      1280.69  4.87512e-09  9.10910e-12
      1281.02  6.41652e-09  1.03405e-11
      1281.34  9.49237e-09  1.28159e-11
      1281.67  1.16285e-08  1.53565e-11
      1282.00  8.90915e-09  1.28477e-11
      1282.33  9.26331e-09  1.14582e-11
      1282.66  1.43631e-08  1.36780e-11
      1282.99  1.84338e-08  1.48150e-11
      1283.32  1.84529e-08  1.46242e-11
      1283.65  1.28740e-08  1.22669e-11
      1283.98  6.70829e-09  9.31765e-12
      1284.31  3.82355e-09  7.91903e-12
      1284.64  2.86433e-09  7.45988e-12
      1284.97  2.83299e-09  7.45252e-12
      1285.30  3.30847e-09  8.14843e-12
      1285.63  2.83115e-09  7.24771e-12
      1285.96  2.64787e-09  6.71345e-12
      1286.29  4.06106e-09  8.17032e-12
      1286.62  5.81873e-09  1.02724e-11
      1286.95  5.22878e-09  9.76546e-12
      1287.28  6.43604e-09  1.09316e-11
      1287.61  1.20254e-08  1.59345e-11
      1287.95  1.42393e-08  1.65521e-11
      1288.28  1.40798e-08  1.59250e-11
      1288.61  1.39345e-08  1.47378e-11
      1288.94  1.40304e-08  1.44959e-11
      1289.27  9.88000e-09  1.16094e-11
      1289.61  7.13000e-09  1.01079e-11
      1289.94  5.73078e-09  9.45333e-12
      1290.27  3.86529e-09  7.93616e-12
      1290.61  3.32667e-09  7.63655e-12
      1290.94  2.61867e-09  6.71236e-12
      1291.27  1.97560e-09  5.69090e-12
      1291.61  2.25187e-09  5.77353e-12
      1291.94  3.55967e-09  6.95550e-12
      1292.27  6.08327e-09  9.04601e-12
      1292.61  8.73403e-09  1.15723e-11
      1292.94  6.58415e-09  1.04795e-11
      1293.28  4.90926e-09  9.92807e-12
      1293.61  6.41258e-09  1.15512e-11
      1293.95  8.38640e-09  1.23658e-11
      1294.28  1.25168e-08  1.48119e-11
      1294.62  1.41376e-08  1.54961e-11
      1294.95  1.19262e-08  1.36590e-11
      1295.29  1.12727e-08  1.35654e-11
      1295.62  9.67928e-09  1.29157e-11
      1295.96  7.07456e-09  1.11193e-11
      1296.29  6.10611e-09  1.04765e-11
      1296.63  6.33203e-09  1.02918e-11
      1296.97  7.93465e-09  1.06722e-11
      1297.30  1.24547e-08  1.24063e-11
      1297.64  1.66852e-08  1.40094e-11
      1297.98  1.41249e-08  1.27701e-11
      1298.31  8.82624e-09  1.02571e-11
      1298.65  4.95122e-09  8.19087e-12
      1298.99  3.78662e-09  7.67213e-12
      1299.33  6.56346e-09  1.01648e-11
      1299.66  1.18526e-08  1.38098e-11
      1300.00  1.33425e-08  1.42476e-11
      1300.34  1.15610e-08  1.32612e-11
      1300.68  7.89431e-09  1.07657e-11
      1301.02  8.22329e-09  1.10266e-11
      1301.35  1.44643e-08  1.57912e-11
      1301.69  1.72911e-08  1.74669e-11
      1302.03  1.68384e-08  1.77720e-11
      1302.37  1.47992e-08  1.59395e-11
      1302.71  1.73349e-08  1.69601e-11
      1303.05  1.89034e-08  1.62250e-11
      1303.39  2.18657e-08  1.66509e-11
      1303.73  2.36175e-08  1.71337e-11
      1304.07  2.16871e-08  1.59637e-11
      1304.41  2.20754e-08  1.64404e-11
      1304.75  2.35053e-08  1.74298e-11
      1305.09  2.45567e-08  1.79124e-11
      1305.43  2.93396e-08  1.98653e-11
      1305.77  3.51198e-08  2.15227e-11
      1306.11  3.53407e-08  2.19808e-11
      1306.46  2.31875e-08  1.75732e-11
      1306.80  1.07677e-08  1.21503e-11
      1307.14  5.52354e-09  9.60771e-12
      1307.48  3.75457e-09  8.63496e-12
      1307.82  3.00592e-09  8.19774e-12
      1308.16  3.01344e-09  8.16361e-12
      1308.51  3.65792e-09  8.85092e-12
      1308.85  2.96133e-09  7.47883e-12
      1309.19  2.13984e-09  6.10149e-12
      1309.53  1.98675e-09  5.86682e-12
      1309.88  1.94594e-09  5.83014e-12
      1310.22  2.07563e-09  6.04901e-12
      1310.56  2.65493e-09  6.66946e-12
      1310.91  4.83588e-09  8.34190e-12
      1311.25  9.41431e-09  1.18039e-11
      1311.60  9.39022e-09  1.13888e-11
      1311.94  5.34075e-09  8.42126e-12
      1312.28  2.76381e-09  6.36043e-12
      1312.63  1.92883e-09  5.90841e-12
      1312.97  1.67549e-09  6.00500e-12
      1313.32  2.20958e-09  6.92196e-12
      1313.66  3.70868e-09  9.26147e-12
      1314.01  3.10344e-09  8.74769e-12
      1314.35  1.78002e-09  6.73568e-12
      1314.70  1.39808e-09  5.74830e-12
      1315.05  1.39451e-09  5.66814e-12
      1315.39  1.56440e-09  5.56640e-12
      1315.74  1.96605e-09  6.12787e-12
      1316.08  2.97173e-09  6.98541e-12
      1316.43  6.01097e-09  9.43139e-12
      1316.78  1.05747e-08  1.27067e-11
      1317.12  8.34808e-09  1.10108e-11
      1317.47  3.78051e-09  7.34530e-12
      1317.82  2.24799e-09  5.98986e-12
      1318.17  2.31137e-09  6.07935e-12
      1318.51  3.84773e-09  7.96257e-12
      1318.86  4.78695e-09  9.27811e-12
      1319.21  3.22987e-09  8.20520e-12
      1319.56  1.89569e-09  7.25902e-12
      1319.91  1.94353e-09  7.82025e-12
      1320.25  1.96731e-09  7.27948e-12
      1320.60  1.94843e-09  6.47257e-12
      1320.95  2.35511e-09  6.69677e-12
      1321.30  3.37644e-09  7.45784e-12
      1321.65  6.85548e-09  9.86724e-12
      1322.00  1.31688e-08  1.43269e-11
      1322.35  1.13439e-08  1.30227e-11
      1322.70  5.46829e-09  8.93249e-12
      1323.05  3.38417e-09  7.33456e-12
      1323.40  3.75831e-09  7.53661e-12
      1323.75  4.46324e-09  7.94167e-12
      1324.10  4.62856e-09  8.28934e-12
      1324.45  3.41807e-09  7.53187e-12
      1324.80  2.41893e-09  6.96395e-12
      