227
      1249.95  1.39186e-08  1.54970e-11
      1250.27  7.31421e-09  1.11559e-11
      1250.58  2.86748e-09  7.34828e-12
      1250.89  2.11112e-09  6.52910e-12
      1251.20  2.58825e-09  7.08497e-12
      1251.52  3.74737e-09  7.96063e-12
      1251.83  6.07497e-09  1.06237e-11
      1252.14  7.76750e-09  1.19598e-11
      1252.46  7.51322e-09  1.21092e-11
      1252.77  6.97899e-09  1.17954e-11
      1253.09  1.08701e-08  1.40042e-11
      1253.40  1.98595e-08  1.81704e-11
      1253.71  2.44401e-08  1.96403e-11
      1254.03  1.53419e-08  1.47262e-11
      1254.34  7.83661e-09  1.05328e-11
      1254.66  9.30678e-09  1.16807e-11
      1254.97  1.42254e-08  1.54841e-11
      1255.29  9.75920e-09  1.30225e-11
      1255.60  4.72419e-09  9.21510e-12
      1255.92  5.13332e-09  9.66392e-12
      1256.23  8.35124e-09  1.09520e-11
      1256.55  1.34277e-08  1.37365e-11
      1256.87  9.63973e-09  1.10636e-11
      1257.18  4.34740e-09  7.63909e-12
      1257.50  3.44926e-09  6.73766e-12
      1257.81  3.87401e-09  7.27845e-12
      1258.13  4.79170e-09  8.03827e-12
      1258.45  4.82334e-09  8.03331e-12
      1258.76  5.07395e-09  7.86191e-12
      1259.08  8.63100e-09  9.24046e-12
      1259.40  1.70645e-08  1.24689e-11
      1259.72  2.17639e-08  1.43998e-11
      1260.03  1.62369e-08  1.19053e-11
      1260.35  1.32687e-08  1.01014e-11
      1260.67  1.67972e-08  1.20545e-11
      1260.99  1.58431e-08  1.18513e-11
      1261.30  1.28700e-08  1.06354e-11
      1261.62  1.56324e-08  1.28082e-11
      1261.94  1.67963e-08  1.32949e-11
      1262.26  1.65204e-08  1.42851e-11
      1262.58  1.13862e-08  1.05687e-11
      1262.90  1.33815e-08  1.16388e-11
      1263.22  1.99469e-08  1.48580e-11
      1263.54  1.69695e-08  1.39399e-11
      1263.86  1.10703e-08  1.18035e-11
      1264.17  8.75245e-09  1.12052e-11
      1264.49  6.55562e-09  9.68792e-12
      1264.81  6.91448e-09  9.41356e-12
      1265.13  1.28858e-08  1.23271e-11
      1265.45  1.94548e-08  1.50102e-11
      1265.77  1.74598e-08  1.38676e-11
      1266.10  9.82482e-09  1.03359e-11
      1266.42  5.31314e-09  8.14224e-12
      1266.74  4.51287e-09  7.80148e-12
      1267.06  5.86802e-09  8.63147e-12
      1267.38  1.16056e-08  1.14757e-11
      1267.70  2.07510e-08  1.52520e-11
      1268.02  2.20265e-08  1.45851e-11
      1268.34  2.05265e-08  1.42672e-11
      1268.67  1.95569e-08  1.27139e-11
      1268.99  1.98811e-08  1.28887e-11
      1269.31  1.52289e-08  1.17422e-11
      1269.63  9.86279e-09  9.67459e-12
      1269.95  8.90752e-09  8.96612e-12
      1270.28  1.07185e-08  9.28236e-12
      1270.60  1.78204e-08  1.19341e-11
      1270.92  2.11810e-08  1.21923e-11
      1271.25  2.31772e-08  1.24085e-11
      1271.57  2.30919e-08  1.25267e-11
      1271.89  1.39337e-08  9.99867e-12
      1272.22  6.34339e-09  9.18332e-12
      1272.54  3.95426e-09  6.90321e-12
      1272.86  3.66388e-09  7.02210e-12
      1273.19  3.47980e-09  6.92229e-12
      1273.51  4.04776e-09  7.14607e-12
      1273.84  5.98911e-09  8.23942e-12
      1274.16  7.78495e-09  9.08444e-12
      1274.49  9.76563e-09  9.83345e-12
      1274.81  1.65685e-08  1.34408e-11
      1275.14  2.25495e-08  1.61944e-11
      1275.46  2.03692e-08  1.56889e-11
      1275.79  1.36428e-08  1.29563e-11
      1276.11  9.15537e-09  1.03975e-11
      1276.44  1.15010e-08  1.10456e-11
      1276.76  1.87065e-08  1.37838e-11
      1277.09  1.97116e-08  1.31502e-11
      1277.42  1.97223e-08  1.31180e-11
      1277.74  1.41566e-08  1.09446e-11
      1278.07  6.95645e-09  7.69302e-12
      1278.40  4.32705e-09  6.67975e-12
      1278.72  3.47265e-09  6.12531e-12
      1279.05  3.46945e-09  5.93180e-12
      1279.38  4.51978e-09  6.27473e-12
      1279.71  6.58405e-09  7.03542e-12
      1280.03  8.52248e-09  7.83129e-12
      1280.36  7.95208e-09  7.41049e-12
      1280.69  8.34823e-09  7.81160e-12
      1281.02  1.08278e-08  9.13998e-12
      1281.34  1.52839e-08  1.14221e-11
      1281.67  1.73169e-08  1.35963e-11
      1282.00  1.35340e-08  1.30070e-11
      1282.33  1.51723e-08  1.30066e-11
      1282.66  2.23008e-08  1.52824e-11
      1282.99  2.78011e-08  1.67934e-11
      1283.32  2.74396e-08  1.67841e-11
      1283.65  1.95897e-08  1.44199e-11
      1283.98  1.08098e-08  1.09205e-11
      1284.31  6.43879e-09  8.97820e-12
      1284.64  4.88005e-09  7.98346e-12
      1284.97  4.77484e-09  7.75581e-12
      1285.30  5.26789e-09  8.23580e-12
      1285.63  4.47753e-09  7.01158e-12
      1285.96  4.42973e-09  6.12092e-12
      1286.29  6.52100e-09  7.24675e-12
      1286.62  9.05999e-09  8.68014e-12
      1286.95  8.55745e-09  8.30469e-12
      1287.28  1.06755e-08  9.21654e-12
      1287.61  1.84639e-08  1.25181e-11
      1287.95  2.19431e-08  1.32214e-11
      1288.28  2.20607e-08  1.28422e-11
      1288.61  2.20598e-08  1.24199e-11
      1288.94  2.18743e-08  1.26354e-11
      1289.27  1.56091e-08  1.05417e-11
      1289.61  1.19615e-08  1.03820e-11
      1289.94  9.72677e-09  1.11053e-11
      1290.27  6.06826e-09  9.20603e-12
      1290.61  5.82600e-09  9.13724e-12
      1290.94  4.46673e-09  7.78879e-12
      1291.27  3.35013e-09  6.58304e-12
      1291.61  3.76686e-09  6.51023e-12
      1291.94  5.87873e-09  7.81174e-12
      1292.27  9.49195e-09  9.78942e-12
      1292.61  1.28911e-08  1.26757e-11
      1292.94  9.67021e-09  1.01518e-11
      1293.28  7.80578e-09  8.83201e-12
      1293.61  1.03828e-08  1.01309e-11
      1293.95  1.29649e-08  1.02944e-11
      1294.28  1.94508e-08  1.22228e-11
      1294.62  2.20854e-08  1.24375e-11
      1294.95  1.86714e-08  1.09393e-11
      1295.29  1.83643e-08  1.13479e-11
      1295.62  1.59887e-08  1.08813e-11
      1295.96  1.18600e-08  9.69926e-12
      1296.29  1.03793e-08  9.42065e-12
      1296.63  1.07712e-08  9.69402e-12
      1296.97  1.27602e-08  1.05798e-11
      1297.30  1.92503e-08  1.34070e-11
      1297.64  2.58886e-08  1.61552e-11
      1297.98  2.20958e-08  1.48347e-11
      1298.31  1.42243e-08  1.22848e-11
      1298.65  8.26096e-09  9.66400e-12
      1298.99  6.29870e-09  8.54597e-12
      1299.33  1.02357e-08  1.05661e-11
      1299.66  1.79411e-08  1.36702e-11
      1300.00  2.00781e-08  1.34212e-11
      1300.34  1.75696e-08  1.19443e-11
      1300.68  1.23582e-08  9.42602e-12
      1301.02  1.26499e-08  9.25276e-12
      1301.35  2.18716e-08  1.28684e-11
      1301.69  2.62646e-08  1.41277e-11
      1302.03  2.56050e-08  1.41337e-11
      1302.37  2.27634e-08  1.29860e-11
      1302.71  2.62544e-08  1.40093e-11
      1303.05  2.86771e-08  1.41087e-11
      1303.39  3.23331e-08  1.49389e-11
      1303.73  3.45677e-08  1.60720e-11
      1304.07  3.23567e-08  1.69343e-11
      1304.41  3.25996e-08  1.85367e-11
      1304.75  3.42224e-08  1.97461e-11
      1305.09  3.52940e-08  2.01011e-11
      1305.43  4.07863e-08  2.11702e-11
      1305.77  4.74572e-08  2.17833e-11
      1306.11  4.71222e-08  2.09371e-11
      1306.46  3.23277e-08  1.66186e-11
      1306.80  1.62903e-08  1.15232e-11
      1307.14  8.94327e-09  8.55787e-12
      1307.48  6.33696e-09  7.46771e-12
      1307.82  5.21621e-09  6.91192e-12
      1308.16  5.24092e-09  6.84996e-12
      1308.51  5.61109e-09  7.20129e-12
      1308.85  4.64940e-09  6.41347e-12
      1309.19  3.83527e-09  5.52634e-12
      1309.53  3.53408e-09  5.46081e-12
      1309.88  3.43908e-09  5.58043e-12
      1310.22  3.62669e-09  6.13996e-12
      1310.56  4.69058e-09  7.56684e-12
      1310.91  8.04781e-09  9.92500e-12
      1311.25  1.42002e-08  1.32808e-11
      1311.60  1.43080e-08  1.28337e-11
      1311.94  8.60744e-09  9.41257e-12
      1312.28  4.65464e-09  6.83781e-12
      1312.63  3.26065e-09  5.80092e-12
      1312.97  2.85055e-09  5.43032e-12
      1313.32  3.70421e-09  6.15946e-12
      1313.66  5.93133e-09  7.74767e-12
      1314.01  5.13009e-09  7.01589e-12
      1314.35  3.08759e-09  5.44398e-12
      1314.70  2.45753e-09  4.76192e-12
      1315.05  2.46649e-09  4.66113e-12
      1315.39  2.77375e-09  4.84621e-12
      1315.74  3.46488e-09  5.49413e-12
      1316.08  5.12568e-09  6.72940e-12
      1316.43  9.48407e-09  9.55441e-12
      1316.78  1.58858e-08  1.38287e-11
      1317.12  1.30641e-08  1.27867e-11
      1317.47  6.30403e-09  8.63319e-12
      1317.82  3.84304e-09  6.74614e-12
      1318.17  3.86481e-09  6.40675e-12
      1318.51  6.23194e-09  7.99361e-12
      1318.86  7.69625e-09  8.92593e-12
      1319.21  5.25918e-09  7.31826e-12
      1319.56  3.15962e-09  5.93745e-12
      1319.91  3.28958e-09  5.97302e-12
      1320.25  3.39106e-09  5.80516e-12
      1320.60  3.42226e-09  5.42094e-12
      1320.95  4.15891e-09  5.70462e-12
      1321.30  5.85525e-09  6.58941e-12
      1321.65  1.11382e-08  8.98733e-12
      1322.00  1.99145e-08  1.30812e-11
      1322.35  1.74288e-08  1.28554e-11
      1322.70  9.22091e-09  1.01139e-11
      1323.05  5.77164e-09  8.51785e-12
      1323.40  6.28356e-09  8.73570e-12
      1323.75  7.33036e-09  8.96159e-12
      1324.10  7.37799e-09  9.05420e-12
      1324.45  5.29687e-09  7.51662e-12
      1324.80  4.00437e-09  6.45153e-12
      