227
      1249.95  7.68529e-09  2.22552e-11
      1250.27  3.87772e-09  1.71634e-11
      1250.58  1.78796e-09  1.81950e-11
      1250.89  1.41174e-09  2.18417e-11
      1251.20  1.36174e-09  2.25525e-11
      1251.52  0.00000e+00  0.00000e+00
      1251.83  0.00000e+00  0.00000e+00
      1252.14  0.00000e+00  0.00000e+00
      1252.46  0.00000e+00  0.00000e+00
      1252.77  2.09528e-08  5.37217e-11
      1253.09  2.10494e-08  5.23937e-11
      1253.40  2.16149e-08  4.46024e-11
      1253.71  2.14898e-08  3.33120e-11
      1254.03  1.27790e-08  2.39273e-11
      1254.34  6.36498e-09  1.72329e-11
      1254.66  8.06417e-09  1.95806e-11
      1254.97  1.22942e-08  2.57932e-11
      1255.29  8.31612e-09  2.16087e-11
      1255.60  3.96885e-09  1.60783e-11
      1255.92  4.45089e-09  1.71759e-11
      1256.23  7.50817e-09  2.05904e-11
      1256.55  1.16464e-08  2.59659e-11
      1256.87  1.21447e-08  3.59195e-11
      1257.18  1.20523e-08  4.09938e-11
      1257.50  1.20346e-08  4.17940e-11
      1257.81  0.00000e+00  0.00000e+00
      1258.13  0.00000e+00  0.00000e+00
      1258.45  0.00000e+00  0.00000e+00
      1258.76  0.00000e+00  0.00000e+00
      1259.08  0.00000e+00  0.00000e+00
      1259.40  0.00000e+00  0.00000e+00
      1259.72  0.00000e+00  0.00000e+00
      1260.03  0.00000e+00  0.00000e+00
      1260.35  0.00000e+00  0.00000e+00
      1260.67  0.00000e+00  0.00000e+00
      1260.99  0.00000e+00  0.00000e+00
      1261.30  8.67984e-09  3.27996e-11
      1261.62  8.77165e-09  3.13551e-11
      1261.94  9.31551e-09  2.46841e-11
      1262.26  9.97060e-09  2.10092e-11
      1262.58  7.23776e-09  1.67057e-11
      1262.90  7.31944e-09  1.75863e-11
      1263.22  9.38510e-09  2.84077e-11
      1263.54  9.86362e-09  3.20459e-11
      1263.86  9.92889e-09  3.25678e-11
      1264.17  0.00000e+00  0.00000e+00
      1264.49  1.29259e-08  3.62732e-11
      1264.81  1.30935e-08  3.51384e-11
      1265.13  1.41993e-08  2.90672e-11
      1265.45  1.71255e-08  2.45770e-11
      1265.77  1.48898e-08  2.25953e-11
      1266.10  8.10475e-09  1.68184e-11
      1266.42  4.33369e-09  1.31268e-11
      1266.74  3.82593e-09  1.31875e-11
      1267.06  5.24461e-09  1.50728e-11
      1267.38  1.04620e-08  2.12221e-11
      1267.70  1.65151e-08  3.63627e-11
      1268.02  1.81788e-08  4.48319e-11
      1268.34  1.84185e-08  4.62132e-11
      1268.67  0.00000e+00  0.00000e+00
      1268.99  0.00000e+00  0.00000e+00
      1269.31  0.00000e+00  0.00000e+00
      1269.63  0.00000e+00  0.00000e+00
      1269.95  0.00000e+00  0.00000e+00
      1270.28  0.00000e+00  0.00000e+00
      1270.60  0.00000e+00  0.00000e+00
      1270.92  0.00000e+00  0.00000e+00
      1271.25  0.00000e+00  0.00000e+00
      1271.57  3.28150e-09  1.82913e-11
      1271.89  3.22153e-09  1.71092e-11
      1272.22  2.87727e-09  1.21736e-11
      1272.54  2.19295e-09  9.82199e-12
      1272.86  1.87437e-09  9.98530e-12
      1273.19  1.77364e-09  1.40356e-11
      1273.51  1.75431e-09  1.63072e-11
      1273.84  1.75176e-09  1.66532e-11
      1274.16  1.38730e-08  3.47909e-11
      1274.49  1.42287e-08  3.26428e-11
      1274.81  1.62658e-08  2.53893e-11
      1275.14  1.98459e-08  2.57474e-11
      1275.46  1.74998e-08  2.48156e-11
      1275.79  1.14989e-08  2.06198e-11
      1276.11  7.83392e-09  1.72203e-11
      1276.44  1.04267e-08  1.96519e-11
      1276.76  1.66583e-08  2.94247e-11
      1277.09  1.90501e-08  4.11939e-11
      1277.42  1.94372e-08  4.37867e-11
      1277.74  0.00000e+00  0.00000e+00
      1278.07  0.00000e+00  0.00000e+00
      1278.40  0.00000e+00  0.00000e+00
      1278.72  0.00000e+00  0.00000e+00
      1279.05  0.00000e+00  0.00000e+00
      1279.38  0.00000e+00  0.00000e+00
      1279.71  0.00000e+00  0.00000e+00
      1280.03  5.18282e-09  2.22763e-11
      1280.36  5.19956e-09  2.18061e-11
      1280.69  5.33874e-09  1.87816e-11
      1281.02  6.33206e-09  1.50925e-11
      1281.34  9.25917e-09  1.83517e-11
      1281.67  1.14937e-08  2.43068e-11
      1282.00  1.19014e-08  3.37050e-11
      1282.33  1.19449e-08  3.57024e-11
      1282.66  2.61652e-08  4.57134e-11
      1282.99  2.58843e-08  4.14736e-11
      1283.32  2.37525e-08  2.87173e-11
      1283.65  1.64497e-08  2.27548e-11
      1283.98  8.86549e-09  1.73048e-11
      1284.31  5.31065e-09  1.48071e-11
      1284.64  4.09398e-09  1.35667e-11
      1284.97  3.85762e-09  1.53447e-11
      1285.30  3.89712e-09  2.11606e-11
      1285.63  3.90693e-09  2.25281e-11
      1285.96  0.00000e+00  0.00000e+00
      1286.29  0.00000e+00  0.00000e+00
      1286.62  0.00000e+00  0.00000e+00
      1286.95  0.00000e+00  0.00000e+00
      1287.28  0.00000e+00  0.00000e+00
      1287.61  0.00000e+00  0.00000e+00
      1287.95  1.31619e-08  3.51757e-11
      1288.28  1.32088e-08  3.42763e-11
      1288.61  1.34977e-08  2.86649e-11
      1288.94  1.31899e-08  2.16745e-11
      1289.27  8.96576e-09  1.82055e-11
      1289.61  6.63226e-09  2.21736e-11
      1289.94  6.26122e-09  2.41093e-11
      1290.27  4.05516e-09  2.17084e-11
      1290.61  3.95029e-09  1.99367e-11
      1290.94  3.41374e-09  1.32800e-11
      1291.27  2.78718e-09  1.06501e-11
      1291.61  3.31326e-09  1.10178e-11
      1291.94  5.27345e-09  1.35413e-11
      1292.27  8.52920e-09  1.76872e-11
      1292.61  1.12002e-08  2.86212e-11
      1292.94  1.18091e-08  3.35376e-11
      1293.28  1.18891e-08  3.42487e-11
      1293.61  0.00000e+00  0.00000e+00
      1293.95  0.00000e+00  0.00000e+00
      1294.28  0.00000e+00  0.00000e+00
      1294.62  0.00000e+00  0.00000e+00
      1294.95  0.00000e+00  0.00000e+00
      1295.29  7.29509e-09  2.59647e-11
      1295.62  7.12966e-09  2.30342e-11
      1295.96  6.35758e-09  1.55892e-11
      1296.29  5.73645e-09  1.47929e-11
      1296.63  5.84537e-09  1.67015e-11
      1296.97  5.94085e-09  2.38778e-11
      1297.30  6.75911e-09  2.44114e-11
      1297.64  1.91602e-08  3.78087e-11
      1297.98  1.70759e-08  2.69995e-11
      1298.31  1.16013e-08  1.91671e-11
      1298.65  6.71519e-09  1.52328e-11
      1298.99  5.50023e-09  1.45221e-11
      1299.33  7.82508e-09  2.11524e-11
      1299.66  9.12926e-09  3.01247e-11
      1300.00  9.32254e-09  3.17680e-11
      1300.34  0.00000e+00  0.00000e+00
      1300.68  0.00000e+00  0.00000e+00
      1301.02  0.00000e+00  0.00000e+00
      1301.35  0.00000e+00  0.00000e+00
      1301.69  0.00000e+00  0.00000e+00
      1302.03  1.91168e-08  4.16875e-11
      1302.37  1.90460e-08  4.03675e-11
      1302.71  1.85778e-08  3.22954e-11
      1303.05  1.81258e-08  2.41515e-11
      1303.39  2.07032e-08  2.86215e-11
      1303.73  2.23234e-08  4.11349e-11
      1304.07  2.77146e-08  3.93691e-11
      1304.41  2.92758e-08  3.69982e-11
      1304.75  3.01001e-08  3.12284e-11
      1305.09  3.16304e-08  3.22951e-11
      1305.43  3.75048e-08  3.53934e-11
      1305.77  4.29174e-08  4.10336e-11
      1306.11  4.44378e-08  5.78526e-11
      1306.46  4.46369e-08  6.23775e-11
      1306.80  0.00000e+00  0.00000e+00
      1307.14  0.00000e+00  0.00000e+00
      1307.48  0.00000e+00  0.00000e+00
      1307.82  0.00000e+00  0.00000e+00
      1308.16  0.00000e+00  0.00000e+00
      1308.51  1.96285e-09  1.46459e-11
      1308.85  1.95763e-09  1.36156e-11
      1309.19  1.92743e-09  9.89790e-12
      1309.53  1.86550e-09  8.93748e-12
      1309.88  1.79645e-09  1.14091e-11
      1310.22  1.84173e-09  1.40193e-11
      1310.56  5.03068e-09  2.01232e-11
      1310.91  7.48862e-09  1.69481e-11
      1311.25  1.30624e-08  2.19989e-11
      1311.60  1.22398e-08  2.05973e-11
      1311.94  6.95685e-09  1.53580e-11
      1312.28  4.14196e-09  1.59524e-11
      1312.63  3.65059e-09  1.95211e-11
      1312.97  3.59030e-09  2.01608e-11
      1313.32  0.00000e+00  0.00000e+00
      1313.66  0.00000e+00  0.00000e+00
      1314.01  0.00000e+00  0.00000e+00
      1314.35  1.35405e-09  1.34300e-11
      1314.70  1.35720e-09  1.29205e-11
      1315.05  1.38335e-09  1.00982e-11
      1315.39  1.52427e-09  8.43112e-12
      1315.74  1.80165e-09  1.04622e-11
      1316.08  1.97217e-09  1.47466e-11
      1316.43  1.46148e-08  3.34987e-11
      1316.78  1.51307e-08  2.61153e-11
      1317.12  1.04081e-08  1.92078e-11
      1317.47  4.95940e-09  1.35215e-11
      1317.82  3.16688e-09  1.14427e-11
      1318.17  2.92347e-09  1.32343e-11
      1318.51  2.98102e-09  1.77048e-11
      1318.86  2.99317e-09  1.86681e-11
      1319.21  0.00000e+00  0.00000e+00
      1319.56  0.00000e+00  0.00000e+00
      1319.91  0.00000e+00  0.00000e+00
      1320.25  0.00000e+00  0.00000e+00
      1320.60  2.50545e-09  1.60807e-11
      1320.95  2.61096e-09  1.41462e-11
      1321.30  3.30795e-09  1.15994e-11
      1321.65  4.57010e-09  1.75821e-11
      1322.00  4.96133e-09  2.18186e-11
      1322.35  5.80318e-09  2.38164e-11
      1322.70  5.45578e-09  1.89733e-11
      1323.05  4.74709e-09  1.36401e-11
      1323.40  5.42013e-09  1.44650e-11
      1323.75  6.07072e-09  1.85065e-11
      1324.10  6.16982e-09  2.37237e-11
      1324.45  6.18082e-09  2.46591e-11
      1324.80  0.00000e+00  0.00000e+00
      