227
      1249.95  9.65803e-09  1.70154e-11
      1250.27  4.92937e-09  1.27148e-11
      1250.58  2.06366e-09  1.01969e-11
      1250.89  1.61959e-09  1.05971e-11
      1251.20  2.01644e-09  1.17491e-11
      1251.52  2.97726e-09  1.28966e-11
      1251.83  5.03079e-09  1.62249e-11
      1252.14  6.41485e-09  1.87081e-11
      1252.46  6.10080e-09  1.86320e-11
      1252.77  5.50305e-09  1.77623e-11
      1253.09  8.97993e-09  2.17267e-11
      1253.40  1.70061e-08  2.86315e-11
      1253.71  2.12294e-08  3.18027e-11
      1254.03  1.29809e-08  2.37260e-11
      1254.34  6.36818e-09  1.68745e-11
      1254.66  7.87851e-09  1.89175e-11
      1254.97  1.21752e-08  2.48434e-11
      1255.29  8.42768e-09  2.09786e-11
      1255.60  3.97161e-09  1.54324e-11
      1255.92  4.35813e-09  1.63254e-11
      1256.23  7.30649e-09  1.94187e-11
      1256.55  1.14471e-08  2.43675e-11
      1256.87  1.14509e-08  3.11492e-11
      1257.18  5.09264e-09  1.10222e-11
      1257.50  2.39034e-09  7.41877e-12
      1257.81  2.70569e-09  8.08140e-12
      1258.13  3.29122e-09  9.01589e-12
      1258.45  3.29317e-09  9.19624e-12
      1258.76  3.51519e-09  9.33919e-12
      1259.08  6.22846e-09  1.13152e-11
      1259.40  1.27541e-08  1.55094e-11
      1259.72  1.71191e-08  1.77492e-11
      1260.03  1.26245e-08  1.46033e-11
      1260.35  9.37268e-09  1.24099e-11
      1260.67  1.23633e-08  1.52409e-11
      1260.99  1.12157e-08  1.46821e-11
      1261.30  8.92618e-09  1.30968e-11
      1261.62  1.14839e-08  1.55842e-11
      1261.94  1.19111e-08  1.51779e-11
      1262.26  1.24678e-08  1.57387e-11
      1262.58  8.98342e-09  1.25217e-11
      1262.90  9.35379e-09  1.29206e-11
      1263.22  1.54600e-08  2.01752e-11
      1263.54  1.39665e-08  2.16863e-11
      1263.86  8.79514e-09  1.79166e-11
      1264.17  7.06870e-09  1.71929e-11
      1264.49  5.28216e-09  1.67548e-11
      1264.81  5.69849e-09  1.48627e-11
      1265.13  1.10095e-08  1.95121e-11
      1265.45  1.67838e-08  2.36869e-11
      1265.77  1.50000e-08  2.22471e-11
      1266.10  8.24763e-09  1.65674e-11
      1266.42  4.35561e-09  1.26988e-11
      1266.74  3.77700e-09  1.26072e-11
      1267.06  5.09153e-09  1.42683e-11
      1267.38  1.01136e-08  1.98056e-11
      1267.70  1.63089e-08  3.26196e-11
      1268.02  1.71374e-08  2.16851e-11
      1268.34  1.61690e-08  1.56546e-11
      1268.67  1.45770e-08  1.41480e-11
      1268.99  1.46478e-08  1.46921e-11
      1269.31  1.11505e-08  1.28039e-11
      1269.63  7.32458e-09  1.07650e-11
      1269.95  6.17921e-09  1.02973e-11
      1270.28  7.77059e-09  1.14046e-11
      1270.60  1.30700e-08  1.50297e-11
      1270.92  1.54844e-08  1.56324e-11
      1271.25  1.61299e-08  1.70722e-11
      1271.57  1.56511e-08  1.70321e-11
      1271.89  9.77129e-09  1.20764e-11
      1272.22  4.49167e-09  8.57813e-12
      1272.54  2.88730e-09  7.71533e-12
      1272.86  2.44814e-09  7.53660e-12
      1273.19  2.46123e-09  8.71263e-12
      1273.51  3.18264e-09  1.08760e-11
      1273.84  4.93337e-09  1.31574e-11
      1274.16  6.43745e-09  1.42244e-11
      1274.49  8.21389e-09  1.51928e-11
      1274.81  1.43731e-08  2.07508e-11
      1275.14  1.96182e-08  2.50321e-11
      1275.46  1.75858e-08  2.42965e-11
      1275.79  1.16416e-08  2.00814e-11
      1276.11  7.81062e-09  1.65525e-11
      1276.44  1.00929e-08  1.84833e-11
      1276.76  1.62934e-08  2.69344e-11
      1277.09  1.77264e-08  2.99853e-11
      1277.42  1.48139e-08  1.42248e-11
      1277.74  9.89129e-09  1.17011e-11
      1278.07  4.68399e-09  8.41497e-12
      1278.40  2.92288e-09  7.46222e-12
      1278.72  2.35714e-09  7.44168e-12
      1279.05  2.36759e-09  7.25391e-12
      1279.38  3.13940e-09  7.89563e-12
      1279.71  4.65573e-09  8.84685e-12
      1280.03  6.04686e-09  9.90421e-12
      1280.36  5.51201e-09  9.15331e-12
      1280.69  5.87838e-09  9.68363e-12
      1281.02  7.76125e-09  1.12810e-11
      1281.34  1.13838e-08  1.41550e-11
      1281.67  1.39777e-08  1.71039e-11
      1282.00  1.22147e-08  1.83636e-11
      1282.33  1.28532e-08  2.00574e-11
      1282.66  1.93447e-08  2.42006e-11
      1282.99  2.42064e-08  2.64154e-11
      1283.32  2.38877e-08  2.63657e-11
      1283.65  1.68374e-08  2.26703e-11
      1283.98  9.05615e-09  1.71406e-11
      1284.31  5.35591e-09  1.42684e-11
      1284.64  4.08348e-09  1.29672e-11
      1284.97  3.82100e-09  1.41638e-11
      1285.30  3.86710e-09  1.62730e-11
      1285.63  3.25969e-09  7.34227e-12
      1285.96  3.10952e-09  7.06559e-12
      1286.29  4.75504e-09  8.40702e-12
      1286.62  6.56441e-09  1.01575e-11
      1286.95  5.98805e-09  9.60422e-12
      1287.28  7.74640e-09  1.09895e-11
      1287.61  1.38697e-08  1.54877e-11
      1287.95  1.62014e-08  1.65954e-11
      1288.28  1.61568e-08  1.62861e-11
      1288.61  1.61704e-08  1.58071e-11
      1288.94  1.62400e-08  1.60850e-11
      1289.27  1.14662e-08  1.35758e-11
      1289.61  9.17179e-09  1.48091e-11
      1289.94  7.84649e-09  1.64095e-11
      1290.27  5.38040e-09  1.41054e-11
      1290.61  4.65559e-09  1.37323e-11
      1290.94  3.63256e-09  1.19986e-11
      1291.27  2.77721e-09  1.03876e-11
      1291.61  3.22582e-09  1.05532e-11
      1291.94  5.09113e-09  1.28014e-11
      1292.27  8.26698e-09  1.64839e-11
      1292.61  1.09838e-08  2.52570e-11
      1292.94  8.59679e-09  1.30028e-11
      1293.28  5.59458e-09  9.57190e-12
      1293.61  7.44965e-09  1.22798e-11
      1293.95  1.07161e-08  1.38333e-11
      1294.28  1.45868e-08  1.51685e-11
      1294.62  1.59242e-08  1.51959e-11
      1294.95  1.35721e-08  1.36086e-11
      1295.29  1.30164e-08  1.38686e-11
      1295.62  1.11596e-08  1.32855e-11
      1295.96  8.30066e-09  1.18730e-11
      1296.29  7.33245e-09  1.16932e-11
      1296.63  7.74575e-09  1.23599e-11
      1296.97  1.03201e-08  1.59942e-11
      1297.30  1.68995e-08  2.20316e-11
      1297.64  2.18885e-08  2.50950e-11
      1297.98  1.85173e-08  2.31668e-11
      1298.31  1.18815e-08  1.88887e-11
      1298.65  6.84588e-09  1.48717e-11
      1298.99  5.39565e-09  1.38091e-11
      1299.33  7.68750e-09  1.92160e-11
      1299.66  1.01723e-08  2.25981e-11
      1300.00  1.44499e-08  1.42224e-11
      1300.34  1.25945e-08  1.33510e-11
      1300.68  8.68730e-09  1.06666e-11
      1301.02  9.65688e-09  1.11707e-11
      1301.35  1.66361e-08  1.55990e-11
      1301.69  1.94864e-08  1.71002e-11
      1302.03  1.89087e-08  1.75367e-11
      1302.37  1.68449e-08  1.60941e-11
      1302.71  2.00229e-08  1.80354e-11
      1303.05  2.17299e-08  1.79641e-11
      1303.39  2.52720e-08  2.01474e-11
      1303.73  2.87778e-08  2.53938e-11
      1304.07  2.76528e-08  2.76081e-11
      1304.41  2.83447e-08  2.89271e-11
      1304.75  2.98781e-08  3.03957e-11
      1305.09  3.12473e-08  3.11381e-11
      1305.43  3.68569e-08  3.37919e-11
      1305.77  4.24529e-08  3.81735e-11
      1306.11  4.31394e-08  4.76048e-11
      1306.46  2.55451e-08  1.69521e-11
      1306.80  1.11548e-08  1.19430e-11
      1307.14  6.04663e-09  9.44607e-12
      1307.48  4.27274e-09  8.40505e-12
      1307.82  3.50415e-09  8.04271e-12
      1308.16  3.60265e-09  8.18177e-12
      1308.51  4.30900e-09  8.96613e-12
      1308.85  3.47963e-09  7.77598e-12
      1309.19  2.59314e-09  6.82549e-12
      1309.53  2.43098e-09  6.83996e-12
      1309.88  2.46673e-09  7.72526e-12
      1310.22  2.92671e-09  1.01653e-11
      1310.56  3.84026e-09  1.20703e-11
      1310.91  6.86055e-09  1.52475e-11
      1311.25  1.27115e-08  2.12194e-11
      1311.60  1.24094e-08  2.01247e-11
      1311.94  7.19793e-09  1.49382e-11
      1312.28  4.13397e-09  1.44263e-11
      1312.63  2.99854e-09  1.11339e-11
      1312.97  1.95856e-09  6.04082e-12
      1313.32  2.71883e-09  7.04797e-12
      1313.66  4.27257e-09  9.04367e-12
      1314.01  3.46063e-09  8.16597e-12
      1314.35  2.06628e-09  6.58261e-12
      1314.70  1.67634e-09  6.13049e-12
      1315.05  1.70169e-09  6.00910e-12
      1315.39  1.93083e-09  6.30133e-12
      1315.74  2.44531e-09  7.39262e-12
      1316.08  3.99996e-09  1.08391e-11
      1316.43  8.46426e-09  1.68781e-11
      1316.78  1.40404e-08  2.25364e-11
      1317.12  1.08105e-08  1.93090e-11
      1317.47  5.13505e-09  1.33007e-11
      1317.82  3.19263e-09  1.09830e-11
      1318.17  2.90923e-09  1.20898e-11
      1318.51  3.39095e-09  1.30347e-11
      1318.86  5.24116e-09  9.14716e-12
      1319.21  3.49144e-09  7.87077e-12
      1319.56  2.17685e-09  6.75239e-12
      1319.91  2.28787e-09  7.16018e-12
      1320.25  2.30700e-09  7.06073e-12
      1320.60  2.35021e-09  6.79352e-12
      1320.95  2.89237e-09  7.30038e-12
      1321.30  4.16578e-09  8.39752e-12
      1321.65  8.02562e-09  1.26942e-11
      1322.00  1.67619e-08  2.37336e-11
      1322.35  1.70312e-08  3.00663e-11
      1322.70  6.10188e-09  1.82455e-11
      1323.05  4.72986e-09  1.33633e-11
      1323.40  5.30181e-09  1.37662e-11
      1323.75  5.99040e-09  1.68772e-11
      1324.10  5.80536e-09  1.68713e-11
      1324.45  3.41798e-09  7.94852e-12
      1324.80  2.74595e-09  6.97599e-12
      