227
      1249.95  1.13589e-08  1.73457e-11
      1250.27  5.40345e-09  1.25049e-11
      1250.58  1.62842e-09  8.41951e-12
      1250.89  1.09171e-09  7.62522e-12
      1251.20  1.53596e-09  7.88433e-12
      1251.52  2.62801e-09  8.97647e-12
      1251.83  4.66813e-09  1.13393e-11
      1252.14  6.07993e-09  1.32549e-11
      1252.46  5.78789e-09  1.33132e-11
      1252.77  5.40322e-09  1.31525e-11
      1253.09  9.07947e-09  1.59269e-11
      1253.40  1.72167e-08  2.08230e-11
      1253.71  2.10969e-08  2.23126e-11
      1254.03  1.29267e-08  1.66341e-11
      1254.34  6.27194e-09  1.16766e-11
      1254.66  7.79700e-09  1.30948e-11
      1254.97  1.22746e-08  1.74886e-11
      1255.29  7.99356e-09  1.41296e-11
      1255.60  3.53622e-09  1.03140e-11
      1255.92  3.97712e-09  1.10521e-11
      1256.23  6.95835e-09  1.26905e-11
      1256.55  1.17755e-08  1.59756e-11
      1256.87  8.00557e-09  1.23550e-11
      1257.18  3.42678e-09  8.42331e-12
      1257.50  2.47572e-09  7.78137e-12
      1257.81  2.87762e-09  8.24649e-12
      1258.13  3.69216e-09  9.18782e-12
      1258.45  3.69703e-09  9.21304e-12
      1258.76  3.93195e-09  9.22477e-12
      1259.08  7.22051e-09  1.09811e-11
      1259.40  1.49127e-08  1.48047e-11
      1259.72  2.01980e-08  1.67544e-11
      1260.03  1.53483e-08  1.41305e-11
      1260.35  1.13137e-08  1.21242e-11
      1260.67  1.42582e-08  1.45730e-11
      1260.99  1.33088e-08  1.45941e-11
      1261.30  1.08280e-08  1.32844e-11
      1261.62  1.32652e-08  1.53820e-11
      1261.94  1.41388e-08  1.55250e-11
      1262.26  1.42400e-08  1.56376e-11
      1262.58  1.05742e-08  1.27381e-11
      1262.90  1.12520e-08  1.28362e-11
      1263.22  1.69469e-08  1.65568e-11
      1263.54  1.40073e-08  1.53282e-11
      1263.86  8.88218e-09  1.28116e-11
      1264.17  6.89719e-09  1.20525e-11
      1264.49  4.90449e-09  1.05298e-11
      1264.81  5.33718e-09  1.05962e-11
      1265.13  1.10080e-08  1.40731e-11
      1265.45  1.72044e-08  1.70689e-11
      1265.77  1.51574e-08  1.57573e-11
      1266.10  7.95421e-09  1.13744e-11
      1266.42  3.94974e-09  8.79607e-12
      1266.74  3.35954e-09  8.68795e-12
      1267.06  4.63269e-09  9.67461e-12
      1267.38  1.00146e-08  1.31281e-11
      1267.70  1.91147e-08  1.78212e-11
      1268.02  2.00339e-08  1.67773e-11
      1268.34  1.97053e-08  1.61864e-11
      1268.67  1.77551e-08  1.44616e-11
      1268.99  1.75541e-08  1.46249e-11
      1269.31  1.36161e-08  1.29898e-11
      1269.63  8.84023e-09  1.09555e-11
      1269.95  7.34903e-09  1.04089e-11
      1270.28  9.16126e-09  1.13144e-11
      1270.60  1.52707e-08  1.43953e-11
      1270.92  1.83943e-08  1.50308e-11
      1271.25  2.00415e-08  1.52672e-11
      1271.57  1.95404e-08  1.53445e-11
      1271.89  1.17527e-08  1.21094e-11
      1272.22  5.14632e-09  8.75188e-12
      1272.54  3.07009e-09  7.77610e-12
      1272.86  2.46993e-09  7.73811e-12
      1273.19  2.33094e-09  7.82614e-12
      1273.51  2.91427e-09  8.17200e-12
      1273.84  4.62549e-09  9.39822e-12
      1274.16  6.16338e-09  1.01665e-11
      1274.49  8.23716e-09  1.10469e-11
      1274.81  1.45202e-08  1.48553e-11
      1275.14  1.98011e-08  1.79220e-11
      1275.46  1.77926e-08  1.73525e-11
      1275.79  1.16989e-08  1.44337e-11
      1276.11  7.64031e-09  1.19733e-11
      1276.44  1.01009e-08  1.28637e-11
      1276.76  1.69473e-08  1.61391e-11
      1277.09  1.74447e-08  1.48357e-11
      1277.42  1.80903e-08  1.52633e-11
      1277.74  1.21911e-08  1.21952e-11
      1278.07  5.57647e-09  8.63206e-12
      1278.40  3.25204e-09  7.37148e-12
      1278.72  2.46006e-09  6.90401e-12
      1279.05  2.42273e-09  6.86422e-12
      1279.38  3.36936e-09  7.46682e-12
      1279.71  5.18277e-09  8.47456e-12
      1280.03  7.06707e-09  9.65945e-12
      1280.36  6.24973e-09  8.81328e-12
      1280.69  6.66983e-09  9.47558e-12
      1281.02  8.87605e-09  1.13119e-11
      1281.34  1.31072e-08  1.42161e-11
      1281.67  1.59737e-08  1.66112e-11
      1282.00  1.24432e-08  1.50980e-11
      1282.33  1.27610e-08  1.49772e-11
      1282.66  1.95974e-08  1.75281e-11
      1282.99  2.47157e-08  1.90088e-11
      1283.32  2.44498e-08  1.89144e-11
      1283.65  1.74518e-08  1.69140e-11
      1283.98  8.82895e-09  1.25510e-11
      1284.31  5.13066e-09  9.83289e-12
      1284.64  3.81842e-09  8.95847e-12
      1284.97  3.77023e-09  8.71786e-12
      1285.30  4.40029e-09  9.07286e-12
      1285.63  3.79116e-09  7.84203e-12
      1285.96  3.51546e-09  7.07795e-12
      1286.29  5.39598e-09  8.27419e-12
      1286.62  7.50565e-09  9.77078e-12
      1286.95  7.15137e-09  9.47431e-12
      1287.28  9.19963e-09  1.07793e-11
      1287.61  1.59021e-08  1.47458e-11
      1287.95  1.90279e-08  1.61173e-11
      1288.28  1.90348e-08  1.58578e-11
      1288.61  1.90752e-08  1.55285e-11
      1288.94  1.86773e-08  1.56234e-11
      1289.27  1.33244e-08  1.31932e-11
      1289.61  9.92379e-09  1.21626e-11
      1289.94  7.79263e-09  1.15097e-11
      1290.27  5.28300e-09  1.00674e-11
      1290.61  4.47794e-09  9.99975e-12
      1290.94  3.31663e-09  8.80709e-12
      1291.27  2.43584e-09  7.52807e-12
      1291.61  2.86597e-09  7.40990e-12
      1291.94  4.80340e-09  8.78948e-12
      1292.27  8.31726e-09  1.07953e-11
      1292.61  1.21191e-08  1.36195e-11
      1292.94  8.52636e-09  1.10205e-11
      1293.28  6.59999e-09  9.93245e-12
      1293.61  8.87834e-09  1.15965e-11
      1293.95  1.11941e-08  1.19038e-11
      1294.28  1.72187e-08  1.42929e-11
      1294.62  1.93208e-08  1.45448e-11
      1294.95  1.59548e-08  1.28280e-11
      1295.29  1.57114e-08  1.35060e-11
      1295.62  1.33899e-08  1.29612e-11
      1295.96  9.67217e-09  1.16984e-11
      1296.29  8.44927e-09  1.15429e-11
      1296.63  8.88501e-09  1.21481e-11
      1296.97  1.09832e-08  1.30662e-11
      1297.30  1.69724e-08  1.58016e-11
      1297.64  2.28247e-08  1.82330e-11
      1297.98  1.92483e-08  1.64877e-11
      1298.31  1.20829e-08  1.35219e-11
      1298.65  6.77136e-09  1.05294e-11
      1298.99  5.16594e-09  9.47324e-12
      1299.33  8.97556e-09  1.19278e-11
      1299.66  1.61046e-08  1.56780e-11
      1300.00  1.80705e-08  1.55411e-11
      1300.34  1.55846e-08  1.36936e-11
      1300.68  1.09421e-08  1.14755e-11
      1301.02  1.12814e-08  1.22762e-11
      1301.35  2.03613e-08  1.65792e-11
      1301.69  2.32005e-08  1.66164e-11
      1302.03  2.22988e-08  1.67871e-11
      1302.37  1.99750e-08  1.59529e-11
      1302.71  2.28497e-08  1.75332e-11
      1303.05  2.53159e-08  1.80449e-11
      1303.39  2.86471e-08  1.91571e-11
      1303.73  3.07103e-08  2.00869e-11
      1304.07  2.86533e-08  1.98651e-11
      1304.41  2.91308e-08  2.07993e-11
      1304.75  3.08284e-08  2.21179e-11
      1305.09  3.23212e-08  2.29281e-11
      1305.43  3.77188e-08  2.43338e-11
      1305.77  4.37211e-08  2.75627e-11
      1306.11  4.17446e-08  2.17170e-11
      1306.46  2.89747e-08  1.92075e-11
      1306.80  1.45700e-08  1.27820e-11
      1307.14  7.62800e-09  9.59417e-12
      1307.48  5.14285e-09  8.46112e-12
      1307.82  4.10065e-09  7.81436e-12
      1308.16  4.15948e-09  7.96682e-12
      1308.51  4.87121e-09  8.62256e-12
      1308.85  3.99213e-09  7.70859e-12
      1309.19  2.85017e-09  6.63616e-12
      1309.53  2.57417e-09  6.56059e-12
      1309.88  2.53297e-09  6.88376e-12
      1310.22  2.76038e-09  7.35104e-12
      1310.56  3.68996e-09  8.60310e-12
      1310.91  6.88450e-09  1.12419e-11
      1311.25  1.23722e-08  1.48251e-11
      1311.60  1.23922e-08  1.43049e-11
      1311.94  7.34866e-09  1.06882e-11
      1312.28  3.77630e-09  7.69941e-12
      1312.63  2.48898e-09  6.52405e-12
      1312.97  2.11246e-09  6.14796e-12
      1313.32  2.96151e-09  6.95289e-12
      1313.66  4.81699e-09  8.79906e-12
      1314.01  4.00337e-09  8.04984e-12
      1314.35  2.27193e-09  6.50189e-12
      1314.70  1.69829e-09  5.73051e-12
      1315.05  1.69557e-09  5.58735e-12
      1315.39  1.96338e-09  6.04792e-12
      1315.74  2.57627e-09  6.80123e-12
      1316.08  4.09545e-09  8.40004e-12
      1316.43  8.49450e-09  1.20378e-11
      1316.78  1.39862e-08  1.62191e-11
      1317.12  1.09674e-08  1.42064e-11
      1317.47  5.25130e-09  9.77833e-12
      1317.82  3.01637e-09  7.52612e-12
      1318.17  3.15141e-09  7.20579e-12
      1318.51  5.30616e-09  8.96435e-12
      1318.86  6.45450e-09  9.85142e-12
      1319.21  4.25904e-09  8.04651e-12
      1319.56  2.45631e-09  6.68404e-12
      1319.91  2.48285e-09  6.95661e-12
      1320.25  2.51191e-09  6.79870e-12
      1320.60  2.54069e-09  6.52910e-12
      1320.95  3.16493e-09  6.90094e-12
      1321.30  4.67638e-09  8.01270e-12
      1321.65  9.69821e-09  1.13263e-11
      1322.00  1.72795e-08  1.63900e-11
      1322.35  1.46638e-08  1.56805e-11
      1322.70  7.54424e-09  1.16149e-11
      1323.05  4.75483e-09  9.71251e-12
      1323.40  5.24040e-09  1.00348e-11
      1323.75  6.20380e-09  9.93854e-12
      1324.10  6.38059e-09  9.73526e-12
      1324.45  4.61004e-09  8.17683e-12
      1324.80  3.24261e-09  7.07982e-12
      