227
      1249.95  1.32506e-08  1.68899e-11
      1250.27  6.47784e-09  1.21233e-11
      1250.58  2.09183e-09  7.94415e-12
      1250.89  1.40989e-09  6.95605e-12
      1251.20  1.91676e-09  7.11486e-12
      1251.52  3.16398e-09  7.98305e-12
      1251.83  5.46315e-09  9.86939e-12
      1252.14  7.07866e-09  1.13872e-11
      1252.46  6.78714e-09  1.13065e-11
      1252.77  6.29369e-09  1.08740e-11
      1253.09  1.03713e-08  1.30535e-11
      1253.40  1.94740e-08  1.69443e-11
      1253.71  2.39214e-08  1.80959e-11
      1254.03  1.45315e-08  1.31939e-11
      1254.34  7.13232e-09  9.23430e-12
      1254.66  8.83227e-09  1.01850e-11
      1254.97  1.40801e-08  1.35063e-11
      1255.29  9.20920e-09  1.09450e-11
      1255.60  4.10213e-09  8.01417e-12
      1255.92  4.70282e-09  8.63996e-12
      1256.23  8.08065e-09  1.00807e-11
      1256.55  1.32856e-08  1.28482e-11
      1256.87  9.30298e-09  1.02173e-11
      1257.18  4.16082e-09  7.16444e-12
      1257.50  3.06446e-09  6.68705e-12
      1257.81  3.54326e-09  7.24465e-12
      1258.13  4.49178e-09  8.39213e-12
      1258.45  4.55317e-09  8.72385e-12
      1258.76  4.91601e-09  8.93818e-12
      1259.08  8.85867e-09  1.10707e-11
      1259.40  1.77892e-08  1.50452e-11
      1259.72  2.36886e-08  1.71188e-11
      1260.03  1.80408e-08  1.45271e-11
      1260.35  1.35125e-08  1.26009e-11
      1260.67  1.69982e-08  1.50774e-11
      1260.99  1.58041e-08  1.49559e-11
      1261.30  1.28315e-08  1.36055e-11
      1261.62  1.57007e-08  1.55822e-11
      1261.94  1.65001e-08  1.55505e-11
      1262.26  1.67529e-08  1.55410e-11
      1262.58  1.22834e-08  1.23108e-11
      1262.90  1.29488e-08  1.21199e-11
      1263.22  1.95235e-08  1.53719e-11
      1263.54  1.61107e-08  1.38055e-11
      1263.86  1.02750e-08  1.13051e-11
      1264.17  8.04744e-09  1.05540e-11
      1264.49  5.80010e-09  9.01160e-12
      1264.81  6.22444e-09  8.70948e-12
      1265.13  1.24827e-08  1.13915e-11
      1265.45  1.93661e-08  1.36258e-11
      1265.77  1.71309e-08  1.24360e-11
      1266.10  9.09815e-09  8.90588e-12
      1266.42  4.64108e-09  6.81260e-12
      1266.74  4.01342e-09  6.70604e-12
      1267.06  5.51383e-09  7.68710e-12
      1267.38  1.16230e-08  1.06055e-11
      1267.70  2.13791e-08  1.44262e-11
      1268.02  2.27206e-08  1.42191e-11
      1268.34  2.15421e-08  1.37777e-11
      1268.67  1.98797e-08  1.34655e-11
      1268.99  2.04037e-08  1.35643e-11
      1269.31  1.60296e-08  1.24273e-11
      1269.63  1.06813e-08  1.08377e-11
      1269.95  8.96268e-09  1.05449e-11
      1270.28  1.10004e-08  1.16006e-11
      1270.60  1.80198e-08  1.49928e-11
      1270.92  2.15739e-08  1.56604e-11
      1271.25  2.34397e-08  1.58760e-11
      1271.57  2.27763e-08  1.57741e-11
      1271.89  1.37606e-08  1.22245e-11
      1272.22  6.19421e-09  8.70283e-12
      1272.54  3.77191e-09  7.50611e-12
      1272.86  3.05568e-09  7.24429e-12
      1273.19  2.85337e-09  6.93692e-12
      1273.51  3.48519e-09  7.13202e-12
      1273.84  5.40432e-09  8.12606e-12
      1274.16  7.13906e-09  8.69309e-12
      1274.49  9.41411e-09  9.05786e-12
      1274.81  1.63545e-08  1.18994e-11
      1275.14  2.22059e-08  1.41484e-11
      1275.46  1.99861e-08  1.35284e-11
      1275.79  1.32661e-08  1.12334e-11
      1276.11  8.80229e-09  9.58691e-12
      1276.44  1.17863e-08  1.06404e-11
      1276.76  1.92717e-08  1.30965e-11
      1277.09  1.98110e-08  1.22434e-11
      1277.42  2.06527e-08  1.29970e-11
      1277.74  1.40619e-08  1.06933e-11
      1278.07  6.61942e-09  7.89670e-12
      1278.40  4.00910e-09  6.99521e-12
      1278.72  3.12727e-09  6.79961e-12
      1279.05  3.09447e-09  6.88772e-12
      1279.38  4.21388e-09  7.83034e-12
      1279.71  6.32395e-09  8.93433e-12
      1280.03  8.47503e-09  1.00854e-11
      1280.36  7.55928e-09  9.12713e-12
      1280.69  7.97708e-09  9.57020e-12
      1281.02  1.04734e-08  1.10470e-11
      1281.34  1.51446e-08  1.35460e-11
      1281.67  1.81883e-08  1.52898e-11
      1282.00  1.44103e-08  1.35786e-11
      1282.33  1.47446e-08  1.32027e-11
      1282.66  2.20176e-08  1.48664e-11
      1282.99  2.75221e-08  1.56201e-11
      1283.32  2.71346e-08  1.51667e-11
      1283.65  1.95737e-08  1.32579e-11
      1283.98  9.96677e-09  9.71545e-12
      1284.31  5.93908e-09  7.69312e-12
      1284.64  4.47064e-09  7.05817e-12
      1284.97  4.45851e-09  7.08972e-12
      1285.30  5.18407e-09  7.56811e-12
      1285.63  4.51516e-09  6.90455e-12
      1285.96  4.26068e-09  6.44295e-12
      1286.29  6.51280e-09  7.90994e-12
      1286.62  9.03354e-09  9.69661e-12
      1286.95  8.61191e-09  9.65903e-12
      1287.28  1.09926e-08  1.12925e-11
      1287.61  1.86966e-08  1.53999e-11
      1287.95  2.21841e-08  1.67261e-11
      1288.28  2.21555e-08  1.64210e-11
      1288.61  2.20271e-08  1.56875e-11
      1288.94  2.16135e-08  1.54612e-11
      1289.27  1.53106e-08  1.25148e-11
      1289.61  1.15105e-08  1.11986e-11
      1289.94  9.09363e-09  1.02436e-11
      1290.27  6.15264e-09  8.55801e-12
      1290.61  5.25995e-09  8.24056e-12
      1290.94  3.89081e-09  7.07333e-12
      1291.27  2.84275e-09  5.98734e-12
      1291.61  3.33167e-09  5.82043e-12
      1291.94  5.56818e-09  6.91656e-12
      1292.27  9.50592e-09  8.58169e-12
      1292.61  1.39431e-08  1.10342e-11
      1292.94  9.85612e-09  9.17566e-12
      1293.28  7.71356e-09  8.70823e-12
      1293.61  1.02477e-08  1.13422e-11
      1293.95  1.33155e-08  1.18844e-11
      1294.28  2.02588e-08  1.47139e-11
      1294.62  2.26305e-08  1.51268e-11
      1294.95  1.89398e-08  1.34944e-11
      1295.29  1.84014e-08  1.40044e-11
      1295.62  1.58365e-08  1.33049e-11
      1295.96  1.15715e-08  1.17709e-11
      1296.29  1.00310e-08  1.12707e-11
      1296.63  1.04516e-08  1.13583e-11
      1296.97  1.28015e-08  1.18741e-11
      1297.30  1.91885e-08  1.35769e-11
      1297.64  2.52520e-08  1.50616e-11
      1297.98  2.15682e-08  1.33990e-11
      1298.31  1.37432e-08  1.06326e-11
      1298.65  7.85719e-09  8.24062e-12
      1298.99  6.09322e-09  7.39721e-12
      1299.33  1.03788e-08  9.58371e-12
      1299.66  1.81640e-08  1.27111e-11
      1300.00  2.04959e-08  1.31572e-11
      1300.34  1.78921e-08  1.22602e-11
      1300.68  1.27077e-08  1.02593e-11
      1301.02  1.33617e-08  1.07864e-11
      1301.35  2.24662e-08  1.49352e-11
      1301.69  2.68161e-08  1.69824e-11
      1302.03  2.57852e-08  1.72409e-11
      1302.37  2.30822e-08  1.62815e-11
      1302.71  2.61327e-08  1.74510e-11
      1303.05  2.85708e-08  1.73612e-11
      1303.39  3.22154e-08  1.77085e-11
      1303.73  3.42603e-08  1.78072e-11
      1304.07  3.18950e-08  1.68595e-11
      1304.41  3.23262e-08  1.70025e-11
      1304.75  3.40379e-08  1.74479e-11
      1305.09  3.54915e-08  1.76180e-11
      1305.43  4.13382e-08  1.85375e-11
      1305.77  4.82274e-08  1.94354e-11
      1306.11  4.76547e-08  1.89660e-11
      1306.46  3.25134e-08  1.52821e-11
      1306.80  1.64476e-08  1.11109e-11
      1307.14  9.01850e-09  8.99673e-12
      1307.48  6.28383e-09  8.33605e-12
      1307.82  5.07113e-09  8.06123e-12
      1308.16  5.11673e-09  8.22116e-12
      1308.51  5.98162e-09  9.04369e-12
      1308.85  4.86685e-09  7.96954e-12
      1309.19  3.48257e-09  6.68684e-12
      1309.53  3.13425e-09  6.40969e-12
      1309.88  3.05845e-09  6.29800e-12
      1310.22  3.29291e-09  6.61238e-12
      1310.56  4.31603e-09  7.23859e-12
      1310.91  7.83633e-09  9.03540e-12
      1311.25  1.39572e-08  1.18133e-11
      1311.60  1.39182e-08  1.11965e-11
      1311.94  8.31136e-09  8.26896e-12
      1312.28  4.38400e-09  6.12009e-12
      1312.63  2.95971e-09  5.39422e-12
      1312.97  2.56042e-09  5.35483e-12
      1313.32  3.61197e-09  6.48389e-12
      1313.66  5.85114e-09  8.65524e-12
      1314.01  4.90770e-09  8.24890e-12
      1314.35  2.82941e-09  6.63466e-12
      1314.70  2.13410e-09  6.01766e-12
      1315.05  2.11513e-09  5.80926e-12
      1315.39  2.40974e-09  5.95214e-12
      1315.74  3.10360e-09  6.42855e-12
      1316.08  4.81625e-09  7.55484e-12
      1316.43  9.68051e-09  1.02728e-11
      1316.78  1.57662e-08  1.33641e-11
      1317.12  1.23747e-08  1.13881e-11
      1317.47  6.00698e-09  7.69849e-12
      1317.82  3.51524e-09  5.91085e-12
      1318.17  3.66904e-09  5.69376e-12
      1318.51  6.17228e-09  7.28258e-12
      1318.86  7.54181e-09  8.39685e-12
      1319.21  5.04916e-09  7.30300e-12
      1319.56  3.00127e-09  6.39814e-12
      1319.91  3.08088e-09  6.95640e-12
      1320.25  3.11966e-09  6.98606e-12
      1320.60  3.15489e-09  6.77092e-12
      1320.95  3.86103e-09  7.07780e-12
      1321.30  5.56053e-09  7.97091e-12
      1321.65  1.10988e-08  1.06199e-11
      1322.00  1.95266e-08  1.46451e-11
      1322.35  1.65347e-08  1.33398e-11
      1322.70  8.61004e-09  9.56433e-12
      1323.05  5.47576e-09  7.74345e-12
      1323.40  6.02391e-09  7.77442e-12
      1323.75  7.12781e-09  7.80373e-12
      1324.10  7.38123e-09  7.84644e-12
      1324.45  5.37444e-09  6.79629e-12
      1324.80  3.88219e-09  6.26100e-12
      