227
      1249.95  1.86987e-08  2.13594e-11
      1250.27  8.52443e-09  1.36189e-11
      1250.58  3.04803e-09  8.11561e-12
      1250.89  2.32775e-09  7.21262e-12
      1251.20  3.07587e-09  7.56577e-12
      1251.52  4.66689e-09  8.46492e-12
      1251.83  7.90959e-09  1.07495e-11
      1252.14  1.02870e-08  1.22120e-11
      1252.46  1.00137e-08  1.22709e-11
      1252.77  9.43010e-09  1.19403e-11
      1253.09  1.48002e-08  1.45655e-11
      1253.40  2.65682e-08  1.91074e-11
      1253.71  3.21162e-08  2.05264e-11
      1254.03  2.06770e-08  1.56146e-11
      1254.34  1.09006e-08  1.11148e-11
      1254.66  1.30470e-08  1.23376e-11
      1254.97  1.89833e-08  1.57718e-11
      1255.29  1.32241e-08  1.32806e-11
      1255.60  6.58988e-09  9.96459e-12
      1255.92  7.10224e-09  1.09631e-11
      1256.23  1.17273e-08  1.34227e-11
      1256.55  1.81633e-08  1.71845e-11
      1256.87  1.30123e-08  1.38291e-11
      1257.18  6.32793e-09  9.84051e-12
      1257.50  4.65934e-09  9.13496e-12
      1257.81  5.17918e-09  9.93041e-12
      1258.13  6.38298e-09  1.21422e-11
      1258.45  6.48738e-09  1.12226e-11
      1258.76  6.91849e-09  1.08845e-11
      1259.08  1.18401e-08  1.37725e-11
      1259.40  2.31206e-08  1.89598e-11
      1259.72  3.07286e-08  2.14734e-11
      1260.03  2.36676e-08  1.81343e-11
      1260.35  1.78459e-08  1.55968e-11
      1260.67  2.22942e-08  1.84901e-11
      1260.99  2.10714e-08  1.82973e-11
      1261.30  1.73877e-08  1.67632e-11
      1261.62  2.09915e-08  1.93882e-11
      1261.94  2.23078e-08  1.94359e-11
      1262.26  2.24934e-08  1.95316e-11
      1262.58  1.72891e-08  1.60033e-11
      1262.90  1.85829e-08  1.51615e-11
      1263.22  2.61803e-08  1.68502e-11
      1263.54  2.16804e-08  1.45753e-11
      1263.86  1.45095e-08  1.21408e-11
      1264.17  1.16655e-08  1.13685e-11
      1264.49  8.59715e-09  9.80981e-12
      1264.81  9.09372e-09  9.76584e-12
      1265.13  1.73941e-08  1.29977e-11
      1265.45  2.66264e-08  1.57244e-11
      1265.77  2.37948e-08  1.45925e-11
      1266.10  1.33884e-08  1.13238e-11
      1266.42  6.75188e-09  8.63534e-12
      1266.74  6.14911e-09  8.30705e-12
      1267.06  8.09065e-09  9.67961e-12
      1267.38  1.47326e-08  1.40433e-11
      1267.70  2.65368e-08  2.11718e-11
      1268.02  2.95590e-08  1.99494e-11
      1268.34  2.92069e-08  1.98591e-11
      1268.67  2.67830e-08  1.85104e-11
      1268.99  2.67949e-08  1.83386e-11
      1269.31  2.14247e-08  1.69037e-11
      1269.63  1.46101e-08  1.44773e-11
      1269.95  1.21963e-08  1.30093e-11
      1270.28  1.46390e-08  1.40668e-11
      1270.60  2.31715e-08  1.81700e-11
      1270.92  2.77494e-08  1.94201e-11
      1271.25  3.02983e-08  1.96132e-11
      1271.57  2.96797e-08  1.92633e-11
      1271.89  1.84212e-08  1.47800e-11
      1272.22  8.89947e-09  1.05478e-11
      1272.54  5.72243e-09  9.15409e-12
      1272.86  4.74813e-09  8.66155e-12
      1273.19  4.37958e-09  7.88971e-12
      1273.51  5.17687e-09  7.67419e-12
      1273.84  7.86582e-09  8.93674e-12
      1274.16  1.03016e-08  9.60452e-12
      1274.49  1.29906e-08  9.94291e-12
      1274.81  2.23543e-08  1.32152e-11
      1275.14  3.03508e-08  1.58133e-11
      1275.46  2.73239e-08  1.54255e-11
      1275.79  1.84004e-08  1.31215e-11
      1276.11  1.24877e-08  1.12314e-11
      1276.44  1.54458e-08  1.29766e-11
      1276.76  2.41232e-08  1.78362e-11
      1277.09  2.62628e-08  1.70995e-11
      1277.42  2.67280e-08  1.72758e-11
      1277.74  1.90564e-08  1.46718e-11
      1278.07  9.42494e-09  1.08336e-11
      1278.40  5.85428e-09  9.65562e-12
      1278.72  4.62453e-09  9.31804e-12
      1279.05  4.59309e-09  9.30024e-12
      1279.38  5.98276e-09  9.78565e-12
      1279.71  8.67184e-09  1.12353e-11
      1280.03  1.12756e-08  1.24286e-11
      1280.36  1.04790e-08  1.14596e-11
      1280.69  1.11419e-08  1.17898e-11
      1281.02  1.45043e-08  1.33870e-11
      1281.34  2.06485e-08  1.63746e-11
      1281.67  2.45245e-08  1.84227e-11
      1282.00  1.93008e-08  1.51456e-11
      1282.33  1.98719e-08  1.37173e-11
      1282.66  2.92546e-08  1.59184e-11
      1282.99  3.63140e-08  1.70724e-11
      1283.32  3.59977e-08  1.67018e-11
      1283.65  2.59246e-08  1.41808e-11
      1283.98  1.44412e-08  1.09035e-11
      1284.31  8.69973e-09  9.18488e-12
      1284.64  6.57576e-09  8.63186e-12
      1284.97  6.38299e-09  9.02191e-12
      1285.30  7.25691e-09  1.07933e-11
      1285.63  6.40701e-09  9.42316e-12
      1285.96  5.98514e-09  8.76100e-12
      1286.29  8.91290e-09  1.07461e-11
      1286.62  1.23815e-08  1.31564e-11
      1286.95  1.16801e-08  1.28960e-11
      1287.28  1.45774e-08  1.45057e-11
      1287.61  2.42364e-08  1.88454e-11
      1287.95  2.83578e-08  2.04290e-11
      1288.28  2.85726e-08  1.99264e-11
      1288.61  2.87865e-08  1.90653e-11
      1288.94  2.83487e-08  1.84056e-11
      1289.27  2.10025e-08  1.51730e-11
      1289.61  1.59227e-08  1.31794e-11
      1289.94  1.26210e-08  1.12484e-11
      1290.27  8.99646e-09  9.15802e-12
      1290.61  7.60614e-09  8.75204e-12
      1290.94  5.89409e-09  7.79236e-12
      1291.27  4.45838e-09  6.71066e-12
      1291.61  5.15165e-09  6.95386e-12
      1291.94  8.13902e-09  8.46262e-12
      1292.27  1.33671e-08  1.08797e-11
      1292.61  1.81228e-08  1.35765e-11
      1292.94  1.38336e-08  1.21852e-11
      1293.28  1.12063e-08  1.18770e-11
      1293.61  1.43561e-08  1.44331e-11
      1293.95  1.81219e-08  1.62304e-11
      1294.28  2.60769e-08  2.00049e-11
      1294.62  2.90512e-08  2.07062e-11
      1294.95  2.50918e-08  1.86470e-11
      1295.29  2.43107e-08  1.77859e-11
      1295.62  2.09591e-08  1.58268e-11
      1295.96  1.59569e-08  1.40068e-11
      1296.29  1.40862e-08  1.35460e-11
      1296.63  1.47425e-08  1.39945e-11
      1296.97  1.78629e-08  1.45933e-11
      1297.30  2.65151e-08  1.57935e-11
      1297.64  3.36643e-08  1.63125e-11
      1297.98  2.89688e-08  1.44766e-11
      1298.31  1.92043e-08  1.19827e-11
      1298.65  1.12928e-08  9.52317e-12
      1298.99  8.73542e-09  8.87347e-12
      1299.33  1.41160e-08  1.17231e-11
      1299.66  2.43035e-08  1.63437e-11
      1300.00  2.70703e-08  1.73290e-11
      1300.34  2.38056e-08  1.65055e-11
      1300.68  1.69496e-08  1.37646e-11
      1301.02  1.73342e-08  1.43591e-11
      1301.35  2.89155e-08  2.00914e-11
      1301.69  3.44771e-08  2.24106e-11
      1302.03  3.32327e-08  2.25820e-11
      1302.37  2.95811e-08  1.99251e-11
      1302.71  3.33697e-08  2.01633e-11
      1303.05  3.70027e-08  2.04039e-11
      1303.39  4.16162e-08  2.09964e-11
      1303.73  4.45756e-08  2.09632e-11
      1304.07  4.18298e-08  1.91376e-11
      1304.41  4.17566e-08  1.81092e-11
      1304.75  4.39108e-08  1.85609e-11
      1305.09  4.56633e-08  1.93662e-11
      1305.43  5.20918e-08  2.10975e-11
      1305.77  5.97195e-08  2.30669e-11
      1306.11  5.85566e-08  2.30958e-11
      1306.46  4.12344e-08  1.95221e-11
      1306.80  2.19304e-08  1.47550e-11
      1307.14  1.24580e-08  1.19723e-11
      1307.48  8.82421e-09  1.11154e-11
      1307.82  7.17541e-09  1.07443e-11
      1308.16  7.22345e-09  1.11719e-11
      1308.51  8.31715e-09  1.23738e-11
      1308.85  6.89614e-09  1.08280e-11
      1309.19  5.05974e-09  8.32146e-12
      1309.53  4.68116e-09  7.60729e-12
      1309.88  4.64727e-09  7.56917e-12
      1310.22  5.01850e-09  7.85410e-12
      1310.56  6.50664e-09  8.38856e-12
      1310.91  1.09595e-08  9.89114e-12
      1311.25  1.87884e-08  1.29558e-11
      1311.60  1.88735e-08  1.27788e-11
      1311.94  1.15411e-08  9.85758e-12
      1312.28  6.30657e-09  7.93889e-12
      1312.63  4.20523e-09  7.16179e-12
      1312.97  3.73814e-09  6.85280e-12
      1313.32  5.02163e-09  8.33828e-12
      1313.66  8.15007e-09  1.16012e-11
      1314.01  6.77247e-09  1.07875e-11
      1314.35  4.03689e-09  8.73143e-12
      1314.70  3.16646e-09  8.05431e-12
      1315.05  3.17971e-09  7.79563e-12
      1315.39  3.63618e-09  7.66577e-12
      1315.74  4.57998e-09  7.62642e-12
      1316.08  6.82623e-09  8.85828e-12
      1316.43  1.32283e-08  1.19947e-11
      1316.78  2.18972e-08  1.51489e-11
      1317.12  1.67932e-08  1.21733e-11
      1317.47  8.34355e-09  8.56955e-12
      1317.82  5.10027e-09  6.84779e-12
      1318.17  5.17512e-09  6.85491e-12
      1318.51  8.61065e-09  9.22048e-12
      1318.86  1.06821e-08  1.10344e-11
      1319.21  7.11882e-09  9.77362e-12
      1319.56  4.10668e-09  9.01940e-12
      1319.91  4.32840e-09  9.85737e-12
      1320.25  4.48061e-09  9.52546e-12
      1320.60  4.54537e-09  9.08411e-12
      1320.95  5.58676e-09  9.62513e-12
      1321.30  8.00499e-09  1.03762e-11
      1321.65  1.47327e-08  1.24831e-11
      1322.00  2.58791e-08  1.70760e-11
      1322.35  2.26895e-08  1.58075e-11
      1322.70  1.20806e-08  1.14708e-11
      1323.05  7.82234e-09  8.87564e-12
      1323.40  8.55115e-09  8.81882e-12
      1323.75  1.00111e-08  9.38481e-12
      1324.10  1.03344e-08  9.72066e-12
      1324.45  7.67509e-09  8.64874e-12
      1324.80  5.51664e-09  8.13213e-12
      