227
      1249.95  1.23580e-08  1.28736e-11
      1250.27  5.95728e-09  9.06255e-12
      1250.58  1.98552e-09  5.98642e-12
      1250.89  1.43007e-09  5.45261e-12
      1251.20  1.89946e-09  5.91172e-12
      1251.52  2.94438e-09  6.68802e-12
      1251.83  5.12969e-09  8.59156e-12
      1252.14  6.70601e-09  9.96557e-12
      1252.46  6.42572e-09  1.00187e-11
      1252.77  5.87686e-09  9.42657e-12
      1253.09  9.60439e-09  1.11819e-11
      1253.40  1.81984e-08  1.47159e-11
      1253.71  2.26246e-08  1.63112e-11
      1254.03  1.39771e-08  1.23678e-11
      1254.34  6.81614e-09  8.71316e-12
      1254.66  8.35560e-09  9.84186e-12
      1254.97  1.31580e-08  1.31048e-11
      1255.29  8.92343e-09  1.08951e-11
      1255.60  4.09244e-09  7.67132e-12
      1255.92  4.61221e-09  7.97579e-12
      1256.23  7.78563e-09  9.32343e-12
      1256.55  1.24526e-08  1.14429e-11
      1256.87  9.01356e-09  9.33018e-12
      1257.18  4.14306e-09  6.53549e-12
      1257.50  3.03515e-09  6.04489e-12
      1257.81  3.42381e-09  6.48528e-12
      1258.13  4.16163e-09  7.46526e-12
      1258.45  4.28089e-09  7.36643e-12
      1258.76  4.61676e-09  6.97595e-12
      1259.08  8.11382e-09  8.27747e-12
      1259.40  1.61925e-08  1.11687e-11
      1259.72  2.16720e-08  1.28165e-11
      1260.03  1.66081e-08  1.09160e-11
      1260.35  1.23499e-08  9.38503e-12
      1260.67  1.53992e-08  1.11605e-11
      1260.99  1.43865e-08  1.10592e-11
      1261.30  1.16449e-08  1.00565e-11
      1261.62  1.36746e-08  1.15943e-11
      1261.94  1.49213e-08  1.13619e-11
      1262.26  1.52831e-08  1.11827e-11
      1262.58  1.13520e-08  9.28558e-12
      1262.90  1.19501e-08  9.36009e-12
      1263.22  1.80593e-08  1.23237e-11
      1263.54  1.50247e-08  1.15067e-11
      1263.86  9.62555e-09  9.71764e-12
      1264.17  7.43749e-09  9.49706e-12
      1264.49  5.25592e-09  8.10026e-12
      1264.81  5.89410e-09  7.57069e-12
      1265.13  1.17405e-08  1.01252e-11
      1265.45  1.81464e-08  1.24298e-11
      1265.77  1.61671e-08  1.17287e-11
      1266.10  8.78723e-09  8.76097e-12
      1266.42  4.56336e-09  6.84077e-12
      1266.74  3.90758e-09  6.67015e-12
      1267.06  5.31338e-09  7.48394e-12
      1267.38  1.09559e-08  1.01495e-11
      1267.70  1.99994e-08  1.39580e-11
      1268.02  2.11845e-08  1.29341e-11
      1268.34  2.10698e-08  1.26726e-11
      1268.67  1.88992e-08  1.16213e-11
      1268.99  1.91256e-08  1.17393e-11
      1269.31  1.48643e-08  1.03019e-11
      1269.63  9.87677e-09  8.60777e-12
      1269.95  8.17944e-09  7.99427e-12
      1270.28  9.90236e-09  8.34287e-12
      1270.60  1.64985e-08  1.07747e-11
      1270.92  1.95934e-08  1.10580e-11
      1271.25  2.13932e-08  1.13115e-11
      1271.57  2.11735e-08  1.15275e-11
      1271.89  1.25389e-08  8.88055e-12
      1272.22  5.63016e-09  6.46194e-12
      1272.54  3.51699e-09  5.69900e-12
      1272.86  2.89162e-09  5.71057e-12
      1273.19  2.71123e-09  5.50498e-12
      1273.51  3.25914e-09  5.60717e-12
      1273.84  5.09228e-09  6.56429e-12
      1274.16  6.73734e-09  7.31015e-12
      1274.49  8.62506e-09  7.87481e-12
      1274.81  1.53708e-08  1.09955e-11
      1275.14  2.12683e-08  1.35141e-11
      1275.46  1.91157e-08  1.31809e-11
      1275.79  1.25837e-08  1.07502e-11
      1276.11  8.27508e-09  8.54182e-12
      1276.44  1.06677e-08  9.20552e-12
      1276.76  1.75685e-08  1.25867e-11
      1277.09  1.85399e-08  1.16148e-11
      1277.42  1.92863e-08  1.16753e-11
      1277.74  1.35040e-08  9.78324e-12
      1278.07  6.36210e-09  6.89220e-12
      1278.40  3.83485e-09  5.84817e-12
      1278.72  2.99957e-09  5.48862e-12
      1279.05  2.94107e-09  5.21074e-12
      1279.38  3.89984e-09  5.55122e-12
      1279.71  5.71789e-09  6.31385e-12
      1280.03  7.33962e-09  7.30410e-12
      1280.36  6.83041e-09  6.76681e-12
      1280.69  7.31819e-09  7.09004e-12
      1281.02  9.54456e-09  8.37812e-12
      1281.34  1.38939e-08  1.05374e-11
      1281.67  1.69464e-08  1.21632e-11
      1282.00  1.32868e-08  1.05047e-11
      1282.33  1.34580e-08  1.01166e-11
      1282.66  2.05822e-08  1.24288e-11
      1282.99  2.59881e-08  1.38048e-11
      1283.32  2.58626e-08  1.41099e-11
      1283.65  1.83915e-08  1.22162e-11
      1283.98  9.84008e-09  9.33803e-12
      1284.31  5.66429e-09  8.00676e-12
      1284.64  4.18564e-09  7.18551e-12
      1284.97  4.26185e-09  6.72899e-12
      1285.30  4.90684e-09  7.03361e-12
      1285.63  4.30687e-09  6.18993e-12
      1285.96  4.02331e-09  5.50165e-12
      1286.29  6.02988e-09  6.57283e-12
      1286.62  8.43165e-09  7.86556e-12
      1286.95  7.97242e-09  7.61695e-12
      1287.28  9.81223e-09  8.35453e-12
      1287.61  1.67946e-08  1.14623e-11
      1287.95  1.94929e-08  1.27279e-11
      1288.28  1.91796e-08  1.24309e-11
      1288.61  1.98169e-08  1.15069e-11
      1288.94  1.98347e-08  1.12017e-11
      1289.27  1.44130e-08  9.60426e-12
      1289.61  1.05906e-08  8.76188e-12
      1289.94  8.54066e-09  8.53329e-12
      1290.27  5.86049e-09  7.36818e-12
      1290.61  4.93972e-09  7.11401e-12
      1290.94  3.79844e-09  6.29255e-12
      1291.27  2.82521e-09  5.37400e-12
      1291.61  3.26290e-09  5.41553e-12
      1291.94  5.30124e-09  6.54867e-12
      1292.27  8.98629e-09  8.34424e-12
      1292.61  1.28451e-08  1.02996e-11
      1292.94  9.67140e-09  8.88332e-12
      1293.28  7.39058e-09  7.81739e-12
      1293.61  9.72838e-09  8.96227e-12
      1293.95  1.23800e-08  9.32328e-12
      1294.28  1.82004e-08  1.08363e-11
      1294.62  2.03202e-08  1.15714e-11
      1294.95  1.69019e-08  1.03034e-11
      1295.29  1.66119e-08  1.01604e-11
      1295.62  1.44206e-08  9.73695e-12
      1295.96  1.06123e-08  8.65721e-12
      1296.29  9.19658e-09  8.38972e-12
      1296.63  9.59034e-09  8.63381e-12
      1296.97  1.17435e-08  9.18336e-12
      1297.30  1.77865e-08  1.10849e-11
      1297.64  2.37903e-08  1.30953e-11
      1297.98  2.05098e-08  1.22208e-11
      1298.31  1.31410e-08  1.01362e-11
      1298.65  7.54474e-09  8.07602e-12
      1298.99  5.71640e-09  7.22248e-12
      1299.33  9.55593e-09  9.17372e-12
      1299.66  1.70520e-08  1.18954e-11
      1300.00  1.94756e-08  1.21007e-11
      1300.34  1.74280e-08  1.13681e-11
      1300.68  1.14858e-08  8.76314e-12
      1301.02  1.19292e-08  8.63919e-12
      1301.35  1.96430e-08  1.20869e-11
      1301.69  2.41741e-08  1.33874e-11
      1302.03  2.36674e-08  1.27824e-11
      1302.37  2.10784e-08  1.16553e-11
      1302.71  2.39236e-08  1.23641e-11
      1303.05  2.64601e-08  1.25814e-11
      1303.39  2.98668e-08  1.34378e-11
      1303.73  3.22520e-08  1.43516e-11
      1304.07  3.00540e-08  1.43284e-11
      1304.41  3.04425e-08  1.51461e-11
      1304.75  3.23182e-08  1.62480e-11
      1305.09  3.36882e-08  1.66970e-11
      1305.43  3.92445e-08  1.78177e-11
      1305.77  4.60513e-08  1.86545e-11
      1306.11  4.60228e-08  1.82294e-11
      1306.46  3.17923e-08  1.47377e-11
      1306.80  1.59067e-08  1.02315e-11
      1307.14  8.52139e-09  7.79587e-12
      1307.48  5.86113e-09  6.90091e-12
      1307.82  4.67416e-09  6.24275e-12
      1308.16  4.63056e-09  6.05145e-12
      1308.51  5.47817e-09  6.43658e-12
      1308.85  4.52847e-09  5.65656e-12
      1309.19  3.24559e-09  4.72585e-12
      1309.53  2.95668e-09  4.74004e-12
      1309.88  2.90148e-09  4.99899e-12
      1310.22  3.09901e-09  5.37554e-12
      1310.56  3.94192e-09  6.20199e-12
      1310.91  6.77483e-09  7.44679e-12
      1311.25  1.41035e-08  1.18932e-11
      1311.60  1.36109e-08  1.07433e-11
      1311.94  8.05411e-09  7.91752e-12
      1312.28  4.22559e-09  5.99900e-12
      1312.63  2.89592e-09  5.10480e-12
      1312.97  2.48112e-09  4.96869e-12
      1313.32  3.27359e-09  5.61235e-12
      1313.66  5.57701e-09  7.33291e-12
      1314.01  4.69808e-09  6.67219e-12
      1314.35  2.64477e-09  5.05909e-12
      1314.70  1.99229e-09  4.42297e-12
      1315.05  2.01669e-09  4.12366e-12
      1315.39  2.27588e-09  4.31914e-12
      1315.74  2.88582e-09  4.85625e-12
      1316.08  4.37059e-09  5.93305e-12
      1316.43  8.68978e-09  8.30592e-12
      1316.78  1.49537e-08  1.15781e-11
      1317.12  1.20496e-08  1.00785e-11
      1317.47  5.78601e-09  6.94476e-12
      1317.82  3.42126e-09  5.42341e-12
      1318.17  3.46906e-09  5.36694e-12
      1318.51  5.75671e-09  6.92680e-12
      1318.86  7.20146e-09  8.08642e-12
      1319.21  4.94281e-09  6.70908e-12
      1319.56  2.86993e-09  5.60562e-12
      1319.91  2.74040e-09  5.96445e-12
      1320.25  2.86575e-09  5.34893e-12
      1320.60  2.93003e-09  4.78566e-12
      1320.95  3.54500e-09  4.96488e-12
      1321.30  5.06469e-09  5.75412e-12
      1321.65  1.00324e-08  8.04356e-12
      1322.00  1.79277e-08  1.16160e-11
      1322.35  1.58620e-08  1.12203e-11
      1322.70  8.40475e-09  8.37892e-12
      1323.05  5.28666e-09  6.86768e-12
      1323.40  5.69849e-09  7.03912e-12
      1323.75  6.77136e-09  7.40583e-12
      1324.10  7.02620e-09  7.61500e-12
      1324.45  5.30561e-09  6.63214e-12
      1324.80  3.78159e-09  5.90140e-12
      