227
      1249.95  1.17097e-08  1.33512e-11
      1250.27  5.67662e-09  9.47016e-12
      1250.58  1.89086e-09  6.47836e-12
      1250.89  1.31114e-09  6.00014e-12
      1251.20  1.75283e-09  5.84427e-12
      1251.52  2.80903e-09  6.42952e-12
      1251.83  4.98926e-09  8.07161e-12
      1252.14  6.48053e-09  9.09565e-12
      1252.46  6.17382e-09  9.17148e-12
      1252.77  5.67196e-09  8.82005e-12
      1253.09  9.55223e-09  1.07703e-11
      1253.40  1.81888e-08  1.41017e-11
      1253.71  2.23418e-08  1.50782e-11
      1254.03  1.33333e-08  1.07542e-11
      1254.34  6.54550e-09  7.43179e-12
      1254.66  8.31532e-09  8.37473e-12
      1254.97  1.30139e-08  1.10260e-11
      1255.29  8.53745e-09  8.85494e-12
      1255.60  3.86960e-09  6.43360e-12
      1255.92  4.44380e-09  6.97901e-12
      1256.23  7.65880e-09  8.34673e-12
      1256.55  1.22181e-08  1.01598e-11
      1256.87  8.53914e-09  7.99169e-12
      1257.18  3.86205e-09  5.60950e-12
      1257.50  2.85297e-09  5.26729e-12
      1257.81  3.30355e-09  6.14119e-12
      1258.13  4.36568e-09  7.31750e-12
      1258.45  4.15956e-09  6.99912e-12
      1258.76  4.44064e-09  6.84129e-12
      1259.08  8.02243e-09  8.60791e-12
      1259.40  1.62061e-08  1.17996e-11
      1259.72  2.15266e-08  1.34653e-11
      1260.03  1.60475e-08  1.12095e-11
      1260.35  1.19526e-08  9.80218e-12
      1260.67  1.52688e-08  1.19573e-11
      1260.99  1.39629e-08  1.16676e-11
      1261.30  1.12703e-08  1.05500e-11
      1261.62  1.40685e-08  1.24767e-11
      1261.94  1.46659e-08  1.19282e-11
      1262.26  1.50420e-08  1.21608e-11
      1262.58  1.08836e-08  9.47243e-12
      1262.90  1.16347e-08  9.70360e-12
      1263.22  1.78380e-08  1.27361e-11
      1263.54  1.45396e-08  1.11283e-11
      1263.86  9.19133e-09  9.08192e-12
      1264.17  7.23766e-09  8.49418e-12
      1264.49  5.28662e-09  7.25033e-12
      1264.81  5.85162e-09  7.14289e-12
      1265.13  1.16861e-08  9.41269e-12
      1265.45  1.78064e-08  1.11302e-11
      1265.77  1.56993e-08  1.00136e-11
      1266.10  8.49599e-09  7.25427e-12
      1266.42  4.41272e-09  5.61187e-12
      1266.74  3.79761e-09  5.55160e-12
      1267.06  5.25999e-09  6.34680e-12
      1267.38  1.10508e-08  8.73470e-12
      1267.70  1.97857e-08  1.15507e-11
      1268.02  2.11991e-08  1.12636e-11
      1268.34  2.11001e-08  1.15309e-11
      1268.67  1.90966e-08  1.07606e-11
      1268.99  1.87964e-08  1.09139e-11
      1269.31  1.44837e-08  9.84529e-12
      1269.63  9.61193e-09  8.54266e-12
      1269.95  7.98932e-09  8.22407e-12
      1270.28  9.85494e-09  9.06863e-12
      1270.60  1.63435e-08  1.17354e-11
      1270.92  1.93212e-08  1.21501e-11
      1271.25  2.11083e-08  1.24485e-11
      1271.57  2.06085e-08  1.25087e-11
      1271.89  1.20444e-08  9.45734e-12
      1272.22  5.40864e-09  6.81319e-12
      1272.54  3.36049e-09  6.01328e-12
      1272.86  2.72714e-09  5.81606e-12
      1273.19  2.55014e-09  5.58401e-12
      1273.51  3.12091e-09  5.62956e-12
      1273.84  4.96531e-09  6.53628e-12
      1274.16  6.59673e-09  6.95078e-12
      1274.49  8.59591e-09  7.39254e-12
      1274.81  1.52518e-08  9.98071e-12
      1275.14  2.08400e-08  1.18279e-11
      1275.46  1.86748e-08  1.12951e-11
      1275.79  1.23145e-08  9.19151e-12
      1276.11  8.21438e-09  7.46124e-12
      1276.44  1.07497e-08  8.10862e-12
      1276.76  1.77318e-08  1.02600e-11
      1277.09  1.86041e-08  9.88182e-12
      1277.42  1.87699e-08  1.02917e-11
      1277.74  1.30652e-08  8.75617e-12
      1278.07  6.17059e-09  6.42682e-12
      1278.40  3.68004e-09  5.75239e-12
      1278.72  2.85347e-09  5.49600e-12
      1279.05  2.82739e-09  5.47202e-12
      1279.38  3.78201e-09  6.01797e-12
      1279.71  5.64825e-09  6.88841e-12
      1280.03  7.38425e-09  7.68193e-12
      1280.36  6.75203e-09  7.22672e-12
      1280.69  7.12958e-09  7.71977e-12
      1281.02  9.37538e-09  9.01917e-12
      1281.34  1.36658e-08  1.11697e-11
      1281.67  1.63466e-08  1.24314e-11
      1282.00  1.28947e-08  1.04618e-11
      1282.33  1.33787e-08  9.99742e-12
      1282.66  2.03195e-08  1.17340e-11
      1282.99  2.55971e-08  1.26609e-11
      1283.32  2.54129e-08  1.24081e-11
      1283.65  1.79505e-08  1.04213e-11
      1283.98  9.61821e-09  7.79155e-12
      1284.31  5.57517e-09  6.31946e-12
      1284.64  4.14727e-09  5.71729e-12
      1284.97  4.10509e-09  5.58534e-12
      1285.30  4.90132e-09  5.99660e-12
      1285.63  4.16508e-09  5.39772e-12
      1285.96  3.82073e-09  5.15033e-12
      1286.29  5.74559e-09  6.49219e-12
      1286.62  8.74364e-09  8.91384e-12
      1286.95  7.64001e-09  7.86404e-12
      1287.28  9.43012e-09  8.82781e-12
      1287.61  1.69767e-08  1.25416e-11
      1287.95  2.00407e-08  1.31462e-11
      1288.28  1.98976e-08  1.27068e-11
      1288.61  1.97539e-08  1.22408e-11
      1288.94  1.97604e-08  1.23831e-11
      1289.27  1.39691e-08  1.01795e-11
      1289.61  1.03153e-08  9.12510e-12
      1289.94  8.35595e-09  8.53544e-12
      1290.27  5.64167e-09  7.05124e-12
      1290.61  4.82964e-09  6.57300e-12
      1290.94  3.67832e-09  5.55653e-12
      1291.27  2.69833e-09  4.55162e-12
      1291.61  3.12255e-09  4.52509e-12
      1291.94  5.12625e-09  5.50486e-12
      1292.27  8.74886e-09  7.05742e-12
      1292.61  1.26739e-08  8.95070e-12
      1292.94  9.40746e-09  7.81498e-12
      1293.28  7.17197e-09  7.14543e-12
      1293.61  9.56151e-09  8.43738e-12
      1293.95  1.21405e-08  9.09571e-12
      1294.28  1.79723e-08  1.10420e-11
      1294.62  2.03483e-08  1.18891e-11
      1294.95  1.71096e-08  1.09419e-11
      1295.29  1.64043e-08  1.13511e-11
      1295.62  1.41770e-08  1.09857e-11
      1295.96  1.04012e-08  9.57066e-12
      1296.29  8.97358e-09  8.90734e-12
      1296.63  9.32211e-09  8.76869e-12
      1296.97  1.13952e-08  8.96712e-12
      1297.30  1.73609e-08  1.04881e-11
      1297.64  2.34397e-08  1.19895e-11
      1297.98  2.02722e-08  1.09605e-11
      1298.31  1.30425e-08  8.86711e-12
      1298.65  7.38736e-09  6.82073e-12
      1298.99  5.49676e-09  6.00250e-12
      1299.33  9.23478e-09  7.47810e-12
      1299.66  1.68308e-08  1.00886e-11
      1300.00  1.91238e-08  1.04471e-11
      1300.34  1.68879e-08  9.99910e-12
      1300.68  1.16435e-08  8.42177e-12
      1301.02  1.15015e-08  8.68971e-12
      1301.35  2.02824e-08  1.27918e-11
      1301.69  2.43280e-08  1.41997e-11
      1302.03  2.36195e-08  1.42580e-11
      1302.37  2.04710e-08  1.26393e-11
      1302.71  2.36883e-08  1.34683e-11
      1303.05  2.58670e-08  1.34270e-11
      1303.39  2.93758e-08  1.41691e-11
      1303.73  3.20535e-08  1.48390e-11
      1304.07  2.97209e-08  1.44775e-11
      1304.41  3.01853e-08  1.46453e-11
      1304.75  3.20114e-08  1.44034e-11
      1305.09  3.30524e-08  1.39276e-11
      1305.43  3.84017e-08  1.43924e-11
      1305.77  4.53929e-08  1.52924e-11
      1306.11  4.58359e-08  1.53594e-11
      1306.46  3.19712e-08  1.31026e-11
      1306.80  1.59588e-08  9.70106e-12
      1307.14  8.44925e-09  7.70398e-12
      1307.48  5.76694e-09  6.97694e-12
      1307.82  4.56342e-09  6.52070e-12
      1308.16  4.48339e-09  6.39007e-12
      1308.51  5.25966e-09  6.76938e-12
      1308.85  4.45951e-09  6.26177e-12
      1309.19  3.14677e-09  5.25913e-12
      1309.53  2.82711e-09  5.19214e-12
      1309.88  2.77243e-09  5.25622e-12
      1310.22  2.97988e-09  5.35753e-12
      1310.56  3.86581e-09  5.66814e-12
      1310.91  6.89805e-09  6.74400e-12
      1311.25  1.25779e-08  8.71985e-12
      1311.60  1.32348e-08  8.63194e-12
      1311.94  8.16750e-09  6.66795e-12
      1312.28  4.27831e-09  5.10550e-12
      1312.63  2.84532e-09  4.67588e-12
      1312.97  2.40806e-09  4.62836e-12
      1313.32  3.19242e-09  5.43843e-12
      1313.66  5.22271e-09  7.08006e-12
      1314.01  4.61134e-09  6.64660e-12
      1314.35  2.64780e-09  5.22633e-12
      1314.70  1.94448e-09  4.65887e-12
      1315.05  1.91170e-09  4.59899e-12
      1315.39  2.15751e-09  4.88677e-12
      1315.74  2.74297e-09  5.29736e-12
      1316.08  4.18115e-09  6.15286e-12
      1316.43  8.33483e-09  7.95039e-12
      1316.78  1.43900e-08  1.01687e-11
      1317.12  1.21170e-08  8.78580e-12
      1317.47  5.92802e-09  5.86287e-12
      1317.82  3.38049e-09  4.60223e-12
      1318.17  3.31789e-09  4.59189e-12
      1318.51  5.51482e-09  6.06194e-12
      1318.86  7.08691e-09  7.36455e-12
      1319.21  4.94492e-09  6.54768e-12
      1319.56  2.81053e-09  5.24918e-12
      1319.91  2.77106e-09  5.34124e-12
      1320.25  2.81223e-09  5.31699e-12
      1320.60  2.77880e-09  5.14429e-12
      1320.95  3.35584e-09  5.52652e-12
      1321.30  4.74120e-09  6.37428e-12
      1321.65  9.20185e-09  8.35998e-12
      1322.00  1.77836e-08  1.21517e-11
      1322.35  1.62941e-08  1.11918e-11
      1322.70  8.36770e-09  7.48116e-12
      1323.05  5.05904e-09  5.64377e-12
      1323.40  5.46136e-09  5.65244e-12
      1323.75  6.57306e-09  6.15802e-12
      1324.10  6.98452e-09  6.58464e-12
      1324.45  5.25022e-09  6.05239e-12
      1324.80  3.63179e-09  5.56414e-12
      