227
      1249.95  1.11389e-08  1.17519e-11
      1250.27  5.40077e-09  8.29290e-12
      1250.58  1.79605e-09  5.50631e-12
      1250.89  1.25654e-09  4.99133e-12
      1251.20  1.67018e-09  5.16662e-12
      1251.52  2.66465e-09  5.82826e-12
      1251.83  4.69370e-09  7.17447e-12
      1252.14  6.11095e-09  8.26303e-12
      1252.46  5.81476e-09  8.18483e-12
      1252.77  5.33422e-09  7.72776e-12
      1253.09  8.96810e-09  9.53140e-12
      1253.40  1.72169e-08  1.26283e-11
      1253.71  2.13699e-08  1.39008e-11
      1254.03  1.27065e-08  1.01679e-11
      1254.34  6.08861e-09  7.24634e-12
      1254.66  7.71743e-09  8.20068e-12
      1254.97  1.24931e-08  1.12357e-11
      1255.29  8.06776e-09  9.03261e-12
      1255.60  3.54193e-09  6.52420e-12
      1255.92  4.13051e-09  7.20325e-12
      1256.23  7.13875e-09  8.58309e-12
      1256.55  1.15765e-08  1.07316e-11
      1256.87  8.12857e-09  8.56444e-12
      1257.18  3.61169e-09  6.04928e-12
      1257.50  2.64238e-09  5.59360e-12
      1257.81  3.03116e-09  6.08174e-12
      1258.13  3.81022e-09  6.97621e-12
      1258.45  3.83637e-09  7.01751e-12
      1258.76  4.11903e-09  7.07312e-12
      1259.08  7.45053e-09  8.62122e-12
      1259.40  1.51002e-08  1.16286e-11
      1259.72  2.01467e-08  1.31658e-11
      1260.03  1.52279e-08  1.09960e-11
      1260.35  1.13062e-08  9.37543e-12
      1260.67  1.42308e-08  1.11905e-11
      1260.99  1.31749e-08  1.08960e-11
      1261.30  1.07350e-08  9.67500e-12
      1261.62  1.32066e-08  1.09468e-11
      1261.94  1.39409e-08  1.05896e-11
      1262.26  1.41204e-08  1.05143e-11
      1262.58  1.03894e-08  8.42304e-12
      1262.90  1.10944e-08  8.44964e-12
      1263.22  1.68730e-08  1.09328e-11
      1263.54  1.38527e-08  9.92592e-12
      1263.86  8.75732e-09  8.15483e-12
      1264.17  6.87338e-09  7.58800e-12
      1264.49  4.95199e-09  6.46514e-12
      1264.81  5.44729e-09  6.40138e-12
      1265.13  1.10249e-08  8.57391e-12
      1265.45  1.69885e-08  1.04900e-11
      1265.77  1.49712e-08  9.73957e-12
      1266.10  8.02023e-09  7.24188e-12
      1266.42  4.11169e-09  5.70587e-12
      1266.74  3.52802e-09  5.71507e-12
      1267.06  4.87695e-09  6.52154e-12
      1267.38  1.03808e-08  9.11531e-12
      1267.70  1.88104e-08  1.22318e-11
      1268.02  2.00863e-08  1.19230e-11
      1268.34  1.97005e-08  1.16438e-11
      1268.67  1.79241e-08  1.08881e-11
      1268.99  1.76422e-08  1.12557e-11
      1269.31  1.36391e-08  1.00897e-11
      1269.63  8.99587e-09  8.53945e-12
      1269.95  7.43534e-09  8.08209e-12
      1270.28  9.20541e-09  8.69935e-12
      1270.60  1.52945e-08  1.10035e-11
      1270.92  1.82128e-08  1.12159e-11
      1271.25  1.99314e-08  1.13280e-11
      1271.57  1.94741e-08  1.12891e-11
      1271.89  1.14902e-08  8.59824e-12
      1272.22  5.11935e-09  6.10303e-12
      1272.54  3.14028e-09  5.27766e-12
      1272.86  2.56629e-09  5.03501e-12
      1273.19  2.41267e-09  4.83012e-12
      1273.51  2.95101e-09  4.94425e-12
      1273.84  4.67029e-09  5.71417e-12
      1274.16  6.17923e-09  6.22614e-12
      1274.49  8.01616e-09  6.68266e-12
      1274.81  1.44674e-08  9.29729e-12
      1275.14  1.99217e-08  1.14035e-11
      1275.46  1.77789e-08  1.11076e-11
      1275.79  1.16086e-08  9.20207e-12
      1276.11  7.60587e-09  7.53920e-12
      1276.44  1.00132e-08  8.36139e-12
      1276.76  1.70231e-08  1.09355e-11
      1277.09  1.75462e-08  1.04164e-11
      1277.42  1.79469e-08  1.09557e-11
      1277.74  1.23486e-08  9.12294e-12
      1278.07  5.69601e-09  6.54043e-12
      1278.40  3.38480e-09  5.70459e-12
      1278.72  2.61246e-09  5.32443e-12
      1279.05  2.58210e-09  5.28571e-12
      1279.38  3.47110e-09  5.56979e-12
      1279.71  5.23561e-09  6.23702e-12
      1280.03  7.01110e-09  6.99211e-12
      1280.36  6.31678e-09  6.39753e-12
      1280.69  6.66785e-09  6.78284e-12
      1281.02  8.76579e-09  7.81220e-12
      1281.34  1.28969e-08  9.65155e-12
      1281.67  1.57220e-08  1.09480e-11
      1282.00  1.22388e-08  9.19482e-12
      1282.33  1.25415e-08  8.82181e-12
      1282.66  1.93085e-08  1.07059e-11
      1282.99  2.44567e-08  1.17803e-11
      1283.32  2.43901e-08  1.19742e-11
      1283.65  1.71641e-08  1.03793e-11
      1283.98  9.06487e-09  7.90184e-12
      1284.31  5.21046e-09  6.54115e-12
      1284.64  3.88707e-09  6.00133e-12
      1284.97  3.83420e-09  5.90157e-12
      1285.30  4.57830e-09  6.29477e-12
      1285.63  3.88833e-09  5.54952e-12
      1285.96  3.53334e-09  5.14405e-12
      1286.29  5.45047e-09  6.30429e-12
      1286.62  7.81294e-09  7.88298e-12
      1286.95  7.19993e-09  7.54202e-12
      1287.28  8.87312e-09  8.33444e-12
      1287.61  1.59009e-08  1.13774e-11
      1287.95  1.89503e-08  1.17871e-11
      1288.28  1.88392e-08  1.12003e-11
      1288.61  1.87444e-08  1.06866e-11
      1288.94  1.86794e-08  1.06653e-11
      1289.27  1.33460e-08  8.88606e-12
      1289.61  9.73131e-09  7.99361e-12
      1289.94  7.86832e-09  7.67128e-12
      1290.27  5.33406e-09  6.47665e-12
      1290.61  4.52465e-09  6.23239e-12
      1290.94  3.47360e-09  5.44386e-12
      1291.27  2.54759e-09  4.60499e-12
      1291.61  2.95030e-09  4.69348e-12
      1291.94  4.83002e-09  5.74481e-12
      1292.27  8.26003e-09  7.45836e-12
      1292.61  1.18955e-08  9.39808e-12
      1292.94  8.93377e-09  8.21978e-12
      1293.28  6.72409e-09  7.34633e-12
      1293.61  8.86705e-09  8.47368e-12
      1293.95  1.13595e-08  8.92794e-12
      1294.28  1.68373e-08  1.05187e-11
      1294.62  1.91319e-08  1.09620e-11
      1294.95  1.61430e-08  9.79968e-12
      1295.29  1.54188e-08  9.96528e-12
      1295.62  1.33425e-08  9.53871e-12
      1295.96  9.78266e-09  8.30011e-12
      1296.29  8.43928e-09  7.84816e-12
      1296.63  8.77919e-09  7.85440e-12
      1296.97  1.07773e-08  8.19399e-12
      1297.30  1.65272e-08  9.78146e-12
      1297.64  2.24000e-08  1.15604e-11
      1297.98  1.92645e-08  1.07561e-11
      1298.31  1.22772e-08  8.94086e-12
      1298.65  6.92281e-09  7.08242e-12
      1298.99  5.12358e-09  6.32347e-12
      1299.33  8.67233e-09  7.99312e-12
      1299.66  1.60002e-08  1.07688e-11
      1300.00  1.81523e-08  1.09551e-11
      1300.34  1.59334e-08  1.01257e-11
      1300.68  1.08734e-08  8.18732e-12
      1301.02  1.06463e-08  8.09761e-12
      1301.35  1.90740e-08  1.15677e-11
      1301.69  2.30525e-08  1.26413e-11
      1302.03  2.23377e-08  1.24797e-11
      1302.37  1.94997e-08  1.11050e-11
      1302.71  2.24434e-08  1.17856e-11
      1303.05  2.47997e-08  1.18776e-11
      1303.39  2.80705e-08  1.25225e-11
      1303.73  3.05958e-08  1.32913e-11
      1304.07  2.83563e-08  1.30534e-11
      1304.41  2.86612e-08  1.35939e-11
      1304.75  3.05520e-08  1.45107e-11
      1305.09  3.17783e-08  1.46770e-11
      1305.43  3.70770e-08  1.55737e-11
      1305.77  4.38131e-08  1.65453e-11
      1306.11  4.41177e-08  1.64047e-11
      1306.46  3.06104e-08  1.35989e-11
      1306.80  1.51008e-08  9.71269e-12
      1307.14  7.88327e-09  7.43570e-12
      1307.48  5.34254e-09  6.47161e-12
      1307.82  4.21688e-09  5.92094e-12
      1308.16  4.16561e-09  5.73459e-12
      1308.51  4.94900e-09  6.02763e-12
      1308.85  4.13266e-09  5.38158e-12
      1309.19  2.93004e-09  4.52929e-12
      1309.53  2.64765e-09  4.48803e-12
      1309.88  2.60770e-09  4.63263e-12
      1310.22  2.80596e-09  4.94212e-12
      1310.56  3.61288e-09  5.51470e-12
      1310.91  6.45296e-09  7.04703e-12
      1311.25  1.22574e-08  9.68388e-12
      1311.60  1.26734e-08  9.36370e-12
      1311.94  7.65249e-09  7.10904e-12
      1312.28  3.98549e-09  5.42573e-12
      1312.63  2.64564e-09  4.81248e-12
      1312.97  2.22007e-09  4.65887e-12
      1313.32  2.92923e-09  5.13135e-12
      1313.66  4.95253e-09  6.65482e-12
      1314.01  4.26264e-09  5.97274e-12
      1314.35  2.43844e-09  4.75614e-12
      1314.70  1.80950e-09  4.08169e-12
      1315.05  1.78011e-09  3.89933e-12
      1315.39  2.01764e-09  4.08868e-12
      1315.74  2.57296e-09  4.64407e-12
      1316.08  3.91157e-09  5.57085e-12
      1316.43  7.87805e-09  7.62481e-12
      1316.78  1.39540e-08  1.05716e-11
      1317.12  1.14750e-08  9.21860e-12
      1317.47  5.47560e-09  6.29357e-12
      1317.82  3.14050e-09  4.94687e-12
      1318.17  3.08663e-09  4.85268e-12
      1318.51  5.18400e-09  6.34708e-12
      1318.86  6.66179e-09  7.40604e-12
      1319.21  4.60258e-09  6.26517e-12
      1319.56  2.58129e-09  4.87545e-12
      1319.91  2.56699e-09  4.84014e-12
      1320.25  2.63417e-09  4.69922e-12
      1320.60  2.60786e-09  4.46040e-12
      1320.95  3.16107e-09  4.67399e-12
      1321.30  4.53893e-09  5.48034e-12
      1321.65  8.98903e-09  7.56022e-12
      1322.00  1.66967e-08  1.10804e-11
      1322.35  1.52721e-08  1.08231e-11
      1322.70  7.95947e-09  7.82179e-12
      1323.05  4.85374e-09  6.22324e-12
      1323.40  5.17167e-09  6.26673e-12
      1323.75  6.19265e-09  6.64035e-12
      1324.10  6.48687e-09  6.96003e-12
      1324.45  4.94163e-09  6.22176e-12
      1324.80  3.41177e-09  5.41719e-12
      