227
      1249.95  1.11308e-08  1.11540e-11
      1250.27  5.38710e-09  7.97662e-12
      1250.58  1.77914e-09  5.39289e-12
      1250.89  1.23099e-09  4.98123e-12
      1251.20  1.64496e-09  5.07184e-12
      1251.52  2.65973e-09  5.75339e-12
      1251.83  4.70438e-09  7.28811e-12
      1252.14  6.10753e-09  8.41717e-12
      1252.46  5.80182e-09  8.55198e-12
      1252.77  5.33927e-09  8.28261e-12
      1253.09  9.04358e-09  1.03631e-11
      1253.40  1.73574e-08  1.38982e-11
      1253.71  2.14707e-08  1.52465e-11
      1254.03  1.26366e-08  1.12733e-11
      1254.34  6.06310e-09  7.82242e-12
      1254.66  7.77200e-09  8.87212e-12
      1254.97  1.25872e-08  1.21153e-11
      1255.29  8.06768e-09  9.64398e-12
      1255.60  3.55041e-09  7.06277e-12
      1255.92  4.15836e-09  7.69573e-12
      1256.23  7.20948e-09  9.17054e-12
      1256.55  1.16369e-08  1.12764e-11
      1256.87  8.14605e-09  8.90288e-12
      1257.18  3.61978e-09  6.24103e-12
      1257.50  2.65268e-09  5.67888e-12
      1257.81  3.05790e-09  6.11380e-12
      1258.13  3.84549e-09  6.96400e-12
      1258.45  3.86139e-09  6.94972e-12
      1258.76  4.14492e-09  6.93733e-12
      1259.08  7.54124e-09  8.39587e-12
      1259.40  1.53005e-08  1.10760e-11
      1259.72  2.03407e-08  1.23784e-11
      1260.03  1.52763e-08  1.02478e-11
      1260.35  1.13727e-08  8.68310e-12
      1260.67  1.43881e-08  1.03731e-11
      1260.99  1.32644e-08  1.00805e-11
      1261.30  1.07786e-08  9.03008e-12
      1261.62  1.33032e-08  1.03331e-11
      1261.94  1.39936e-08  1.00534e-11
      1262.26  1.42204e-08  1.01915e-11
      1262.58  1.03614e-08  8.11389e-12
      1262.90  1.11287e-08  8.31547e-12
      1263.22  1.70448e-08  1.10011e-11
      1263.54  1.38494e-08  9.88537e-12
      1263.86  8.71712e-09  8.24146e-12
      1264.17  6.85676e-09  7.85724e-12
      1264.49  4.95016e-09  6.83941e-12
      1264.81  5.49686e-09  6.90009e-12
      1265.13  1.11163e-08  9.39580e-12
      1265.45  1.70526e-08  1.13852e-11
      1265.77  1.49970e-08  1.04625e-11
      1266.10  8.02073e-09  7.71491e-12
      1266.42  4.10509e-09  6.09951e-12
      1266.74  3.53283e-09  6.12445e-12
      1267.06  4.92294e-09  7.00636e-12
      1267.38  1.05019e-08  9.59958e-12
      1267.70  1.89205e-08  1.26297e-11
      1268.02  2.02284e-08  1.22013e-11
      1268.34  1.98295e-08  1.17451e-11
      1268.67  1.80640e-08  1.07892e-11
      1268.99  1.77790e-08  1.09897e-11
      1269.31  1.37236e-08  9.69893e-12
      1269.63  9.05060e-09  8.09842e-12
      1269.95  7.49547e-09  7.58827e-12
      1270.28  9.30559e-09  8.13899e-12
      1270.60  1.54499e-08  1.02339e-11
      1270.92  1.83522e-08  1.04567e-11
      1271.25  2.00574e-08  1.05393e-11
      1271.57  1.95604e-08  1.05083e-11
      1271.89  1.14903e-08  8.01635e-12
      1272.22  5.10953e-09  5.76245e-12
      1272.54  3.13220e-09  5.12642e-12
      1272.86  2.54848e-09  4.96432e-12
      1273.19  2.39384e-09  4.88943e-12
      1273.51  2.94464e-09  5.14576e-12
      1273.84  4.67784e-09  6.05333e-12
      1274.16  6.18942e-09  6.59748e-12
      1274.49  8.07379e-09  7.16389e-12
      1274.81  1.45697e-08  1.00973e-11
      1275.14  1.99953e-08  1.23255e-11
      1275.46  1.78286e-08  1.19764e-11
      1275.79  1.16673e-08  9.95244e-12
      1276.11  7.69628e-09  8.18314e-12
      1276.44  1.01708e-08  8.96478e-12
      1276.76  1.71134e-08  1.14602e-11
      1277.09  1.77281e-08  1.08195e-11
      1277.42  1.80315e-08  1.11225e-11
      1277.74  1.24313e-08  9.13828e-12
      1278.07  5.77214e-09  6.46805e-12
      1278.40  3.41531e-09  5.52855e-12
      1278.72  2.62936e-09  5.13212e-12
      1279.05  2.60466e-09  4.95921e-12
      1279.38  3.50469e-09  5.24490e-12
      1279.71  5.27877e-09  5.85240e-12
      1280.03  7.01833e-09  6.54161e-12
      1280.36  6.34295e-09  6.06475e-12
      1280.69  6.71630e-09  6.50057e-12
      1281.02  8.83971e-09  7.61871e-12
      1281.34  1.30092e-08  9.61669e-12
      1281.67  1.57499e-08  1.09890e-11
      1282.00  1.22702e-08  9.44619e-12
      1282.33  1.26319e-08  9.35054e-12
      1282.66  1.94021e-08  1.14293e-11
      1282.99  2.45673e-08  1.26722e-11
      1283.32  2.44782e-08  1.28168e-11
      1283.65  1.71941e-08  1.09865e-11
      1283.98  9.09255e-09  8.38617e-12
      1284.31  5.22185e-09  6.87612e-12
      1284.64  3.88840e-09  6.25205e-12
      1284.97  3.85688e-09  6.05120e-12
      1285.30  4.61472e-09  6.43527e-12
      1285.63  3.90204e-09  5.55283e-12
      1285.96  3.55660e-09  5.03555e-12
      1286.29  5.48867e-09  6.10269e-12
      1286.62  7.89130e-09  7.47860e-12
      1286.95  7.22100e-09  7.06794e-12
      1287.28  8.90065e-09  7.72605e-12
      1287.61  1.60654e-08  1.06536e-11
      1287.95  1.90683e-08  1.10671e-11
      1288.28  1.89442e-08  1.06328e-11
      1288.61  1.88376e-08  1.02758e-11
      1288.94  1.88074e-08  1.05076e-11
      1289.27  1.33586e-08  8.88009e-12
      1289.61  9.76039e-09  8.14640e-12
      1289.94  7.88733e-09  7.90952e-12
      1290.27  5.33441e-09  6.83497e-12
      1290.61  4.53113e-09  6.62118e-12
      1290.94  3.46347e-09  5.75700e-12
      1291.27  2.53381e-09  4.91025e-12
      1291.61  2.95174e-09  4.98573e-12
      1291.94  4.85205e-09  6.07894e-12
      1292.27  8.30460e-09  7.80364e-12
      1292.61  1.20045e-08  9.68402e-12
      1292.94  8.99969e-09  8.34233e-12
      1293.28  6.76236e-09  7.25173e-12
      1293.61  8.94625e-09  8.14859e-12
      1293.95  1.14584e-08  8.50557e-12
      1294.28  1.69978e-08  9.94598e-12
      1294.62  1.92872e-08  1.03097e-11
      1294.95  1.62603e-08  9.27905e-12
      1295.29  1.55414e-08  9.50808e-12
      1295.62  1.34248e-08  9.22444e-12
      1295.96  9.83463e-09  8.16867e-12
      1296.29  8.47841e-09  7.90489e-12
      1296.63  8.81134e-09  8.00603e-12
      1296.97  1.08021e-08  8.45347e-12
      1297.30  1.65657e-08  1.02719e-11
      1297.64  2.24490e-08  1.22448e-11
      1297.98  1.93281e-08  1.14599e-11
      1298.31  1.23652e-08  9.58249e-12
      1298.65  6.97837e-09  7.50501e-12
      1298.99  5.16820e-09  6.60735e-12
      1299.33  8.73434e-09  8.15428e-12
      1299.66  1.61096e-08  1.07770e-11
      1300.00  1.82724e-08  1.07592e-11
      1300.34  1.60647e-08  9.80465e-12
      1300.68  1.09640e-08  7.79968e-12
      1301.02  1.07135e-08  7.61989e-12
      1301.35  1.92475e-08  1.09188e-11
      1301.69  2.32047e-08  1.19104e-11
      1302.03  2.25325e-08  1.18932e-11
      1302.37  1.95439e-08  1.06721e-11
      1302.71  2.26081e-08  1.16472e-11
      1303.05  2.48789e-08  1.19441e-11
      1303.39  2.81968e-08  1.29182e-11
      1303.73  3.07673e-08  1.39833e-11
      1304.07  2.84766e-08  1.42146e-11
      1304.41  2.88142e-08  1.49974e-11
      1304.75  3.07335e-08  1.55585e-11
      1305.09  3.19337e-08  1.54688e-11
      1305.43  3.72528e-08  1.61433e-11
      1305.77  4.40619e-08  1.69972e-11
      1306.11  4.44979e-08  1.66599e-11
      1306.46  3.09618e-08  1.36952e-11
      1306.80  1.52701e-08  9.58910e-12
      1307.14  7.95790e-09  7.20273e-12
      1307.48  5.38572e-09  6.20063e-12
      1307.82  4.25538e-09  5.67411e-12
      1308.16  4.19587e-09  5.42657e-12
      1308.51  4.97091e-09  5.80848e-12
      1308.85  4.16840e-09  5.27616e-12
      1309.19  2.94400e-09  4.54566e-12
      1309.53  2.64881e-09  4.59840e-12
      1309.88  2.60507e-09  4.84092e-12
      1310.22  2.80219e-09  5.28590e-12
      1310.56  3.61250e-09  5.88337e-12
      1310.91  6.49526e-09  7.29411e-12
      1311.25  1.21518e-08  9.77890e-12
      1311.60  1.27137e-08  9.59779e-12
      1311.94  7.77230e-09  7.35708e-12
      1312.28  4.04323e-09  5.51590e-12
      1312.63  2.66768e-09  4.79910e-12
      1312.97  2.24495e-09  4.47662e-12
      1313.32  2.96503e-09  4.91718e-12
      1313.66  4.94667e-09  6.25781e-12
      1314.01  4.29438e-09  5.61576e-12
      1314.35  2.46502e-09  4.32225e-12
      1314.70  1.81247e-09  3.87584e-12
      1315.05  1.77668e-09  3.86354e-12
      1315.39  2.01086e-09  4.19322e-12
      1315.74  2.56951e-09  4.85051e-12
      1316.08  3.91419e-09  5.86262e-12
      1316.43  7.88189e-09  8.00501e-12
      1316.78  1.39019e-08  1.09658e-11
      1317.12  1.15427e-08  9.76279e-12
      1317.47  5.56885e-09  6.57409e-12
      1317.82  3.17472e-09  5.15207e-12
      1318.17  3.09215e-09  4.91894e-12
      1318.51  5.19903e-09  6.24286e-12
      1318.86  6.72408e-09  7.23274e-12
      1319.21  4.64278e-09  6.03719e-12
      1319.56  2.59052e-09  4.62503e-12
      1319.91  2.58756e-09  4.58860e-12
      1320.25  2.64322e-09  4.47641e-12
      1320.60  2.60555e-09  4.34771e-12
      1320.95  3.15999e-09  4.71068e-12
      1321.30  4.51826e-09  5.62727e-12
      1321.65  8.89426e-09  7.91654e-12
      1322.00  1.68574e-08  1.18462e-11
      1322.35  1.55074e-08  1.16072e-11
      1322.70  7.98242e-09  8.13794e-12
      1323.05  4.83888e-09  6.32505e-12
      1323.40  5.17810e-09  6.28211e-12
      1323.75  6.23106e-09  6.66784e-12
      1324.10  6.56363e-09  6.90271e-12
      1324.45  4.99687e-09  6.12962e-12
      1324.80  3.42128e-09  5.21305e-12
      