227
      1249.95  1.14952e-08  1.35338e-11
      1250.27  5.86195e-09  9.54367e-12
      1250.58  2.15331e-09  6.32698e-12
      1250.89  1.59370e-09  5.55282e-12
      1251.20  1.99566e-09  5.87839e-12
      1251.52  2.94574e-09  6.56484e-12
      1251.83  4.89843e-09  8.50859e-12
      1252.14  6.33260e-09  9.90190e-12
      1252.46  6.09779e-09  1.01144e-11
      1252.77  5.63891e-09  9.82316e-12
      1253.09  9.02864e-09  1.18267e-11
      1253.40  1.69124e-08  1.57024e-11
      1253.71  2.10563e-08  1.70795e-11
      1254.03  1.33525e-08  1.30760e-11
      1254.34  6.64234e-09  9.34694e-12
      1254.66  7.96436e-09  1.07620e-11
      1254.97  1.21609e-08  1.48585e-11
      1255.29  8.42131e-09  1.24558e-11
      1255.60  4.11232e-09  8.81849e-12
      1255.92  4.39828e-09  9.32925e-12
      1256.23  7.35289e-09  1.07839e-11
      1256.55  1.16569e-08  1.36282e-11
      1256.87  8.53464e-09  1.10618e-11
      1257.18  4.10082e-09  7.81713e-12
      1257.50  3.01120e-09  7.22216e-12
      1257.81  3.36000e-09  7.74317e-12
      1258.13  4.16509e-09  8.78355e-12
      1258.45  4.16757e-09  8.75582e-12
      1258.76  4.28330e-09  8.66923e-12
      1259.08  7.29723e-09  9.98709e-12
      1259.40  1.50324e-08  1.35586e-11
      1259.72  2.07727e-08  1.55664e-11
      1260.03  1.55412e-08  1.28487e-11
      1260.35  1.11222e-08  1.06901e-11
      1260.67  1.45434e-08  1.31012e-11
      1260.99  1.35687e-08  1.26731e-11
      1261.30  1.06054e-08  1.08520e-11
      1261.62  1.32960e-08  1.23728e-11
      1261.94  1.39337e-08  1.19268e-11
      1262.26  1.41815e-08  1.24205e-11
      1262.58  1.04031e-08  9.87262e-12
      1262.90  1.07562e-08  9.62753e-12
      1263.22  1.66815e-08  1.32499e-11
      1263.54  1.41962e-08  1.19832e-11
      1263.86  9.00848e-09  9.71467e-12
      1264.17  7.10934e-09  9.18031e-12
      1264.49  5.31261e-09  8.07783e-12
      1264.81  5.63947e-09  7.90841e-12
      1265.13  1.08839e-08  1.05637e-11
      1265.45  1.67483e-08  1.34032e-11
      1265.77  1.51199e-08  1.29041e-11
      1266.10  8.49771e-09  9.49781e-12
      1266.42  4.47469e-09  7.47040e-12
      1266.74  3.81281e-09  7.43106e-12
      1267.06  5.07690e-09  8.37347e-12
      1267.38  1.03568e-08  1.15277e-11
      1267.70  1.85972e-08  1.56890e-11
      1268.02  2.02467e-08  1.53518e-11
      1268.34  1.99029e-08  1.45576e-11
      1268.67  1.82058e-08  1.35762e-11
      1268.99  1.79410e-08  1.49474e-11
      1269.31  1.37307e-08  1.33780e-11
      1269.63  9.29224e-09  1.05439e-11
      1269.95  7.67505e-09  9.65864e-12
      1270.28  9.24114e-09  1.00328e-11
      1270.60  1.52361e-08  1.25878e-11
      1270.92  1.82206e-08  1.27848e-11
      1271.25  1.99023e-08  1.27574e-11
      1271.57  1.97018e-08  1.27438e-11
      1271.89  1.18795e-08  9.76186e-12
      1272.22  5.44396e-09  6.98512e-12
      1272.54  3.42045e-09  6.10743e-12
      1272.86  2.83788e-09  5.86704e-12
      1273.19  2.67726e-09  5.71093e-12
      1273.51  3.15926e-09  5.79780e-12
      1273.84  4.83903e-09  6.79552e-12
      1274.16  6.35739e-09  7.54531e-12
      1274.49  8.01874e-09  8.16469e-12
      1274.81  1.42884e-08  1.15944e-11
      1275.14  1.99286e-08  1.45415e-11
      1275.46  1.80345e-08  1.44570e-11
      1275.79  1.19293e-08  1.20773e-11
      1276.11  7.84970e-09  9.86657e-12
      1276.44  1.00173e-08  1.05528e-11
      1276.76  1.70666e-08  1.39658e-11
      1277.09  1.77872e-08  1.33919e-11
      1277.42  1.80664e-08  1.39228e-11
      1277.74  1.28399e-08  1.20326e-11
      1278.07  6.08181e-09  8.83730e-12
      1278.40  3.69917e-09  7.11580e-12
      1278.72  2.92945e-09  6.67757e-12
      1279.05  2.87032e-09  6.58166e-12
      1279.38  3.71062e-09  6.69515e-12
      1279.71  5.42033e-09  7.26171e-12
      1280.03  7.10567e-09  7.97966e-12
      1280.36  6.56731e-09  7.35876e-12
      1280.69  6.81423e-09  7.63509e-12
      1281.02  8.88793e-09  8.90557e-12
      1281.34  1.28308e-08  1.09247e-11
      1281.67  1.55704e-08  1.24637e-11
      1282.00  1.24952e-08  1.08382e-11
      1282.33  1.26265e-08  1.04931e-11
      1282.66  1.91006e-08  1.28164e-11
      1282.99  2.42779e-08  1.44141e-11
      1283.32  2.42602e-08  1.48676e-11
      1283.65  1.77007e-08  1.41800e-11
      1283.98  9.13392e-09  1.09213e-11
      1284.31  5.46317e-09  8.47376e-12
      1284.64  4.16608e-09  7.71973e-12
      1284.97  4.11393e-09  7.61401e-12
      1285.30  4.78234e-09  7.89357e-12
      1285.63  4.19734e-09  7.13097e-12
      1285.96  3.86297e-09  6.45085e-12
      1286.29  5.68453e-09  7.73454e-12
      1286.62  7.88162e-09  9.34875e-12
      1286.95  7.40394e-09  8.97049e-12
      1287.28  9.11042e-09  9.80610e-12
      1287.61  1.57994e-08  1.30182e-11
      1287.95  1.88603e-08  1.35545e-11
      1288.28  1.87916e-08  1.27198e-11
      1288.61  1.87438e-08  1.20441e-11
      1288.94  1.86748e-08  1.22693e-11
      1289.27  1.33697e-08  1.05541e-11
      1289.61  9.85718e-09  9.29925e-12
      1289.94  7.97096e-09  8.80286e-12
      1290.27  5.52795e-09  7.64307e-12
      1290.61  4.71968e-09  7.57094e-12
      1290.94  3.67240e-09  6.58011e-12
      1291.27  2.79569e-09  5.72200e-12
      1291.61  3.19420e-09  5.95835e-12
      1291.94  5.04088e-09  7.27070e-12
      1292.27  8.47520e-09  9.46994e-12
      1292.61  1.20531e-08  1.21719e-11
      1292.94  9.01722e-09  1.04250e-11
      1293.28  6.98558e-09  9.41223e-12
      1293.61  9.05010e-09  1.06685e-11
      1293.95  1.14806e-08  1.10649e-11
      1294.28  1.69860e-08  1.29048e-11
      1294.62  1.91303e-08  1.30866e-11
      1294.95  1.61208e-08  1.14882e-11
      1295.29  1.54901e-08  1.14970e-11
      1295.62  1.33077e-08  1.08559e-11
      1295.96  9.81137e-09  9.48726e-12
      1296.29  8.50711e-09  8.92240e-12
      1296.63  8.85096e-09  9.04584e-12
      1296.97  1.08426e-08  9.47919e-12
      1297.30  1.66118e-08  1.15733e-11
      1297.64  2.23426e-08  1.39170e-11
      1297.98  1.89631e-08  1.33849e-11
      1298.31  1.21473e-08  1.10245e-11
      1298.65  6.98642e-09  8.80895e-12
      1298.99  5.34470e-09  8.11539e-12
      1299.33  8.98403e-09  1.02818e-11
      1299.66  1.62253e-08  1.39405e-11
      1300.00  1.81749e-08  1.38928e-11
      1300.34  1.59445e-08  1.26843e-11
      1300.68  1.08604e-08  1.00339e-11
      1301.02  1.08989e-08  9.89975e-12
      1301.35  1.90082e-08  1.46858e-11
      1301.69  2.28348e-08  1.58221e-11
      1302.03  2.22523e-08  1.48296e-11
      1302.37  1.92844e-08  1.28522e-11
      1302.71  2.25702e-08  1.36600e-11
      1303.05  2.44422e-08  1.33889e-11
      1303.39  2.80723e-08  1.42570e-11
      1303.73  3.03966e-08  1.52685e-11
      1304.07  2.79917e-08  1.51191e-11
      1304.41  2.85431e-08  1.62054e-11
      1304.75  3.03795e-08  1.76453e-11
      1305.09  3.15352e-08  1.82500e-11
      1305.43  3.72294e-08  2.00447e-11
      1305.77  4.40920e-08  2.12913e-11
      1306.11  4.44660e-08  2.12238e-11
      1306.46  2.99432e-08  1.71166e-11
      1306.80  1.45390e-08  1.18651e-11
      1307.14  7.80370e-09  9.17422e-12
      1307.48  5.41893e-09  8.03661e-12
      1307.82  4.34364e-09  7.39815e-12
      1308.16  4.30396e-09  7.01198e-12
      1308.51  5.17811e-09  7.33658e-12
      1308.85  4.22086e-09  6.19152e-12
      1309.19  3.04629e-09  5.17987e-12
      1309.53  2.81976e-09  5.06081e-12
      1309.88  2.77861e-09  5.19644e-12
      1310.22  2.98478e-09  5.61718e-12
      1310.56  3.79242e-09  6.52849e-12
      1310.91  6.66551e-09  8.46060e-12
      1311.25  1.25824e-08  1.20226e-11
      1311.60  1.27317e-08  1.16514e-11
      1311.94  7.50430e-09  8.69155e-12
      1312.28  3.99381e-09  6.60275e-12
      1312.63  2.79679e-09  5.93960e-12
      1312.97  2.41109e-09  5.78005e-12
      1313.32  3.13060e-09  6.51739e-12
      1313.66  5.23678e-09  8.46335e-12
      1314.01  4.39147e-09  7.48173e-12
      1314.35  2.51607e-09  5.55007e-12
      1314.70  1.96904e-09  4.77380e-12
      1315.05  1.95814e-09  4.47411e-12
      1315.39  2.19898e-09  4.63034e-12
      1315.74  2.75816e-09  5.26354e-12
      1316.08  4.10378e-09  6.39260e-12
      1316.43  8.12107e-09  8.97066e-12
      1316.78  1.42399e-08  1.26659e-11
      1317.12  1.12358e-08  1.09985e-11
      1317.47  5.27080e-09  7.47796e-12
      1317.82  3.20942e-09  6.09851e-12
      1318.17  3.27575e-09  6.07320e-12
      1318.51  5.49711e-09  8.05367e-12
      1318.86  6.88641e-09  9.37873e-12
      1319.21  4.57541e-09  7.76303e-12
      1319.56  2.67658e-09  6.36706e-12
      1319.91  2.78046e-09  6.40926e-12
      1320.25  2.79708e-09  5.91433e-12
      1320.60  2.75011e-09  5.35207e-12
      1320.95  3.32219e-09  5.52917e-12
      1321.30  4.66664e-09  6.21228e-12
      1321.65  9.15236e-09  8.47849e-12
      1322.00  1.73463e-08  1.29042e-11
      1322.35  1.50695e-08  1.25776e-11
      1322.70  7.41186e-09  9.23918e-12
      1323.05  4.78933e-09  7.41596e-12
      1323.40  5.33713e-09  7.76260e-12
      1323.75  6.34156e-09  8.26570e-12
      1324.10  6.68910e-09  9.28943e-12
      1324.45  4.72930e-09  8.00001e-12
      1324.80  3.50208e-09  6.81376e-12
      