227
      1249.95  1.56579e-08  1.90497e-11
      1250.27  8.26696e-09  1.36488e-11
      1250.58  3.22485e-09  8.94871e-12
      1250.89  2.37049e-09  7.90072e-12
      1251.20  2.92534e-09  8.58006e-12
      1251.52  4.25762e-09  9.72874e-12
      1251.83  6.89909e-09  1.30155e-11
      1252.14  8.84834e-09  1.46822e-11
      1252.46  8.58920e-09  1.49537e-11
      1252.77  8.03481e-09  1.45634e-11
      1253.09  1.24196e-08  1.73924e-11
      1253.40  2.24000e-08  2.27026e-11
      1253.71  2.72900e-08  2.45234e-11
      1254.03  1.73342e-08  1.85265e-11
      1254.34  8.99994e-09  1.34180e-11
      1254.66  1.05659e-08  1.49594e-11
      1254.97  1.59581e-08  1.98799e-11
      1255.29  1.09036e-08  1.67874e-11
      1255.60  5.32025e-09  1.18352e-11
      1255.92  5.73693e-09  1.23598e-11
      1256.23  9.20141e-09  1.42179e-11
      1256.55  1.50618e-08  1.86516e-11
      1256.87  1.08238e-08  1.52534e-11
      1257.18  4.94094e-09  1.07157e-11
      1257.50  3.85092e-09  9.38297e-12
      1257.81  4.29226e-09  1.02308e-11
      1258.13  5.32119e-09  1.13379e-11
      1258.45  5.34122e-09  1.13100e-11
      1258.76  5.59495e-09  1.10788e-11
      1259.08  9.42255e-09  1.29755e-11
      1259.40  1.85985e-08  1.75542e-11
      1259.72  2.40781e-08  2.10836e-11
      1260.03  1.80839e-08  1.75186e-11
      1260.35  1.46662e-08  1.42710e-11
      1260.67  1.86196e-08  1.71091e-11
      1260.99  1.78164e-08  1.68108e-11
      1261.30  1.45087e-08  1.49249e-11
      1261.62  1.75739e-08  1.69588e-11
      1261.94  1.88178e-08  1.68681e-11
      1262.26  1.86079e-08  1.80604e-11
      1262.58  1.32050e-08  1.39535e-11
      1262.90  1.51844e-08  1.43229e-11
      1263.22  2.21722e-08  1.81592e-11
      1263.54  1.91321e-08  1.71445e-11
      1263.86  1.26630e-08  1.45558e-11
      1264.17  1.00135e-08  1.38352e-11
      1264.49  7.53896e-09  1.20148e-11
      1264.81  7.94683e-09  1.17169e-11
      1265.13  1.46304e-08  1.53670e-11
      1265.45  2.18997e-08  1.88046e-11
      1265.77  1.96261e-08  1.75329e-11
      1266.10  1.11103e-08  1.31829e-11
      1266.42  6.04277e-09  1.04690e-11
      1266.74  5.09548e-09  1.00338e-11
      1267.06  6.53930e-09  1.11487e-11
      1267.38  1.28008e-08  1.53097e-11
      1267.70  2.30035e-08  2.08729e-11
      1268.02  2.43342e-08  2.00320e-11
      1268.34  2.29882e-08  2.01892e-11
      1268.67  2.14969e-08  1.77258e-11
      1268.99  2.17681e-08  1.80801e-11
      1269.31  1.68057e-08  1.68068e-11
      1269.63  1.09752e-08  1.39454e-11
      1269.95  9.85097e-09  1.25408e-11
      1270.28  1.17700e-08  1.29225e-11
      1270.60  1.95797e-08  1.66042e-11
      1270.92  2.33461e-08  1.68882e-11
      1271.25  2.56412e-08  1.71222e-11
      1271.57  2.58595e-08  1.73124e-11
      1271.89  1.58328e-08  1.38065e-11
      1272.22  7.49910e-09  1.32606e-11
      1272.54  4.58104e-09  9.38850e-12
      1272.86  4.17219e-09  8.64400e-12
      1273.19  3.97451e-09  8.48649e-12
      1273.51  4.62849e-09  8.76189e-12
      1273.84  6.82559e-09  1.01375e-11
      1274.16  8.89106e-09  1.12668e-11
      1274.49  1.11709e-08  1.22675e-11
      1274.81  1.86899e-08  1.68137e-11
      1275.14  2.52561e-08  2.03645e-11
      1275.46  2.28217e-08  1.98997e-11
      1275.79  1.53477e-08  1.65195e-11
      1276.11  1.03603e-08  1.34776e-11
      1276.44  1.29348e-08  1.48417e-11
      1276.76  2.07705e-08  1.87090e-11
      1277.09  2.18749e-08  1.80263e-11
      1277.42  2.17171e-08  1.81200e-11
      1277.74  1.56229e-08  1.52152e-11
      1278.07  7.72136e-09  1.07372e-11
      1278.40  4.79706e-09  9.36074e-12
      1278.72  3.86124e-09  8.62993e-12
      1279.05  3.86727e-09  8.31727e-12
      1279.38  5.04047e-09  8.66255e-12
      1279.71  7.33483e-09  9.67662e-12
      1280.03  9.55455e-09  1.07464e-11
      1280.36  9.00493e-09  1.01789e-11
      1280.69  9.48049e-09  1.07088e-11
      1281.02  1.22953e-08  1.26000e-11
      1281.34  1.73404e-08  1.58653e-11
      1281.67  1.98164e-08  1.89737e-11
      1282.00  1.54286e-08  1.68037e-11
      1282.33  1.71688e-08  1.59943e-11
      1282.66  2.50998e-08  1.88544e-11
      1282.99  3.11542e-08  2.07919e-11
      1283.32  3.06576e-08  2.08769e-11
      1283.65  2.19638e-08  1.81156e-11
      1283.98  1.21800e-08  1.38546e-11
      1284.31  7.29730e-09  1.15795e-11
      1284.64  5.57850e-09  1.06801e-11
      1284.97  5.42320e-09  1.05146e-11
      1285.30  5.98733e-09  1.12429e-11
      1285.63  5.09899e-09  9.73308e-12
      1285.96  4.92341e-09  8.43286e-12
      1286.29  7.14769e-09  1.00279e-11
      1286.62  9.89418e-09  1.20143e-11
      1286.95  9.44241e-09  1.15568e-11
      1287.28  1.17812e-08  1.27831e-11
      1287.61  2.01990e-08  1.72434e-11
      1287.95  2.41471e-08  1.81225e-11
      1288.28  2.44557e-08  1.74185e-11
      1288.61  2.45962e-08  1.67595e-11
      1288.94  2.45810e-08  1.71577e-11
      1289.27  1.78130e-08  1.44255e-11
      1289.61  1.37744e-08  1.38536e-11
      1289.94  1.13773e-08  1.45772e-11
      1290.27  7.07822e-09  1.18898e-11
      1290.61  6.67194e-09  1.13300e-11
      1290.94  5.08178e-09  9.65179e-12
      1291.27  3.79818e-09  8.19448e-12
      1291.61  4.25042e-09  8.29467e-12
      1291.94  6.68747e-09  1.04105e-11
      1292.27  1.07361e-08  1.32472e-11
      1292.61  1.47836e-08  1.75673e-11
      1292.94  1.08268e-08  1.39613e-11
      1293.28  8.62573e-09  1.21561e-11
      1293.61  1.14157e-08  1.40149e-11
      1293.95  1.40765e-08  1.41419e-11
      1294.28  2.12869e-08  1.69487e-11
      1294.62  2.42941e-08  1.72146e-11
      1294.95  2.05028e-08  1.49980e-11
      1295.29  2.04147e-08  1.55613e-11
      1295.62  1.79321e-08  1.48845e-11
      1295.96  1.34149e-08  1.32764e-11
      1296.29  1.18582e-08  1.29382e-11
      1296.63  1.24098e-08  1.33648e-11
      1296.97  1.48563e-08  1.41271e-11
      1297.30  2.19669e-08  1.69875e-11
      1297.64  2.91496e-08  1.99176e-11
      1297.98  2.49030e-08  1.84056e-11
      1298.31  1.61088e-08  1.54158e-11
      1298.65  9.48692e-09  1.25343e-11
      1298.99  7.18071e-09  1.14124e-11
      1299.33  1.14598e-08  1.42623e-11
      1299.66  1.99902e-08  1.86177e-11
      1300.00  2.22014e-08  1.83550e-11
      1300.34  1.93569e-08  1.64069e-11
      1300.68  1.35415e-08  1.29955e-11
      1301.02  1.36566e-08  1.27092e-11
      1301.35  2.37627e-08  1.77879e-11
      1301.69  2.86981e-08  1.95299e-11
      1302.03  2.80798e-08  1.93554e-11
      1302.37  2.50514e-08  1.75586e-11
      1302.71  2.88729e-08  1.88037e-11
      1303.05  3.18445e-08  1.90386e-11
      1303.39  3.59324e-08  2.02273e-11
      1303.73  3.86794e-08  2.14920e-11
      1304.07  3.59729e-08  2.15783e-11
      1304.41  3.62462e-08  2.27615e-11
      1304.75  3.79878e-08  2.44033e-11
      1305.09  3.91342e-08  2.54364e-11
      1305.43  4.50514e-08  2.76709e-11
      1305.77  5.19758e-08  2.88780e-11
      1306.11  5.13293e-08  2.80615e-11
      1306.46  3.54158e-08  2.26626e-11
      1306.80  1.79669e-08  1.59583e-11
      1307.14  9.87553e-09  1.17876e-11
      1307.48  7.00715e-09  1.02916e-11
      1307.82  5.78786e-09  9.50484e-12
      1308.16  5.83608e-09  9.40186e-12
      1308.51  6.32494e-09  1.03944e-11
      1308.85  5.32001e-09  9.04566e-12
      1309.19  4.40932e-09  7.40732e-12
      1309.53  4.11628e-09  7.35043e-12
      1309.88  4.06062e-09  7.64081e-12
      1310.22  4.31696e-09  8.23191e-12
      1310.56  5.43173e-09  9.56051e-12
      1310.91  9.12776e-09  1.22722e-11
      1311.25  1.58596e-08  1.67304e-11
      1311.60  1.61915e-08  1.67042e-11
      1311.94  9.85301e-09  1.25343e-11
      1312.28  5.33150e-09  9.23521e-12
      1312.63  3.68232e-09  7.90477e-12
      1312.97  3.17040e-09  7.42567e-12
      1313.32  4.08273e-09  8.51237e-12
      1313.66  6.45311e-09  1.06422e-11
      1314.01  5.69051e-09  9.66641e-12
      1314.35  3.47777e-09  7.48975e-12
      1314.70  2.78017e-09  6.44936e-12
      1315.05  2.81090e-09  6.24644e-12
      1315.39  3.19051e-09  6.51584e-12
      1315.74  4.00945e-09  7.44062e-12
      1316.08  5.92668e-09  9.24232e-12
      1316.43  1.11078e-08  1.30100e-11
      1316.78  1.81313e-08  1.77873e-11
      1317.12  1.47843e-08  1.58679e-11
      1317.47  7.31359e-09  1.11330e-11
      1317.82  4.44155e-09  8.87979e-12
      1318.17  4.42391e-09  8.62936e-12
      1318.51  7.01641e-09  1.09206e-11
      1318.86  8.58660e-09  1.22904e-11
      1319.21  5.86375e-09  1.01299e-11
      1319.56  3.49899e-09  8.15338e-12
      1319.91  3.63457e-09  8.19225e-12
      1320.25  3.77594e-09  7.93725e-12
      1320.60  3.83536e-09  7.37658e-12
      1320.95  4.67601e-09  7.66754e-12
      1321.30  6.59143e-09  8.87237e-12
      1321.65  1.23413e-08  1.21288e-11
      1322.00  2.23135e-08  1.79679e-11
      1322.35  1.95339e-08  1.71770e-11
      1322.70  1.01980e-08  1.26938e-11
      1323.05  6.61898e-09  1.06431e-11
      1323.40  7.22925e-09  1.13694e-11
      1323.75  8.40063e-09  1.18977e-11
      1324.10  8.49647e-09  1.22553e-11
      1324.45  6.07836e-09  1.03133e-11
      1324.80  4.47750e-09  8.89766e-12
      