227
      1249.95  1.16268e-08  1.39705e-11
      1250.27  5.92429e-09  1.01693e-11
      1250.58  2.21628e-09  6.78394e-12
      1250.89  1.64532e-09  6.12437e-12
      1251.20  2.04670e-09  6.41864e-12
      1251.52  2.99176e-09  7.37066e-12
      1251.83  5.01477e-09  9.37275e-12
      1252.14  6.47798e-09  1.07381e-11
      1252.46  6.24430e-09  1.11959e-11
      1252.77  5.68189e-09  1.16685e-11
      1253.09  9.13327e-09  1.32000e-11
      1253.40  1.72443e-08  1.69502e-11
      1253.71  2.16452e-08  1.86600e-11
      1254.03  1.35760e-08  1.39731e-11
      1254.34  6.66206e-09  9.70474e-12
      1254.66  8.00095e-09  1.10209e-11
      1254.97  1.21638e-08  1.56968e-11
      1255.29  8.27226e-09  1.30130e-11
      1255.60  4.14350e-09  8.75571e-12
      1255.92  4.46699e-09  9.12039e-12
      1256.23  7.46756e-09  1.07620e-11
      1256.55  1.16657e-08  1.30461e-11
      1256.87  8.67221e-09  1.06706e-11
      1257.18  4.12071e-09  7.42444e-12
      1257.50  3.00762e-09  6.68649e-12
      1257.81  3.35923e-09  7.06616e-12
      1258.13  4.12292e-09  7.86799e-12
      1258.45  4.13934e-09  7.79364e-12
      1258.76  4.34564e-09  7.75236e-12
      1259.08  7.42481e-09  9.09530e-12
      1259.40  1.50506e-08  1.22271e-11
      1259.72  2.05380e-08  1.39361e-11
      1260.03  1.55032e-08  1.16669e-11
      1260.35  1.12779e-08  9.87510e-12
      1260.67  1.46741e-08  1.21053e-11
      1260.99  1.36092e-08  1.18188e-11
      1261.30  1.06992e-08  1.04234e-11
      1261.62  1.35424e-08  1.23424e-11
      1261.94  1.40618e-08  1.19946e-11
      1262.26  1.46842e-08  1.24831e-11
      1262.58  1.07101e-08  1.00120e-11
      1262.90  1.09217e-08  1.00879e-11
      1263.22  1.72803e-08  1.37375e-11
      1263.54  1.45221e-08  1.26237e-11
      1263.86  9.11354e-09  1.03932e-11
      1264.17  7.25583e-09  9.98050e-12
      1264.49  5.42075e-09  8.76298e-12
      1264.81  5.72470e-09  8.51364e-12
      1265.13  1.10497e-08  1.13347e-11
      1265.45  1.70923e-08  1.41478e-11
      1265.77  1.54578e-08  1.32365e-11
      1266.10  8.63022e-09  9.64729e-12
      1266.42  4.54842e-09  7.37271e-12
      1266.74  3.89025e-09  7.29092e-12
      1267.06  5.17065e-09  8.11230e-12
      1267.38  1.04690e-08  1.09971e-11
      1267.70  1.86839e-08  1.45424e-11
      1268.02  2.02421e-08  1.40979e-11
      1268.34  1.97097e-08  1.34566e-11
      1268.67  1.80387e-08  1.25737e-11
      1268.99  1.75190e-08  1.31384e-11
      1269.31  1.38684e-08  1.11877e-11
      1269.63  9.32576e-09  9.19792e-12
      1269.95  7.68831e-09  8.52811e-12
      1270.28  9.31654e-09  9.12474e-12
      1270.60  1.52888e-08  1.16730e-11
      1270.92  1.83126e-08  1.20656e-11
      1271.25  1.99456e-08  1.28694e-11
      1271.57  1.96744e-08  1.30701e-11
      1271.89  1.19417e-08  9.75240e-12
      1272.22  5.51718e-09  7.05311e-12
      1272.54  3.49546e-09  6.42277e-12
      1272.86  2.91073e-09  6.17518e-12
      1273.19  2.73502e-09  6.13528e-12
      1273.51  3.22342e-09  6.35076e-12
      1273.84  4.95976e-09  7.51639e-12
      1274.16  6.51803e-09  8.26882e-12
      1274.49  8.24797e-09  8.86827e-12
      1274.81  1.45379e-08  1.22916e-11
      1275.14  2.01905e-08  1.49965e-11
      1275.46  1.83050e-08  1.46410e-11
      1275.79  1.21565e-08  1.20954e-11
      1276.11  7.99849e-09  9.74760e-12
      1276.44  1.01599e-08  1.03583e-11
      1276.76  1.71147e-08  1.32926e-11
      1277.09  1.77147e-08  1.28425e-11
      1277.42  1.75096e-08  1.33268e-11
      1277.74  1.24462e-08  1.07810e-11
      1278.07  6.05272e-09  7.37071e-12
      1278.40  3.70874e-09  6.25628e-12
      1278.72  2.93323e-09  6.08114e-12
      1279.05  2.89122e-09  5.85293e-12
      1279.38  3.75799e-09  6.02922e-12
      1279.71  5.49021e-09  6.80127e-12
      1280.03  7.17384e-09  7.59907e-12
      1280.36  6.64306e-09  7.20106e-12
      1280.69  6.93666e-09  7.66970e-12
      1281.02  9.03456e-09  9.13852e-12
      1281.34  1.30908e-08  1.15664e-11
      1281.67  1.58402e-08  1.34488e-11
      1282.00  1.26744e-08  1.17979e-11
      1282.33  1.28795e-08  1.16541e-11
      1282.66  1.91584e-08  1.47602e-11
      1282.99  2.47348e-08  1.67453e-11
      1283.32  2.47483e-08  1.59748e-11
      1283.65  1.84512e-08  1.54824e-11
      1283.98  9.05159e-09  1.14286e-11
      1284.31  5.54615e-09  8.37252e-12
      1284.64  4.22803e-09  7.45805e-12
      1284.97  4.15118e-09  7.25365e-12
      1285.30  4.82158e-09  7.57504e-12
      1285.63  4.16703e-09  6.51500e-12
      1285.96  3.82001e-09  5.83483e-12
      1286.29  5.67375e-09  6.90926e-12
      1286.62  7.95881e-09  8.39434e-12
      1286.95  7.37224e-09  7.90670e-12
      1287.28  9.03268e-09  8.70777e-12
      1287.61  1.60374e-08  1.22602e-11
      1287.95  1.90786e-08  1.30231e-11
      1288.28  1.89910e-08  1.27538e-11
      1288.61  1.89343e-08  1.24556e-11
      1288.94  1.92683e-08  1.35366e-11
      1289.27  1.35615e-08  1.03609e-11
      1289.61  9.89766e-09  1.02243e-11
      1289.94  8.14431e-09  9.70247e-12
      1290.27  5.63007e-09  8.34546e-12
      1290.61  4.80697e-09  8.20553e-12
      1290.94  3.76824e-09  7.14097e-12
      1291.27  2.85987e-09  6.01206e-12
      1291.61  3.26067e-09  6.02104e-12
      1291.94  5.12834e-09  7.18057e-12
      1292.27  8.56403e-09  9.17314e-12
      1292.61  1.19906e-08  1.12795e-11
      1292.94  9.07663e-09  9.56853e-12
      1293.28  6.97467e-09  8.42610e-12
      1293.61  8.99497e-09  9.49320e-12
      1293.95  1.15524e-08  9.91751e-12
      1294.28  1.69068e-08  1.14972e-11
      1294.62  1.90598e-08  1.19288e-11
      1294.95  1.62609e-08  1.07054e-11
      1295.29  1.55937e-08  1.14009e-11
      1295.62  1.31771e-08  1.02937e-11
      1295.96  9.84445e-09  9.89589e-12
      1296.29  8.67197e-09  9.44894e-12
      1296.63  9.03080e-09  9.74111e-12
      1296.97  1.11332e-08  1.05468e-11
      1297.30  1.68928e-08  1.26749e-11
      1297.64  2.22386e-08  1.57316e-11
      1297.98  1.87729e-08  1.48552e-11
      1298.31  1.23648e-08  1.12974e-11
      1298.65  7.16877e-09  8.84103e-12
      1298.99  5.51922e-09  7.89918e-12
      1299.33  9.12946e-09  9.90157e-12
      1299.66  1.60280e-08  1.28682e-11
      1300.00  1.80026e-08  1.27185e-11
      1300.34  1.57161e-08  1.13347e-11
      1300.68  1.08894e-08  8.95797e-12
      1301.02  1.11723e-08  8.92367e-12
      1301.35  1.92568e-08  1.24299e-11
      1301.69  2.29175e-08  1.36615e-11
      1302.03  2.22780e-08  1.38960e-11
      1302.37  1.96174e-08  1.28457e-11
      1302.71  2.28521e-08  1.42746e-11
      1303.05  2.48071e-08  1.43591e-11
      1303.39  2.85122e-08  1.55680e-11
      1303.73  3.06965e-08  1.67682e-11
      1304.07  2.84310e-08  1.64294e-11
      1304.41  2.90673e-08  1.74966e-11
      1304.75  3.07974e-08  1.85402e-11
      1305.09  3.20083e-08  1.87634e-11
      1305.43  3.76543e-08  1.98881e-11
      1305.77  4.43367e-08  2.05597e-11
      1306.11  4.41813e-08  2.00731e-11
      1306.46  2.96273e-08  1.56449e-11
      1306.80  1.45277e-08  1.06228e-11
      1307.14  7.80589e-09  8.13623e-12
      1307.48  5.43731e-09  7.01688e-12
      1307.82  4.36745e-09  6.51522e-12
      1308.16  4.35014e-09  6.41028e-12
      1308.51  5.23792e-09  7.04074e-12
      1308.85  4.25935e-09  6.12786e-12
      1309.19  3.11379e-09  5.37942e-12
      1309.53  2.88554e-09  5.39236e-12
      1309.88  2.85042e-09  5.69338e-12
      1310.22  3.04176e-09  6.18790e-12
      1310.56  3.85504e-09  7.09135e-12
      1310.91  6.79382e-09  8.96094e-12
      1311.25  1.28327e-08  1.24971e-11
      1311.60  1.29179e-08  1.18619e-11
      1311.94  7.60053e-09  8.59629e-12
      1312.28  4.03915e-09  6.26697e-12
      1312.63  2.80089e-09  5.39828e-12
      1312.97  2.40645e-09  5.26516e-12
      1313.32  3.15470e-09  5.75974e-12
      1313.66  5.23438e-09  7.46349e-12
      1314.01  4.37735e-09  6.70638e-12
      1314.35  2.54448e-09  5.11506e-12
      1314.70  2.00895e-09  4.68280e-12
      1315.05  2.00592e-09  4.63524e-12
      1315.39  2.25610e-09  4.88940e-12
      1315.74  2.84472e-09  5.69265e-12
      1316.08  4.24170e-09  7.07426e-12
      1316.43  8.33794e-09  9.91693e-12
      1316.78  1.43713e-08  1.36424e-11
      1317.12  1.14157e-08  1.18042e-11
      1317.47  5.42508e-09  7.82376e-12
      1317.82  3.29073e-09  6.09298e-12
      1318.17  3.33081e-09  5.86009e-12
      1318.51  5.46038e-09  7.40855e-12
      1318.86  6.78648e-09  8.36109e-12
      1319.21  4.56645e-09  6.89649e-12
      1319.56  2.69716e-09  5.53075e-12
      1319.91  2.78244e-09  5.61435e-12
      1320.25  2.81184e-09  5.44144e-12
      1320.60  2.79716e-09  5.14748e-12
      1320.95  3.38897e-09  5.60067e-12
      1321.30  4.79160e-09  6.55519e-12
      1321.65  9.38940e-09  9.31741e-12
      1322.00  1.74222e-08  1.43930e-11
      1322.35  1.65339e-08  1.59168e-11
      1322.70  7.03259e-09  1.01748e-11
      1323.05  4.88821e-09  7.85200e-12
      1323.40  5.41004e-09  7.78524e-12
      1323.75  6.39354e-09  8.15219e-12
      1324.10  6.68745e-09  9.19736e-12
      1324.45  4.44175e-09  7.16149e-12
      1324.80  3.47271e-09  6.03257e-12
      