227
      1249.95  0.00000e+00  0.00000e+00
      1250.27  0.00000e+00  0.00000e+00
      1250.58  0.00000e+00  0.00000e+00
      1250.89  0.00000e+00  0.00000e+00
      1251.20  0.00000e+00  0.00000e+00
      1251.52  0.00000e+00  0.00000e+00
      1251.83  0.00000e+00  0.00000e+00
      1252.14  0.00000e+00  0.00000e+00
      1252.46  0.00000e+00  0.00000e+00
      1252.77  0.00000e+00  0.00000e+00
      1253.09  2.48043e-08  5.73229e-11
      1253.40  2.43755e-08  5.44976e-11
      1253.71  2.16452e-08  4.05151e-11
      1254.03  1.26914e-08  2.40169e-11
      1254.34  6.35796e-09  1.72276e-11
      1254.66  8.08241e-09  1.96047e-11
      1254.97  1.22980e-08  2.58042e-11
      1255.29  8.28980e-09  2.15759e-11
      1255.60  3.96333e-09  1.60725e-11
      1255.92  4.45802e-09  1.71839e-11
      1256.23  7.52674e-09  2.06110e-11
      1256.55  1.16552e-08  2.59860e-11
      1256.87  1.21441e-08  3.59610e-11
      1257.18  1.20521e-08  4.10008e-11
      1257.50  1.20346e-08  4.17940e-11
      1257.81  0.00000e+00  0.00000e+00
      1258.13  0.00000e+00  0.00000e+00
      1258.45  0.00000e+00  0.00000e+00
      1258.76  0.00000e+00  0.00000e+00
      1259.08  0.00000e+00  0.00000e+00
      1259.40  0.00000e+00  0.00000e+00
      1259.72  0.00000e+00  0.00000e+00
      1260.03  0.00000e+00  0.00000e+00
      1260.35  0.00000e+00  0.00000e+00
      1260.67  0.00000e+00  0.00000e+00
      1260.99  0.00000e+00  0.00000e+00
      1261.30  0.00000e+00  0.00000e+00
      1261.62  0.00000e+00  0.00000e+00
      1261.94  0.00000e+00  0.00000e+00
      1262.26  0.00000e+00  0.00000e+00
      1262.58  0.00000e+00  0.00000e+00
      1262.90  0.00000e+00  0.00000e+00
      1263.22  0.00000e+00  0.00000e+00
      1263.54  0.00000e+00  0.00000e+00
      1263.86  0.00000e+00  0.00000e+00
      1264.17  0.00000e+00  0.00000e+00
      1264.49  0.00000e+00  0.00000e+00
      1264.81  1.81689e-08  4.15202e-11
      1265.13  1.81846e-08  3.89829e-11
      1265.45  1.80440e-08  2.88369e-11
      1265.77  1.48646e-08  2.26341e-11
      1266.10  8.07449e-09  1.67897e-11
      1266.42  4.32511e-09  1.31199e-11
      1266.74  3.82797e-09  1.31924e-11
      1267.06  5.25942e-09  1.50899e-11
      1267.38  1.04996e-08  2.12706e-11
      1267.70  1.65336e-08  3.64457e-11
      1268.02  1.81815e-08  4.48471e-11
      1268.34  1.84185e-08  4.62132e-11
      1268.67  0.00000e+00  0.00000e+00
      1268.99  0.00000e+00  0.00000e+00
      1269.31  0.00000e+00  0.00000e+00
      1269.63  0.00000e+00  0.00000e+00
      1269.95  0.00000e+00  0.00000e+00
      1270.28  0.00000e+00  0.00000e+00
      1270.60  0.00000e+00  0.00000e+00
      1270.92  0.00000e+00  0.00000e+00
      1271.25  0.00000e+00  0.00000e+00
      1271.57  0.00000e+00  0.00000e+00
      1271.89  0.00000e+00  0.00000e+00
      1272.22  0.00000e+00  0.00000e+00
      1272.54  0.00000e+00  0.00000e+00
      1272.86  0.00000e+00  0.00000e+00
      1273.19  0.00000e+00  0.00000e+00
      1273.51  0.00000e+00  0.00000e+00
      1273.84  0.00000e+00  0.00000e+00
      1274.16  0.00000e+00  0.00000e+00
      1274.49  1.93610e-08  4.07008e-11
      1274.81  1.95940e-08  3.66042e-11
      1275.14  2.02390e-08  2.73263e-11
      1275.46  1.74691e-08  2.48038e-11
      1275.79  1.14650e-08  2.05906e-11
      1276.11  7.82820e-09  1.72140e-11
      1276.44  1.04627e-08  1.96886e-11
      1276.76  1.66864e-08  2.95209e-11
      1277.09  1.90552e-08  4.12263e-11
      1277.42  1.94372e-08  4.37867e-11
      1277.74  0.00000e+00  0.00000e+00
      1278.07  0.00000e+00  0.00000e+00
      1278.40  0.00000e+00  0.00000e+00
      1278.72  0.00000e+00  0.00000e+00
      1279.05  0.00000e+00  0.00000e+00
      1279.38  0.00000e+00  0.00000e+00
      1279.71  0.00000e+00  0.00000e+00
      1280.03  0.00000e+00  0.00000e+00
      1280.36  0.00000e+00  0.00000e+00
      1280.69  0.00000e+00  0.00000e+00
      1281.02  0.00000e+00  0.00000e+00
      1281.34  0.00000e+00  0.00000e+00
      1281.67  0.00000e+00  0.00000e+00
      1282.00  0.00000e+00  0.00000e+00
      1282.33  0.00000e+00  0.00000e+00
      1282.66  2.61646e-08  4.57048e-11
      1282.99  2.58797e-08  4.14116e-11
      1283.32  2.37226e-08  2.86614e-11
      1283.65  1.63902e-08  2.27178e-11
      1283.98  8.82831e-09  1.72740e-11
      1284.31  5.29723e-09  1.47992e-11
      1284.64  4.08974e-09  1.35626e-11
      1284.97  3.85779e-09  1.53843e-11
      1285.30  3.89728e-09  2.11818e-11
      1285.63  3.90695e-09  2.25307e-11
      1285.96  0.00000e+00  0.00000e+00
      1286.29  0.00000e+00  0.00000e+00
      1286.62  0.00000e+00  0.00000e+00
      1286.95  0.00000e+00  0.00000e+00
      1287.28  0.00000e+00  0.00000e+00
      1287.61  0.00000e+00  0.00000e+00
      1287.95  0.00000e+00  0.00000e+00
      1288.28  0.00000e+00  0.00000e+00
      1288.61  0.00000e+00  0.00000e+00
      1288.94  0.00000e+00  0.00000e+00
      1289.27  0.00000e+00  0.00000e+00
      1289.61  0.00000e+00  0.00000e+00
      1289.94  0.00000e+00  0.00000e+00
      1290.27  4.05516e-09  2.17084e-11
      1290.61  3.94866e-09  1.99101e-11
      1290.94  3.40744e-09  1.32296e-11
      1291.27  2.78632e-09  1.06491e-11
      1291.61  3.32237e-09  1.10298e-11
      1291.94  5.29316e-09  1.35653e-11
      1292.27  8.55617e-09  1.77346e-11
      1292.61  1.12104e-08  2.86959e-11
      1292.94  1.18104e-08  3.35491e-11
      1293.28  1.18891e-08  3.42487e-11
      1293.61  0.00000e+00  0.00000e+00
      1293.95  0.00000e+00  0.00000e+00
      1294.28  0.00000e+00  0.00000e+00
      1294.62  0.00000e+00  0.00000e+00
      1294.95  0.00000e+00  0.00000e+00
      1295.29  0.00000e+00  0.00000e+00
      1295.62  0.00000e+00  0.00000e+00
      1295.96  0.00000e+00  0.00000e+00
      1296.29  0.00000e+00  0.00000e+00
      1296.63  0.00000e+00  0.00000e+00
      1296.97  0.00000e+00  0.00000e+00
      1297.30  1.94893e-08  4.01230e-11
      1297.64  1.91545e-08  3.77696e-11
      1297.98  1.70437e-08  2.68861e-11
      1298.31  1.15548e-08  1.91354e-11
      1298.65  6.68796e-09  1.52099e-11
      1298.99  5.50909e-09  1.45351e-11
      1299.33  7.84419e-09  2.12533e-11
      1299.66  9.13301e-09  3.01560e-11
      1300.00  9.32296e-09  3.17717e-11
      1300.34  0.00000e+00  0.00000e+00
      1300.68  0.00000e+00  0.00000e+00
      1301.02  0.00000e+00  0.00000e+00
      1301.35  0.00000e+00  0.00000e+00
      1301.69  0.00000e+00  0.00000e+00
      1302.03  0.00000e+00  0.00000e+00
      1302.37  0.00000e+00  0.00000e+00
      1302.71  0.00000e+00  0.00000e+00
      1303.05  0.00000e+00  0.00000e+00
      1303.39  0.00000e+00  0.00000e+00
      1303.73  0.00000e+00  0.00000e+00
      1304.07  3.02841e-08  5.17726e-11
      1304.41  3.02691e-08  4.78726e-11
      1304.75  3.02608e-08  3.44905e-11
      1305.09  3.16632e-08  3.23481e-11
      1305.43  3.75646e-08  3.54156e-11
      1305.77  4.29444e-08  4.11472e-11
      1306.11  4.44419e-08  5.79405e-11
      1306.46  4.46373e-08  6.23885e-11
      1306.80  0.00000e+00  0.00000e+00
      1307.14  0.00000e+00  0.00000e+00
      1307.48  0.00000e+00  0.00000e+00
      1307.82  0.00000e+00  0.00000e+00
      1308.16  0.00000e+00  0.00000e+00
      1308.51  0.00000e+00  0.00000e+00
      1308.85  0.00000e+00  0.00000e+00
      1309.19  0.00000e+00  0.00000e+00
      1309.53  0.00000e+00  0.00000e+00
      1309.88  0.00000e+00  0.00000e+00
      1310.22  8.06714e-09  2.84790e-11
      1310.56  8.22864e-09  2.78434e-11
      1310.91  9.44196e-09  2.39904e-11
      1311.25  1.32548e-08  2.24356e-11
      1311.60  1.21997e-08  2.05539e-11
      1311.94  6.91392e-09  1.53178e-11
      1312.28  4.13155e-09  1.60018e-11
      1312.63  3.64936e-09  1.95337e-11
      1312.97  3.59030e-09  2.01608e-11
      1313.32  0.00000e+00  0.00000e+00
      1313.66  0.00000e+00  0.00000e+00
      1314.01  0.00000e+00  0.00000e+00
      1314.35  0.00000e+00  0.00000e+00
      1314.70  0.00000e+00  0.00000e+00
      1315.05  0.00000e+00  0.00000e+00
      1315.39  0.00000e+00  0.00000e+00
      1315.74  0.00000e+00  0.00000e+00
      1316.08  0.00000e+00  0.00000e+00
      1316.43  1.55885e-08  3.85537e-11
      1316.78  1.46795e-08  3.43179e-11
      1317.12  1.00968e-08  1.99511e-11
      1317.47  4.92749e-09  1.34902e-11
      1317.82  3.15945e-09  1.14386e-11
      1318.17  2.92410e-09  1.32861e-11
      1318.51  2.98127e-09  1.77243e-11
      1318.86  2.99317e-09  1.86681e-11
      1319.21  0.00000e+00  0.00000e+00
      1319.56  0.00000e+00  0.00000e+00
      1319.91  0.00000e+00  0.00000e+00
      1320.25  0.00000e+00  0.00000e+00
      1320.60  0.00000e+00  0.00000e+00
      1320.95  0.00000e+00  0.00000e+00
      1321.30  0.00000e+00  0.00000e+00
      1321.65  0.00000e+00  0.00000e+00
      1322.00  5.86966e-09  2.51116e-11
      1322.35  5.81661e-09  2.42328e-11
      1322.70  5.44861e-09  1.88842e-11
      1323.05  4.74581e-09  1.36302e-11
      1323.40  5.43059e-09  1.44860e-11
      1323.75  6.07316e-09  1.85854e-11
      1324.10  6.17008e-09  2.37439e-11
      1324.45  6.18082e-09  2.46591e-11
      1324.80  0.00000e+00  0.00000e+00
      