227
      1249.95  1.17006e-08  1.55818e-11
      1250.27  5.63188e-09  1.11876e-11
      1250.58  1.72690e-09  7.53618e-12
      1250.89  1.14897e-09  6.84819e-12
      1251.20  1.60333e-09  7.06603e-12
      1251.52  2.72146e-09  8.05827e-12
      1251.83  4.81250e-09  1.02131e-11
      1252.14  6.26570e-09  1.19761e-11
      1252.46  5.98059e-09  1.20814e-11
      1252.77  5.57303e-09  1.19708e-11
      1253.09  9.32472e-09  1.45806e-11
      1253.40  1.76700e-08  1.91620e-11
      1253.71  2.17035e-08  2.06609e-11
      1254.03  1.33433e-08  1.54966e-11
      1254.34  6.49912e-09  1.09723e-11
      1254.66  8.02624e-09  1.24395e-11
      1254.97  1.25930e-08  1.70525e-11
      1255.29  8.09337e-09  1.38908e-11
      1255.60  3.67250e-09  1.00028e-11
      1255.92  4.13022e-09  1.07540e-11
      1256.23  7.17325e-09  1.23872e-11
      1256.55  1.21830e-08  1.56943e-11
      1256.87  8.30928e-09  1.21850e-11
      1257.18  3.57659e-09  8.36021e-12
      1257.50  2.59042e-09  7.75937e-12
      1257.81  2.99833e-09  8.23476e-12
      1258.13  3.84254e-09  9.19429e-12
      1258.45  3.85598e-09  9.20950e-12
      1258.76  4.08357e-09  9.12909e-12
      1259.08  7.42675e-09  1.08249e-11
      1259.40  1.53053e-08  1.44923e-11
      1259.72  2.07861e-08  1.62885e-11
      1260.03  1.58517e-08  1.36280e-11
      1260.35  1.16523e-08  1.15791e-11
      1260.67  1.46791e-08  1.36892e-11
      1260.99  1.37767e-08  1.35724e-11
      1261.30  1.11815e-08  1.21824e-11
      1261.62  1.36142e-08  1.39688e-11
      1261.94  1.45528e-08  1.38844e-11
      1262.26  1.46226e-08  1.38735e-11
      1262.58  1.09766e-08  1.14130e-11
      1262.90  1.15975e-08  1.14991e-11
      1263.22  1.73069e-08  1.48374e-11
      1263.54  1.44371e-08  1.37622e-11
      1263.86  9.20367e-09  1.15391e-11
      1264.17  7.12221e-09  1.09116e-11
      1264.49  5.09398e-09  9.58503e-12
      1264.81  5.52774e-09  9.69654e-12
      1265.13  1.13079e-08  1.29849e-11
      1265.45  1.76451e-08  1.58750e-11
      1265.77  1.56005e-08  1.47872e-11
      1266.10  8.28685e-09  1.08887e-11
      1266.42  4.08351e-09  8.85772e-12
      1266.74  3.44817e-09  8.74068e-12
      1267.06  4.77669e-09  9.77350e-12
      1267.38  1.03474e-08  1.29583e-11
      1267.70  1.96365e-08  1.75534e-11
      1268.02  2.05820e-08  1.66222e-11
      1268.34  2.02651e-08  1.61893e-11
      1268.67  1.82268e-08  1.44746e-11
      1268.99  1.81137e-08  1.46033e-11
      1269.31  1.40619e-08  1.29357e-11
      1269.63  9.15154e-09  1.08565e-11
      1269.95  7.60134e-09  1.01863e-11
      1270.28  9.38805e-09  1.09101e-11
      1270.60  1.57256e-08  1.37308e-11
      1270.92  1.89287e-08  1.40708e-11
      1271.25  2.06112e-08  1.41196e-11
      1271.57  2.01658e-08  1.40407e-11
      1271.89  1.21469e-08  1.09943e-11
      1272.22  5.33343e-09  7.87955e-12
      1272.54  3.20427e-09  6.97544e-12
      1272.86  2.58347e-09  6.91458e-12
      1273.19  2.42862e-09  6.97430e-12
      1273.51  3.01407e-09  7.27117e-12
      1273.84  4.76674e-09  8.43343e-12
      1274.16  6.38369e-09  9.22911e-12
      1274.49  8.52191e-09  1.01316e-11
      1274.81  1.49086e-08  1.37664e-11
      1275.14  2.03414e-08  1.67669e-11
      1275.46  1.83320e-08  1.64255e-11
      1275.79  1.21043e-08  1.41383e-11
      1276.11  7.83068e-09  1.18881e-11
      1276.44  1.04212e-08  1.26432e-11
      1276.76  1.74184e-08  1.58310e-11
      1277.09  1.79747e-08  1.46689e-11
      1277.42  1.85790e-08  1.51855e-11
      1277.74  1.26302e-08  1.21984e-11
      1278.07  5.80586e-09  8.64060e-12
      1278.40  3.39769e-09  7.36386e-12
      1278.72  2.57575e-09  6.82911e-12
      1279.05  2.53682e-09  6.70520e-12
      1279.38  3.50527e-09  7.18719e-12
      1279.71  5.36429e-09  8.00600e-12
      1280.03  7.27474e-09  8.94376e-12
      1280.36  6.50448e-09  8.08140e-12
      1280.69  6.89788e-09  8.60120e-12
      1281.02  9.15722e-09  1.01697e-11
      1281.34  1.34539e-08  1.27373e-11
      1281.67  1.63268e-08  1.48545e-11
      1282.00  1.28931e-08  1.36868e-11
      1282.33  1.32256e-08  1.36679e-11
      1282.66  2.00375e-08  1.59210e-11
      1282.99  2.52605e-08  1.74187e-11
      1283.32  2.50155e-08  1.75190e-11
      1283.65  1.79519e-08  1.59692e-11
      1283.98  9.02932e-09  1.21782e-11
      1284.31  5.32384e-09  9.49276e-12
      1284.64  3.97228e-09  8.69265e-12
      1284.97  3.92047e-09  8.54124e-12
      1285.30  4.57628e-09  8.97578e-12
      1285.63  3.93667e-09  7.78737e-12
      1285.96  3.64517e-09  7.05854e-12
      1286.29  5.57650e-09  8.23136e-12
      1286.62  7.77853e-09  9.66202e-12
      1286.95  7.36964e-09  9.28919e-12
      1287.28  9.42546e-09  1.03965e-11
      1287.61  1.63842e-08  1.39592e-11
      1287.95  1.95666e-08  1.49229e-11
      1288.28  1.95623e-08  1.44795e-11
      1288.61  1.95657e-08  1.40156e-11
      1288.94  1.92629e-08  1.40463e-11
      1289.27  1.36967e-08  1.18188e-11
      1289.61  1.01794e-08  1.10312e-11
      1289.94  8.03917e-09  1.04029e-11
      1290.27  5.44795e-09  9.12521e-12
      1290.61  4.64543e-09  9.15128e-12
      1290.94  3.44572e-09  8.13531e-12
      1291.27  2.52767e-09  7.04301e-12
      1291.61  2.96304e-09  7.04685e-12
      1291.94  4.96695e-09  8.54535e-12
      1292.27  8.56914e-09  1.05487e-11
      1292.61  1.25643e-08  1.35884e-11
      1292.94  8.74531e-09  1.13653e-11
      1293.28  6.78141e-09  9.98002e-12
      1293.61  9.17443e-09  1.16253e-11
      1293.95  1.15194e-08  1.18568e-11
      1294.28  1.76840e-08  1.40238e-11
      1294.62  1.99052e-08  1.41107e-11
      1294.95  1.64501e-08  1.21973e-11
      1295.29  1.61829e-08  1.25294e-11
      1295.62  1.38352e-08  1.18691e-11
      1295.96  1.00006e-08  1.06033e-11
      1296.29  8.73625e-09  1.03638e-11
      1296.63  9.17290e-09  1.08714e-11
      1296.97  1.12899e-08  1.17279e-11
      1297.30  1.73676e-08  1.42646e-11
      1297.64  2.33604e-08  1.66228e-11
      1297.98  1.97633e-08  1.52182e-11
      1298.31  1.24620e-08  1.26559e-11
      1298.65  7.00973e-09  1.00071e-11
      1298.99  5.33968e-09  9.15457e-12
      1299.33  9.22764e-09  1.16537e-11
      1299.66  1.65665e-08  1.54463e-11
      1300.00  1.85922e-08  1.54282e-11
      1300.34  1.60783e-08  1.36496e-11
      1300.68  1.12956e-08  1.13886e-11
      1301.02  1.16417e-08  1.27880e-11
      1301.35  2.07194e-08  1.60214e-11
      1301.69  2.38179e-08  1.58290e-11
      1302.03  2.29240e-08  1.56065e-11
      1302.37  2.04845e-08  1.45368e-11
      1302.71  2.33922e-08  1.57822e-11
      1303.05  2.59084e-08  1.61413e-11
      1303.39  2.92760e-08  1.71087e-11
      1303.73  3.14307e-08  1.80253e-11
      1304.07  2.92898e-08  1.79794e-11
      1304.41  2.97315e-08  1.90357e-11
      1304.75  3.14986e-08  2.05215e-11
      1305.09  3.30017e-08  2.15737e-11
      1305.43  3.84465e-08  2.32963e-11
      1305.77  4.44035e-08  2.72920e-11
      1306.11  4.19226e-08  2.26043e-11
      1306.46  2.92273e-08  1.94733e-11
      1306.80  1.51373e-08  1.32057e-11
      1307.14  7.77566e-09  9.87745e-12
      1307.48  5.34089e-09  8.44756e-12
      1307.82  4.27175e-09  7.64962e-12
      1308.16  4.31695e-09  7.64943e-12
      1308.51  5.03880e-09  8.11709e-12
      1308.85  4.15520e-09  7.09262e-12
      1309.19  2.96685e-09  6.01435e-12
      1309.53  2.68103e-09  5.89069e-12
      1309.88  2.63484e-09  6.17482e-12
      1310.22  2.86432e-09  6.63144e-12
      1310.56  3.81816e-09  7.83255e-12
      1310.91  7.07153e-09  1.03645e-11
      1311.25  1.26411e-08  1.38532e-11
      1311.60  1.27291e-08  1.35682e-11
      1311.94  7.59213e-09  1.02908e-11
      1312.28  3.92289e-09  7.52673e-12
      1312.63  2.58503e-09  6.62302e-12
      1312.97  2.18043e-09  6.31533e-12
      1313.32  3.07233e-09  6.91422e-12
      1313.66  4.97273e-09  8.70579e-12
      1314.01  4.16748e-09  7.88545e-12
      1314.35  2.37105e-09  6.21325e-12
      1314.70  1.76915e-09  5.37920e-12
      1315.05  1.76332e-09  5.11233e-12
      1315.39  2.04021e-09  5.43191e-12
      1315.74  2.67739e-09  6.08513e-12
      1316.08  4.22493e-09  7.53126e-12
      1316.43  8.69211e-09  1.08795e-11
      1316.78  1.43291e-08  1.48268e-11
      1317.12  1.12769e-08  1.31478e-11
      1317.47  5.40762e-09  9.18739e-12
      1317.82  3.12285e-09  7.20665e-12
      1318.17  3.25391e-09  7.01566e-12
      1318.51  5.47873e-09  8.85572e-12
      1318.86  6.70172e-09  9.82107e-12
      1319.21  4.43319e-09  8.04863e-12
      1319.56  2.54963e-09  6.65978e-12
      1319.91  2.58544e-09  6.80574e-12
      1320.25  2.61965e-09  6.50261e-12
      1320.60  2.64709e-09  6.10169e-12
      1320.95  3.28454e-09  6.29222e-12
      1321.30  4.82026e-09  7.23409e-12
      1321.65  9.88139e-09  1.01498e-11
      1322.00  1.77780e-08  1.47517e-11
      1322.35  1.51145e-08  1.42080e-11
      1322.70  7.73296e-09  1.06460e-11
      1323.05  4.87602e-09  9.04122e-12
      1323.40  5.40073e-09  9.49274e-12
      1323.75  6.40650e-09  9.57619e-12
      1324.10  6.62009e-09  9.52368e-12
      1324.45  4.77896e-09  8.09255e-12
      1324.80  3.36411e-09  7.05881e-12
      