227
      1249.95  1.43286e-08  2.25298e-11
      1250.27  7.07037e-09  1.61931e-11
      1250.58  2.32628e-09  1.05755e-11
      1250.89  1.58907e-09  9.25262e-12
      1251.20  2.13312e-09  9.62751e-12
      1251.52  3.46318e-09  1.09579e-11
      1251.83  5.89867e-09  1.36889e-11
      1252.14  7.65777e-09  1.59723e-11
      1252.46  7.36912e-09  1.59355e-11
      1252.77  6.84638e-09  1.53991e-11
      1253.09  1.11218e-08  1.84506e-11
      1253.40  2.06214e-08  2.39147e-11
      1253.71  2.51738e-08  2.53997e-11
      1254.03  1.55092e-08  1.86211e-11
      1254.34  7.72743e-09  1.30547e-11
      1254.66  9.39377e-09  1.43395e-11
      1254.97  1.48672e-08  1.89564e-11
      1255.29  9.78115e-09  1.53171e-11
      1255.60  4.39017e-09  1.10659e-11
      1255.92  4.97434e-09  1.17847e-11
      1256.23  8.44080e-09  1.33852e-11
      1256.55  1.40867e-08  1.69355e-11
      1256.87  9.83135e-09  1.33554e-11
      1257.18  4.40445e-09  9.29180e-12
      1257.50  3.26497e-09  8.57852e-12
      1257.81  3.75908e-09  9.16472e-12
      1258.13  4.77372e-09  1.05312e-11
      1258.45  4.85868e-09  1.08949e-11
      1258.76  5.23973e-09  1.10865e-11
      1259.08  9.35831e-09  1.36163e-11
      1259.40  1.87072e-08  1.84972e-11
      1259.72  2.49800e-08  2.11041e-11
      1260.03  1.92535e-08  1.80968e-11
      1260.35  1.44500e-08  1.58829e-11
      1260.67  1.79960e-08  1.90603e-11
      1260.99  1.69404e-08  1.91497e-11
      1261.30  1.39064e-08  1.76569e-11
      1261.62  1.67157e-08  2.01825e-11
      1261.94  1.77597e-08  2.01439e-11
      1262.26  1.78197e-08  2.00717e-11
      1262.58  1.33242e-08  1.64251e-11
      1262.90  1.40209e-08  1.63415e-11
      1263.22  2.07433e-08  2.07906e-11
      1263.54  1.72337e-08  1.89127e-11
      1263.86  1.11486e-08  1.57270e-11
      1264.17  8.74577e-09  1.47679e-11
      1264.49  6.28276e-09  1.26819e-11
      1264.81  6.63381e-09  1.22219e-11
      1265.13  1.32244e-08  1.59711e-11
      1265.45  2.06235e-08  1.91974e-11
      1265.77  1.82596e-08  1.75517e-11
      1266.10  9.64866e-09  1.25157e-11
      1266.42  4.93275e-09  9.52256e-12
      1266.74  4.27046e-09  9.24788e-12
      1267.06  5.80518e-09  1.04768e-11
      1267.38  1.20444e-08  1.40656e-11
      1267.70  2.23442e-08  1.88844e-11
      1268.02  2.37677e-08  1.83475e-11
      1268.34  2.25434e-08  1.85125e-11
      1268.67  2.08458e-08  1.73471e-11
      1268.99  2.13080e-08  1.68484e-11
      1269.31  1.69718e-08  1.54882e-11
      1269.63  1.13775e-08  1.34982e-11
      1269.95  9.59889e-09  1.31579e-11
      1270.28  1.17983e-08  1.45345e-11
      1270.60  1.89748e-08  1.86167e-11
      1270.92  2.29216e-08  1.96585e-11
      1271.25  2.49427e-08  2.01262e-11
      1271.57  2.42013e-08  2.03210e-11
      1271.89  1.48734e-08  1.60488e-11
      1272.22  6.82705e-09  1.16046e-11
      1272.54  4.16785e-09  1.00883e-11
      1272.86  3.37510e-09  9.83418e-12
      1273.19  3.14423e-09  9.45030e-12
      1273.51  3.80030e-09  9.78182e-12
      1273.84  5.84152e-09  1.12196e-11
      1274.16  7.67833e-09  1.21281e-11
      1274.49  1.00055e-08  1.27343e-11
      1274.81  1.73200e-08  1.68645e-11
      1275.14  2.35030e-08  2.00986e-11
      1275.46  2.11431e-08  1.91638e-11
      1275.79  1.40518e-08  1.57795e-11
      1276.11  9.32881e-09  1.36050e-11
      1276.44  1.23277e-08  1.46036e-11
      1276.76  2.02602e-08  1.73643e-11
      1277.09  2.06352e-08  1.58364e-11
      1277.42  2.16916e-08  1.67148e-11
      1277.74  1.48464e-08  1.35670e-11
      1278.07  6.97553e-09  9.86145e-12
      1278.40  4.28151e-09  8.70352e-12
      1278.72  3.36783e-09  8.45466e-12
      1279.05  3.34766e-09  8.57612e-12
      1279.38  4.54912e-09  9.77122e-12
      1279.71  6.78374e-09  1.12026e-11
      1280.03  9.06685e-09  1.27654e-11
      1280.36  8.21944e-09  1.18198e-11
      1280.69  8.62548e-09  1.25551e-11
      1281.02  1.13110e-08  1.47335e-11
      1281.34  1.62276e-08  1.82547e-11
      1281.67  1.93823e-08  2.07352e-11
      1282.00  1.55283e-08  1.86680e-11
      1282.33  1.58329e-08  1.84829e-11
      1282.66  2.34027e-08  2.08853e-11
      1282.99  2.90593e-08  2.19005e-11
      1283.32  2.86007e-08  2.13580e-11
      1283.65  2.07964e-08  1.89783e-11
      1283.98  1.07020e-08  1.40313e-11
      1284.31  6.34761e-09  1.07511e-11
      1284.64  4.75820e-09  9.65805e-12
      1284.97  4.72000e-09  9.41804e-12
      1285.30  5.47727e-09  9.80236e-12
      1285.63  4.78446e-09  8.75923e-12
      1285.96  4.52353e-09  8.06609e-12
      1286.29  6.88128e-09  9.80521e-12
      1286.62  9.56557e-09  1.20416e-11
      1286.95  9.15895e-09  1.20483e-11
      1287.28  1.16509e-08  1.41723e-11
      1287.61  1.98251e-08  1.94590e-11
      1287.95  2.35978e-08  2.13102e-11
      1288.28  2.36278e-08  2.11472e-11
      1288.61  2.35114e-08  2.05003e-11
      1288.94  2.31003e-08  2.04886e-11
      1289.27  1.64492e-08  1.68611e-11
      1289.61  1.23995e-08  1.53621e-11
      1289.94  9.83550e-09  1.42733e-11
      1290.27  6.67484e-09  1.20620e-11
      1290.61  5.68682e-09  1.16926e-11
      1290.94  4.21136e-09  1.00358e-11
      1291.27  3.06949e-09  8.43055e-12
      1291.61  3.55494e-09  8.16207e-12
      1291.94  5.88419e-09  9.58997e-12
      1292.27  9.97642e-09  1.16210e-11
      1292.61  1.46456e-08  1.46344e-11
      1292.94  1.03721e-08  1.19671e-11
      1293.28  8.11089e-09  1.10323e-11
      1293.61  1.08052e-08  1.45751e-11
      1293.95  1.41403e-08  1.53746e-11
      1294.28  2.14183e-08  1.81951e-11
      1294.62  2.39800e-08  1.87342e-11
      1294.95  2.00657e-08  1.69235e-11
      1295.29  1.96803e-08  1.79084e-11
      1295.62  1.70229e-08  1.72916e-11
      1295.96  1.24783e-08  1.55739e-11
      1296.29  1.08482e-08  1.51250e-11
      1296.63  1.12876e-08  1.54354e-11
      1296.97  1.37047e-08  1.62756e-11
      1297.30  2.03588e-08  1.88136e-11
      1297.64  2.68148e-08  2.10937e-11
      1297.98  2.29304e-08  1.89266e-11
      1298.31  1.46371e-08  1.50676e-11
      1298.65  8.39146e-09  1.16255e-11
      1298.99  6.45892e-09  1.02501e-11
      1299.33  1.08345e-08  1.28414e-11
      1299.66  1.89268e-08  1.65796e-11
      1300.00  2.14160e-08  1.68257e-11
      1300.34  1.87607e-08  1.53434e-11
      1300.68  1.34413e-08  1.27413e-11
      1301.02  1.40616e-08  1.33881e-11
      1301.35  2.36093e-08  1.85560e-11
      1301.69  2.83434e-08  2.13235e-11
      1302.03  2.72983e-08  2.18543e-11
      1302.37  2.46002e-08  2.10672e-11
      1302.71  2.76660e-08  2.28217e-11
      1303.05  3.05420e-08  2.35114e-11
      1303.39  3.40971e-08  2.40583e-11
      1303.73  3.61788e-08  2.43969e-11
      1304.07  3.37758e-08  2.35664e-11
      1304.41  3.40522e-08  2.39911e-11
      1304.75  3.57266e-08  2.46881e-11
      1305.09  3.71804e-08  2.48779e-11
      1305.43  4.29153e-08  2.57449e-11
      1305.77  4.97696e-08  2.64261e-11
      1306.11  4.89525e-08  2.50053e-11
      1306.46  3.38814e-08  1.98202e-11
      1306.80  1.74463e-08  1.41754e-11
      1307.14  9.61428e-09  1.12553e-11
      1307.48  6.71958e-09  1.03682e-11
      1307.82  5.45681e-09  1.00233e-11
      1308.16  5.52993e-09  1.03041e-11
      1308.51  6.40334e-09  1.14453e-11
      1308.85  5.28879e-09  1.02649e-11
      1309.19  3.82800e-09  8.78119e-12
      1309.53  3.43679e-09  8.58906e-12
      1309.88  3.34890e-09  8.57582e-12
      1310.22  3.59288e-09  9.19326e-12
      1310.56  4.67381e-09  1.02173e-11
      1310.91  8.37805e-09  1.27892e-11
      1311.25  1.46930e-08  1.66336e-11
      1311.60  1.46287e-08  1.56404e-11
      1311.94  8.81339e-09  1.14163e-11
      1312.28  4.68113e-09  8.22260e-12
      1312.63  3.15609e-09  7.01786e-12
      1312.97  2.72459e-09  6.79010e-12
      1313.32  3.83249e-09  8.09199e-12
      1313.66  6.23450e-09  1.07861e-11
      1314.01  5.23800e-09  1.02317e-11
      1314.35  3.06902e-09  8.37856e-12
      1314.70  2.33576e-09  7.65762e-12
      1315.05  2.31969e-09  7.52163e-12
      1315.39  2.64333e-09  7.90380e-12
      1315.74  3.38304e-09  8.67122e-12
      1316.08  5.18788e-09  1.04125e-11
      1316.43  1.03210e-08  1.43749e-11
      1316.78  1.68279e-08  1.89251e-11
      1317.12  1.31073e-08  1.61309e-11
      1317.47  6.40520e-09  1.08993e-11
      1317.82  3.75083e-09  8.23858e-12
      1318.17  3.86377e-09  7.67031e-12
      1318.51  6.49804e-09  9.52166e-12
      1318.86  7.99220e-09  1.07721e-11
      1319.21  5.34910e-09  9.14486e-12
      1319.56  3.19371e-09  7.87153e-12
      1319.91  3.31576e-09  8.68593e-12
      1320.25  3.37182e-09  8.73804e-12
      1320.60  3.42639e-09  8.55187e-12
      1320.95  4.19066e-09  9.16063e-12
      1321.30  5.98394e-09  1.05562e-11
      1321.65  1.17856e-08  1.43372e-11
      1322.00  2.08618e-08  2.01901e-11
      1322.35  1.76181e-08  1.86329e-11
      1322.70  9.17484e-09  1.35005e-11
      1323.05  5.83720e-09  1.09378e-11
      1323.40  6.40725e-09  1.09320e-11
      1323.75  7.53865e-09  1.07092e-11
      1324.10  7.82543e-09  1.04774e-11
      1324.45  5.68236e-09  8.78128e-12
      1324.80  4.12079e-09  7.90111e-12
      