227
      1249.95  1.96627e-08  1.54514e-11
      1250.27  1.02219e-08  1.09399e-11
      1250.58  3.80930e-09  7.06315e-12
      1250.89  2.72678e-09  6.30291e-12
      1251.20  3.46032e-09  6.97237e-12
      1251.52  5.11880e-09  8.18489e-12
      1251.83  8.30785e-09  1.08716e-11
      1252.14  1.09268e-08  1.30360e-11
      1252.46  1.09145e-08  1.25635e-11
      1252.77  1.02682e-08  1.18641e-11
      1253.09  1.58411e-08  1.41095e-11
      1253.40  2.83707e-08  1.83913e-11
      1253.71  3.46256e-08  2.01439e-11
      1254.03  2.25112e-08  1.57258e-11
      1254.34  1.19871e-08  1.15028e-11
      1254.66  1.40295e-08  1.27935e-11
      1254.97  2.07715e-08  1.66034e-11
      1255.29  1.46288e-08  1.38368e-11
      1255.60  7.35276e-09  9.95963e-12
      1255.92  7.88990e-09  1.03281e-11
      1256.23  1.26770e-08  1.20584e-11
      1256.55  1.96692e-08  1.51661e-11
      1256.87  1.45753e-08  1.24423e-11
      1257.18  7.17393e-09  8.79883e-12
      1257.50  5.29823e-09  7.97650e-12
      1257.81  5.63073e-09  8.74604e-12
      1258.13  6.40211e-09  8.08360e-12
      1258.45  7.06718e-09  9.47917e-12
      1258.76  7.82775e-09  9.03449e-12
      1259.08  1.29807e-08  1.06086e-11
      1259.40  2.47493e-08  1.40351e-11
      1259.72  3.28013e-08  1.60167e-11
      1260.03  2.55678e-08  1.36847e-11
      1260.35  1.92918e-08  1.17157e-11
      1260.67  2.30851e-08  1.39125e-11
      1260.99  2.16202e-08  1.35964e-11
      1261.30  1.82693e-08  1.21176e-11
      1261.62  2.13347e-08  1.34389e-11
      1261.94  2.30963e-08  1.34924e-11
      1262.26  2.38482e-08  1.33765e-11
      1262.58  1.80704e-08  1.12089e-11
      1262.90  1.87225e-08  1.14055e-11
      1263.22  2.76886e-08  1.49120e-11
      1263.54  2.34379e-08  1.37903e-11
      1263.86  1.56964e-08  1.16998e-11
      1264.17  1.27339e-08  1.11086e-11
      1264.49  9.46379e-09  9.56676e-12
      1264.81  9.91373e-09  9.47991e-12
      1265.13  1.86084e-08  1.26730e-11
      1265.45  2.83009e-08  1.55887e-11
      1265.77  2.55904e-08  1.48292e-11
      1266.10  1.46039e-08  1.13481e-11
      1266.42  8.08435e-09  8.92680e-12
      1266.74  6.97311e-09  8.65048e-12
      1267.06  9.04081e-09  9.72206e-12
      1267.38  1.64223e-08  1.30552e-11
      1267.70  2.61733e-08  1.55250e-11
      1268.02  3.00981e-08  1.70362e-11
      1268.34  2.99923e-08  1.49289e-11
      1268.67  2.89005e-08  1.51214e-11
      1268.99  2.91782e-08  1.50420e-11
      1269.31  2.34103e-08  1.38495e-11
      1269.63  1.52804e-08  1.12811e-11
      1269.95  1.33995e-08  1.03791e-11
      1270.28  1.57344e-08  1.05701e-11
      1270.60  2.48917e-08  1.31374e-11
      1270.92  2.95019e-08  1.34985e-11
      1271.25  3.20842e-08  1.36683e-11
      1271.57  3.16918e-08  1.37954e-11
      1271.89  1.96617e-08  1.08168e-11
      1272.22  9.56820e-09  7.93507e-12
      1272.54  6.15905e-09  7.21672e-12
      1272.86  5.01569e-09  6.88980e-12
      1273.19  4.81913e-09  6.56296e-12
      1273.51  5.65701e-09  6.78412e-12
      1273.84  8.51347e-09  8.06059e-12
      1274.16  1.11600e-08  9.04833e-12
      1274.49  1.40657e-08  9.91517e-12
      1274.81  2.37821e-08  1.35287e-11
      1275.14  3.22516e-08  1.65191e-11
      1275.46  2.94444e-08  1.63086e-11
      1275.79  2.02554e-08  1.36793e-11
      1276.11  1.39438e-08  1.12677e-11
      1276.44  1.72011e-08  1.20620e-11
      1276.76  2.63674e-08  1.59341e-11
      1277.09  2.74899e-08  1.47010e-11
      1277.42  2.91196e-08  1.52628e-11
      1277.74  2.08737e-08  1.26501e-11
      1278.07  1.06244e-08  9.21956e-12
      1278.40  6.63471e-09  7.79165e-12
      1278.72  5.20461e-09  7.03269e-12
      1279.05  5.09311e-09  6.71346e-12
      1279.38  6.59230e-09  7.15357e-12
      1279.71  9.20266e-09  8.10405e-12
      1280.03  1.10757e-08  8.22731e-12
      1280.36  1.08241e-08  8.61846e-12
      1280.69  1.18461e-08  8.69033e-12
      1281.02  1.51694e-08  1.00124e-11
      1281.34  2.14355e-08  1.23157e-11
      1281.67  2.54517e-08  1.44743e-11
      1282.00  1.98347e-08  1.23928e-11
      1282.33  2.09558e-08  1.20894e-11
      1282.66  3.10316e-08  1.46822e-11
      1282.99  3.85857e-08  1.63934e-11
      1283.32  3.84366e-08  1.67330e-11
      1283.65  2.79163e-08  1.46984e-11
      1283.98  1.58032e-08  1.15625e-11
      1284.31  9.70582e-09  9.64733e-12
      1284.64  7.46341e-09  8.78846e-12
      1284.97  7.32478e-09  8.55992e-12
      1285.30  8.23536e-09  9.55647e-12
      1285.63  6.81689e-09  7.87188e-12
      1285.96  6.78891e-09  7.41275e-12
      1286.29  9.80348e-09  8.66684e-12
      1286.62  1.33548e-08  1.03490e-11
      1286.95  1.27068e-08  9.90673e-12
      1287.28  1.53071e-08  1.07478e-11
      1287.61  2.38566e-08  1.39264e-11
      1287.95  2.77068e-08  1.40797e-11
      1288.28  2.79978e-08  1.39313e-11
      1288.61  2.95679e-08  1.37799e-11
      1288.94  2.96471e-08  1.32838e-11
      1289.27  2.19370e-08  1.13056e-11
      1289.61  1.68119e-08  1.05142e-11
      1289.94  1.37602e-08  1.00618e-11
      1290.27  9.77350e-09  8.79620e-12
      1290.61  8.32225e-09  8.58133e-12
      1290.94  6.45071e-09  7.59383e-12
      1291.27  4.92989e-09  6.58447e-12
      1291.61  5.69009e-09  6.87660e-12
      1291.94  8.98825e-09  8.50174e-12
      1292.27  1.46576e-08  1.08459e-11
      1292.61  2.00453e-08  1.35854e-11
      1292.94  1.52784e-08  1.18688e-11
      1293.28  1.24134e-08  1.06080e-11
      1293.61  1.58185e-08  1.19262e-11
      1293.95  1.96357e-08  1.24073e-11
      1294.28  2.77770e-08  1.41266e-11
      1294.62  3.10064e-08  1.43885e-11
      1294.95  2.66783e-08  1.27953e-11
      1295.29  2.56978e-08  1.27901e-11
      1295.62  2.25163e-08  1.27055e-11
      1295.96  1.58599e-08  1.01500e-11
      1296.29  1.45042e-08  1.04973e-11
      1296.63  1.54069e-08  1.03167e-11
      1296.97  1.85787e-08  1.09730e-11
      1297.30  2.69515e-08  1.29921e-11
      1297.64  3.51152e-08  1.51572e-11
      1297.98  3.09195e-08  1.44530e-11
      1298.31  2.07755e-08  1.22786e-11
      1298.65  1.26134e-08  1.01100e-11
      1298.99  9.95111e-09  9.30422e-12
      1299.33  1.56486e-08  1.16459e-11
      1299.66  2.62158e-08  1.49960e-11
      1300.00  2.96250e-08  1.54998e-11
      1300.34  2.58452e-08  1.49425e-11
      1300.68  1.73360e-08  1.12585e-11
      1301.02  1.89025e-08  1.13578e-11
      1301.35  3.05265e-08  1.48737e-11
      1301.69  3.63994e-08  1.62659e-11
      1302.03  3.49180e-08  1.58282e-11
      1302.37  3.12831e-08  1.43762e-11
      1302.71  3.49469e-08  1.48995e-11
      1303.05  3.82923e-08  1.49518e-11
      1303.39  4.17317e-08  1.61361e-11
      1303.73  4.36827e-08  1.70426e-11
      1304.07  4.25405e-08  1.67797e-11
      1304.41  4.39128e-08  1.71579e-11
      1304.75  4.63831e-08  1.85173e-11
      1305.09  4.81646e-08  1.92586e-11
      1305.43  5.53118e-08  2.07349e-11
      1305.77  6.38903e-08  2.20303e-11
      1306.11  6.35867e-08  2.18257e-11
      1306.46  4.49008e-08  1.81139e-11
      1306.80  2.39632e-08  1.31207e-11
      1307.14  1.38327e-08  1.05159e-11
      1307.48  9.70410e-09  9.47040e-12
      1307.82  7.51611e-09  8.45231e-12
      1308.16  7.78349e-09  8.13156e-12
      1308.51  9.10866e-09  8.52911e-12
      1308.85  7.52094e-09  7.74181e-12
      1309.19  5.04042e-09  5.59302e-12
      1309.53  4.87296e-09  6.08815e-12
      1309.88  4.94407e-09  6.00020e-12
      1310.22  5.27330e-09  6.35256e-12
      1310.56  6.66254e-09  7.21427e-12
      1310.91  1.13952e-08  9.36315e-12
      1311.25  2.03331e-08  1.29765e-11
      1311.60  2.04011e-08  1.25752e-11
      1311.94  1.25899e-08  9.64089e-12
      1312.28  7.06367e-09  7.65876e-12
      1312.63  4.91548e-09  6.72865e-12
      1312.97  4.31415e-09  6.42797e-12
      1313.32  5.66885e-09  7.31631e-12
      1313.66  9.01802e-09  9.47498e-12
      1314.01  7.58763e-09  8.42516e-12
      1314.35  4.55324e-09  6.34775e-12
      1314.70  3.53890e-09  5.49912e-12
      1315.05  3.48886e-09  5.22388e-12
      1315.39  3.91956e-09  5.33248e-12
      1315.74  4.91552e-09  5.91822e-12
      1316.08  7.26655e-09  7.17492e-12
      1316.43  1.37037e-08  9.83455e-12
      1316.78  2.20986e-08  1.31497e-11
      1317.12  1.80629e-08  1.18207e-11
      1317.47  9.26734e-09  8.30043e-12
      1317.82  5.76440e-09  6.67469e-12
      1318.17  5.93492e-09  6.75699e-12
      1318.51  9.46263e-09  8.80160e-12
      1318.86  1.16580e-08  1.01004e-11
      1319.21  8.21370e-09  8.78581e-12
      1319.56  4.80115e-09  7.67322e-12
      1319.91  4.28327e-09  5.78366e-12
      1320.25  4.82271e-09  7.25759e-12
      1320.60  5.00595e-09  6.47253e-12
      1320.95  5.97591e-09  6.63210e-12
      1321.30  8.31243e-09  7.39840e-12
      1321.65  1.52269e-08  9.78223e-12
      1322.00  2.64952e-08  1.38084e-11
      1322.35  2.35544e-08  1.32069e-11
      1322.70  1.27401e-08  9.73689e-12
      1323.05  8.41292e-09  8.07807e-12
      1323.40  9.25219e-09  8.45559e-12
      1323.75  1.09642e-08  9.01738e-12
      1324.10  1.15022e-08  9.39477e-12
      1324.45  8.62967e-09  8.26106e-12
      1324.80  6.26126e-09  7.67737e-12
      