227
      1249.95  1.34749e-08  1.67668e-11
      1250.27  6.61880e-09  1.23510e-11
      1250.58  2.16797e-09  8.18196e-12
      1250.89  1.43955e-09  7.24171e-12
      1251.20  1.94665e-09  7.68398e-12
      1251.52  3.12439e-09  8.65059e-12
      1251.83  5.51619e-09  1.08605e-11
      1252.14  7.18921e-09  1.25263e-11
      1252.46  6.92863e-09  1.28562e-11
      1252.77  6.33152e-09  1.22512e-11
      1253.09  1.03690e-08  1.50114e-11
      1253.40  1.96635e-08  1.99220e-11
      1253.71  2.45378e-08  2.18816e-11
      1254.03  1.48264e-08  1.58018e-11
      1254.34  7.11918e-09  1.10146e-11
      1254.66  8.78252e-09  1.21230e-11
      1254.97  1.40066e-08  1.64131e-11
      1255.29  9.36868e-09  1.33346e-11
      1255.60  4.14742e-09  9.52107e-12
      1255.92  4.66346e-09  1.01058e-11
      1256.23  8.07529e-09  1.19485e-11
      1256.55  1.29699e-08  1.46769e-11
      1256.87  9.41957e-09  1.17621e-11
      1257.18  4.27729e-09  8.12360e-12
      1257.50  3.07371e-09  7.38200e-12
      1257.81  3.55270e-09  8.23804e-12
      1258.13  4.73753e-09  9.31271e-12
      1258.45  4.66362e-09  8.48331e-12
      1258.76  5.06995e-09  8.03548e-12
      1259.08  8.92328e-09  9.72702e-12
      1259.40  1.79465e-08  1.31879e-11
      1259.72  2.41367e-08  1.51624e-11
      1260.03  1.84213e-08  1.29641e-11
      1260.35  1.36410e-08  1.11874e-11
      1260.67  1.71717e-08  1.35169e-11
      1260.99  1.60080e-08  1.35793e-11
      1261.30  1.30929e-08  1.31622e-11
      1261.62  1.62675e-08  1.56152e-11
      1261.94  1.66474e-08  1.46567e-11
      1262.26  1.70065e-08  1.49574e-11
      1262.58  1.24362e-08  1.21975e-11
      1262.90  1.30207e-08  1.23510e-11
      1263.22  2.00546e-08  1.63896e-11
      1263.54  1.64393e-08  1.47909e-11
      1263.86  1.03808e-08  1.23366e-11
      1264.17  8.26021e-09  1.18117e-11
      1264.49  5.90298e-09  1.01470e-11
      1264.81  6.24038e-09  1.00403e-11
      1265.13  1.25634e-08  1.34588e-11
      1265.45  1.95739e-08  1.63364e-11
      1265.77  1.73724e-08  1.49533e-11
      1266.10  9.28137e-09  1.08893e-11
      1266.42  4.69969e-09  8.28108e-12
      1266.74  4.01850e-09  8.10417e-12
      1267.06  5.51179e-09  9.19158e-12
      1267.38  1.15399e-08  1.23936e-11
      1267.70  2.10720e-08  1.63846e-11
      1268.02  2.28799e-08  1.59294e-11
      1268.34  2.24556e-08  1.51439e-11
      1268.67  2.07262e-08  1.39032e-11
      1268.99  2.03091e-08  1.40160e-11
      1269.31  1.60941e-08  1.26268e-11
      1269.63  1.07409e-08  1.05373e-11
      1269.95  9.10575e-09  9.46095e-12
      1270.28  1.11915e-08  1.00366e-11
      1270.60  1.81251e-08  1.29158e-11
      1270.92  2.17411e-08  1.37174e-11
      1271.25  2.36517e-08  1.41015e-11
      1271.57  2.30866e-08  1.43698e-11
      1271.89  1.39953e-08  1.13001e-11
      1272.22  6.39177e-09  8.26506e-12
      1272.54  3.89924e-09  7.36139e-12
      1272.86  3.14349e-09  7.23098e-12
      1273.19  2.91241e-09  7.35768e-12
      1273.51  3.52330e-09  7.58234e-12
      1273.84  5.52812e-09  8.97373e-12
      1274.16  7.25485e-09  9.69802e-12
      1274.49  9.23168e-09  1.01543e-11
      1274.81  1.64845e-08  1.39032e-11
      1275.14  2.27613e-08  1.67685e-11
      1275.46  2.03240e-08  1.61824e-11
      1275.79  1.32686e-08  1.33389e-11
      1276.11  8.65045e-09  1.07978e-11
      1276.44  1.12341e-08  1.16151e-11
      1276.76  1.92341e-08  1.50047e-11
      1277.09  1.99521e-08  1.39514e-11
      1277.42  2.03676e-08  1.41386e-11
      1277.74  1.43173e-08  1.16748e-11
      1278.07  6.71547e-09  8.26159e-12
      1278.40  4.02301e-09  7.15827e-12
      1278.72  3.12817e-09  6.73267e-12
      1279.05  3.18203e-09  6.48467e-12
      1279.38  4.35212e-09  6.77782e-12
      1279.71  6.42857e-09  7.72316e-12
      1280.03  8.47764e-09  8.80282e-12
      1280.36  7.78383e-09  8.35452e-12
      1280.69  8.12428e-09  8.93130e-12
      1281.02  1.06692e-08  1.06694e-11
      1281.34  1.53241e-08  1.35080e-11
      1281.67  1.82751e-08  1.55591e-11
      1282.00  1.45853e-08  1.39537e-11
      1282.33  1.49015e-08  1.38790e-11
      1282.66  2.22430e-08  1.67006e-11
      1282.99  2.78492e-08  1.81427e-11
      1283.32  2.74572e-08  1.78086e-11
      1283.65  1.94478e-08  1.50708e-11
      1283.98  1.04614e-08  1.12617e-11
      1284.31  6.01089e-09  9.18035e-12
      1284.64  4.44450e-09  8.26799e-12
      1284.97  4.42884e-09  8.12754e-12
      1285.30  5.27648e-09  8.56097e-12
      1285.63  4.50912e-09  7.42907e-12
      1285.96  4.19775e-09  6.73074e-12
      1286.29  6.46831e-09  7.99012e-12
      1286.62  9.13555e-09  9.65705e-12
      1286.95  8.49076e-09  9.33273e-12
      1287.28  1.09046e-08  1.04323e-11
      1287.61  1.93234e-08  1.38616e-11
      1287.95  2.25555e-08  1.45940e-11
      1288.28  2.24671e-08  1.46709e-11
      1288.61  2.22787e-08  1.44321e-11
      1288.94  2.22069e-08  1.49263e-11
      1289.27  1.56054e-08  1.23588e-11
      1289.61  1.16544e-08  1.15287e-11
      1289.94  9.35716e-09  1.10303e-11
      1290.27  6.24732e-09  9.47576e-12
      1290.61  5.34668e-09  9.52949e-12
      1290.94  4.00518e-09  8.22255e-12
      1291.27  2.88928e-09  6.94423e-12
      1291.61  3.36727e-09  6.81579e-12
      1291.94  5.56741e-09  8.03574e-12
      1292.27  9.47967e-09  9.91954e-12
      1292.61  1.35864e-08  1.22627e-11
      1292.94  1.01492e-08  1.04163e-11
      1293.28  7.87817e-09  9.39536e-12
      1293.61  1.05309e-08  1.10414e-11
      1293.95  1.35228e-08  1.17800e-11
      1294.28  1.97832e-08  1.39975e-11
      1294.62  2.22834e-08  1.46854e-11
      1294.95  1.90282e-08  1.32392e-11
      1295.29  1.84001e-08  1.29850e-11
      1295.62  1.60979e-08  1.21110e-11
      1295.96  1.19411e-08  1.10219e-11
      1296.29  1.03095e-08  1.09933e-11
      1296.63  1.06791e-08  1.14340e-11
      1296.97  1.30416e-08  1.25018e-11
      1297.30  1.94695e-08  1.49027e-11
      1297.64  2.55083e-08  1.69933e-11
      1297.98  2.18700e-08  1.55865e-11
      1298.31  1.40252e-08  1.26121e-11
      1298.65  7.96003e-09  9.84459e-12
      1298.99  6.07870e-09  8.75826e-12
      1299.33  1.03017e-08  1.10383e-11
      1299.66  1.81806e-08  1.43517e-11
      1300.00  2.05929e-08  1.44313e-11
      1300.34  1.80226e-08  1.30531e-11
      1300.68  1.27166e-08  1.04845e-11
      1301.02  1.32440e-08  1.05756e-11
      1301.35  2.23086e-08  1.45605e-11
      1301.69  2.66491e-08  1.64665e-11
      1302.03  2.56532e-08  1.67781e-11
      1302.37  2.31175e-08  1.50945e-11
      1302.71  2.64742e-08  1.60897e-11
      1303.05  2.91957e-08  1.71920e-11
      1303.39  3.30177e-08  1.84431e-11
      1303.73  3.47308e-08  1.87173e-11
      1304.07  3.23135e-08  1.82322e-11
      1304.41  3.26961e-08  1.92393e-11
      1304.75  3.43476e-08  2.02634e-11
      1305.09  3.56426e-08  2.07300e-11
      1305.43  4.12765e-08  2.20315e-11
      1305.77  4.80406e-08  2.27343e-11
      1306.11  4.75802e-08  2.19096e-11
      1306.46  3.27426e-08  1.71802e-11
      1306.80  1.67026e-08  1.19160e-11
      1307.14  9.12044e-09  9.26948e-12
      1307.48  6.28597e-09  8.25841e-12
      1307.82  5.04566e-09  7.82635e-12
      1308.16  5.08333e-09  8.02697e-12
      1308.51  5.95788e-09  8.96835e-12
      1308.85  4.80872e-09  7.73163e-12
      1309.19  3.56033e-09  6.27333e-12
      1309.53  3.26470e-09  6.19022e-12
      1309.88  3.17230e-09  6.31216e-12
      1310.22  3.38039e-09  6.93889e-12
      1310.56  4.36604e-09  7.91697e-12
      1310.91  7.82761e-09  1.02986e-11
      1311.25  1.42491e-08  1.40400e-11
      1311.60  1.41248e-08  1.33891e-11
      1311.94  8.32356e-09  9.68050e-12
      1312.28  4.39594e-09  7.02211e-12
      1312.63  2.97821e-09  6.01355e-12
      1312.97  2.54113e-09  5.72678e-12
      1313.32  3.52248e-09  6.46897e-12
      1313.66  5.98641e-09  8.79908e-12
      1314.01  4.87559e-09  7.97291e-12
      1314.35  2.76307e-09  6.39025e-12
      1314.70  2.09961e-09  5.73080e-12
      1315.05  2.09278e-09  5.66693e-12
      1315.39  2.43164e-09  5.89110e-12
      1315.74  3.19541e-09  6.30720e-12
      1316.08  4.82800e-09  7.63691e-12
      1316.43  9.62415e-09  1.08195e-11
      1316.78  1.64754e-08  1.49714e-11
      1317.12  1.26960e-08  1.29064e-11
      1317.47  5.93194e-09  8.81199e-12
      1317.82  3.46293e-09  6.77719e-12
      1318.17  3.53567e-09  6.36561e-12
      1318.51  6.21440e-09  8.15399e-12
      1318.86  7.87285e-09  9.28899e-12
      1319.21  5.43653e-09  8.32435e-12
      1319.56  3.33513e-09  7.25668e-12
      1319.91  3.26391e-09  7.55041e-12
      1320.25  3.12730e-09  6.81368e-12
      1320.60  3.09816e-09  6.64410e-12
      1320.95  3.82053e-09  7.37488e-12
      1321.30  5.59014e-09  7.94156e-12
      1321.65  1.09977e-08  1.02319e-11
      1322.00  2.04199e-08  1.53998e-11
      1322.35  1.73406e-08  1.44024e-11
      1322.70  8.62133e-09  1.04920e-11
      1323.05  5.41751e-09  8.66977e-12
      1323.40  6.03163e-09  9.02150e-12
      1323.75  7.15883e-09  9.03726e-12
      1324.10  7.55660e-09  8.97389e-12
      1324.45  5.45444e-09  7.50227e-12
      1324.80  3.87712e-09  6.58913e-12
      