227
      1249.95  1.37821e-08  2.01891e-11
      1250.27  6.83786e-09  1.44156e-11
      1250.58  2.25598e-09  9.27036e-12
      1250.89  1.52583e-09  8.02678e-12
      1251.20  2.03493e-09  8.40754e-12
      1251.52  3.25008e-09  9.27475e-12
      1251.83  5.68413e-09  1.16570e-11
      1252.14  7.40520e-09  1.33098e-11
      1252.46  7.11294e-09  1.33710e-11
      1252.77  6.53481e-09  1.28939e-11
      1253.09  1.06746e-08  1.58130e-11
      1253.40  2.01051e-08  2.07818e-11
      1253.71  2.48590e-08  2.27235e-11
      1254.03  1.50679e-08  1.68041e-11
      1254.34  7.35108e-09  1.18736e-11
      1254.66  9.04735e-09  1.34522e-11
      1254.97  1.47559e-08  1.86987e-11
      1255.29  9.57918e-09  1.51637e-11
      1255.60  4.19066e-09  1.11984e-11
      1255.92  4.90136e-09  1.22773e-11
      1256.23  8.35518e-09  1.47930e-11
      1256.55  1.35612e-08  1.88480e-11
      1256.87  9.75960e-09  1.54085e-11
      1257.18  4.39316e-09  1.07490e-11
      1257.50  3.20274e-09  1.00559e-11
      1257.81  3.67695e-09  1.10327e-11
      1258.13  4.64575e-09  1.26539e-11
      1258.45  4.71867e-09  1.27446e-11
      1258.76  5.07742e-09  1.26859e-11
      1259.08  9.06786e-09  1.54690e-11
      1259.40  1.80777e-08  2.07463e-11
      1259.72  2.40886e-08  2.34802e-11
      1260.03  1.85257e-08  1.98019e-11
      1260.35  1.39280e-08  1.67311e-11
      1260.67  1.73686e-08  1.95693e-11
      1260.99  1.62435e-08  1.90100e-11
      1261.30  1.32843e-08  1.69665e-11
      1261.62  1.61850e-08  1.92676e-11
      1261.94  1.70717e-08  1.85848e-11
      1262.26  1.73853e-08  1.84597e-11
      1262.58  1.27868e-08  1.46882e-11
      1262.90  1.34871e-08  1.42965e-11
      1263.22  2.04623e-08  1.81874e-11
      1263.54  1.67894e-08  1.61482e-11
      1263.86  1.07446e-08  1.34194e-11
      1264.17  8.18426e-09  1.33939e-11
      1264.49  5.49969e-09  1.13397e-11
      1264.81  6.29940e-09  1.05415e-11
      1265.13  1.28235e-08  1.41930e-11
      1265.45  2.00972e-08  1.74893e-11
      1265.77  1.77974e-08  1.62333e-11
      1266.10  9.46296e-09  1.19884e-11
      1266.42  4.83347e-09  9.47193e-12
      1266.74  4.18505e-09  9.50235e-12
      1267.06  5.75498e-09  1.11779e-11
      1267.38  1.19322e-08  1.55329e-11
      1267.70  2.17501e-08  2.12089e-11
      1268.02  2.34847e-08  2.10487e-11
      1268.34  2.30308e-08  2.04380e-11
      1268.67  2.12246e-08  1.91550e-11
      1268.99  2.07690e-08  1.95815e-11
      1269.31  1.65031e-08  1.78860e-11
      1269.63  1.10489e-08  1.52819e-11
      1269.95  9.22484e-09  1.45119e-11
      1270.28  1.13454e-08  1.56538e-11
      1270.60  1.82400e-08  1.95350e-11
      1270.92  2.20048e-08  2.01227e-11
      1271.25  2.39708e-08  1.99504e-11
      1271.57  2.33122e-08  1.94641e-11
      1271.89  1.42568e-08  1.49175e-11
      1272.22  6.55842e-09  1.05192e-11
      1272.54  3.99654e-09  8.99040e-12
      1272.86  3.23056e-09  8.43152e-12
      1273.19  3.01649e-09  8.16966e-12
      1273.51  3.64718e-09  8.30459e-12
      1273.84  5.67980e-09  9.53886e-12
      1274.16  7.44498e-09  1.02248e-11
      1274.49  9.56682e-09  1.08072e-11
      1274.81  1.68742e-08  1.48613e-11
      1275.14  2.30979e-08  1.82903e-11
      1275.46  2.06801e-08  1.79464e-11
      1275.79  1.36542e-08  1.53033e-11
      1276.11  8.90675e-09  1.27796e-11
      1276.44  1.15626e-08  1.43514e-11
      1276.76  2.00457e-08  1.93161e-11
      1277.09  2.03553e-08  1.82161e-11
      1277.42  2.11167e-08  1.94120e-11
      1277.74  1.46191e-08  1.60644e-11
      1278.07  6.83675e-09  1.15865e-11
      1278.40  4.15363e-09  1.01308e-11
      1278.72  3.23225e-09  9.58108e-12
      1279.05  3.21863e-09  9.59011e-12
      1279.38  4.34812e-09  1.03563e-11
      1279.71  6.49637e-09  1.15866e-11
      1280.03  8.59489e-09  1.26811e-11
      1280.36  7.90681e-09  1.15160e-11
      1280.69  8.31153e-09  1.16826e-11
      1281.02  1.09252e-08  1.32782e-11
      1281.34  1.56668e-08  1.59719e-11
      1281.67  1.86515e-08  1.76560e-11
      1282.00  1.49574e-08  1.53729e-11
      1282.33  1.52151e-08  1.48019e-11
      1282.66  2.26197e-08  1.75575e-11
      1282.99  2.82315e-08  1.89926e-11
      1283.32  2.77772e-08  1.89327e-11
      1283.65  1.97607e-08  1.63620e-11
      1283.98  1.07245e-08  1.26495e-11
      1284.31  6.22284e-09  1.07365e-11
      1284.64  4.64771e-09  1.01945e-11
      1284.97  4.64039e-09  1.03798e-11
      1285.30  5.40056e-09  1.11896e-11
      1285.63  4.64162e-09  1.00125e-11
      1285.96  4.36177e-09  9.43805e-12
      1286.29  6.64854e-09  1.13178e-11
      1286.62  9.27855e-09  1.36946e-11
      1286.95  8.71331e-09  1.32027e-11
      1287.28  1.10202e-08  1.47227e-11
      1287.61  1.91154e-08  2.00330e-11
      1287.95  2.26526e-08  2.10945e-11
      1288.28  2.27003e-08  2.01107e-11
      1288.61  2.26479e-08  1.87087e-11
      1288.94  2.25429e-08  1.83731e-11
      1289.27  1.58469e-08  1.45888e-11
      1289.61  1.19698e-08  1.30088e-11
      1289.94  9.53290e-09  1.20130e-11
      1290.27  6.35779e-09  1.00875e-11
      1290.61  5.48502e-09  9.99797e-12
      1290.94  4.04733e-09  8.73987e-12
      1291.27  2.93795e-09  7.63390e-12
      1291.61  3.43253e-09  7.81087e-12
      1291.94  5.76764e-09  9.82549e-12
      1292.27  9.77996e-09  1.25699e-11
      1292.61  1.42602e-08  1.63565e-11
      1292.94  1.03069e-08  1.39237e-11
      1293.28  7.98208e-09  1.30279e-11
      1293.61  1.08574e-08  1.57929e-11
      1293.95  1.37682e-08  1.67873e-11
      1294.28  2.03621e-08  1.98817e-11
      1294.62  2.29540e-08  2.02720e-11
      1294.95  1.94702e-08  1.76939e-11
      1295.29  1.87659e-08  1.77328e-11
      1295.62  1.63146e-08  1.65448e-11
      1295.96  1.20523e-08  1.43035e-11
      1296.29  1.04760e-08  1.34190e-11
      1296.63  1.09049e-08  1.33184e-11
      1296.97  1.33166e-08  1.38603e-11
      1297.30  1.98122e-08  1.60388e-11
      1297.64  2.58607e-08  1.81153e-11
      1297.98  2.21729e-08  1.66914e-11
      1298.31  1.41967e-08  1.38013e-11
      1298.65  8.15881e-09  1.11967e-11
      1298.99  6.35152e-09  1.05561e-11
      1299.33  1.07162e-08  1.41210e-11
      1299.66  1.85640e-08  1.88479e-11
      1300.00  2.10223e-08  1.96286e-11
      1300.34  1.83357e-08  1.80937e-11
      1300.68  1.30529e-08  1.48022e-11
      1301.02  1.36221e-08  1.49858e-11
      1301.35  2.27384e-08  2.01158e-11
      1301.69  2.72558e-08  2.22342e-11
      1302.03  2.62412e-08  2.20411e-11
      1302.37  2.36661e-08  2.01690e-11
      1302.71  2.68175e-08  2.10540e-11
      1303.05  2.94582e-08  2.04111e-11
      1303.39  3.31590e-08  2.05965e-11
      1303.73  3.52042e-08  2.08227e-11
      1304.07  3.28088e-08  1.98484e-11
      1304.41  3.32092e-08  2.06631e-11
      1304.75  3.48426e-08  2.21260e-11
      1305.09  3.63225e-08  2.35082e-11
      1305.43  4.22038e-08  2.58767e-11
      1305.77  4.90656e-08  2.80163e-11
      1306.11  4.83300e-08  2.80873e-11
      1306.46  3.32680e-08  2.29152e-11
      1306.80  1.70717e-08  1.66132e-11
      1307.14  9.36474e-09  1.32078e-11
      1307.48  6.46157e-09  1.17051e-11
      1307.82  5.19733e-09  1.09425e-11
      1308.16  5.24975e-09  1.09501e-11
      1308.51  6.13691e-09  1.17652e-11
      1308.85  5.00727e-09  9.96196e-12
      1309.19  3.63560e-09  8.14685e-12
      1309.53  3.27811e-09  7.58713e-12
      1309.88  3.20408e-09  7.37559e-12
      1310.22  3.44349e-09  7.65350e-12
      1310.56  4.45559e-09  8.55756e-12
      1310.91  8.03705e-09  1.11725e-11
      1311.25  1.44142e-08  1.54244e-11
      1311.60  1.43128e-08  1.52105e-11
      1311.94  8.53517e-09  1.16809e-11
      1312.28  4.54048e-09  8.91030e-12
      1312.63  3.05811e-09  8.01791e-12
      1312.97  2.62099e-09  7.97758e-12
      1313.32  3.65719e-09  9.28803e-12
      1313.66  6.09932e-09  1.22907e-11
      1314.01  5.00530e-09  1.11003e-11
      1314.35  2.87244e-09  8.54224e-12
      1314.70  2.19102e-09  7.42770e-12
      1315.05  2.19316e-09  7.02176e-12
      1315.39  2.50985e-09  7.01272e-12
      1315.74  3.22892e-09  7.44734e-12
      1316.08  4.93117e-09  8.74402e-12
      1316.43  9.88230e-09  1.19614e-11
      1316.78  1.65309e-08  1.62679e-11
      1317.12  1.26923e-08  1.41567e-11
      1317.47  6.08167e-09  9.96965e-12
      1317.82  3.59165e-09  8.20563e-12
      1318.17  3.70928e-09  8.22142e-12
      1318.51  6.41098e-09  1.08701e-11
      1318.86  7.95795e-09  1.28173e-11
      1319.21  5.18816e-09  1.07534e-11
      1319.56  3.03166e-09  8.96865e-12
      1319.91  3.18877e-09  9.56249e-12
      1320.25  3.21847e-09  9.09208e-12
      1320.60  3.22361e-09  8.49396e-12
      1320.95  3.97299e-09  8.67597e-12
      1321.30  5.67523e-09  9.44974e-12
      1321.65  1.11764e-08  1.22461e-11
      1322.00  2.05949e-08  1.73996e-11
      1322.35  1.72491e-08  1.57803e-11
      1322.70  8.70534e-09  1.15426e-11
      1323.05  5.53291e-09  9.81257e-12
      1323.40  6.21700e-09  1.05551e-11
      1323.75  7.37175e-09  1.11247e-11
      1324.10  7.71709e-09  1.16045e-11
      1324.45  5.53952e-09  1.01418e-11
      1324.80  3.96960e-09  9.16151e-12
      