227
      1249.95  1.49889e-08  1.62032e-11
      1250.27  7.53886e-09  1.12958e-11
      1250.58  2.65461e-09  7.18389e-12
      1250.89  1.84398e-09  6.29625e-12
      1251.20  2.39502e-09  6.98737e-12
      1251.52  3.66955e-09  7.81845e-12
      1251.83  6.30681e-09  9.88056e-12
      1252.14  8.25162e-09  1.12148e-11
      1252.46  7.99798e-09  1.11526e-11
      1252.77  7.34200e-09  1.03396e-11
      1253.09  1.16662e-08  1.20791e-11
      1253.40  2.16657e-08  1.57157e-11
      1253.71  2.69594e-08  1.72590e-11
      1254.03  1.68551e-08  1.28841e-11
      1254.34  8.43748e-09  9.12208e-12
      1254.66  1.01158e-08  9.90815e-12
      1254.97  1.56197e-08  1.30385e-11
      1255.29  1.07327e-08  1.06589e-11
      1255.60  5.01421e-09  7.51303e-12
      1255.92  5.45464e-09  7.90852e-12
      1256.23  9.11090e-09  9.15503e-12
      1256.55  1.44629e-08  1.13735e-11
      1256.87  1.04880e-08  9.21620e-12
      1257.18  4.88221e-09  6.44223e-12
      1257.50  3.50434e-09  5.91077e-12
      1257.81  3.94408e-09  6.58599e-12
      1258.13  4.97733e-09  7.53689e-12
      1258.45  5.17566e-09  9.62776e-12
      1258.76  5.69580e-09  9.33661e-12
      1259.08  9.71421e-09  1.10596e-11
      1259.40  1.94379e-08  1.52005e-11
      1259.72  2.63843e-08  1.78337e-11
      1260.03  2.01024e-08  1.52697e-11
      1260.35  1.47033e-08  1.29952e-11
      1260.67  1.87821e-08  1.59629e-11
      1260.99  1.76519e-08  1.55252e-11
      1261.30  1.42649e-08  1.40803e-11
      1261.62  1.78659e-08  1.60695e-11
      1261.94  1.81450e-08  1.44315e-11
      1262.26  1.86839e-08  1.45548e-11
      1262.58  1.38090e-08  1.17621e-11
      1262.90  1.41593e-08  1.16424e-11
      1263.22  2.18912e-08  1.54438e-11
      1263.54  1.83021e-08  1.39198e-11
      1263.86  1.17540e-08  1.12327e-11
      1264.17  9.46175e-09  1.04330e-11
      1264.49  6.88282e-09  8.70262e-12
      1264.81  7.12697e-09  8.20638e-12
      1265.13  1.39581e-08  1.08336e-11
      1265.45  2.18285e-08  1.32589e-11
      1265.77  1.96505e-08  1.23001e-11
      1266.10  1.07287e-08  9.26884e-12
      1266.42  5.41541e-09  6.92870e-12
      1266.74  4.77290e-09  6.55051e-12
      1267.06  6.31107e-09  7.17443e-12
      1267.38  1.20776e-08  9.69374e-12
      1267.70  2.18603e-08  1.33867e-11
      1268.02  2.43161e-08  1.26752e-11
      1268.34  2.38084e-08  1.22586e-11
      1268.67  2.17643e-08  1.13200e-11
      1268.99  2.16376e-08  1.14308e-11
      1269.31  1.70971e-08  1.03984e-11
      1269.63  1.13080e-08  8.71119e-12
      1269.95  9.88269e-09  1.17594e-11
      1270.28  1.20213e-08  1.14724e-11
      1270.60  1.96409e-08  1.47250e-11
      1270.92  2.34398e-08  1.52629e-11
      1271.25  2.54572e-08  1.55964e-11
      1271.57  2.53305e-08  1.59497e-11
      1271.89  1.55109e-08  1.24025e-11
      1272.22  7.18121e-09  8.89803e-12
      1272.54  4.54140e-09  7.75008e-12
      1272.86  3.73348e-09  7.26399e-12
      1273.19  3.47428e-09  6.84594e-12
      1273.51  4.09500e-09  6.76480e-12
      1273.84  6.30447e-09  7.83432e-12
      1274.16  8.33002e-09  8.55861e-12
      1274.49  1.04162e-08  8.92722e-12
      1274.81  1.82572e-08  1.20257e-11
      1275.14  2.52760e-08  1.44520e-11
      1275.46  2.28316e-08  1.37412e-11
      1275.79  1.51877e-08  1.10923e-11
      1276.11  9.99558e-09  8.78688e-12
      1276.44  1.23980e-08  9.26209e-12
      1276.76  2.02685e-08  1.21552e-11
      1277.09  2.15646e-08  1.12868e-11
      1277.42  2.20686e-08  1.14270e-11
      1277.74  1.55690e-08  9.51342e-12
      1278.07  7.39999e-09  6.80277e-12
      1278.40  4.43966e-09  5.94642e-12
      1278.72  3.43912e-09  5.63388e-12
      1279.05  3.65512e-09  6.71303e-12
      1279.38  4.91669e-09  7.88744e-12
      1279.71  7.11819e-09  8.66326e-12
      1280.03  9.47054e-09  9.98790e-12
      1280.36  8.59131e-09  9.26766e-12
      1280.69  9.02088e-09  9.84796e-12
      1281.02  1.16849e-08  1.13617e-11
      1281.34  1.67753e-08  1.37765e-11
      1281.67  2.03880e-08  1.56081e-11
      1282.00  1.60430e-08  1.29215e-11
      1282.33  1.62394e-08  1.21248e-11
      1282.66  2.44510e-08  1.44261e-11
      1282.99  3.06726e-08  1.55971e-11
      1283.32  3.05412e-08  1.54817e-11
      1283.65  2.19023e-08  1.30514e-11
      1283.98  1.19701e-08  9.77826e-12
      1284.31  7.02448e-09  7.78669e-12
      1284.64  5.22947e-09  6.89985e-12
      1284.97  5.05975e-09  6.56098e-12
      1285.30  5.78637e-09  7.05197e-12
      1285.63  5.05356e-09  6.09343e-12
      1285.96  4.64420e-09  5.50284e-12
      1286.29  6.94238e-09  6.58402e-12
      1286.62  9.73233e-09  8.08298e-12
      1286.95  9.04132e-09  7.87178e-12
      1287.28  1.24764e-08  9.63060e-12
      1287.61  2.12962e-08  1.70381e-11
      1287.95  2.41325e-08  1.66959e-11
      1288.28  2.41659e-08  1.60808e-11
      1288.61  2.40991e-08  1.53272e-11
      1288.94  2.40464e-08  1.54874e-11
      1289.27  1.73016e-08  1.28649e-11
      1289.61  1.30788e-08  1.17787e-11
      1289.94  1.06437e-08  1.09037e-11
      1290.27  7.31988e-09  9.10618e-12
      1290.61  6.25932e-09  8.63119e-12
      1290.94  4.79721e-09  7.26698e-12
      1291.27  3.55011e-09  5.95067e-12
      1291.61  4.05186e-09  5.83055e-12
      1291.94  6.47189e-09  6.93999e-12
      1292.27  1.07166e-08  8.51608e-12
      1292.61  1.50358e-08  1.04346e-11
      1292.94  1.13148e-08  8.89545e-12
      1293.28  8.78856e-09  7.87679e-12
      1293.61  1.13581e-08  9.11606e-12
      1293.95  1.43460e-08  9.75372e-12
      1294.28  2.07587e-08  1.17491e-11
      1294.62  2.32600e-08  1.23835e-11
      1294.95  1.98877e-08  1.11316e-11
      1295.29  1.96459e-08  1.42166e-11
      1295.62  1.74292e-08  1.38716e-11
      1295.96  1.32024e-08  1.21900e-11
      1296.29  1.14777e-08  1.15791e-11
      1296.63  1.19342e-08  1.16466e-11
      1296.97  1.44738e-08  1.20810e-11
      1297.30  2.14319e-08  1.38582e-11
      1297.64  2.81787e-08  1.55173e-11
      1297.98  2.44658e-08  1.41421e-11
      1298.31  1.60786e-08  1.14596e-11
      1298.65  9.39116e-09  8.91324e-12
      1298.99  7.14336e-09  7.76014e-12
      1299.33  1.15122e-08  9.42240e-12
      1299.66  1.98719e-08  1.19788e-11
      1300.00  2.23955e-08  1.19841e-11
      1300.34  1.95379e-08  1.08622e-11
      1300.68  1.37842e-08  8.80259e-12
      1301.02  1.39480e-08  8.88403e-12
      1301.35  2.31872e-08  1.22786e-11
      1301.69  2.77356e-08  1.39661e-11
      1302.03  2.65737e-08  1.40018e-11
      1302.37  2.42318e-08  1.65080e-11
      1302.71  2.82388e-08  1.72822e-11
      1303.05  3.18225e-08  1.84237e-11
      1303.39  3.60105e-08  1.91287e-11
      1303.73  3.76976e-08  1.86542e-11
      1304.07  3.53794e-08  1.79566e-11
      1304.41  3.58428e-08  1.83255e-11
      1304.75  3.77551e-08  1.88574e-11
      1305.09  3.91282e-08  1.86517e-11
      1305.43  4.49083e-08  1.90905e-11
      1305.77  5.19328e-08  1.94305e-11
      1306.11  5.13641e-08  1.85086e-11
      1306.46  3.57523e-08  1.47540e-11
      1306.80  1.83491e-08  1.03202e-11
      1307.14  1.00109e-08  7.93795e-12
      1307.48  6.89012e-09  7.03702e-12
      1307.82  5.47633e-09  6.62045e-12
      1308.16  5.43213e-09  6.73977e-12
      1308.51  6.32918e-09  7.53262e-12
      1308.85  5.03654e-09  6.43299e-12
      1309.19  3.96211e-09  6.96434e-12
      1309.53  3.79217e-09  6.55706e-12
      1309.88  3.73863e-09  6.78778e-12
      1310.22  3.98735e-09  7.09359e-12
      1310.56  5.05276e-09  7.82695e-12
      1310.91  8.74092e-09  9.60352e-12
      1311.25  1.60211e-08  1.29155e-11
      1311.60  1.61703e-08  1.20973e-11
      1311.94  9.67344e-09  8.68683e-12
      1312.28  5.13271e-09  6.41512e-12
      1312.63  3.43286e-09  5.46656e-12
      1312.97  2.95480e-09  5.05002e-12
      1313.32  3.90726e-09  5.63869e-12
      1313.66  6.47899e-09  7.50100e-12
      1314.01  5.33736e-09  6.77410e-12
      1314.35  3.05352e-09  5.35506e-12
      1314.70  2.32244e-09  4.91753e-12
      1315.05  2.30418e-09  4.82757e-12
      1315.39  2.78757e-09  5.20571e-12
      1315.74  3.70729e-09  7.03579e-12
      1316.08  5.53412e-09  8.15183e-12
      1316.43  1.07708e-08  1.11594e-11
      1316.78  1.80321e-08  1.45416e-11
      1317.12  1.44367e-08  1.25511e-11
      1317.47  7.14856e-09  8.45654e-12
      1317.82  4.26689e-09  6.39170e-12
      1318.17  4.25742e-09  6.04663e-12
      1318.51  6.97100e-09  7.38532e-12
      1318.86  8.65867e-09  8.31185e-12
      1319.21  6.06578e-09  7.39079e-12
      1319.56  3.64093e-09  6.56083e-12
      1319.91  3.46985e-09  6.42331e-12
      1320.25  3.40812e-09  5.76327e-12
      1320.60  3.38907e-09  5.54939e-12
      1320.95  4.14381e-09  5.98613e-12
      1321.30  6.59181e-09  7.39184e-12
      1321.65  1.24318e-08  1.16065e-11
      1322.00  2.15821e-08  1.56524e-11
      1322.35  1.91440e-08  1.49193e-11
      1322.70  1.01078e-08  1.07640e-11
      1323.05  6.48646e-09  8.56335e-12
      1323.40  7.06813e-09  8.36184e-12
      1323.75  8.31750e-09  8.51767e-12
      1324.10  8.62087e-09  8.37275e-12
      1324.45  6.33582e-09  7.08005e-12
      1324.80  4.44159e-09  6.11308e-12
      