227
      1249.95  1.12380e-08  1.29782e-11
      1250.27  5.56024e-09  9.23917e-12
      1250.58  1.87558e-09  6.14222e-12
      1250.89  1.29155e-09  5.49502e-12
      1251.20  1.69017e-09  5.72184e-12
      1251.52  2.64756e-09  6.41667e-12
      1251.83  4.67657e-09  8.14682e-12
      1252.14  6.11339e-09  9.29804e-12
      1252.46  5.86180e-09  9.32772e-12
      1252.77  5.28952e-09  8.87797e-12
      1253.09  8.74740e-09  1.06581e-11
      1253.40  1.69824e-08  1.40831e-11
      1253.71  2.16394e-08  1.57400e-11
      1254.03  1.29742e-08  1.14729e-11
      1254.34  6.06818e-09  7.89145e-12
      1254.66  7.55641e-09  8.78590e-12
      1254.97  1.24394e-08  1.19500e-11
      1255.29  8.34088e-09  9.71507e-12
      1255.60  3.62765e-09  6.88911e-12
      1255.92  4.10458e-09  7.29982e-12
      1256.23  7.05459e-09  8.60265e-12
      1256.55  1.14679e-08  1.06663e-11
      1256.87  8.33294e-09  8.66574e-12
      1257.18  3.73684e-09  6.07217e-12
      1257.50  2.69664e-09  5.54483e-12
      1257.81  3.06837e-09  5.96402e-12
      1258.13  3.84661e-09  6.70615e-12
      1258.45  3.88197e-09  6.80375e-12
      1258.76  4.09475e-09  6.86961e-12
      1259.08  7.27670e-09  8.46335e-12
      1259.40  1.49021e-08  1.12511e-11
      1259.72  2.02909e-08  1.30872e-11
      1260.03  1.53945e-08  1.12106e-11
      1260.35  1.11920e-08  9.56045e-12
      1260.67  1.43181e-08  1.16333e-11
      1260.99  1.33673e-08  1.15233e-11
      1261.30  1.05858e-08  1.02088e-11
      1261.62  1.32003e-08  1.17145e-11
      1261.94  1.38873e-08  1.16640e-11
      1262.26  1.40518e-08  1.25838e-11
      1262.58  1.00179e-08  1.00671e-11
      1262.90  1.08618e-08  9.52404e-12
      1263.22  1.67143e-08  1.23642e-11
      1263.54  1.41330e-08  1.14195e-11
      1263.86  8.88375e-09  9.29990e-12
      1264.17  6.92573e-09  8.71635e-12
      1264.49  5.12334e-09  7.55396e-12
      1264.81  5.51157e-09  7.49733e-12
      1265.13  1.08383e-08  9.62333e-12
      1265.45  1.67711e-08  1.17048e-11
      1265.77  1.50781e-08  1.07969e-11
      1266.10  8.26136e-09  7.92224e-12
      1266.42  4.21808e-09  6.05150e-12
      1266.74  3.54154e-09  5.85998e-12
      1267.06  4.80884e-09  6.57166e-12
      1267.38  1.01773e-08  8.93055e-12
      1267.70  1.86381e-08  1.20558e-11
      1268.02  2.00606e-08  1.16810e-11
      1268.34  1.97609e-08  1.14238e-11
      1268.67  1.78965e-08  1.05084e-11
      1268.99  1.77551e-08  1.09599e-11
      1269.31  1.37803e-08  9.83185e-12
      1269.63  9.04618e-09  8.30459e-12
      1269.95  7.42492e-09  7.96175e-12
      1270.28  9.01563e-09  8.44791e-12
      1270.60  1.52548e-08  1.11001e-11
      1270.92  1.82308e-08  1.15862e-11
      1271.25  1.98577e-08  1.18616e-11
      1271.57  1.95739e-08  1.19794e-11
      1271.89  1.17400e-08  9.33930e-12
      1272.22  5.21044e-09  6.66477e-12
      1272.54  3.18902e-09  5.84347e-12
      1272.86  2.59466e-09  5.63689e-12
      1273.19  2.44038e-09  5.51865e-12
      1273.51  2.97981e-09  5.70355e-12
      1273.84  4.64754e-09  6.61750e-12
      1274.16  6.16427e-09  7.13681e-12
      1274.49  8.09550e-09  7.64405e-12
      1274.81  1.42557e-08  1.01909e-11
      1275.14  1.96444e-08  1.22878e-11
      1275.46  1.77945e-08  1.18475e-11
      1275.79  1.17784e-08  9.72807e-12
      1276.11  7.72162e-09  7.83610e-12
      1276.44  9.98798e-09  8.43865e-12
      1276.76  1.68655e-08  1.09166e-11
      1277.09  1.74859e-08  1.02425e-11
      1277.42  1.80744e-08  1.07028e-11
      1277.74  1.24426e-08  8.82444e-12
      1278.07  5.80378e-09  6.35863e-12
      1278.40  3.43344e-09  5.52853e-12
      1278.72  2.64324e-09  5.25390e-12
      1279.05  2.59242e-09  5.16656e-12
      1279.38  3.46517e-09  5.66719e-12
      1279.71  5.20451e-09  6.41921e-12
      1280.03  7.11240e-09  7.47980e-12
      1280.36  6.27419e-09  6.89165e-12
      1280.69  6.64873e-09  7.42149e-12
      1281.02  8.69953e-09  8.59669e-12
      1281.34  1.28615e-08  1.07862e-11
      1281.67  1.59261e-08  1.25147e-11
      1282.00  1.22806e-08  1.05699e-11
      1282.33  1.23590e-08  1.01381e-11
      1282.66  1.92283e-08  1.23748e-11
      1282.99  2.44298e-08  1.33999e-11
      1283.32  2.44286e-08  1.33076e-11
      1283.65  1.72822e-08  1.11808e-11
      1283.98  9.09814e-09  8.26432e-12
      1284.31  5.21574e-09  6.69668e-12
      1284.64  3.90594e-09  6.03029e-12
      1284.97  3.85782e-09  5.88157e-12
      1285.30  4.56249e-09  6.21029e-12
      1285.63  3.93576e-09  5.49344e-12
      1285.96  3.59137e-09  5.02236e-12
      1286.29  5.45398e-09  6.05659e-12
      1286.62  7.73812e-09  7.48111e-12
      1286.95  7.22918e-09  7.36845e-12
      1287.28  8.93005e-09  8.26939e-12
      1287.61  1.58200e-08  1.15631e-11
      1287.95  1.88712e-08  1.23789e-11
      1288.28  1.88099e-08  1.21575e-11
      1288.61  1.87195e-08  1.17878e-11
      1288.94  1.86996e-08  1.20100e-11
      1289.27  1.32552e-08  9.95684e-12
      1289.61  9.79555e-09  9.06657e-12
      1289.94  7.87291e-09  8.52831e-12
      1290.27  5.29980e-09  7.13072e-12
      1290.61  4.56266e-09  6.96893e-12
      1290.94  3.46254e-09  5.99460e-12
      1291.27  2.53310e-09  5.01243e-12
      1291.61  2.94160e-09  4.96903e-12
      1291.94  4.84310e-09  5.92790e-12
      1292.27  8.23195e-09  7.35821e-12
      1292.61  1.20688e-08  9.23277e-12
      1292.94  8.85537e-09  7.80112e-12
      1293.28  6.62280e-09  6.95297e-12
      1293.61  8.91378e-09  8.24193e-12
      1293.95  1.13504e-08  8.79181e-12
      1294.28  1.69007e-08  1.05774e-11
      1294.62  1.91787e-08  1.11722e-11
      1294.95  1.60720e-08  1.01255e-11
      1295.29  1.53873e-08  1.05486e-11
      1295.62  1.33256e-08  1.02328e-11
      1295.96  9.73781e-09  9.12812e-12
      1296.29  8.43278e-09  8.96246e-12
      1296.63  8.79176e-09  9.10870e-12
      1296.97  1.08328e-08  9.52989e-12
      1297.30  1.65940e-08  1.12947e-11
      1297.64  2.23127e-08  1.29992e-11
      1297.98  1.91341e-08  1.17393e-11
      1298.31  1.21535e-08  9.41036e-12
      1298.65  6.88862e-09  7.29691e-12
      1298.99  5.19759e-09  6.42900e-12
      1299.33  8.84513e-09  8.08366e-12
      1299.66  1.59750e-08  1.06396e-11
      1300.00  1.80340e-08  1.06727e-11
      1300.34  1.57322e-08  9.71753e-12
      1300.68  1.08269e-08  7.83081e-12
      1301.02  1.09365e-08  7.91817e-12
      1301.35  1.91573e-08  1.13785e-11
      1301.69  2.29231e-08  1.27735e-11
      1302.03  2.21968e-08  1.31321e-11
      1302.37  1.94225e-08  1.20906e-11
      1302.71  2.26018e-08  1.33534e-11
      1303.05  2.46682e-08  1.34531e-11
      1303.39  2.82209e-08  1.42984e-11
      1303.73  3.04720e-08  1.49547e-11
      1304.07  2.81200e-08  1.44068e-11
      1304.41  2.86653e-08  1.49169e-11
      1304.75  3.04859e-08  1.55495e-11
      1305.09  3.16183e-08  1.55221e-11
      1305.43  3.72140e-08  1.64774e-11
      1305.77  4.39682e-08  1.69327e-11
      1306.11  4.42812e-08  1.63902e-11
      1306.46  2.98042e-08  1.29279e-11
      1306.80  1.43708e-08  8.87748e-12
      1307.14  7.61912e-09  6.97206e-12
      1307.48  5.22983e-09  6.19048e-12
      1307.82  4.16815e-09  5.98586e-12
      1308.16  4.16034e-09  6.00657e-12
      1308.51  5.01922e-09  6.67449e-12
      1308.85  4.07953e-09  5.94044e-12
      1309.19  2.89260e-09  5.03876e-12
      1309.53  2.65070e-09  5.00424e-12
      1309.88  2.61587e-09  5.16695e-12
      1310.22  2.83422e-09  5.49908e-12
      1310.56  3.66969e-09  6.16201e-12
      1310.91  6.60325e-09  7.91172e-12
      1311.25  1.24177e-08  1.06907e-11
      1311.60  1.25277e-08  9.94156e-12
      1311.94  7.42447e-09  7.19090e-12
      1312.28  3.88285e-09  5.24130e-12
      1312.63  2.62546e-09  4.48784e-12
      1312.97  2.24818e-09  4.31452e-12
      1313.32  3.02958e-09  4.98152e-12
      1313.66  4.96294e-09  6.52754e-12
      1314.01  4.18124e-09  6.00197e-12
      1314.35  2.39470e-09  4.78572e-12
      1314.70  1.81270e-09  4.29381e-12
      1315.05  1.80127e-09  4.26814e-12
      1315.39  2.04535e-09  4.52844e-12
      1315.74  2.62958e-09  5.11637e-12
      1316.08  4.05939e-09  6.23545e-12
      1316.43  8.23462e-09  8.79642e-12
      1316.78  1.37820e-08  1.16230e-11
      1317.12  1.10416e-08  1.00098e-11
      1317.47  5.35215e-09  6.67014e-12
      1317.82  3.12633e-09  5.11366e-12
      1318.17  3.20396e-09  4.88158e-12
      1318.51  5.29919e-09  6.06604e-12
      1318.86  6.51762e-09  6.86061e-12
      1319.21  4.44187e-09  5.83798e-12
      1319.56  2.60299e-09  4.83716e-12
      1319.91  2.59042e-09  5.05265e-12
      1320.25  2.61907e-09  4.97637e-12
      1320.60  2.63253e-09  4.93551e-12
      1320.95  3.22292e-09  5.28285e-12
      1321.30  4.66769e-09  6.17919e-12
      1321.65  9.43769e-09  8.76797e-12
      1322.00  1.68128e-08  1.23594e-11
      1322.35  1.47424e-08  1.17700e-11
      1322.70  7.72065e-09  8.56164e-12
      1323.05  4.83422e-09  6.86266e-12
      1323.40  5.23581e-09  6.78896e-12
      1323.75  6.21821e-09  6.89259e-12
      1324.10  6.42130e-09  6.68964e-12
      1324.45  4.78599e-09  5.71944e-12
      1324.80  3.36740e-09  5.05961e-12
      