227
      1249.95  1.27701e-08  1.22707e-11
      1250.27  6.33151e-09  8.81110e-12
      1250.58  2.12831e-09  5.80409e-12
      1250.89  1.46917e-09  5.17912e-12
      1251.20  1.95829e-09  5.46294e-12
      1251.52  3.07959e-09  6.09662e-12
      1251.83  5.40158e-09  7.80848e-12
      1252.14  7.11779e-09  9.02988e-12
      1252.46  6.88055e-09  9.18025e-12
      1252.77  6.29393e-09  8.85324e-12
      1253.09  1.02698e-08  1.09313e-11
      1253.40  1.95551e-08  1.47395e-11
      1253.71  2.45822e-08  1.64907e-11
      1254.03  1.50623e-08  1.22364e-11
      1254.34  7.30460e-09  8.60610e-12
      1254.66  8.94593e-09  9.65599e-12
      1254.97  1.44270e-08  1.31712e-11
      1255.29  9.75743e-09  1.07587e-11
      1255.60  4.35154e-09  7.79170e-12
      1255.92  4.90321e-09  8.48457e-12
      1256.23  8.29025e-09  1.02083e-11
      1256.55  1.31867e-08  1.27438e-11
      1256.87  9.68289e-09  1.03257e-11
      1257.18  4.41500e-09  7.07602e-12
      1257.50  3.17738e-09  6.38983e-12
      1257.81  3.57513e-09  6.93959e-12
      1258.13  4.49531e-09  7.83908e-12
      1258.45  4.52427e-09  7.70912e-12
      1258.76  4.78469e-09  7.67800e-12
      1259.08  8.38657e-09  9.45666e-12
      1259.40  1.68046e-08  1.26676e-11
      1259.72  2.25841e-08  1.42514e-11
      1260.03  1.72667e-08  1.17681e-11
      1260.35  1.27093e-08  9.78652e-12
      1260.67  1.60223e-08  1.15978e-11
      1260.99  1.49528e-08  1.12008e-11
      1261.30  1.19205e-08  9.94363e-12
      1261.62  1.42413e-08  1.16769e-11
      1261.94  1.52829e-08  1.14237e-11
      1262.26  1.54269e-08  1.15284e-11
      1262.58  1.13017e-08  9.18399e-12
      1262.90  1.22957e-08  8.97524e-12
      1263.22  1.89621e-08  1.16883e-11
      1263.54  1.59692e-08  1.06479e-11
      1263.86  1.02048e-08  8.89317e-12
      1264.17  7.98625e-09  8.76729e-12
      1264.49  5.62802e-09  7.46932e-12
      1264.81  6.42441e-09  7.54837e-12
      1265.13  1.25902e-08  1.01391e-11
      1265.45  1.93436e-08  1.24534e-11
      1265.77  1.74052e-08  1.15995e-11
      1266.10  9.66125e-09  8.61862e-12
      1266.42  5.04413e-09  6.74476e-12
      1266.74  4.26525e-09  6.66304e-12
      1267.06  5.74166e-09  7.67803e-12
      1267.38  1.18151e-08  1.06076e-11
      1267.70  2.12111e-08  1.43336e-11
      1268.02  2.28382e-08  1.40355e-11
      1268.34  2.24645e-08  1.36625e-11
      1268.67  2.03650e-08  1.23803e-11
      1268.99  2.01380e-08  1.25903e-11
      1269.31  1.56405e-08  1.09561e-11
      1269.63  1.03783e-08  9.15542e-12
      1269.95  8.53992e-09  8.59795e-12
      1270.28  1.01993e-08  9.05414e-12
      1270.60  1.70851e-08  1.18639e-11
      1270.92  2.02925e-08  1.20675e-11
      1271.25  2.21085e-08  1.20460e-11
      1271.57  2.19042e-08  1.17540e-11
      1271.89  1.31096e-08  8.79943e-12
      1272.22  5.88130e-09  6.19359e-12
      1272.54  3.66592e-09  5.37818e-12
      1272.86  3.02671e-09  5.22401e-12
      1273.19  2.86044e-09  5.20609e-12
      1273.51  3.48513e-09  5.51418e-12
      1273.84  5.41961e-09  6.51044e-12
      1274.16  7.23439e-09  7.21033e-12
      1274.49  9.47180e-09  7.81417e-12
      1274.81  1.64208e-08  1.05740e-11
      1275.14  2.25088e-08  1.27986e-11
      1275.46  2.04509e-08  1.26974e-11
      1275.79  1.36735e-08  1.08214e-11
      1276.11  9.11170e-09  9.06518e-12
      1276.44  1.16541e-08  1.00989e-11
      1276.76  1.91011e-08  1.31086e-11
      1277.09  1.99967e-08  1.24680e-11
      1277.42  2.04061e-08  1.25290e-11
      1277.74  1.41617e-08  1.02603e-11
      1278.07  6.74183e-09  7.29664e-12
      1278.40  4.01593e-09  6.21273e-12
      1278.72  3.08032e-09  5.74740e-12
      1279.05  3.01198e-09  5.68325e-12
      1279.38  4.00511e-09  6.26716e-12
      1279.71  5.89316e-09  6.92012e-12
      1280.03  7.73184e-09  7.87658e-12
      1280.36  7.01247e-09  6.84166e-12
      1280.69  7.56438e-09  6.99726e-12
      1281.02  9.90001e-09  7.99005e-12
      1281.34  1.45221e-08  9.92399e-12
      1281.67  1.78909e-08  1.15647e-11
      1282.00  1.40144e-08  1.00383e-11
      1282.33  1.42349e-08  9.99484e-12
      1282.66  2.18971e-08  1.23872e-11
      1282.99  2.76761e-08  1.36354e-11
      1283.32  2.75795e-08  1.37674e-11
      1283.65  1.97134e-08  1.17905e-11
      1283.98  1.06372e-08  9.04140e-12
      1284.31  6.20429e-09  7.59233e-12
      1284.64  4.66056e-09  7.04695e-12
      1284.97  4.59426e-09  7.06425e-12
      1285.30  5.34048e-09  7.55310e-12
      1285.63  4.63320e-09  6.76009e-12
      1285.96  4.24578e-09  6.12172e-12
      1286.29  6.30937e-09  7.09028e-12
      1286.62  8.73399e-09  8.27035e-12
      1286.95  8.29288e-09  7.92579e-12
      1287.28  1.02679e-08  8.80482e-12
      1287.61  1.74485e-08  1.18923e-11
      1287.95  2.03726e-08  1.33445e-11
      1288.28  2.00597e-08  1.30998e-11
      1288.61  2.06181e-08  1.18654e-11
      1288.94  2.07282e-08  1.12563e-11
      1289.27  1.49747e-08  9.23208e-12
      1289.61  1.12176e-08  8.39080e-12
      1289.94  9.07590e-09  7.99856e-12
      1290.27  6.23964e-09  6.97009e-12
      1290.61  5.36383e-09  7.00426e-12
      1290.94  4.09398e-09  6.26702e-12
      1291.27  3.03516e-09  5.46036e-12
      1291.61  3.50422e-09  5.62302e-12
      1291.94  5.73373e-09  6.90829e-12
      1292.27  9.64069e-09  8.59917e-12
      1292.61  1.39690e-08  1.09139e-11
      1292.94  1.01465e-08  9.07719e-12
      1293.28  7.70224e-09  8.20754e-12
      1293.61  1.03054e-08  9.71855e-12
      1293.95  1.29583e-08  1.02001e-11
      1294.28  1.90259e-08  1.19794e-11
      1294.62  2.13587e-08  1.24291e-11
      1294.95  1.77450e-08  1.07597e-11
      1295.29  1.72650e-08  1.03935e-11
      1295.62  1.50319e-08  9.69205e-12
      1295.96  1.10728e-08  8.46729e-12
      1296.29  9.66537e-09  8.24419e-12
      1296.63  1.01301e-08  8.46222e-12
      1296.97  1.25140e-08  9.14465e-12
      1297.30  1.89551e-08  1.10129e-11
      1297.64  2.52351e-08  1.29415e-11
      1297.98  2.18479e-08  1.23339e-11
      1298.31  1.41042e-08  1.00330e-11
      1298.65  8.16027e-09  8.09043e-12
      1298.99  6.24728e-09  7.42449e-12
      1299.33  1.03762e-08  9.62611e-12
      1299.66  1.81823e-08  1.27406e-11
      1300.00  2.05028e-08  1.30884e-11
      1300.34  1.79605e-08  1.21927e-11
      1300.68  1.23295e-08  9.56191e-12
      1301.02  1.25477e-08  9.09496e-12
      1301.35  2.09290e-08  1.24607e-11
      1301.69  2.52201e-08  1.35023e-11
      1302.03  2.45465e-08  1.30630e-11
      1302.37  2.17638e-08  1.18137e-11
      1302.71  2.50381e-08  1.25902e-11
      1303.05  2.74395e-08  1.25582e-11
      1303.39  3.13304e-08  1.32425e-11
      1303.73  3.34805e-08  1.44619e-11
      1304.07  3.06939e-08  1.37959e-11
      1304.41  3.22714e-08  1.47896e-11
      1304.75  3.42664e-08  1.58794e-11
      1305.09  3.56511e-08  1.66428e-11
      1305.43  4.16042e-08  1.83823e-11
      1305.77  4.86063e-08  1.94928e-11
      1306.11  4.84426e-08  1.92305e-11
      1306.46  3.29192e-08  1.53361e-11
      1306.80  1.63597e-08  1.05781e-11
      1307.14  8.83496e-09  8.14757e-12
      1307.48  6.08633e-09  7.02883e-12
      1307.82  4.87947e-09  6.54804e-12
      1308.16  4.86371e-09  6.63905e-12
      1308.51  5.75037e-09  6.67878e-12
      1308.85  4.66701e-09  5.73615e-12
      1309.19  3.34000e-09  4.84564e-12
      1309.53  3.07580e-09  4.71794e-12
      1309.88  3.05650e-09  4.83324e-12
      1310.22  3.32261e-09  5.20773e-12
      1310.56  4.32147e-09  6.06483e-12
      1310.91  7.66758e-09  8.40804e-12
      1311.25  1.45157e-08  1.18578e-11
      1311.60  1.44338e-08  1.11843e-11
      1311.94  8.55120e-09  8.29783e-12
      1312.28  4.50128e-09  6.15471e-12
      1312.63  3.06308e-09  5.38697e-12
      1312.97  2.61192e-09  5.15449e-12
      1313.32  3.48220e-09  5.88086e-12
      1313.66  5.68412e-09  7.41353e-12
      1314.01  4.82486e-09  6.73925e-12
      1314.35  2.74856e-09  5.27249e-12
      1314.70  2.04926e-09  4.54124e-12
      1315.05  2.06842e-09  4.16245e-12
      1315.39  2.36260e-09  4.26372e-12
      1315.74  3.06627e-09  4.70999e-12
      1316.08  4.76635e-09  5.84589e-12
      1316.43  9.50593e-09  8.33201e-12
      1316.78  1.57778e-08  1.14385e-11
      1317.12  1.27258e-08  1.02909e-11
      1317.47  6.20754e-09  7.22439e-12
      1317.82  3.68097e-09  5.76273e-12
      1318.17  3.78190e-09  5.69453e-12
      1318.51  6.18742e-09  7.26979e-12
      1318.86  7.57347e-09  8.16973e-12
      1319.21  5.15200e-09  6.88789e-12
      1319.56  3.02547e-09  5.75548e-12
      1319.91  2.94416e-09  5.91697e-12
      1320.25  2.97526e-09  5.51381e-12
      1320.60  3.02588e-09  4.99041e-12
      1320.95  3.70435e-09  5.08538e-12
      1321.30  5.36107e-09  5.67940e-12
      1321.65  1.07313e-08  7.86883e-12
      1322.00  1.89579e-08  1.12771e-11
      1322.35  1.66349e-08  1.10482e-11
      1322.70  8.87741e-09  8.38690e-12
      1323.05  5.68614e-09  7.11051e-12
      1323.40  6.16741e-09  7.53097e-12
      1323.75  7.27713e-09  7.86243e-12
      1324.10  7.49916e-09  7.99785e-12
      1324.45  5.61352e-09  6.91893e-12
      1324.80  3.97396e-09  6.07743e-12
      