227
      1249.95  1.12447e-08  1.32854e-11
      1250.27  5.60027e-09  9.37849e-12
      1250.58  1.92092e-09  6.28525e-12
      1250.89  1.31692e-09  5.48268e-12
      1251.20  1.72067e-09  5.65833e-12
      1251.52  2.68518e-09  6.38522e-12
      1251.83  4.69993e-09  8.02073e-12
      1252.14  6.13510e-09  9.12199e-12
      1252.46  5.89681e-09  9.09375e-12
      1252.77  5.34133e-09  8.51361e-12
      1253.09  8.79856e-09  1.01530e-11
      1253.40  1.70079e-08  1.33152e-11
      1253.71  2.16004e-08  1.47725e-11
      1254.03  1.30108e-08  1.08473e-11
      1254.34  6.15008e-09  7.55573e-12
      1254.66  7.60695e-09  8.42480e-12
      1254.97  1.24592e-08  1.15946e-11
      1255.29  8.35614e-09  9.48552e-12
      1255.60  3.65327e-09  6.69447e-12
      1255.92  4.12841e-09  7.11469e-12
      1256.23  7.04566e-09  8.45356e-12
      1256.55  1.15446e-08  1.07514e-11
      1256.87  8.33289e-09  8.78462e-12
      1257.18  3.74171e-09  6.19001e-12
      1257.50  2.72215e-09  5.85648e-12
      1257.81  3.08795e-09  6.44831e-12
      1258.13  3.88295e-09  7.37544e-12
      1258.45  3.89564e-09  7.30726e-12
      1258.76  4.10300e-09  7.19278e-12
      1259.08  7.25448e-09  8.76231e-12
      1259.40  1.48898e-08  1.19506e-11
      1259.72  2.03303e-08  1.39830e-11
      1260.03  1.53889e-08  1.19680e-11
      1260.35  1.11412e-08  1.02317e-11
      1260.67  1.43269e-08  1.24325e-11
      1260.99  1.33852e-08  1.21842e-11
      1261.30  1.05738e-08  1.06669e-11
      1261.62  1.32097e-08  1.21024e-11
      1261.94  1.39239e-08  1.18931e-11
      1262.26  1.41069e-08  1.27119e-11
      1262.58  1.01389e-08  1.01701e-11
      1262.90  1.08948e-08  9.50757e-12
      1263.22  1.66966e-08  1.22087e-11
      1263.54  1.41165e-08  1.12239e-11
      1263.86  8.88181e-09  9.04669e-12
      1264.17  6.92486e-09  8.36241e-12
      1264.49  5.10903e-09  7.16762e-12
      1264.81  5.49541e-09  6.81914e-12
      1265.13  1.08350e-08  9.01054e-12
      1265.45  1.67759e-08  1.10152e-11
      1265.77  1.51084e-08  1.02464e-11
      1266.10  8.28524e-09  7.61368e-12
      1266.42  4.24165e-09  5.82650e-12
      1266.74  3.57047e-09  5.75825e-12
      1267.06  4.83590e-09  6.49247e-12
      1267.38  1.01932e-08  8.93342e-12
      1267.70  1.86354e-08  1.21276e-11
      1268.02  2.00842e-08  1.19142e-11
      1268.34  1.97632e-08  1.18276e-11
      1268.67  1.79331e-08  1.11494e-11
      1268.99  1.77509e-08  1.17411e-11
      1269.31  1.38113e-08  1.06619e-11
      1269.63  9.05846e-09  9.10276e-12
      1269.95  7.44349e-09  8.68567e-12
      1270.28  9.08270e-09  9.26505e-12
      1270.60  1.52141e-08  1.18460e-11
      1270.92  1.82324e-08  1.22835e-11
      1271.25  1.98868e-08  1.25547e-11
      1271.57  1.95462e-08  1.26346e-11
      1271.89  1.17751e-08  9.75512e-12
      1272.22  5.25942e-09  6.89896e-12
      1272.54  3.20968e-09  5.93808e-12
      1272.86  2.62807e-09  5.89503e-12
      1273.19  2.47071e-09  5.51397e-12
      1273.51  2.99990e-09  5.54060e-12
      1273.84  4.66775e-09  6.35661e-12
      1274.16  6.20155e-09  6.86289e-12
      1274.49  8.12258e-09  7.26902e-12
      1274.81  1.42842e-08  9.76285e-12
      1275.14  1.96846e-08  1.18679e-11
      1275.46  1.78315e-08  1.14559e-11
      1275.79  1.18218e-08  9.44669e-12
      1276.11  7.76252e-09  7.61164e-12
      1276.44  1.00122e-08  8.24913e-12
      1276.76  1.68717e-08  1.08620e-11
      1277.09  1.74803e-08  1.03536e-11
      1277.42  1.80785e-08  1.11350e-11
      1277.74  1.24272e-08  9.34061e-12
      1278.07  5.83113e-09  6.84783e-12
      1278.40  3.46392e-09  5.99354e-12
      1278.72  2.67309e-09  5.68282e-12
      1279.05  2.61400e-09  5.65951e-12
      1279.38  3.49727e-09  6.01381e-12
      1279.71  5.23755e-09  6.79629e-12
      1280.03  7.09812e-09  7.89225e-12
      1280.36  6.29749e-09  7.18503e-12
      1280.69  6.67305e-09  7.69194e-12
      1281.02  8.71669e-09  8.80526e-12
      1281.34  1.28636e-08  1.08316e-11
      1281.67  1.58840e-08  1.23918e-11
      1282.00  1.22583e-08  1.02735e-11
      1282.33  1.23715e-08  9.70255e-12
      1282.66  1.92400e-08  1.17271e-11
      1282.99  2.44493e-08  1.26616e-11
      1283.32  2.44691e-08  1.25811e-11
      1283.65  1.72953e-08  1.06232e-11
      1283.98  9.10485e-09  7.91867e-12
      1284.31  5.23884e-09  6.51449e-12
      1284.64  3.93019e-09  5.93230e-12
      1284.97  3.87619e-09  5.81168e-12
      1285.30  4.60943e-09  6.29765e-12
      1285.63  3.94981e-09  5.65572e-12
      1285.96  3.59082e-09  5.32016e-12
      1286.29  5.45563e-09  6.63043e-12
      1286.62  7.81673e-09  8.32101e-12
      1286.95  7.21090e-09  8.07018e-12
      1287.28  8.85461e-09  8.97992e-12
      1287.61  1.58811e-08  1.26171e-11
      1287.95  1.89052e-08  1.32402e-11
      1288.28  1.88191e-08  1.27684e-11
      1288.61  1.87071e-08  1.22351e-11
      1288.94  1.88049e-08  1.24184e-11
      1289.27  1.32652e-08  1.01042e-11
      1289.61  9.79808e-09  9.03761e-12
      1289.94  7.91113e-09  8.55210e-12
      1290.27  5.30994e-09  6.93758e-12
      1290.61  4.59009e-09  6.68012e-12
      1290.94  3.48963e-09  5.67021e-12
      1291.27  2.55697e-09  4.70930e-12
      1291.61  2.95888e-09  4.68854e-12
      1291.94  4.85378e-09  5.69403e-12
      1292.27  8.23028e-09  7.23464e-12
      1292.61  1.20859e-08  9.37006e-12
      1292.94  8.87151e-09  8.04704e-12
      1293.28  6.63375e-09  7.28378e-12
      1293.61  8.91831e-09  8.79895e-12
      1293.95  1.13116e-08  9.35134e-12
      1294.28  1.68920e-08  1.13751e-11
      1294.62  1.91925e-08  1.20723e-11
      1294.95  1.60607e-08  1.08485e-11
      1295.29  1.54126e-08  1.12844e-11
      1295.62  1.33211e-08  1.07871e-11
      1295.96  9.74516e-09  9.42234e-12
      1296.29  8.44741e-09  8.95859e-12
      1296.63  8.79680e-09  8.95760e-12
      1296.97  1.07973e-08  9.25571e-12
      1297.30  1.65730e-08  1.08134e-11
      1297.64  2.23744e-08  1.23268e-11
      1297.98  1.91682e-08  1.10693e-11
      1298.31  1.21813e-08  8.88655e-12
      1298.65  6.89267e-09  6.91757e-12
      1298.99  5.17441e-09  6.14279e-12
      1299.33  8.80276e-09  7.83812e-12
      1299.66  1.60282e-08  1.06652e-11
      1300.00  1.80552e-08  1.09269e-11
      1300.34  1.57850e-08  1.02168e-11
      1300.68  1.07893e-08  8.36184e-12
      1301.02  1.08450e-08  8.57021e-12
      1301.35  1.92268e-08  1.25275e-11
      1301.69  2.29604e-08  1.39478e-11
      1302.03  2.22637e-08  1.42414e-11
      1302.37  1.93312e-08  1.28402e-11
      1302.71  2.26411e-08  1.39399e-11
      1303.05  2.46425e-08  1.37600e-11
      1303.39  2.82287e-08  1.43946e-11
      1303.73  3.05488e-08  1.48230e-11
      1304.07  2.81570e-08  1.42543e-11
      1304.41  2.87015e-08  1.46617e-11
      1304.75  3.05230e-08  1.48524e-11
      1305.09  3.16019e-08  1.47024e-11
      1305.43  3.71942e-08  1.56009e-11
      1305.77  4.39869e-08  1.62870e-11
      1306.11  4.42983e-08  1.61296e-11
      1306.46  2.98234e-08  1.30765e-11
      1306.80  1.44011e-08  9.25651e-12
      1307.14  7.64673e-09  7.43165e-12
      1307.48  5.25020e-09  6.73557e-12
      1307.82  4.18963e-09  6.37384e-12
      1308.16  4.17906e-09  6.51948e-12
      1308.51  5.01220e-09  7.12421e-12
      1308.85  4.09850e-09  6.19501e-12
      1309.19  2.91884e-09  5.24649e-12
      1309.53  2.67829e-09  5.10083e-12
      1309.88  2.63488e-09  5.13815e-12
      1310.22  2.83566e-09  5.40049e-12
      1310.56  3.67217e-09  5.91747e-12
      1310.91  6.64929e-09  7.42183e-12
      1311.25  1.23482e-08  9.93833e-12
      1311.60  1.25221e-08  9.30779e-12
      1311.94  7.47531e-09  6.83045e-12
      1312.28  3.92281e-09  5.11139e-12
      1312.63  2.64690e-09  4.51772e-12
      1312.97  2.26142e-09  4.56582e-12
      1313.32  3.04647e-09  5.46246e-12
      1313.66  4.96063e-09  7.18264e-12
      1314.01  4.18735e-09  6.59321e-12
      1314.35  2.42237e-09  5.25968e-12
      1314.70  1.83075e-09  4.69474e-12
      1315.05  1.81336e-09  4.56327e-12
      1315.39  2.06712e-09  4.75991e-12
      1315.74  2.65222e-09  5.24894e-12
      1316.08  4.07256e-09  6.28038e-12
      1316.43  8.24731e-09  8.56356e-12
      1316.78  1.37649e-08  1.11503e-11
      1317.12  1.10964e-08  9.52614e-12
      1317.47  5.42408e-09  6.37261e-12
      1317.82  3.15799e-09  4.85914e-12
      1318.17  3.22578e-09  4.71026e-12
      1318.51  5.30803e-09  6.03916e-12
      1318.86  6.53022e-09  7.01980e-12
      1319.21  4.46119e-09  6.11983e-12
      1319.56  2.61906e-09  5.17862e-12
      1319.91  2.60261e-09  5.49370e-12
      1320.25  2.63005e-09  5.38840e-12
      1320.60  2.63924e-09  5.27287e-12
      1320.95  3.22325e-09  5.51317e-12
      1321.30  4.65205e-09  6.38383e-12
      1321.65  9.36733e-09  8.87530e-12
      1322.00  1.68138e-08  1.22406e-11
      1322.35  1.48419e-08  1.14692e-11
      1322.70  7.74905e-09  8.13726e-12
      1323.05  4.83960e-09  6.37044e-12
      1323.40  5.25254e-09  6.27866e-12
      1323.75  6.23285e-09  6.40468e-12
      1324.10  6.44688e-09  6.46378e-12
      1324.45  4.80951e-09  5.70425e-12
      1324.80  3.38286e-09  5.22438e-12
      