227
      1249.95  1.19488e-08  1.70833e-11
      1250.27  6.06718e-09  1.20520e-11
      1250.58  2.20037e-09  7.96154e-12
      1250.89  1.63866e-09  6.99216e-12
      1251.20  2.05871e-09  7.54017e-12
      1251.52  3.03966e-09  8.53184e-12
      1251.83  5.03232e-09  1.10525e-11
      1252.14  6.52547e-09  1.28524e-11
      1252.46  6.32145e-09  1.32514e-11
      1252.77  5.88277e-09  1.29751e-11
      1253.09  9.32764e-09  1.53334e-11
      1253.40  1.73092e-08  2.02448e-11
      1253.71  2.14590e-08  2.20295e-11
      1254.03  1.38012e-08  1.70655e-11
      1254.34  6.91233e-09  1.20530e-11
      1254.66  8.11997e-09  1.40807e-11
      1254.97  1.17420e-08  2.10874e-11
      1255.29  7.12614e-09  1.71952e-11
      1255.60  4.19567e-09  1.14435e-11
      1255.92  4.48510e-09  1.20469e-11
      1256.23  7.51320e-09  1.39046e-11
      1256.55  1.19176e-08  1.74795e-11
      1256.87  8.72047e-09  1.41093e-11
      1257.18  4.19444e-09  9.93930e-12
      1257.50  3.06059e-09  9.00350e-12
      1257.81  3.43022e-09  9.82656e-12
      1258.13  4.26575e-09  1.12159e-11
      1258.45  4.25655e-09  1.11336e-11
      1258.76  4.36982e-09  1.07516e-11
      1259.08  7.39670e-09  1.25788e-11
      1259.40  1.52701e-08  1.69534e-11
      1259.72  2.12616e-08  1.95464e-11
      1260.03  1.58306e-08  1.62256e-11
      1260.35  1.11965e-08  1.33355e-11
      1260.67  1.48737e-08  1.66894e-11
      1260.99  1.39837e-08  1.58681e-11
      1261.30  1.08786e-08  1.35641e-11
      1261.62  1.36620e-08  1.55213e-11
      1261.94  1.43464e-08  1.49494e-11
      1262.26  1.46530e-08  1.50932e-11
      1262.58  1.10818e-08  1.22458e-11
      1262.90  1.11879e-08  1.21482e-11
      1263.22  1.71275e-08  1.64688e-11
      1263.54  1.46433e-08  1.53968e-11
      1263.86  9.35305e-09  1.26237e-11
      1264.17  7.37443e-09  1.20511e-11
      1264.49  5.51611e-09  1.05444e-11
      1264.81  5.80848e-09  1.03197e-11
      1265.13  1.11624e-08  1.37354e-11
      1265.45  1.72518e-08  1.71900e-11
      1265.77  1.57031e-08  1.64396e-11
      1266.10  8.79245e-09  1.24264e-11
      1266.42  4.61811e-09  9.74858e-12
      1266.74  3.93420e-09  9.62725e-12
      1267.06  5.20877e-09  1.08975e-11
      1267.38  1.05533e-08  1.48135e-11
      1267.70  1.89596e-08  1.96659e-11
      1268.02  2.06285e-08  1.90381e-11
      1268.34  2.02177e-08  1.84674e-11
      1268.67  1.85427e-08  1.72710e-11
      1268.99  1.82221e-08  1.78739e-11
      1269.31  1.43719e-08  1.59373e-11
      1269.63  9.57399e-09  1.33401e-11
      1269.95  7.88061e-09  1.22787e-11
      1270.28  9.48646e-09  1.26301e-11
      1270.60  1.55679e-08  1.57460e-11
      1270.92  1.86929e-08  1.60264e-11
      1271.25  2.04150e-08  1.60682e-11
      1271.57  2.01859e-08  1.60754e-11
      1271.89  1.22802e-08  1.24451e-11
      1272.22  5.67389e-09  8.93047e-12
      1272.54  3.56437e-09  7.87905e-12
      1272.86  2.94731e-09  7.43205e-12
      1273.19  2.77506e-09  7.24929e-12
      1273.51  3.27135e-09  7.47176e-12
      1273.84  4.99000e-09  8.85894e-12
      1274.16  6.54957e-09  9.81067e-12
      1274.49  8.25903e-09  1.06353e-11
      1274.81  1.46462e-08  1.51173e-11
      1275.14  2.04799e-08  1.90101e-11
      1275.46  1.85646e-08  1.87097e-11
      1275.79  1.22511e-08  1.55981e-11
      1276.11  7.97248e-09  1.25623e-11
      1276.44  1.01237e-08  1.34437e-11
      1276.76  1.75290e-08  1.78884e-11
      1277.09  1.80149e-08  1.69939e-11
      1277.42  1.84338e-08  1.83170e-11
      1277.74  1.30232e-08  1.49986e-11
      1278.07  6.15969e-09  1.04672e-11
      1278.40  3.77652e-09  8.91421e-12
      1278.72  2.99270e-09  8.25672e-12
      1279.05  2.93864e-09  8.04455e-12
      1279.38  3.81195e-09  8.16409e-12
      1279.71  5.55634e-09  9.07294e-12
      1280.03  7.34176e-09  1.00079e-11
      1280.36  6.77447e-09  9.26825e-12
      1280.69  7.02633e-09  9.68267e-12
      1281.02  9.15426e-09  1.13400e-11
      1281.34  1.31923e-08  1.40044e-11
      1281.67  1.60954e-08  1.61009e-11
      1282.00  1.29528e-08  1.40919e-11
      1282.33  1.29510e-08  1.36715e-11
      1282.66  1.93092e-08  1.74599e-11
      1282.99  2.49644e-08  2.04593e-11
      1283.32  2.49734e-08  1.97566e-11
      1283.65  2.02231e-08  2.14934e-11
      1283.98  8.49297e-09  1.47464e-11
      1284.31  5.57556e-09  1.12588e-11
      1284.64  4.28329e-09  1.00027e-11
      1284.97  4.21497e-09  9.81191e-12
      1285.30  4.85932e-09  1.02926e-11
      1285.63  4.29625e-09  8.99866e-12
      1285.96  3.96564e-09  8.22229e-12
      1286.29  5.79293e-09  9.90170e-12
      1286.62  7.99002e-09  1.18533e-11
      1286.95  7.65607e-09  1.14513e-11
      1287.28  9.45348e-09  1.24381e-11
      1287.61  1.60479e-08  1.63287e-11
      1287.95  1.92763e-08  1.71000e-11
      1288.28  1.92475e-08  1.61428e-11
      1288.61  1.92888e-08  1.52291e-11
      1288.94  1.89812e-08  1.52235e-11
      1289.27  1.38649e-08  1.29012e-11
      1289.61  1.02699e-08  1.18648e-11
      1289.94  8.24162e-09  1.14185e-11
      1290.27  5.74679e-09  1.00646e-11
      1290.61  4.86599e-09  9.83865e-12
      1290.94  3.78902e-09  8.60515e-12
      1291.27  2.89412e-09  7.42033e-12
      1291.61  3.28459e-09  7.66377e-12
      1291.94  5.16228e-09  9.41381e-12
      1292.27  8.66915e-09  1.23448e-11
      1292.61  1.22898e-08  1.57285e-11
      1292.94  9.16798e-09  1.32872e-11
      1293.28  7.14696e-09  1.19349e-11
      1293.61  9.21383e-09  1.33997e-11
      1293.95  1.16992e-08  1.38513e-11
      1294.28  1.73667e-08  1.62126e-11
      1294.62  1.95305e-08  1.63528e-11
      1294.95  1.64873e-08  1.43276e-11
      1295.29  1.59299e-08  1.44491e-11
      1295.62  1.37042e-08  1.36868e-11
      1295.96  1.01226e-08  1.20540e-11
      1296.29  8.81073e-09  1.13181e-11
      1296.63  9.14843e-09  1.15152e-11
      1296.97  1.11732e-08  1.21643e-11
      1297.30  1.70569e-08  1.50119e-11
      1297.64  2.28492e-08  1.91389e-11
      1297.98  1.91892e-08  1.79128e-11
      1298.31  1.25942e-08  1.44216e-11
      1298.65  7.22130e-09  1.19656e-11
      1298.99  5.48785e-09  1.06776e-11
      1299.33  9.14661e-09  1.31623e-11
      1299.66  1.65573e-08  1.78846e-11
      1300.00  1.85013e-08  1.77108e-11
      1300.34  1.62315e-08  1.61905e-11
      1300.68  1.10232e-08  1.28054e-11
      1301.02  1.11371e-08  1.25273e-11
      1301.35  1.97225e-08  1.76747e-11
      1301.69  2.33288e-08  1.91047e-11
      1302.03  2.27238e-08  1.87790e-11
      1302.37  1.97619e-08  1.61978e-11
      1302.71  2.31936e-08  1.72602e-11
      1303.05  2.50997e-08  1.69954e-11
      1303.39  2.88059e-08  1.82282e-11
      1303.73  3.11948e-08  1.96553e-11
      1304.07  2.87009e-08  1.95849e-11
      1304.41  2.92470e-08  2.10043e-11
      1304.75  3.11113e-08  2.27650e-11
      1305.09  3.22410e-08  2.35050e-11
      1305.43  3.78984e-08  2.56920e-11
      1305.77  4.47428e-08  2.70798e-11
      1306.11  4.50708e-08  2.69805e-11
      1306.46  3.03991e-08  2.16568e-11
      1306.80  1.48086e-08  1.49610e-11
      1307.14  7.97489e-09  1.16109e-11
      1307.48  5.56847e-09  1.02217e-11
      1307.82  4.46802e-09  9.24246e-12
      1308.16  4.42520e-09  8.74202e-12
      1308.51  5.33552e-09  9.17905e-12
      1308.85  4.36511e-09  7.84325e-12
      1309.19  3.16965e-09  6.61114e-12
      1309.53  2.93270e-09  6.46095e-12
      1309.88  2.88416e-09  6.69667e-12
      1310.22  3.09041e-09  7.38775e-12
      1310.56  3.90623e-09  8.53426e-12
      1310.91  6.84794e-09  1.11397e-11
      1311.25  1.29617e-08  1.56718e-11
      1311.60  1.30969e-08  1.51349e-11
      1311.94  7.70078e-09  1.11856e-11
      1312.28  4.10314e-09  8.56019e-12
      1312.63  2.85903e-09  7.61590e-12
      1312.97  2.45851e-09  7.27903e-12
      1313.32  3.20346e-09  8.31323e-12
      1313.66  5.38979e-09  1.08673e-11
      1314.01  4.50427e-09  9.62287e-12
      1314.35  2.59111e-09  6.93124e-12
      1314.70  2.03464e-09  6.08625e-12
      1315.05  2.02258e-09  5.69921e-12
      1315.39  2.27371e-09  5.87166e-12
      1315.74  2.85234e-09  6.72184e-12
      1316.08  4.22696e-09  8.32317e-12
      1316.43  8.37923e-09  1.15696e-11
      1316.78  1.47206e-08  1.64781e-11
      1317.12  1.15495e-08  1.42132e-11
      1317.47  5.47554e-09  9.74563e-12
      1317.82  3.30447e-09  7.82410e-12
      1318.17  3.33188e-09  7.79883e-12
      1318.51  5.61228e-09  1.02574e-11
      1318.86  7.03563e-09  1.20168e-11
      1319.21  4.67792e-09  1.00583e-11
      1319.56  2.73487e-09  7.99067e-12
      1319.91  2.83935e-09  8.08174e-12
      1320.25  2.85447e-09  7.43064e-12
      1320.60  2.83249e-09  6.69536e-12
      1320.95  3.43359e-09  6.95727e-12
      1321.30  4.79823e-09  7.92428e-12
      1321.65  9.45201e-09  1.09052e-11
      1322.00  1.78166e-08  1.66141e-11
      1322.35  1.52358e-08  1.56875e-11
      1322.70  7.83439e-09  1.17388e-11
      1323.05  5.00140e-09  9.67294e-12
      1323.40  5.51828e-09  1.00684e-11
      1323.75  6.51152e-09  1.06048e-11
      1324.10  6.80218e-09  1.10334e-11
      1324.45  4.98329e-09  9.71118e-12
      1324.80  3.57343e-09  8.86589e-12
      