227
      1249.95  1.04402e-08  1.37152e-11
      1250.27  5.38460e-09  9.79535e-12
      1250.58  1.97156e-09  6.35832e-12
      1250.89  1.43694e-09  5.81457e-12
      1251.20  1.77867e-09  5.83653e-12
      1251.52  2.64508e-09  6.73814e-12
      1251.83  4.37145e-09  8.55754e-12
      1252.14  5.66900e-09  9.82642e-12
      1252.46  5.49418e-09  9.84618e-12
      1252.77  5.12291e-09  9.30325e-12
      1253.09  8.19737e-09  1.10007e-11
      1253.40  1.54143e-08  1.41543e-11
      1253.71  1.93066e-08  1.53690e-11
      1254.03  1.23688e-08  1.16949e-11
      1254.34  6.12591e-09  8.27621e-12
      1254.66  7.27988e-09  9.20730e-12
      1254.97  1.12512e-08  1.21485e-11
      1255.29  7.90565e-09  1.01716e-11
      1255.60  3.76984e-09  7.33978e-12
      1255.92  3.99815e-09  7.54785e-12
      1256.23  6.71201e-09  8.60751e-12
      1256.55  1.08425e-08  1.07516e-11
      1256.87  7.90526e-09  8.73567e-12
      1257.18  3.75705e-09  6.24636e-12
      1257.50  2.75051e-09  5.79505e-12
      1257.81  3.07854e-09  6.39031e-12
      1258.13  3.84078e-09  7.25177e-12
      1258.45  3.82122e-09  7.29410e-12
      1258.76  3.93837e-09  7.11500e-12
      1259.08  6.75501e-09  8.44080e-12
      1259.40  1.39417e-08  1.17033e-11
      1259.72  1.92654e-08  1.36723e-11
      1260.03  1.45053e-08  1.16906e-11
      1260.35  1.03618e-08  1.00262e-11
      1260.67  1.33861e-08  1.24479e-11
      1260.99  1.24695e-08  1.22264e-11
      1261.30  9.73302e-09  1.06488e-11
      1261.62  1.21728e-08  1.22508e-11
      1261.94  1.27479e-08  1.18006e-11
      1262.26  1.31537e-08  1.22813e-11
      1262.58  9.56751e-09  9.94677e-12
      1262.90  9.79278e-09  9.61487e-12
      1263.22  1.55286e-08  1.31335e-11
      1263.54  1.30365e-08  1.19864e-11
      1263.86  8.10584e-09  9.68185e-12
      1264.17  6.43885e-09  9.04474e-12
      1264.49  4.73804e-09  7.62368e-12
      1264.81  4.94810e-09  7.14798e-12
      1265.13  9.85254e-09  9.46397e-12
      1265.45  1.56378e-08  1.17645e-11
      1265.77  1.42457e-08  1.10757e-11
      1266.10  7.80531e-09  8.17058e-12
      1266.42  4.03687e-09  6.31458e-12
      1266.74  3.44817e-09  6.15423e-12
      1267.06  4.57651e-09  6.83115e-12
      1267.38  9.38619e-09  9.03777e-12
      1267.70  1.75708e-08  1.22539e-11
      1268.02  1.89352e-08  1.18467e-11
      1268.34  1.86141e-08  1.15912e-11
      1268.67  1.69033e-08  1.09432e-11
      1268.99  1.66916e-08  1.14716e-11
      1269.31  1.31478e-08  1.05525e-11
      1269.63  8.60272e-09  8.91678e-12
      1269.95  7.07613e-09  8.45896e-12
      1270.28  8.49441e-09  8.94119e-12
      1270.60  1.41121e-08  1.14240e-11
      1270.92  1.69710e-08  1.20156e-11
      1271.25  1.83848e-08  1.22655e-11
      1271.57  1.81814e-08  1.26193e-11
      1271.89  1.10519e-08  9.97890e-12
      1272.22  4.93154e-09  7.14387e-12
      1272.54  3.06821e-09  6.22664e-12
      1272.86  2.54136e-09  6.00807e-12
      1273.19  2.41066e-09  5.81769e-12
      1273.51  2.85822e-09  5.83920e-12
      1273.84  4.31599e-09  6.54880e-12
      1274.16  5.72897e-09  7.16592e-12
      1274.49  7.46016e-09  7.87283e-12
      1274.81  1.30089e-08  1.06239e-11
      1275.14  1.81215e-08  1.28822e-11
      1275.46  1.66059e-08  1.25145e-11
      1275.79  1.11004e-08  1.02128e-11
      1276.11  7.36109e-09  8.07144e-12
      1276.44  9.37875e-09  8.49539e-12
      1276.76  1.55721e-08  1.08082e-11
      1277.09  1.66336e-08  1.05769e-11
      1277.42  1.67317e-08  1.08849e-11
      1277.74  1.19729e-08  9.43593e-12
      1278.07  5.73325e-09  6.89915e-12
      1278.40  3.43850e-09  5.97263e-12
      1278.72  2.69999e-09  5.60124e-12
      1279.05  2.63996e-09  5.45076e-12
      1279.38  3.41513e-09  5.85952e-12
      1279.71  4.98717e-09  6.64428e-12
      1280.03  6.50221e-09  7.60341e-12
      1280.36  5.99904e-09  7.29305e-12
      1280.69  6.19385e-09  7.80369e-12
      1281.02  8.04233e-09  9.11481e-12
      1281.34  1.17049e-08  1.13214e-11
      1281.67  1.41939e-08  1.27620e-11
      1282.00  1.13807e-08  1.10250e-11
      1282.33  1.15146e-08  1.03086e-11
      1282.66  1.74762e-08  1.23009e-11
      1282.99  2.23822e-08  1.35888e-11
      1283.32  2.24809e-08  1.35935e-11
      1283.65  1.61127e-08  1.16086e-11
      1283.98  8.71688e-09  8.69302e-12
      1284.31  5.06349e-09  7.03585e-12
      1284.64  3.82525e-09  6.22944e-12
      1284.97  3.77752e-09  6.03751e-12
      1285.30  4.37307e-09  6.27605e-12
      1285.63  3.84160e-09  5.52085e-12
      1285.96  3.56771e-09  5.18740e-12
      1286.29  5.27583e-09  6.39731e-12
      1286.62  7.29136e-09  8.01186e-12
      1286.95  6.85986e-09  7.95864e-12
      1287.28  8.51036e-09  9.06967e-12
      1287.61  1.46413e-08  1.21543e-11
      1287.95  1.74312e-08  1.29574e-11
      1288.28  1.73504e-08  1.25042e-11
      1288.61  1.72377e-08  1.20968e-11
      1288.94  1.70426e-08  1.23445e-11
      1289.27  1.22553e-08  1.04216e-11
      1289.61  9.05044e-09  9.50619e-12
      1289.94  7.21645e-09  9.07387e-12
      1290.27  4.98105e-09  7.61229e-12
      1290.61  4.29433e-09  7.17864e-12
      1290.94  3.33973e-09  6.07176e-12
      1291.27  2.55797e-09  5.07505e-12
      1291.61  2.90823e-09  5.05268e-12
      1291.94  4.59574e-09  6.04676e-12
      1292.27  7.79529e-09  7.66023e-12
      1292.61  1.12946e-08  9.82127e-12
      1292.94  8.35460e-09  8.29705e-12
      1293.28  6.42773e-09  7.41453e-12
      1293.61  8.36880e-09  8.57106e-12
      1293.95  1.06243e-08  9.06682e-12
      1294.28  1.59167e-08  1.10450e-11
      1294.62  1.78615e-08  1.15993e-11
      1294.95  1.49187e-08  1.06374e-11
      1295.29  1.43462e-08  1.10828e-11
      1295.62  1.22272e-08  1.07368e-11
      1295.96  8.92540e-09  9.58264e-12
      1296.29  7.71335e-09  9.16959e-12
      1296.63  7.98762e-09  9.17553e-12
      1296.97  9.76765e-09  9.48138e-12
      1297.30  1.51483e-08  1.13487e-11
      1297.64  2.06101e-08  1.31494e-11
      1297.98  1.76255e-08  1.19737e-11
      1298.31  1.12685e-08  9.91842e-12
      1298.65  6.43358e-09  7.57029e-12
      1298.99  4.88033e-09  6.62499e-12
      1299.33  8.26332e-09  8.25088e-12
      1299.66  1.50394e-08  1.10152e-11
      1300.00  1.69696e-08  1.09940e-11
      1300.34  1.48564e-08  1.01363e-11
      1300.68  1.02233e-08  8.30763e-12
      1301.02  1.03036e-08  8.51499e-12
      1301.35  1.79637e-08  1.22461e-11
      1301.69  2.14066e-08  1.37340e-11
      1302.03  2.06552e-08  1.40153e-11
      1302.37  1.81028e-08  1.28067e-11
      1302.71  2.08317e-08  1.38314e-11
      1303.05  2.27503e-08  1.38797e-11
      1303.39  2.59137e-08  1.47779e-11
      1303.73  2.80327e-08  1.55081e-11
      1304.07  2.60357e-08  1.50144e-11
      1304.41  2.64978e-08  1.55989e-11
      1304.75  2.82559e-08  1.62190e-11
      1305.09  2.96409e-08  1.61729e-11
      1305.43  3.49338e-08  1.68624e-11
      1305.77  4.14195e-08  1.73999e-11
      1306.11  4.15473e-08  1.68612e-11
      1306.46  2.84293e-08  1.35795e-11
      1306.80  1.39758e-08  9.52423e-12
      1307.14  7.37647e-09  7.43556e-12
      1307.48  5.04970e-09  6.68474e-12
      1307.82  4.03762e-09  6.38359e-12
      1308.16  3.99750e-09  6.39112e-12
      1308.51  4.63687e-09  6.83125e-12
      1308.85  3.86772e-09  6.07401e-12
      1309.19  2.79821e-09  5.27502e-12
      1309.53  2.54288e-09  5.18428e-12
      1309.88  2.51138e-09  5.41218e-12
      1310.22  2.69485e-09  5.73901e-12
      1310.56  3.47747e-09  6.30928e-12
      1310.91  6.22122e-09  7.92281e-12
      1311.25  1.12848e-08  1.04757e-11
      1311.60  1.16152e-08  1.00474e-11
      1311.94  7.06299e-09  7.37132e-12
      1312.28  3.76012e-09  5.35008e-12
      1312.63  2.59312e-09  4.73721e-12
      1312.97  2.24948e-09  4.66562e-12
      1313.32  2.96107e-09  5.44441e-12
      1313.66  4.69163e-09  6.93664e-12
      1314.01  4.05830e-09  6.46180e-12
      1314.35  2.37649e-09  5.09022e-12
      1314.70  1.82516e-09  4.73303e-12
      1315.05  1.80292e-09  4.56310e-12
      1315.39  2.00856e-09  4.77769e-12
      1315.74  2.50602e-09  5.41482e-12
      1316.08  3.77906e-09  6.58072e-12
      1316.43  7.47465e-09  9.03034e-12
      1316.78  1.27249e-08  1.19916e-11
      1317.12  1.04483e-08  1.04657e-11
      1317.47  5.00281e-09  6.78075e-12
      1317.82  3.00014e-09  5.20230e-12
      1318.17  3.04997e-09  4.98445e-12
      1318.51  5.00255e-09  6.47023e-12
      1318.86  6.28074e-09  7.31405e-12
      1319.21  4.30118e-09  6.26238e-12
      1319.56  2.50354e-09  5.20526e-12
      1319.91  2.54261e-09  5.41694e-12
      1320.25  2.56510e-09  5.27865e-12
      1320.60  2.51806e-09  5.07429e-12
      1320.95  3.01683e-09  5.41862e-12
      1321.30  4.22694e-09  6.31009e-12
      1321.65  8.28168e-09  8.97622e-12
      1322.00  1.58771e-08  1.32069e-11
      1322.35  1.38697e-08  1.23288e-11
      1322.70  6.88287e-09  8.57037e-12
      1323.05  4.33806e-09  6.76864e-12
      1323.40  4.87081e-09  6.75479e-12
      1323.75  5.82479e-09  6.89486e-12
      1324.10  6.17598e-09  6.96171e-12
      1324.45  4.52157e-09  5.95280e-12
      1324.80  3.22141e-09  5.39114e-12
      