227
      1249.95  1.15815e-08  1.44104e-11
      1250.27  5.90473e-09  1.02224e-11
      1250.58  2.18579e-09  6.81436e-12
      1250.89  1.56768e-09  6.32280e-12
      1251.20  1.95715e-09  6.87972e-12
      1251.52  2.93662e-09  7.71879e-12
      1251.83  4.94238e-09  9.88044e-12
      1252.14  6.38986e-09  1.15078e-11
      1252.46  6.14937e-09  1.17136e-11
      1252.77  5.67890e-09  1.10007e-11
      1253.09  9.22129e-09  1.33565e-11
      1253.40  1.73612e-08  1.73088e-11
      1253.71  2.15286e-08  1.90752e-11
      1254.03  1.33502e-08  1.43826e-11
      1254.34  6.61488e-09  1.03524e-11
      1254.66  8.01718e-09  1.16468e-11
      1254.97  1.25014e-08  1.56186e-11
      1255.29  8.46011e-09  1.28271e-11
      1255.60  3.95620e-09  9.29086e-12
      1255.92  4.33652e-09  9.66392e-12
      1256.23  7.12380e-09  1.14240e-11
      1256.55  1.20288e-08  1.59716e-11
      1256.87  8.81634e-09  1.35545e-11
      1257.18  4.08274e-09  9.65607e-12
      1257.50  3.07120e-09  8.86856e-12
      1257.81  3.43978e-09  9.54583e-12
      1258.13  4.31033e-09  1.06947e-11
      1258.45  4.29894e-09  1.05436e-11
      1258.76  4.40172e-09  1.00638e-11
      1259.08  7.49964e-09  1.14177e-11
      1259.40  1.53974e-08  1.53985e-11
      1259.72  2.11144e-08  1.79422e-11
      1260.03  1.58378e-08  1.48592e-11
      1260.35  1.14145e-08  1.21609e-11
      1260.67  1.48332e-08  1.47317e-11
      1260.99  1.39162e-08  1.40823e-11
      1261.30  1.08923e-08  1.19958e-11
      1261.62  1.35749e-08  1.33621e-11
      1261.94  1.42728e-08  1.28047e-11
      1262.26  1.45755e-08  1.30939e-11
      1262.58  1.07649e-08  1.06856e-11
      1262.90  1.10736e-08  1.03544e-11
      1263.22  1.70100e-08  1.42070e-11
      1263.54  1.45518e-08  1.37009e-11
      1263.86  9.18284e-09  1.11787e-11
      1264.17  7.21777e-09  1.05317e-11
      1264.49  5.36189e-09  8.99671e-12
      1264.81  5.71610e-09  8.65625e-12
      1265.13  1.11272e-08  1.15293e-11
      1265.45  1.71342e-08  1.43718e-11
      1265.77  1.54242e-08  1.36609e-11
      1266.10  8.50483e-09  1.02730e-11
      1266.42  4.41161e-09  7.94415e-12
      1266.74  3.76530e-09  7.79425e-12
      1267.06  4.95610e-09  8.84409e-12
      1267.38  1.00227e-08  1.30420e-11
      1267.70  1.90937e-08  1.85430e-11
      1268.02  2.08417e-08  1.82307e-11
      1268.34  2.00843e-08  1.78360e-11
      1268.67  1.86317e-08  1.65768e-11
      1268.99  1.82814e-08  1.66750e-11
      1269.31  1.44319e-08  1.51179e-11
      1269.63  9.50282e-09  1.23878e-11
      1269.95  7.91693e-09  1.12264e-11
      1270.28  9.59205e-09  1.14844e-11
      1270.60  1.55445e-08  1.39455e-11
      1270.92  1.87585e-08  1.42789e-11
      1271.25  2.03376e-08  1.41340e-11
      1271.57  1.98963e-08  1.40212e-11
      1271.89  1.22279e-08  1.09412e-11
      1272.22  5.55902e-09  7.69242e-12
      1272.54  3.41606e-09  6.60790e-12
      1272.86  2.82990e-09  6.23916e-12
      1273.19  2.67885e-09  6.15013e-12
      1273.51  3.21929e-09  6.50953e-12
      1273.84  4.89801e-09  7.60519e-12
      1274.16  6.42578e-09  8.37453e-12
      1274.49  8.41794e-09  9.31515e-12
      1274.81  1.46003e-08  1.28792e-11
      1275.14  1.99470e-08  1.58040e-11
      1275.46  1.80506e-08  1.54165e-11
      1275.79  1.20353e-08  1.28142e-11
      1276.11  8.02893e-09  1.07555e-11
      1276.44  1.03828e-08  1.26833e-11
      1276.76  1.73141e-08  1.68757e-11
      1277.09  1.82406e-08  1.63587e-11
      1277.42  1.86130e-08  1.69675e-11
      1277.74  1.31008e-08  1.41607e-11
      1278.07  6.39090e-09  1.02424e-11
      1278.40  3.85027e-09  8.51877e-12
      1278.72  2.99587e-09  8.01341e-12
      1279.05  2.92040e-09  7.18122e-12
      1279.38  3.80284e-09  7.49649e-12
      1279.71  5.56485e-09  8.15570e-12
      1280.03  7.33138e-09  8.97563e-12
      1280.36  6.63854e-09  8.16155e-12
      1280.69  6.97415e-09  8.52976e-12
      1281.02  9.03605e-09  9.66612e-12
      1281.34  1.31739e-08  1.17871e-11
      1281.67  1.59685e-08  1.35904e-11
      1282.00  1.25842e-08  1.19446e-11
      1282.33  1.28650e-08  1.16415e-11
      1282.66  1.95902e-08  1.42184e-11
      1282.99  2.47636e-08  1.58804e-11
      1283.32  2.47186e-08  1.62514e-11
      1283.65  1.74195e-08  1.40020e-11
      1283.98  9.31749e-09  1.06936e-11
      1284.31  5.52288e-09  9.12136e-12
      1284.64  4.30404e-09  9.23916e-12
      1284.97  4.22156e-09  9.21867e-12
      1285.30  4.93418e-09  9.84522e-12
      1285.63  4.21724e-09  8.46680e-12
      1285.96  3.90146e-09  7.68871e-12
      1286.29  5.82714e-09  9.34919e-12
      1286.62  8.22784e-09  1.14249e-11
      1286.95  7.56329e-09  1.06120e-11
      1287.28  9.21297e-09  1.12152e-11
      1287.61  1.63295e-08  1.49592e-11
      1287.95  1.93059e-08  1.50165e-11
      1288.28  1.92033e-08  1.39021e-11
      1288.61  1.90776e-08  1.29420e-11
      1288.94  1.91775e-08  1.31027e-11
      1289.27  1.34934e-08  1.07427e-11
      1289.61  1.00865e-08  1.02356e-11
      1289.94  8.13834e-09  1.00529e-11
      1290.27  5.49532e-09  8.56101e-12
      1290.61  4.78482e-09  8.33299e-12
      1290.94  3.64726e-09  7.12405e-12
      1291.27  2.71788e-09  6.26146e-12
      1291.61  3.08187e-09  6.52815e-12
      1291.94  5.11716e-09  9.10642e-12
      1292.27  8.63710e-09  1.19728e-11
      1292.61  1.25410e-08  1.57492e-11
      1292.94  9.12817e-09  1.28588e-11
      1293.28  7.05312e-09  1.12556e-11
      1293.61  9.38507e-09  1.29313e-11
      1293.95  1.16643e-08  1.29719e-11
      1294.28  1.75927e-08  1.50856e-11
      1294.62  1.98224e-08  1.51599e-11
      1294.95  1.64275e-08  1.29918e-11
      1295.29  1.59341e-08  1.29974e-11
      1295.62  1.36929e-08  1.20760e-11
      1295.96  9.99802e-09  1.02467e-11
      1296.29  8.67512e-09  9.46100e-12
      1296.63  8.99543e-09  9.47594e-12
      1296.97  1.09296e-08  1.02590e-11
      1297.30  1.68934e-08  1.27337e-11
      1297.64  2.28760e-08  1.50966e-11
      1297.98  1.94576e-08  1.39168e-11
      1298.31  1.25394e-08  1.18430e-11
      1298.65  7.43824e-09  1.02908e-11
      1298.99  5.49859e-09  9.93561e-12
      1299.33  9.18598e-09  1.26859e-11
      1299.66  1.67497e-08  1.71717e-11
      1300.00  1.87112e-08  1.68398e-11
      1300.34  1.64543e-08  1.52713e-11
      1300.68  1.12039e-08  1.20279e-11
      1301.02  1.12475e-08  1.16869e-11
      1301.35  1.98464e-08  1.62656e-11
      1301.69  2.34882e-08  1.71175e-11
      1302.03  2.27535e-08  1.66139e-11
      1302.37  1.97410e-08  1.41473e-11
      1302.71  2.30538e-08  1.46906e-11
      1303.05  2.49414e-08  1.41558e-11
      1303.39  2.85160e-08  1.48844e-11
      1303.73  3.08666e-08  1.64209e-11
      1304.07  2.85449e-08  1.65295e-11
      1304.41  2.90522e-08  1.76055e-11
      1304.75  3.07719e-08  1.87958e-11
      1305.09  3.19777e-08  2.05989e-11
      1305.43  3.79927e-08  2.45871e-11
      1305.77  4.48363e-08  2.61209e-11
      1306.11  4.49300e-08  2.58909e-11
      1306.46  3.05814e-08  2.08906e-11
      1306.80  1.51977e-08  1.45500e-11
      1307.14  8.18091e-09  1.10843e-11
      1307.48  5.62611e-09  9.53238e-12
      1307.82  4.49672e-09  8.59352e-12
      1308.16  4.47139e-09  8.01013e-12
      1308.51  5.17010e-09  8.31067e-12
      1308.85  4.25432e-09  6.93255e-12
      1309.19  3.12342e-09  5.60815e-12
      1309.53  2.82216e-09  5.35830e-12
      1309.88  2.77578e-09  5.50874e-12
      1310.22  3.01479e-09  6.23907e-12
      1310.56  3.84817e-09  6.97751e-12
      1310.91  6.77668e-09  9.01727e-12
      1311.25  1.21343e-08  1.31684e-11
      1311.60  1.28058e-08  1.40915e-11
      1311.94  7.83423e-09  1.08083e-11
      1312.28  4.24098e-09  8.24108e-12
      1312.63  2.89838e-09  7.23531e-12
      1312.97  2.51295e-09  7.05790e-12
      1313.32  3.33706e-09  7.98611e-12
      1313.66  5.21756e-09  9.97390e-12
      1314.01  4.44639e-09  8.63383e-12
      1314.35  2.63921e-09  6.37815e-12
      1314.70  1.99925e-09  5.39815e-12
      1315.05  1.97373e-09  4.99152e-12
      1315.39  2.21089e-09  5.02130e-12
      1315.74  2.77022e-09  5.43238e-12
      1316.08  4.20617e-09  6.87949e-12
      1316.43  8.40996e-09  9.74823e-12
      1316.78  1.38752e-08  1.29622e-11
      1317.12  1.17283e-08  1.21153e-11
      1317.47  5.92979e-09  9.16570e-12
      1317.82  3.44277e-09  7.55519e-12
      1318.17  3.52560e-09  7.80575e-12
      1318.51  5.61958e-09  9.83152e-12
      1318.86  6.87952e-09  1.11895e-11
      1319.21  4.80441e-09  9.56722e-12
      1319.56  2.87384e-09  7.75053e-12
      1319.91  2.82550e-09  7.35508e-12
      1320.25  2.84055e-09  6.80731e-12
      1320.60  2.83464e-09  6.24503e-12
      1320.95  3.38671e-09  6.20286e-12
      1321.30  4.80823e-09  6.69981e-12
      1321.65  9.28086e-09  9.21888e-12
      1322.00  1.69767e-08  1.38474e-11
      1322.35  1.52555e-08  1.31515e-11
      1322.70  7.96648e-09  9.52434e-12
      1323.05  5.04374e-09  8.25221e-12
      1323.40  5.50727e-09  9.30998e-12
      1323.75  6.54150e-09  1.00268e-11
      1324.10  6.74419e-09  1.04785e-11
      1324.45  5.03884e-09  9.22326e-12
      1324.80  3.61246e-09  8.18274e-12
      