227
      1249.95  1.20312e-08  1.75431e-11
      1250.27  6.16075e-09  1.22898e-11
      1250.58  2.25394e-09  8.13933e-12
      1250.89  1.66503e-09  7.00592e-12
      1251.20  2.09046e-09  7.23666e-12
      1251.52  3.08547e-09  7.97070e-12
      1251.83  5.09976e-09  1.01347e-11
      1252.14  6.58909e-09  1.16436e-11
      1252.46  6.37199e-09  1.16431e-11
      1252.77  5.95317e-09  1.10352e-11
      1253.09  9.42761e-09  1.30504e-11
      1253.40  1.74602e-08  1.70386e-11
      1253.71  2.16485e-08  1.82872e-11
      1254.03  1.39033e-08  1.39437e-11
      1254.34  7.01737e-09  9.96211e-12
      1254.66  8.42821e-09  1.13888e-11
      1254.97  1.27403e-08  1.50756e-11
      1255.29  8.88312e-09  1.26405e-11
      1255.60  4.28233e-09  9.25072e-12
      1255.92  4.54109e-09  9.85999e-12
      1256.23  7.53797e-09  1.14123e-11
      1256.55  1.20736e-08  1.47312e-11
      1256.87  8.77768e-09  1.18480e-11
      1257.18  4.22019e-09  8.54115e-12
      1257.50  3.10490e-09  7.99392e-12
      1257.81  3.45154e-09  8.81692e-12
      1258.13  4.31224e-09  1.02851e-11
      1258.45  4.30618e-09  1.01889e-11
      1258.76  4.40776e-09  1.00592e-11
      1259.08  7.49701e-09  1.19728e-11
      1259.40  1.55038e-08  1.66269e-11
      1259.72  2.14597e-08  1.92639e-11
      1260.03  1.61659e-08  1.60989e-11
      1260.35  1.15542e-08  1.36809e-11
      1260.67  1.50247e-08  1.69788e-11
      1260.99  1.41471e-08  1.64493e-11
      1261.30  1.11210e-08  1.42437e-11
      1261.62  1.37702e-08  1.62367e-11
      1261.94  1.45893e-08  1.55690e-11
      1262.26  1.48725e-08  1.60319e-11
      1262.58  1.10359e-08  1.29558e-11
      1262.90  1.13924e-08  1.21057e-11
      1263.22  1.73170e-08  1.55693e-11
      1263.54  1.48540e-08  1.43943e-11
      1263.86  9.46695e-09  1.16536e-11
      1264.17  7.43642e-09  1.06899e-11
      1264.49  5.55211e-09  9.09748e-12
      1264.81  5.86939e-09  8.66883e-12
      1265.13  1.12709e-08  1.13644e-11
      1265.45  1.73976e-08  1.40150e-11
      1265.77  1.58094e-08  1.32525e-11
      1266.10  8.83443e-09  1.00092e-11
      1266.42  4.65039e-09  7.90487e-12
      1266.74  3.94519e-09  7.79240e-12
      1267.06  5.20619e-09  8.92722e-12
      1267.38  1.04898e-08  1.24328e-11
      1267.70  1.85575e-08  1.84188e-11
      1268.02  2.04500e-08  1.71034e-11
      1268.34  2.04508e-08  1.64840e-11
      1268.67  1.86364e-08  1.54178e-11
      1268.99  1.84521e-08  1.63805e-11
      1269.31  1.44848e-08  1.48514e-11
      1269.63  9.64728e-09  1.26406e-11
      1269.95  7.96176e-09  1.19015e-11
      1270.28  9.51562e-09  1.24759e-11
      1270.60  1.57787e-08  1.59748e-11
      1270.92  1.89096e-08  1.64383e-11
      1271.25  2.06221e-08  1.65850e-11
      1271.57  2.05020e-08  1.67605e-11
      1271.89  1.24046e-08  1.28622e-11
      1272.22  5.68835e-09  9.12156e-12
      1272.54  3.58974e-09  7.83501e-12
      1272.86  2.98209e-09  7.42090e-12
      1273.19  2.81900e-09  7.04450e-12
      1273.51  3.31182e-09  6.93690e-12
      1273.84  5.04399e-09  7.86383e-12
      1274.16  6.62938e-09  8.51805e-12
      1274.49  8.31987e-09  8.94323e-12
      1274.81  1.47505e-08  1.24646e-11
      1275.14  2.05758e-08  1.53630e-11
      1275.46  1.86285e-08  1.51043e-11
      1275.79  1.23530e-08  1.25547e-11
      1276.11  8.13737e-09  1.01958e-11
      1276.44  1.02813e-08  1.11069e-11
      1276.76  1.74440e-08  1.48894e-11
      1277.09  1.82428e-08  1.45192e-11
      1277.42  1.85057e-08  1.53241e-11
      1277.74  1.32086e-08  1.31764e-11
      1278.07  6.28082e-09  9.57328e-12
      1278.40  3.83910e-09  8.41339e-12
      1278.72  3.03512e-09  7.86333e-12
      1279.05  2.97467e-09  8.08260e-12
      1279.38  3.86541e-09  9.29736e-12
      1279.71  5.62529e-09  9.32487e-12
      1280.03  7.39013e-09  1.02907e-11
      1280.36  6.86307e-09  9.59610e-12
      1280.69  7.11103e-09  9.91752e-12
      1281.02  9.26960e-09  1.14396e-11
      1281.34  1.33476e-08  1.38383e-11
      1281.67  1.62090e-08  1.53984e-11
      1282.00  1.31072e-08  1.30840e-11
      1282.33  1.31444e-08  1.21844e-11
      1282.66  1.97678e-08  1.44222e-11
      1282.99  2.50719e-08  1.57691e-11
      1283.32  2.49773e-08  1.58724e-11
      1283.65  1.79668e-08  1.37953e-11
      1283.98  9.78509e-09  1.06227e-11
      1284.31  5.72134e-09  8.90349e-12
      1284.64  4.32279e-09  8.21208e-12
      1284.97  4.25519e-09  8.09266e-12
      1285.30  4.90248e-09  8.66832e-12
      1285.63  4.32730e-09  7.92199e-12
      1285.96  4.01778e-09  7.34738e-12
      1286.29  5.87198e-09  9.11802e-12
      1286.62  8.07757e-09  1.13965e-11
      1286.95  7.72186e-09  1.11206e-11
      1287.28  9.55759e-09  1.24468e-11
      1287.61  1.62590e-08  1.67577e-11
      1287.95  1.95298e-08  1.76898e-11
      1288.28  1.95106e-08  1.66770e-11
      1288.61  1.94890e-08  1.56995e-11
      1288.94  1.92342e-08  1.54475e-11
      1289.27  1.39796e-08  1.26792e-11
      1289.61  1.03944e-08  1.13339e-11
      1289.94  8.34090e-09  1.04648e-11
      1290.27  5.80806e-09  8.74142e-12
      1290.61  4.94643e-09  8.31988e-12
      1290.94  3.83886e-09  7.05739e-12
      1291.27  2.91563e-09  6.04533e-12
      1291.61  3.30350e-09  6.26247e-12
      1291.94  5.19221e-09  7.63831e-12
      1292.27  8.71597e-09  9.99595e-12
      1292.61  1.24399e-08  1.32254e-11
      1292.94  9.22233e-09  1.14206e-11
      1293.28  7.19207e-09  1.06262e-11
      1293.61  9.34338e-09  1.24173e-11
      1293.95  1.17993e-08  1.30216e-11
      1294.28  1.75638e-08  1.58292e-11
      1294.62  1.97955e-08  1.64277e-11
      1294.95  1.66446e-08  1.46001e-11
      1295.29  1.61218e-08  1.49141e-11
      1295.62  1.38592e-08  1.40842e-11
      1295.96  1.02224e-08  1.23198e-11
      1296.29  8.89287e-09  1.14492e-11
      1296.63  9.23880e-09  1.12408e-11
      1296.97  1.12531e-08  1.13510e-11
      1297.30  1.72192e-08  1.33361e-11
      1297.64  2.32668e-08  1.53348e-11
      1297.98  1.98129e-08  1.39223e-11
      1298.31  1.26961e-08  1.16140e-11
      1298.65  7.23784e-09  9.19261e-12
      1298.99  5.47723e-09  8.52207e-12
      1299.33  9.16105e-09  1.08594e-11
      1299.66  1.66795e-08  1.51551e-11
      1300.00  1.86610e-08  1.53863e-11
      1300.34  1.64186e-08  1.44220e-11
      1300.68  1.11719e-08  1.17818e-11
      1301.02  1.11495e-08  1.24291e-11
      1301.35  1.99492e-08  1.76897e-11
      1301.69  2.37250e-08  1.91032e-11
      1302.03  2.30627e-08  1.91657e-11
      1302.37  1.99569e-08  1.67576e-11
      1302.71  2.33430e-08  1.78134e-11
      1303.05  2.53451e-08  1.71580e-11
      1303.39  2.89911e-08  1.76980e-11
      1303.73  3.15006e-08  1.82731e-11
      1304.07  2.90176e-08  1.73599e-11
      1304.41  2.94695e-08  1.77904e-11
      1304.75  3.13249e-08  1.88213e-11
      1305.09  3.24146e-08  1.90950e-11
      1305.43  3.80554e-08  2.08306e-11
      1305.77  4.49068e-08  2.22417e-11
      1306.11  4.51730e-08  2.24533e-11
      1306.46  3.06448e-08  1.85539e-11
      1306.80  1.49649e-08  1.32204e-11
      1307.14  8.05130e-09  1.06054e-11
      1307.48  5.63716e-09  9.68340e-12
      1307.82  4.52710e-09  9.02987e-12
      1308.16  4.48369e-09  8.90132e-12
      1308.51  5.36330e-09  9.39362e-12
      1308.85  4.43644e-09  8.01128e-12
      1309.19  3.20576e-09  6.61954e-12
      1309.53  2.96210e-09  6.40383e-12
      1309.88  2.92358e-09  6.41812e-12
      1310.22  3.13674e-09  6.59951e-12
      1310.56  3.98662e-09  7.34202e-12
      1310.91  6.95547e-09  9.15812e-12
      1311.25  1.28939e-08  1.26605e-11
      1311.60  1.31294e-08  1.22306e-11
      1311.94  7.79706e-09  9.16916e-12
      1312.28  4.15401e-09  7.11928e-12
      1312.63  2.89308e-09  6.65032e-12
      1312.97  2.49123e-09  6.58838e-12
      1313.32  3.25605e-09  7.67297e-12
      1313.66  5.39262e-09  1.03415e-11
      1314.01  4.56150e-09  9.26054e-12
      1314.35  2.64101e-09  7.01375e-12
      1314.70  2.07009e-09  6.13624e-12
      1315.05  2.05601e-09  5.83067e-12
      1315.39  2.30697e-09  6.11229e-12
      1315.74  2.89063e-09  6.68231e-12
      1316.08  4.28430e-09  7.77973e-12
      1316.43  8.41846e-09  1.03737e-11
      1316.78  1.47645e-08  1.40135e-11
      1317.12  1.17203e-08  1.18315e-11
      1317.47  5.49451e-09  7.82903e-12
      1317.82  3.32554e-09  6.33977e-12
      1318.17  3.35754e-09  6.37769e-12
      1318.51  5.65116e-09  8.65059e-12
      1318.86  7.11742e-09  1.03832e-11
      1319.21  4.71652e-09  8.92327e-12
      1319.56  2.75050e-09  7.49957e-12
      1319.91  2.88678e-09  8.00157e-12
      1320.25  2.90399e-09  7.52663e-12
      1320.60  2.86190e-09  6.94115e-12
      1320.95  3.47943e-09  7.18284e-12
      1321.30  4.84495e-09  8.03122e-12
      1321.65  9.42394e-09  1.06318e-11
      1322.00  1.81077e-08  1.56359e-11
      1322.35  1.55030e-08  1.41236e-11
      1322.70  7.80050e-09  9.90962e-12
      1323.05  4.97580e-09  7.85418e-12
      1323.40  5.53819e-09  8.15255e-12
      1323.75  6.56008e-09  8.72620e-12
      1324.10  6.89032e-09  9.19641e-12
      1324.45  5.02821e-09  8.16290e-12
      1324.80  3.62456e-09  7.78753e-12
      