227
      1249.95  1.16260e-08  1.67203e-11
      1250.27  6.03294e-09  1.19476e-11
      1250.58  2.24060e-09  7.67538e-12
      1250.89  1.62277e-09  6.87161e-12
      1251.20  1.99309e-09  7.40565e-12
      1251.52  2.97917e-09  8.82550e-12
      1251.83  4.93831e-09  1.11421e-11
      1252.14  6.37535e-09  1.27739e-11
      1252.46  6.19299e-09  1.30834e-11
      1252.77  5.74943e-09  1.21499e-11
      1253.09  9.13821e-09  1.44379e-11
      1253.40  1.70496e-08  1.88762e-11
      1253.71  2.12305e-08  2.05244e-11
      1254.03  1.35576e-08  1.57307e-11
      1254.34  6.77811e-09  1.11792e-11
      1254.66  8.01157e-09  1.25084e-11
      1254.97  1.24087e-08  1.66445e-11
      1255.29  8.64504e-09  1.39267e-11
      1255.60  4.12791e-09  9.82475e-12
      1255.92  4.41104e-09  9.96012e-12
      1256.23  7.30101e-09  1.16288e-11
      1256.55  1.18749e-08  1.42595e-11
      1256.87  8.60576e-09  1.14142e-11
      1257.18  4.09682e-09  8.04246e-12
      1257.50  2.99973e-09  7.42019e-12
      1257.81  3.34719e-09  8.69308e-12
      1258.13  4.16423e-09  9.02474e-12
      1258.45  4.13534e-09  8.77624e-12
      1258.76  4.26187e-09  8.47770e-12
      1259.08  7.25019e-09  9.82845e-12
      1259.40  1.50217e-08  1.36210e-11
      1259.72  2.09310e-08  1.61440e-11
      1260.03  1.57145e-08  1.37047e-11
      1260.35  1.11308e-08  1.16212e-11
      1260.67  1.46637e-08  1.46591e-11
      1260.99  1.37448e-08  1.43196e-11
      1261.30  1.06392e-08  1.24040e-11
      1261.62  1.34652e-08  1.44969e-11
      1261.94  1.41011e-08  1.40447e-11
      1262.26  1.45869e-08  1.44472e-11
      1262.58  1.08234e-08  1.17885e-11
      1262.90  1.08731e-08  1.18922e-11
      1263.22  1.71144e-08  1.63760e-11
      1263.54  1.44982e-08  1.51907e-11
      1263.86  9.09006e-09  1.25050e-11
      1264.17  7.20492e-09  1.16282e-11
      1264.49  5.35691e-09  9.91896e-12
      1264.81  5.59305e-09  9.43944e-12
      1265.13  1.08927e-08  1.25777e-11
      1265.45  1.70817e-08  1.56626e-11
      1265.77  1.55813e-08  1.48271e-11
      1266.10  8.63255e-09  1.10928e-11
      1266.42  4.48512e-09  8.42946e-12
      1266.74  3.83062e-09  8.14973e-12
      1267.06  5.06842e-09  9.08692e-12
      1267.38  1.01997e-08  1.20681e-11
      1267.70  1.87212e-08  1.57548e-11
      1268.02  2.03688e-08  1.52275e-11
      1268.34  1.99342e-08  1.46211e-11
      1268.67  1.82529e-08  1.36911e-11
      1268.99  1.78415e-08  1.40287e-11
      1269.31  1.41684e-08  1.27394e-11
      1269.63  9.36144e-09  1.06612e-11
      1269.95  7.73336e-09  9.97978e-12
      1270.28  9.30999e-09  1.04354e-11
      1270.60  1.51935e-08  1.31067e-11
      1270.92  1.84390e-08  1.39604e-11
      1271.25  2.00288e-08  1.43541e-11
      1271.57  1.97177e-08  1.47330e-11
      1271.89  1.22363e-08  1.19028e-11
      1272.22  5.58659e-09  8.64654e-12
      1272.54  3.49672e-09  7.64047e-12
      1272.86  2.88714e-09  7.38160e-12
      1273.19  2.73273e-09  7.17878e-12
      1273.51  3.24577e-09  7.45792e-12
      1273.84  4.86765e-09  8.46314e-12
      1274.16  6.41818e-09  9.36439e-12
      1274.49  8.37117e-09  1.04097e-11
      1274.81  1.43769e-08  1.42210e-11
      1275.14  1.97693e-08  1.73837e-11
      1275.46  1.81112e-08  1.68325e-11
      1275.79  1.21798e-08  1.39303e-11
      1276.11  8.11763e-09  1.08579e-11
      1276.44  1.02812e-08  1.13393e-11
      1276.76  1.67992e-08  1.41726e-11
      1277.09  1.78654e-08  1.37905e-11
      1277.42  1.80200e-08  1.41058e-11
      1277.74  1.28442e-08  1.19538e-11
      1278.07  6.25011e-09  8.62990e-12
      1278.40  3.73824e-09  7.22086e-12
      1278.72  2.93187e-09  6.84395e-12
      1279.05  2.88883e-09  6.69042e-12
      1279.38  3.74169e-09  6.78037e-12
      1279.71  5.47360e-09  7.67331e-12
      1280.03  7.19039e-09  8.97260e-12
      1280.36  6.62444e-09  8.59804e-12
      1280.69  6.91671e-09  9.23996e-12
      1281.02  8.96395e-09  1.10000e-11
      1281.34  1.30147e-08  1.38612e-11
      1281.67  1.58065e-08  1.59266e-11
      1282.00  1.25760e-08  1.36798e-11
      1282.33  1.27754e-08  1.32259e-11
      1282.66  1.92939e-08  1.58951e-11
      1282.99  2.45203e-08  1.77445e-11
      1283.32  2.45719e-08  1.80710e-11
      1283.65  1.75555e-08  1.56426e-11
      1283.98  9.52656e-09  1.18750e-11
      1284.31  5.57126e-09  9.63381e-12
      1284.64  4.19677e-09  8.50552e-12
      1284.97  4.12713e-09  7.97738e-12
      1285.30  4.80278e-09  8.28323e-12
      1285.63  4.16394e-09  7.16484e-12
      1285.96  3.83913e-09  6.55507e-12
      1286.29  5.68531e-09  7.94278e-12
      1286.62  7.92337e-09  9.73930e-12
      1286.95  7.42523e-09  9.34727e-12
      1287.28  9.14725e-09  1.03379e-11
      1287.61  1.59725e-08  1.42535e-11
      1287.95  1.90361e-08  1.50925e-11
      1288.28  1.90164e-08  1.46246e-11
      1288.61  1.89420e-08  1.42983e-11
      1288.94  1.88990e-08  1.49439e-11
      1289.27  1.35138e-08  1.27335e-11
      1289.61  1.00886e-08  1.18858e-11
      1289.94  8.09783e-09  1.13076e-11
      1290.27  5.58975e-09  9.80193e-12
      1290.61  4.81798e-09  9.26765e-12
      1290.94  3.72067e-09  7.94492e-12
      1291.27  2.82428e-09  6.77831e-12
      1291.61  3.19052e-09  6.80602e-12
      1291.94  5.05198e-09  8.31870e-12
      1292.27  8.46567e-09  1.03827e-11
      1292.61  1.23131e-08  1.32528e-11
      1292.94  9.01642e-09  1.10196e-11
      1293.28  6.95650e-09  9.65766e-12
      1293.61  9.09042e-09  1.08517e-11
      1293.95  1.14054e-08  1.10337e-11
      1294.28  1.71543e-08  1.31507e-11
      1294.62  1.93454e-08  1.36477e-11
      1294.95  1.61969e-08  1.23683e-11
      1295.29  1.57123e-08  1.29746e-11
      1295.62  1.35030e-08  1.26080e-11
      1295.96  9.94022e-09  1.14663e-11
      1296.29  8.61431e-09  1.10244e-11
      1296.63  8.95931e-09  1.12706e-11
      1296.97  1.09170e-08  1.19937e-11
      1297.30  1.67688e-08  1.44893e-11
      1297.64  2.26147e-08  1.69580e-11
      1297.98  1.93127e-08  1.56918e-11
      1298.31  1.24255e-08  1.31149e-11
      1298.65  7.09794e-09  1.01790e-11
      1298.99  5.39286e-09  9.04487e-12
      1299.33  9.00883e-09  1.11924e-11
      1299.66  1.62340e-08  1.47406e-11
      1300.00  1.82233e-08  1.44150e-11
      1300.34  1.59814e-08  1.29739e-11
      1300.68  1.09975e-08  1.03614e-11
      1301.02  1.11036e-08  1.02950e-11
      1301.35  1.93098e-08  1.44802e-11
      1301.69  2.30648e-08  1.59430e-11
      1302.03  2.23904e-08  1.62208e-11
      1302.37  1.96885e-08  1.48491e-11
      1302.71  2.27787e-08  1.62024e-11
      1303.05  2.48255e-08  1.64184e-11
      1303.39  2.83647e-08  1.78665e-11
      1303.73  3.05641e-08  1.91617e-11
      1304.07  2.84206e-08  1.89976e-11
      1304.41  2.88680e-08  2.01233e-11
      1304.75  3.05989e-08  2.12616e-11
      1305.09  3.19732e-08  2.15078e-11
      1305.43  3.74873e-08  2.27509e-11
      1305.77  4.40251e-08  2.34216e-11
      1306.11  4.39732e-08  2.27069e-11
      1306.46  3.01227e-08  1.81219e-11
      1306.80  1.50422e-08  1.25909e-11
      1307.14  8.03124e-09  9.54165e-12
      1307.48  5.51098e-09  8.27288e-12
      1307.82  4.42051e-09  7.77377e-12
      1308.16  4.41780e-09  7.52469e-12
      1308.51  5.14831e-09  7.94510e-12
      1308.85  4.28622e-09  7.14446e-12
      1309.19  3.15207e-09  6.14663e-12
      1309.53  2.87567e-09  6.17926e-12
      1309.88  2.83227e-09  6.51606e-12
      1310.22  3.03336e-09  7.10941e-12
      1310.56  3.91176e-09  8.15792e-12
      1310.91  6.94759e-09  1.03809e-11
      1311.25  1.23820e-08  1.39433e-11
      1311.60  1.25987e-08  1.33972e-11
      1311.94  7.71517e-09  9.99173e-12
      1312.28  4.15524e-09  7.39443e-12
      1312.63  2.84815e-09  6.52841e-12
      1312.97  2.46158e-09  6.07591e-12
      1313.32  3.23581e-09  6.93268e-12
      1313.66  5.06589e-09  8.60233e-12
      1314.01  4.39884e-09  7.80000e-12
      1314.35  2.63979e-09  6.00628e-12
      1314.70  2.03055e-09  5.19976e-12
      1315.05  2.00670e-09  5.19538e-12
      1315.39  2.25000e-09  5.59302e-12
      1315.74  2.82190e-09  6.36588e-12
      1316.08  4.26856e-09  8.06985e-12
      1316.43  8.39270e-09  1.13245e-11
      1316.78  1.38558e-08  1.53153e-11
      1317.12  1.13717e-08  1.36283e-11
      1317.47  5.60079e-09  9.23139e-12
      1317.82  3.34884e-09  7.31257e-12
      1318.17  3.40558e-09  6.89873e-12
      1318.51  5.44205e-09  8.64263e-12
      1318.86  6.73639e-09  9.83883e-12
      1319.21  4.70259e-09  8.22537e-12
      1319.56  2.77474e-09  6.56078e-12
      1319.91  2.76203e-09  6.49406e-12
      1320.25  2.82185e-09  6.20535e-12
      1320.60  2.81106e-09  5.88967e-12
      1320.95  3.37433e-09  6.28799e-12
      1321.30  4.80558e-09  7.41324e-12
      1321.65  9.35920e-09  1.05129e-11
      1322.00  1.70513e-08  1.57345e-11
      1322.35  1.51468e-08  1.52879e-11
      1322.70  7.78276e-09  1.10304e-11
      1323.05  4.91962e-09  8.98647e-12
      1323.40  5.38184e-09  8.94174e-12
      1323.75  6.38303e-09  9.32213e-12
      1324.10  6.69124e-09  9.56486e-12
      1324.45  4.97316e-09  8.16640e-12
      1324.80  3.52291e-09  7.13616e-12
      