227
      1249.95  1.16793e-08  1.63838e-11
      1250.27  6.00043e-09  1.15703e-11
      1250.58  2.19181e-09  7.53323e-12
      1250.89  1.62469e-09  6.72897e-12
      1251.20  2.02817e-09  6.86845e-12
      1251.52  2.99431e-09  7.81561e-12
      1251.83  4.95707e-09  9.76180e-12
      1252.14  6.40719e-09  1.12820e-11
      1252.46  6.22003e-09  1.12731e-11
      1252.77  5.80260e-09  1.05577e-11
      1253.09  9.20593e-09  1.24879e-11
      1253.40  1.70997e-08  1.62101e-11
      1253.71  2.12453e-08  1.72916e-11
      1254.03  1.36491e-08  1.30724e-11
      1254.34  6.87244e-09  9.26360e-12
      1254.66  8.24689e-09  1.04133e-11
      1254.97  1.25047e-08  1.35820e-11
      1255.29  8.71799e-09  1.11996e-11
      1255.60  4.18442e-09  8.21087e-12
      1255.92  4.44016e-09  8.58908e-12
      1256.23  7.38282e-09  9.89293e-12
      1256.55  1.18695e-08  1.26208e-11
      1256.87  8.62222e-09  1.01624e-11
      1257.18  4.12398e-09  7.28586e-12
      1257.50  3.02709e-09  6.81806e-12
      1257.81  3.30640e-09  7.74070e-12
      1258.13  4.12271e-09  7.91897e-12
      1258.45  4.18674e-09  9.02472e-12
      1258.76  4.30311e-09  8.72321e-12
      1259.08  7.35469e-09  1.04882e-11
      1259.40  1.51473e-08  1.45222e-11
      1259.72  2.09280e-08  1.70361e-11
      1260.03  1.58106e-08  1.44062e-11
      1260.35  1.13000e-08  1.23099e-11
      1260.67  1.45828e-08  1.53557e-11
      1260.99  1.37342e-08  1.50443e-11
      1261.30  1.08474e-08  1.31708e-11
      1261.62  1.34240e-08  1.49437e-11
      1261.94  1.42142e-08  1.46396e-11
      1262.26  1.45416e-08  1.62709e-11
      1262.58  9.82161e-09  1.16566e-11
      1262.90  1.10769e-08  1.16704e-11
      1263.22  1.69754e-08  1.49983e-11
      1263.54  1.45202e-08  1.39159e-11
      1263.86  9.23349e-09  1.14720e-11
      1264.17  7.25343e-09  1.04784e-11
      1264.49  5.40143e-09  8.72627e-12
      1264.81  5.69392e-09  8.23031e-12
      1265.13  1.10182e-08  1.07395e-11
      1265.45  1.71288e-08  1.31472e-11
      1265.77  1.55704e-08  1.22685e-11
      1266.10  8.65483e-09  9.11034e-12
      1266.42  4.53779e-09  7.05315e-12
      1266.74  3.85331e-09  6.83077e-12
      1267.06  5.08373e-09  7.70632e-12
      1267.38  1.02956e-08  1.05887e-11
      1267.70  1.83910e-08  1.60860e-11
      1268.02  2.00332e-08  1.50014e-11
      1268.34  2.01166e-08  1.41424e-11
      1268.67  1.82649e-08  1.31241e-11
      1268.99  1.80898e-08  1.39604e-11
      1269.31  1.41664e-08  1.26845e-11
      1269.63  9.37431e-09  1.08954e-11
      1269.95  7.73346e-09  1.04666e-11
      1270.28  9.25892e-09  1.11018e-11
      1270.60  1.54046e-08  1.42574e-11
      1270.92  1.84465e-08  1.47819e-11
      1271.25  2.01061e-08  1.50417e-11
      1271.57  2.00047e-08  1.52845e-11
      1271.89  1.20812e-08  1.18009e-11
      1272.22  5.49005e-09  8.50701e-12
      1272.54  3.46602e-09  7.42363e-12
      1272.86  2.89097e-09  7.04769e-12
      1273.19  2.73992e-09  6.66363e-12
      1273.51  3.21762e-09  6.74972e-12
      1273.84  4.90272e-09  7.59425e-12
      1274.16  6.47338e-09  8.17399e-12
      1274.49  8.18962e-09  8.56611e-12
      1274.81  1.44371e-08  1.17561e-11
      1275.14  2.01325e-08  1.42345e-11
      1275.46  1.82997e-08  1.37828e-11
      1275.79  1.21679e-08  1.12925e-11
      1276.11  8.02521e-09  8.99280e-12
      1276.44  9.85161e-09  9.89087e-12
      1276.76  1.62077e-08  1.20248e-11
      1277.09  1.78199e-08  1.29620e-11
      1277.42  1.81439e-08  1.30888e-11
      1277.74  1.29816e-08  1.13525e-11
      1278.07  6.17975e-09  8.26482e-12
      1278.40  3.75062e-09  7.20757e-12
      1278.72  2.95357e-09  6.82034e-12
      1279.05  2.90163e-09  6.87732e-12
      1279.38  3.76929e-09  7.53675e-12
      1279.71  5.48860e-09  8.39020e-12
      1280.03  7.19227e-09  9.34846e-12
      1280.36  6.67759e-09  8.88611e-12
      1280.69  6.91309e-09  9.31227e-12
      1281.02  8.99085e-09  1.08132e-11
      1281.34  1.30231e-08  1.33048e-11
      1281.67  1.58240e-08  1.48120e-11
      1282.00  1.28182e-08  1.27011e-11
      1282.33  1.28751e-08  1.18646e-11
      1282.66  1.93597e-08  1.39799e-11
      1282.99  2.45873e-08  1.50996e-11
      1283.32  2.45516e-08  1.49909e-11
      1283.65  1.76634e-08  1.27800e-11
      1283.98  9.61675e-09  9.59035e-12
      1284.31  5.62385e-09  7.86723e-12
      1284.64  4.23689e-09  7.14911e-12
      1284.97  4.15968e-09  7.04068e-12
      1285.30  4.76261e-09  7.70902e-12
      1285.63  4.08639e-09  6.91423e-12
      1285.96  3.91124e-09  6.31281e-12
      1286.29  5.75017e-09  7.84433e-12
      1286.62  7.90331e-09  9.81265e-12
      1286.95  7.51190e-09  9.71904e-12
      1287.28  9.31404e-09  1.10830e-11
      1287.61  1.58874e-08  1.49815e-11
      1287.95  1.90661e-08  1.60802e-11
      1288.28  1.90582e-08  1.53524e-11
      1288.61  1.90092e-08  1.46428e-11
      1288.94  1.87938e-08  1.46089e-11
      1289.27  1.36390e-08  1.21025e-11
      1289.61  1.01607e-08  1.09485e-11
      1289.94  8.23736e-09  1.07086e-11
      1290.27  5.58824e-09  8.81100e-12
      1290.61  4.82575e-09  7.93316e-12
      1290.94  3.75368e-09  6.67553e-12
      1291.27  2.85732e-09  5.58789e-12
      1291.61  3.23582e-09  5.67247e-12
      1291.94  5.09374e-09  6.78045e-12
      1292.27  8.54635e-09  8.71185e-12
      1292.61  1.22429e-08  1.13546e-11
      1292.94  9.07309e-09  9.74403e-12
      1293.28  7.04100e-09  8.95062e-12
      1293.61  9.15091e-09  1.06605e-11
      1293.95  1.15305e-08  1.12777e-11
      1294.28  1.72152e-08  1.39175e-11
      1294.62  1.93873e-08  1.46450e-11
      1294.95  1.62631e-08  1.31777e-11
      1295.29  1.57186e-08  1.37231e-11
      1295.62  1.34976e-08  1.31079e-11
      1295.96  9.95166e-09  1.16426e-11
      1296.29  8.65028e-09  1.09102e-11
      1296.63  8.98692e-09  1.06849e-11
      1296.97  1.09681e-08  1.09817e-11
      1297.30  1.68450e-08  1.28958e-11
      1297.64  2.28286e-08  1.47252e-11
      1297.98  1.94550e-08  1.32023e-11
      1298.31  1.24339e-08  1.07441e-11
      1298.65  7.08131e-09  8.25962e-12
      1298.99  5.34204e-09  7.39406e-12
      1299.33  8.96735e-09  9.33712e-12
      1299.66  1.64051e-08  1.28940e-11
      1300.00  1.83751e-08  1.30708e-11
      1300.34  1.60956e-08  1.23230e-11
      1300.68  1.09555e-08  1.00910e-11
      1301.02  1.09515e-08  1.04187e-11
      1301.35  1.95070e-08  1.53992e-11
      1301.69  2.31867e-08  1.70294e-11
      1302.03  2.24800e-08  1.73502e-11
      1302.37  1.95564e-08  1.54622e-11
      1302.71  2.27913e-08  1.66152e-11
      1303.05  2.48692e-08  1.62774e-11
      1303.39  2.84062e-08  1.69706e-11
      1303.73  3.08887e-08  1.75485e-11
      1304.07  2.85305e-08  1.67155e-11
      1304.41  2.89391e-08  1.69773e-11
      1304.75  3.07789e-08  1.76543e-11
      1305.09  3.19632e-08  1.75287e-11
      1305.43  3.75156e-08  1.85336e-11
      1305.77  4.42953e-08  1.94181e-11
      1306.11  4.44838e-08  1.92961e-11
      1306.46  3.02812e-08  1.58640e-11
      1306.80  1.48370e-08  1.13789e-11
      1307.14  7.93208e-09  9.12188e-12
      1307.48  5.51315e-09  8.38835e-12
      1307.82  4.42474e-09  8.00536e-12
      1308.16  4.38018e-09  7.97977e-12
      1308.51  5.18660e-09  8.61524e-12
      1308.85  4.31634e-09  7.56736e-12
      1309.19  3.13363e-09  6.44585e-12
      1309.53  2.88479e-09  6.17066e-12
      1309.88  2.84258e-09  6.14765e-12
      1310.22  3.04377e-09  6.37184e-12
      1310.56  3.88632e-09  7.03931e-12
      1310.91  6.82919e-09  8.70570e-12
      1311.25  1.25755e-08  1.16917e-11
      1311.60  1.28512e-08  1.10669e-11
      1311.94  7.67618e-09  8.09805e-12
      1312.28  4.09338e-09  6.13451e-12
      1312.63  2.84457e-09  5.56239e-12
      1312.97  2.45820e-09  5.63859e-12
      1313.32  3.21187e-09  6.53066e-12
      1313.66  5.23298e-09  8.81935e-12
      1314.01  4.44939e-09  8.02846e-12
      1314.35  2.57616e-09  6.41557e-12
      1314.70  2.01100e-09  5.64136e-12
      1315.05  2.00208e-09  5.48921e-12
      1315.39  2.24883e-09  5.68518e-12
      1315.74  2.82376e-09  6.34522e-12
      1316.08  4.20466e-09  7.46430e-12
      1316.43  8.25049e-09  1.00191e-11
      1316.78  1.43495e-08  1.34247e-11
      1317.12  1.15172e-08  1.12447e-11
      1317.47  5.42424e-09  7.24695e-12
      1317.82  3.27830e-09  5.66994e-12
      1318.17  3.31270e-09  5.58746e-12
      1318.51  5.53177e-09  7.44142e-12
      1318.86  6.96401e-09  8.83205e-12
      1319.21  4.65546e-09  7.68688e-12
      1319.56  2.69823e-09  6.46262e-12
      1319.91  2.81135e-09  6.88054e-12
      1320.25  2.83500e-09  6.73225e-12
      1320.60  2.79259e-09  6.39702e-12
      1320.95  3.37676e-09  6.82371e-12
      1321.30  4.68954e-09  7.64679e-12
      1321.65  9.15328e-09  1.01982e-11
      1322.00  1.77928e-08  1.52193e-11
      1322.35  1.52740e-08  1.37249e-11
      1322.70  7.59997e-09  9.47782e-12
      1323.05  4.83929e-09  7.35676e-12
      1323.40  5.42030e-09  7.43121e-12
      1323.75  6.42941e-09  7.66098e-12
      1324.10  6.76628e-09  7.89916e-12
      1324.45  4.92633e-09  6.90166e-12
      1324.80  3.53661e-09  6.48444e-12
      