227
      1249.95  1.14874e-08  2.37126e-11
      1250.27  5.74090e-09  1.67567e-11
      1250.58  2.08945e-09  1.11057e-11
      1250.89  1.58247e-09  9.98709e-12
      1251.20  1.97996e-09  1.06554e-11
      1251.52  2.91824e-09  1.18258e-11
      1251.83  4.86559e-09  1.50906e-11
      1252.14  6.30716e-09  1.70873e-11
      1252.46  6.11414e-09  1.68804e-11
      1252.77  5.70291e-09  1.58190e-11
      1253.09  9.02187e-09  1.87747e-11
      1253.40  1.67155e-08  2.44048e-11
      1253.71  2.07588e-08  2.62683e-11
      1254.03  1.34034e-08  2.04658e-11
      1254.34  6.68593e-09  1.45908e-11
      1254.66  7.91446e-09  1.61843e-11
      1254.97  1.18383e-08  2.22447e-11
      1255.29  8.25916e-09  1.80928e-11
      1255.60  4.10553e-09  1.24310e-11
      1255.92  4.35351e-09  1.27067e-11
      1256.23  7.29649e-09  1.47018e-11
      1256.55  1.14758e-08  1.80385e-11
      1256.87  8.72264e-09  1.57754e-11
      1257.18  4.76634e-09  1.26830e-11
      1257.50  2.99648e-09  1.12238e-11
      1257.81  3.31191e-09  1.24068e-11
      1258.13  4.07637e-09  1.37793e-11
      1258.45  4.07644e-09  1.38584e-11
      1258.76  4.26099e-09  1.37259e-11
      1259.08  7.29169e-09  1.62299e-11
      1259.40  1.49178e-08  2.21167e-11
      1259.72  2.04241e-08  2.55904e-11
      1260.03  1.51704e-08  2.13245e-11
      1260.35  1.08837e-08  1.81823e-11
      1260.67  1.45024e-08  2.28227e-11
      1260.99  1.34028e-08  2.17771e-11
      1261.30  1.03813e-08  1.86762e-11
      1261.62  1.32713e-08  2.15422e-11
      1261.94  1.38019e-08  2.06632e-11
      1262.26  1.42995e-08  2.09630e-11
      1262.58  1.06295e-08  1.70381e-11
      1262.90  1.07671e-08  1.69262e-11
      1263.22  1.67482e-08  2.24883e-11
      1263.54  1.41799e-08  2.05774e-11
      1263.86  8.94329e-09  1.65036e-11
      1264.17  7.08709e-09  1.54125e-11
      1264.49  5.27229e-09  1.30289e-11
      1264.81  5.56511e-09  1.24849e-11
      1265.13  1.07624e-08  1.62628e-11
      1265.45  1.67141e-08  2.01018e-11
      1265.77  1.52427e-08  1.89846e-11
      1266.10  8.48718e-09  1.41850e-11
      1266.42  4.44271e-09  1.08989e-11
      1266.74  3.77455e-09  1.06102e-11
      1267.06  5.00008e-09  1.15988e-11
      1267.38  1.01741e-08  1.51481e-11
      1267.70  1.83524e-08  1.98926e-11
      1268.02  1.99081e-08  2.10530e-11
      1268.34  1.93205e-08  1.98959e-11
      1268.67  1.78677e-08  2.13902e-11
      1268.99  1.74882e-08  2.22672e-11
      1269.31  1.36901e-08  1.99646e-11
      1269.63  9.12717e-09  1.67884e-11
      1269.95  7.57657e-09  1.56020e-11
      1270.28  9.27367e-09  1.65531e-11
      1270.60  1.50506e-08  2.08081e-11
      1270.92  1.80341e-08  2.15985e-11
      1271.25  1.96853e-08  2.22092e-11
      1271.57  1.92190e-08  2.24844e-11
      1271.89  1.16669e-08  1.73946e-11
      1272.22  5.42214e-09  1.24176e-11
      1272.54  3.40915e-09  1.07752e-11
      1272.86  2.83809e-09  1.02927e-11
      1273.19  2.67266e-09  9.85132e-12
      1273.51  3.15826e-09  9.82813e-12
      1273.84  4.81976e-09  1.13962e-11
      1274.16  6.30257e-09  1.23529e-11
      1274.49  8.03845e-09  1.32967e-11
      1274.81  1.41898e-08  1.81940e-11
      1275.14  1.96972e-08  2.19117e-11
      1275.46  1.78772e-08  2.08408e-11
      1275.79  1.18715e-08  1.68972e-11
      1276.11  7.67837e-09  1.32930e-11
      1276.44  8.94468e-09  1.46152e-11
      1276.76  1.46443e-08  1.69517e-11
      1277.09  1.59259e-08  2.09613e-11
      1277.42  1.48909e-08  2.11281e-11
      1277.74  1.12085e-08  1.98157e-11
      1278.07  5.73466e-09  1.30000e-11
      1278.40  3.58997e-09  1.13068e-11
      1278.72  2.84682e-09  1.05326e-11
      1279.05  2.82230e-09  1.00468e-11
      1279.38  3.70682e-09  1.09186e-11
      1279.71  5.38455e-09  1.23742e-11
      1280.03  7.09154e-09  1.38635e-11
      1280.36  6.46458e-09  1.29959e-11
      1280.69  6.76036e-09  1.35529e-11
      1281.02  8.83945e-09  1.58100e-11
      1281.34  1.27923e-08  1.92488e-11
      1281.67  1.55682e-08  2.15641e-11
      1282.00  1.24262e-08  1.84200e-11
      1282.33  1.24949e-08  1.74077e-11
      1282.66  1.88608e-08  2.13936e-11
      1282.99  2.40977e-08  2.40430e-11
      1283.32  2.42268e-08  2.36342e-11
      1283.65  1.98143e-08  2.57897e-11
      1283.98  7.98357e-09  1.66957e-11
      1284.31  5.37592e-09  1.19281e-11
      1284.64  4.13076e-09  1.04258e-11
      1284.97  4.07107e-09  9.99504e-12
      1285.30  4.71365e-09  1.02649e-11
      1285.63  4.26167e-09  1.02166e-11
      1285.96  3.87765e-09  9.32285e-12
      1286.29  5.69007e-09  1.25883e-11
      1286.62  7.74452e-09  1.50940e-11
      1286.95  7.36565e-09  1.48810e-11
      1287.28  9.24863e-09  1.65777e-11
      1287.61  1.55708e-08  2.19192e-11
      1287.95  1.85959e-08  2.32265e-11
      1288.28  1.85936e-08  2.20631e-11
      1288.61  1.85934e-08  2.13189e-11
      1288.94  1.82304e-08  2.13247e-11
      1289.27  1.33116e-08  1.79619e-11
      1289.61  9.86183e-09  1.60809e-11
      1289.94  7.91165e-09  1.49423e-11
      1290.27  5.53063e-09  1.27314e-11
      1290.61  4.68692e-09  1.17840e-11
      1290.94  3.66687e-09  1.00775e-11
      1291.27  2.79996e-09  8.65040e-12
      1291.61  3.19072e-09  8.63055e-12
      1291.94  5.01160e-09  1.03165e-11
      1292.27  8.38113e-09  1.29688e-11
      1292.61  1.18250e-08  1.61852e-11
      1292.94  9.04322e-09  1.42487e-11
      1293.28  6.85839e-09  1.28679e-11
      1293.61  8.91059e-09  1.65435e-11
      1293.95  1.14390e-08  1.76078e-11
      1294.28  1.68690e-08  2.09544e-11
      1294.62  1.87251e-08  2.16539e-11
      1294.95  1.59099e-08  1.96954e-11
      1295.29  1.53209e-08  2.00516e-11
      1295.62  1.30837e-08  1.90063e-11
      1295.96  9.71909e-09  1.66701e-11
      1296.29  8.44760e-09  1.56204e-11
      1296.63  8.82194e-09  1.55953e-11
      1296.97  1.08318e-08  1.61150e-11
      1297.30  1.65316e-08  1.93420e-11
      1297.64  2.19677e-08  2.29477e-11
      1297.98  1.86744e-08  2.08915e-11
      1298.31  1.21661e-08  1.65480e-11
      1298.65  7.25677e-09  1.36543e-11
      1298.99  5.85958e-09  1.10530e-11
      1299.33  9.17712e-09  1.45542e-11
      1299.66  1.59139e-08  1.81084e-11
      1300.00  1.79837e-08  2.01834e-11
      1300.34  1.56355e-08  1.86405e-11
      1300.68  1.05162e-08  1.59227e-11
      1301.02  1.10069e-08  1.63290e-11
      1301.35  1.92574e-08  2.33459e-11
      1301.69  2.25412e-08  2.54940e-11
      1302.03  2.17846e-08  2.51555e-11
      1302.37  1.90617e-08  2.22034e-11
      1302.71  2.24183e-08  2.39509e-11
      1303.05  2.42073e-08  2.35563e-11
      1303.39  2.78609e-08  2.49523e-11
      1303.73  3.00023e-08  2.60528e-11
      1304.07  2.77078e-08  2.48860e-11
      1304.41  2.83176e-08  2.56317e-11
      1304.75  3.00471e-08  2.64097e-11
      1305.09  3.12405e-08  2.59496e-11
      1305.43  3.67272e-08  2.71842e-11
      1305.77  4.33360e-08  2.81868e-11
      1306.11  4.36063e-08  2.79032e-11
      1306.46  2.99420e-08  2.28039e-11
      1306.80  1.67436e-08  1.84520e-11
      1307.14  7.84110e-09  1.42265e-11
      1307.48  5.32349e-09  1.29806e-11
      1307.82  4.27662e-09  1.20888e-11
      1308.16  4.31122e-09  1.17179e-11
      1308.51  5.13962e-09  1.25627e-11
      1308.85  4.14367e-09  1.09509e-11
      1309.19  3.03657e-09  9.29430e-12
      1309.53  2.81970e-09  9.17221e-12
      1309.88  2.77353e-09  9.18415e-12
      1310.22  2.97320e-09  9.57081e-12
      1310.56  3.77108e-09  1.05174e-11
      1310.91  6.67720e-09  1.29728e-11
      1311.25  1.24913e-08  1.75692e-11
      1311.60  1.25509e-08  1.64714e-11
      1311.94  7.46755e-09  1.21453e-11
      1312.28  4.01837e-09  9.06172e-12
      1312.63  2.80217e-09  8.26288e-12
      1312.97  2.41898e-09  8.12354e-12
      1313.32  3.17287e-09  1.04639e-11
      1313.66  5.21628e-09  1.37859e-11
      1314.01  4.21719e-09  1.19843e-11
      1314.35  2.47130e-09  9.22500e-12
      1314.70  1.95410e-09  8.34441e-12
      1315.05  1.97024e-09  8.01873e-12
      1315.39  2.21588e-09  8.42512e-12
      1315.74  2.78348e-09  9.48674e-12
      1316.08  4.13604e-09  1.12603e-11
      1316.43  8.19592e-09  1.48403e-11
      1316.78  1.40526e-08  1.97158e-11
      1317.12  1.10189e-08  1.65922e-11
      1317.47  5.36256e-09  1.11907e-11
      1317.82  3.23873e-09  8.80239e-12
      1318.17  3.26823e-09  8.54458e-12
      1318.51  5.30582e-09  1.09792e-11
      1318.86  6.58931e-09  1.29985e-11
      1319.21  4.37274e-09  1.19927e-11
      1319.56  2.64574e-09  1.01426e-11
      1319.91  2.76366e-09  1.04009e-11
      1320.25  2.75354e-09  9.90786e-12
      1320.60  2.73642e-09  9.25147e-12
      1320.95  3.32322e-09  9.87973e-12
      1321.30  4.69084e-09  1.12133e-11
      1321.65  9.19989e-09  1.55472e-11
      1322.00  1.58276e-08  2.53037e-11
      1322.35  1.22082e-08  2.18163e-11
      1322.70  7.44443e-09  1.45210e-11
      1323.05  4.87858e-09  1.11786e-11
      1323.40  5.34204e-09  1.12494e-11
      1323.75  6.31103e-09  1.18161e-11
      1324.10  6.43345e-09  1.20646e-11
      1324.45  4.68215e-09  1.27120e-11
      1324.80  3.59009e-09  9.78764e-12
      