227
      1249.95  0.00000e+00  0.00000e+00
      1250.27  0.00000e+00  0.00000e+00
      1250.58  0.00000e+00  0.00000e+00
      1250.89  0.00000e+00  0.00000e+00
      1251.20  0.00000e+00  0.00000e+00
      1251.52  0.00000e+00  0.00000e+00
      1251.83  0.00000e+00  0.00000e+00
      1252.14  0.00000e+00  0.00000e+00
      1252.46  0.00000e+00  0.00000e+00
      1252.77  0.00000e+00  0.00000e+00
      1253.09  0.00000e+00  0.00000e+00
      1253.40  0.00000e+00  0.00000e+00
      1253.71  0.00000e+00  0.00000e+00
      1254.03  6.82096e-09  3.18181e-11
      1254.34  7.14472e-09  3.00581e-11
      1254.66  8.95497e-09  2.45818e-11
      1254.97  1.20133e-08  2.57243e-11
      1255.29  8.20592e-09  2.11361e-11
      1255.60  4.01471e-09  1.56096e-11
      1255.92  4.40864e-09  1.64817e-11
      1256.23  7.48895e-09  1.96553e-11
      1256.55  1.14524e-08  2.42303e-11
      1256.87  8.56261e-09  2.18060e-11
      1257.18  5.75517e-09  2.56274e-11
      1257.50  5.22540e-09  2.81793e-11
      1257.81  0.00000e+00  0.00000e+00
      1258.13  0.00000e+00  0.00000e+00
      1258.45  0.00000e+00  0.00000e+00
      1258.76  0.00000e+00  0.00000e+00
      1259.08  0.00000e+00  0.00000e+00
      1259.40  0.00000e+00  0.00000e+00
      1259.72  0.00000e+00  0.00000e+00
      1260.03  0.00000e+00  0.00000e+00
      1260.35  0.00000e+00  0.00000e+00
      1260.67  0.00000e+00  0.00000e+00
      1260.99  0.00000e+00  0.00000e+00
      1261.30  0.00000e+00  0.00000e+00
      1261.62  0.00000e+00  0.00000e+00
      1261.94  0.00000e+00  0.00000e+00
      1262.26  0.00000e+00  0.00000e+00
      1262.58  0.00000e+00  0.00000e+00
      1262.90  0.00000e+00  0.00000e+00
      1263.22  0.00000e+00  0.00000e+00
      1263.54  0.00000e+00  0.00000e+00
      1263.86  0.00000e+00  0.00000e+00
      1264.17  0.00000e+00  0.00000e+00
      1264.49  0.00000e+00  0.00000e+00
      1264.81  0.00000e+00  0.00000e+00
      1265.13  0.00000e+00  0.00000e+00
      1265.45  7.49275e-09  2.81898e-11
      1265.77  7.32179e-09  2.66690e-11
      1266.10  6.33129e-09  1.94795e-11
      1266.42  4.26402e-09  1.34125e-11
      1266.74  3.76585e-09  1.34797e-11
      1267.06  5.13284e-09  1.51960e-11
      1267.38  1.06155e-08  2.05108e-11
      1267.70  1.85849e-08  2.70253e-11
      1268.02  1.95733e-08  3.11048e-11
      1268.34  1.85588e-08  4.10053e-11
      1268.67  1.83403e-08  4.37165e-11
      1268.99  0.00000e+00  0.00000e+00
      1269.31  0.00000e+00  0.00000e+00
      1269.63  0.00000e+00  0.00000e+00
      1269.95  0.00000e+00  0.00000e+00
      1270.28  0.00000e+00  0.00000e+00
      1270.60  0.00000e+00  0.00000e+00
      1270.92  0.00000e+00  0.00000e+00
      1271.25  0.00000e+00  0.00000e+00
      1271.57  0.00000e+00  0.00000e+00
      1271.89  0.00000e+00  0.00000e+00
      1272.22  0.00000e+00  0.00000e+00
      1272.54  0.00000e+00  0.00000e+00
      1272.86  0.00000e+00  0.00000e+00
      1273.19  0.00000e+00  0.00000e+00
      1273.51  0.00000e+00  0.00000e+00
      1273.84  0.00000e+00  0.00000e+00
      1274.16  0.00000e+00  0.00000e+00
      1274.49  0.00000e+00  0.00000e+00
      1274.81  0.00000e+00  0.00000e+00
      1275.14  1.45816e-08  3.86074e-11
      1275.46  1.39638e-08  3.39065e-11
      1275.79  1.09635e-08  2.13344e-11
      1276.11  7.51593e-09  1.66220e-11
      1276.44  8.65898e-09  2.02843e-11
      1276.76  1.07137e-08  2.63835e-11
      1277.09  1.43660e-08  3.67481e-11
      1277.42  1.43972e-08  3.70367e-11
      1277.74  1.43972e-08  3.70367e-11
      1278.07  0.00000e+00  0.00000e+00
      1278.40  0.00000e+00  0.00000e+00
      1278.72  0.00000e+00  0.00000e+00
      1279.05  0.00000e+00  0.00000e+00
      1279.38  0.00000e+00  0.00000e+00
      1279.71  0.00000e+00  0.00000e+00
      1280.03  0.00000e+00  0.00000e+00
      1280.36  0.00000e+00  0.00000e+00
      1280.69  0.00000e+00  0.00000e+00
      1281.02  0.00000e+00  0.00000e+00
      1281.34  0.00000e+00  0.00000e+00
      1281.67  0.00000e+00  0.00000e+00
      1282.00  0.00000e+00  0.00000e+00
      1282.33  0.00000e+00  0.00000e+00
      1282.66  0.00000e+00  0.00000e+00
      1282.99  0.00000e+00  0.00000e+00
      1283.32  7.57409e-09  2.82913e-11
      1283.65  7.48460e-09  2.71782e-11
      1283.98  6.89134e-09  2.10761e-11
      1284.31  5.19571e-09  1.46810e-11
      1284.64  4.05570e-09  1.33652e-11
      1284.97  4.09891e-09  1.32937e-11
      1285.30  4.70459e-09  1.40104e-11
      1285.63  4.28015e-09  1.61869e-11
      1285.96  3.97468e-09  2.03785e-11
      1286.29  3.92386e-09  2.12617e-11
      1286.62  0.00000e+00  0.00000e+00
      1286.95  0.00000e+00  0.00000e+00
      1287.28  0.00000e+00  0.00000e+00
      1287.61  0.00000e+00  0.00000e+00
      1287.95  0.00000e+00  0.00000e+00
      1288.28  0.00000e+00  0.00000e+00
      1288.61  0.00000e+00  0.00000e+00
      1288.94  0.00000e+00  0.00000e+00
      1289.27  0.00000e+00  0.00000e+00
      1289.61  0.00000e+00  0.00000e+00
      1289.94  0.00000e+00  0.00000e+00
      1290.27  0.00000e+00  0.00000e+00
      1290.61  0.00000e+00  0.00000e+00
      1290.94  3.12166e-09  1.80662e-11
      1291.27  3.17789e-09  1.73877e-11
      1291.61  3.58141e-09  1.40338e-11
      1291.94  5.23808e-09  1.33938e-11
      1292.27  8.71563e-09  1.73868e-11
      1292.61  1.17557e-08  2.16659e-11
      1292.94  8.71433e-09  2.00786e-11
      1293.28  6.49677e-09  2.49616e-11
      1293.61  6.13069e-09  2.68588e-11
      1293.95  0.00000e+00  0.00000e+00
      1294.28  0.00000e+00  0.00000e+00
      1294.62  0.00000e+00  0.00000e+00
      1294.95  0.00000e+00  0.00000e+00
      1295.29  0.00000e+00  0.00000e+00
      1295.62  0.00000e+00  0.00000e+00
      1295.96  0.00000e+00  0.00000e+00
      1296.29  0.00000e+00  0.00000e+00
      1296.63  0.00000e+00  0.00000e+00
      1296.97  0.00000e+00  0.00000e+00
      1297.30  0.00000e+00  0.00000e+00
      1297.64  0.00000e+00  0.00000e+00
      1297.98  5.39869e-09  2.37312e-11
      1298.31  5.39869e-09  2.37312e-11
      1298.65  5.41363e-09  2.32029e-11
      1298.99  6.21955e-09  1.75412e-11
      1299.33  9.77438e-09  1.97046e-11
      1299.66  1.62373e-08  2.48255e-11
      1300.00  1.80184e-08  3.42144e-11
      1300.34  1.80952e-08  3.98998e-11
      1300.68  1.80982e-08  4.07612e-11
      1301.02  0.00000e+00  0.00000e+00
      1301.35  0.00000e+00  0.00000e+00
      1301.69  0.00000e+00  0.00000e+00
      1302.03  0.00000e+00  0.00000e+00
      1302.37  0.00000e+00  0.00000e+00
      1302.71  0.00000e+00  0.00000e+00
      1303.05  0.00000e+00  0.00000e+00
      1303.39  0.00000e+00  0.00000e+00
      1303.73  0.00000e+00  0.00000e+00
      1304.07  0.00000e+00  0.00000e+00
      1304.41  3.07052e-08  5.23076e-11
      1304.75  3.08756e-08  5.08039e-11
      1305.09  3.21501e-08  4.19092e-11
      1305.43  3.73244e-08  3.44809e-11
      1305.77  4.35344e-08  3.63092e-11
      1306.11  4.24771e-08  3.65481e-11
      1306.46  2.85776e-08  3.11403e-11
      1306.80  2.01429e-08  3.70158e-11
      1307.14  1.87001e-08  4.07639e-11
      1307.48  1.85226e-08  4.12922e-11
      1307.82  0.00000e+00  0.00000e+00
      1308.16  0.00000e+00  0.00000e+00
      1308.51  0.00000e+00  0.00000e+00
      1308.85  0.00000e+00  0.00000e+00
      1309.19  0.00000e+00  0.00000e+00
      1309.53  0.00000e+00  0.00000e+00
      1309.88  0.00000e+00  0.00000e+00
      1310.22  0.00000e+00  0.00000e+00
      1310.56  0.00000e+00  0.00000e+00
      1310.91  1.43089e-08  3.49909e-11
      1311.25  1.39732e-08  3.21228e-11
      1311.60  1.17907e-08  2.12278e-11
      1311.94  6.87273e-09  1.48367e-11
      1312.28  3.79801e-09  1.16480e-11
      1312.63  2.73734e-09  1.19734e-11
      1312.97  2.48382e-09  1.63274e-11
      1313.32  2.45077e-09  1.73539e-11
      1313.66  0.00000e+00  0.00000e+00
      1314.01  0.00000e+00  0.00000e+00
      1314.35  0.00000e+00  0.00000e+00
      1314.70  0.00000e+00  0.00000e+00
      1315.05  0.00000e+00  0.00000e+00
      1315.39  0.00000e+00  0.00000e+00
      1315.74  0.00000e+00  0.00000e+00
      1316.08  0.00000e+00  0.00000e+00
      1316.43  0.00000e+00  0.00000e+00
      1316.78  0.00000e+00  0.00000e+00
      1317.12  3.44067e-09  1.88979e-11
      1317.47  3.36160e-09  1.68038e-11
      1317.82  3.02192e-09  1.13508e-11
      1318.17  3.40586e-09  1.13430e-11
      1318.51  5.41580e-09  1.58542e-11
      1318.86  6.44958e-09  2.42939e-11
      1319.21  6.61064e-09  2.63738e-11
      1319.56  0.00000e+00  0.00000e+00
      1319.91  0.00000e+00  0.00000e+00
      1320.25  0.00000e+00  0.00000e+00
      1320.60  0.00000e+00  0.00000e+00
      1320.95  0.00000e+00  0.00000e+00
      1321.30  0.00000e+00  0.00000e+00
      1321.65  0.00000e+00  0.00000e+00
      1322.00  0.00000e+00  0.00000e+00
      1322.35  0.00000e+00  0.00000e+00
      1322.70  5.50025e-09  2.29761e-11
      1323.05  5.52912e-09  2.19679e-11
      1323.40  5.73675e-09  1.69019e-11
      1323.75  6.35965e-09  1.56655e-11
      1324.10  6.01130e-09  1.68838e-11
      1324.45  4.57016e-09  2.20101e-11
      1324.80  4.52971e-09  2.24033e-11
      