227
      1249.95  1.08247e-08  2.45838e-11
      1250.27  5.21283e-09  1.71112e-11
      1250.58  1.62805e-09  1.07612e-11
      1250.89  1.06744e-09  9.56176e-12
      1251.20  1.48144e-09  1.00747e-11
      1251.52  2.48591e-09  1.10436e-11
      1251.83  4.53246e-09  1.42009e-11
      1252.14  6.08021e-09  1.64055e-11
      1252.46  5.93709e-09  1.65606e-11
      1252.77  5.50502e-09  1.59501e-11
      1253.09  9.11695e-09  1.88041e-11
      1253.40  1.74593e-08  2.42909e-11
      1253.71  2.20276e-08  2.65447e-11
      1254.03  1.38713e-08  2.00478e-11
      1254.34  6.75580e-09  1.42863e-11
      1254.66  8.16137e-09  1.59758e-11
      1254.97  1.31121e-08  2.15102e-11
      1255.29  8.99585e-09  1.76978e-11
      1255.60  4.02589e-09  1.27102e-11
      1255.92  4.40762e-09  1.34349e-11
      1256.23  7.53837e-09  1.51999e-11
      1256.55  1.28026e-08  1.90006e-11
      1256.87  9.21705e-09  1.50827e-11
      1257.18  3.32161e-09  9.68179e-12
      1257.50  2.34924e-09  1.20388e-11
      1257.81  2.78744e-09  1.14495e-11
      1258.13  3.60951e-09  1.32608e-11
      1258.45  3.61707e-09  1.30100e-11
      1258.76  3.79668e-09  1.29040e-11
      1259.08  6.88407e-09  1.56413e-11
      1259.40  1.43240e-08  2.13317e-11
      1259.72  1.96380e-08  2.46448e-11
      1260.03  1.50034e-08  2.10891e-11
      1260.35  1.07760e-08  1.80443e-11
      1260.67  1.36371e-08  2.18809e-11
      1260.99  1.28932e-08  2.17577e-11
      1261.30  1.02769e-08  1.93362e-11
      1261.62  1.25302e-08  2.19040e-11
      1261.94  1.34648e-08  2.15224e-11
      1262.26  1.35748e-08  2.14184e-11
      1262.58  1.03358e-08  1.80206e-11
      1262.90  1.08372e-08  1.75441e-11
      1263.22  1.64189e-08  2.11118e-11
      1263.54  1.40160e-08  1.93247e-11
      1263.86  8.97374e-09  1.60244e-11
      1264.17  6.98507e-09  1.51138e-11
      1264.49  5.13817e-09  1.29335e-11
      1264.81  5.51352e-09  1.24065e-11
      1265.13  1.10968e-08  1.62211e-11
      1265.45  1.75049e-08  1.98836e-11
      1265.77  1.59997e-08  1.87920e-11
      1266.10  8.86980e-09  1.40877e-11
      1266.42  4.53807e-09  1.10747e-11
      1266.74  3.71901e-09  1.14486e-11
      1267.06  5.23288e-09  1.17005e-11
      1267.38  1.11527e-08  1.66790e-11
      1267.70  2.02980e-08  2.11213e-11
      1268.02  2.16718e-08  1.95908e-11
      1268.34  1.83859e-08  2.18489e-11
      1268.67  1.66630e-08  2.15155e-11
      1268.99  1.73797e-08  2.10355e-11
      1269.31  1.34043e-08  1.88902e-11
      1269.63  8.95315e-09  1.80092e-11
      1269.95  7.23073e-09  1.58024e-11
      1270.28  8.58029e-09  1.70792e-11
      1270.60  1.48180e-08  2.13105e-11
      1270.92  1.76340e-08  2.17737e-11
      1271.25  1.91863e-08  2.22594e-11
      1271.57  1.92644e-08  2.25333e-11
      1271.89  1.13481e-08  1.75879e-11
      1272.22  4.80998e-09  1.26476e-11
      1272.54  2.92094e-09  1.12279e-11
      1272.86  2.37368e-09  1.07436e-11
      1273.19  2.25232e-09  9.89553e-12
      1273.51  2.81155e-09  9.81474e-12
      1273.84  4.54343e-09  1.10346e-11
      1274.16  6.39189e-09  1.21225e-11
      1274.49  9.71691e-09  1.43010e-11
      1274.81  1.70963e-08  1.94993e-11
      1275.14  2.16455e-08  2.22871e-11
      1275.46  1.90470e-08  2.15208e-11
      1275.79  1.27735e-08  1.76930e-11
      1276.11  8.46614e-09  1.42417e-11
      1276.44  1.06635e-08  1.49549e-11
      1276.76  1.78355e-08  1.85990e-11
      1277.09  1.92451e-08  1.80578e-11
      1277.42  1.88399e-08  1.76283e-11
      1277.74  8.40279e-09  1.55603e-11
      1278.07  4.89322e-09  1.30318e-11
      1278.40  3.23571e-09  1.10294e-11
      1278.72  2.42311e-09  1.05618e-11
      1279.05  2.38203e-09  1.02337e-11
      1279.38  3.14553e-09  1.14782e-11
      1279.71  4.72892e-09  1.30731e-11
      1280.03  6.87199e-09  1.59674e-11
      1280.36  6.09121e-09  1.30191e-11
      1280.69  6.34518e-09  1.37721e-11
      1281.02  8.40053e-09  1.61154e-11
      1281.34  1.23691e-08  2.02019e-11
      1281.67  1.52334e-08  2.29315e-11
      1282.00  1.22677e-08  1.94698e-11
      1282.33  1.25603e-08  1.73767e-11
      1282.66  1.92504e-08  2.06093e-11
      1282.99  2.47423e-08  2.24364e-11
      1283.32  2.55370e-08  2.39537e-11
      1283.65  1.80730e-08  1.88442e-11
      1283.98  9.13545e-09  1.59343e-11
      1284.31  5.71314e-09  1.21050e-11
      1284.64  4.25658e-09  1.09166e-11
      1284.97  4.20024e-09  1.04058e-11
      1285.30  4.97467e-09  1.08814e-11
      1285.63  4.34607e-09  9.15603e-12
      1285.96  4.05430e-09  1.27616e-11
      1286.29  5.04522e-09  1.40440e-11
      1286.62  6.70252e-09  1.39214e-11
      1286.95  6.75881e-09  1.54817e-11
      1287.28  8.61265e-09  1.61054e-11
      1287.61  1.52548e-08  2.21764e-11
      1287.95  1.82681e-08  2.36197e-11
      1288.28  1.82368e-08  2.28593e-11
      1288.61  1.81185e-08  2.18039e-11
      1288.94  1.81775e-08  2.24207e-11
      1289.27  1.29128e-08  1.84373e-11
      1289.61  9.66240e-09  1.70765e-11
      1289.94  7.74585e-09  1.53037e-11
      1290.27  5.30879e-09  1.25075e-11
      1290.61  4.61683e-09  1.21399e-11
      1290.94  3.54738e-09  1.04388e-11
      1291.27  2.59079e-09  8.78939e-12
      1291.61  3.02098e-09  8.76384e-12
      1291.94  5.07282e-09  1.05706e-11
      1292.27  8.74457e-09  1.31225e-11
      1292.61  1.31403e-08  1.67340e-11
      1292.94  9.82037e-09  1.41075e-11
      1293.28  7.37567e-09  1.19046e-11
      1293.61  9.45226e-09  1.89607e-11
      1293.95  1.09001e-08  1.80896e-11
      1294.28  1.66104e-08  2.05155e-11
      1294.62  1.88309e-08  2.14152e-11
      1294.95  1.54066e-08  1.88548e-11
      1295.29  1.49959e-08  1.96776e-11
      1295.62  1.29585e-08  1.89682e-11
      1295.96  9.34037e-09  1.69495e-11
      1296.29  8.05889e-09  1.63061e-11
      1296.63  8.50283e-09  1.66592e-11
      1296.97  1.05823e-08  1.75751e-11
      1297.30  1.66658e-08  2.00651e-11
      1297.64  2.27073e-08  2.19070e-11
      1297.98  1.98376e-08  1.98698e-11
      1298.31  1.28260e-08  1.62967e-11
      1298.65  7.39837e-09  1.28406e-11
      1298.99  5.51118e-09  1.14000e-11
      1299.33  9.27749e-09  1.42230e-11
      1299.66  1.70011e-08  1.85695e-11
      1300.00  1.96493e-08  1.87256e-11
      1300.34  1.71666e-08  1.65099e-11
      1300.68  9.50360e-09  1.53700e-11
      1301.02  1.06210e-08  1.69869e-11
      1301.35  1.85917e-08  2.20694e-11
      1301.69  2.23660e-08  2.47499e-11
      1302.03  2.15804e-08  2.49310e-11
      1302.37  1.89268e-08  2.29366e-11
      1302.71  2.17100e-08  2.46506e-11
      1303.05  2.40203e-08  2.51116e-11
      1303.39  2.72704e-08  2.61525e-11
      1303.73  3.00491e-08  2.76027e-11
      1304.07  2.83167e-08  2.66234e-11
      1304.41  2.88157e-08  2.53949e-11
      1304.75  3.10285e-08  2.63635e-11
      1305.09  3.26892e-08  2.68037e-11
      1305.43  3.82144e-08  2.83063e-11
      1305.77  4.52169e-08  3.01444e-11
      1306.11  4.52012e-08  3.19057e-11
      1306.46  2.86653e-08  2.44718e-11
      1306.80  1.63202e-08  1.62268e-11
      1307.14  8.51907e-09  1.15770e-11
      1307.48  4.64963e-09  1.57357e-11
      1307.82  4.23600e-09  1.73447e-11
      1308.16  4.42289e-09  9.44134e-12
      1308.51  4.53838e-09  1.09923e-11
      1308.85  2.91923e-09  1.20602e-11
      1309.19  2.54169e-09  1.07722e-11
      1309.53  2.44014e-09  9.24650e-12
      1309.88  2.43677e-09  9.61005e-12
      1310.22  2.69399e-09  1.01908e-11
      1310.56  3.65580e-09  1.15280e-11
      1310.91  6.70761e-09  1.35965e-11
      1311.25  1.24271e-08  1.75682e-11
      1311.60  1.31636e-08  1.71066e-11
      1311.94  8.10463e-09  1.27445e-11
      1312.28  4.22246e-09  9.36672e-12
      1312.63  2.82961e-09  8.05758e-12
      1312.97  2.42234e-09  7.70169e-12
      1313.32  3.57252e-09  8.21106e-12
      1313.66  5.35689e-09  1.72059e-11
      1314.01  4.00553e-09  1.21676e-11
      1314.35  2.50538e-09  1.28610e-11
      1314.70  1.72601e-09  9.04604e-12
      1315.05  1.61540e-09  9.98989e-12
      1315.39  1.82972e-09  8.70035e-12
      1315.74  2.36720e-09  9.59485e-12
      1316.08  3.35944e-09  1.34243e-11
      1316.43  9.56831e-09  2.18160e-11
      1316.78  1.41587e-08  2.27369e-11
      1317.12  1.16224e-08  1.77547e-11
      1317.47  5.54799e-09  1.18037e-11
      1317.82  3.24443e-09  9.08090e-12
      1318.17  3.26607e-09  8.58282e-12
      1318.51  5.59941e-09  1.07846e-11
      1318.86  7.30118e-09  1.23953e-11
      1319.21  5.04099e-09  1.05225e-11
      1319.56  2.73165e-09  7.76388e-12
      1319.91  2.56683e-09  1.29928e-11
      1320.25  2.42791e-09  1.01123e-11
      1320.60  2.39118e-09  9.35925e-12
      1320.95  2.97582e-09  9.82087e-12
      1321.30  4.31718e-09  1.12623e-11
      1321.65  8.60477e-09  1.51963e-11
      1322.00  1.67718e-08  2.28000e-11
      1322.35  1.51538e-08  2.20830e-11
      1322.70  7.72237e-09  1.60337e-11
      1323.05  4.78475e-09  1.22104e-11
      1323.40  5.39139e-09  1.15690e-11
      1323.75  6.55542e-09  1.19684e-11
      1324.10  7.03020e-09  1.18621e-11
      1324.45  5.38292e-09  1.09597e-11
      1324.80  3.59436e-09  8.61943e-12
      