227
      1249.95  1.25682e-08  1.88679e-11
      1250.27  6.19551e-09  1.35481e-11
      1250.58  1.99490e-09  9.01928e-12
      1250.89  1.31420e-09  8.15907e-12
      1251.20  1.76815e-09  8.73258e-12
      1251.52  2.88398e-09  9.82237e-12
      1251.83  5.12435e-09  1.27690e-11
      1252.14  6.75861e-09  1.49181e-11
      1252.46  6.53891e-09  1.52595e-11
      1252.77  6.05607e-09  1.50204e-11
      1253.09  9.97021e-09  1.81720e-11
      1253.40  1.87943e-08  2.38835e-11
      1253.71  2.32811e-08  2.62123e-11
      1254.03  1.44134e-08  1.99005e-11
      1254.34  7.11954e-09  1.45641e-11
      1254.66  8.72676e-09  1.68148e-11
      1254.97  1.38223e-08  2.35962e-11
      1255.29  8.99292e-09  1.95362e-11
      1255.60  4.18948e-09  1.39492e-11
      1255.92  4.71713e-09  1.51441e-11
      1256.23  8.05691e-09  1.74635e-11
      1256.55  1.36933e-08  2.21425e-11
      1256.87  9.59967e-09  1.76413e-11
      1257.18  4.24909e-09  1.22870e-11
      1257.50  3.06405e-09  1.02499e-11
      1257.81  3.53149e-09  1.05556e-11
      1258.13  4.51020e-09  1.19705e-11
      1258.45  4.54711e-09  1.18952e-11
      1258.76  4.80072e-09  1.15685e-11
      1259.08  8.49158e-09  1.36677e-11
      1259.40  1.71860e-08  1.81648e-11
      1259.72  2.32252e-08  2.04363e-11
      1260.03  1.77598e-08  1.72568e-11
      1260.35  1.29525e-08  1.46356e-11
      1260.67  1.62364e-08  1.73521e-11
      1260.99  1.52483e-08  1.70150e-11
      1261.30  1.22468e-08  1.50716e-11
      1261.62  1.47523e-08  1.69204e-11
      1261.94  1.57020e-08  1.65952e-11
      1262.26  1.56973e-08  1.64149e-11
      1262.58  1.18978e-08  1.38444e-11
      1262.90  1.23185e-08  1.39515e-11
      1263.22  1.82174e-08  1.80194e-11
      1263.54  1.54359e-08  1.69975e-11
      1263.86  9.91651e-09  1.43677e-11
      1264.17  7.70520e-09  1.37987e-11
      1264.49  5.64681e-09  1.20628e-11
      1264.81  6.10335e-09  1.19878e-11
      1265.13  1.20637e-08  1.61113e-11
      1265.45  1.85839e-08  2.00001e-11
      1265.77  1.66882e-08  1.90685e-11
      1266.10  9.27110e-09  1.47840e-11
      1266.42  4.76726e-09  1.27445e-11
      1266.74  3.92923e-09  1.35950e-11
      1267.06  6.03396e-09  1.48762e-11
      1267.38  1.22190e-08  1.97367e-11
      1267.70  2.14539e-08  2.49202e-11
      1268.02  2.29585e-08  2.39300e-11
      1268.34  2.27672e-08  2.28251e-11
      1268.67  2.02831e-08  1.86726e-11
      1268.99  2.05489e-08  1.89636e-11
      1269.31  1.59323e-08  1.66600e-11
      1269.63  1.07137e-08  1.45548e-11
      1269.95  9.01236e-09  1.44709e-11
      1270.28  1.03609e-08  1.35814e-11
      1270.60  1.75612e-08  1.70482e-11
      1270.92  2.07085e-08  1.71356e-11
      1271.25  2.24149e-08  1.72420e-11
      1271.57  2.22541e-08  1.73006e-11
      1271.89  1.30876e-08  1.33810e-11
      1272.22  5.69627e-09  9.65912e-12
      1272.54  3.51289e-09  8.64068e-12
      1272.86  2.84394e-09  8.36796e-12
      1273.19  2.65528e-09  8.24951e-12
      1273.51  3.25321e-09  8.70759e-12
      1273.84  5.13858e-09  1.00573e-11
      1274.16  7.14986e-09  1.13345e-11
      1274.49  1.07088e-08  1.38946e-11
      1274.81  1.82817e-08  1.94042e-11
      1275.14  2.28048e-08  2.25552e-11
      1275.46  1.98492e-08  2.22136e-11
      1275.79  1.32991e-08  1.92839e-11
      1276.11  8.80630e-09  1.59961e-11
      1276.44  1.14604e-08  1.70356e-11
      1276.76  1.88795e-08  2.16024e-11
      1277.09  2.02543e-08  2.13775e-11
      1277.42  2.03848e-08  2.22704e-11
      1277.74  1.40712e-08  1.79910e-11
      1278.07  6.68956e-09  1.15761e-11
      1278.40  4.11622e-09  1.05041e-11
      1278.72  2.91371e-09  8.65728e-12
      1279.05  3.01944e-09  8.69683e-12
      1279.38  4.04692e-09  9.16156e-12
      1279.71  6.28789e-09  1.10185e-11
      1280.03  8.14255e-09  1.16167e-11
      1280.36  7.28027e-09  1.01328e-11
      1280.69  7.59877e-09  1.07043e-11
      1281.02  9.91654e-09  1.24954e-11
      1281.34  1.42793e-08  1.57055e-11
      1281.67  1.70522e-08  1.78386e-11
      1282.00  1.36115e-08  1.57460e-11
      1282.33  1.40023e-08  1.55708e-11
      1282.66  2.10410e-08  1.92397e-11
      1282.99  2.65095e-08  2.15636e-11
      1283.32  2.70924e-08  2.39192e-11
      1283.65  1.94300e-08  1.96792e-11
      1283.98  9.28610e-09  1.73612e-11
      1284.31  5.94604e-09  1.30511e-11
      1284.64  4.49686e-09  1.21246e-11
      1284.97  4.49809e-09  1.19839e-11
      1285.30  5.33162e-09  1.29308e-11
      1285.63  4.63720e-09  1.15309e-11
      1285.96  4.25309e-09  1.02441e-11
      1286.29  5.67285e-09  1.09916e-11
      1286.62  9.29275e-09  1.62908e-11
      1286.95  8.35477e-09  1.24921e-11
      1287.28  1.04077e-08  1.32504e-11
      1287.61  1.80546e-08  1.76844e-11
      1287.95  2.12979e-08  1.83348e-11
      1288.28  2.11564e-08  1.75351e-11
      1288.61  2.09359e-08  1.66794e-11
      1288.94  2.07150e-08  1.70596e-11
      1289.27  1.45440e-08  1.44058e-11
      1289.61  1.03294e-08  1.44620e-11
      1289.94  8.45314e-09  1.34150e-11
      1290.27  5.85834e-09  1.13633e-11
      1290.61  5.06789e-09  1.14785e-11
      1290.94  3.79767e-09  1.01301e-11
      1291.27  2.78212e-09  8.94229e-12
      1291.61  3.26685e-09  9.24689e-12
      1291.94  5.48461e-09  1.15685e-11
      1292.27  9.41130e-09  1.48629e-11
      1292.61  1.40718e-08  1.97416e-11
      1292.94  1.00997e-08  1.70947e-11
      1293.28  7.82398e-09  1.52660e-11
      1293.61  1.07518e-08  1.70875e-11
      1293.95  1.30680e-08  1.52787e-11
      1294.28  1.96858e-08  1.76852e-11
      1294.62  2.21364e-08  1.79194e-11
      1294.95  1.82145e-08  1.53737e-11
      1295.29  1.77263e-08  1.56899e-11
      1295.62  1.51945e-08  1.47959e-11
      1295.96  1.09693e-08  1.30806e-11
      1296.29  9.45525e-09  1.26148e-11
      1296.63  9.82772e-09  1.29668e-11
      1296.97  1.19794e-08  1.39269e-11
      1297.30  1.82543e-08  1.70082e-11
      1297.64  2.45772e-08  2.03247e-11
      1297.98  2.09714e-08  1.90736e-11
      1298.31  1.34078e-08  1.63069e-11
      1298.65  7.66819e-09  1.32470e-11
      1298.99  5.86003e-09  1.23288e-11
      1299.33  1.00408e-08  1.61321e-11
      1299.66  1.82227e-08  2.18079e-11
      1300.00  2.07132e-08  2.24211e-11
      1300.34  1.83434e-08  2.07742e-11
      1300.68  1.26745e-08  1.61210e-11
      1301.02  1.27073e-08  1.38974e-11
      1301.35  2.18767e-08  1.85542e-11
      1301.69  2.60375e-08  2.00186e-11
      1302.03  2.49882e-08  1.96967e-11
      1302.37  2.19251e-08  1.77728e-11
      1302.71  2.49347e-08  1.88214e-11
      1303.05  2.72147e-08  1.90577e-11
      1303.39  3.05325e-08  2.01266e-11
      1303.73  3.27990e-08  2.15435e-11
      1304.07  3.05011e-08  2.17384e-11
      1304.41  3.09861e-08  2.33348e-11
      1304.75  3.29410e-08  2.57036e-11
      1305.09  3.44349e-08  2.72223e-11
      1305.43  4.01674e-08  2.99633e-11
      1305.77  4.69446e-08  3.39158e-11
      1306.11  4.64683e-08  4.13684e-11
      1306.46  2.81560e-08  3.05613e-11
      1306.80  1.67799e-08  1.98151e-11
      1307.14  9.24058e-09  1.55548e-11
      1307.48  6.34675e-09  1.27976e-11
      1307.82  5.21577e-09  1.18641e-11
      1308.16  5.13926e-09  1.55051e-11
      1308.51  5.04597e-09  1.17092e-11
      1308.85  4.23609e-09  1.26848e-11
      1309.19  3.26006e-09  7.84246e-12
      1309.53  2.95773e-09  7.10733e-12
      1309.88  2.88345e-09  7.46554e-12
      1310.22  3.10745e-09  8.08186e-12
      1310.56  4.09684e-09  9.55930e-12
      1310.91  7.42280e-09  1.27833e-11
      1311.25  1.34327e-08  1.75842e-11
      1311.60  1.37298e-08  1.75072e-11
      1311.94  8.28428e-09  1.33774e-11
      1312.28  4.36859e-09  1.03449e-11
      1312.63  2.98954e-09  9.52017e-12
      1312.97  2.61566e-09  9.56541e-12
      1313.32  3.59967e-09  1.08950e-11
      1313.66  5.89480e-09  1.25705e-11
      1314.01  4.88906e-09  1.03772e-11
      1314.35  3.07357e-09  1.07098e-11
      1314.70  2.07940e-09  6.69350e-12
      1315.05  2.01266e-09  7.45632e-12
      1315.39  2.27599e-09  6.59429e-12
      1315.74  2.90350e-09  7.34315e-12
      1316.08  4.41874e-09  9.66112e-12
      1316.43  1.02381e-08  1.55383e-11
      1316.78  1.53217e-08  1.90447e-11
      1317.12  1.22378e-08  1.64534e-11
      1317.47  5.79025e-09  1.16529e-11
      1317.82  3.43425e-09  9.45550e-12
      1318.17  3.56020e-09  9.47893e-12
      1318.51  6.05934e-09  1.24656e-11
      1318.86  7.71095e-09  1.47159e-11
      1319.21  5.27375e-09  1.28662e-11
      1319.56  3.02370e-09  1.03962e-11
      1319.91  3.06969e-09  9.65653e-12
      1320.25  3.03408e-09  8.33507e-12
      1320.60  2.99787e-09  7.61674e-12
      1320.95  3.67425e-09  7.85081e-12
      1321.30  5.25966e-09  8.81118e-12
      1321.65  1.02288e-08  1.19295e-11
      1322.00  1.88789e-08  1.77994e-11
      1322.35  1.62603e-08  1.71666e-11
      1322.70  8.16006e-09  1.28584e-11
      1323.05  5.17065e-09  1.09601e-11
      1323.40  5.84203e-09  1.17674e-11
      1323.75  7.00804e-09  1.27132e-11
      1324.10  7.42990e-09  1.30816e-11
      1324.45  5.68386e-09  1.29384e-11
      1324.80  3.96031e-09  1.08838e-11
      