227
      1249.95  1.19338e-08  2.07101e-11
      1250.27  5.86559e-09  1.47535e-11
      1250.58  1.84123e-09  9.87149e-12
      1250.89  1.17962e-09  9.65419e-12
      1251.20  1.61444e-09  9.19371e-12
      1251.52  2.66771e-09  1.02299e-11
      1251.83  4.74299e-09  1.29036e-11
      1252.14  6.24587e-09  1.52252e-11
      1252.46  6.00931e-09  1.50015e-11
      1252.77  5.56495e-09  1.43145e-11
      1253.09  9.31645e-09  1.71140e-11
      1253.40  1.78580e-08  2.21253e-11
      1253.71  2.22466e-08  2.39623e-11
      1254.03  1.36892e-08  1.77455e-11
      1254.34  6.66027e-09  1.25333e-11
      1254.66  8.16957e-09  1.40319e-11
      1254.97  1.30092e-08  2.01800e-11
      1255.29  7.99556e-09  1.63021e-11
      1255.60  3.79538e-09  1.10723e-11
      1255.92  4.33977e-09  1.15937e-11
      1256.23  7.47999e-09  1.30902e-11
      1256.55  1.28449e-08  1.67346e-11
      1256.87  8.91584e-09  1.31348e-11
      1257.18  3.87939e-09  9.13877e-12
      1257.50  2.82876e-09  8.53054e-12
      1257.81  3.26212e-09  9.26012e-12
      1258.13  4.17728e-09  1.05711e-11
      1258.45  4.22028e-09  1.05872e-11
      1258.76  4.45147e-09  1.06164e-11
      1259.08  7.92926e-09  1.27028e-11
      1259.40  1.62447e-08  1.73781e-11
      1259.72  2.20905e-08  2.00147e-11
      1260.03  1.68479e-08  1.72429e-11
      1260.35  1.22203e-08  1.49751e-11
      1260.67  1.53470e-08  1.80389e-11
      1260.99  1.44793e-08  1.81230e-11
      1261.30  1.16248e-08  1.62227e-11
      1261.62  1.40509e-08  1.84476e-11
      1261.94  1.49594e-08  1.81906e-11
      1262.26  1.49724e-08  1.81072e-11
      1262.58  1.13429e-08  1.50710e-11
      1262.90  1.17284e-08  1.50644e-11
      1263.22  1.74139e-08  1.93485e-11
      1263.54  1.47124e-08  1.79045e-11
      1263.86  9.33477e-09  1.47066e-11
      1264.17  7.16507e-09  1.37436e-11
      1264.49  5.20912e-09  1.18001e-11
      1264.81  5.65633e-09  1.13404e-11
      1265.13  1.14053e-08  1.49787e-11
      1265.45  1.77281e-08  1.80768e-11
      1265.77  1.59065e-08  1.68179e-11
      1266.10  8.82503e-09  1.28008e-11
      1266.42  4.31808e-09  1.11532e-11
      1266.74  3.53995e-09  1.05871e-11
      1267.06  5.03559e-09  1.14323e-11
      1267.38  1.10667e-08  1.42951e-11
      1267.70  2.03586e-08  1.87353e-11
      1268.02  2.16164e-08  1.77112e-11
      1268.34  2.15767e-08  1.74469e-11
      1268.67  1.93660e-08  1.60601e-11
      1268.99  1.95264e-08  1.70063e-11
      1269.31  1.50833e-08  1.53002e-11
      1269.63  9.88122e-09  1.30032e-11
      1269.95  8.13896e-09  1.24142e-11
      1270.28  9.70573e-09  1.31837e-11
      1270.60  1.67477e-08  1.75267e-11
      1270.92  1.97658e-08  1.80089e-11
      1271.25  2.14328e-08  1.87568e-11
      1271.57  2.13030e-08  1.89371e-11
      1271.89  1.25077e-08  1.46707e-11
      1272.22  5.39594e-09  1.06953e-11
      1272.54  3.29592e-09  9.54602e-12
      1272.86  2.66342e-09  9.12747e-12
      1273.19  2.47353e-09  8.84289e-12
      1273.51  3.01253e-09  9.13020e-12
      1273.84  4.77096e-09  1.01486e-11
      1274.16  6.53591e-09  1.10818e-11
      1274.49  8.71097e-09  1.21141e-11
      1274.81  1.50512e-08  1.63098e-11
      1275.14  2.07393e-08  1.94816e-11
      1275.46  1.89219e-08  1.89757e-11
      1275.79  1.27120e-08  1.67968e-11
      1276.11  8.11571e-09  1.31905e-11
      1276.44  1.08829e-08  1.33699e-11
      1276.76  1.79669e-08  1.65762e-11
      1277.09  1.91561e-08  1.59954e-11
      1277.42  1.91873e-08  1.61738e-11
      1277.74  1.36132e-08  1.38018e-11
      1278.07  6.43893e-09  1.00388e-11
      1278.40  3.76768e-09  8.72372e-12
      1278.72  2.86335e-09  8.20067e-12
      1279.05  2.81787e-09  8.11296e-12
      1279.38  3.78927e-09  8.86938e-12
      1279.71  5.68686e-09  1.02237e-11
      1280.03  7.48828e-09  1.15262e-11
      1280.36  6.89371e-09  1.09622e-11
      1280.69  7.20428e-09  1.16373e-11
      1281.02  9.41485e-09  1.36441e-11
      1281.34  1.36887e-08  1.69376e-11
      1281.67  1.63936e-08  1.91725e-11
      1282.00  1.30069e-08  1.66395e-11
      1282.33  1.32783e-08  1.59696e-11
      1282.66  2.00006e-08  1.88023e-11
      1282.99  2.53914e-08  2.05173e-11
      1283.32  2.53565e-08  2.03406e-11
      1283.65  1.82935e-08  1.81263e-11
      1283.98  9.32370e-09  1.38819e-11
      1284.31  5.57532e-09  1.06794e-11
      1284.64  4.19049e-09  9.67833e-12
      1284.97  4.16792e-09  9.31532e-12
      1285.30  4.93004e-09  9.73600e-12
      1285.63  4.21800e-09  8.43120e-12
      1285.96  3.91495e-09  7.74308e-12
      1286.29  5.97520e-09  9.39637e-12
      1286.62  8.45058e-09  1.17337e-11
      1286.95  7.84282e-09  1.14323e-11
      1287.28  9.83301e-09  1.30697e-11
      1287.61  1.72930e-08  1.83514e-11
      1287.95  2.04176e-08  1.94346e-11
      1288.28  2.03051e-08  1.90686e-11
      1288.61  2.01110e-08  1.83496e-11
      1288.94  2.00014e-08  1.87993e-11
      1289.27  1.39625e-08  1.56164e-11
      1289.61  1.02477e-08  1.47905e-11
      1289.94  8.16905e-09  1.34946e-11
      1290.27  5.47701e-09  1.13219e-11
      1290.61  4.75446e-09  1.10679e-11
      1290.94  3.54530e-09  9.31303e-12
      1291.27  2.59505e-09  7.86785e-12
      1291.61  3.03219e-09  7.81386e-12
      1291.94  5.13130e-09  1.09997e-11
      1292.27  8.88632e-09  1.17991e-11
      1292.61  1.35015e-08  1.56244e-11
      1292.94  9.16583e-09  1.30838e-11
      1293.28  7.09245e-09  1.11741e-11
      1293.61  9.88842e-09  1.30907e-11
      1293.95  1.23303e-08  1.35123e-11
      1294.28  1.87227e-08  1.65556e-11
      1294.62  2.10899e-08  1.73728e-11
      1294.95  1.73564e-08  1.55902e-11
      1295.29  1.68579e-08  1.64454e-11
      1295.62  1.44272e-08  1.59297e-11
      1295.96  1.04180e-08  1.43809e-11
      1296.29  9.01316e-09  1.38440e-11
      1296.63  9.38422e-09  1.40818e-11
      1296.97  1.14306e-08  1.48654e-11
      1297.30  1.74093e-08  1.74777e-11
      1297.64  2.34785e-08  2.01227e-11
      1297.98  2.00698e-08  1.81914e-11
      1298.31  1.27895e-08  1.47775e-11
      1298.65  7.24965e-09  1.14456e-11
      1298.99  5.51859e-09  1.02217e-11
      1299.33  9.54968e-09  1.28100e-11
      1299.66  1.73578e-08  1.66657e-11
      1300.00  1.96145e-08  1.66977e-11
      1300.34  1.71424e-08  1.51407e-11
      1300.68  1.22280e-08  1.32131e-11
      1301.02  1.29597e-08  1.56907e-11
      1301.35  2.24635e-08  2.05235e-11
      1301.69  2.50376e-08  2.02268e-11
      1302.03  2.39555e-08  2.04876e-11
      1302.37  2.11124e-08  1.91707e-11
      1302.71  2.40535e-08  2.07514e-11
      1303.05  2.63795e-08  2.10725e-11
      1303.39  2.96830e-08  2.22205e-11
      1303.73  3.19202e-08  2.32371e-11
      1304.07  2.95027e-08  2.26558e-11
      1304.41  2.98394e-08  2.31878e-11
      1304.75  3.18314e-08  2.43862e-11
      1305.09  3.33804e-08  2.45025e-11
      1305.43  3.91345e-08  2.58564e-11
      1305.77  4.51866e-08  2.87773e-11
      1306.11  4.32888e-08  3.09697e-11
      1306.46  2.97424e-08  2.16919e-11
      1306.80  1.65066e-08  1.56909e-11
      1307.14  7.98684e-09  1.16491e-11
      1307.48  5.77662e-09  9.90619e-12
      1307.82  4.62752e-09  9.39416e-12
      1308.16  4.59460e-09  9.64871e-12
      1308.51  5.34190e-09  1.06290e-11
      1308.85  4.38485e-09  9.33456e-12
      1309.19  3.09635e-09  7.98660e-12
      1309.53  2.79279e-09  7.87595e-12
      1309.88  2.71109e-09  8.14341e-12
      1310.22  2.91198e-09  8.51905e-12
      1310.56  3.83529e-09  9.73808e-12
      1310.91  7.02209e-09  1.22605e-11
      1311.25  1.28368e-08  1.61888e-11
      1311.60  1.31740e-08  1.55687e-11
      1311.94  7.88675e-09  1.13045e-11
      1312.28  4.10655e-09  8.32368e-12
      1312.63  2.75271e-09  7.71880e-12
      1312.97  2.30748e-09  7.41490e-12
      1313.32  3.28829e-09  7.96804e-12
      1313.66  5.38002e-09  1.01219e-11
      1314.01  4.58316e-09  9.53336e-12
      1314.35  2.54162e-09  7.68873e-12
      1314.70  1.87127e-09  6.90066e-12
      1315.05  1.85352e-09  6.85380e-12
      1315.39  2.12352e-09  7.17316e-12
      1315.74  2.76509e-09  8.06743e-12
      1316.08  4.29575e-09  9.79932e-12
      1316.43  8.61275e-09  1.36241e-11
      1316.78  1.44791e-08  1.82522e-11
      1317.12  1.16380e-08  1.57920e-11
      1317.47  5.46221e-09  1.05399e-11
      1317.82  3.22674e-09  8.21308e-12
      1318.17  3.35374e-09  7.78934e-12
      1318.51  5.71520e-09  9.69183e-12
      1318.86  7.20663e-09  1.09513e-11
      1319.21  4.83503e-09  9.23380e-12
      1319.56  2.72618e-09  7.78027e-12
      1319.91  2.79830e-09  7.99110e-12
      1320.25  2.84223e-09  7.99482e-12
      1320.60  2.81074e-09  7.78341e-12
      1320.95  3.44764e-09  8.17264e-12
      1321.30  4.99203e-09  9.69667e-12
      1321.65  9.82516e-09  1.32568e-11
      1322.00  1.82135e-08  1.95313e-11
      1322.35  1.57030e-08  1.83614e-11
      1322.70  7.75954e-09  1.31134e-11
      1323.05  4.85371e-09  1.05495e-11
      1323.40  5.49292e-09  1.05305e-11
      1323.75  6.64373e-09  1.07553e-11
      1324.10  7.01803e-09  1.06520e-11
      1324.45  5.11729e-09  9.04175e-12
      1324.80  3.58845e-09  8.01475e-12
      