227
      1249.95  1.42236e-08  1.39320e-11
      1250.27  7.23641e-09  9.98545e-12
      1250.58  2.55292e-09  6.52938e-12
      1250.89  1.77819e-09  5.74633e-12
      1251.20  2.30951e-09  6.12874e-12
      1251.52  3.53872e-09  6.73678e-12
      1251.83  6.15000e-09  8.67268e-12
      1252.14  8.10163e-09  1.00337e-11
      1252.46  7.90247e-09  1.00747e-11
      1252.77  7.22939e-09  9.68815e-12
      1253.09  1.15100e-08  1.13640e-11
      1253.40  2.16181e-08  1.46686e-11
      1253.71  2.71844e-08  1.61908e-11
      1254.03  1.69236e-08  1.19602e-11
      1254.34  8.45244e-09  8.39552e-12
      1254.66  1.01811e-08  9.40531e-12
      1254.97  1.58530e-08  1.24301e-11
      1255.29  1.09990e-08  1.03164e-11
      1255.60  5.16865e-09  7.46765e-12
      1255.92  5.65465e-09  7.92942e-12
      1256.23  9.37983e-09  9.24347e-12
      1256.55  1.47193e-08  1.14366e-11
      1256.87  1.08802e-08  9.45154e-12
      1257.18  5.16074e-09  6.66979e-12
      1257.50  3.70949e-09  6.16619e-12
      1257.81  4.10767e-09  6.67746e-12
      1258.13  5.06542e-09  7.68549e-12
      1258.45  5.15145e-09  7.69233e-12
      1258.76  5.43798e-09  7.62385e-12
      1259.08  9.29093e-09  9.22254e-12
      1259.40  1.84221e-08  1.25082e-11
      1259.72  2.47341e-08  1.44277e-11
      1260.03  1.88668e-08  1.22389e-11
      1260.35  1.38798e-08  1.03831e-11
      1260.67  1.74481e-08  1.25958e-11
      1260.99  1.62288e-08  1.22919e-11
      1261.30  1.30708e-08  1.09781e-11
      1261.62  1.62320e-08  1.26503e-11
      1261.94  1.70714e-08  1.23582e-11
      1262.26  1.77935e-08  1.25677e-11
      1262.58  1.31388e-08  1.00777e-11
      1262.90  1.36237e-08  9.95528e-12
      1263.22  2.12787e-08  1.33162e-11
      1263.54  1.78252e-08  1.19023e-11
      1263.86  1.15171e-08  9.73757e-12
      1264.17  9.26943e-09  9.18313e-12
      1264.49  6.83059e-09  7.84795e-12
      1264.81  7.20126e-09  7.57357e-12
      1265.13  1.39821e-08  9.99745e-12
      1265.45  2.16284e-08  1.20202e-11
      1265.77  1.95447e-08  1.11073e-11
      1266.10  1.08780e-08  8.26401e-12
      1266.42  5.76291e-09  6.40608e-12
      1266.74  4.91954e-09  6.29017e-12
      1267.06  6.52893e-09  7.11858e-12
      1267.38  1.29119e-08  9.62835e-12
      1267.70  2.27839e-08  1.30547e-11
      1268.02  2.47226e-08  1.28654e-11
      1268.34  2.43398e-08  1.25200e-11
      1268.67  2.23373e-08  1.16492e-11
      1268.99  2.19564e-08  1.20512e-11
      1269.31  1.72733e-08  1.10358e-11
      1269.63  1.15139e-08  9.43712e-12
      1269.95  9.54139e-09  8.99447e-12
      1270.28  1.13532e-08  9.53072e-12
      1270.60  1.83299e-08  1.21582e-11
      1270.92  2.18757e-08  1.26391e-11
      1271.25  2.37941e-08  1.28176e-11
      1271.57  2.35355e-08  1.28950e-11
      1271.89  1.44694e-08  1.00164e-11
      1272.22  6.77529e-09  7.21916e-12
      1272.54  4.26834e-09  6.33097e-12
      1272.86  3.53784e-09  6.09672e-12
      1273.19  3.34200e-09  5.92287e-12
      1273.51  4.00915e-09  6.00771e-12
      1273.84  6.20408e-09  6.91039e-12
      1274.16  8.24746e-09  7.44105e-12
      1274.49  1.04588e-08  7.81773e-12
      1274.81  1.82589e-08  1.05684e-11
      1275.14  2.51329e-08  1.26694e-11
      1275.46  2.27901e-08  1.22451e-11
      1275.79  1.52896e-08  1.01320e-11
      1276.11  1.01908e-08  8.23832e-12
      1276.44  1.27886e-08  8.90723e-12
      1276.76  2.09181e-08  1.15891e-11
      1277.09  2.17745e-08  1.12425e-11
      1277.42  2.21887e-08  1.15159e-11
      1277.74  1.57362e-08  9.79559e-12
      1278.07  7.58062e-09  7.17003e-12
      1278.40  4.55976e-09  6.30916e-12
      1278.72  3.51509e-09  5.90846e-12
      1279.05  3.42565e-09  5.80646e-12
      1279.38  4.48914e-09  6.37237e-12
      1279.71  6.48003e-09  7.23756e-12
      1280.03  8.09034e-09  8.22295e-12
      1280.36  7.75511e-09  7.69203e-12
      1280.69  8.42874e-09  7.98493e-12
      1281.02  1.10817e-08  9.25128e-12
      1281.34  1.60485e-08  1.13811e-11
      1281.67  1.94668e-08  1.28443e-11
      1282.00  1.56693e-08  1.10982e-11
      1282.33  1.60965e-08  1.06979e-11
      1282.66  2.41696e-08  1.25555e-11
      1282.99  3.04152e-08  1.35072e-11
      1283.32  3.03623e-08  1.32730e-11
      1283.65  2.18271e-08  1.12309e-11
      1283.98  1.20256e-08  8.54549e-12
      1284.31  7.11508e-09  7.03890e-12
      1284.64  5.33695e-09  6.42281e-12
      1284.97  5.21446e-09  6.33559e-12
      1285.30  6.04781e-09  6.91419e-12
      1285.63  5.10437e-09  6.07611e-12
      1285.96  4.71763e-09  5.63886e-12
      1286.29  6.99620e-09  6.90389e-12
      1286.62  9.76109e-09  8.52575e-12
      1286.95  8.96041e-09  8.19391e-12
      1287.28  1.08997e-08  9.21628e-12
      1287.61  1.89735e-08  1.29792e-11
      1287.95  2.23635e-08  1.38050e-11
      1288.28  2.24431e-08  1.34244e-11
      1288.61  2.26218e-08  1.27576e-11
      1288.94  2.29115e-08  1.28671e-11
      1289.27  1.65201e-08  1.05131e-11
      1289.61  1.25747e-08  9.51109e-12
      1289.94  1.03387e-08  8.99365e-12
      1290.27  7.18847e-09  7.52666e-12
      1290.61  6.19475e-09  7.21930e-12
      1290.94  4.76281e-09  6.21874e-12
      1291.27  3.55677e-09  5.20261e-12
      1291.61  4.11124e-09  5.19510e-12
      1291.94  6.57392e-09  6.19531e-12
      1292.27  1.08444e-08  7.83161e-12
      1292.61  1.50615e-08  9.72427e-12
      1292.94  1.14011e-08  8.52220e-12
      1293.28  8.82056e-09  7.83581e-12
      1293.61  1.13445e-08  9.26822e-12
      1293.95  1.43030e-08  1.00187e-11
      1294.28  2.04211e-08  1.18493e-11
      1294.62  2.28650e-08  1.24479e-11
      1294.95  1.94997e-08  1.12505e-11
      1295.29  1.85438e-08  1.13986e-11
      1295.62  1.62565e-08  1.11585e-11
      1295.96  1.22429e-08  9.95322e-12
      1296.29  1.08341e-08  9.54429e-12
      1296.63  1.14204e-08  9.56601e-12
      1296.97  1.41006e-08  9.97935e-12
      1297.30  2.10603e-08  1.15205e-11
      1297.64  2.77072e-08  1.29142e-11
      1297.98  2.42974e-08  1.17366e-11
      1298.31  1.59959e-08  9.53144e-12
      1298.65  9.40995e-09  7.52370e-12
      1298.99  7.25642e-09  6.77832e-12
      1299.33  1.16459e-08  8.57925e-12
      1299.66  1.98545e-08  1.12521e-11
      1300.00  2.23297e-08  1.16686e-11
      1300.34  1.93347e-08  1.09498e-11
      1300.68  1.34409e-08  8.99244e-12
      1301.02  1.37312e-08  9.11226e-12
      1301.35  2.28143e-08  1.27400e-11
      1301.69  2.71076e-08  1.42533e-11
      1302.03  2.60863e-08  1.44468e-11
      1302.37  2.33577e-08  1.34250e-11
      1302.71  2.69323e-08  1.44937e-11
      1303.05  2.97821e-08  1.43173e-11
      1303.39  3.39864e-08  1.48725e-11
      1303.73  3.66681e-08  1.53078e-11
      1304.07  3.46022e-08  1.45397e-11
      1304.41  3.54047e-08  1.48371e-11
      1304.75  3.75059e-08  1.53401e-11
      1305.09  3.90053e-08  1.54226e-11
      1305.43  4.50665e-08  1.62974e-11
      1305.77  5.22020e-08  1.70233e-11
      1306.11  5.16354e-08  1.68338e-11
      1306.46  3.54440e-08  1.36430e-11
      1306.80  1.80236e-08  9.83645e-12
      1307.14  9.86071e-09  7.89667e-12
      1307.48  6.72467e-09  7.20870e-12
      1307.82  5.29090e-09  6.80946e-12
      1308.16  5.27293e-09  6.83589e-12
      1308.51  6.22507e-09  7.45198e-12
      1308.85  5.12317e-09  6.49891e-12
      1309.19  3.75764e-09  5.61552e-12
      1309.53  3.51623e-09  5.46009e-12
      1309.88  3.52821e-09  5.46154e-12
      1310.22  3.82552e-09  5.70547e-12
      1310.56  4.94800e-09  6.29869e-12
      1310.91  8.71376e-09  7.82351e-12
      1311.25  1.59397e-08  1.05244e-11
      1311.60  1.60468e-08  9.98307e-12
      1311.94  9.59282e-09  7.28887e-12
      1312.28  5.13730e-09  5.46383e-12
      1312.63  3.50200e-09  4.84985e-12
      1312.97  2.95007e-09  4.80353e-12
      1313.32  3.85664e-09  5.54689e-12
      1313.66  6.38400e-09  7.57311e-12
      1314.01  5.26179e-09  6.92159e-12
      1314.35  2.98228e-09  5.39821e-12
      1314.70  2.29163e-09  4.88466e-12
      1315.05  2.31420e-09  4.74922e-12
      1315.39  2.67515e-09  4.92627e-12
      1315.74  3.47045e-09  5.51227e-12
      1316.08  5.30220e-09  6.56134e-12
      1316.43  1.04827e-08  8.84167e-12
      1316.78  1.77885e-08  1.17655e-11
      1317.12  1.42677e-08  1.00133e-11
      1317.47  6.99786e-09  6.68239e-12
      1317.82  4.22967e-09  5.17974e-12
      1318.17  4.27200e-09  5.00883e-12
      1318.51  6.96366e-09  6.50823e-12
      1318.86  8.53425e-09  7.56273e-12
      1319.21  5.69205e-09  6.43621e-12
      1319.56  3.24437e-09  5.56030e-12
      1319.91  3.20425e-09  6.00535e-12
      1320.25  3.28796e-09  5.83523e-12
      1320.60  3.30389e-09  5.47316e-12
      1320.95  4.06695e-09  5.80200e-12
      1321.30  5.88405e-09  6.57964e-12
      1321.65  1.14826e-08  8.90813e-12
      1322.00  2.10837e-08  1.28554e-11
      1322.35  1.86866e-08  1.18791e-11
      1322.70  9.80554e-09  8.42946e-12
      1323.05  6.34618e-09  6.75308e-12
      1323.40  7.01732e-09  6.75693e-12
      1323.75  8.28842e-09  6.96251e-12
      1324.10  8.61967e-09  7.06601e-12
      1324.45  6.26022e-09  6.09706e-12
      1324.80  4.38161e-09  5.57909e-12
      