227
      1249.95  1.21080e-08  1.28258e-11
      1250.27  6.02510e-09  9.15900e-12
      1250.58  2.01145e-09  6.11001e-12
      1250.89  1.35733e-09  5.27088e-12
      1251.20  1.79045e-09  5.64433e-12
      1251.52  2.81933e-09  6.31114e-12
      1251.83  4.97892e-09  8.11725e-12
      1252.14  6.55322e-09  9.24958e-12
      1252.46  6.33092e-09  9.29954e-12
      1252.77  5.71693e-09  8.74838e-12
      1253.09  9.29409e-09  1.05232e-11
      1253.40  1.78800e-08  1.37328e-11
      1253.71  2.27673e-08  1.52565e-11
      1254.03  1.39004e-08  1.11797e-11
      1254.34  6.61969e-09  7.78504e-12
      1254.66  8.07740e-09  8.75691e-12
      1254.97  1.30544e-08  1.17305e-11
      1255.29  8.92518e-09  9.69620e-12
      1255.60  3.96194e-09  6.92246e-12
      1255.92  4.39049e-09  7.27184e-12
      1256.23  7.47504e-09  8.45125e-12
      1256.55  1.21682e-08  1.05064e-11
      1256.87  8.88512e-09  8.65127e-12
      1257.18  4.02741e-09  6.10169e-12
      1257.50  2.87725e-09  5.69795e-12
      1257.81  3.24212e-09  6.16321e-12
      1258.13  4.08964e-09  7.02315e-12
      1258.45  4.14540e-09  6.96927e-12
      1258.76  4.36646e-09  7.01687e-12
      1259.08  7.67232e-09  8.39208e-12
      1259.40  1.57713e-08  1.15462e-11
      1259.72  2.15217e-08  1.34793e-11
      1260.03  1.63216e-08  1.15322e-11
      1260.35  1.18726e-08  9.93410e-12
      1260.67  1.52018e-08  1.20815e-11
      1260.99  1.41409e-08  1.19287e-11
      1261.30  1.12896e-08  1.06195e-11
      1261.62  1.41521e-08  1.19514e-11
      1261.94  1.47278e-08  1.14358e-11
      1262.26  1.53488e-08  1.16889e-11
      1262.58  1.11106e-08  9.32936e-12
      1262.90  1.14167e-08  9.37404e-12
      1263.22  1.82188e-08  1.25522e-11
      1263.54  1.50584e-08  1.11557e-11
      1263.86  9.43496e-09  9.04649e-12
      1264.17  7.50625e-09  8.58247e-12
      1264.49  5.40849e-09  7.27725e-12
      1264.81  5.66896e-09  7.01562e-12
      1265.13  1.13963e-08  9.33010e-12
      1265.45  1.79727e-08  1.13405e-11
      1265.77  1.61878e-08  1.04878e-11
      1266.10  8.78105e-09  7.72194e-12
      1266.42  4.47834e-09  5.90544e-12
      1266.74  3.79714e-09  5.78689e-12
      1267.06  5.12704e-09  6.51222e-12
      1267.38  1.06247e-08  8.74347e-12
      1267.70  1.95857e-08  1.16971e-11
      1268.02  2.11367e-08  1.14595e-11
      1268.34  2.07686e-08  1.12162e-11
      1268.67  1.89050e-08  1.05303e-11
      1268.99  1.86189e-08  1.09719e-11
      1269.31  1.46117e-08  1.00486e-11
      1269.63  9.62645e-09  8.59284e-12
      1269.95  7.96629e-09  8.11549e-12
      1270.28  9.66018e-09  8.73448e-12
      1270.60  1.59567e-08  1.12878e-11
      1270.92  1.91943e-08  1.20075e-11
      1271.25  2.09661e-08  1.22712e-11
      1271.57  2.07337e-08  1.24942e-11
      1271.89  1.25584e-08  9.76586e-12
      1272.22  5.68485e-09  7.04221e-12
      1272.54  3.46329e-09  6.09961e-12
      1272.86  2.81762e-09  5.69869e-12
      1273.19  2.63267e-09  5.54981e-12
      1273.51  3.17079e-09  5.58091e-12
      1273.84  4.97629e-09  6.39791e-12
      1274.16  6.63562e-09  6.89720e-12
      1274.49  8.46734e-09  7.25943e-12
      1274.81  1.50601e-08  9.93158e-12
      1275.14  2.09351e-08  1.19421e-11
      1275.46  1.89358e-08  1.14702e-11
      1275.79  1.25209e-08  9.38771e-12
      1276.11  8.18898e-09  7.52941e-12
      1276.44  1.04691e-08  8.09539e-12
      1276.76  1.77012e-08  1.04586e-11
      1277.09  1.85433e-08  1.00349e-11
      1277.42  1.88040e-08  1.03680e-11
      1277.74  1.32905e-08  8.84918e-12
      1278.07  6.25034e-09  6.44782e-12
      1278.40  3.68731e-09  5.68567e-12
      1278.72  2.83322e-09  5.42752e-12
      1279.05  2.78871e-09  5.43000e-12
      1279.38  3.73396e-09  5.90208e-12
      1279.71  5.56612e-09  6.78284e-12
      1280.03  7.37447e-09  7.68106e-12
      1280.36  6.80107e-09  7.27703e-12
      1280.69  7.14190e-09  7.68157e-12
      1281.02  9.39424e-09  9.06866e-12
      1281.34  1.36885e-08  1.12645e-11
      1281.67  1.66261e-08  1.26893e-11
      1282.00  1.31606e-08  1.06098e-11
      1282.33  1.33936e-08  1.01051e-11
      1282.66  2.03175e-08  1.19302e-11
      1282.99  2.57125e-08  1.28322e-11
      1283.32  2.56285e-08  1.26572e-11
      1283.65  1.82650e-08  1.06902e-11
      1283.98  9.80893e-09  7.99849e-12
      1284.31  5.64099e-09  6.48897e-12
      1284.64  4.19167e-09  5.87165e-12
      1284.97  4.12816e-09  5.69037e-12
      1285.30  4.89100e-09  6.07777e-12
      1285.63  4.18679e-09  5.35524e-12
      1285.96  3.80733e-09  5.02517e-12
      1286.29  5.76728e-09  6.13057e-12
      1286.62  8.21708e-09  7.67092e-12
      1286.95  7.55261e-09  7.48679e-12
      1287.28  9.30561e-09  8.51908e-12
      1287.61  1.67935e-08  1.20217e-11
      1287.95  1.99246e-08  1.28535e-11
      1288.28  1.98927e-08  1.26032e-11
      1288.61  1.97982e-08  1.21658e-11
      1288.94  1.99902e-08  1.24892e-11
      1289.27  1.40985e-08  1.02016e-11
      1289.61  1.05182e-08  9.30638e-12
      1289.94  8.50953e-09  8.79915e-12
      1290.27  5.71220e-09  7.21359e-12
      1290.61  4.93567e-09  6.80699e-12
      1290.94  3.74658e-09  5.82085e-12
      1291.27  2.74546e-09  4.85569e-12
      1291.61  3.17499e-09  4.81031e-12
      1291.94  5.19401e-09  5.65801e-12
      1292.27  8.80510e-09  7.08289e-12
      1292.61  1.25911e-08  8.80845e-12
      1292.94  9.42092e-09  7.59712e-12
      1293.28  7.20485e-09  6.91526e-12
      1293.61  9.43034e-09  8.28501e-12
      1293.95  1.20751e-08  8.95748e-12
      1294.28  1.76655e-08  1.08138e-11
      1294.62  1.99249e-08  1.15365e-11
      1294.95  1.69622e-08  1.06441e-11
      1295.29  1.62058e-08  1.08835e-11
      1295.62  1.41503e-08  1.05529e-11
      1295.96  1.05156e-08  9.48985e-12
      1296.29  9.11649e-09  9.13265e-12
      1296.63  9.51479e-09  9.27810e-12
      1296.97  1.17273e-08  9.82391e-12
      1297.30  1.77262e-08  1.15417e-11
      1297.64  2.34061e-08  1.29599e-11
      1297.98  2.02069e-08  1.13720e-11
      1298.31  1.30489e-08  8.97096e-12
      1298.65  7.49361e-09  6.98722e-12
      1298.99  5.71039e-09  6.19814e-12
      1299.33  9.50811e-09  7.78187e-12
      1299.66  1.66831e-08  1.01227e-11
      1300.00  1.89662e-08  1.03558e-11
      1300.34  1.65190e-08  9.55044e-12
      1300.68  1.15608e-08  7.87852e-12
      1301.02  1.17367e-08  8.14109e-12
      1301.35  1.98886e-08  1.15251e-11
      1301.69  2.38724e-08  1.31638e-11
      1302.03  2.30520e-08  1.35880e-11
      1302.37  2.06068e-08  1.27144e-11
      1302.71  2.37189e-08  1.37947e-11
      1303.05  2.61113e-08  1.40226e-11
      1303.39  2.97494e-08  1.47399e-11
      1303.73  3.19596e-08  1.51582e-11
      1304.07  2.97775e-08  1.45524e-11
      1304.41  3.02649e-08  1.50205e-11
      1304.75  3.20364e-08  1.54414e-11
      1305.09  3.33198e-08  1.49242e-11
      1305.43  3.88757e-08  1.55521e-11
      1305.77  4.55331e-08  1.60491e-11
      1306.11  4.53640e-08  1.56218e-11
      1306.46  3.09391e-08  1.23857e-11
      1306.80  1.54338e-08  8.77257e-12
      1307.14  8.26248e-09  7.01865e-12
      1307.48  5.63987e-09  6.37072e-12
      1307.82  4.46848e-09  6.13509e-12
      1308.16  4.45216e-09  6.29674e-12
      1308.51  5.27810e-09  7.03053e-12
      1308.85  4.31285e-09  6.15808e-12
      1309.19  3.13842e-09  5.23380e-12
      1309.53  2.87980e-09  5.09921e-12
      1309.88  2.83635e-09  5.22398e-12
      1310.22  3.05383e-09  5.58149e-12
      1310.56  3.94823e-09  6.26812e-12
      1310.91  7.08844e-09  7.86369e-12
      1311.25  1.32069e-08  1.05359e-11
      1311.60  1.32539e-08  9.64999e-12
      1311.94  7.86091e-09  6.80131e-12
      1312.28  4.12436e-09  4.94934e-12
      1312.63  2.79253e-09  4.33542e-12
      1312.97  2.36801e-09  4.25960e-12
      1313.32  3.17445e-09  4.92983e-12
      1313.66  5.36851e-09  6.67046e-12
      1314.01  4.45242e-09  6.21020e-12
      1314.35  2.49585e-09  4.93485e-12
      1314.70  1.90162e-09  4.46358e-12
      1315.05  1.90914e-09  4.43640e-12
      1315.39  2.17903e-09  4.72011e-12
      1315.74  2.82179e-09  5.23381e-12
      1316.08  4.30781e-09  6.21818e-12
      1316.43  8.66482e-09  8.53726e-12
      1316.78  1.50568e-08  1.16897e-11
      1317.12  1.18775e-08  9.93682e-12
      1317.47  5.61189e-09  6.64392e-12
      1317.82  3.31357e-09  5.11404e-12
      1318.17  3.37293e-09  4.66655e-12
      1318.51  5.69082e-09  5.85452e-12
      1318.86  7.09106e-09  6.77246e-12
      1319.21  4.70829e-09  5.72860e-12
      1319.56  2.69655e-09  4.90302e-12
      1319.91  2.75902e-09  5.28720e-12
      1320.25  2.79238e-09  5.26981e-12
      1320.60  2.77217e-09  5.08839e-12
      1320.95  3.39814e-09  5.47234e-12
      1321.30  4.93199e-09  6.24887e-12
      1321.65  9.82062e-09  8.50925e-12
      1322.00  1.81853e-08  1.25831e-11
      1322.35  1.58993e-08  1.16973e-11
      1322.70  8.07725e-09  8.31582e-12
      1323.05  5.07069e-09  6.65054e-12
      1323.40  5.60555e-09  6.66915e-12
      1323.75  6.69557e-09  6.76518e-12
      1324.10  6.99658e-09  6.51817e-12
      1324.45  5.09046e-09  5.47527e-12
      1324.80  3.56207e-09  4.94872e-12
      