227
      1249.95  1.24897e-08  1.41756e-11
      1250.27  6.17273e-09  1.01548e-11
      1250.58  1.98781e-09  6.65593e-12
      1250.89  1.31170e-09  5.95545e-12
      1251.20  1.77329e-09  6.06360e-12
      1251.52  2.89189e-09  6.81362e-12
      1251.83  5.13236e-09  8.62524e-12
      1252.14  6.72852e-09  9.90047e-12
      1252.46  6.46631e-09  1.00359e-11
      1252.77  5.95047e-09  9.59631e-12
      1253.09  9.79067e-09  1.16665e-11
      1253.40  1.85903e-08  1.53431e-11
      1253.71  2.31210e-08  1.68404e-11
      1254.03  1.40663e-08  1.25158e-11
      1254.34  6.79267e-09  8.86894e-12
      1254.66  8.32425e-09  1.00360e-11
      1254.97  1.35728e-08  1.39529e-11
      1255.29  8.86456e-09  1.16612e-11
      1255.60  3.84827e-09  8.24191e-12
      1255.92  4.40222e-09  8.86711e-12
      1256.23  7.55595e-09  1.02727e-11
      1256.55  1.26596e-08  1.31911e-11
      1256.87  8.93929e-09  1.05050e-11
      1257.18  3.90785e-09  7.36219e-12
      1257.50  2.82293e-09  6.87934e-12
      1257.81  3.24922e-09  7.51496e-12
      1258.13  4.14408e-09  8.59245e-12
      1258.45  4.18959e-09  8.60557e-12
      1258.76  4.46642e-09  8.47796e-12
      1259.08  8.03649e-09  1.02331e-11
      1259.40  1.63466e-08  1.37895e-11
      1259.72  2.20601e-08  1.56739e-11
      1260.03  1.69176e-08  1.32339e-11
      1260.35  1.24858e-08  1.11998e-11
      1260.67  1.56659e-08  1.32660e-11
      1260.99  1.47429e-08  1.29623e-11
      1261.30  1.19589e-08  1.15368e-11
      1261.62  1.45751e-08  1.31127e-11
      1261.94  1.55016e-08  1.27930e-11
      1262.26  1.57134e-08  1.27150e-11
      1262.58  1.17222e-08  1.03175e-11
      1262.90  1.22806e-08  1.01605e-11
      1263.22  1.85645e-08  1.30145e-11
      1263.54  1.54907e-08  1.18758e-11
      1263.86  9.87528e-09  9.89697e-12
      1264.17  7.45526e-09  9.55607e-12
      1264.49  5.20283e-09  8.22828e-12
      1264.81  5.85225e-09  7.84465e-12
      1265.13  1.18455e-08  1.04095e-11
      1265.45  1.85079e-08  1.28414e-11
      1265.77  1.64706e-08  1.19892e-11
      1266.10  8.81957e-09  8.89973e-12
      1266.42  4.46275e-09  7.00299e-12
      1266.74  3.78338e-09  6.89257e-12
      1267.06  5.16035e-09  7.96302e-12
      1267.38  1.08847e-08  1.10319e-11
      1267.70  2.03326e-08  1.49893e-11
      1268.02  2.16249e-08  1.43172e-11
      1268.34  2.13722e-08  1.40298e-11
      1268.67  1.93950e-08  1.29996e-11
      1268.99  1.92419e-08  1.34916e-11
      1269.31  1.50432e-08  1.21243e-11
      1269.63  9.91577e-09  1.02649e-11
      1269.95  8.19788e-09  9.70812e-12
      1270.28  9.96389e-09  1.03048e-11
      1270.60  1.67170e-08  1.31373e-11
      1270.92  2.00615e-08  1.34695e-11
      1271.25  2.18591e-08  1.34721e-11
      1271.57  2.15448e-08  1.33462e-11
      1271.89  1.29568e-08  1.02300e-11
      1272.22  5.76727e-09  7.30403e-12
      1272.54  3.50553e-09  6.34602e-12
      1272.86  2.84030e-09  6.01897e-12
      1273.19  2.66099e-09  5.89808e-12
      1273.51  3.25181e-09  6.00452e-12
      1273.84  5.13081e-09  6.92550e-12
      1274.16  6.83622e-09  7.54804e-12
      1274.49  8.85595e-09  8.15912e-12
      1274.81  1.55738e-08  1.11554e-11
      1275.14  2.14219e-08  1.35628e-11
      1275.46  1.93160e-08  1.33680e-11
      1275.79  1.27576e-08  1.12527e-11
      1276.11  8.32558e-09  9.23430e-12
      1276.44  1.07701e-08  1.01301e-11
      1276.76  1.82508e-08  1.31332e-11
      1277.09  1.89775e-08  1.26571e-11
      1277.42  1.92934e-08  1.31195e-11
      1277.74  1.34984e-08  1.10890e-11
      1278.07  6.28556e-09  8.01045e-12
      1278.40  3.70744e-09  6.87362e-12
      1278.72  2.85292e-09  6.46340e-12
      1279.05  2.83286e-09  6.42740e-12
      1279.38  3.83724e-09  6.91063e-12
      1279.71  5.78828e-09  7.72729e-12
      1280.03  7.67422e-09  8.49921e-12
      1280.36  7.08614e-09  7.83588e-12
      1280.69  7.45851e-09  8.08266e-12
      1281.02  9.85126e-09  9.30019e-12
      1281.34  1.43023e-08  1.13857e-11
      1281.67  1.71633e-08  1.27541e-11
      1282.00  1.37313e-08  1.11006e-11
      1282.33  1.40257e-08  1.07814e-11
      1282.66  2.10253e-08  1.28942e-11
      1282.99  2.64153e-08  1.41480e-11
      1283.32  2.61253e-08  1.41501e-11
      1283.65  1.85137e-08  1.21669e-11
      1283.98  9.94724e-09  9.34604e-12
      1284.31  5.70345e-09  7.78500e-12
      1284.64  4.21352e-09  7.23272e-12
      1284.97  4.17569e-09  7.24657e-12
      1285.30  4.89293e-09  7.68832e-12
      1285.63  4.18046e-09  6.77544e-12
      1285.96  3.89049e-09  6.32085e-12
      1286.29  5.97723e-09  7.64498e-12
      1286.62  8.41891e-09  9.28899e-12
      1286.95  7.83619e-09  8.92069e-12
      1287.28  9.88635e-09  9.92832e-12
      1287.61  1.74424e-08  1.35714e-11
      1287.95  2.07127e-08  1.42735e-11
      1288.28  2.07503e-08  1.36747e-11
      1288.61  2.07062e-08  1.28687e-11
      1288.94  2.07056e-08  1.28966e-11
      1289.27  1.45275e-08  1.03760e-11
      1289.61  1.09420e-08  9.45417e-12
      1289.94  8.72878e-09  8.83889e-12
      1290.27  5.81001e-09  7.48329e-12
      1290.61  5.01622e-09  7.44222e-12
      1290.94  3.70090e-09  6.54259e-12
      1291.27  2.67010e-09  5.57254e-12
      1291.61  3.10364e-09  5.66377e-12
      1291.94  5.22338e-09  6.94915e-12
      1292.27  8.95044e-09  8.89172e-12
      1292.61  1.32721e-08  1.15396e-11
      1292.94  9.44219e-09  9.65924e-12
      1293.28  7.17917e-09  8.84811e-12
      1293.61  9.82045e-09  1.06446e-11
      1293.95  1.23937e-08  1.11293e-11
      1294.28  1.86361e-08  1.32901e-11
      1294.62  2.10738e-08  1.36222e-11
      1294.95  1.76469e-08  1.18894e-11
      1295.29  1.70999e-08  1.20946e-11
      1295.62  1.48112e-08  1.13395e-11
      1295.96  1.08463e-08  9.91315e-12
      1296.29  9.43450e-09  9.42302e-12
      1296.63  9.87128e-09  9.47372e-12
      1296.97  1.21239e-08  9.95604e-12
      1297.30  1.83243e-08  1.16796e-11
      1297.64  2.43098e-08  1.34901e-11
      1297.98  2.07789e-08  1.24326e-11
      1298.31  1.31880e-08  1.02811e-11
      1298.65  7.47576e-09  8.20599e-12
      1298.99  5.71076e-09  7.57606e-12
      1299.33  9.71652e-09  9.82876e-12
      1299.66  1.72225e-08  1.30810e-11
      1300.00  1.94678e-08  1.34155e-11
      1300.34  1.69199e-08  1.22563e-11
      1300.68  1.18817e-08  9.99063e-12
      1301.02  1.22026e-08  1.00569e-11
      1301.35  2.08230e-08  1.37473e-11
      1301.69  2.50546e-08  1.51551e-11
      1302.03  2.41699e-08  1.50448e-11
      1302.37  2.16277e-08  1.37720e-11
      1302.71  2.46750e-08  1.45519e-11
      1303.05  2.72311e-08  1.43743e-11
      1303.39  3.07706e-08  1.47547e-11
      1303.73  3.30148e-08  1.52195e-11
      1304.07  3.07453e-08  1.47682e-11
      1304.41  3.11064e-08  1.54414e-11
      1304.75  3.28183e-08  1.65040e-11
      1305.09  3.42033e-08  1.72452e-11
      1305.43  3.97656e-08  1.86971e-11
      1305.77  4.63894e-08  1.99559e-11
      1306.11  4.58335e-08  1.96854e-11
      1306.46  3.14294e-08  1.60123e-11
      1306.80  1.57756e-08  1.14006e-11
      1307.14  8.46087e-09  8.95572e-12
      1307.48  5.79426e-09  7.95718e-12
      1307.82  4.62572e-09  7.40038e-12
      1308.16  4.64911e-09  7.41261e-12
      1308.51  5.46339e-09  7.89292e-12
      1308.85  4.49026e-09  6.76452e-12
      1309.19  3.22030e-09  5.61383e-12
      1309.53  2.91975e-09  5.33520e-12
      1309.88  2.87287e-09  5.35269e-12
      1310.22  3.10974e-09  5.62144e-12
      1310.56  4.06653e-09  6.34225e-12
      1310.91  7.38649e-09  8.25236e-12
      1311.25  1.33407e-08  1.12050e-11
      1311.60  1.34093e-08  1.10451e-11
      1311.94  7.96772e-09  8.33544e-12
      1312.28  4.14179e-09  6.27678e-12
      1312.63  2.74795e-09  5.53051e-12
      1312.97  2.35094e-09  5.48778e-12
      1313.32  3.26537e-09  6.33358e-12
      1313.66  5.41596e-09  8.24213e-12
      1314.01  4.52581e-09  7.52698e-12
      1314.35  2.54755e-09  5.83314e-12
      1314.70  1.91996e-09  5.06839e-12
      1315.05  1.92432e-09  4.86094e-12
      1315.39  2.22293e-09  4.93301e-12
      1315.74  2.89111e-09  5.35957e-12
      1316.08  4.49447e-09  6.38789e-12
      1316.43  9.08633e-09  8.87576e-12
      1316.78  1.52453e-08  1.20039e-11
      1317.12  1.19972e-08  1.05832e-11
      1317.47  5.65654e-09  7.31152e-12
      1317.82  3.29254e-09  5.89082e-12
      1318.17  3.37589e-09  5.76799e-12
      1318.51  5.77823e-09  7.55091e-12
      1318.86  7.19037e-09  8.75952e-12
      1319.21  4.74455e-09  7.43808e-12
      1319.56  2.70322e-09  6.13551e-12
      1319.91  2.80840e-09  6.45335e-12
      1320.25  2.85370e-09  6.24218e-12
      1320.60  2.85187e-09  5.77133e-12
      1320.95  3.53053e-09  5.95046e-12
      1321.30  5.12145e-09  6.66858e-12
      1321.65  1.02232e-08  8.85076e-12
      1322.00  1.89864e-08  1.27071e-11
      1322.35  1.62313e-08  1.17986e-11
      1322.70  8.12364e-09  8.56565e-12
      1323.05  5.09829e-09  7.14403e-12
      1323.40  5.69416e-09  7.48088e-12
      1323.75  6.76690e-09  7.87657e-12
      1324.10  7.05618e-09  8.08681e-12
      1324.45  5.07762e-09  7.06267e-12
      1324.80  3.57334e-09  6.42936e-12
      