227
      1249.95  1.10411e-08  1.42127e-11
      1250.27  5.38836e-09  1.02023e-11
      1250.58  1.65750e-09  6.75418e-12
      1250.89  1.06186e-09  6.13758e-12
      1251.20  1.46201e-09  6.11590e-12
      1251.52  2.45779e-09  6.84967e-12
      1251.83  4.44742e-09  8.64350e-12
      1252.14  5.87518e-09  1.00284e-11
      1252.46  5.63774e-09  1.01097e-11
      1252.77  5.20877e-09  9.67278e-12
      1253.09  8.77300e-09  1.18245e-11
      1253.40  1.68952e-08  1.55365e-11
      1253.71  2.11000e-08  1.70595e-11
      1254.03  1.28383e-08  1.27585e-11
      1254.34  6.12559e-09  9.19909e-12
      1254.66  7.55489e-09  1.04170e-11
      1254.97  1.24266e-08  1.43333e-11
      1255.29  8.09372e-09  1.17855e-11
      1255.60  3.44801e-09  8.59086e-12
      1255.92  3.93368e-09  9.19074e-12
      1256.23  6.85125e-09  1.07441e-11
      1256.55  1.17461e-08  1.38448e-11
      1256.87  8.17983e-09  1.10489e-11
      1257.18  3.48902e-09  7.86174e-12
      1257.50  2.50099e-09  7.31422e-12
      1257.81  2.88795e-09  7.83098e-12
      1258.13  3.70878e-09  9.01790e-12
      1258.45  3.71068e-09  9.03220e-12
      1258.76  3.92886e-09  8.93886e-12
      1259.08  7.15520e-09  1.06167e-11
      1259.40  1.48229e-08  1.44057e-11
      1259.72  2.01604e-08  1.62924e-11
      1260.03  1.53595e-08  1.36595e-11
      1260.35  1.11358e-08  1.14922e-11
      1260.67  1.40230e-08  1.36479e-11
      1260.99  1.32145e-08  1.33357e-11
      1261.30  1.06239e-08  1.18227e-11
      1261.62  1.29480e-08  1.32216e-11
      1261.94  1.38275e-08  1.28590e-11
      1262.26  1.39493e-08  1.25884e-11
      1262.58  1.04207e-08  1.03083e-11
      1262.90  1.08706e-08  1.01857e-11
      1263.22  1.64909e-08  1.29796e-11
      1263.54  1.38498e-08  1.19895e-11
      1263.86  8.73861e-09  9.91046e-12
      1264.17  6.73876e-09  9.34194e-12
      1264.49  4.82703e-09  8.12319e-12
      1264.81  5.20744e-09  7.91438e-12
      1265.13  1.07162e-08  1.05588e-11
      1265.45  1.68819e-08  1.30139e-11
      1265.77  1.50512e-08  1.23681e-11
      1266.10  8.03224e-09  9.31420e-12
      1266.42  4.01148e-09  7.32291e-12
      1266.74  3.38431e-09  7.30170e-12
      1267.06  4.52947e-09  8.48578e-12
      1267.38  9.32487e-09  1.04608e-11
      1267.70  1.99459e-08  1.74522e-11
      1268.02  2.00709e-08  1.52445e-11
      1268.34  1.98466e-08  1.50007e-11
      1268.67  1.78462e-08  1.37804e-11
      1268.99  1.78259e-08  1.45102e-11
      1269.31  1.37673e-08  1.28996e-11
      1269.63  8.92598e-09  1.08686e-11
      1269.95  7.29418e-09  1.01334e-11
      1270.28  8.83360e-09  1.05434e-11
      1270.60  1.52140e-08  1.37041e-11
      1270.92  1.81638e-08  1.39075e-11
      1271.25  1.97369e-08  1.38780e-11
      1271.57  1.95253e-08  1.37429e-11
      1271.89  1.15644e-08  1.04067e-11
      1272.22  4.96802e-09  7.30367e-12
      1272.54  2.97310e-09  6.40830e-12
      1272.86  2.39873e-09  6.08809e-12
      1273.19  2.24066e-09  5.93597e-12
      1273.51  2.77457e-09  5.98949e-12
      1273.84  4.45416e-09  6.85798e-12
      1274.16  6.03331e-09  7.56243e-12
      1274.49  7.96915e-09  8.24219e-12
      1274.81  1.41777e-08  1.13312e-11
      1275.14  1.96103e-08  1.38886e-11
      1275.46  1.77422e-08  1.37630e-11
      1275.79  1.17105e-08  1.16960e-11
      1276.11  7.65586e-09  9.72125e-12
      1276.44  9.96299e-09  1.05892e-11
      1276.76  1.68181e-08  1.35872e-11
      1277.09  1.76319e-08  1.33256e-11
      1277.42  1.78347e-08  1.37216e-11
      1277.74  1.24551e-08  1.17021e-11
      1278.07  5.70961e-09  8.40614e-12
      1278.40  3.28345e-09  7.27488e-12
      1278.72  2.49721e-09  6.85663e-12
      1279.05  2.46556e-09  6.71932e-12
      1279.38  3.35301e-09  7.09019e-12
      1279.71  5.09663e-09  7.85769e-12
      1280.03  6.77353e-09  8.60738e-12
      1280.36  6.22271e-09  7.91958e-12
      1280.69  6.52978e-09  8.11891e-12
      1281.02  8.66484e-09  9.34502e-12
      1281.34  1.27211e-08  1.14995e-11
      1281.67  1.53674e-08  1.28294e-11
      1282.00  1.22146e-08  1.10160e-11
      1282.33  1.24996e-08  1.07598e-11
      1282.66  1.90668e-08  1.29661e-11
      1282.99  2.42424e-08  1.43267e-11
      1283.32  2.41257e-08  1.44548e-11
      1283.65  1.70875e-08  1.26248e-11
      1283.98  9.10260e-09  9.81948e-12
      1284.31  5.15938e-09  8.18719e-12
      1284.64  3.79233e-09  7.59860e-12
      1284.97  3.75440e-09  7.65620e-12
      1285.30  4.43529e-09  8.12825e-12
      1285.63  3.77406e-09  7.21151e-12
      1285.96  3.49297e-09  6.67089e-12
      1286.29  5.39845e-09  8.07411e-12
      1286.62  7.63781e-09  9.87914e-12
      1286.95  7.06008e-09  9.41267e-12
      1287.28  8.89916e-09  1.03897e-11
      1287.61  1.58265e-08  1.42328e-11
      1287.95  1.87885e-08  1.48177e-11
      1288.28  1.87467e-08  1.40267e-11
      1288.61  1.86438e-08  1.30787e-11
      1288.94  1.86377e-08  1.30434e-11
      1289.27  1.29880e-08  1.04800e-11
      1289.61  9.67807e-09  9.49505e-12
      1289.94  7.69098e-09  8.84699e-12
      1290.27  5.10074e-09  7.56011e-12
      1290.61  4.42292e-09  7.49222e-12
      1290.94  3.28248e-09  6.61029e-12
      1291.27  2.37001e-09  5.72874e-12
      1291.61  2.76950e-09  5.77190e-12
      1291.94  4.71401e-09  7.19381e-12
      1292.27  8.19266e-09  9.27823e-12
      1292.61  1.23216e-08  1.22050e-11
      1292.94  8.63139e-09  1.01834e-11
      1293.28  6.47742e-09  9.30155e-12
      1293.61  8.89940e-09  1.11498e-11
      1293.95  1.12235e-08  1.15253e-11
      1294.28  1.70612e-08  1.38202e-11
      1294.62  1.92640e-08  1.41415e-11
      1294.95  1.59126e-08  1.22429e-11
      1295.29  1.53928e-08  1.24106e-11
      1295.62  1.32188e-08  1.15929e-11
      1295.96  9.53833e-09  1.00114e-11
      1296.29  8.27476e-09  9.41033e-12
      1296.63  8.66850e-09  9.45898e-12
      1296.97  1.06976e-08  9.85591e-12
      1297.30  1.64997e-08  1.17160e-11
      1297.64  2.22867e-08  1.36640e-11
      1297.98  1.90711e-08  1.26846e-11
      1298.31  1.20322e-08  1.06154e-11
      1298.65  6.76427e-09  8.58379e-12
      1298.99  5.13180e-09  7.91957e-12
      1299.33  8.87636e-09  1.02712e-11
      1299.66  1.60313e-08  1.38510e-11
      1300.00  1.81074e-08  1.42123e-11
      1300.34  1.56678e-08  1.30292e-11
      1300.68  1.08618e-08  1.05781e-11
      1301.02  1.10433e-08  1.05761e-11
      1301.35  1.91087e-08  1.45961e-11
      1301.69  2.29385e-08  1.60028e-11
      1302.03  2.20625e-08  1.57218e-11
      1302.37  1.95707e-08  1.42042e-11
      1302.71  2.23688e-08  1.48268e-11
      1303.05  2.47208e-08  1.46109e-11
      1303.39  2.79959e-08  1.49812e-11
      1303.73  3.02072e-08  1.54223e-11
      1304.07  2.81452e-08  1.50161e-11
      1304.41  2.86131e-08  1.56452e-11
      1304.75  3.04631e-08  1.68622e-11
      1305.09  3.19415e-08  1.77190e-11
      1305.43  3.73729e-08  1.93387e-11
      1305.77  4.38507e-08  2.08240e-11
      1306.11  4.34079e-08  2.06096e-11
      1306.46  2.96097e-08  1.68687e-11
      1306.80  1.46002e-08  1.19532e-11
      1307.14  7.65422e-09  9.28241e-12
      1307.48  5.18741e-09  8.31573e-12
      1307.82  4.09929e-09  7.74835e-12
      1308.16  4.07604e-09  7.64571e-12
      1308.51  4.78738e-09  7.99881e-12
      1308.85  3.92885e-09  6.88725e-12
      1309.19  2.75725e-09  5.61137e-12
      1309.53  2.49530e-09  5.36114e-12
      1309.88  2.45827e-09  5.39385e-12
      1310.22  2.67200e-09  5.65699e-12
      1310.56  3.57597e-09  6.42011e-12
      1310.91  6.67637e-09  8.45294e-12
      1311.25  1.22004e-08  1.14892e-11
      1311.60  1.23827e-08  1.14343e-11
      1311.94  7.32740e-09  8.72454e-12
      1312.28  3.76617e-09  6.66751e-12
      1312.63  2.49465e-09  5.95136e-12
      1312.97  2.11879e-09  5.84438e-12
      1313.32  2.93315e-09  6.83639e-12
      1313.66  4.84787e-09  8.66033e-12
      1314.01  4.06603e-09  7.97277e-12
      1314.35  2.23074e-09  6.14188e-12
      1314.70  1.64116e-09  5.26395e-12
      1315.05  1.63459e-09  5.04738e-12
      1315.39  1.89616e-09  5.10528e-12
      1315.74  2.48099e-09  5.53383e-12
      1316.08  3.93611e-09  6.51887e-12
      1316.43  8.11551e-09  9.01712e-12
      1316.78  1.37994e-08  1.21863e-11
      1317.12  1.10094e-08  1.08095e-11
      1317.47  5.15008e-09  7.49136e-12
      1317.82  2.97255e-09  6.07016e-12
      1318.17  3.06274e-09  6.04341e-12
      1318.51  5.24644e-09  7.84622e-12
      1318.86  6.54760e-09  9.10297e-12
      1319.21  4.31170e-09  7.77759e-12
      1319.56  2.40163e-09  6.44262e-12
      1319.91  2.45962e-09  6.71995e-12
      1320.25  2.48438e-09  6.49070e-12
      1320.60  2.47127e-09  5.95739e-12
      1320.95  3.05980e-09  6.04778e-12
      1321.30  4.48820e-09  6.82873e-12
      1321.65  9.13733e-09  9.00189e-12
      1322.00  1.71390e-08  1.30932e-11
      1322.35  1.47551e-08  1.21293e-11
      1322.70  7.33477e-09  8.72726e-12
      1323.05  4.58520e-09  7.36276e-12
      1323.40  5.14391e-09  7.68046e-12
      1323.75  6.17166e-09  8.16495e-12
      1324.10  6.44289e-09  8.39233e-12
      1324.45  4.63480e-09  7.43100e-12
      1324.80  3.21807e-09  6.84830e-12
      