227
      1249.95  1.46103e-08  1.55064e-11
      1250.27  7.44831e-09  1.09896e-11
      1250.58  2.61463e-09  7.11375e-12
      1250.89  1.83727e-09  6.26857e-12
      1251.20  2.37156e-09  6.77902e-12
      1251.52  3.60355e-09  7.84933e-12
      1251.83  6.15892e-09  9.99326e-12
      1252.14  8.08127e-09  1.15090e-11
      1252.46  7.85961e-09  1.15388e-11
      1252.77  7.19210e-09  1.07269e-11
      1253.09  1.13199e-08  1.23870e-11
      1253.40  2.10233e-08  1.60450e-11
      1253.71  2.63018e-08  1.75569e-11
      1254.03  1.67616e-08  1.34739e-11
      1254.34  8.30088e-09  9.49787e-12
      1254.66  9.81706e-09  1.04790e-11
      1254.97  1.51467e-08  1.36709e-11
      1255.29  1.07725e-08  1.16163e-11
      1255.60  5.03583e-09  8.12156e-12
      1255.92  5.43934e-09  8.32337e-12
      1256.23  9.01639e-09  9.52550e-12
      1256.55  1.40911e-08  1.16842e-11
      1256.87  1.06497e-08  9.80224e-12
      1257.18  5.04345e-09  6.97907e-12
      1257.50  3.63307e-09  6.43862e-12
      1257.81  4.05443e-09  6.93965e-12
      1258.13  5.03036e-09  7.74528e-12
      1258.45  5.13230e-09  7.88906e-12
      1258.76  5.42714e-09  7.66053e-12
      1259.08  9.27747e-09  9.18369e-12
      1259.40  1.83330e-08  1.25040e-11
      1259.72  2.47381e-08  1.46340e-11
      1260.03  1.92314e-08  1.27778e-11
      1260.35  1.42489e-08  1.11676e-11
      1260.67  1.77729e-08  1.34524e-11
      1260.99  1.68381e-08  1.34442e-11
      1261.30  1.35826e-08  1.20347e-11
      1261.62  1.62810e-08  1.39965e-11
      1261.94  1.74120e-08  1.35856e-11
      1262.26  1.77372e-08  1.37683e-11
      1262.58  1.33668e-08  1.14843e-11
      1262.90  1.38629e-08  1.13259e-11
      1263.22  2.09385e-08  1.47060e-11
      1263.54  1.79367e-08  1.37358e-11
      1263.86  1.16167e-08  1.13579e-11
      1264.17  9.20390e-09  1.08978e-11
      1264.49  6.76853e-09  9.20027e-12
      1264.81  7.17915e-09  8.51650e-12
      1265.13  1.36460e-08  1.11021e-11
      1265.45  2.09141e-08  1.35893e-11
      1265.77  1.90259e-08  1.27589e-11
      1266.10  1.07162e-08  9.55810e-12
      1266.42  5.65589e-09  7.32413e-12
      1266.74  4.78923e-09  7.05165e-12
      1267.06  6.32690e-09  7.70618e-12
      1267.38  1.26080e-08  1.00537e-11
      1267.70  2.24833e-08  1.31551e-11
      1268.02  2.45513e-08  1.28670e-11
      1268.34  2.40634e-08  1.25524e-11
      1268.67  2.21045e-08  1.19255e-11
      1268.99  2.16599e-08  1.23016e-11
      1269.31  1.72468e-08  1.12502e-11
      1269.63  1.16343e-08  9.57813e-12
      1269.95  9.63791e-09  8.98640e-12
      1270.28  1.15241e-08  9.59901e-12
      1270.60  1.85685e-08  1.20451e-11
      1270.92  2.23706e-08  1.27965e-11
      1271.25  2.43906e-08  1.32695e-11
      1271.57  2.40583e-08  1.37319e-11
      1271.89  1.49213e-08  1.11008e-11
      1272.22  6.97684e-09  8.11816e-12
      1272.54  4.37843e-09  7.10675e-12
      1272.86  3.60809e-09  6.82540e-12
      1273.19  3.38706e-09  6.53577e-12
      1273.51  4.04384e-09  6.66598e-12
      1273.84  6.14378e-09  7.67953e-12
      1274.16  8.12885e-09  8.50555e-12
      1274.49  1.05033e-08  9.30846e-12
      1274.81  1.78236e-08  1.23981e-11
      1275.14  2.42782e-08  1.48645e-11
      1275.46  2.22073e-08  1.43621e-11
      1275.79  1.50189e-08  1.18191e-11
      1276.11  1.01009e-08  9.39056e-12
      1276.44  1.26159e-08  9.73048e-12
      1276.76  2.01550e-08  1.22919e-11
      1277.09  2.15705e-08  1.18913e-11
      1277.42  2.16988e-08  1.19016e-11
      1277.74  1.55637e-08  1.02375e-11
      1278.07  7.65825e-09  7.46352e-12
      1278.40  4.60213e-09  6.32623e-12
      1278.72  3.58232e-09  5.93145e-12
      1279.05  3.52673e-09  5.78346e-12
      1279.38  4.60394e-09  6.26296e-12
      1279.71  6.70283e-09  7.19555e-12
      1280.03  8.68982e-09  8.57060e-12
      1280.36  8.13774e-09  8.05595e-12
      1280.69  8.60322e-09  8.53588e-12
      1281.02  1.11878e-08  1.00363e-11
      1281.34  1.60850e-08  1.25193e-11
      1281.67  1.94115e-08  1.41056e-11
      1282.00  1.57070e-08  1.22906e-11
      1282.33  1.59357e-08  1.17584e-11
      1282.66  2.37602e-08  1.41348e-11
      1282.99  2.99555e-08  1.56639e-11
      1283.32  2.98294e-08  1.57489e-11
      1283.65  2.15426e-08  1.36165e-11
      1283.98  1.18709e-08  1.03343e-11
      1284.31  6.99412e-09  8.49464e-12
      1284.64  5.21941e-09  7.45669e-12
      1284.97  5.10732e-09  6.90581e-12
      1285.30  5.78611e-09  7.32340e-12
      1285.63  5.02583e-09  6.42988e-12
      1285.96  4.74270e-09  5.76053e-12
      1286.29  6.96800e-09  6.96873e-12
      1286.62  9.66446e-09  8.43943e-12
      1286.95  9.19626e-09  8.35797e-12
      1287.28  1.12343e-08  9.31141e-12
      1287.61  1.91311e-08  1.27265e-11
      1287.95  2.27959e-08  1.44395e-11
      1288.28  2.27310e-08  1.43861e-11
      1288.61  2.29519e-08  1.35149e-11
      1288.94  2.28077e-08  1.33092e-11
      1289.27  1.67415e-08  1.15306e-11
      1289.61  1.24918e-08  1.05439e-11
      1289.94  1.02366e-08  1.02218e-11
      1290.27  7.12211e-09  8.78989e-12
      1290.61  6.03876e-09  8.37535e-12
      1290.94  4.70644e-09  7.27795e-12
      1291.27  3.50953e-09  5.98805e-12
      1291.61  3.99057e-09  6.08694e-12
      1291.94  6.35977e-09  7.25269e-12
      1292.27  1.05376e-08  9.12984e-12
      1292.61  1.48287e-08  1.10959e-11
      1292.94  1.12957e-08  9.59419e-12
      1293.28  8.62916e-09  8.35117e-12
      1293.61  1.12906e-08  9.42294e-12
      1293.95  1.42547e-08  9.84564e-12
      1294.28  2.06098e-08  1.15519e-11
      1294.62  2.33272e-08  1.25038e-11
      1294.95  1.97330e-08  1.15073e-11
      1295.29  1.90788e-08  1.15884e-11
      1295.62  1.67148e-08  1.13635e-11
      1295.96  1.24212e-08  1.02349e-11
      1296.29  1.08292e-08  9.92788e-12
      1296.63  1.13129e-08  1.01661e-11
      1296.97  1.38025e-08  1.08684e-11
      1297.30  2.05977e-08  1.28968e-11
      1297.64  2.74742e-08  1.51032e-11
      1297.98  2.39406e-08  1.41036e-11
      1298.31  1.56395e-08  1.17367e-11
      1298.65  9.10168e-09  9.25403e-12
      1298.99  6.87956e-09  8.02667e-12
      1299.33  1.11849e-08  9.80853e-12
      1299.66  1.97747e-08  1.27407e-11
      1300.00  2.22229e-08  1.25856e-11
      1300.34  1.95323e-08  1.13985e-11
      1300.68  1.35238e-08  9.09482e-12
      1301.02  1.34912e-08  8.97732e-12
      1301.35  2.30426e-08  1.30676e-11
      1301.69  2.75863e-08  1.43977e-11
      1302.03  2.68113e-08  1.43174e-11
      1302.37  2.35373e-08  1.30494e-11
      1302.71  2.72959e-08  1.43423e-11
      1303.05  2.96584e-08  1.45214e-11
      1303.39  3.38660e-08  1.56979e-11
      1303.73  3.64676e-08  1.70392e-11
      1304.07  3.39030e-08  1.69370e-11
      1304.41  3.48011e-08  1.75378e-11
      1304.75  3.68709e-08  1.84608e-11
      1305.09  3.83174e-08  1.86029e-11
      1305.43  4.45490e-08  1.96548e-11
      1305.77  5.17623e-08  2.01549e-11
      1306.11  5.14221e-08  1.95669e-11
      1306.46  3.53332e-08  1.56081e-11
      1306.80  1.80626e-08  1.09313e-11
      1307.14  9.93935e-09  8.39962e-12
      1307.48  6.87087e-09  7.24298e-12
      1307.82  5.77578e-09  1.04519e-11
      1308.16  5.99953e-09  1.62683e-11
      1308.51  6.43430e-09  7.14766e-12
      1308.85  5.27969e-09  6.36418e-12
      1309.19  3.87034e-09  5.54988e-12
      1309.53  3.53574e-09  5.53138e-12
      1309.88  3.50173e-09  5.79694e-12
      1310.22  3.77779e-09  6.31585e-12
      1310.56  4.85782e-09  7.16032e-12
      1310.91  8.56038e-09  9.16635e-12
      1311.25  1.53302e-08  1.22180e-11
      1311.60  1.56397e-08  1.18879e-11
      1311.94  9.57863e-09  8.93205e-12
      1312.28  5.14842e-09  6.59389e-12
      1312.63  3.51293e-09  5.72757e-12
      1312.97  3.01341e-09  5.43011e-12
      1313.32  3.98171e-09  6.07136e-12
      1313.66  6.32330e-09  7.62234e-12
      1314.01  5.44905e-09  6.90972e-12
      1314.35  3.18293e-09  5.42983e-12
      1314.70  2.41467e-09  4.79688e-12
      1315.05  2.41254e-09  4.60261e-12
      1315.39  2.72617e-09  4.86492e-12
      1315.74  3.46663e-09  5.59713e-12
      1316.08  5.26573e-09  7.00456e-12
      1316.43  1.02162e-08  9.77632e-12
      1316.78  1.70870e-08  1.34019e-11
      1317.12  1.40348e-08  1.18769e-11
      1317.47  6.85869e-09  8.00787e-12
      1317.82  4.15176e-09  6.34774e-12
      1318.17  4.19338e-09  6.13218e-12
      1318.51  6.87490e-09  7.81469e-12
      1318.86  8.60649e-09  8.85456e-12
      1319.21  5.80672e-09  7.26877e-12
      1319.56  3.33144e-09  5.78449e-12
      1319.91  3.39984e-09  6.14291e-12
      1320.25  3.45121e-09  5.74445e-12
      1320.60  3.42739e-09  5.22998e-12
      1320.95  4.15946e-09  5.66589e-12
      1321.30  5.86969e-09  6.51031e-12
      1321.65  1.13608e-08  9.01455e-12
      1322.00  2.07965e-08  1.35533e-11
      1322.35  1.81323e-08  1.29165e-11
      1322.70  9.58716e-09  9.56653e-12
      1323.05  6.22530e-09  7.90395e-12
      1323.40  6.84207e-09  8.13851e-12
      1323.75  8.09520e-09  8.43366e-12
      1324.10  8.41674e-09  8.58207e-12
      1324.45  6.25951e-09  7.46375e-12
      1324.80  4.46684e-09  6.51320e-12
      