227
      1249.95  1.50251e-08  1.47947e-11
      1250.27  7.67775e-09  1.05396e-11
      1250.58  2.68832e-09  6.75891e-12
      1250.89  1.86753e-09  6.05611e-12
      1251.20  2.41376e-09  6.59729e-12
      1251.52  3.68754e-09  7.64085e-12
      1251.83  6.23508e-09  9.82586e-12
      1252.14  8.09872e-09  1.15226e-11
      1252.46  7.98014e-09  1.14096e-11
      1252.77  7.39063e-09  1.07301e-11
      1253.09  1.16827e-08  1.24884e-11
      1253.40  2.17305e-08  1.62760e-11
      1253.71  2.71297e-08  1.79230e-11
      1254.03  1.73984e-08  1.38326e-11
      1254.34  8.75041e-09  9.85572e-12
      1254.66  1.03587e-08  1.09082e-11
      1254.97  1.58011e-08  1.42098e-11
      1255.29  1.12872e-08  1.21371e-11
      1255.60  5.38243e-09  8.53902e-12
      1255.92  5.79452e-09  8.78226e-12
      1256.23  9.58110e-09  1.01355e-11
      1256.55  1.48432e-08  1.23547e-11
      1256.87  1.12422e-08  1.03049e-11
      1257.18  5.37308e-09  7.31478e-12
      1257.50  3.86135e-09  6.66658e-12
      1257.81  4.29755e-09  7.15304e-12
      1258.13  5.29888e-09  8.06542e-12
      1258.45  5.41585e-09  7.99504e-12
      1258.76  5.73923e-09  7.70446e-12
      1259.08  9.76494e-09  9.15744e-12
      1259.40  1.91565e-08  1.22651e-11
      1259.72  2.57490e-08  1.42631e-11
      1260.03  2.00253e-08  1.23732e-11
      1260.35  1.48978e-08  1.07204e-11
      1260.67  1.85189e-08  1.28665e-11
      1260.99  1.75088e-08  1.28357e-11
      1261.30  1.41716e-08  1.15203e-11
      1261.62  1.70389e-08  1.32778e-11
      1261.94  1.81085e-08  1.28992e-11
      1262.26  1.85246e-08  1.28605e-11
      1262.58  1.39275e-08  1.08494e-11
      1262.90  1.42648e-08  1.09243e-11
      1263.22  2.15237e-08  1.42393e-11
      1263.54  1.83349e-08  1.33800e-11
      1263.86  1.18739e-08  1.11333e-11
      1264.17  9.40257e-09  1.06293e-11
      1264.49  6.94256e-09  9.05856e-12
      1264.81  7.35282e-09  8.49829e-12
      1265.13  1.40535e-08  1.12615e-11
      1265.45  2.15900e-08  1.38634e-11
      1265.77  1.96954e-08  1.31522e-11
      1266.10  1.11726e-08  9.90579e-12
      1266.42  5.96491e-09  7.67615e-12
      1266.74  5.07190e-09  7.33947e-12
      1267.06  6.70331e-09  8.13276e-12
      1267.38  1.32948e-08  1.07514e-11
      1267.70  2.35724e-08  1.41782e-11
      1268.02  2.57634e-08  1.37826e-11
      1268.34  2.53455e-08  1.34039e-11
      1268.67  2.32684e-08  1.26020e-11
      1268.99  2.28569e-08  1.26879e-11
      1269.31  1.81865e-08  1.14261e-11
      1269.63  1.22990e-08  9.64150e-12
      1269.95  1.01626e-08  8.91329e-12
      1270.28  1.20755e-08  9.34042e-12
      1270.60  1.93552e-08  1.16320e-11
      1270.92  2.32505e-08  1.22315e-11
      1271.25  2.53595e-08  1.26339e-11
      1271.57  2.49837e-08  1.30171e-11
      1271.89  1.54473e-08  1.04543e-11
      1272.22  7.24407e-09  7.62944e-12
      1272.54  4.50399e-09  6.78902e-12
      1272.86  3.67423e-09  6.49487e-12
      1273.19  3.46213e-09  6.18134e-12
      1273.51  4.12514e-09  6.40089e-12
      1273.84  6.26945e-09  7.48464e-12
      1274.16  8.28665e-09  8.29889e-12
      1274.49  1.06840e-08  9.11320e-12
      1274.81  1.82880e-08  1.23565e-11
      1275.14  2.50081e-08  1.49891e-11
      1275.46  2.29107e-08  1.45256e-11
      1275.79  1.55910e-08  1.21050e-11
      1276.11  1.05612e-08  9.77561e-12
      1276.44  1.32206e-08  1.01645e-11
      1276.76  2.12172e-08  1.30133e-11
      1277.09  2.26336e-08  1.25164e-11
      1277.42  2.28536e-08  1.25361e-11
      1277.74  1.64256e-08  1.06663e-11
      1278.07  8.14897e-09  7.75797e-12
      1278.40  4.91720e-09  6.51318e-12
      1278.72  3.81939e-09  6.03854e-12
      1279.05  3.74420e-09  5.78098e-12
      1279.38  4.86204e-09  6.17127e-12
      1279.71  7.03807e-09  6.98541e-12
      1280.03  9.12323e-09  8.19623e-12
      1280.36  8.51036e-09  7.65080e-12
      1280.69  8.96564e-09  8.13613e-12
      1281.02  1.16001e-08  9.59079e-12
      1281.34  1.66033e-08  1.20112e-11
      1281.67  1.98496e-08  1.36737e-11
      1282.00  1.59242e-08  1.19476e-11
      1282.33  1.62942e-08  1.15281e-11
      1282.66  2.42566e-08  1.39552e-11
      1282.99  3.05308e-08  1.55500e-11
      1283.32  3.04443e-08  1.57022e-11
      1283.65  2.20413e-08  1.37357e-11
      1283.98  1.22490e-08  1.05440e-11
      1284.31  7.31522e-09  8.76528e-12
      1284.64  5.50530e-09  7.81031e-12
      1284.97  5.40684e-09  7.38177e-12
      1285.30  6.05082e-09  7.72478e-12
      1285.63  5.22358e-09  6.74746e-12
      1285.96  5.06070e-09  6.13162e-12
      1286.29  7.41907e-09  7.24952e-12
      1286.62  1.02631e-08  8.69693e-12
      1286.95  9.71980e-09  8.46627e-12
      1287.28  1.18481e-08  9.30165e-12
      1287.61  2.00705e-08  1.24267e-11
      1287.95  2.38068e-08  1.38030e-11
      1288.28  2.36838e-08  1.35599e-11
      1288.61  2.37974e-08  1.27629e-11
      1288.94  2.35525e-08  1.26559e-11
      1289.27  1.72272e-08  1.09548e-11
      1289.61  1.28232e-08  1.00682e-11
      1289.94  1.04525e-08  9.75249e-12
      1290.27  7.26873e-09  8.49496e-12
      1290.61  6.15330e-09  8.15016e-12
      1290.94  4.79947e-09  7.21833e-12
      1291.27  3.59087e-09  5.99519e-12
      1291.61  4.14013e-09  6.17237e-12
      1291.94  6.64041e-09  7.40704e-12
      1292.27  1.10518e-08  9.39976e-12
      1292.61  1.54473e-08  1.14468e-11
      1292.94  1.19201e-08  9.95614e-12
      1293.28  9.21788e-09  8.80418e-12
      1293.61  1.19870e-08  9.84516e-12
      1293.95  1.51564e-08  1.02667e-11
      1294.28  2.17410e-08  1.18287e-11
      1294.62  2.45745e-08  1.25408e-11
      1294.95  2.09042e-08  1.13794e-11
      1295.29  1.99450e-08  1.13106e-11
      1295.62  1.73937e-08  1.10445e-11
      1295.96  1.29298e-08  9.88194e-12
      1296.29  1.12377e-08  9.56266e-12
      1296.63  1.16871e-08  9.73274e-12
      1296.97  1.42121e-08  1.04454e-11
      1297.30  2.10997e-08  1.24768e-11
      1297.64  2.79680e-08  1.46981e-11
      1297.98  2.44389e-08  1.38424e-11
      1298.31  1.60377e-08  1.15860e-11
      1298.65  9.42159e-09  9.20370e-12
      1298.99  7.22251e-09  8.24212e-12
      1299.33  1.17515e-08  1.02066e-11
      1299.66  2.05478e-08  1.32155e-11
      1300.00  2.32565e-08  1.32268e-11
      1300.34  2.03382e-08  1.24371e-11
      1300.68  1.39994e-08  9.87981e-12
      1301.02  1.43760e-08  9.39580e-12
      1301.35  2.43417e-08  1.32479e-11
      1301.69  2.91142e-08  1.43839e-11
      1302.03  2.81033e-08  1.41358e-11
      1302.37  2.45697e-08  1.27298e-11
      1302.71  2.81784e-08  1.37679e-11
      1303.05  3.05583e-08  1.38706e-11
      1303.39  3.45867e-08  1.49642e-11
      1303.73  3.70588e-08  1.61390e-11
      1304.07  3.45836e-08  1.57926e-11
      1304.41  3.54519e-08  1.67937e-11
      1304.75  3.76050e-08  1.79533e-11
      1305.09  3.90536e-08  1.83742e-11
      1305.43  4.54944e-08  1.96729e-11
      1305.77  5.30510e-08  2.03990e-11
      1306.11  5.30169e-08  1.99501e-11
      1306.46  3.65757e-08  1.60089e-11
      1306.80  1.88580e-08  1.12913e-11
      1307.14  1.05153e-08  8.74336e-12
      1307.48  7.32531e-09  7.55827e-12
      1307.82  6.03970e-09  9.77064e-12
      1308.16  6.16923e-09  1.54605e-11
      1308.51  6.85029e-09  7.26503e-12
      1308.85  5.57664e-09  6.29988e-12
      1309.19  4.03596e-09  5.43474e-12
      1309.53  3.65945e-09  5.39468e-12
      1309.88  3.61260e-09  5.52784e-12
      1310.22  3.88154e-09  6.03297e-12
      1310.56  4.96459e-09  6.95326e-12
      1310.91  8.73486e-09  8.99256e-12
      1311.25  1.57777e-08  1.21434e-11
      1311.60  1.60481e-08  1.18518e-11
      1311.94  9.80725e-09  8.92717e-12
      1312.28  5.31985e-09  6.63705e-12
      1312.63  3.68723e-09  5.82364e-12
      1312.97  3.18967e-09  5.59686e-12
      1313.32  4.22796e-09  6.31470e-12
      1313.66  6.73683e-09  8.10663e-12
      1314.01  5.79130e-09  7.20116e-12
      1314.35  3.40884e-09  5.61508e-12
      1314.70  2.59015e-09  4.86083e-12
      1315.05  2.55788e-09  4.59600e-12
      1315.39  2.85840e-09  4.75781e-12
      1315.74  3.60183e-09  5.37458e-12
      1316.08  5.42704e-09  6.67290e-12
      1316.43  1.05010e-08  9.38543e-12
      1316.78  1.74466e-08  1.27854e-11
      1317.12  1.43310e-08  1.14410e-11
      1317.47  7.04660e-09  7.85317e-12
      1317.82  4.27817e-09  6.19798e-12
      1318.17  4.34414e-09  6.12783e-12
      1318.51  7.13044e-09  7.90592e-12
      1318.86  8.96136e-09  9.01114e-12
      1319.21  6.14175e-09  7.56918e-12
      1319.56  3.57151e-09  6.11440e-12
      1319.91  3.65043e-09  6.42015e-12
      1320.25  3.72577e-09  5.91406e-12
      1320.60  3.67990e-09  5.38742e-12
      1320.95  4.41921e-09  5.70606e-12
      1321.30  6.14314e-09  6.44045e-12
      1321.65  1.16688e-08  8.79785e-12
      1322.00  2.14741e-08  1.32851e-11
      1322.35  1.86663e-08  1.24864e-11
      1322.70  9.75967e-09  9.23233e-12
      1323.05  6.35012e-09  7.69883e-12
      1323.40  7.03916e-09  8.04209e-12
      1323.75  8.36098e-09  8.33618e-12
      1324.10  8.72501e-09  8.60067e-12
      1324.45  6.49477e-09  7.47804e-12
      1324.80  4.69361e-09  6.72710e-12
      