227
      1249.95  1.16688e-08  1.22695e-11
      1250.27  5.75447e-09  8.97210e-12
      1250.58  1.91802e-09  5.67142e-12
      1250.89  1.33516e-09  5.00833e-12
      1251.20  1.73713e-09  5.31998e-12
      1251.52  2.68396e-09  5.94121e-12
      1251.83  4.76071e-09  7.63168e-12
      1252.14  6.27020e-09  8.73013e-12
      1252.46  6.01819e-09  8.79618e-12
      1252.77  5.39273e-09  8.23222e-12
      1253.09  8.84044e-09  9.69121e-12
      1253.40  1.71864e-08  1.28743e-11
      1253.71  2.20129e-08  1.45901e-11
      1254.03  1.33957e-08  1.08527e-11
      1254.34  6.29524e-09  7.63297e-12
      1254.66  7.70908e-09  8.57649e-12
      1254.97  1.26171e-08  1.17161e-11
      1255.29  8.63205e-09  9.68915e-12
      1255.60  3.78234e-09  6.93230e-12
      1255.92  4.21377e-09  7.30596e-12
      1256.23  7.19628e-09  8.58311e-12
      1256.55  1.17879e-08  1.08401e-11
      1256.87  8.64450e-09  8.91181e-12
      1257.18  3.90553e-09  6.34715e-12
      1257.50  2.81349e-09  5.93714e-12
      1257.81  3.18577e-09  6.35722e-12
      1258.13  4.00223e-09  7.22670e-12
      1258.45  4.02650e-09  7.18472e-12
      1258.76  4.21549e-09  7.06312e-12
      1259.08  7.39871e-09  8.39287e-12
      1259.40  1.51979e-08  1.15111e-11
      1259.72  2.08877e-08  1.34154e-11
      1260.03  1.58667e-08  1.14313e-11
      1260.35  1.14000e-08  9.85129e-12
      1260.67  1.47726e-08  1.19726e-11
      1260.99  1.37812e-08  1.15566e-11
      1261.30  1.07561e-08  9.90212e-12
      1261.62  1.35133e-08  1.12167e-11
      1261.94  1.41593e-08  1.09543e-11
      1262.26  1.45136e-08  1.19327e-11
      1262.58  1.03484e-08  9.49003e-12
      1262.90  1.09054e-08  8.81738e-12
      1263.22  1.71126e-08  1.16255e-11
      1263.54  1.45026e-08  1.06532e-11
      1263.86  9.03807e-09  8.58903e-12
      1264.17  7.10748e-09  8.14050e-12
      1264.49  5.22343e-09  6.94457e-12
      1264.81  5.55319e-09  6.74366e-12
      1265.13  1.09336e-08  8.78071e-12
      1265.45  1.71059e-08  1.08575e-11
      1265.77  1.55328e-08  1.02424e-11
      1266.10  8.52224e-09  7.65235e-12
      1266.42  4.33249e-09  5.93954e-12
      1266.74  3.65528e-09  5.80138e-12
      1267.06  4.94422e-09  6.55772e-12
      1267.38  1.02818e-08  8.83147e-12
      1267.70  1.90168e-08  1.20292e-11
      1268.02  2.05884e-08  1.18517e-11
      1268.34  2.02520e-08  1.16704e-11
      1268.67  1.84014e-08  1.09030e-11
      1268.99  1.81880e-08  1.13773e-11
      1269.31  1.43038e-08  1.03864e-11
      1269.63  9.36694e-09  8.67580e-12
      1269.95  7.70430e-09  8.22252e-12
      1270.28  9.24514e-09  8.55008e-12
      1270.60  1.55013e-08  1.09716e-11
      1270.92  1.86685e-08  1.14760e-11
      1271.25  2.01987e-08  1.15921e-11
      1271.57  1.99816e-08  1.17434e-11
      1271.89  1.21671e-08  9.16884e-12
      1272.22  5.38104e-09  6.50972e-12
      1272.54  3.30077e-09  5.66270e-12
      1272.86  2.69541e-09  5.34815e-12
      1273.19  2.53370e-09  5.13112e-12
      1273.51  3.05592e-09  5.18493e-12
      1273.84  4.72051e-09  5.95840e-12
      1274.16  6.31309e-09  6.56571e-12
      1274.49  8.26578e-09  7.12497e-12
      1274.81  1.43992e-08  9.58153e-12
      1275.14  1.99404e-08  1.15738e-11
      1275.46  1.82134e-08  1.13330e-11
      1275.79  1.21333e-08  9.43971e-12
      1276.11  7.99902e-09  7.63470e-12
      1276.44  1.02163e-08  8.27760e-12
      1276.76  1.70639e-08  1.06927e-11
      1277.09  1.80376e-08  1.04279e-11
      1277.42  1.83137e-08  1.08213e-11
      1277.74  1.29442e-08  9.29820e-12
      1278.07  6.09880e-09  6.70563e-12
      1278.40  3.60498e-09  5.75867e-12
      1278.72  2.77948e-09  5.45501e-12
      1279.05  2.71973e-09  5.37862e-12
      1279.38  3.60011e-09  5.68194e-12
      1279.71  5.35881e-09  6.38542e-12
      1280.03  7.20992e-09  7.34546e-12
      1280.36  6.53040e-09  6.89158e-12
      1280.69  6.81374e-09  7.13721e-12
      1281.02  8.92177e-09  8.31311e-12
      1281.34  1.30287e-08  1.02205e-11
      1281.67  1.60060e-08  1.15853e-11
      1282.00  1.26482e-08  9.85698e-12
      1282.33  1.26590e-08  9.31124e-12
      1282.66  1.94118e-08  1.13278e-11
      1282.99  2.47122e-08  1.23652e-11
      1283.32  2.47436e-08  1.24670e-11
      1283.65  1.76813e-08  1.06992e-11
      1283.98  9.41445e-09  8.05331e-12
      1284.31  5.39948e-09  6.56540e-12
      1284.64  4.05545e-09  5.93195e-12
      1284.97  3.98836e-09  5.82921e-12
      1285.30  4.71442e-09  6.17549e-12
      1285.63  4.09804e-09  5.54564e-12
      1285.96  3.73347e-09  5.12894e-12
      1286.29  5.62219e-09  6.31458e-12
      1286.62  7.95568e-09  7.74218e-12
      1286.95  7.46041e-09  7.61350e-12
      1287.28  9.12742e-09  8.43009e-12
      1287.61  1.61100e-08  1.16385e-11
      1287.95  1.92813e-08  1.22734e-11
      1288.28  1.91952e-08  1.18589e-11
      1288.61  1.90583e-08  1.13554e-11
      1288.94  1.90443e-08  1.14976e-11
      1289.27  1.35449e-08  9.54416e-12
      1289.61  9.97415e-09  8.59084e-12
      1289.94  8.06796e-09  8.14295e-12
      1290.27  5.43472e-09  6.74212e-12
      1290.61  4.68172e-09  6.55755e-12
      1290.94  3.57147e-09  5.62622e-12
      1291.27  2.61773e-09  4.75569e-12
      1291.61  3.01614e-09  4.75499e-12
      1291.94  4.95337e-09  5.72792e-12
      1292.27  8.42159e-09  7.24074e-12
      1292.61  1.24258e-08  9.31885e-12
      1292.94  9.10167e-09  7.88477e-12
      1293.28  6.82754e-09  7.10195e-12
      1293.61  9.19603e-09  8.45652e-12
      1293.95  1.16075e-08  8.84082e-12
      1294.28  1.73488e-08  1.07569e-11
      1294.62  1.96603e-08  1.13081e-11
      1294.95  1.64177e-08  1.01401e-11
      1295.29  1.58029e-08  1.05975e-11
      1295.62  1.36148e-08  1.01359e-11
      1295.96  9.94172e-09  8.90987e-12
      1296.29  8.61723e-09  8.48998e-12
      1296.63  8.96263e-09  8.56755e-12
      1296.97  1.10183e-08  8.90458e-12
      1297.30  1.68936e-08  1.05984e-11
      1297.64  2.26800e-08  1.22119e-11
      1297.98  1.94141e-08  1.11045e-11
      1298.31  1.24187e-08  9.04015e-12
      1298.65  7.06226e-09  7.01181e-12
      1298.99  5.37054e-09  6.25417e-12
      1299.33  9.10980e-09  7.92955e-12
      1299.66  1.63683e-08  1.05757e-11
      1300.00  1.84368e-08  1.06420e-11
      1300.34  1.61305e-08  9.80438e-12
      1300.68  1.11557e-08  8.02375e-12
      1301.02  1.13830e-08  8.10995e-12
      1301.35  1.95362e-08  1.14882e-11
      1301.69  2.33020e-08  1.27673e-11
      1302.03  2.25653e-08  1.30591e-11
      1302.37  1.99198e-08  1.19497e-11
      1302.71  2.29420e-08  1.28914e-11
      1303.05  2.50313e-08  1.28894e-11
      1303.39  2.86095e-08  1.36143e-11
      1303.73  3.07180e-08  1.41735e-11
      1304.07  2.85821e-08  1.36566e-11
      1304.41  2.91002e-08  1.41592e-11
      1304.75  3.08242e-08  1.47194e-11
      1305.09  3.21815e-08  1.48671e-11
      1305.43  3.77527e-08  1.57671e-11
      1305.77  4.44266e-08  1.64037e-11
      1306.11  4.44681e-08  1.60255e-11
      1306.46  3.03586e-08  1.28734e-11
      1306.80  1.50236e-08  9.08412e-12
      1307.14  7.98858e-09  7.07745e-12
      1307.48  5.46840e-09  6.34742e-12
      1307.82  4.35864e-09  6.01225e-12
      1308.16  4.33362e-09  6.04291e-12
      1308.51  5.09652e-09  6.52930e-12
      1308.85  4.21025e-09  5.80580e-12
      1309.19  3.00578e-09  4.94568e-12
      1309.53  2.72618e-09  4.85903e-12
      1309.88  2.69691e-09  5.00222e-12
      1310.22  2.91394e-09  5.27798e-12
      1310.56  3.78761e-09  6.02407e-12
      1310.91  6.78979e-09  7.54763e-12
      1311.25  1.24931e-08  9.97550e-12
      1311.60  1.27724e-08  9.54969e-12
      1311.94  7.66731e-09  7.02590e-12
      1312.28  4.00678e-09  5.13587e-12
      1312.63  2.71988e-09  4.51154e-12
      1312.97  2.34118e-09  4.37624e-12
      1313.32  3.11890e-09  5.00031e-12
      1313.66  5.10345e-09  6.45099e-12
      1314.01  4.36227e-09  6.02997e-12
      1314.35  2.46471e-09  4.73659e-12
      1314.70  1.87153e-09  4.24944e-12
      1315.05  1.85738e-09  4.23742e-12
      1315.39  2.10749e-09  4.44235e-12
      1315.74  2.69459e-09  4.95202e-12
      1316.08  4.10369e-09  5.98962e-12
      1316.43  8.26368e-09  8.25257e-12
      1316.78  1.42457e-08  1.12375e-11
      1317.12  1.13655e-08  9.58703e-12
      1317.47  5.38374e-09  6.39280e-12
      1317.82  3.18256e-09  4.97112e-12
      1318.17  3.27155e-09  4.74568e-12
      1318.51  5.48739e-09  6.05829e-12
      1318.86  6.81365e-09  6.95994e-12
      1319.21  4.58132e-09  5.82153e-12
      1319.56  2.66860e-09  4.81488e-12
      1319.91  2.68906e-09  5.11080e-12
      1320.25  2.71042e-09  4.96627e-12
      1320.60  2.70457e-09  4.77669e-12
      1320.95  3.29422e-09  5.12866e-12
      1321.30  4.74805e-09  5.98911e-12
      1321.65  9.54886e-09  8.31210e-12
      1322.00  1.71310e-08  1.19217e-11
      1322.35  1.49688e-08  1.13232e-11
      1322.70  7.84207e-09  8.16562e-12
      1323.05  4.93818e-09  6.50731e-12
      1323.40  5.37690e-09  6.56205e-12
      1323.75  6.38624e-09  6.69383e-12
      1324.10  6.61828e-09  6.68146e-12
      1324.45  4.93921e-09  5.78081e-12
      1324.80  3.49591e-09  5.11972e-12
      