227
      1249.95  1.16860e-08  1.98338e-11
      1250.27  6.02418e-09  1.41112e-11
      1250.58  2.17859e-09  8.86281e-12
      1250.89  1.58411e-09  8.00129e-12
      1251.20  1.98065e-09  8.49979e-12
      1251.52  2.94867e-09  9.54274e-12
      1251.83  4.90440e-09  1.21989e-11
      1252.14  6.37506e-09  1.41433e-11
      1252.46  6.18014e-09  1.40535e-11
      1252.77  5.73541e-09  1.31089e-11
      1253.09  9.05149e-09  1.51284e-11
      1253.40  1.68824e-08  1.95226e-11
      1253.71  2.11633e-08  2.11429e-11
      1254.03  1.37463e-08  1.63245e-11
      1254.34  6.82251e-09  1.15333e-11
      1254.66  8.02468e-09  1.27729e-11
      1254.97  1.21927e-08  1.66465e-11
      1255.29  8.77052e-09  1.41039e-11
      1255.60  4.20496e-09  1.00228e-11
      1255.92  4.40610e-09  1.03659e-11
      1256.23  7.34392e-09  1.18327e-11
      1256.55  1.15428e-08  1.46020e-11
      1256.87  8.65399e-09  1.22045e-11
      1257.18  4.16894e-09  8.76218e-12
      1257.50  3.00663e-09  8.17539e-12
      1257.81  3.34825e-09  9.52072e-12
      1258.13  4.14026e-09  1.04357e-11
      1258.45  4.16159e-09  1.03296e-11
      1258.76  4.33307e-09  1.01604e-11
      1259.08  7.39703e-09  1.21292e-11
      1259.40  1.50308e-08  1.67111e-11
      1259.72  2.05901e-08  1.97251e-11
      1260.03  1.56988e-08  1.71680e-11
      1260.35  1.14172e-08  1.48652e-11
      1260.67  1.45562e-08  1.85292e-11
      1260.99  1.35767e-08  1.84114e-11
      1261.30  1.07563e-08  1.59427e-11
      1261.62  1.34520e-08  1.80025e-11
      1261.94  1.40555e-08  1.71320e-11
      1262.26  1.46436e-08  1.74787e-11
      1262.58  1.06994e-08  1.41868e-11
      1262.90  1.08913e-08  1.41426e-11
      1263.22  1.72712e-08  1.91506e-11
      1263.54  1.44347e-08  1.73131e-11
      1263.86  9.09046e-09  1.40822e-11
      1264.17  7.26845e-09  1.29516e-11
      1264.49  5.28618e-09  1.06919e-11
      1264.81  5.41972e-09  9.97162e-12
      1265.13  1.08137e-08  1.31691e-11
      1265.45  1.73734e-08  1.64242e-11
      1265.77  1.58052e-08  1.54957e-11
      1266.10  8.54400e-09  1.13563e-11
      1266.42  4.40085e-09  8.82427e-12
      1266.74  3.76758e-09  8.41132e-12
      1267.06  4.95371e-09  9.30767e-12
      1267.38  1.00116e-08  1.22626e-11
      1267.70  1.91196e-08  1.68678e-11
      1268.02  2.03790e-08  1.62803e-11
      1268.34  2.00862e-08  1.62158e-11
      1268.67  1.81673e-08  1.53409e-11
      1268.99  1.79793e-08  1.62938e-11
      1269.31  1.42700e-08  1.51078e-11
      1269.63  9.31837e-09  1.27933e-11
      1269.95  7.70516e-09  1.21744e-11
      1270.28  9.18172e-09  1.28839e-11
      1270.60  1.52224e-08  1.65230e-11
      1270.92  1.84475e-08  1.73948e-11
      1271.25  1.99190e-08  1.78266e-11
      1271.57  1.97910e-08  1.84510e-11
      1271.89  1.23011e-08  1.47729e-11
      1272.22  5.54945e-09  1.05689e-11
      1272.54  3.46079e-09  9.11147e-12
      1272.86  2.87377e-09  8.63193e-12
      1273.19  2.71715e-09  8.17151e-12
      1273.51  3.22718e-09  8.18706e-12
      1273.84  4.83112e-09  9.29772e-12
      1274.16  6.40797e-09  1.02157e-11
      1274.49  8.31199e-09  1.11159e-11
      1274.81  1.42234e-08  1.48775e-11
      1275.14  1.97413e-08  1.80338e-11
      1275.46  1.81379e-08  1.73534e-11
      1275.79  1.22041e-08  1.41743e-11
      1276.11  8.11565e-09  1.11061e-11
      1276.44  1.01946e-08  1.15732e-11
      1276.76  1.67173e-08  1.47365e-11
      1277.09  1.79457e-08  1.46846e-11
      1277.42  1.79499e-08  1.52347e-11
      1277.74  1.29485e-08  1.33666e-11
      1278.07  6.26677e-09  9.84902e-12
      1278.40  3.74710e-09  8.60586e-12
      1278.72  2.93868e-09  8.10098e-12
      1279.05  2.87934e-09  7.89468e-12
      1279.38  3.72496e-09  8.57750e-12
      1279.71  5.44526e-09  9.63513e-12
      1280.03  7.13612e-09  1.11729e-11
      1280.36  6.65172e-09  1.08810e-11
      1280.69  6.88921e-09  1.16406e-11
      1281.02  8.93608e-09  1.34959e-11
      1281.34  1.29357e-08  1.66633e-11
      1281.67  1.57178e-08  1.85849e-11
      1282.00  1.27216e-08  1.58315e-11
      1282.33  1.27744e-08  1.46538e-11
      1282.66  1.91736e-08  1.73792e-11
      1282.99  2.44487e-08  1.91076e-11
      1283.32  2.44931e-08  1.90800e-11
      1283.65  1.76593e-08  1.63829e-11
      1283.98  9.61036e-09  1.22380e-11
      1284.31  5.60309e-09  9.89165e-12
      1284.64  4.21051e-09  8.67347e-12
      1284.97  4.13779e-09  8.36969e-12
      1285.30  4.77051e-09  8.58346e-12
      1285.63  4.19116e-09  7.65944e-12
      1285.96  3.87954e-09  7.24335e-12
      1286.29  5.70126e-09  9.07959e-12
      1286.62  7.85484e-09  1.14227e-11
      1286.95  7.48781e-09  1.14426e-11
      1287.28  9.24998e-09  1.29713e-11
      1287.61  1.57579e-08  1.74698e-11
      1287.95  1.89682e-08  1.87582e-11
      1288.28  1.89688e-08  1.80591e-11
      1288.61  1.89782e-08  1.76434e-11
      1288.94  1.86902e-08  1.78752e-11
      1289.27  1.36564e-08  1.52301e-11
      1289.61  1.00731e-08  1.37528e-11
      1289.94  8.08624e-09  1.28620e-11
      1290.27  5.63983e-09  1.07450e-11
      1290.61  4.79044e-09  9.93131e-12
      1290.94  3.74360e-09  8.45599e-12
      1291.27  2.84246e-09  6.92140e-12
      1291.61  3.22145e-09  6.91287e-12
      1291.94  5.05575e-09  8.29118e-12
      1292.27  8.49401e-09  1.06379e-11
      1292.61  1.20074e-08  1.34781e-11
      1292.94  9.13468e-09  1.16601e-11
      1293.28  7.04265e-09  1.03972e-11
      1293.61  9.02747e-09  1.21047e-11
      1293.95  1.15716e-08  1.29557e-11
      1294.28  1.70196e-08  1.56160e-11
      1294.62  1.91927e-08  1.66240e-11
      1294.95  1.63780e-08  1.55931e-11
      1295.29  1.56152e-08  1.61893e-11
      1295.62  1.34739e-08  1.58330e-11
      1295.96  1.00300e-08  1.41263e-11
      1296.29  8.66593e-09  1.34536e-11
      1296.63  8.96654e-09  1.33118e-11
      1296.97  1.10077e-08  1.37758e-11
      1297.30  1.67497e-08  1.62110e-11
      1297.64  2.22928e-08  1.84383e-11
      1297.98  1.92981e-08  1.69560e-11
      1298.31  1.24897e-08  1.36952e-11
      1298.65  7.22048e-09  1.06308e-11
      1298.99  5.50321e-09  9.29096e-12
      1299.33  9.09699e-09  1.15076e-11
      1299.66  1.60385e-08  1.50867e-11
      1300.00  1.81891e-08  1.51974e-11
      1300.34  1.59032e-08  1.41052e-11
      1300.68  1.11588e-08  1.17835e-11
      1301.02  1.13120e-08  1.23240e-11
      1301.35  1.90637e-08  1.73614e-11
      1301.69  2.29614e-08  1.97961e-11
      1302.03  2.22268e-08  2.02388e-11
      1302.37  1.98687e-08  1.86431e-11
      1302.71  2.25737e-08  1.98516e-11
      1303.05  2.48654e-08  1.99488e-11
      1303.39  2.82213e-08  2.10814e-11
      1303.73  3.03890e-08  2.19915e-11
      1304.07  2.84671e-08  2.12747e-11
      1304.41  2.88715e-08  2.19165e-11
      1304.75  3.05659e-08  2.24976e-11
      1305.09  3.19776e-08  2.23863e-11
      1305.43  3.73084e-08  2.29891e-11
      1305.77  4.38965e-08  2.37468e-11
      1306.11  4.36791e-08  2.29314e-11
      1306.46  3.02219e-08  1.86661e-11
      1306.80  1.52296e-08  1.34850e-11
      1307.14  8.10118e-09  1.06657e-11
      1307.48  5.56157e-09  9.77351e-12
      1307.82  4.45830e-09  9.26772e-12
      1308.16  4.41113e-09  9.32894e-12
      1308.51  5.07786e-09  9.99132e-12
      1308.85  4.30225e-09  8.95678e-12
      1309.19  3.14934e-09  7.62805e-12
      1309.53  2.86380e-09  7.56269e-12
      1309.88  2.82871e-09  7.76960e-12
      1310.22  3.03736e-09  8.39114e-12
      1310.56  3.90049e-09  9.21150e-12
      1310.91  6.89784e-09  1.12602e-11
      1311.25  1.22357e-08  1.45090e-11
      1311.60  1.26334e-08  1.39335e-11
      1311.94  7.76118e-09  1.01591e-11
      1312.28  4.14731e-09  7.40905e-12
      1312.63  2.84082e-09  6.61908e-12
      1312.97  2.47216e-09  6.48976e-12
      1313.32  3.23941e-09  7.54734e-12
      1313.66  5.04381e-09  9.69378e-12
      1314.01  4.41214e-09  9.15191e-12
      1314.35  2.62152e-09  7.16710e-12
      1314.70  2.02354e-09  6.46222e-12
      1315.05  2.00149e-09  6.49099e-12
      1315.39  2.24714e-09  6.85104e-12
      1315.74  2.82522e-09  7.81698e-12
      1316.08  4.23071e-09  9.40088e-12
      1316.43  8.25505e-09  1.29348e-11
      1316.78  1.38547e-08  1.68635e-11
      1317.12  1.14907e-08  1.45909e-11
      1317.47  5.55861e-09  9.37917e-12
      1317.82  3.33321e-09  7.18670e-12
      1318.17  3.35362e-09  6.88233e-12
      1318.51  5.43944e-09  8.98439e-12
      1318.86  6.81197e-09  1.01859e-11
      1319.21  4.69483e-09  8.77933e-12
      1319.56  2.73224e-09  7.39942e-12
      1319.91  2.77190e-09  7.94800e-12
      1320.25  2.81266e-09  7.60748e-12
      1320.60  2.78429e-09  7.23511e-12
      1320.95  3.35559e-09  7.90962e-12
      1321.30  4.71207e-09  9.25428e-12
      1321.65  9.10698e-09  1.27341e-11
      1322.00  1.74641e-08  1.91385e-11
      1322.35  1.52968e-08  1.78029e-11
      1322.70  7.65126e-09  1.22318e-11
      1323.05  4.81303e-09  9.51980e-12
      1323.40  5.36595e-09  9.33486e-12
      1323.75  6.38185e-09  9.70665e-12
      1324.10  6.73389e-09  9.61311e-12
      1324.45  4.90610e-09  8.25779e-12
      1324.80  3.50793e-09  7.56403e-12
      