227
      1249.95  1.63396e-08  2.00046e-11
      1250.27  8.28991e-09  1.37888e-11
      1250.58  3.02034e-09  8.64610e-12
      1250.89  2.26138e-09  7.49700e-12
      1251.20  2.88223e-09  8.14631e-12
      1251.52  4.16509e-09  9.41551e-12
      1251.83  6.96306e-09  1.24038e-11
      1252.14  9.12744e-09  1.44970e-11
      1252.46  8.94928e-09  1.45949e-11
      1252.77  8.26541e-09  1.37876e-11
      1253.09  1.27291e-08  1.62803e-11
      1253.40  2.32799e-08  2.12513e-11
      1253.71  2.90975e-08  2.36056e-11
      1254.03  1.90038e-08  1.85617e-11
      1254.34  9.69474e-09  1.35008e-11
      1254.66  1.12881e-08  1.53932e-11
      1254.97  1.69565e-08  2.05074e-11
      1255.29  1.23132e-08  1.76704e-11
      1255.60  6.03546e-09  1.25614e-11
      1255.92  6.36939e-09  1.29346e-11
      1256.23  1.03246e-08  1.51562e-11
      1256.55  1.58975e-08  1.89250e-11
      1256.87  1.21902e-08  1.60176e-11
      1257.18  6.00609e-09  1.14081e-11
      1257.50  4.38940e-09  1.05824e-11
      1257.81  4.82945e-09  1.14289e-11
      1258.13  5.89850e-09  1.27802e-11
      1258.45  6.01067e-09  1.28907e-11
      1258.76  6.34061e-09  1.26082e-11
      1259.08  1.04578e-08  1.48759e-11
      1259.40  2.01870e-08  1.96391e-11
      1259.72  2.71750e-08  2.28896e-11
      1260.03  2.12311e-08  1.99905e-11
      1260.35  1.51722e-08  1.81117e-11
      1260.67  1.93551e-08  2.07133e-11
      1260.99  1.84967e-08  1.95953e-11
      1261.30  1.51151e-08  1.67364e-11
      1261.62  1.80873e-08  1.83175e-11
      1261.94  1.90860e-08  1.80678e-11
      1262.26  1.84344e-08  1.66806e-11
      1262.58  1.42625e-08  1.48855e-11
      1262.90  1.52158e-08  1.41414e-11
      1263.22  2.20028e-08  1.96730e-11
      1263.54  1.82457e-08  1.79862e-11
      1263.86  1.28687e-08  1.42696e-11
      1264.17  1.03523e-08  1.32228e-11
      1264.49  7.74558e-09  1.12149e-11
      1264.81  8.07834e-09  1.07480e-11
      1265.13  1.52367e-08  1.44439e-11
      1265.45  2.34401e-08  1.82315e-11
      1265.77  2.12991e-08  1.77328e-11
      1266.10  1.20749e-08  1.36057e-11
      1266.42  6.58539e-09  1.08144e-11
      1266.74  5.61631e-09  1.07409e-11
      1267.06  7.16497e-09  1.20543e-11
      1267.38  1.30565e-08  1.64649e-11
      1267.70  2.22374e-08  1.82452e-11
      1268.02  2.65978e-08  2.24717e-11
      1268.34  2.70576e-08  2.10778e-11
      1268.67  2.43314e-08  1.96635e-11
      1268.99  2.43913e-08  2.09147e-11
      1269.31  1.92940e-08  1.88947e-11
      1269.63  1.29956e-08  1.58383e-11
      1269.95  1.08138e-08  1.46975e-11
      1270.28  1.24748e-08  1.47744e-11
      1270.60  2.06035e-08  1.86182e-11
      1270.92  2.44995e-08  1.88881e-11
      1271.25  2.65532e-08  1.90672e-11
      1271.57  2.67444e-08  1.94393e-11
      1271.89  1.64652e-08  1.50407e-11
      1272.22  7.69023e-09  1.07271e-11
      1272.54  4.97814e-09  9.19156e-12
      1272.86  4.16409e-09  8.56505e-12
      1273.19  3.93014e-09  8.05206e-12
      1273.51  4.58932e-09  8.05033e-12
      1273.84  6.88890e-09  9.38257e-12
      1274.16  9.11510e-09  1.04857e-11
      1274.49  1.14704e-08  1.16110e-11
      1274.81  1.95719e-08  1.62180e-11
      1275.14  2.70020e-08  2.01248e-11
      1275.46  2.47357e-08  2.00507e-11
      1275.79  1.67990e-08  1.68020e-11
      1276.11  1.13257e-08  1.36241e-11
      1276.44  1.39056e-08  1.44933e-11
      1276.76  2.28577e-08  1.90017e-11
      1277.09  2.40569e-08  1.87839e-11
      1277.42  2.43094e-08  1.98570e-11
      1277.74  1.76299e-08  1.72550e-11
      1278.07  8.67896e-09  1.24954e-11
      1278.40  5.37351e-09  1.07346e-11
      1278.72  4.24258e-09  9.69710e-12
      1279.05  4.13453e-09  9.31903e-12
      1279.38  5.29801e-09  9.61045e-12
      1279.71  7.56517e-09  1.07048e-11
      1280.03  9.90365e-09  1.20153e-11
      1280.36  9.22878e-09  1.13207e-11
      1280.69  9.55213e-09  1.18082e-11
      1281.02  1.23474e-08  1.35870e-11
      1281.34  1.74590e-08  1.62990e-11
      1281.67  2.11760e-08  1.79184e-11
      1282.00  1.72813e-08  1.53029e-11
      1282.33  1.73133e-08  1.44085e-11
      1282.66  2.57518e-08  1.74273e-11
      1282.99  3.24782e-08  1.95492e-11
      1283.32  3.25051e-08  2.04531e-11
      1283.65  2.39387e-08  1.84635e-11
      1283.98  1.33506e-08  1.45328e-11
      1284.31  7.97504e-09  1.20694e-11
      1284.64  6.09518e-09  1.09367e-11
      1284.97  5.96064e-09  1.06975e-11
      1285.30  6.83712e-09  1.12262e-11
      1285.63  6.05826e-09  1.01861e-11
      1285.96  5.54959e-09  9.56242e-12
      1286.29  7.90129e-09  1.16672e-11
      1286.62  1.07841e-08  1.41608e-11
      1286.95  1.04378e-08  1.39659e-11
      1287.28  1.25776e-08  1.50715e-11
      1287.61  2.08495e-08  1.95796e-11
      1287.95  2.48975e-08  2.24562e-11
      1288.28  2.47916e-08  1.96089e-11
      1288.61  2.51580e-08  1.82762e-11
      1288.94  2.47517e-08  1.77121e-11
      1289.27  1.84672e-08  1.51502e-11
      1289.61  1.37767e-08  1.34915e-11
      1289.94  1.13431e-08  1.28409e-11
      1290.27  8.06952e-09  1.10295e-11
      1290.61  6.80900e-09  1.02889e-11
      1290.94  5.38812e-09  9.08442e-12
      1291.27  4.10648e-09  7.76674e-12
      1291.61  4.66557e-09  8.14741e-12
      1291.94  7.24177e-09  1.02074e-11
      1292.27  1.18435e-08  1.34998e-11
      1292.61  1.63354e-08  1.71477e-11
      1292.94  1.27840e-08  1.53730e-11
      1293.28  9.93026e-09  1.36912e-11
      1293.61  1.26203e-08  1.53849e-11
      1293.95  1.59269e-08  1.63140e-11
      1294.28  2.26198e-08  1.87178e-11
      1294.62  2.55672e-08  1.95173e-11
      1294.95  2.20745e-08  1.78206e-11
      1295.29  2.09237e-08  1.78106e-11
      1295.62  1.84160e-08  1.72118e-11
      1295.96  1.38683e-08  1.47591e-11
      1296.29  1.20600e-08  1.35840e-11
      1296.63  1.25230e-08  1.31096e-11
      1296.97  1.52030e-08  1.35298e-11
      1297.30  2.23941e-08  1.58184e-11
      1297.64  2.95416e-08  1.84942e-11
      1297.98  2.61529e-08  1.77796e-11
      1298.31  1.74043e-08  1.52278e-11
      1298.65  1.03961e-08  1.25796e-11
      1298.99  8.01392e-09  1.15550e-11
      1299.33  1.26731e-08  1.45919e-11
      1299.66  2.15364e-08  1.89794e-11
      1300.00  2.44729e-08  1.96863e-11
      1300.34  2.15485e-08  1.87989e-11
      1300.68  1.52457e-08  1.57727e-11
      1301.02  1.53322e-08  1.53910e-11
      1301.35  2.50608e-08  2.08078e-11
      1301.69  3.01478e-08  2.36860e-11
      1302.03  2.90150e-08  2.28444e-11
      1302.37  2.60363e-08  1.98272e-11
      1302.71  2.92141e-08  1.99720e-11
      1303.05  3.23108e-08  1.96954e-11
      1303.39  3.62560e-08  2.02826e-11
      1303.73  3.91175e-08  2.10735e-11
      1304.07  3.69255e-08  2.07740e-11
      1304.41  3.75300e-08  2.18295e-11
      1304.75  3.98662e-08  2.34037e-11
      1305.09  4.15734e-08  2.42751e-11
      1305.43  4.77186e-08  2.58064e-11
      1305.77  5.52903e-08  2.76835e-11
      1306.11  5.48647e-08  2.74586e-11
      1306.46  3.87002e-08  2.33248e-11
      1306.80  2.01869e-08  1.76933e-11
      1307.14  1.12313e-08  1.37909e-11
      1307.48  7.86452e-09  1.21971e-11
      1307.82  6.33721e-09  1.12302e-11
      1308.16  6.23618e-09  1.07508e-11
      1308.51  7.19419e-09  1.10302e-11
      1308.85  6.10475e-09  9.54281e-12
      1309.19  4.46755e-09  7.96689e-12
      1309.53  4.09612e-09  7.57552e-12
      1309.88  4.04777e-09  7.67684e-12
      1310.22  4.34008e-09  8.10955e-12
      1310.56  5.52349e-09  9.09202e-12
      1310.91  9.44381e-09  1.15334e-11
      1311.25  1.67274e-08  1.55360e-11
      1311.60  1.73677e-08  1.56621e-11
      1311.94  1.07358e-08  1.20200e-11
      1312.28  5.85453e-09  9.33012e-12
      1312.63  4.08974e-09  8.54157e-12
      1312.97  3.53442e-09  8.56238e-12
      1313.32  4.51737e-09  9.72711e-12
      1313.66  7.19122e-09  1.24713e-11
      1314.01  6.24125e-09  1.14000e-11
      1314.35  3.65790e-09  8.38580e-12
      1314.70  2.84714e-09  7.09922e-12
      1315.05  2.83621e-09  6.95699e-12
      1315.39  3.17471e-09  7.08413e-12
      1315.74  3.96455e-09  7.83013e-12
      1316.08  5.81212e-09  9.33743e-12
      1316.43  1.10747e-08  1.26114e-11
      1316.78  1.90512e-08  1.73200e-11
      1317.12  1.55320e-08  1.48090e-11
      1317.47  7.63852e-09  1.01536e-11
      1317.82  4.70840e-09  8.24175e-12
      1318.17  4.70395e-09  8.34973e-12
      1318.51  7.74285e-09  1.13393e-11
      1318.86  9.73609e-09  1.35024e-11
      1319.21  6.59707e-09  1.16733e-11
      1319.56  3.83277e-09  9.62514e-12
      1319.91  3.95283e-09  9.82769e-12
      1320.25  4.00323e-09  8.86891e-12
      1320.60  3.94788e-09  8.15209e-12
      1320.95  4.73167e-09  8.56083e-12
      1321.30  6.55248e-09  9.53702e-12
      1321.65  1.23698e-08  1.26323e-11
      1322.00  2.26386e-08  1.81672e-11
      1322.35  1.97805e-08  1.67902e-11
      1322.70  1.06601e-08  1.22653e-11
      1323.05  7.00821e-09  1.00147e-11
      1323.40  7.72204e-09  1.05982e-11
      1323.75  9.07714e-09  1.12176e-11
      1324.10  9.42232e-09  1.19088e-11
      1324.45  7.07896e-09  1.11821e-11
      1324.80  5.10095e-09  1.10619e-11
      