227
      1249.95  1.08646e-08  1.18471e-11
      1250.27  5.51678e-09  8.70216e-12
      1250.58  2.07784e-09  6.35295e-12
      1250.89  1.52691e-09  5.12862e-12
      1251.20  1.89664e-09  5.66296e-12
      1251.52  2.81288e-09  6.45101e-12
      1251.83  4.69289e-09  8.25679e-12
      1252.14  6.09371e-09  9.64364e-12
      1252.46  5.89538e-09  9.75447e-12
      1252.77  5.43238e-09  9.14858e-12
      1253.09  8.69204e-09  1.08575e-11
      1253.40  1.64105e-08  1.41353e-11
      1253.71  2.05872e-08  1.56634e-11
      1254.03  1.29931e-08  1.19827e-11
      1254.34  6.40822e-09  8.67722e-12
      1254.66  7.57983e-09  9.76951e-12
      1254.97  1.19085e-08  1.30959e-11
      1255.29  8.24557e-09  1.08784e-11
      1255.60  3.87118e-09  7.81195e-12
      1255.92  4.12849e-09  8.07101e-12
      1256.23  6.88341e-09  9.22724e-12
      1256.55  1.13030e-08  1.17816e-11
      1256.87  8.19536e-09  9.61364e-12
      1257.18  3.82867e-09  6.88528e-12
      1257.50  2.78425e-09  6.36729e-12
      1257.81  3.11141e-09  6.82876e-12
      1258.13  3.88431e-09  7.61218e-12
      1258.45  3.88188e-09  7.52316e-12
      1258.76  3.98615e-09  7.21874e-12
      1259.08  6.87143e-09  8.25716e-12
      1259.40  1.42513e-08  1.11626e-11
      1259.72  1.97352e-08  1.29376e-11
      1260.03  1.48570e-08  1.08089e-11
      1260.35  1.06068e-08  9.01362e-12
      1260.67  1.38316e-08  1.09916e-11
      1260.99  1.29160e-08  1.05620e-11
      1261.30  1.00952e-08  9.15323e-12
      1261.62  1.27103e-08  1.04844e-11
      1261.94  1.33441e-08  1.02793e-11
      1262.26  1.37249e-08  1.07647e-11
      1262.58  9.84797e-09  8.68979e-12
      1262.90  1.02576e-08  8.94674e-12
      1263.22  1.57364e-08  1.15386e-11
      1263.54  1.38859e-08  1.11801e-11
      1263.86  8.76464e-09  9.21005e-12
      1264.17  6.91283e-09  8.63825e-12
      1264.49  5.11083e-09  7.36921e-12
      1264.81  5.34882e-09  7.04872e-12
      1265.13  1.04696e-08  9.42615e-12
      1265.45  1.64294e-08  1.18730e-11
      1265.77  1.49361e-08  1.13745e-11
      1266.10  8.23504e-09  8.61726e-12
      1266.42  4.25509e-09  6.65474e-12
      1266.74  3.60001e-09  6.56462e-12
      1267.06  4.69571e-09  7.34891e-12
      1267.38  9.26903e-09  1.03655e-11
      1267.70  1.86786e-08  1.43388e-11
      1268.02  1.94559e-08  1.29120e-11
      1268.34  1.90701e-08  1.25326e-11
      1268.67  1.72985e-08  1.16879e-11
      1268.99  1.71004e-08  1.20084e-11
      1269.31  1.34040e-08  1.07363e-11
      1269.63  8.78191e-09  8.82336e-12
      1269.95  7.22464e-09  8.09341e-12
      1270.28  8.72746e-09  8.32084e-12
      1270.60  1.45278e-08  1.03566e-11
      1270.92  1.75079e-08  1.06926e-11
      1271.25  1.90406e-08  1.07925e-11
      1271.57  1.87727e-08  1.08630e-11
      1271.89  1.14204e-08  8.49076e-12
      1272.22  5.10359e-09  6.02018e-12
      1272.54  3.12397e-09  5.32885e-12
      1272.86  2.55599e-09  5.24655e-12
      1273.19  2.45208e-09  5.32016e-12
      1273.51  3.02929e-09  5.24277e-12
      1273.84  4.63337e-09  6.18524e-12
      1274.16  6.10942e-09  6.92462e-12
      1274.49  7.91438e-09  7.65320e-12
      1274.81  1.38372e-08  1.06421e-11
      1275.14  1.91534e-08  1.31821e-11
      1275.46  1.74454e-08  1.29098e-11
      1275.79  1.16305e-08  1.07163e-11
      1276.11  7.63351e-09  8.55969e-12
      1276.44  9.70124e-09  9.10842e-12
      1276.76  1.63062e-08  1.19224e-11
      1277.09  1.69970e-08  1.15555e-11
      1277.42  1.74839e-08  1.21570e-11
      1277.74  1.21765e-08  1.01411e-11
      1278.07  5.81003e-09  7.32463e-12
      1278.40  3.47590e-09  6.12902e-12
      1278.72  2.69243e-09  5.76396e-12
      1279.05  2.62096e-09  5.24320e-12
      1279.38  3.43900e-09  5.53169e-12
      1279.71  5.09187e-09  6.12054e-12
      1280.03  6.80950e-09  6.86996e-12
      1280.36  6.11594e-09  6.31423e-12
      1280.69  6.45422e-09  6.73751e-12
      1281.02  8.42431e-09  7.82746e-12
      1281.34  1.23772e-08  9.79187e-12
      1281.67  1.53178e-08  1.18259e-11
      1282.00  1.23082e-08  9.72523e-12
      1282.33  1.20778e-08  9.45392e-12
      1282.66  1.85855e-08  1.15816e-11
      1282.99  2.36971e-08  1.30791e-11
      1283.32  2.38295e-08  1.34813e-11
      1283.65  1.68942e-08  1.17164e-11
      1283.98  9.03464e-09  9.04146e-12
      1284.31  5.26487e-09  7.42333e-12
      1284.64  3.97013e-09  6.79111e-12
      1284.97  3.87913e-09  6.51443e-12
      1285.30  4.57594e-09  6.91845e-12
      1285.63  3.93388e-09  6.00251e-12
      1285.96  3.58374e-09  5.55146e-12
      1286.29  5.36497e-09  6.69468e-12
      1286.62  7.54892e-09  8.20393e-12
      1286.95  6.96744e-09  7.73536e-12
      1287.28  8.58912e-09  8.27729e-12
      1287.61  1.52264e-08  1.11042e-11
      1287.95  1.80769e-08  1.14687e-11
      1288.28  1.80414e-08  1.09856e-11
      1288.61  1.79796e-08  1.06093e-11
      1288.94  1.80315e-08  1.10084e-11
      1289.27  1.27174e-08  9.34492e-12
      1289.61  9.51342e-09  8.39354e-12
      1289.94  7.72997e-09  8.23657e-12
      1290.27  5.29700e-09  7.02952e-12
      1290.61  4.59041e-09  6.84237e-12
      1290.94  3.54664e-09  5.92343e-12
      1291.27  2.68117e-09  5.15565e-12
      1291.61  3.04011e-09  5.17328e-12
      1291.94  4.81452e-09  6.49483e-12
      1292.27  8.09005e-09  8.39585e-12
      1292.61  1.17743e-08  1.08938e-11
      1292.94  8.62038e-09  9.17780e-12
      1293.28  6.57550e-09  8.09817e-12
      1293.61  8.63322e-09  9.24445e-12
      1293.95  1.08944e-08  9.43360e-12
      1294.28  1.63199e-08  1.10164e-11
      1294.62  1.83818e-08  1.11921e-11
      1294.95  1.54055e-08  9.81347e-12
      1295.29  1.48204e-08  9.92123e-12
      1295.62  1.27243e-08  9.40980e-12
      1295.96  9.33429e-09  8.25541e-12
      1296.29  8.10439e-09  8.00748e-12
      1296.63  8.36842e-09  8.50228e-12
      1296.97  1.00781e-08  8.50594e-12
      1297.30  1.59612e-08  1.03994e-11
      1297.64  2.16497e-08  1.23356e-11
      1297.98  1.85661e-08  1.14835e-11
      1298.31  1.19266e-08  9.68103e-12
      1298.65  6.83694e-09  7.75779e-12
      1298.99  5.16426e-09  7.02117e-12
      1299.33  8.62605e-09  8.92699e-12
      1299.66  1.55227e-08  1.19985e-11
      1300.00  1.74759e-08  1.19619e-11
      1300.34  1.52701e-08  1.09089e-11
      1300.68  1.04890e-08  8.72064e-12
      1301.02  1.06063e-08  8.58514e-12
      1301.35  1.84598e-08  1.18814e-11
      1301.69  2.20361e-08  1.27623e-11
      1302.03  2.13324e-08  1.26141e-11
      1302.37  1.87265e-08  1.12084e-11
      1302.71  2.17928e-08  1.21784e-11
      1303.05  2.37302e-08  1.23195e-11
      1303.39  2.70148e-08  1.38112e-11
      1303.73  2.93111e-08  1.36837e-11
      1304.07  2.72927e-08  1.36049e-11
      1304.41  2.77498e-08  1.44799e-11
      1304.75  2.95586e-08  1.54781e-11
      1305.09  3.08858e-08  1.58898e-11
      1305.43  3.62630e-08  1.72080e-11
      1305.77  4.27793e-08  1.82777e-11
      1306.11  4.28169e-08  1.82007e-11
      1306.46  2.90982e-08  1.48245e-11
      1306.80  1.42453e-08  1.04099e-11
      1307.14  7.54354e-09  7.97440e-12
      1307.48  5.15702e-09  6.93863e-12
      1307.82  4.10427e-09  6.31228e-12
      1308.16  4.08789e-09  6.03141e-12
      1308.51  4.81695e-09  6.34132e-12
      1308.85  3.94847e-09  5.50275e-12
      1309.19  2.84252e-09  4.70528e-12
      1309.53  2.57902e-09  4.71879e-12
      1309.88  2.53670e-09  5.14099e-12
      1310.22  2.82698e-09  5.06561e-12
      1310.56  3.64620e-09  5.82385e-12
      1310.91  6.49078e-09  7.43494e-12
      1311.25  1.20276e-08  1.02413e-11
      1311.60  1.21903e-08  9.92529e-12
      1311.94  7.31277e-09  7.53737e-12
      1312.28  3.91262e-09  5.78617e-12
      1312.63  2.66769e-09  5.14623e-12
      1312.97  2.29362e-09  5.03616e-12
      1313.32  3.05264e-09  5.72760e-12
      1313.66  4.85001e-09  7.25276e-12
      1314.01  4.07903e-09  6.37371e-12
      1314.35  2.38735e-09  4.82852e-12
      1314.70  1.80865e-09  4.20445e-12
      1315.05  1.78793e-09  4.10880e-12
      1315.39  2.01716e-09  4.30755e-12
      1315.74  2.52028e-09  4.99545e-12
      1316.08  3.82264e-09  5.60007e-12
      1316.43  7.99087e-09  8.11981e-12
      1316.78  1.32393e-08  1.08126e-11
      1317.12  1.07833e-08  9.52652e-12
      1317.47  5.35222e-09  6.53218e-12
      1317.82  3.19061e-09  5.24149e-12
      1318.17  3.26377e-09  5.38775e-12
      1318.51  5.22421e-09  6.92048e-12
      1318.86  6.37419e-09  7.98222e-12
      1319.21  4.43466e-09  6.92409e-12
      1319.56  2.66395e-09  5.81775e-12
      1319.91  2.59164e-09  5.54910e-12
      1320.25  2.60035e-09  5.16896e-12
      1320.60  2.59749e-09  4.85291e-12
      1320.95  3.13335e-09  5.05913e-12
      1321.30  4.47315e-09  5.83442e-12
      1321.65  8.22150e-09  8.12227e-12
      1322.00  1.57157e-08  1.13242e-11
      1322.35  1.44423e-08  1.11179e-11
      1322.70  7.48340e-09  7.89519e-12
      1323.05  4.71096e-09  6.35140e-12
      1323.40  5.12969e-09  6.48738e-12
      1323.75  6.09925e-09  6.94981e-12
      1324.10  6.36153e-09  7.26866e-12
      1324.45  4.73496e-09  6.43715e-12
      1324.80  3.32524e-09  5.81649e-12
      