227
      1249.95  1.20882e-08  1.97224e-11
      1250.27  6.17963e-09  1.37820e-11
      1250.58  2.21715e-09  9.03539e-12
      1250.89  1.62180e-09  7.90479e-12
      1251.20  2.03753e-09  8.31467e-12
      1251.52  3.01256e-09  9.27430e-12
      1251.83  5.01309e-09  1.18314e-11
      1252.14  6.51055e-09  1.36399e-11
      1252.46  6.31007e-09  1.34986e-11
      1252.77  5.86063e-09  1.27441e-11
      1253.09  9.20611e-09  1.45725e-11
      1253.40  1.71762e-08  1.86952e-11
      1253.71  2.16268e-08  2.03825e-11
      1254.03  1.40943e-08  1.58850e-11
      1254.34  7.01474e-09  1.11807e-11
      1254.66  8.27881e-09  1.26146e-11
      1254.97  1.25773e-08  1.65771e-11
      1255.29  9.10226e-09  1.42051e-11
      1255.60  4.38325e-09  1.02821e-11
      1255.92  4.61595e-09  1.05179e-11
      1256.23  7.67530e-09  1.22825e-11
      1256.55  1.19879e-08  1.53117e-11
      1256.87  9.06602e-09  1.30053e-11
      1257.18  4.37642e-09  9.23471e-12
      1257.50  3.15312e-09  8.62183e-12
      1257.81  3.51921e-09  9.71953e-12
      1258.13  4.33217e-09  1.10727e-11
      1258.45  4.36665e-09  1.08018e-11
      1258.76  4.55715e-09  1.06709e-11
      1259.08  7.75125e-09  1.28740e-11
      1259.40  1.55685e-08  1.75804e-11
      1259.72  2.12085e-08  2.06526e-11
      1260.03  1.63128e-08  1.78664e-11
      1260.35  1.19275e-08  1.53989e-11
      1260.67  1.49744e-08  1.87519e-11
      1260.99  1.40478e-08  1.83397e-11
      1261.30  1.12564e-08  1.59495e-11
      1261.62  1.38040e-08  1.80242e-11
      1261.94  1.44871e-08  1.71146e-11
      1262.26  1.49494e-08  1.72088e-11
      1262.58  1.10238e-08  1.39431e-11
      1262.90  1.12583e-08  1.37576e-11
      1263.22  1.75031e-08  1.83988e-11
      1263.54  1.47079e-08  1.66964e-11
      1263.86  9.35160e-09  1.35014e-11
      1264.17  7.43053e-09  1.24041e-11
      1264.49  5.41760e-09  1.02044e-11
      1264.81  5.57486e-09  9.46709e-12
      1265.13  1.10394e-08  1.25529e-11
      1265.45  1.76595e-08  1.56700e-11
      1265.77  1.61127e-08  1.49513e-11
      1266.10  8.79909e-09  1.11237e-11
      1266.42  4.59616e-09  8.76580e-12
      1266.74  3.93649e-09  8.47714e-12
      1267.06  5.13685e-09  9.47289e-12
      1267.38  1.03794e-08  1.26833e-11
      1267.70  1.99291e-08  1.78482e-11
      1268.02  2.10768e-08  1.72863e-11
      1268.34  2.09037e-08  1.74080e-11
      1268.67  1.87995e-08  1.64304e-11
      1268.99  1.87884e-08  1.76375e-11
      1269.31  1.48319e-08  1.62696e-11
      1269.63  9.68624e-09  1.36977e-11
      1269.95  8.01877e-09  1.29593e-11
      1270.28  9.47445e-09  1.34326e-11
      1270.60  1.57993e-08  1.71912e-11
      1270.92  1.90481e-08  1.79031e-11
      1271.25  2.05487e-08  1.83291e-11
      1271.57  2.04995e-08  1.87021e-11
      1271.89  1.26577e-08  1.47425e-11
      1272.22  5.68415e-09  1.04577e-11
      1272.54  3.57208e-09  9.09045e-12
      1272.86  2.95569e-09  8.51251e-12
      1273.19  2.79390e-09  8.05923e-12
      1273.51  3.29105e-09  7.85824e-12
      1273.84  4.93347e-09  8.92134e-12
      1274.16  6.54673e-09  9.76603e-12
      1274.49  8.43528e-09  1.05873e-11
      1274.81  1.44789e-08  1.42997e-11
      1275.14  2.01922e-08  1.73793e-11
      1275.46  1.86235e-08  1.68913e-11
      1275.79  1.25872e-08  1.39711e-11
      1276.11  8.41594e-09  1.11305e-11
      1276.44  1.05452e-08  1.17957e-11
      1276.76  1.73844e-08  1.52999e-11
      1277.09  1.86191e-08  1.53864e-11
      1277.42  1.86445e-08  1.62142e-11
      1277.74  1.35055e-08  1.43244e-11
      1278.07  6.53314e-09  1.06251e-11
      1278.40  3.92458e-09  9.11628e-12
      1278.72  3.07632e-09  8.50806e-12
      1279.05  3.01980e-09  8.27212e-12
      1279.38  3.88547e-09  8.86209e-12
      1279.71  5.64303e-09  1.00481e-11
      1280.03  7.38116e-09  1.13635e-11
      1280.36  6.88150e-09  1.08770e-11
      1280.69  7.10513e-09  1.15435e-11
      1281.02  9.18100e-09  1.34026e-11
      1281.34  1.32120e-08  1.62451e-11
      1281.67  1.60558e-08  1.78496e-11
      1282.00  1.30185e-08  1.51020e-11
      1282.33  1.29809e-08  1.39469e-11
      1282.66  1.94902e-08  1.65575e-11
      1282.99  2.47977e-08  1.80572e-11
      1283.32  2.47890e-08  1.80709e-11
      1283.65  1.79729e-08  1.57182e-11
      1283.98  9.87436e-09  1.19682e-11
      1284.31  5.80005e-09  9.82322e-12
      1284.64  4.38802e-09  8.80310e-12
      1284.97  4.32224e-09  8.60738e-12
      1285.30  4.98952e-09  9.03320e-12
      1285.63  4.40272e-09  8.22874e-12
      1285.96  4.06735e-09  7.86275e-12
      1286.29  5.93229e-09  9.81521e-12
      1286.62  8.15894e-09  1.22298e-11
      1286.95  7.81223e-09  1.22332e-11
      1287.28  9.60499e-09  1.36995e-11
      1287.61  1.62447e-08  1.82089e-11
      1287.95  1.96060e-08  1.94263e-11
      1288.28  1.95424e-08  1.84928e-11
      1288.61  1.95029e-08  1.77626e-11
      1288.94  1.91672e-08  1.77374e-11
      1289.27  1.40690e-08  1.50551e-11
      1289.61  1.03183e-08  1.34115e-11
      1289.94  8.29702e-09  1.24890e-11
      1290.27  5.79796e-09  1.03978e-11
      1290.61  4.86910e-09  9.53825e-12
      1290.94  3.82214e-09  8.06880e-12
      1291.27  2.91314e-09  6.65804e-12
      1291.61  3.32645e-09  6.79107e-12
      1291.94  5.24035e-09  8.24531e-12
      1292.27  8.82222e-09  1.08291e-11
      1292.61  1.24383e-08  1.38707e-11
      1292.94  9.57294e-09  1.23173e-11
      1293.28  7.35874e-09  1.10126e-11
      1293.61  9.40126e-09  1.28147e-11
      1293.95  1.20457e-08  1.37852e-11
      1294.28  1.75578e-08  1.64753e-11
      1294.62  1.98197e-08  1.75314e-11
      1294.95  1.69481e-08  1.62606e-11
      1295.29  1.60727e-08  1.66643e-11
      1295.62  1.39171e-08  1.61458e-11
      1295.96  1.03427e-08  1.42287e-11
      1296.29  8.90764e-09  1.32315e-11
      1296.63  9.21500e-09  1.28266e-11
      1296.97  1.12841e-08  1.31843e-11
      1297.30  1.70380e-08  1.53728e-11
      1297.64  2.25732e-08  1.74651e-11
      1297.98  1.95942e-08  1.60809e-11
      1298.31  1.27127e-08  1.30517e-11
      1298.65  7.41821e-09  1.02718e-11
      1298.99  5.72073e-09  9.25252e-12
      1299.33  9.44933e-09  1.16474e-11
      1299.66  1.65779e-08  1.54770e-11
      1300.00  1.88659e-08  1.59287e-11
      1300.34  1.64971e-08  1.49986e-11
      1300.68  1.16601e-08  1.27477e-11
      1301.02  1.18007e-08  1.33061e-11
      1301.35  1.96971e-08  1.85745e-11
      1301.69  2.37181e-08  2.09885e-11
      1302.03  2.28995e-08  2.10991e-11
      1302.37  2.05137e-08  1.93109e-11
      1302.71  2.31048e-08  1.99959e-11
      1303.05  2.54735e-08  1.98650e-11
      1303.39  2.87637e-08  2.07836e-11
      1303.73  3.09547e-08  2.13724e-11
      1304.07  2.89818e-08  2.05237e-11
      1304.41  2.92706e-08  2.09986e-11
      1304.75  3.09601e-08  2.15199e-11
      1305.09  3.24649e-08  2.14737e-11
      1305.43  3.79930e-08  2.23527e-11
      1305.77  4.48213e-08  2.35273e-11
      1306.11  4.47355e-08  2.31931e-11
      1306.46  3.11493e-08  1.93221e-11
      1306.80  1.57856e-08  1.42762e-11
      1307.14  8.42379e-09  1.12986e-11
      1307.48  5.79059e-09  1.03083e-11
      1307.82  4.64685e-09  9.83443e-12
      1308.16  4.59008e-09  9.71296e-12
      1308.51  5.27631e-09  1.01840e-11
      1308.85  4.46342e-09  9.12233e-12
      1309.19  3.24840e-09  7.68144e-12
      1309.53  2.95376e-09  7.46038e-12
      1309.88  2.91413e-09  7.68696e-12
      1310.22  3.11210e-09  7.92948e-12
      1310.56  3.97868e-09  8.73435e-12
      1310.91  6.98986e-09  1.06407e-11
      1311.25  1.24261e-08  1.36824e-11
      1311.60  1.29083e-08  1.33034e-11
      1311.94  7.96818e-09  9.92128e-12
      1312.28  4.28574e-09  7.46313e-12
      1312.63  2.96626e-09  6.91701e-12
      1312.97  2.58927e-09  6.90935e-12
      1313.32  3.38675e-09  8.15998e-12
      1313.66  5.30956e-09  1.05714e-11
      1314.01  4.62797e-09  9.76957e-12
      1314.35  2.72403e-09  7.69715e-12
      1314.70  2.10347e-09  6.77810e-12
      1315.05  2.08095e-09  6.79417e-12
      1315.39  2.31875e-09  6.95811e-12
      1315.74  2.90059e-09  7.72610e-12
      1316.08  4.32000e-09  9.25729e-12
      1316.43  8.36939e-09  1.24722e-11
      1316.78  1.42126e-08  1.63408e-11
      1317.12  1.16886e-08  1.39621e-11
      1317.47  5.60721e-09  8.90792e-12
      1317.82  3.39270e-09  6.90680e-12
      1318.17  3.43908e-09  6.79161e-12
      1318.51  5.66351e-09  9.21502e-12
      1318.86  7.15333e-09  1.10316e-11
      1319.21  4.89803e-09  9.32760e-12
      1319.56  2.84697e-09  7.81503e-12
      1319.91  2.90288e-09  8.29996e-12
      1320.25  2.93309e-09  7.90278e-12
      1320.60  2.88752e-09  7.51169e-12
      1320.95  3.46821e-09  8.09876e-12
      1321.30  4.80187e-09  9.12361e-12
      1321.65  9.27532e-09  1.24260e-11
      1322.00  1.79581e-08  1.86267e-11
      1322.35  1.55420e-08  1.68656e-11
      1322.70  7.77311e-09  1.15802e-11
      1323.05  4.91640e-09  9.00240e-12
      1323.40  5.48449e-09  8.91156e-12
      1323.75  6.54798e-09  9.30267e-12
      1324.10  6.94457e-09  9.58052e-12
      1324.45  5.12083e-09  8.50014e-12
      1324.80  3.70454e-09  8.02974e-12
      