227
      1249.95  1.40138e-08  2.01698e-11
      1250.27  7.02619e-09  1.40997e-11
      1250.58  2.64404e-09  9.10067e-12
      1250.89  1.98960e-09  8.45603e-12
      1251.20  2.49003e-09  9.26282e-12
      1251.52  3.64183e-09  1.06578e-11
      1251.83  6.11556e-09  1.38005e-11
      1252.14  7.87406e-09  1.55370e-11
      1252.46  7.59689e-09  1.53656e-11
      1252.77  6.97335e-09  1.44260e-11
      1253.09  1.10023e-08  1.71339e-11
      1253.40  2.03199e-08  2.23783e-11
      1253.71  2.52003e-08  2.48415e-11
      1254.03  1.57949e-08  1.91908e-11
      1254.34  7.85192e-09  1.43153e-11
      1254.66  8.00903e-09  1.67864e-11
      1254.97  1.18513e-08  2.48657e-11
      1255.29  8.35708e-09  2.13194e-11
      1255.60  4.05269e-09  1.56479e-11
      1255.92  4.36792e-09  1.64389e-11
      1256.23  7.37114e-09  1.95147e-11
      1256.55  1.14268e-08  2.41993e-11
      1256.87  8.67616e-09  2.18614e-11
      1257.18  5.78696e-09  2.54958e-11
      1257.50  5.22950e-09  2.81569e-11
      1257.81  0.00000e+00  0.00000e+00
      1258.13  5.79740e-09  2.76838e-11
      1258.45  5.86320e-09  2.44204e-11
      1258.76  6.63123e-09  1.70405e-11
      1259.08  1.04648e-08  1.58002e-11
      1259.40  1.85202e-08  1.85080e-11
      1259.72  2.43804e-08  2.10875e-11
      1260.03  1.84429e-08  1.80096e-11
      1260.35  1.37871e-08  1.57240e-11
      1260.67  1.74576e-08  1.88604e-11
      1260.99  1.61924e-08  1.81851e-11
      1261.30  1.30656e-08  1.59116e-11
      1261.62  1.60370e-08  1.78989e-11
      1261.94  1.68349e-08  1.73387e-11
      1262.26  1.70601e-08  1.74437e-11
      1262.58  1.29142e-08  1.45279e-11
      1262.90  1.33139e-08  1.51470e-11
      1263.22  1.83422e-08  2.01487e-11
      1263.54  1.53975e-08  1.88280e-11
      1263.86  1.08678e-08  1.46321e-11
      1264.17  8.68921e-09  1.36276e-11
      1264.49  6.50082e-09  1.16141e-11
      1264.81  6.98267e-09  1.13830e-11
      1265.13  1.32004e-08  1.51360e-11
      1265.45  1.99063e-08  1.88499e-11
      1265.77  1.80544e-08  1.85252e-11
      1266.10  1.05515e-08  1.60052e-11
      1266.42  4.49486e-09  1.32629e-11
      1266.74  3.75616e-09  1.34487e-11
      1267.06  5.04508e-09  1.51011e-11
      1267.38  1.03561e-08  2.02820e-11
      1267.70  1.84165e-08  2.69219e-11
      1268.02  1.96185e-08  3.08006e-11
      1268.34  1.85737e-08  4.08268e-11
      1268.67  1.83394e-08  4.37032e-11
      1268.99  1.52815e-08  3.83780e-11
      1269.31  1.47000e-08  3.25046e-11
      1269.63  1.17088e-08  1.82426e-11
      1269.95  9.46376e-09  1.35356e-11
      1270.28  1.14888e-08  1.36996e-11
      1270.60  1.83684e-08  1.72195e-11
      1270.92  2.16148e-08  1.77429e-11
      1271.25  2.34814e-08  1.87625e-11
      1271.57  2.13801e-08  1.91501e-11
      1271.89  1.23374e-08  1.51542e-11
      1272.22  6.50002e-09  1.05719e-11
      1272.54  4.22254e-09  9.18197e-12
      1272.86  3.54486e-09  8.78833e-12
      1273.19  3.34207e-09  8.32722e-12
      1273.51  3.96432e-09  8.51404e-12
      1273.84  5.97625e-09  1.00642e-11
      1274.16  7.71965e-09  1.11418e-11
      1274.49  9.72714e-09  1.23483e-11
      1274.81  1.54803e-08  1.76602e-11
      1275.14  2.28117e-08  2.25007e-11
      1275.46  2.08720e-08  2.04586e-11
      1275.79  1.39869e-08  1.88686e-11
      1276.11  7.72375e-09  1.64940e-11
      1276.44  8.57271e-09  1.98993e-11
      1276.76  1.05789e-08  2.68352e-11
      1277.09  1.43573e-08  3.66682e-11
      1277.42  1.43972e-08  3.70367e-11
      1277.74  1.43972e-08  3.70367e-11
      1278.07  4.55590e-09  2.21234e-11
      1278.40  4.30459e-09  1.75258e-11
      1278.72  3.61945e-09  1.00252e-11
      1279.05  3.55772e-09  8.34816e-12
      1279.38  4.65876e-09  8.93879e-12
      1279.71  6.69847e-09  1.01045e-11
      1280.03  8.73746e-09  1.15452e-11
      1280.36  7.80834e-09  1.08044e-11
      1280.69  8.32619e-09  1.15549e-11
      1281.02  1.08122e-08  1.35057e-11
      1281.34  1.54743e-08  1.64344e-11
      1281.67  1.85350e-08  1.84214e-11
      1282.00  1.45004e-08  1.55202e-11
      1282.33  1.49507e-08  1.51600e-11
      1282.66  2.26161e-08  1.85314e-11
      1282.99  2.81678e-08  2.07033e-11
      1283.32  2.80175e-08  2.16096e-11
      1283.65  2.17701e-08  2.14907e-11
      1283.98  1.07802e-08  1.72105e-11
      1284.31  5.76287e-09  1.39566e-11
      1284.64  4.08471e-09  1.33847e-11
      1284.97  4.07375e-09  1.32774e-11
      1285.30  4.69728e-09  1.39773e-11
      1285.63  4.30424e-09  1.59541e-11
      1285.96  3.97955e-09  2.02977e-11
      1286.29  7.23681e-09  1.60863e-11
      1286.62  1.02137e-08  1.88095e-11
      1286.95  8.92013e-09  1.26196e-11
      1287.28  1.12794e-08  1.36315e-11
      1287.61  1.88269e-08  1.80386e-11
      1287.95  2.20090e-08  1.87531e-11
      1288.28  2.18994e-08  1.79762e-11
      1288.61  2.19046e-08  1.75808e-11
      1288.94  2.13980e-08  1.77976e-11
      1289.27  1.54557e-08  1.51571e-11
      1289.61  1.16649e-08  1.38246e-11
      1289.94  9.44530e-09  1.31335e-11
      1290.27  6.57664e-09  1.20852e-11
      1290.61  5.50700e-09  1.13618e-11
      1290.94  4.36324e-09  9.10689e-12
      1291.27  3.33681e-09  7.96276e-12
      1291.61  3.48569e-09  8.98469e-12
      1291.94  5.05366e-09  1.25965e-11
      1292.27  8.51588e-09  1.71419e-11
      1292.61  1.17564e-08  2.16648e-11
      1292.94  8.88947e-09  2.00712e-11
      1293.28  6.53850e-09  2.47654e-11
      1293.61  6.19676e-09  2.66882e-11
      1293.95  1.90676e-08  2.84238e-11
      1294.28  2.17229e-08  2.10762e-11
      1294.62  2.21230e-08  1.75981e-11
      1294.95  1.87904e-08  1.60221e-11
      1295.29  1.81337e-08  1.65283e-11
      1295.62  1.54735e-08  1.56281e-11
      1295.96  1.15603e-08  1.37515e-11
      1296.29  1.01842e-08  1.30711e-11
      1296.63  1.06728e-08  1.31263e-11
      1296.97  1.31109e-08  1.38359e-11
      1297.30  1.96669e-08  1.67733e-11
      1297.64  2.56584e-08  1.97390e-11
      1297.98  2.17162e-08  1.97967e-11
      1298.31  1.30730e-08  1.61712e-11
      1298.65  8.51209e-09  1.33544e-11
      1298.99  6.64149e-09  1.40973e-11
      1299.33  9.46846e-09  1.93670e-11
      1299.66  1.60037e-08  2.45893e-11
      1300.00  1.80037e-08  3.36571e-11
      1300.34  1.80944e-08  3.97998e-11
      1300.68  1.38942e-08  2.20077e-11
      1301.02  1.64117e-08  2.05689e-11
      1301.35  2.32077e-08  1.96487e-11
      1301.69  2.56484e-08  2.25351e-11
      1302.03  2.22721e-08  2.31725e-11
      1302.37  2.14065e-08  1.94646e-11
      1302.71  2.60003e-08  1.95746e-11
      1303.05  2.80707e-08  1.94599e-11
      1303.39  3.20819e-08  2.10023e-11
      1303.73  3.41343e-08  2.21459e-11
      1304.07  3.16251e-08  2.15522e-11
      1304.41  3.24101e-08  2.26835e-11
      1304.75  3.42361e-08  2.38108e-11
      1305.09  3.55175e-08  2.40534e-11
      1305.43  4.00839e-08  2.73406e-11
      1305.77  4.37411e-08  3.30743e-11
      1306.11  4.29121e-08  3.66247e-11
      1306.46  2.93320e-08  3.13368e-11
      1306.80  2.03323e-08  3.65950e-11
      1307.14  1.81845e-08  3.90754e-11
      1307.48  5.43008e-09  1.40129e-11
      1307.82  5.15009e-09  9.96800e-12
      1308.16  5.30722e-09  9.54223e-12
      1308.51  6.19683e-09  1.01734e-11
      1308.85  4.93305e-09  8.74983e-12
      1309.19  3.67426e-09  7.69990e-12
      1309.53  3.42628e-09  7.70436e-12
      1309.88  3.37230e-09  7.82401e-12
      1310.22  3.63312e-09  8.32494e-12
      1310.56  4.63831e-09  9.36990e-12
      1310.91  8.15861e-09  1.17900e-11
      1311.25  1.47543e-08  1.61799e-11
      1311.60  1.45020e-08  1.57515e-11
      1311.94  8.78277e-09  1.36952e-11
      1312.28  3.99203e-09  1.16633e-11
      1312.63  2.76821e-09  1.17666e-11
      1312.97  2.48870e-09  1.61877e-11
      1313.32  3.20463e-09  1.47698e-11
      1313.66  5.96782e-09  1.63201e-11
      1314.01  4.58029e-09  1.00031e-11
      1314.35  2.91875e-09  7.31307e-12
      1314.70  2.37691e-09  6.71064e-12
      1315.05  2.40579e-09  6.55915e-12
      1315.39  2.72112e-09  7.15806e-12
      1315.74  3.43000e-09  8.47809e-12
      1316.08  5.11911e-09  9.64536e-12
      1316.43  1.00795e-08  1.31181e-11
      1316.78  1.63443e-08  1.73324e-11
      1317.12  1.23033e-08  1.44802e-11
      1317.47  6.13401e-09  1.02022e-11
      1317.82  3.78465e-09  8.80957e-12
      1318.17  3.43501e-09  1.01018e-11
      1318.51  5.30334e-09  1.53658e-11
      1318.86  6.42548e-09  2.39998e-11
      1319.21  6.59890e-09  2.62567e-11
      1319.56  3.58868e-09  1.32185e-11
      1319.91  3.51381e-09  9.85007e-12
      1320.25  3.33398e-09  7.80132e-12
      1320.60  3.36576e-09  7.46219e-12
      1320.95  4.09459e-09  8.08983e-12
      1321.30  5.84006e-09  9.45817e-12
      1321.65  1.14712e-08  1.34205e-11
      1322.00  1.95932e-08  2.04182e-11
      1322.35  1.53818e-08  1.81974e-11
      1322.70  8.57993e-09  1.23425e-11
      1323.05  5.81162e-09  1.02660e-11
      1323.40  6.40821e-09  1.06272e-11
      1323.75  7.39399e-09  1.20667e-11
      1324.10  7.02474e-09  1.47932e-11
      1324.45  4.62183e-09  2.17106e-11
      1324.80  4.52910e-09  2.23910e-11
      