227
      1249.95  1.05124e-08  2.09987e-11
      1250.27  3.30434e-09  1.21826e-11
      1250.58  1.23372e-09  9.30133e-12
      1250.89  9.50959e-10  8.45459e-12
      1251.20  1.36252e-09  9.12278e-12
      1251.52  2.28755e-09  1.05470e-11
      1251.83  4.24078e-09  1.35328e-11
      1252.14  5.67900e-09  1.56836e-11
      1252.46  5.44578e-09  1.61084e-11
      1252.77  5.00938e-09  1.52957e-11
      1253.09  8.26954e-09  1.79566e-11
      1253.40  1.58758e-08  2.33359e-11
      1253.71  1.99313e-08  2.58756e-11
      1254.03  1.26253e-08  2.01916e-11
      1254.34  5.96407e-09  1.46628e-11
      1254.66  7.19152e-09  1.67558e-11
      1254.97  1.12068e-08  2.20739e-11
      1255.29  7.88020e-09  1.91248e-11
      1255.60  3.45282e-09  1.37625e-11
      1255.92  3.70965e-09  1.41414e-11
      1256.23  6.56388e-09  1.64407e-11
      1256.55  1.05692e-08  2.07793e-11
      1256.87  7.84379e-09  1.71915e-11
      1257.18  3.44697e-09  1.22618e-11
      1257.50  2.36101e-09  1.08897e-11
      1257.81  2.71930e-09  1.14665e-11
      1258.13  3.45547e-09  1.28644e-11
      1258.45  3.47305e-09  1.26851e-11
      1258.76  3.68379e-09  1.27420e-11
      1259.08  6.66895e-09  1.46470e-11
      1259.40  1.38538e-08  2.01442e-11
      1259.72  1.90461e-08  2.30445e-11
      1260.03  1.46241e-08  1.96896e-11
      1260.35  1.05468e-08  1.68818e-11
      1260.67  1.33106e-08  2.04222e-11
      1260.99  1.25694e-08  2.01607e-11
      1261.30  1.00128e-08  1.77363e-11
      1261.62  1.22857e-08  1.96570e-11
      1261.94  1.30834e-08  1.89149e-11
      1262.26  1.34005e-08  1.87835e-11
      1262.58  9.99480e-09  1.54439e-11
      1262.90  1.24695e-08  1.59180e-11
      1263.22  1.69117e-08  2.17243e-11
      1263.54  1.32810e-08  1.77077e-11
      1263.86  8.35051e-09  1.48960e-11
      1264.17  6.49762e-09  1.39925e-11
      1264.49  4.61093e-09  1.19761e-11
      1264.81  4.87632e-09  1.17432e-11
      1265.13  1.00988e-08  1.58346e-11
      1265.45  1.61347e-08  1.99360e-11
      1265.77  1.44956e-08  1.92544e-11
      1266.10  7.67238e-09  1.44741e-11
      1266.42  3.76910e-09  1.15784e-11
      1266.74  3.14323e-09  1.14060e-11
      1267.06  4.23973e-09  1.28557e-11
      1267.38  9.16971e-09  1.69801e-11
      1267.70  1.79879e-08  2.34112e-11
      1268.02  1.89042e-08  2.23810e-11
      1268.34  1.88545e-08  2.21242e-11
      1268.67  1.67371e-08  1.92402e-11
      1268.99  1.69946e-08  2.04164e-11
      1269.31  1.31619e-08  1.83792e-11
      1269.63  8.43267e-09  1.55811e-11
      1269.95  6.89129e-09  1.51531e-11
      1270.28  8.18930e-09  1.48648e-11
      1270.60  1.43212e-08  1.92042e-11
      1270.92  1.72192e-08  1.97410e-11
      1271.25  1.86602e-08  2.00315e-11
      1271.57  1.88223e-08  2.05852e-11
      1271.89  1.12748e-08  1.60838e-11
      1272.22  4.74616e-09  1.14764e-11
      1272.54  2.84562e-09  1.00142e-11
      1272.86  2.24886e-09  8.61767e-12
      1273.19  2.10573e-09  1.00191e-11
      1273.51  2.61961e-09  8.76434e-12
      1273.84  4.22876e-09  1.00977e-11
      1274.16  5.76557e-09  1.14611e-11
      1274.49  7.57418e-09  1.26908e-11
      1274.81  1.34617e-08  1.77060e-11
      1275.14  1.87517e-08  2.20013e-11
      1275.46  1.70444e-08  2.19275e-11
      1275.79  1.12479e-08  1.86502e-11
      1276.11  7.26914e-09  1.50220e-11
      1276.44  9.26224e-09  1.58510e-11
      1276.76  1.57829e-08  2.06402e-11
      1277.09  1.67429e-08  2.03213e-11
      1277.42  1.68692e-08  2.14031e-11
      1277.74  1.18619e-08  1.80447e-11
      1278.07  5.43027e-09  1.24176e-11
      1278.40  3.12814e-09  1.04907e-11
      1278.72  2.36701e-09  9.78551e-12
      1279.05  2.30695e-09  9.53121e-12
      1279.38  3.09734e-09  1.00459e-11
      1279.71  4.70591e-09  1.16659e-11
      1280.03  6.43776e-09  1.28479e-11
      1280.36  5.93658e-09  1.20976e-11
      1280.69  6.11642e-09  1.27092e-11
      1281.02  8.10271e-09  1.49478e-11
      1281.34  1.19192e-08  1.80391e-11
      1281.67  1.47032e-08  1.99216e-11
      1282.00  1.07077e-08  1.56027e-11
      1282.33  1.18292e-08  1.63460e-11
      1282.66  1.81711e-08  1.89734e-11
      1282.99  2.31650e-08  2.14424e-11
      1283.32  2.30871e-08  2.22479e-11
      1283.65  1.64709e-08  1.99818e-11
      1283.98  8.70094e-09  1.52956e-11
      1284.31  4.89285e-09  1.26555e-11
      1284.64  3.60133e-09  1.16276e-11
      1284.97  3.53588e-09  1.13891e-11
      1285.30  4.13565e-09  1.17067e-11
      1285.63  3.61538e-09  1.06217e-11
      1285.96  3.31515e-09  9.84175e-12
      1286.29  4.99592e-09  1.15319e-11
      1286.62  7.05271e-09  1.44200e-11
      1286.95  6.80223e-09  1.38350e-11
      1287.28  8.39352e-09  1.51341e-11
      1287.61  1.45847e-08  2.00972e-11
      1287.95  1.78221e-08  2.14721e-11
      1288.28  1.77608e-08  2.03256e-11
      1288.61  1.76983e-08  1.95372e-11
      1288.94  1.75426e-08  1.94759e-11
      1289.27  1.28784e-08  1.66470e-11
      1289.61  8.93637e-09  1.33922e-11
      1289.94  6.56783e-09  1.48024e-11
      1290.27  4.91698e-09  1.16066e-11
      1290.61  4.14069e-09  1.12583e-11
      1290.94  3.17668e-09  9.97031e-12
      1291.27  2.28633e-09  8.46330e-12
      1291.61  2.68105e-09  8.75600e-12
      1291.94  4.45425e-09  1.08988e-11
      1292.27  7.74178e-09  1.43885e-11
      1292.61  1.10537e-08  1.80502e-11
      1292.94  8.47934e-09  1.61228e-11
      1293.28  6.34993e-09  1.44293e-11
      1293.61  8.28168e-09  1.62110e-11
      1293.95  1.07139e-08  1.63531e-11
      1294.28  1.58463e-08  1.89083e-11
      1294.62  1.81243e-08  1.99448e-11
      1294.95  1.54004e-08  1.81764e-11
      1295.29  1.45428e-08  1.84235e-11
      1295.62  1.26564e-08  1.77838e-11
      1295.96  9.26650e-09  1.56359e-11
      1296.29  7.93959e-09  1.50000e-11
      1296.63  8.26266e-09  1.47249e-11
      1296.97  1.05820e-08  1.47479e-11
      1297.30  1.81047e-08  2.11591e-11
      1297.64  2.12559e-08  2.06537e-11
      1297.98  1.82286e-08  1.91310e-11
      1298.31  1.16138e-08  1.61081e-11
      1298.65  6.54746e-09  1.30665e-11
      1298.99  4.91309e-09  1.20737e-11
      1299.33  8.34700e-09  1.54794e-11
      1299.66  1.49274e-08  2.03847e-11
      1300.00  1.70981e-08  2.10620e-11
      1300.34  1.48600e-08  1.94460e-11
      1300.68  1.03948e-08  1.58091e-11
      1301.02  1.04385e-08  1.51108e-11
      1301.35  1.78222e-08  2.06027e-11
      1301.69  2.17784e-08  2.32019e-11
      1302.03  2.10558e-08  2.31164e-11
      1302.37  1.87320e-08  2.11343e-11
      1302.71  2.10851e-08  2.21228e-11
      1303.05  2.35249e-08  2.22006e-11
      1303.39  2.65312e-08  2.30449e-11
      1303.73  2.89317e-08  2.38819e-11
      1304.07  2.67018e-08  2.22899e-11
      1304.41  2.72266e-08  2.58696e-11
      1304.75  2.90877e-08  2.57218e-11
      1305.09  3.04549e-08  2.69831e-11
      1305.43  3.55061e-08  2.90549e-11
      1305.77  4.17003e-08  3.12048e-11
      1306.11  4.14725e-08  3.11588e-11
      1306.46  2.86466e-08  2.57685e-11
      1306.80  1.41841e-08  1.84851e-11
      1307.14  7.35281e-09  1.45478e-11
      1307.48  4.93583e-09  1.27132e-11
      1307.82  3.90342e-09  1.18548e-11
      1308.16  3.83492e-09  1.21510e-11
      1308.51  4.51785e-09  1.29928e-11
      1308.85  3.78376e-09  1.14340e-11
      1309.19  2.62681e-09  9.50354e-12
      1309.53  2.38483e-09  8.40859e-12
      1309.88  2.35380e-09  8.85841e-12
      1310.22  2.56398e-09  8.89462e-12
      1310.56  3.97578e-09  1.02577e-11
      1310.91  6.63616e-09  1.37230e-11
      1311.25  1.16246e-08  1.70694e-11
      1311.60  1.19293e-08  1.69862e-11
      1311.94  7.04891e-09  1.28958e-11
      1312.28  3.57845e-09  9.81252e-12
      1312.63  2.35376e-09  8.81756e-12
      1312.97  1.97530e-09  8.84823e-12
      1313.32  2.65452e-09  1.00867e-11
      1313.66  4.62413e-09  1.28750e-11
      1314.01  3.94030e-09  1.14345e-11
      1314.35  2.13909e-09  9.11172e-12
      1314.70  1.54592e-09  8.30183e-12
      1315.05  1.52826e-09  7.49657e-12
      1315.39  1.75302e-09  7.67756e-12
      1315.74  2.28792e-09  8.60224e-12
      1316.08  3.50603e-09  1.06191e-11
      1316.43  7.71589e-09  1.41295e-11
      1316.78  1.40878e-08  2.07514e-11
      1317.12  1.03884e-08  1.64372e-11
      1317.47  4.80309e-09  1.09032e-11
      1317.82  2.75848e-09  8.79831e-12
      1318.17  2.78086e-09  8.70656e-12
      1318.51  4.93967e-09  1.17015e-11
      1318.86  6.32773e-09  1.40420e-11
      1319.21  4.09807e-09  1.20224e-11
      1319.56  2.26842e-09  1.00104e-11
      1319.91  2.36671e-09  9.92025e-12
      1320.25  2.36559e-09  9.25860e-12
      1320.60  2.32297e-09  8.67742e-12
      1320.95  2.86833e-09  9.01173e-12
      1321.30  4.14873e-09  1.02261e-11
      1321.65  8.40026e-09  1.39311e-11
      1322.00  1.61670e-08  2.04982e-11
      1322.35  1.44248e-08  1.93831e-11
      1322.70  7.14537e-09  1.30715e-11
      1323.05  4.22201e-09  1.24353e-11
      1323.40  4.87040e-09  1.13753e-11
      1323.75  5.81386e-09  1.18622e-11
      1324.10  6.04342e-09  1.23299e-11
      1324.45  4.41301e-09  1.11316e-11
      1324.80  3.08621e-09  1.03736e-11
      