227
      1249.95  1.57225e-09  2.14694e-11
      1250.27  1.49381e-09  1.90799e-11
      1250.58  1.14925e-09  1.22580e-11
      1250.89  9.32865e-10  1.06668e-11
      1251.20  1.30352e-09  1.13851e-11
      1251.52  1.70428e-09  1.56746e-11
      1251.83  1.81541e-09  2.00990e-11
      1252.14  1.83295e-09  2.10144e-11
      1252.46  0.00000e+00  0.00000e+00
      1252.77  0.00000e+00  0.00000e+00
      1253.09  0.00000e+00  0.00000e+00
      1253.40  0.00000e+00  0.00000e+00
      1253.71  0.00000e+00  0.00000e+00
      1254.03  0.00000e+00  0.00000e+00
      1254.34  0.00000e+00  0.00000e+00
      1254.66  0.00000e+00  0.00000e+00
      1254.97  0.00000e+00  0.00000e+00
      1255.29  0.00000e+00  0.00000e+00
      1255.60  0.00000e+00  0.00000e+00
      1255.92  0.00000e+00  0.00000e+00
      1256.23  0.00000e+00  0.00000e+00
      1256.55  0.00000e+00  0.00000e+00
      1256.87  0.00000e+00  0.00000e+00
      1257.18  0.00000e+00  0.00000e+00
      1257.50  0.00000e+00  0.00000e+00
      1257.81  0.00000e+00  0.00000e+00
      1258.13  0.00000e+00  0.00000e+00
      1258.45  0.00000e+00  0.00000e+00
      1258.76  0.00000e+00  0.00000e+00
      1259.08  0.00000e+00  0.00000e+00
      1259.40  0.00000e+00  0.00000e+00
      1259.72  0.00000e+00  0.00000e+00
      1260.03  0.00000e+00  0.00000e+00
      1260.35  0.00000e+00  0.00000e+00
      1260.67  0.00000e+00  0.00000e+00
      1260.99  0.00000e+00  0.00000e+00
      1261.30  0.00000e+00  0.00000e+00
      1261.62  0.00000e+00  0.00000e+00
      1261.94  0.00000e+00  0.00000e+00
      1262.26  0.00000e+00  0.00000e+00
      1262.58  1.78586e-08  4.20572e-11
      1262.90  1.78019e-08  3.97305e-11
      1263.22  1.72685e-08  2.98487e-11
      1263.54  1.35414e-08  2.24978e-11
      1263.86  8.98889e-09  2.29458e-11
      1264.17  7.86981e-09  2.92312e-11
      1264.49  7.70521e-09  3.07597e-11
      1264.81  0.00000e+00  0.00000e+00
      1265.13  0.00000e+00  0.00000e+00
      1265.45  0.00000e+00  0.00000e+00
      1265.77  0.00000e+00  0.00000e+00
      1266.10  0.00000e+00  0.00000e+00
      1266.42  0.00000e+00  0.00000e+00
      1266.74  0.00000e+00  0.00000e+00
      1267.06  0.00000e+00  0.00000e+00
      1267.38  0.00000e+00  0.00000e+00
      1267.70  0.00000e+00  0.00000e+00
      1268.02  0.00000e+00  0.00000e+00
      1268.34  0.00000e+00  0.00000e+00
      1268.67  0.00000e+00  0.00000e+00
      1268.99  0.00000e+00  0.00000e+00
      1269.31  0.00000e+00  0.00000e+00
      1269.63  0.00000e+00  0.00000e+00
      1269.95  0.00000e+00  0.00000e+00
      1270.28  0.00000e+00  0.00000e+00
      1270.60  0.00000e+00  0.00000e+00
      1270.92  0.00000e+00  0.00000e+00
      1271.25  0.00000e+00  0.00000e+00
      1271.57  0.00000e+00  0.00000e+00
      1271.89  0.00000e+00  0.00000e+00
      1272.22  0.00000e+00  0.00000e+00
      1272.54  1.99583e-09  1.84533e-11
      1272.86  2.00283e-09  1.79467e-11
      1273.19  2.06093e-09  1.49587e-11
      1273.51  2.45126e-09  1.12994e-11
      1273.84  3.04916e-09  1.61389e-11
      1274.16  3.21115e-09  1.89749e-11
      1274.49  3.23449e-09  1.94295e-11
      1274.81  0.00000e+00  0.00000e+00
      1275.14  0.00000e+00  0.00000e+00
      1275.46  0.00000e+00  0.00000e+00
      1275.79  0.00000e+00  0.00000e+00
      1276.11  0.00000e+00  0.00000e+00
      1276.44  0.00000e+00  0.00000e+00
      1276.76  0.00000e+00  0.00000e+00
      1277.09  0.00000e+00  0.00000e+00
      1277.42  0.00000e+00  0.00000e+00
      1277.74  0.00000e+00  0.00000e+00
      1278.07  0.00000e+00  0.00000e+00
      1278.40  0.00000e+00  0.00000e+00
      1278.72  0.00000e+00  0.00000e+00
      1279.05  0.00000e+00  0.00000e+00
      1279.38  0.00000e+00  0.00000e+00
      1279.71  0.00000e+00  0.00000e+00
      1280.03  0.00000e+00  0.00000e+00
      1280.36  0.00000e+00  0.00000e+00
      1280.69  0.00000e+00  0.00000e+00
      1281.02  0.00000e+00  0.00000e+00
      1281.34  0.00000e+00  0.00000e+00
      1281.67  8.84536e-09  2.94292e-11
      1282.00  9.15505e-09  2.74440e-11
      1282.33  1.07381e-08  2.23357e-11
      1282.66  1.26233e-08  3.00083e-11
      1282.99  1.30797e-08  3.33590e-11
      1283.32  0.00000e+00  0.00000e+00
      1283.65  0.00000e+00  0.00000e+00
      1283.98  0.00000e+00  0.00000e+00
      1284.31  0.00000e+00  0.00000e+00
      1284.64  0.00000e+00  0.00000e+00
      1284.97  0.00000e+00  0.00000e+00
      1285.30  0.00000e+00  0.00000e+00
      1285.63  0.00000e+00  0.00000e+00
      1285.96  0.00000e+00  0.00000e+00
      1286.29  0.00000e+00  0.00000e+00
      1286.62  0.00000e+00  0.00000e+00
      1286.95  0.00000e+00  0.00000e+00
      1287.28  0.00000e+00  0.00000e+00
      1287.61  0.00000e+00  0.00000e+00
      1287.95  0.00000e+00  0.00000e+00
      1288.28  0.00000e+00  0.00000e+00
      1288.61  0.00000e+00  0.00000e+00
      1288.94  0.00000e+00  0.00000e+00
      1289.27  6.51155e-09  2.66769e-11
      1289.61  6.46560e-09  2.59976e-11
      1289.94  6.16016e-09  2.19298e-11
      1290.27  5.27146e-09  1.83692e-11
      1290.61  4.80653e-09  2.26642e-11
      1290.94  4.72561e-09  2.37060e-11
      1291.27  0.00000e+00  0.00000e+00
      1291.61  0.00000e+00  0.00000e+00
      1291.94  0.00000e+00  0.00000e+00
      1292.27  0.00000e+00  0.00000e+00
      1292.61  0.00000e+00  0.00000e+00
      1292.94  0.00000e+00  0.00000e+00
      1293.28  0.00000e+00  0.00000e+00
      1293.61  0.00000e+00  0.00000e+00
      1293.95  0.00000e+00  0.00000e+00
      1294.28  0.00000e+00  0.00000e+00
      1294.62  0.00000e+00  0.00000e+00
      1294.95  0.00000e+00  0.00000e+00
      1295.29  0.00000e+00  0.00000e+00
      1295.62  0.00000e+00  0.00000e+00
      1295.96  0.00000e+00  0.00000e+00
      1296.29  0.00000e+00  0.00000e+00
      1296.63  1.92600e-08  3.89610e-11
      1296.97  1.92600e-08  3.89610e-11
      1297.30  1.92600e-08  3.89610e-11
      1297.64  1.92600e-08  3.89610e-11
      1297.98  1.92600e-08  3.89610e-11
      1298.31  0.00000e+00  0.00000e+00
      1298.65  0.00000e+00  0.00000e+00
      1298.99  0.00000e+00  0.00000e+00
      1299.33  0.00000e+00  0.00000e+00
      1299.66  0.00000e+00  0.00000e+00
      1300.00  0.00000e+00  0.00000e+00
      1300.34  0.00000e+00  0.00000e+00
      1300.68  0.00000e+00  0.00000e+00
      1301.02  0.00000e+00  0.00000e+00
      1301.35  0.00000e+00  0.00000e+00
      1301.69  0.00000e+00  0.00000e+00
      1302.03  0.00000e+00  0.00000e+00
      1302.37  0.00000e+00  0.00000e+00
      1302.71  0.00000e+00  0.00000e+00
      1303.05  0.00000e+00  0.00000e+00
      1303.39  0.00000e+00  0.00000e+00
      1303.73  2.55271e-08  4.66675e-11
      1304.07  2.55271e-08  4.66675e-11
      1304.41  2.55271e-08  4.66675e-11
      1304.75  2.55271e-08  4.66675e-11
      1305.09  2.55271e-08  4.66675e-11
      1305.43  0.00000e+00  0.00000e+00
      1305.77  0.00000e+00  0.00000e+00
      1306.11  0.00000e+00  0.00000e+00
      1306.46  0.00000e+00  0.00000e+00
      1306.80  0.00000e+00  0.00000e+00
      1307.14  0.00000e+00  0.00000e+00
      1307.48  0.00000e+00  0.00000e+00
      1307.82  0.00000e+00  0.00000e+00
      1308.16  0.00000e+00  0.00000e+00
      1308.51  0.00000e+00  0.00000e+00
      1308.85  0.00000e+00  0.00000e+00
      1309.19  0.00000e+00  0.00000e+00
      1309.53  0.00000e+00  0.00000e+00
      1309.88  0.00000e+00  0.00000e+00
      1310.22  4.68859e-09  2.28152e-11
      1310.56  4.68859e-09  2.28152e-11
      1310.91  4.68859e-09  2.28152e-11
      1311.25  4.68859e-09  2.28152e-11
      1311.60  4.68859e-09  2.28152e-11
      1311.94  0.00000e+00  0.00000e+00
      1312.28  0.00000e+00  0.00000e+00
      1312.63  0.00000e+00  0.00000e+00
      1312.97  0.00000e+00  0.00000e+00
      1313.32  0.00000e+00  0.00000e+00
      1313.66  0.00000e+00  0.00000e+00
      1314.01  0.00000e+00  0.00000e+00
      1314.35  0.00000e+00  0.00000e+00
      1314.70  0.00000e+00  0.00000e+00
      1315.05  0.00000e+00  0.00000e+00
      1315.39  0.00000e+00  0.00000e+00
      1315.74  0.00000e+00  0.00000e+00
      1316.08  0.00000e+00  0.00000e+00
      1316.43  1.54053e-08  3.83410e-11
      1316.78  1.54053e-08  3.83410e-11
      1317.12  1.54053e-08  3.83410e-11
      1317.47  1.54053e-08  3.83410e-11
      1317.82  1.54053e-08  3.83410e-11
      1318.17  0.00000e+00  0.00000e+00
      1318.51  0.00000e+00  0.00000e+00
      1318.86  0.00000e+00  0.00000e+00
      1319.21  0.00000e+00  0.00000e+00
      1319.56  0.00000e+00  0.00000e+00
      1319.91  0.00000e+00  0.00000e+00
      1320.25  0.00000e+00  0.00000e+00
      1320.60  0.00000e+00  0.00000e+00
      1320.95  0.00000e+00  0.00000e+00
      1321.30  0.00000e+00  0.00000e+00
      1321.65  0.00000e+00  0.00000e+00
      1322.00  0.00000e+00  0.00000e+00
      1322.35  0.00000e+00  0.00000e+00
      1322.70  0.00000e+00  0.00000e+00
      1323.05  0.00000e+00  0.00000e+00
      1323.40  0.00000e+00  0.00000e+00
      1323.75  0.00000e+00  0.00000e+00
      1324.10  0.00000e+00  0.00000e+00
      1324.45  0.00000e+00  0.00000e+00
      1324.80  0.00000e+00  0.00000e+00
      