227
      1249.95  1.09240e-08  1.75259e-11
      1250.27  5.34284e-09  1.25241e-11
      1250.58  1.64489e-09  8.34503e-12
      1250.89  1.04200e-09  7.48068e-12
      1251.20  1.43617e-09  7.50766e-12
      1251.52  2.42090e-09  8.51622e-12
      1251.83  4.39682e-09  1.07257e-11
      1252.14  5.80643e-09  1.23762e-11
      1252.46  5.57318e-09  1.26031e-11
      1252.77  5.12689e-09  1.20443e-11
      1253.09  8.60355e-09  1.46001e-11
      1253.40  1.65874e-08  1.93090e-11
      1253.71  2.08008e-08  2.13941e-11
      1254.03  1.26774e-08  1.60933e-11
      1254.34  6.01838e-09  1.15338e-11
      1254.66  7.38451e-09  1.32698e-11
      1254.97  1.20972e-08  1.86539e-11
      1255.29  7.94548e-09  1.59108e-11
      1255.60  3.40031e-09  1.11344e-11
      1255.92  3.81263e-09  1.19390e-11
      1256.23  6.64934e-09  1.36059e-11
      1256.55  1.15527e-08  1.77142e-11
      1256.87  7.99974e-09  1.39353e-11
      1257.18  3.37385e-09  9.85427e-12
      1257.50  2.41198e-09  9.25136e-12
      1257.81  2.78841e-09  1.02080e-11
      1258.13  3.60919e-09  1.16276e-11
      1258.45  3.62113e-09  1.14581e-11
      1258.76  3.81609e-09  1.11591e-11
      1259.08  6.94700e-09  1.33022e-11
      1259.40  1.45010e-08  1.79416e-11
      1259.72  1.98646e-08  2.04059e-11
      1260.03  1.51553e-08  1.71508e-11
      1260.35  1.09116e-08  1.44033e-11
      1260.67  1.37915e-08  1.71588e-11
      1260.99  1.30432e-08  1.67188e-11
      1261.30  1.04389e-08  1.45524e-11
      1261.62  1.27199e-08  1.63200e-11
      1261.94  1.36450e-08  1.58875e-11
      1262.26  1.37286e-08  1.54642e-11
      1262.58  1.03861e-08  1.27092e-11
      1262.90  1.07585e-08  1.24848e-11
      1263.22  1.62067e-08  1.58822e-11
      1263.54  1.37400e-08  1.47649e-11
      1263.86  8.67183e-09  1.22169e-11
      1264.17  6.65371e-09  1.15128e-11
      1264.49  4.81557e-09  1.00138e-11
      1264.81  5.19481e-09  9.86421e-12
      1265.13  1.05408e-08  1.30857e-11
      1265.45  1.64867e-08  1.63616e-11
      1265.77  1.47502e-08  1.54743e-11
      1266.10  7.94618e-09  1.17037e-11
      1266.42  3.96215e-09  9.35234e-12
      1266.74  3.28770e-09  9.21151e-12
      1267.06  4.47904e-09  1.06417e-11
      1267.38  9.70513e-09  1.47257e-11
      1267.70  1.85736e-08  2.01925e-11
      1268.02  1.95762e-08  1.90457e-11
      1268.34  1.95265e-08  1.88995e-11
      1268.67  1.74363e-08  1.73704e-11
      1268.99  1.75574e-08  1.82601e-11
      1269.31  1.34739e-08  1.61708e-11
      1269.63  8.70633e-09  1.35410e-11
      1269.95  7.10831e-09  1.26963e-11
      1270.28  8.52267e-09  1.31312e-11
      1270.60  1.50093e-08  1.69826e-11
      1270.92  1.79012e-08  1.71198e-11
      1271.25  1.94823e-08  1.70646e-11
      1271.57  1.94455e-08  1.69367e-11
      1271.89  1.14320e-08  1.27373e-11
      1272.22  4.84034e-09  9.00702e-12
      1272.54  2.91001e-09  7.87408e-12
      1272.86  2.35080e-09  7.36651e-12
      1273.19  2.20259e-09  7.18001e-12
      1273.51  2.72340e-09  7.27045e-12
      1273.84  4.38473e-09  8.42982e-12
      1274.16  5.96777e-09  9.37754e-12
      1274.49  7.86069e-09  1.03764e-11
      1274.81  1.38829e-08  1.43049e-11
      1275.14  1.92624e-08  1.75077e-11
      1275.46  1.75210e-08  1.75693e-11
      1275.79  1.15697e-08  1.49274e-11
      1276.11  7.54404e-09  1.23110e-11
      1276.44  9.78653e-09  1.35016e-11
      1276.76  1.63183e-08  1.72472e-11
      1277.09  1.73693e-08  1.70439e-11
      1277.42  1.73733e-08  1.74351e-11
      1277.74  1.22382e-08  1.50146e-11
      1278.07  5.64695e-09  1.08598e-11
      1278.40  3.22208e-09  9.16806e-12
      1278.72  2.44215e-09  8.54191e-12
      1279.05  2.41164e-09  8.39198e-12
      1279.38  3.27717e-09  8.89190e-12
      1279.71  5.00352e-09  9.80472e-12
      1280.03  6.65913e-09  1.06886e-11
      1280.36  6.13759e-09  9.84012e-12
      1280.69  6.44185e-09  1.01145e-11
      1281.02  8.53423e-09  1.14915e-11
      1281.34  1.25897e-08  1.41252e-11
      1281.67  1.52567e-08  1.58328e-11
      1282.00  1.21079e-08  1.35979e-11
      1282.33  1.23790e-08  1.32437e-11
      1282.66  1.87930e-08  1.61694e-11
      1282.99  2.39524e-08  1.81191e-11
      1283.32  2.38525e-08  1.82179e-11
      1283.65  1.68304e-08  1.58127e-11
      1283.98  8.93720e-09  1.23040e-11
      1284.31  5.05372e-09  1.03740e-11
      1284.64  3.69723e-09  9.65318e-12
      1284.97  3.64812e-09  9.67780e-12
      1285.30  4.32138e-09  1.02501e-11
      1285.63  3.67171e-09  8.98362e-12
      1285.96  3.38449e-09  8.32103e-12
      1286.29  5.26026e-09  1.01481e-11
      1286.62  7.49082e-09  1.23600e-11
      1286.95  6.89843e-09  1.17789e-11
      1287.28  8.65838e-09  1.29477e-11
      1287.61  1.55540e-08  1.76679e-11
      1287.95  1.85231e-08  1.84578e-11
      1288.28  1.84976e-08  1.71572e-11
      1288.61  1.84051e-08  1.59399e-11
      1288.94  1.84512e-08  1.59190e-11
      1289.27  1.28777e-08  1.27961e-11
      1289.61  9.58175e-09  1.17221e-11
      1289.94  7.62644e-09  1.09869e-11
      1290.27  5.05111e-09  9.37060e-12
      1290.61  4.36878e-09  9.38505e-12
      1290.94  3.22983e-09  8.36754e-12
      1291.27  2.31711e-09  7.17242e-12
      1291.61  2.69757e-09  7.39142e-12
      1291.94  4.58166e-09  9.14020e-12
      1292.27  7.99601e-09  1.18734e-11
      1292.61  1.21020e-08  1.55937e-11
      1292.94  8.48249e-09  1.30073e-11
      1293.28  6.32477e-09  1.17859e-11
      1293.61  8.71246e-09  1.40901e-11
      1293.95  1.09512e-08  1.44698e-11
      1294.28  1.67654e-08  1.73373e-11
      1294.62  1.90066e-08  1.77296e-11
      1294.95  1.56543e-08  1.52640e-11
      1295.29  1.52064e-08  1.55518e-11
      1295.62  1.30673e-08  1.43113e-11
      1295.96  9.41443e-09  1.23226e-11
      1296.29  8.14808e-09  1.15542e-11
      1296.63  8.54390e-09  1.15728e-11
      1296.97  1.05555e-08  1.21092e-11
      1297.30  1.63126e-08  1.43898e-11
      1297.64  2.21110e-08  1.70194e-11
      1297.98  1.88416e-08  1.58503e-11
      1298.31  1.18221e-08  1.33230e-11
      1298.65  6.60000e-09  1.07484e-11
      1298.99  4.95270e-09  1.00289e-11
      1299.33  8.59861e-09  1.29928e-11
      1299.66  1.57017e-08  1.74904e-11
      1300.00  1.77416e-08  1.78787e-11
      1300.34  1.53741e-08  1.63065e-11
      1300.68  1.06063e-08  1.32451e-11
      1301.02  1.07018e-08  1.31856e-11
      1301.35  1.87597e-08  1.82454e-11
      1301.69  2.26317e-08  1.98406e-11
      1302.03  2.18424e-08  1.94478e-11
      1302.37  1.92821e-08  1.73912e-11
      1302.71  2.21297e-08  1.80749e-11
      1303.05  2.44696e-08  1.78083e-11
      1303.39  2.77155e-08  1.82647e-11
      1303.73  3.00380e-08  1.89626e-11
      1304.07  2.78921e-08  1.86167e-11
      1304.41  2.82666e-08  1.96113e-11
      1304.75  3.00880e-08  2.12842e-11
      1305.09  3.14398e-08  2.24310e-11
      1305.43  3.67639e-08  2.46177e-11
      1305.77  4.32109e-08  2.65212e-11
      1306.11  4.29382e-08  2.63144e-11
      1306.46  2.93194e-08  2.16011e-11
      1306.80  1.43313e-08  1.52606e-11
      1307.14  7.48897e-09  1.18877e-11
      1307.48  5.08709e-09  1.06861e-11
      1307.82  4.00438e-09  9.82822e-12
      1308.16  3.99014e-09  9.63769e-12
      1308.51  4.71089e-09  9.97499e-12
      1308.85  3.88785e-09  8.49469e-12
      1309.19  2.72004e-09  6.96198e-12
      1309.53  2.46359e-09  6.56803e-12
      1309.88  2.43211e-09  6.69114e-12
      1310.22  2.64949e-09  6.98812e-12
      1310.56  3.52478e-09  7.97239e-12
      1310.91  6.52592e-09  1.04546e-11
      1311.25  1.19743e-08  1.43171e-11
      1311.60  1.22198e-08  1.43785e-11
      1311.94  7.22922e-09  1.09426e-11
      1312.28  3.66953e-09  8.34035e-12
      1312.63  2.39764e-09  7.35687e-12
      1312.97  2.05032e-09  7.33871e-12
      1313.32  2.84726e-09  8.41469e-12
      1313.66  4.70098e-09  1.07716e-11
      1314.01  4.00198e-09  9.89961e-12
      1314.35  2.19344e-09  7.65551e-12
      1314.70  1.61793e-09  6.54779e-12
      1315.05  1.61014e-09  6.21204e-12
      1315.39  1.86948e-09  6.23552e-12
      1315.74  2.45580e-09  6.75599e-12
      1316.08  3.90204e-09  8.04665e-12
      1316.43  8.01154e-09  1.11848e-11
      1316.78  1.35574e-08  1.51700e-11
      1317.12  1.09534e-08  1.36457e-11
      1317.47  5.07857e-09  9.47545e-12
      1317.82  2.91098e-09  7.72157e-12
      1318.17  2.98505e-09  7.60806e-12
      1318.51  5.08937e-09  1.00432e-11
      1318.86  6.35510e-09  1.16145e-11
      1319.21  4.25163e-09  9.99699e-12
      1319.56  2.36023e-09  8.29414e-12
      1319.91  2.40553e-09  8.48700e-12
      1320.25  2.45438e-09  8.24839e-12
      1320.60  2.43534e-09  7.40915e-12
      1320.95  3.01544e-09  7.55029e-12
      1321.30  4.44234e-09  8.47248e-12
      1321.65  9.01249e-09  1.11812e-11
      1322.00  1.68848e-08  1.59756e-11
      1322.35  1.47115e-08  1.50461e-11
      1322.70  7.27915e-09  1.08766e-11
      1323.05  4.50888e-09  9.11957e-12
      1323.40  5.02944e-09  9.57815e-12
      1323.75  6.02741e-09  1.02810e-11
      1324.10  6.28286e-09  1.06239e-11
      1324.45  4.54703e-09  9.41502e-12
      1324.80  3.14167e-09  8.68774e-12
      