227
      1249.95  1.29896e-08  1.25173e-11
      1250.27  6.57449e-09  8.72489e-12
      1250.58  2.28820e-09  5.82238e-12
      1250.89  1.57405e-09  5.21742e-12
      1251.20  2.02916e-09  5.64768e-12
      1251.52  3.08423e-09  6.38903e-12
      1251.83  5.31977e-09  8.14829e-12
      1252.14  6.96471e-09  9.39044e-12
      1252.46  6.74866e-09  9.26473e-12
      1252.77  6.14859e-09  8.51426e-12
      1253.09  9.80175e-09  9.83245e-12
      1253.40  1.85232e-08  1.29012e-11
      1253.71  2.33323e-08  1.46187e-11
      1254.03  1.46423e-08  1.13676e-11
      1254.34  7.20625e-09  8.32171e-12
      1254.66  8.55233e-09  9.48883e-12
      1254.97  1.34405e-08  1.27112e-11
      1255.29  9.30733e-09  1.05325e-11
      1255.60  4.31253e-09  7.57197e-12
      1255.92  4.64628e-09  7.81029e-12
      1256.23  7.81427e-09  8.94906e-12
      1256.55  1.26332e-08  1.15818e-11
      1256.87  9.26533e-09  9.67972e-12
      1257.18  4.34297e-09  7.11034e-12
      1257.50  3.11398e-09  6.66460e-12
      1257.81  3.48428e-09  7.34593e-12
      1258.13  4.37088e-09  8.03174e-12
      1258.45  4.45623e-09  7.93694e-12
      1258.76  4.68943e-09  7.62205e-12
      1259.08  8.11135e-09  9.06793e-12
      1259.40  1.64338e-08  1.24106e-11
      1259.72  2.24617e-08  1.45931e-11
      1260.03  1.73452e-08  1.26267e-11
      1260.35  1.27252e-08  1.07522e-11
      1260.67  1.60136e-08  1.28230e-11
      1260.99  1.51379e-08  1.25207e-11
      1261.30  1.22014e-08  1.07710e-11
      1261.62  1.48522e-08  1.19019e-11
      1261.94  1.57511e-08  1.14282e-11
      1262.26  1.60837e-08  1.13043e-11
      1262.58  1.20881e-08  9.40516e-12
      1262.90  1.23223e-08  9.36919e-12
      1263.22  1.86567e-08  1.21735e-11
      1263.54  1.58749e-08  1.12111e-11
      1263.86  1.01622e-08  9.06531e-12
      1264.17  7.94024e-09  8.30847e-12
      1264.49  5.84388e-09  6.94935e-12
      1264.81  6.13488e-09  6.58813e-12
      1265.13  1.18744e-08  8.78198e-12
      1265.45  1.83884e-08  1.10378e-11
      1265.77  1.67081e-08  1.06705e-11
      1266.10  9.32700e-09  8.13400e-12
      1266.42  4.85197e-09  6.53081e-12
      1266.74  4.06843e-09  6.34620e-12
      1267.06  5.42675e-09  7.01138e-12
      1267.38  1.10404e-08  9.30154e-12
      1267.70  1.99748e-08  1.26175e-11
      1268.02  2.18260e-08  1.25932e-11
      1268.34  2.14787e-08  1.25622e-11
      1268.67  1.97570e-08  1.20836e-11
      1268.99  1.94346e-08  1.27041e-11
      1269.31  1.54280e-08  1.17221e-11
      1269.63  1.03133e-08  9.82582e-12
      1269.95  8.54280e-09  9.06307e-12
      1270.28  1.02432e-08  9.36093e-12
      1270.60  1.67876e-08  1.18071e-11
      1270.92  2.03231e-08  1.23730e-11
      1271.25  2.21564e-08  1.26445e-11
      1271.57  2.19416e-08  1.28573e-11
      1271.89  1.35462e-08  1.01914e-11
      1272.22  6.16793e-09  7.28554e-12
      1272.54  3.80658e-09  6.26437e-12
      1272.86  3.10352e-09  5.78711e-12
      1273.19  2.89915e-09  5.42769e-12
      1273.51  3.44973e-09  5.32668e-12
      1273.84  5.26898e-09  6.12351e-12
      1274.16  7.00652e-09  6.75094e-12
      1274.49  8.96824e-09  7.34567e-12
      1274.81  1.55134e-08  9.96712e-12
      1275.14  2.14635e-08  1.21427e-11
      1275.46  1.96070e-08  1.18897e-11
      1275.79  1.31273e-08  9.79010e-12
      1276.11  8.67310e-09  7.81164e-12
      1276.44  1.08596e-08  8.52064e-12
      1276.76  1.82293e-08  1.11846e-11
      1277.09  1.92088e-08  1.10079e-11
      1277.42  1.94491e-08  1.16383e-11
      1277.74  1.39982e-08  1.03077e-11
      1278.07  6.66136e-09  7.49347e-12
      1278.40  4.00555e-09  6.51136e-12
      1278.72  3.12761e-09  6.12093e-12
      1279.05  3.07600e-09  5.89721e-12
      1279.38  4.06034e-09  6.28014e-12
      1279.71  6.01065e-09  7.00640e-12
      1280.03  7.99425e-09  8.07335e-12
      1280.36  7.34722e-09  7.53410e-12
      1280.69  7.66239e-09  7.93790e-12
      1281.02  9.94483e-09  9.13758e-12
      1281.34  1.43675e-08  1.10863e-11
      1281.67  1.75570e-08  1.24887e-11
      1282.00  1.37765e-08  1.03162e-11
      1282.33  1.37924e-08  9.58036e-12
      1282.66  2.09902e-08  1.15457e-11
      1282.99  2.65265e-08  1.26487e-11
      1283.32  2.65617e-08  1.28321e-11
      1283.65  1.89442e-08  1.10270e-11
      1283.98  1.01842e-08  8.38633e-12
      1284.31  5.93994e-09  6.89623e-12
      1284.64  4.45309e-09  6.20093e-12
      1284.97  4.37594e-09  6.01239e-12
      1285.30  5.17555e-09  6.50390e-12
      1285.63  4.44497e-09  5.79719e-12
      1285.96  4.09058e-09  5.51670e-12
      1286.29  6.16506e-09  6.86792e-12
      1286.62  8.70980e-09  8.65138e-12
      1286.95  8.13378e-09  8.46519e-12
      1287.28  1.00259e-08  9.38216e-12
      1287.61  1.75531e-08  1.27764e-11
      1287.95  2.09293e-08  1.34601e-11
      1288.28  2.09423e-08  1.29506e-11
      1288.61  2.08793e-08  1.22939e-11
      1288.94  2.07910e-08  1.24297e-11
      1289.27  1.49572e-08  1.04175e-11
      1289.61  1.11182e-08  9.39609e-12
      1289.94  8.95928e-09  8.75399e-12
      1290.27  6.14444e-09  7.39429e-12
      1290.61  5.18759e-09  6.88498e-12
      1290.94  3.97997e-09  5.90275e-12
      1291.27  2.95388e-09  4.92215e-12
      1291.61  3.38661e-09  4.87564e-12
      1291.94  5.45490e-09  5.92247e-12
      1292.27  9.17075e-09  7.67476e-12
      1292.61  1.30364e-08  9.70502e-12
      1292.94  9.90742e-09  8.56326e-12
      1293.28  7.62544e-09  7.79037e-12
      1293.61  9.95975e-09  8.98557e-12
      1293.95  1.27188e-08  9.63502e-12
      1294.28  1.86510e-08  1.15122e-11
      1294.62  2.12287e-08  1.22088e-11
      1294.95  1.81171e-08  1.12687e-11
      1295.29  1.73640e-08  1.16504e-11
      1295.62  1.51137e-08  1.13003e-11
      1295.96  1.11346e-08  9.98876e-12
      1296.29  9.65087e-09  9.35942e-12
      1296.63  1.00062e-08  9.19697e-12
      1296.97  1.21381e-08  9.43741e-12
      1297.30  1.81762e-08  1.10271e-11
      1297.64  2.43382e-08  1.28269e-11
      1297.98  2.10639e-08  1.17299e-11
      1298.31  1.35286e-08  9.51708e-12
      1298.65  7.74937e-09  7.44825e-12
      1298.99  5.81283e-09  6.52190e-12
      1299.33  9.67738e-09  8.17325e-12
      1299.66  1.74809e-08  1.09221e-11
      1300.00  1.97986e-08  1.11626e-11
      1300.34  1.74176e-08  1.04339e-11
      1300.68  1.20439e-08  8.56734e-12
      1301.02  1.20971e-08  8.68524e-12
      1301.35  2.12306e-08  1.27671e-11
      1301.69  2.54003e-08  1.40807e-11
      1302.03  2.46618e-08  1.43502e-11
      1302.37  2.16418e-08  1.30191e-11
      1302.71  2.49342e-08  1.40407e-11
      1303.05  2.71246e-08  1.38578e-11
      1303.39  3.06931e-08  1.46595e-11
      1303.73  3.28715e-08  1.53955e-11
      1304.07  3.05987e-08  1.46985e-11
      1304.41  3.10160e-08  1.52238e-11
      1304.75  3.27770e-08  1.57223e-11
      1305.09  3.40993e-08  1.56727e-11
      1305.43  3.96883e-08  1.63327e-11
      1305.77  4.64511e-08  1.69699e-11
      1306.11  4.62794e-08  1.66318e-11
      1306.46  3.20493e-08  1.35566e-11
      1306.80  1.62736e-08  9.74346e-12
      1307.14  8.82002e-09  7.69881e-12
      1307.48  6.08903e-09  6.94757e-12
      1307.82  4.88546e-09  6.54557e-12
      1308.16  4.89698e-09  6.60061e-12
      1308.51  5.73083e-09  7.04826e-12
      1308.85  4.77152e-09  6.29254e-12
      1309.19  3.44072e-09  5.42622e-12
      1309.53  3.14067e-09  5.37196e-12
      1309.88  3.07726e-09  5.50110e-12
      1310.22  3.27523e-09  5.79917e-12
      1310.56  4.19082e-09  6.41988e-12
      1310.91  7.29521e-09  8.11663e-12
      1311.25  1.35614e-08  1.06865e-11
      1311.60  1.37808e-08  1.00521e-11
      1311.94  8.24037e-09  7.37037e-12
      1312.28  4.33727e-09  5.46526e-12
      1312.63  2.98091e-09  4.80054e-12
      1312.97  2.55784e-09  4.68005e-12
      1313.32  3.39762e-09  5.40604e-12
      1313.66  5.74591e-09  7.17565e-12
      1314.01  4.84693e-09  6.54465e-12
      1314.35  2.78271e-09  5.15166e-12
      1314.70  2.15659e-09  4.62389e-12
      1315.05  2.14003e-09  4.64622e-12
      1315.39  2.41766e-09  4.80570e-12
      1315.74  3.05136e-09  5.53500e-12
      1316.08  4.57870e-09  6.65061e-12
      1316.43  9.03029e-09  8.97554e-12
      1316.78  1.52076e-08  1.18547e-11
      1317.12  1.22401e-08  1.02185e-11
      1317.47  5.97341e-09  6.88115e-12
      1317.82  3.54495e-09  5.29189e-12
      1318.17  3.60647e-09  5.20548e-12
      1318.51  5.90926e-09  6.55256e-12
      1318.86  7.36130e-09  7.57460e-12
      1319.21  5.06337e-09  6.62644e-12
      1319.56  2.96506e-09  5.35612e-12
      1319.91  2.99890e-09  5.57026e-12
      1320.25  3.08157e-09  5.43789e-12
      1320.60  3.09210e-09  5.14934e-12
      1320.95  3.74084e-09  5.49689e-12
      1321.30  5.30063e-09  6.39880e-12
      1321.65  1.01833e-08  8.81795e-12
      1322.00  1.86946e-08  1.29062e-11
      1322.35  1.65194e-08  1.22707e-11
      1322.70  8.41463e-09  8.65772e-12
      1323.05  5.28600e-09  6.84316e-12
      1323.40  5.82718e-09  6.92064e-12
      1323.75  6.92048e-09  7.08341e-12
      1324.10  7.29393e-09  7.20098e-12
      1324.45  5.36214e-09  6.26237e-12
      1324.80  3.81624e-09  5.64325e-12
      