227
      1249.95  1.09164e-08  1.79542e-11
      1250.27  5.32828e-09  1.28532e-11
      1250.58  1.63206e-09  8.47654e-12
      1250.89  1.03300e-09  7.82709e-12
      1251.20  1.42750e-09  7.53989e-12
      1251.52  2.40554e-09  8.46916e-12
      1251.83  4.38406e-09  1.06190e-11
      1252.14  5.80865e-09  1.21685e-11
      1252.46  5.57178e-09  1.22086e-11
      1252.77  5.12232e-09  1.15083e-11
      1253.09  8.60108e-09  1.38553e-11
      1253.40  1.65962e-08  1.80791e-11
      1253.71  2.08026e-08  1.98041e-11
      1254.03  1.26845e-08  1.47805e-11
      1254.34  6.01488e-09  1.05934e-11
      1254.66  7.38340e-09  1.20011e-11
      1254.97  1.21090e-08  1.65799e-11
      1255.29  7.95512e-09  1.37484e-11
      1255.60  3.38769e-09  9.94590e-12
      1255.92  3.81341e-09  1.06451e-11
      1256.23  6.65021e-09  1.24317e-11
      1256.55  1.15257e-08  1.61238e-11
      1256.87  8.00016e-09  1.28935e-11
      1257.18  3.38202e-09  9.26016e-12
      1257.50  2.40842e-09  8.72615e-12
      1257.81  2.78179e-09  9.55076e-12
      1258.13  3.60851e-09  1.10934e-11
      1258.45  3.60591e-09  1.10009e-11
      1258.76  3.80052e-09  1.09162e-11
      1259.08  6.93121e-09  1.30204e-11
      1259.40  1.44851e-08  1.78110e-11
      1259.72  1.98411e-08  2.02440e-11
      1260.03  1.51246e-08  1.70681e-11
      1260.35  1.08884e-08  1.44298e-11
      1260.67  1.37686e-08  1.72492e-11
      1260.99  1.30517e-08  1.69225e-11
      1261.30  1.04470e-08  1.49967e-11
      1261.62  1.27176e-08  1.67142e-11
      1261.94  1.36347e-08  1.62566e-11
      1262.26  1.37097e-08  1.58023e-11
      1262.58  1.03595e-08  1.29796e-11
      1262.90  1.07375e-08  1.27279e-11
      1263.22  1.61806e-08  1.61274e-11
      1263.54  1.37560e-08  1.48983e-11
      1263.86  8.68684e-09  1.21629e-11
      1264.17  6.65746e-09  1.12208e-11
      1264.49  4.80530e-09  9.66529e-12
      1264.81  5.18232e-09  9.32154e-12
      1265.13  1.05274e-08  1.22336e-11
      1265.45  1.64681e-08  1.50258e-11
      1265.77  1.47324e-08  1.42233e-11
      1266.10  7.94138e-09  1.07254e-11
      1266.42  3.95565e-09  8.46403e-12
      1266.74  3.29316e-09  8.42381e-12
      1267.06  4.35370e-09  9.83908e-12
      1267.38  8.79329e-09  1.24790e-11
      1267.70  1.97345e-08  2.09863e-11
      1268.02  1.96094e-08  1.78912e-11
      1268.34  1.95012e-08  1.78462e-11
      1268.67  1.74232e-08  1.65389e-11
      1268.99  1.75626e-08  1.76575e-11
      1269.31  1.34722e-08  1.57752e-11
      1269.63  8.71116e-09  1.34006e-11
      1269.95  7.08880e-09  1.25639e-11
      1270.28  8.51379e-09  1.30654e-11
      1270.60  1.50237e-08  1.72313e-11
      1270.92  1.78778e-08  1.74997e-11
      1271.25  1.94527e-08  1.75746e-11
      1271.57  1.94101e-08  1.74509e-11
      1271.89  1.14218e-08  1.31934e-11
      1272.22  4.84891e-09  9.25917e-12
      1272.54  2.91199e-09  8.03743e-12
      1272.86  2.35314e-09  7.62898e-12
      1273.19  2.19680e-09  7.40939e-12
      1273.51  2.72450e-09  7.35394e-12
      1273.84  4.38404e-09  8.26176e-12
      1274.16  5.96224e-09  9.01110e-12
      1274.49  7.84866e-09  9.75715e-12
      1274.81  1.38954e-08  1.32292e-11
      1275.14  1.92620e-08  1.60322e-11
      1275.46  1.74797e-08  1.58663e-11
      1275.79  1.15346e-08  1.34897e-11
      1276.11  7.53918e-09  1.12105e-11
      1276.44  9.77544e-09  1.22322e-11
      1276.76  1.63244e-08  1.57009e-11
      1277.09  1.73470e-08  1.56179e-11
      1277.42  1.73765e-08  1.62026e-11
      1277.74  1.22384e-08  1.40266e-11
      1278.07  5.63195e-09  1.02054e-11
      1278.40  3.20808e-09  8.93370e-12
      1278.72  2.43388e-09  8.48139e-12
      1279.05  2.40189e-09  8.36182e-12
      1279.38  3.26956e-09  8.86065e-12
      1279.71  4.98371e-09  9.88379e-12
      1280.03  6.62539e-09  1.09985e-11
      1280.36  6.10551e-09  1.01227e-11
      1280.69  6.42926e-09  1.02945e-11
      1281.02  8.53000e-09  1.18015e-11
      1281.34  1.25610e-08  1.44443e-11
      1281.67  1.52309e-08  1.59964e-11
      1282.00  1.20773e-08  1.35591e-11
      1282.33  1.23393e-08  1.29809e-11
      1282.66  1.87987e-08  1.54725e-11
      1282.99  2.39488e-08  1.69667e-11
      1283.32  2.38439e-08  1.68379e-11
      1283.65  1.68505e-08  1.45494e-11
      1283.98  8.94500e-09  1.13112e-11
      1284.31  5.05918e-09  9.61713e-12
      1284.64  3.67714e-09  8.91186e-12
      1284.97  3.63057e-09  8.88184e-12
      1285.30  4.32139e-09  9.49035e-12
      1285.63  3.67498e-09  8.49668e-12
      1285.96  3.38453e-09  7.98123e-12
      1286.29  5.25066e-09  9.81196e-12
      1286.62  7.48518e-09  1.21408e-11
      1286.95  6.90291e-09  1.16356e-11
      1287.28  8.67867e-09  1.29740e-11
      1287.61  1.55594e-08  1.80723e-11
      1287.95  1.85223e-08  1.90652e-11
      1288.28  1.84997e-08  1.77810e-11
      1288.61  1.84011e-08  1.65304e-11
      1288.94  1.84314e-08  1.64533e-11
      1289.27  1.28710e-08  1.31284e-11
      1289.61  9.56401e-09  1.18186e-11
      1289.94  7.61653e-09  1.08819e-11
      1290.27  5.03888e-09  9.10202e-12
      1290.61  4.34651e-09  8.87085e-12
      1290.94  3.22563e-09  7.75205e-12
      1291.27  2.31890e-09  6.58814e-12
      1291.61  2.69595e-09  6.63408e-12
      1291.94  4.58038e-09  8.26992e-12
      1292.27  7.99118e-09  1.07407e-11
      1292.61  1.20525e-08  1.42285e-11
      1292.94  8.45980e-09  1.19746e-11
      1293.28  6.30982e-09  1.10838e-11
      1293.61  8.67503e-09  1.34348e-11
      1293.95  1.09524e-08  1.40369e-11
      1294.28  1.67414e-08  1.70376e-11
      1294.62  1.89566e-08  1.75942e-11
      1294.95  1.56400e-08  1.53644e-11
      1295.29  1.51804e-08  1.57031e-11
      1295.62  1.30412e-08  1.47021e-11
      1295.96  9.39448e-09  1.26695e-11
      1296.29  8.14930e-09  1.18416e-11
      1296.63  8.54975e-09  1.17827e-11
      1296.97  1.05442e-08  1.21297e-11
      1297.30  1.62861e-08  1.41030e-11
      1297.64  2.20787e-08  1.62540e-11
      1297.98  1.88411e-08  1.48860e-11
      1298.31  1.18285e-08  1.23028e-11
      1298.65  6.61892e-09  9.87942e-12
      1298.99  4.96570e-09  9.12136e-12
      1299.33  8.60441e-09  1.18447e-11
      1299.66  1.57207e-08  1.61268e-11
      1300.00  1.77677e-08  1.67375e-11
      1300.34  1.54208e-08  1.59090e-11
      1300.68  1.05414e-08  1.30366e-11
      1301.02  1.07090e-08  1.29807e-11
      1301.35  1.87857e-08  1.81841e-11
      1301.69  2.26138e-08  2.00773e-11
      1302.03  2.18150e-08  1.98567e-11
      1302.37  1.92678e-08  1.79608e-11
      1302.71  2.21040e-08  1.87316e-11
      1303.05  2.44481e-08  1.84129e-11
      1303.39  2.76951e-08  1.86973e-11
      1303.73  3.00052e-08  1.90731e-11
      1304.07  2.78704e-08  1.82571e-11
      1304.41  2.82363e-08  1.86425e-11
      1304.75  3.00771e-08  1.97444e-11
      1305.09  3.14516e-08  2.04389e-11
      1305.43  3.67476e-08  2.22332e-11
      1305.77  4.31825e-08  2.39827e-11
      1306.11  4.28670e-08  2.38559e-11
      1306.46  2.92463e-08  1.97682e-11
      1306.80  1.43001e-08  1.41800e-11
      1307.14  7.46141e-09  1.11851e-11
      1307.48  5.07939e-09  1.03438e-11
      1307.82  3.99784e-09  9.76987e-12
      1308.16  3.97600e-09  9.56843e-12
      1308.51  4.70276e-09  1.00472e-11
      1308.85  3.87817e-09  8.68893e-12
      1309.19  2.70800e-09  7.07490e-12
      1309.53  2.46296e-09  6.73673e-12
      1309.88  2.42989e-09  6.76347e-12
      1310.22  2.63514e-09  6.98844e-12
      1310.56  3.51667e-09  7.73602e-12
      1310.91  6.52237e-09  9.93356e-12
      1311.25  1.19732e-08  1.32816e-11
      1311.60  1.22199e-08  1.31501e-11
      1311.94  7.20409e-09  1.00234e-11
      1312.28  3.66374e-09  7.69856e-12
      1312.63  2.42341e-09  6.92850e-12
      1312.97  2.06259e-09  6.90699e-12
      1313.32  2.84687e-09  8.21799e-12
      1313.66  4.71655e-09  1.05109e-11
      1314.01  3.99967e-09  9.83041e-12
      1314.35  2.17784e-09  7.65206e-12
      1314.70  1.60277e-09  6.61704e-12
      1315.05  1.60408e-09  6.42616e-12
      1315.39  1.86717e-09  6.47091e-12
      1315.74  2.44595e-09  6.99031e-12
      1316.08  3.88520e-09  8.13404e-12
      1316.43  7.99080e-09  1.11012e-11
      1316.78  1.35571e-08  1.46138e-11
      1317.12  1.09292e-08  1.27976e-11
      1317.47  5.06639e-09  8.69059e-12
      1317.82  2.90575e-09  6.98709e-12
      1318.17  2.98108e-09  6.95761e-12
      1318.51  5.08510e-09  9.10663e-12
      1318.86  6.37009e-09  1.06861e-11
      1319.21  4.24149e-09  9.30126e-12
      1319.56  2.35788e-09  8.00731e-12
      1319.91  2.39715e-09  8.36192e-12
      1320.25  2.43106e-09  8.07299e-12
      1320.60  2.42374e-09  7.47092e-12
      1320.95  3.00754e-09  7.62531e-12
      1321.30  4.43239e-09  8.62409e-12
      1321.65  9.00963e-09  1.13856e-11
      1322.00  1.68637e-08  1.62936e-11
      1322.35  1.46717e-08  1.49885e-11
      1322.70  7.27637e-09  1.04730e-11
      1323.05  4.50829e-09  8.59263e-12
      1323.40  5.02042e-09  8.82872e-12
      1323.75  6.02310e-09  9.37373e-12
      1324.10  6.27749e-09  9.66240e-12
      1324.45  4.54185e-09  8.64866e-12
      1324.80  3.13418e-09  8.10746e-12
      