227
      1249.95  1.09354e-08  1.74533e-11
      1250.27  5.36124e-09  1.25740e-11
      1250.58  1.64243e-09  8.42329e-12
      1250.89  1.04625e-09  8.03014e-12
      1251.20  1.43476e-09  7.85060e-12
      1251.52  2.42936e-09  8.92804e-12
      1251.83  4.41723e-09  1.14300e-11
      1252.14  5.83734e-09  1.31591e-11
      1252.46  5.61721e-09  1.34402e-11
      1252.77  5.16959e-09  1.28984e-11
      1253.09  8.65722e-09  1.56053e-11
      1253.40  1.66602e-08  2.07901e-11
      1253.71  2.08539e-08  2.29930e-11
      1254.03  1.27400e-08  1.72163e-11
      1254.34  6.05658e-09  1.24083e-11
      1254.66  7.42423e-09  1.41073e-11
      1254.97  1.21211e-08  1.90336e-11
      1255.29  7.94753e-09  1.56559e-11
      1255.60  3.40072e-09  1.13684e-11
      1255.92  3.81141e-09  1.23419e-11
      1256.23  6.65088e-09  1.39252e-11
      1256.55  1.15544e-08  1.80104e-11
      1256.87  7.99298e-09  1.43516e-11
      1257.18  3.37459e-09  1.01462e-11
      1257.50  2.43017e-09  9.52512e-12
      1257.81  2.81214e-09  1.00406e-11
      1258.13  3.62958e-09  1.15725e-11
      1258.45  3.63791e-09  1.12811e-11
      1258.76  3.80641e-09  1.10011e-11
      1259.08  6.95772e-09  1.30398e-11
      1259.40  1.45386e-08  1.72851e-11
      1259.72  1.99458e-08  1.96100e-11
      1260.03  1.52130e-08  1.63120e-11
      1260.35  1.09484e-08  1.36878e-11
      1260.67  1.38383e-08  1.63337e-11
      1260.99  1.30592e-08  1.58942e-11
      1261.30  1.04536e-08  1.39970e-11
      1261.62  1.27495e-08  1.58306e-11
      1261.94  1.36605e-08  1.55029e-11
      1262.26  1.37419e-08  1.53109e-11
      1262.58  1.04021e-08  1.27013e-11
      1262.90  1.07693e-08  1.26808e-11
      1263.22  1.62451e-08  1.63276e-11
      1263.54  1.37445e-08  1.52951e-11
      1263.86  8.66467e-09  1.28338e-11
      1264.17  6.65915e-09  1.23081e-11
      1264.49  4.81548e-09  1.06874e-11
      1264.81  5.22415e-09  1.05334e-11
      1265.13  1.06199e-08  1.42008e-11
      1265.45  1.65829e-08  1.77646e-11
      1265.77  1.48254e-08  1.66568e-11
      1266.10  7.98184e-09  1.25739e-11
      1266.42  3.99127e-09  9.87324e-12
      1266.74  3.31276e-09  9.81205e-12
      1267.06  4.51278e-09  1.10904e-11
      1267.38  9.79376e-09  1.49345e-11
      1267.70  1.85261e-08  2.06000e-11
      1268.02  1.96532e-08  1.95147e-11
      1268.34  1.96233e-08  1.91590e-11
      1268.67  1.75202e-08  1.74306e-11
      1268.99  1.76178e-08  1.82746e-11
      1269.31  1.35154e-08  1.59560e-11
      1269.63  8.72599e-09  1.32011e-11
      1269.95  7.15092e-09  1.24102e-11
      1270.28  8.55560e-09  1.27481e-11
      1270.60  1.50783e-08  1.63348e-11
      1270.92  1.79712e-08  1.63975e-11
      1271.25  1.95183e-08  1.63483e-11
      1271.57  1.94939e-08  1.63139e-11
      1271.89  1.14622e-08  1.23873e-11
      1272.22  4.85300e-09  8.84766e-12
      1272.54  2.92480e-09  7.94983e-12
      1272.86  2.35938e-09  7.51438e-12
      1273.19  2.21285e-09  7.39632e-12
      1273.51  2.72240e-09  7.53109e-12
      1273.84  4.38736e-09  8.96392e-12
      1274.16  5.98137e-09  1.00653e-11
      1274.49  7.89122e-09  1.11333e-11
      1274.81  1.39525e-08  1.54143e-11
      1275.14  1.93576e-08  1.88925e-11
      1275.46  1.75893e-08  1.89083e-11
      1275.79  1.16003e-08  1.57254e-11
      1276.11  7.58429e-09  1.28736e-11
      1276.44  9.82621e-09  1.39473e-11
      1276.76  1.63606e-08  1.77159e-11
      1277.09  1.74133e-08  1.73513e-11
      1277.42  1.74066e-08  1.75386e-11
      1277.74  1.22783e-08  1.49382e-11
      1278.07  5.67534e-09  1.05953e-11
      1278.40  3.24370e-09  8.95729e-12
      1278.72  2.44883e-09  8.36287e-12
      1279.05  2.41051e-09  8.13943e-12
      1279.38  3.26755e-09  8.46457e-12
      1279.71  5.01849e-09  9.30209e-12
      1280.03  6.67613e-09  1.01704e-11
      1280.36  6.14380e-09  9.40157e-12
      1280.69  6.45592e-09  9.83974e-12
      1281.02  8.55038e-09  1.14063e-11
      1281.34  1.26106e-08  1.42734e-11
      1281.67  1.52806e-08  1.62822e-11
      1282.00  1.21474e-08  1.42728e-11
      1282.33  1.24424e-08  1.41431e-11
      1282.66  1.89118e-08  1.72717e-11
      1282.99  2.40297e-08  1.94084e-11
      1283.32  2.39349e-08  1.96920e-11
      1283.65  1.69193e-08  1.72419e-11
      1283.98  8.99254e-09  1.32413e-11
      1284.31  5.10227e-09  1.12478e-11
      1284.64  3.73789e-09  1.02842e-11
      1284.97  3.67673e-09  1.00852e-11
      1285.30  4.35379e-09  1.05303e-11
      1285.63  3.69307e-09  9.12854e-12
      1285.96  3.40528e-09  8.38641e-12
      1286.29  5.27853e-09  1.00671e-11
      1286.62  7.50748e-09  1.20546e-11
      1286.95  6.94394e-09  1.15425e-11
      1287.28  8.69736e-09  1.24257e-11
      1287.61  1.56261e-08  1.69013e-11
      1287.95  1.85911e-08  1.75250e-11
      1288.28  1.85562e-08  1.65219e-11
      1288.61  1.84353e-08  1.55729e-11
      1288.94  1.84825e-08  1.58253e-11
      1289.27  1.28868e-08  1.29906e-11
      1289.61  9.59233e-09  1.21609e-11
      1289.94  7.64777e-09  1.16390e-11
      1290.27  5.06449e-09  1.00052e-11
      1290.61  4.38649e-09  1.00940e-11
      1290.94  3.24540e-09  8.86405e-12
      1291.27  2.32612e-09  7.68694e-12
      1291.61  2.71450e-09  7.72787e-12
      1291.94  4.60780e-09  9.72704e-12
      1292.27  8.01639e-09  1.22277e-11
      1292.61  1.21243e-08  1.59127e-11
      1292.94  8.48955e-09  1.31188e-11
      1293.28  6.31676e-09  1.16906e-11
      1293.61  8.73498e-09  1.38514e-11
      1293.95  1.09714e-08  1.39967e-11
      1294.28  1.67987e-08  1.66236e-11
      1294.62  1.90375e-08  1.68649e-11
      1294.95  1.56751e-08  1.44753e-11
      1295.29  1.52282e-08  1.46993e-11
      1295.62  1.31035e-08  1.37505e-11
      1295.96  9.44860e-09  1.20329e-11
      1296.29  8.16596e-09  1.15254e-11
      1296.63  8.55997e-09  1.18323e-11
      1296.97  1.05741e-08  1.26104e-11
      1297.30  1.63542e-08  1.53338e-11
      1297.64  2.22095e-08  1.83199e-11
      1297.98  1.89135e-08  1.71056e-11
      1298.31  1.18768e-08  1.43549e-11
      1298.65  6.64384e-09  1.15089e-11
      1298.99  4.97604e-09  1.05580e-11
      1299.33  8.63761e-09  1.35904e-11
      1299.66  1.57781e-08  1.80243e-11
      1300.00  1.78347e-08  1.81975e-11
      1300.34  1.54363e-08  1.63325e-11
      1300.68  1.06536e-08  1.30883e-11
      1301.02  1.07283e-08  1.29182e-11
      1301.35  1.88290e-08  1.75939e-11
      1301.69  2.26630e-08  1.89886e-11
      1302.03  2.18667e-08  1.85915e-11
      1302.37  1.93204e-08  1.67549e-11
      1302.71  2.21599e-08  1.75976e-11
      1303.05  2.44904e-08  1.76854e-11
      1303.39  2.77607e-08  1.86306e-11
      1303.73  3.00959e-08  1.97724e-11
      1304.07  2.79360e-08  1.97475e-11
      1304.41  2.83231e-08  2.09698e-11
      1304.75  3.01557e-08  2.28514e-11
      1305.09  3.14876e-08  2.39183e-11
      1305.43  3.68218e-08  2.60207e-11
      1305.77  4.32825e-08  2.76998e-11
      1306.11  4.30574e-08  2.71315e-11
      1306.46  2.94288e-08  2.20296e-11
      1306.80  1.43765e-08  1.52584e-11
      1307.14  7.50929e-09  1.15803e-11
      1307.48  5.09014e-09  1.02258e-11
      1307.82  4.01473e-09  9.26300e-12
      1308.16  3.99841e-09  9.22341e-12
      1308.51  4.71541e-09  9.42153e-12
      1308.85  3.89807e-09  8.06632e-12
      1309.19  2.72409e-09  6.71934e-12
      1309.53  2.46044e-09  6.56219e-12
      1309.88  2.43488e-09  6.86141e-12
      1310.22  2.65574e-09  7.34113e-12
      1310.56  3.53757e-09  8.57975e-12
      1310.91  6.58344e-09  1.13701e-11
      1311.25  1.20548e-08  1.55132e-11
      1311.60  1.22945e-08  1.54441e-11
      1311.94  7.26864e-09  1.17109e-11
      1312.28  3.68538e-09  8.72357e-12
      1312.63  2.41079e-09  7.72268e-12
      1312.97  2.06262e-09  7.40857e-12
      1313.32  2.85510e-09  8.42904e-12
      1313.66  4.73455e-09  1.05886e-11
      1314.01  4.04348e-09  9.68423e-12
      1314.35  2.20391e-09  7.32959e-12
      1314.70  1.63228e-09  6.31406e-12
      1315.05  1.62333e-09  5.93981e-12
      1315.39  1.86922e-09  6.07115e-12
      1315.74  2.45521e-09  6.77685e-12
      1316.08  3.92447e-09  8.32310e-12
      1316.43  8.03562e-09  1.17600e-11
      1316.78  1.36237e-08  1.62553e-11
      1317.12  1.09993e-08  1.47433e-11
      1317.47  5.09859e-09  1.01454e-11
      1317.82  2.91915e-09  8.21190e-12
      1318.17  3.00005e-09  8.04704e-12
      1318.51  5.10477e-09  1.03211e-11
      1318.86  6.39449e-09  1.17092e-11
      1319.21  4.26798e-09  9.93168e-12
      1319.56  2.35793e-09  8.15890e-12
      1319.91  2.40830e-09  8.10810e-12
      1320.25  2.46834e-09  7.85046e-12
      1320.60  2.44892e-09  7.10402e-12
      1320.95  3.01908e-09  7.22157e-12
      1321.30  4.45134e-09  8.22888e-12
      1321.65  9.04260e-09  1.12409e-11
      1322.00  1.69506e-08  1.64561e-11
      1322.35  1.47654e-08  1.58436e-11
      1322.70  7.32022e-09  1.17222e-11
      1323.05  4.52829e-09  9.94711e-12
      1323.40  5.05259e-09  1.04021e-11
      1323.75  6.04467e-09  1.10354e-11
      1324.10  6.30859e-09  1.12079e-11
      1324.45  4.57169e-09  9.64039e-12
      1324.80  3.15153e-09  8.88526e-12
      