227
      1249.95  1.16167e-08  1.25210e-11
      1250.27  5.74899e-09  8.64715e-12
      1250.58  1.90982e-09  5.81784e-12
      1250.89  1.31941e-09  5.27917e-12
      1251.20  1.73636e-09  5.57525e-12
      1251.52  2.69245e-09  6.33745e-12
      1251.83  4.74620e-09  8.18130e-12
      1252.14  6.26970e-09  9.24562e-12
      1252.46  6.06371e-09  9.12468e-12
      1252.77  5.49528e-09  8.31729e-12
      1253.09  8.90651e-09  9.62985e-12
      1253.40  1.71514e-08  1.26258e-11
      1253.71  2.18201e-08  1.42903e-11
      1254.03  1.35285e-08  1.09649e-11
      1254.34  6.50081e-09  8.03537e-12
      1254.66  7.81742e-09  9.21320e-12
      1254.97  1.26323e-08  1.23125e-11
      1255.29  8.60673e-09  1.00855e-11
      1255.60  3.86130e-09  7.11602e-12
      1255.92  4.21527e-09  7.30577e-12
      1256.23  7.15426e-09  8.50346e-12
      1256.55  1.19149e-08  1.11697e-11
      1256.87  8.56658e-09  9.21291e-12
      1257.18  3.88381e-09  6.77839e-12
      1257.50  2.79391e-09  6.46458e-12
      1257.81  3.14296e-09  7.01164e-12
      1258.13  3.98060e-09  8.03768e-12
      1258.45  4.00128e-09  7.91952e-12
      1258.76  4.13452e-09  7.49816e-12
      1259.08  7.23534e-09  8.79189e-12
      1259.40  1.49463e-08  1.20889e-11
      1259.72  2.05681e-08  1.43565e-11
      1260.03  1.56638e-08  1.26528e-11
      1260.35  1.12742e-08  1.06420e-11
      1260.67  1.43615e-08  1.28720e-11
      1260.99  1.34702e-08  1.25069e-11
      1261.30  1.07190e-08  1.06853e-11
      1261.62  1.32629e-08  1.18621e-11
      1261.94  1.40501e-08  1.13895e-11
      1262.26  1.44041e-08  1.13793e-11
      1262.58  1.07627e-08  9.44916e-12
      1262.90  1.10218e-08  9.48424e-12
      1263.22  1.69636e-08  1.23988e-11
      1263.54  1.44000e-08  1.13409e-11
      1263.86  9.16198e-09  9.18635e-12
      1264.17  7.14604e-09  8.32032e-12
      1264.49  5.23282e-09  6.89317e-12
      1264.81  5.54175e-09  6.53289e-12
      1265.13  1.09569e-08  8.67193e-12
      1265.45  1.71504e-08  1.08661e-11
      1265.77  1.55549e-08  1.03954e-11
      1266.10  8.59676e-09  7.87586e-12
      1266.42  4.41042e-09  6.23374e-12
      1266.74  3.68636e-09  6.04520e-12
      1267.06  4.93949e-09  6.69656e-12
      1267.38  1.02607e-08  8.89296e-12
      1267.70  1.88854e-08  1.20798e-11
      1268.02  2.04348e-08  1.19179e-11
      1268.34  2.01389e-08  1.20885e-11
      1268.67  1.83108e-08  1.15336e-11
      1268.99  1.80331e-08  1.22498e-11
      1269.31  1.41249e-08  1.11960e-11
      1269.63  9.30565e-09  9.44482e-12
      1269.95  7.60674e-09  8.88155e-12
      1270.28  9.13824e-09  9.11628e-12
      1270.60  1.51779e-08  1.14982e-11
      1270.92  1.83003e-08  1.21119e-11
      1271.25  1.99228e-08  1.24337e-11
      1271.57  1.97390e-08  1.27356e-11
      1271.89  1.20593e-08  1.02329e-11
      1272.22  5.38628e-09  8.25833e-12
      1272.54  3.28876e-09  6.55089e-12
      1272.86  2.68378e-09  5.84753e-12
      1273.19  2.52106e-09  5.42395e-12
      1273.51  3.04969e-09  5.39461e-12
      1273.84  4.72240e-09  6.11171e-12
      1274.16  6.34143e-09  6.75496e-12
      1274.49  8.28005e-09  7.37174e-12
      1274.81  1.44238e-08  9.94881e-12
      1275.14  2.00197e-08  1.20577e-11
      1275.46  1.83050e-08  1.16983e-11
      1275.79  1.22185e-08  9.63714e-12
      1276.11  8.04480e-09  7.67334e-12
      1276.44  1.01707e-08  8.14914e-12
      1276.76  1.69352e-08  1.05412e-11
      1277.09  1.80222e-08  1.05659e-11
      1277.42  1.80806e-08  1.10745e-11
      1277.74  1.29497e-08  9.79686e-12
      1278.07  6.09553e-09  7.20861e-12
      1278.40  3.57518e-09  6.23462e-12
      1278.72  2.75350e-09  5.78970e-12
      1279.05  2.68743e-09  5.60212e-12
      1279.38  3.54844e-09  5.96761e-12
      1279.71  5.28063e-09  6.74158e-12
      1280.03  7.01098e-09  7.76662e-12
      1280.36  6.46952e-09  7.49477e-12
      1280.69  6.73536e-09  7.85908e-12
      1281.02  8.83555e-09  9.13713e-12
      1281.34  1.28985e-08  1.10789e-11
      1281.67  1.58787e-08  1.24573e-11
      1282.00  1.26133e-08  1.04291e-11
      1282.33  1.26381e-08  9.73826e-12
      1282.66  1.94282e-08  1.16453e-11
      1282.99  2.47753e-08  1.27972e-11
      1283.32  2.49086e-08  1.29074e-11
      1283.65  1.77922e-08  1.10338e-11
      1283.98  9.48016e-09  8.31409e-12
      1284.31  5.45234e-09  6.77307e-12
      1284.64  4.07420e-09  6.13097e-12
      1284.97  3.99612e-09  5.88246e-12
      1285.30  4.74334e-09  6.26107e-12
      1285.63  4.05913e-09  5.54009e-12
      1285.96  3.67392e-09  5.25751e-12
      1286.29  5.57265e-09  6.56862e-12
      1286.62  7.91919e-09  8.30747e-12
      1286.95  7.28910e-09  8.04465e-12
      1287.28  8.94179e-09  8.92675e-12
      1287.61  1.59484e-08  1.23375e-11
      1287.95  1.89992e-08  1.29407e-11
      1288.28  1.89531e-08  1.24613e-11
      1288.61  1.88664e-08  1.19988e-11
      1288.94  1.89202e-08  1.23403e-11
      1289.27  1.34648e-08  1.02878e-11
      1289.61  1.00178e-08  9.32028e-12
      1289.94  8.07469e-09  8.77277e-12
      1290.27  5.53604e-09  7.35981e-12
      1290.61  4.73671e-09  6.99587e-12
      1290.94  3.61065e-09  5.92091e-12
      1291.27  2.68057e-09  4.92192e-12
      1291.61  3.08579e-09  4.86322e-12
      1291.94  5.00832e-09  5.89663e-12
      1292.27  8.48451e-09  7.56437e-12
      1292.61  1.21991e-08  9.60740e-12
      1292.94  9.09887e-09  8.25713e-12
      1293.28  6.92947e-09  7.46061e-12
      1293.61  9.06391e-09  8.58025e-12
      1293.95  1.15384e-08  9.19360e-12
      1294.28  1.70563e-08  1.10222e-11
      1294.62  1.93084e-08  1.16972e-11
      1294.95  1.62625e-08  1.07697e-11
      1295.29  1.55265e-08  1.11326e-11
      1295.62  1.34562e-08  1.08757e-11
      1295.96  9.89404e-09  9.64917e-12
      1296.29  8.58176e-09  9.22486e-12
      1296.63  8.95295e-09  9.13090e-12
      1296.97  1.10060e-08  9.41379e-12
      1297.30  1.67652e-08  1.10891e-11
      1297.64  2.26093e-08  1.28773e-11
      1297.98  1.96417e-08  1.18487e-11
      1298.31  1.25706e-08  9.61354e-12
      1298.65  7.17455e-09  7.54972e-12
      1298.99  5.37701e-09  6.66054e-12
      1299.33  8.98636e-09  8.23599e-12
      1299.66  1.62481e-08  1.07519e-11
      1300.00  1.84575e-08  1.09721e-11
      1300.34  1.61206e-08  1.00719e-11
      1300.68  1.10863e-08  8.25852e-12
      1301.02  1.09695e-08  8.32131e-12
      1301.35  1.93403e-08  1.21088e-11
      1301.69  2.31554e-08  1.34902e-11
      1302.03  2.24145e-08  1.37258e-11
      1302.37  1.95498e-08  1.24174e-11
      1302.71  2.27352e-08  1.35956e-11
      1303.05  2.48725e-08  1.34994e-11
      1303.39  2.84050e-08  1.43460e-11
      1303.73  3.08000e-08  1.51881e-11
      1304.07  2.85691e-08  1.46020e-11
      1304.41  2.90580e-08  1.50978e-11
      1304.75  3.09021e-08  1.58077e-11
      1305.09  3.22501e-08  1.57182e-11
      1305.43  3.77659e-08  1.65558e-11
      1305.77  4.43607e-08  1.70796e-11
      1306.11  4.41947e-08  1.66958e-11
      1306.46  3.02887e-08  1.34508e-11
      1306.80  1.50817e-08  9.54618e-12
      1307.14  7.99330e-09  7.47865e-12
      1307.48  5.42844e-09  6.65752e-12
      1307.82  4.30478e-09  6.28599e-12
      1308.16  4.27337e-09  6.26803e-12
      1308.51  4.99299e-09  6.74532e-12
      1308.85  4.17218e-09  6.01931e-12
      1309.19  3.00510e-09  5.19596e-12
      1309.53  2.73437e-09  5.19658e-12
      1309.88  2.70986e-09  5.37498e-12
      1310.22  2.92101e-09  5.68527e-12
      1310.56  3.81148e-09  6.33484e-12
      1310.91  6.84167e-09  7.94408e-12
      1311.25  1.24582e-08  1.03850e-11
      1311.60  1.28354e-08  1.01019e-11
      1311.94  7.71576e-09  7.48173e-12
      1312.28  4.02687e-09  5.51291e-12
      1312.63  2.72393e-09  4.88921e-12
      1312.97  2.31759e-09  4.73658e-12
      1313.32  3.06393e-09  5.38584e-12
      1313.66  5.11605e-09  6.93652e-12
      1314.01  4.33748e-09  6.37950e-12
      1314.35  2.41991e-09  4.94300e-12
      1314.70  1.83999e-09  4.39015e-12
      1315.05  1.83265e-09  4.36134e-12
      1315.39  2.08723e-09  4.58368e-12
      1315.74  2.68014e-09  5.28096e-12
      1316.08  4.10116e-09  6.34023e-12
      1316.43  8.26711e-09  8.71113e-12
      1316.78  1.42629e-08  1.17369e-11
      1317.12  1.14253e-08  1.00752e-11
      1317.47  5.48134e-09  6.80486e-12
      1317.82  3.22876e-09  5.31301e-12
      1318.17  3.28895e-09  5.20478e-12
      1318.51  5.44252e-09  6.52814e-12
      1318.86  6.75158e-09  7.52516e-12
      1319.21  4.58052e-09  6.41735e-12
      1319.56  2.64467e-09  5.25973e-12
      1319.91  2.65119e-09  5.37245e-12
      1320.25  2.68239e-09  5.22833e-12
      1320.60  2.66692e-09  4.91855e-12
      1320.95  3.25495e-09  5.21151e-12
      1321.30  4.69621e-09  6.09697e-12
      1321.65  9.31542e-09  8.54612e-12
      1322.00  1.72112e-08  1.24391e-11
      1322.35  1.52867e-08  1.19869e-11
      1322.70  7.80942e-09  8.63047e-12
      1323.05  4.88031e-09  6.87886e-12
      1323.40  5.35699e-09  6.83348e-12
      1323.75  6.39178e-09  7.12207e-12
      1324.10  6.73927e-09  7.30143e-12
      1324.45  4.93743e-09  6.31261e-12
      1324.80  3.45016e-09  5.67847e-12
      