227
      1249.95  1.09765e-08  1.80635e-11
      1250.27  5.38591e-09  1.31347e-11
      1250.58  1.64100e-09  8.69499e-12
      1250.89  1.04586e-09  9.37178e-12
      1251.20  1.42892e-09  8.29669e-12
      1251.52  2.42904e-09  9.51013e-12
      1251.83  4.42781e-09  1.25386e-11
      1252.14  5.87222e-09  1.40734e-11
      1252.46  5.66306e-09  1.44425e-11
      1252.77  5.19634e-09  1.37937e-11
      1253.09  8.65179e-09  1.66479e-11
      1253.40  1.67018e-08  2.17779e-11
      1253.71  2.08915e-08  2.40995e-11
      1254.03  1.27801e-08  1.80189e-11
      1254.34  6.07663e-09  1.27761e-11
      1254.66  7.44002e-09  1.45028e-11
      1254.97  1.21507e-08  1.96570e-11
      1255.29  7.98704e-09  1.59875e-11
      1255.60  3.42276e-09  1.15825e-11
      1255.92  3.83231e-09  1.22251e-11
      1256.23  6.69137e-09  1.38498e-11
      1256.55  1.16179e-08  1.77129e-11
      1256.87  8.02375e-09  1.38882e-11
      1257.18  3.39771e-09  9.65986e-12
      1257.50  2.43719e-09  9.07670e-12
      1257.81  2.81627e-09  9.50587e-12
      1258.13  3.65405e-09  1.09017e-11
      1258.45  3.67321e-09  1.07373e-11
      1258.76  3.83569e-09  1.04387e-11
      1259.08  6.96993e-09  1.23974e-11
      1259.40  1.45870e-08  1.63716e-11
      1259.72  2.00301e-08  1.86009e-11
      1260.03  1.52748e-08  1.55644e-11
      1260.35  1.09968e-08  1.31697e-11
      1260.67  1.38970e-08  1.58134e-11
      1260.99  1.31079e-08  1.55919e-11
      1261.30  1.04724e-08  1.39454e-11
      1261.62  1.28027e-08  1.59896e-11
      1261.94  1.37151e-08  1.58078e-11
      1262.26  1.37856e-08  1.57840e-11
      1262.58  1.04145e-08  1.31800e-11
      1262.90  1.07955e-08  1.32852e-11
      1263.22  1.63103e-08  1.72521e-11
      1263.54  1.38006e-08  1.61999e-11
      1263.86  8.68822e-09  1.37072e-11
      1264.17  6.67519e-09  1.30892e-11
      1264.49  4.81560e-09  1.12738e-11
      1264.81  5.22000e-09  1.10193e-11
      1265.13  1.06237e-08  1.47521e-11
      1265.45  1.65788e-08  1.81613e-11
      1265.77  1.48406e-08  1.71082e-11
      1266.10  7.99523e-09  1.27650e-11
      1266.42  3.99275e-09  9.91385e-12
      1266.74  3.32186e-09  9.71547e-12
      1267.06  4.54539e-09  1.09749e-11
      1267.38  9.84176e-09  1.47284e-11
      1267.70  1.85974e-08  1.99954e-11
      1268.02  1.97176e-08  1.87428e-11
      1268.34  1.96101e-08  1.82766e-11
      1268.67  1.75162e-08  1.65163e-11
      1268.99  1.76254e-08  1.71186e-11
      1269.31  1.35319e-08  1.49902e-11
      1269.63  8.73306e-09  1.24166e-11
      1269.95  7.16297e-09  1.16558e-11
      1270.28  8.58365e-09  1.20095e-11
      1270.60  1.51072e-08  1.55111e-11
      1270.92  1.80018e-08  1.58211e-11
      1271.25  1.95659e-08  1.60222e-11
      1271.57  1.95464e-08  1.62418e-11
      1271.89  1.14892e-08  1.25261e-11
      1272.22  4.87124e-09  9.04484e-12
      1272.54  2.94103e-09  8.31509e-12
      1272.86  2.37356e-09  8.10028e-12
      1273.19  2.23517e-09  8.08085e-12
      1273.51  2.74355e-09  8.16431e-12
      1273.84  4.40163e-09  9.65518e-12
      1274.16  5.98073e-09  1.07875e-11
      1274.49  7.90122e-09  1.17431e-11
      1274.81  1.39909e-08  1.61993e-11
      1275.14  1.93927e-08  1.96348e-11
      1275.46  1.76079e-08  1.93823e-11
      1275.79  1.16104e-08  1.61094e-11
      1276.11  7.59757e-09  1.29833e-11
      1276.44  9.83614e-09  1.39077e-11
      1276.76  1.64023e-08  1.74061e-11
      1277.09  1.74900e-08  1.69198e-11
      1277.42  1.74553e-08  1.68264e-11
      1277.74  1.23250e-08  1.43218e-11
      1278.07  5.70923e-09  1.00895e-11
      1278.40  3.26207e-09  8.54462e-12
      1278.72  2.45549e-09  7.88579e-12
      1279.05  2.41523e-09  7.79242e-12
      1279.38  3.27503e-09  8.09793e-12
      1279.71  5.03681e-09  8.99873e-12
      1280.03  6.69752e-09  9.99165e-12
      1280.36  6.15481e-09  9.34491e-12
      1280.69  6.48541e-09  1.00033e-11
      1281.02  8.59387e-09  1.18358e-11
      1281.34  1.26345e-08  1.49855e-11
      1281.67  1.52805e-08  1.71832e-11
      1282.00  1.21536e-08  1.51028e-11
      1282.33  1.24512e-08  1.49190e-11
      1282.66  1.89332e-08  1.82224e-11
      1282.99  2.40533e-08  2.02564e-11
      1283.32  2.39704e-08  2.04778e-11
      1283.65  1.69794e-08  1.77291e-11
      1283.98  9.02675e-09  1.35471e-11
      1284.31  5.10544e-09  1.12355e-11
      1284.64  3.73109e-09  1.01989e-11
      1284.97  3.68497e-09  9.81749e-12
      1285.30  4.37046e-09  1.01367e-11
      1285.63  3.71310e-09  8.69524e-12
      1285.96  3.40718e-09  7.90284e-12
      1286.29  5.27478e-09  9.40163e-12
      1286.62  7.51707e-09  1.12690e-11
      1286.95  6.96078e-09  1.07293e-11
      1287.28  8.72787e-09  1.17492e-11
      1287.61  1.56653e-08  1.61405e-11
      1287.95  1.86345e-08  1.70203e-11
      1288.28  1.85876e-08  1.64428e-11
      1288.61  1.84852e-08  1.58798e-11
      1288.94  1.85264e-08  1.64616e-11
      1289.27  1.29119e-08  1.37329e-11
      1289.61  9.60540e-09  1.29051e-11
      1289.94  7.66086e-09  1.23686e-11
      1290.27  5.06592e-09  1.06420e-11
      1290.61  4.38202e-09  1.06937e-11
      1290.94  3.24521e-09  9.34146e-12
      1291.27  2.32986e-09  8.01918e-12
      1291.61  2.72296e-09  8.01863e-12
      1291.94  4.62226e-09  9.65633e-12
      1292.27  8.03992e-09  1.20551e-11
      1292.61  1.21814e-08  1.57007e-11
      1292.94  8.52956e-09  1.27744e-11
      1293.28  6.33466e-09  1.12870e-11
      1293.61  8.75972e-09  1.31459e-11
      1293.95  1.10029e-08  1.32766e-11
      1294.28  1.68458e-08  1.56626e-11
      1294.62  1.90873e-08  1.60117e-11
      1294.95  1.57102e-08  1.39238e-11
      1295.29  1.52541e-08  1.43523e-11
      1295.62  1.31277e-08  1.37431e-11
      1295.96  9.47671e-09  1.23141e-11
      1296.29  8.20844e-09  1.21307e-11
      1296.63  8.60808e-09  1.25764e-11
      1296.97  1.06022e-08  1.33466e-11
      1297.30  1.63762e-08  1.62239e-11
      1297.64  2.22372e-08  1.92068e-11
      1297.98  1.89371e-08  1.78904e-11
      1298.31  1.19072e-08  1.48382e-11
      1298.65  6.67484e-09  1.17663e-11
      1298.99  5.00157e-09  1.05530e-11
      1299.33  8.64874e-09  1.33362e-11
      1299.66  1.58069e-08  1.74657e-11
      1300.00  1.78603e-08  1.74253e-11
      1300.34  1.54834e-08  1.54870e-11
      1300.68  1.06733e-08  1.22945e-11
      1301.02  1.07504e-08  1.19444e-11
      1301.35  1.88776e-08  1.64588e-11
      1301.69  2.27228e-08  1.80619e-11
      1302.03  2.19117e-08  1.79839e-11
      1302.37  1.93610e-08  1.66193e-11
      1302.71  2.22039e-08  1.79469e-11
      1303.05  2.45517e-08  1.84129e-11
      1303.39  2.78410e-08  1.97452e-11
      1303.73  3.01624e-08  2.10937e-11
      1304.07  2.79975e-08  2.11066e-11
      1304.41  2.83991e-08  2.22436e-11
      1304.75  3.02389e-08  2.41148e-11
      1305.09  3.15617e-08  2.48244e-11
      1305.43  3.68927e-08  2.65929e-11
      1305.77  4.34350e-08  2.79557e-11
      1306.11  4.31735e-08  2.68451e-11
      1306.46  2.95358e-08  2.14147e-11
      1306.80  1.44574e-08  1.46968e-11
      1307.14  7.53819e-09  1.10965e-11
      1307.48  5.10417e-09  9.67038e-12
      1307.82  4.02960e-09  8.74245e-12
      1308.16  4.01590e-09  8.62208e-12
      1308.51  4.72802e-09  9.11676e-12
      1308.85  3.91032e-09  8.03115e-12
      1309.19  2.73274e-09  6.83019e-12
      1309.53  2.47183e-09  6.83342e-12
      1309.88  2.44456e-09  7.22367e-12
      1310.22  2.66279e-09  7.86719e-12
      1310.56  3.54736e-09  9.11683e-12
      1310.91  6.59067e-09  1.19225e-11
      1311.25  1.20554e-08  1.60365e-11
      1311.60  1.23170e-08  1.57371e-11
      1311.94  7.30883e-09  1.17826e-11
      1312.28  3.72181e-09  8.66322e-12
      1312.63  2.44289e-09  7.47148e-12
      1312.97  2.07512e-09  7.02764e-12
      1313.32  2.86734e-09  8.00700e-12
      1313.66  4.76352e-09  9.98684e-12
      1314.01  4.05570e-09  9.06501e-12
      1314.35  2.21416e-09  6.95273e-12
      1314.70  1.63817e-09  6.08846e-12
      1315.05  1.62741e-09  5.82290e-12
      1315.39  1.87476e-09  6.18971e-12
      1315.74  2.45910e-09  7.12480e-12
      1316.08  3.92946e-09  8.84273e-12
      1316.43  8.03693e-09  1.26185e-11
      1316.78  1.36749e-08  1.73633e-11
      1317.12  1.10380e-08  1.55328e-11
      1317.47  5.11396e-09  1.05791e-11
      1317.82  2.92221e-09  8.50663e-12
      1318.17  3.00022e-09  8.11351e-12
      1318.51  5.11100e-09  1.01916e-11
      1318.86  6.42700e-09  1.14080e-11
      1319.21  4.28614e-09  9.53381e-12
      1319.56  2.37380e-09  7.64688e-12
      1319.91  2.42798e-09  7.69543e-12
      1320.25  2.47904e-09  7.36775e-12
      1320.60  2.45686e-09  6.82181e-12
      1320.95  3.03179e-09  7.13234e-12
      1321.30  4.46252e-09  8.33730e-12
      1321.65  9.06572e-09  1.17294e-11
      1322.00  1.70033e-08  1.75092e-11
      1322.35  1.47728e-08  1.69259e-11
      1322.70  7.32090e-09  1.24064e-11
      1323.05  4.53117e-09  1.03232e-11
      1323.40  5.05478e-09  1.06364e-11
      1323.75  6.06242e-09  1.10168e-11
      1324.10  6.33979e-09  1.11002e-11
      1324.45  4.59499e-09  9.44122e-12
      1324.80  3.15452e-09  8.36349e-12
      