227
      1249.95  1.29732e-08  1.41548e-11
      1250.27  6.41474e-09  1.01453e-11
      1250.58  2.13872e-09  6.42243e-12
      1250.89  1.45559e-09  5.56863e-12
      1251.20  1.90028e-09  5.79556e-12
      1251.52  2.94145e-09  6.40547e-12
      1251.83  5.26154e-09  8.18328e-12
      1252.14  6.95389e-09  9.24954e-12
      1252.46  6.69407e-09  9.34441e-12
      1252.77  5.95830e-09  8.68439e-12
      1253.09  9.69501e-09  1.03102e-11
      1253.40  1.87189e-08  1.34813e-11
      1253.71  2.38081e-08  1.48179e-11
      1254.03  1.47181e-08  1.09970e-11
      1254.34  7.08008e-09  7.73819e-12
      1254.66  8.58572e-09  8.70616e-12
      1254.97  1.37141e-08  1.16486e-11
      1255.29  9.55114e-09  9.87177e-12
      1255.60  4.31821e-09  7.13912e-12
      1255.92  4.76458e-09  7.66250e-12
      1256.23  8.12244e-09  9.19441e-12
      1256.55  1.30807e-08  1.14332e-11
      1256.87  9.73458e-09  9.51367e-12
      1257.18  4.57363e-09  6.83515e-12
      1257.50  3.27636e-09  6.38443e-12
      1257.81  3.67557e-09  6.97125e-12
      1258.13  4.62013e-09  7.98354e-12
      1258.45  4.67248e-09  8.13978e-12
      1258.76  4.92678e-09  8.29319e-12
      1259.08  8.55770e-09  9.98201e-12
      1259.40  1.72687e-08  1.35074e-11
      1259.72  2.34832e-08  1.54634e-11
      1260.03  1.78773e-08  1.30755e-11
      1260.35  1.30432e-08  1.13262e-11
      1260.67  1.66875e-08  1.37252e-11
      1260.99  1.54857e-08  1.32548e-11
      1261.30  1.21646e-08  1.15746e-11
      1261.62  1.51494e-08  1.32838e-11
      1261.94  1.57477e-08  1.26663e-11
      1262.26  1.63477e-08  1.28456e-11
      1262.58  1.18757e-08  1.01067e-11
      1262.90  1.20220e-08  9.78039e-12
      1263.22  1.88939e-08  1.28838e-11
      1263.54  1.58859e-08  1.15672e-11
      1263.86  9.97174e-09  9.37057e-12
      1264.17  7.92459e-09  8.98702e-12
      1264.49  5.54056e-09  7.28720e-12
      1264.81  6.06688e-09  6.99814e-12
      1265.13  1.19329e-08  9.12894e-12
      1265.45  1.86536e-08  1.11135e-11
      1265.77  1.70063e-08  1.03913e-11
      1266.10  9.42365e-09  7.78958e-12
      1266.42  4.85708e-09  6.05275e-12
      1266.74  4.12530e-09  6.05072e-12
      1267.06  5.60260e-09  6.96179e-12
      1267.38  1.15144e-08  9.61536e-12
      1267.70  2.10090e-08  1.29770e-11
      1268.02  2.30328e-08  1.30234e-11
      1268.34  2.26683e-08  1.28716e-11
      1268.67  2.08344e-08  1.22255e-11
      1268.99  2.04958e-08  1.27869e-11
      1269.31  1.62725e-08  1.17515e-11
      1269.63  1.08690e-08  1.01428e-11
      1269.95  8.92980e-09  9.57960e-12
      1270.28  1.06522e-08  1.02646e-11
      1270.60  1.73830e-08  1.30075e-11
      1270.92  2.08342e-08  1.34477e-11
      1271.25  2.25724e-08  1.34768e-11
      1271.57  2.22545e-08  1.34243e-11
      1271.89  1.35152e-08  1.03210e-11
      1272.22  6.09329e-09  7.35733e-12
      1272.54  3.71728e-09  6.32532e-12
      1272.86  3.01884e-09  6.00978e-12
      1273.19  2.81393e-09  5.66863e-12
      1273.51  3.35754e-09  5.64554e-12
      1273.84  5.21661e-09  6.40227e-12
      1274.16  6.97199e-09  6.87685e-12
      1274.49  8.95550e-09  7.28107e-12
      1274.81  1.56879e-08  9.84881e-12
      1275.14  2.17911e-08  1.18740e-11
      1275.46  1.99487e-08  1.17217e-11
      1275.79  1.33768e-08  9.84632e-12
      1276.11  8.91417e-09  8.11846e-12
      1276.44  1.13561e-08  8.95936e-12
      1276.76  1.89174e-08  1.16591e-11
      1277.09  2.02060e-08  1.15046e-11
      1277.42  2.03929e-08  1.19567e-11
      1277.74  1.46746e-08  1.04526e-11
      1278.07  7.03972e-09  7.73458e-12
      1278.40  4.19758e-09  6.76314e-12
      1278.72  3.24024e-09  6.38513e-12
      1279.05  3.16998e-09  6.38946e-12
      1279.38  4.16404e-09  6.79831e-12
      1279.71  6.13233e-09  7.58487e-12
      1280.03  8.07250e-09  8.46889e-12
      1280.36  7.41767e-09  7.88068e-12
      1280.69  7.68454e-09  8.14143e-12
      1281.02  9.98889e-09  9.33493e-12
      1281.34  1.44053e-08  1.12815e-11
      1281.67  1.74509e-08  1.25487e-11
      1282.00  1.38782e-08  1.06150e-11
      1282.33  1.39637e-08  9.97296e-12
      1282.66  2.11096e-08  1.17345e-11
      1282.99  2.67256e-08  1.26344e-11
      1283.32  2.67792e-08  1.25427e-11
      1283.65  1.92073e-08  1.07611e-11
      1283.98  1.03860e-08  8.28836e-12
      1284.31  6.04791e-09  6.88877e-12
      1284.64  4.55206e-09  6.37368e-12
      1284.97  4.50842e-09  6.44508e-12
      1285.30  5.43823e-09  7.03499e-12
      1285.63  4.68728e-09  6.27567e-12
      1285.96  4.26268e-09  5.90619e-12
      1286.29  6.45363e-09  7.32906e-12
      1286.62  9.21371e-09  9.14284e-12
      1286.95  8.45606e-09  8.75691e-12
      1287.28  1.01842e-08  9.75421e-12
      1287.61  1.82141e-08  1.36766e-11
      1287.95  2.15564e-08  1.42262e-11
      1288.28  2.13157e-08  1.35849e-11
      1288.61  2.10773e-08  1.27917e-11
      1288.94  2.10009e-08  1.25794e-11
      1289.27  1.49472e-08  1.02341e-11
      1289.61  1.09679e-08  9.01599e-12
      1289.94  8.92301e-09  8.47729e-12
      1290.27  6.04112e-09  7.01068e-12
      1290.61  5.14625e-09  6.71118e-12
      1290.94  3.96105e-09  5.77084e-12
      1291.27  2.91561e-09  4.84213e-12
      1291.61  3.39143e-09  4.96762e-12
      1291.94  5.57390e-09  6.08354e-12
      1292.27  9.50071e-09  7.95267e-12
      1292.61  1.37077e-08  1.01266e-11
      1292.94  1.04266e-08  9.04028e-12
      1293.28  8.00644e-09  8.45714e-12
      1293.61  1.05368e-08  1.00374e-11
      1293.95  1.34106e-08  1.08173e-11
      1294.28  1.95001e-08  1.27329e-11
      1294.62  2.19747e-08  1.33252e-11
      1294.95  1.86810e-08  1.19839e-11
      1295.29  1.80166e-08  1.20842e-11
      1295.62  1.55232e-08  1.14914e-11
      1295.96  1.12654e-08  1.00012e-11
      1296.29  9.67472e-09  9.30759e-12
      1296.63  1.00033e-08  9.19522e-12
      1296.97  1.22120e-08  9.39505e-12
      1297.30  1.84058e-08  1.07513e-11
      1297.64  2.44405e-08  1.21187e-11
      1297.98  2.11283e-08  1.11416e-11
      1298.31  1.37094e-08  9.15823e-12
      1298.65  7.91975e-09  7.30791e-12
      1298.99  6.10361e-09  6.78059e-12
      1299.33  1.02592e-08  8.84588e-12
      1299.66  1.82243e-08  1.18946e-11
      1300.00  2.06688e-08  1.22749e-11
      1300.34  1.82045e-08  1.15750e-11
      1300.68  1.27574e-08  9.63233e-12
      1301.02  1.29788e-08  9.85002e-12
      1301.35  2.19053e-08  1.36902e-11
      1301.69  2.60004e-08  1.50410e-11
      1302.03  2.50645e-08  1.50931e-11
      1302.37  2.20290e-08  1.36014e-11
      1302.71  2.51530e-08  1.42768e-11
      1303.05  2.72637e-08  1.37704e-11
      1303.39  3.09498e-08  1.41145e-11
      1303.73  3.31320e-08  1.44264e-11
      1304.07  3.08163e-08  1.36564e-11
      1304.41  3.13935e-08  1.41162e-11
      1304.75  3.32598e-08  1.47929e-11
      1305.09  3.47307e-08  1.50778e-11
      1305.43  4.07384e-08  1.63739e-11
      1305.77  4.79197e-08  1.74305e-11
      1306.11  4.81136e-08  1.76090e-11
      1306.46  3.32009e-08  1.45721e-11
      1306.80  1.68620e-08  1.06723e-11
      1307.14  9.21151e-09  8.65039e-12
      1307.48  6.35906e-09  7.82151e-12
      1307.82  5.05074e-09  7.31176e-12
      1308.16  4.96641e-09  7.26671e-12
      1308.51  5.85006e-09  7.73250e-12
      1308.85  4.75828e-09  6.53014e-12
      1309.19  3.38420e-09  5.48291e-12
      1309.53  3.06253e-09  5.24939e-12
      1309.88  3.00131e-09  5.15453e-12
      1310.22  3.20990e-09  5.33666e-12
      1310.56  4.13945e-09  5.96377e-12
      1310.91  7.40185e-09  7.42605e-12
      1311.25  1.38088e-08  1.01337e-11
      1311.60  1.41099e-08  9.79126e-12
      1311.94  8.44322e-09  7.36255e-12
      1312.28  4.48124e-09  5.64944e-12
      1312.63  3.09644e-09  5.16650e-12
      1312.97  2.67789e-09  5.18267e-12
      1313.32  3.56968e-09  6.00061e-12
      1313.66  5.95498e-09  8.04569e-12
      1314.01  5.00928e-09  7.40195e-12
      1314.35  2.79660e-09  5.64131e-12
      1314.70  2.11754e-09  4.88919e-12
      1315.05  2.08719e-09  4.70157e-12
      1315.39  2.34761e-09  4.80129e-12
      1315.74  2.99458e-09  5.23952e-12
      1316.08  4.52450e-09  6.10607e-12
      1316.43  8.98213e-09  8.24993e-12
      1316.78  1.55840e-08  1.10628e-11
      1317.12  1.24559e-08  9.52505e-12
      1317.47  5.92163e-09  6.46691e-12
      1317.82  3.56161e-09  5.17909e-12
      1318.17  3.68408e-09  5.23070e-12
      1318.51  6.23909e-09  7.00287e-12
      1318.86  7.84118e-09  8.33241e-12
      1319.21  5.29646e-09  7.20123e-12
      1319.56  3.09741e-09  6.24321e-12
      1319.91  3.11065e-09  6.33759e-12
      1320.25  3.11377e-09  5.98769e-12
      1320.60  3.07527e-09  5.62601e-12
      1320.95  3.70980e-09  5.80317e-12
      1321.30  5.29311e-09  6.51152e-12
      1321.65  1.03206e-08  8.58419e-12
      1322.00  1.86717e-08  1.20953e-11
      1322.35  1.64293e-08  1.12103e-11
      1322.70  8.52345e-09  7.93741e-12
      1323.05  5.40947e-09  6.40845e-12
      1323.40  5.96944e-09  6.61440e-12
      1323.75  7.17786e-09  7.11225e-12
      1324.10  7.53506e-09  7.49956e-12
      1324.45  5.65657e-09  6.72693e-12
      1324.80  4.01505e-09  6.23560e-12
      