227
      1249.95  1.23209e-08  1.16803e-11
      1250.27  6.26510e-09  8.33174e-12
      1250.58  2.15912e-09  5.49099e-12
      1250.89  1.46666e-09  4.99650e-12
      1251.20  1.90869e-09  5.39350e-12
      1251.52  2.96197e-09  6.26294e-12
      1251.83  5.12579e-09  8.00121e-12
      1252.14  6.71534e-09  9.30256e-12
      1252.46  6.56334e-09  9.28493e-12
      1252.77  6.03149e-09  8.65435e-12
      1253.09  9.70313e-09  1.01044e-11
      1253.40  1.83959e-08  1.33635e-11
      1253.71  2.31588e-08  1.50122e-11
      1254.03  1.46939e-08  1.17569e-11
      1254.34  7.19324e-09  8.55120e-12
      1254.66  8.55445e-09  9.71886e-12
      1254.97  1.32636e-08  1.27469e-11
      1255.29  9.40420e-09  1.09135e-11
      1255.60  4.35849e-09  7.74048e-12
      1255.92  4.65531e-09  7.92444e-12
      1256.23  7.86404e-09  9.38833e-12
      1256.55  1.24512e-08  1.17007e-11
      1256.87  9.33206e-09  9.90561e-12
      1257.18  4.33225e-09  7.12932e-12
      1257.50  3.08571e-09  6.52141e-12
      1257.81  3.45907e-09  6.95282e-12
      1258.13  4.30960e-09  7.77406e-12
      1258.45  4.36738e-09  7.71214e-12
      1258.76  4.58585e-09  7.43366e-12
      1259.08  7.93728e-09  8.65273e-12
      1259.40  1.60034e-08  1.16684e-11
      1259.72  2.18156e-08  1.35388e-11
      1260.03  1.68805e-08  1.16549e-11
      1260.35  1.22917e-08  9.84156e-12
      1260.67  1.54023e-08  1.16195e-11
      1260.99  1.45872e-08  1.13233e-11
      1261.30  1.16274e-08  9.73740e-12
      1261.62  1.42167e-08  1.07706e-11
      1261.94  1.50778e-08  1.03963e-11
      1262.26  1.54378e-08  1.03345e-11
      1262.58  1.15666e-08  8.60211e-12
      1262.90  1.17155e-08  8.56137e-12
      1263.22  1.81366e-08  1.13621e-11
      1263.54  1.55067e-08  1.05737e-11
      1263.86  9.83747e-09  8.67995e-12
      1264.17  7.74932e-09  8.10029e-12
      1264.49  5.73356e-09  6.91025e-12
      1264.81  6.02130e-09  6.73399e-12
      1265.13  1.17581e-08  8.99165e-12
      1265.45  1.83832e-08  1.14054e-11
      1265.77  1.68003e-08  1.10185e-11
      1266.10  9.33901e-09  8.46212e-12
      1266.42  4.80286e-09  6.65230e-12
      1266.74  4.04909e-09  6.53862e-12
      1267.06  5.40884e-09  7.24064e-12
      1267.38  1.10043e-08  9.71352e-12
      1267.70  2.00704e-08  1.30698e-11
      1268.02  2.18642e-08  1.30058e-11
      1268.34  2.13977e-08  1.27330e-11
      1268.67  1.96111e-08  1.19787e-11
      1268.99  1.92408e-08  1.24397e-11
      1269.31  1.52415e-08  1.13324e-11
      1269.63  1.00429e-08  9.36280e-12
      1269.95  8.27782e-09  8.55821e-12
      1270.28  9.85744e-09  8.82314e-12
      1270.60  1.62727e-08  1.10745e-11
      1270.92  1.96312e-08  1.14205e-11
      1271.25  2.13269e-08  1.15009e-11
      1271.57  2.12414e-08  1.16874e-11
      1271.89  1.29446e-08  9.08752e-12
      1272.22  5.78609e-09  6.40339e-12
      1272.54  3.54925e-09  5.52918e-12
      1272.86  2.90629e-09  5.23731e-12
      1273.19  2.74517e-09  4.95782e-12
      1273.51  3.28351e-09  4.97436e-12
      1273.84  5.15196e-09  5.81921e-12
      1274.16  6.90434e-09  6.53676e-12
      1274.49  8.77261e-09  7.10402e-12
      1274.81  1.54978e-08  9.90780e-12
      1275.14  2.16536e-08  1.22886e-11
      1275.46  1.97398e-08  1.21833e-11
      1275.79  1.31449e-08  1.01450e-11
      1276.11  8.59774e-09  8.18580e-12
      1276.44  1.08199e-08  8.82897e-12
      1276.76  1.84088e-08  1.17939e-11
      1277.09  1.91546e-08  1.13443e-11
      1277.42  1.95826e-08  1.20716e-11
      1277.74  1.38579e-08  1.02843e-11
      1278.07  6.52109e-09  7.36837e-12
      1278.40  3.88796e-09  6.41886e-12
      1278.72  3.00076e-09  5.84196e-12
      1279.05  2.93110e-09  5.61983e-12
      1279.38  3.87472e-09  5.97870e-12
      1279.71  5.73937e-09  6.59689e-12
      1280.03  7.60957e-09  7.48747e-12
      1280.36  6.96859e-09  6.90036e-12
      1280.69  7.30658e-09  7.19256e-12
      1281.02  9.50303e-09  8.15519e-12
      1281.34  1.38722e-08  9.98364e-12
      1281.67  1.68622e-08  1.12332e-11
      1282.00  1.34043e-08  9.50202e-12
      1282.33  1.37510e-08  9.02811e-12
      1282.66  2.08314e-08  1.09357e-11
      1282.99  2.63904e-08  1.22347e-11
      1283.32  2.64040e-08  1.25352e-11
      1283.65  1.89284e-08  1.09861e-11
      1283.98  1.02906e-08  8.54578e-12
      1284.31  5.99373e-09  7.11413e-12
      1284.64  4.46842e-09  6.50574e-12
      1284.97  4.37937e-09  6.33038e-12
      1285.30  5.12868e-09  6.77197e-12
      1285.63  4.42540e-09  6.05076e-12
      1285.96  4.04501e-09  5.72573e-12
      1286.29  6.02150e-09  6.91620e-12
      1286.62  8.44550e-09  8.45443e-12
      1286.95  7.91673e-09  8.37520e-12
      1287.28  9.70496e-09  9.27368e-12
      1287.61  1.69073e-08  1.20001e-11
      1287.95  2.01858e-08  1.26439e-11
      1288.28  2.00862e-08  1.19798e-11
      1288.61  2.00949e-08  1.13095e-11
      1288.94  2.00122e-08  1.12482e-11
      1289.27  1.45441e-08  9.44431e-12
      1289.61  1.07566e-08  8.38597e-12
      1289.94  8.76240e-09  8.02202e-12
      1290.27  6.03892e-09  6.79746e-12
      1290.61  5.10202e-09  6.46414e-12
      1290.94  3.95969e-09  5.66193e-12
      1291.27  2.93570e-09  4.83481e-12
      1291.61  3.38078e-09  4.97419e-12
      1291.94  5.45504e-09  6.06954e-12
      1292.27  9.16299e-09  7.89255e-12
      1292.61  1.30050e-08  1.00160e-11
      1292.94  9.89568e-09  8.93407e-12
      1293.28  7.47064e-09  7.95551e-12
      1293.61  9.79689e-09  9.19403e-12
      1293.95  1.24191e-08  9.71782e-12
      1294.28  1.81946e-08  1.15354e-11
      1294.62  2.06880e-08  1.20794e-11
      1294.95  1.74360e-08  1.07671e-11
      1295.29  1.66947e-08  1.09975e-11
      1295.62  1.45099e-08  1.05159e-11
      1295.96  1.06121e-08  9.14364e-12
      1296.29  9.23229e-09  8.46697e-12
      1296.63  9.66203e-09  8.43016e-12
      1296.97  1.18223e-08  8.65201e-12
      1297.30  1.80567e-08  1.02332e-11
      1297.64  2.43711e-08  1.19396e-11
      1297.98  2.10208e-08  1.10234e-11
      1298.31  1.35477e-08  9.16484e-12
      1298.65  7.74816e-09  7.34276e-12
      1298.99  5.86396e-09  6.64742e-12
      1299.33  9.78222e-09  8.46690e-12
      1299.66  1.74583e-08  1.13797e-11
      1300.00  1.96475e-08  1.16179e-11
      1300.34  1.71335e-08  1.08912e-11
      1300.68  1.18239e-08  8.84797e-12
      1301.02  1.20369e-08  8.90559e-12
      1301.35  2.05697e-08  1.25292e-11
      1301.69  2.45808e-08  1.37855e-11
      1302.03  2.37679e-08  1.38254e-11
      1302.37  2.10288e-08  1.24777e-11
      1302.71  2.40608e-08  1.32922e-11
      1303.05  2.63752e-08  1.29852e-11
      1303.39  2.99477e-08  1.35603e-11
      1303.73  3.22290e-08  1.41985e-11
      1304.07  3.04078e-08  1.36136e-11
      1304.41  3.10261e-08  1.40454e-11
      1304.75  3.29027e-08  1.47364e-11
      1305.09  3.43088e-08  1.50795e-11
      1305.43  3.99473e-08  1.60094e-11
      1305.77  4.67478e-08  1.69670e-11
      1306.11  4.65855e-08  1.68462e-11
      1306.46  3.21342e-08  1.38296e-11
      1306.80  1.61239e-08  9.94383e-12
      1307.14  8.62253e-09  7.81621e-12
      1307.48  5.90108e-09  7.00572e-12
      1307.82  4.69104e-09  6.58168e-12
      1308.16  4.64659e-09  6.53296e-12
      1308.51  5.49447e-09  6.82832e-12
      1308.85  4.52625e-09  6.01265e-12
      1309.19  3.21249e-09  5.12365e-12
      1309.53  2.93690e-09  4.96925e-12
      1309.88  2.93210e-09  5.07926e-12
      1310.22  3.17265e-09  5.30633e-12
      1310.56  4.07583e-09  5.86841e-12
      1310.91  7.24553e-09  7.29577e-12
      1311.25  1.37063e-08  1.00641e-11
      1311.60  1.39169e-08  9.67506e-12
      1311.94  8.20588e-09  7.13834e-12
      1312.28  4.32213e-09  5.43740e-12
      1312.63  2.96064e-09  4.85371e-12
      1312.97  2.51968e-09  4.80305e-12
      1313.32  3.34796e-09  5.49978e-12
      1313.66  5.55472e-09  7.34709e-12
      1314.01  4.65525e-09  6.57836e-12
      1314.35  2.66559e-09  5.13367e-12
      1314.70  2.02986e-09  4.59096e-12
      1315.05  2.00760e-09  4.40200e-12
      1315.39  2.27276e-09  4.52786e-12
      1315.74  2.92879e-09  5.15507e-12
      1316.08  4.49529e-09  6.16732e-12
      1316.43  8.95750e-09  8.41896e-12
      1316.78  1.50995e-08  1.10688e-11
      1317.12  1.23496e-08  9.76623e-12
      1317.47  6.07366e-09  6.59821e-12
      1317.82  3.61697e-09  5.15508e-12
      1318.17  3.59412e-09  5.02044e-12
      1318.51  5.88625e-09  6.45160e-12
      1318.86  7.36784e-09  7.47605e-12
      1319.21  5.00728e-09  6.40150e-12
      1319.56  2.85757e-09  5.33390e-12
      1319.91  2.89530e-09  5.53492e-12
      1320.25  2.94190e-09  5.33046e-12
      1320.60  2.90804e-09  5.04518e-12
      1320.95  3.52745e-09  5.34236e-12
      1321.30  4.99425e-09  6.12548e-12
      1321.65  9.78662e-09  8.25101e-12
      1322.00  1.86995e-08  1.23482e-11
      1322.35  1.63409e-08  1.14123e-11
      1322.70  8.29790e-09  8.06234e-12
      1323.05  5.28246e-09  6.54198e-12
      1323.40  5.86161e-09  6.60186e-12
      1323.75  6.95906e-09  6.82164e-12
      1324.10  7.25280e-09  6.95546e-12
      1324.45  5.32600e-09  6.13335e-12
      1324.80  3.77536e-09  5.56577e-12
      