227
      1249.95  1.83274e-08  1.73996e-11
      1250.27  9.55303e-09  1.20248e-11
      1250.58  3.61329e-09  7.51948e-12
      1250.89  2.64159e-09  6.50719e-12
      1251.20  3.30855e-09  7.06666e-12
      1251.52  4.72973e-09  8.12829e-12
      1251.83  7.82659e-09  1.05981e-11
      1252.14  1.02074e-08  1.21741e-11
      1252.46  1.00079e-08  1.20698e-11
      1252.77  9.14515e-09  1.10856e-11
      1253.09  1.38358e-08  1.27007e-11
      1253.40  2.50829e-08  1.62768e-11
      1253.71  3.13169e-08  1.79710e-11
      1254.03  2.02885e-08  1.38087e-11
      1254.34  1.04165e-08  9.88726e-12
      1254.66  1.19774e-08  1.10458e-11
      1254.97  1.82893e-08  1.46717e-11
      1255.29  1.31112e-08  1.23035e-11
      1255.60  6.40610e-09  8.75537e-12
      1255.92  6.83506e-09  8.93624e-12
      1256.23  1.09331e-08  1.03532e-11
      1256.55  1.72955e-08  1.31510e-11
      1256.87  1.31079e-08  1.11232e-11
      1257.18  6.47355e-09  8.01706e-12
      1257.50  4.77672e-09  7.48091e-12
      1257.81  5.26831e-09  8.34180e-12
      1258.13  6.52314e-09  9.49328e-12
      1258.45  6.65146e-09  9.53704e-12
      1258.76  6.92338e-09  9.24981e-12
      1259.08  1.13120e-08  1.11355e-11
      1259.40  2.18208e-08  1.53099e-11
      1259.72  2.79278e-08  1.88374e-11
      1260.03  2.13955e-08  1.62741e-11
      1260.35  1.70621e-08  1.38270e-11
      1260.67  2.13634e-08  1.72278e-11
      1260.99  2.05647e-08  1.65904e-11
      1261.30  1.65540e-08  1.42056e-11
      1261.62  2.02728e-08  1.56962e-11
      1261.94  2.13115e-08  1.51668e-11
      1262.26  2.16620e-08  1.56142e-11
      1262.58  1.66403e-08  1.26184e-11
      1262.90  1.68673e-08  1.24033e-11
      1263.22  2.52253e-08  1.65025e-11
      1263.54  2.18464e-08  1.51595e-11
      1263.86  1.44648e-08  1.21983e-11
      1264.17  1.16786e-08  1.12169e-11
      1264.49  8.72938e-09  9.29383e-12
      1264.81  8.85144e-09  8.61750e-12
      1265.13  1.64047e-08  1.11879e-11
      1265.45  2.52857e-08  1.38062e-11
      1265.77  2.30940e-08  1.31750e-11
      1266.10  1.30515e-08  9.94124e-12
      1266.42  7.06623e-09  7.71956e-12
      1266.74  6.04329e-09  7.51278e-12
      1267.06  7.69051e-09  8.27818e-12
      1267.38  1.44276e-08  1.08763e-11
      1267.70  2.63619e-08  1.52738e-11
      1268.02  2.87231e-08  1.46538e-11
      1268.34  2.86730e-08  1.45392e-11
      1268.67  2.60468e-08  1.38939e-11
      1268.99  2.59828e-08  1.48906e-11
      1269.31  2.09462e-08  1.38314e-11
      1269.63  1.42255e-08  1.18270e-11
      1269.95  1.19555e-08  1.11848e-11
      1270.28  1.36625e-08  1.15480e-11
      1270.60  2.15746e-08  1.51289e-11
      1270.92  2.61466e-08  1.60017e-11
      1271.25  2.89123e-08  1.60069e-11
      1271.57  2.90056e-08  1.64863e-11
      1271.89  1.82254e-08  1.30853e-11
      1272.22  8.85609e-09  9.42761e-12
      1272.54  5.80054e-09  8.17562e-12
      1272.86  4.85665e-09  7.61245e-12
      1273.19  4.57242e-09  7.09821e-12
      1273.51  5.27476e-09  7.00106e-12
      1273.84  7.75651e-09  8.01798e-12
      1274.16  1.01846e-08  8.82294e-12
      1274.49  1.27140e-08  9.48445e-12
      1274.81  2.10965e-08  1.26843e-11
      1275.14  2.88398e-08  1.52371e-11
      1275.46  2.64877e-08  1.47821e-11
      1275.79  1.80799e-08  1.21094e-11
      1276.11  1.21801e-08  9.58382e-12
      1276.44  1.47326e-08  1.00146e-11
      1276.76  2.39482e-08  1.29429e-11
      1277.09  2.53776e-08  1.29138e-11
      1277.42  2.56657e-08  1.37160e-11
      1277.74  1.88417e-08  1.21620e-11
      1278.07  9.44769e-09  9.01978e-12
      1278.40  5.92352e-09  7.83931e-12
      1278.72  4.70248e-09  7.28582e-12
      1279.05  4.59951e-09  7.08578e-12
      1279.38  5.91779e-09  7.63664e-12
      1279.71  8.41908e-09  8.71259e-12
      1280.03  1.10786e-08  1.00213e-11
      1280.36  1.03186e-08  9.63135e-12
      1280.69  1.07582e-08  1.02705e-11
      1281.02  1.38691e-08  1.19865e-11
      1281.34  1.95284e-08  1.44535e-11
      1281.67  2.37105e-08  1.59280e-11
      1282.00  1.92703e-08  1.34396e-11
      1282.33  1.91219e-08  1.24152e-11
      1282.66  2.82304e-08  1.46674e-11
      1282.99  3.53162e-08  1.59778e-11
      1283.32  3.51929e-08  1.61192e-11
      1283.65  2.57317e-08  1.39435e-11
      1283.98  1.43846e-08  1.06493e-11
      1284.31  8.61835e-09  8.62482e-12
      1284.64  6.53100e-09  7.59621e-12
      1284.97  6.32530e-09  7.25297e-12
      1285.30  7.35975e-09  7.64917e-12
      1285.63  6.51179e-09  6.97366e-12
      1285.96  5.94041e-09  6.61979e-12
      1286.29  8.51299e-09  8.24923e-12
      1286.62  1.18075e-08  1.03957e-11
      1286.95  1.13030e-08  1.04374e-11
      1287.28  1.34761e-08  1.14967e-11
      1287.61  2.28161e-08  1.55359e-11
      1287.95  2.74696e-08  1.66090e-11
      1288.28  2.76039e-08  1.60739e-11
      1288.61  2.76177e-08  1.52838e-11
      1288.94  2.75819e-08  1.55158e-11
      1289.27  2.04450e-08  1.32843e-11
      1289.61  1.55002e-08  1.20094e-11
      1289.94  1.28787e-08  1.13324e-11
      1290.27  9.03555e-09  9.40005e-12
      1290.61  7.72024e-09  8.65098e-12
      1290.94  6.03023e-09  7.29007e-12
      1291.27  4.51145e-09  5.96573e-12
      1291.61  5.04298e-09  6.00974e-12
      1291.94  7.79393e-09  7.31653e-12
      1292.27  1.25533e-08  9.36718e-12
      1292.61  1.76214e-08  1.19384e-11
      1292.94  1.34665e-08  1.04482e-11
      1293.28  1.05103e-08  9.44044e-12
      1293.61  1.36232e-08  1.09758e-11
      1293.95  1.69415e-08  1.16069e-11
      1294.28  2.43999e-08  1.39764e-11
      1294.62  2.76741e-08  1.49589e-11
      1294.95  2.38455e-08  1.39675e-11
      1295.29  2.30950e-08  1.45962e-11
      1295.62  2.03999e-08  1.42373e-11
      1295.96  1.55064e-08  1.26733e-11
      1296.29  1.35786e-08  1.18561e-11
      1296.63  1.41231e-08  1.16741e-11
      1296.97  1.69653e-08  1.19292e-11
      1297.30  2.47475e-08  1.37675e-11
      1297.64  3.25187e-08  1.56793e-11
      1297.98  2.85798e-08  1.45615e-11
      1298.31  1.90870e-08  1.20364e-11
      1298.65  1.13768e-08  9.44926e-12
      1298.99  8.69851e-09  8.31386e-12
      1299.33  1.34487e-08  1.00386e-11
      1299.66  2.27154e-08  1.29169e-11
      1300.00  2.56571e-08  1.31929e-11
      1300.34  2.27579e-08  1.24751e-11
      1300.68  1.63787e-08  1.05501e-11
      1301.02  1.64739e-08  1.09922e-11
      1301.35  2.69236e-08  1.54148e-11
      1301.69  3.23436e-08  1.74573e-11
      1302.03  3.14156e-08  1.76401e-11
      1302.37  2.83807e-08  1.62141e-11
      1302.71  3.18836e-08  1.69238e-11
      1303.05  3.51896e-08  1.69890e-11
      1303.39  3.95950e-08  1.78083e-11
      1303.73  4.25573e-08  1.85102e-11
      1304.07  4.02677e-08  1.80120e-11
      1304.41  4.07941e-08  1.84345e-11
      1304.75  4.28596e-08  1.88511e-11
      1305.09  4.43737e-08  1.86683e-11
      1305.43  5.04019e-08  1.89979e-11
      1305.77  5.77852e-08  1.95380e-11
      1306.11  5.69243e-08  1.90709e-11
      1306.46  4.02695e-08  1.59521e-11
      1306.80  2.13952e-08  1.19613e-11
      1307.14  1.20707e-08  9.62956e-12
      1307.48  8.53805e-09  8.78211e-12
      1307.82  6.94589e-09  8.34153e-12
      1308.16  6.89213e-09  8.31705e-12
      1308.51  7.89919e-09  8.77635e-12
      1308.85  6.80663e-09  7.87534e-12
      1309.19  5.08596e-09  6.81631e-12
      1309.53  4.67273e-09  6.74651e-12
      1309.88  4.63171e-09  6.93441e-12
      1310.22  4.95136e-09  7.30559e-12
      1310.56  6.24448e-09  7.98207e-12
      1310.91  1.04451e-08  9.67522e-12
      1311.25  1.80555e-08  1.23041e-11
      1311.60  1.87278e-08  1.18873e-11
      1311.94  1.16665e-08  8.85005e-12
      1312.28  6.35592e-09  6.57372e-12
      1312.63  4.40717e-09  5.91135e-12
      1312.97  3.78736e-09  5.79639e-12
      1313.32  4.85174e-09  6.71165e-12
      1313.66  7.71541e-09  8.79845e-12
      1314.01  6.75474e-09  8.15305e-12
      1314.35  4.03940e-09  6.34099e-12
      1314.70  3.18921e-09  5.68997e-12
      1315.05  3.18762e-09  5.70260e-12
      1315.39  3.58130e-09  6.08708e-12
      1315.74  4.49391e-09  6.84813e-12
      1316.08  6.57272e-09  8.21980e-12
      1316.43  1.23339e-08  1.10644e-11
      1316.78  2.08294e-08  1.45317e-11
      1317.12  1.70139e-08  1.22951e-11
      1317.47  8.51154e-09  8.06402e-12
      1317.82  5.23371e-09  6.20158e-12
      1318.17  5.16938e-09  6.01687e-12
      1318.51  8.27031e-09  8.00954e-12
      1318.86  1.02164e-08  9.49448e-12
      1319.21  6.99060e-09  7.86528e-12
      1319.56  4.21413e-09  6.46185e-12
      1319.91  4.31671e-09  6.76932e-12
      1320.25  4.40867e-09  6.63571e-12
      1320.60  4.42523e-09  6.46360e-12
      1320.95  5.30914e-09  7.13961e-12
      1321.30  7.37503e-09  8.25180e-12
      1321.65  1.37592e-08  1.12221e-11
      1322.00  2.45263e-08  1.60197e-11
      1322.35  2.18313e-08  1.49519e-11
      1322.70  1.20276e-08  1.07292e-11
      1323.05  7.90318e-09  8.36026e-12
      1323.40  8.44680e-09  8.22794e-12
      1323.75  9.82516e-09  8.37590e-12
      1324.10  1.01154e-08  8.48002e-12
      1324.45  7.59147e-09  7.48144e-12
      1324.80  5.47572e-09  6.77384e-12
      