227
      1249.95  1.24683e-08  1.67230e-11
      1250.27  6.31143e-09  1.14506e-11
      1250.58  2.25343e-09  7.43063e-12
      1250.89  1.66673e-09  6.63963e-12
      1251.20  2.10305e-09  7.19839e-12
      1251.52  3.08658e-09  8.43284e-12
      1251.83  5.24136e-09  1.09008e-11
      1252.14  6.88325e-09  1.25274e-11
      1252.46  6.69785e-09  1.24948e-11
      1252.77  6.10969e-09  1.14532e-11
      1253.09  9.57886e-09  1.31989e-11
      1253.40  1.81119e-08  1.70709e-11
      1253.71  2.32075e-08  1.90924e-11
      1254.03  1.49432e-08  1.46776e-11
      1254.34  7.27889e-09  1.03525e-11
      1254.66  8.53390e-09  1.15451e-11
      1254.97  1.35116e-08  1.54634e-11
      1255.29  9.72408e-09  1.29311e-11
      1255.60  4.50403e-09  8.86778e-12
      1255.92  4.83083e-09  8.99198e-12
      1256.23  7.90786e-09  1.02933e-11
      1256.55  1.27286e-08  1.30327e-11
      1256.87  9.66175e-09  1.09451e-11
      1257.18  4.55551e-09  7.78781e-12
      1257.50  3.30427e-09  7.34231e-12
      1257.81  3.67297e-09  8.05357e-12
      1258.13  4.54297e-09  8.90137e-12
      1258.45  4.59924e-09  8.87084e-12
      1258.76  4.73806e-09  8.65227e-12
      1259.08  7.94308e-09  1.01744e-11
      1259.40  1.59038e-08  1.40756e-11
      1259.72  2.18795e-08  1.63659e-11
      1260.03  1.70060e-08  1.43784e-11
      1260.35  1.21982e-08  1.24245e-11
      1260.67  1.52710e-08  1.50785e-11
      1260.99  1.45546e-08  1.50177e-11
      1261.30  1.15221e-08  1.31156e-11
      1261.62  1.39924e-08  1.45308e-11
      1261.94  1.48639e-08  1.42214e-11
      1262.26  1.51395e-08  1.42685e-11
      1262.58  1.15343e-08  1.19849e-11
      1262.90  1.15116e-08  1.20200e-11
      1263.22  1.76803e-08  1.60317e-11
      1263.54  1.53447e-08  1.50563e-11
      1263.86  9.78805e-09  1.21822e-11
      1264.17  7.73926e-09  1.12464e-11
      1264.49  5.79426e-09  9.45769e-12
      1264.81  6.01470e-09  8.89707e-12
      1265.13  1.15980e-08  1.16659e-11
      1265.45  1.82661e-08  1.45348e-11
      1265.77  1.68839e-08  1.39628e-11
      1266.10  9.50286e-09  1.05783e-11
      1266.42  4.97670e-09  8.06237e-12
      1266.74  4.21941e-09  7.79104e-12
      1267.06  5.53632e-09  8.47474e-12
      1267.38  1.09911e-08  1.10016e-11
      1267.70  2.02020e-08  1.45187e-11
      1268.02  2.20724e-08  1.42522e-11
      1268.34  2.16110e-08  1.40058e-11
      1268.67  1.98002e-08  1.34082e-11
      1268.99  1.93263e-08  1.39506e-11
      1269.31  1.55240e-08  1.29172e-11
      1269.63  1.02569e-08  1.08789e-11
      1269.95  8.41411e-09  1.00926e-11
      1270.28  9.95952e-09  1.05275e-11
      1270.60  1.60771e-08  1.32175e-11
      1270.92  1.95384e-08  1.40188e-11
      1271.25  2.10831e-08  1.45918e-11
      1271.57  2.08104e-08  1.51325e-11
      1271.89  1.30644e-08  1.22498e-11
      1272.22  5.96027e-09  8.93482e-12
      1272.54  3.68899e-09  7.67885e-12
      1272.86  3.03647e-09  7.31681e-12
      1273.19  2.86438e-09  6.77126e-12
      1273.51  3.41385e-09  6.87600e-12
      1273.84  5.13353e-09  7.94057e-12
      1274.16  6.83430e-09  8.99725e-12
      1274.49  8.87178e-09  9.87326e-12
      1274.81  1.51319e-08  1.33802e-11
      1275.14  2.10488e-08  1.61573e-11
      1275.46  1.94935e-08  1.56995e-11
      1275.79  1.32568e-08  1.28315e-11
      1276.11  8.89325e-09  1.00130e-11
      1276.44  1.10325e-08  1.04142e-11
      1276.76  1.80260e-08  1.30557e-11
      1277.09  1.94032e-08  1.29432e-11
      1277.42  1.94493e-08  1.33611e-11
      1277.74  1.41692e-08  1.17452e-11
      1278.07  6.91004e-09  8.51117e-12
      1278.40  4.14710e-09  7.28448e-12
      1278.72  3.23914e-09  6.82092e-12
      1279.05  3.14100e-09  6.48496e-12
      1279.38  4.02636e-09  6.80261e-12
      1279.71  5.83752e-09  7.83045e-12
      1280.03  7.65542e-09  9.06996e-12
      1280.36  7.11060e-09  8.86224e-12
      1280.69  7.30129e-09  9.53569e-12
      1281.02  9.44555e-09  1.12135e-11
      1281.34  1.35312e-08  1.36879e-11
      1281.67  1.64559e-08  1.53979e-11
      1282.00  1.33561e-08  1.32049e-11
      1282.33  1.33079e-08  1.24142e-11
      1282.66  2.00799e-08  1.49326e-11
      1282.99  2.57233e-08  1.67901e-11
      1283.32  2.59249e-08  1.72638e-11
      1283.65  1.89198e-08  1.49385e-11
      1283.98  1.03992e-08  1.13059e-11
      1284.31  6.10440e-09  9.10879e-12
      1284.64  4.61860e-09  7.98198e-12
      1284.97  4.52267e-09  7.57771e-12
      1285.30  5.25221e-09  7.72218e-12
      1285.63  4.66235e-09  6.89035e-12
      1285.96  4.24729e-09  6.47316e-12
      1286.29  6.15885e-09  7.80214e-12
      1286.62  8.55051e-09  9.64392e-12
      1286.95  8.18968e-09  9.65833e-12
      1287.28  9.82819e-09  1.05881e-11
      1287.61  1.67447e-08  1.42281e-11
      1287.95  2.02080e-08  1.51502e-11
      1288.28  2.01065e-08  1.45581e-11
      1288.61  1.99629e-08  1.42418e-11
      1288.94  1.97169e-08  1.46344e-11
      1289.27  1.44079e-08  1.27150e-11
      1289.61  1.04796e-08  1.14912e-11
      1289.94  8.55768e-09  1.10548e-11
      1290.27  5.94839e-09  9.55518e-12
      1290.61  5.08228e-09  8.91662e-12
      1290.94  4.02286e-09  7.57547e-12
      1291.27  3.03541e-09  6.30922e-12
      1291.61  3.44779e-09  6.34839e-12
      1291.94  5.46116e-09  7.69220e-12
      1292.27  9.09255e-09  9.74365e-12
      1292.61  1.31604e-08  1.23334e-11
      1292.94  1.00693e-08  1.05946e-11
      1293.28  7.56676e-09  9.12852e-12
      1293.61  9.93134e-09  1.04410e-11
      1293.95  1.24510e-08  1.08687e-11
      1294.28  1.82707e-08  1.29405e-11
      1294.62  2.07970e-08  1.37463e-11
      1294.95  1.74596e-08  1.25696e-11
      1295.29  1.67003e-08  1.32393e-11
      1295.62  1.45034e-08  1.29068e-11
      1295.96  1.06089e-08  1.14081e-11
      1296.29  9.12939e-09  1.09687e-11
      1296.63  9.43039e-09  1.11815e-11
      1296.97  1.13722e-08  1.14481e-11
      1297.30  1.73128e-08  1.37277e-11
      1297.64  2.36967e-08  1.65260e-11
      1297.98  2.05418e-08  1.52431e-11
      1298.31  1.32909e-08  1.26242e-11
      1298.65  7.68165e-09  9.90211e-12
      1298.99  5.78942e-09  8.55928e-12
      1299.33  9.59538e-09  1.04342e-11
      1299.66  1.74440e-08  1.37614e-11
      1300.00  1.97366e-08  1.36733e-11
      1300.34  1.74063e-08  1.24681e-11
      1300.68  1.20028e-08  1.00515e-11
      1301.02  1.18759e-08  1.00810e-11
      1301.35  2.06704e-08  1.45797e-11
      1301.69  2.46032e-08  1.60784e-11
      1302.03  2.37978e-08  1.62724e-11
      1302.37  2.07868e-08  1.46418e-11
      1302.71  2.38793e-08  1.60069e-11
      1303.05  2.59291e-08  1.60849e-11
      1303.39  2.94007e-08  1.72773e-11
      1303.73  3.16058e-08  1.84981e-11
      1304.07  2.93756e-08  1.80717e-11
      1304.41  2.99816e-08  1.90569e-11
      1304.75  3.19252e-08  2.00861e-11
      1305.09  3.34379e-08  2.01248e-11
      1305.43  3.90990e-08  2.08450e-11
      1305.77  4.60313e-08  2.14936e-11
      1306.11  4.61320e-08  2.10113e-11
      1306.46  3.21193e-08  1.69537e-11
      1306.80  1.64017e-08  1.20390e-11
      1307.14  8.88545e-09  9.37781e-12
      1307.48  6.10139e-09  8.22211e-12
      1307.82  4.88256e-09  7.65920e-12
      1308.16  4.82419e-09  7.51956e-12
      1308.51  5.53803e-09  8.01853e-12
      1308.85  4.65243e-09  7.13563e-12
      1309.19  3.40269e-09  6.14569e-12
      1309.53  3.05529e-09  6.15077e-12
      1309.88  2.99662e-09  6.44058e-12
      1310.22  3.20411e-09  7.01434e-12
      1310.56  4.09742e-09  7.89560e-12
      1310.91  7.23030e-09  9.96217e-12
      1311.25  1.28532e-08  1.28890e-11
      1311.60  1.33970e-08  1.26370e-11
      1311.94  8.35456e-09  9.53770e-12
      1312.28  4.52452e-09  7.08437e-12
      1312.63  3.11022e-09  6.22178e-12
      1312.97  2.70216e-09  5.99924e-12
      1313.32  3.51582e-09  6.72794e-12
      1313.66  5.51044e-09  8.28434e-12
      1314.01  4.86932e-09  7.62991e-12
      1314.35  2.87914e-09  5.83201e-12
      1314.70  2.19902e-09  5.15396e-12
      1315.05  2.15902e-09  5.19117e-12
      1315.39  2.39725e-09  5.54652e-12
      1315.74  2.99546e-09  6.49765e-12
      1316.08  4.43463e-09  7.81497e-12
      1316.43  8.53922e-09  1.08059e-11
      1316.78  1.45726e-08  1.46378e-11
      1317.12  1.20687e-08  1.28460e-11
      1317.47  5.83199e-09  8.42428e-12
      1317.82  3.52963e-09  6.66426e-12
      1318.17  3.54069e-09  6.39917e-12
      1318.51  5.89362e-09  8.31433e-12
      1318.86  7.51914e-09  9.63492e-12
      1319.21  5.12581e-09  8.08910e-12
      1319.56  2.98577e-09  6.36261e-12
      1319.91  3.07542e-09  6.52479e-12
      1320.25  3.10514e-09  6.18372e-12
      1320.60  3.07005e-09  5.82454e-12
      1320.95  3.65922e-09  6.31806e-12
      1321.30  5.06235e-09  7.42625e-12
      1321.65  9.75621e-09  1.03944e-11
      1322.00  1.81133e-08  1.55344e-11
      1322.35  1.57467e-08  1.47125e-11
      1322.70  8.16723e-09  1.07244e-11
      1323.05  5.19427e-09  8.51418e-12
      1323.40  5.71383e-09  8.58899e-12
      1323.75  6.81598e-09  8.95623e-12
      1324.10  7.18037e-09  9.18777e-12
      1324.45  5.40617e-09  8.00500e-12
      1324.80  3.90753e-09  7.15295e-12
      