227
      1249.95  1.70501e-08  2.87034e-11
      1250.27  8.83394e-09  2.01420e-11
      1250.58  3.39544e-09  1.26581e-11
      1250.89  2.47966e-09  1.18226e-11
      1251.20  3.07949e-09  1.30323e-11
      1251.52  4.44194e-09  1.51906e-11
      1251.83  7.48371e-09  1.97248e-11
      1252.14  9.73441e-09  2.21482e-11
      1252.46  9.48990e-09  2.18897e-11
      1252.77  8.58593e-09  2.03294e-11
      1253.09  1.31998e-08  2.37024e-11
      1253.40  2.43945e-08  3.08002e-11
      1253.71  3.08756e-08  3.48464e-11
      1254.03  1.96063e-08  2.68328e-11
      1254.34  9.78316e-09  2.00283e-11
      1254.66  9.58470e-09  2.41468e-11
      1254.97  1.91488e-08  2.11513e-11
      1255.29  1.53006e-08  2.00026e-11
      1255.60  7.21472e-09  1.50826e-11
      1255.92  6.82361e-09  1.69345e-11
      1256.23  1.09100e-08  1.98261e-11
      1256.55  1.68114e-08  2.46122e-11
      1256.87  1.25436e-08  2.08647e-11
      1257.18  6.10523e-09  1.48876e-11
      1257.50  4.64921e-09  1.36459e-11
      1257.81  5.13832e-09  1.46854e-11
      1258.13  6.30725e-09  1.65254e-11
      1258.45  6.44149e-09  1.65957e-11
      1258.76  6.80685e-09  1.62149e-11
      1259.08  1.12502e-08  1.94140e-11
      1259.40  2.14418e-08  2.60097e-11
      1259.72  2.84855e-08  3.01299e-11
      1260.03  2.23323e-08  2.63926e-11
      1260.35  1.66493e-08  2.31081e-11
      1260.67  2.02125e-08  2.73521e-11
      1260.99  1.95298e-08  2.63857e-11
      1261.30  1.59727e-08  2.31383e-11
      1261.62  1.85781e-08  2.60380e-11
      1261.94  1.99010e-08  2.55309e-11
      1262.26  2.00460e-08  2.53204e-11
      1262.58  1.57901e-08  2.13067e-11
      1262.90  1.59524e-08  2.22023e-11
      1263.22  2.09062e-08  3.30523e-11
      1263.54  1.75043e-08  3.11516e-11
      1263.86  1.32205e-08  2.17313e-11
      1264.17  1.08827e-08  1.95457e-11
      1264.49  8.26968e-09  1.66129e-11
      1264.81  8.66188e-09  1.60010e-11
      1265.13  1.59397e-08  2.10905e-11
      1265.45  2.40753e-08  2.62787e-11
      1265.77  2.24249e-08  2.67057e-11
      1266.10  1.65663e-08  2.84524e-11
      1266.42  9.24221e-09  1.23444e-11
      1266.74  7.40229e-09  1.25947e-11
      1267.06  8.62929e-09  1.44642e-11
      1267.38  1.50060e-08  2.06695e-11
      1267.70  2.62525e-08  2.79516e-11
      1268.02  2.79957e-08  2.71566e-11
      1268.34  2.74309e-08  2.76116e-11
      1268.67  2.50825e-08  2.62395e-11
      1268.99  2.50446e-08  2.76440e-11
      1269.31  1.97494e-08  2.47374e-11
      1269.63  1.35386e-08  2.09181e-11
      1269.95  1.15075e-08  1.91789e-11
      1270.28  1.35792e-08  1.97091e-11
      1270.60  2.16447e-08  2.48884e-11
      1270.92  2.55055e-08  2.58225e-11
      1271.25  2.76036e-08  2.81093e-11
      1271.57  2.73383e-08  3.07345e-11
      1271.89  1.46577e-08  2.39245e-11
      1272.22  8.22098e-09  1.57263e-11
      1272.54  5.37834e-09  1.34807e-11
      1272.86  4.51412e-09  1.27923e-11
      1273.19  4.24032e-09  1.19335e-11
      1273.51  4.94662e-09  1.21948e-11
      1273.84  7.37414e-09  1.43690e-11
      1274.16  9.59813e-09  1.60774e-11
      1274.49  1.18373e-08  1.76728e-11
      1274.81  1.81482e-08  2.70824e-11
      1275.14  2.92166e-08  3.62506e-11
      1275.46  2.59955e-08  2.94148e-11
      1275.79  2.12055e-08  3.12897e-11
      1276.11  1.46472e-08  1.49622e-11
      1276.44  1.71284e-08  1.67667e-11
      1276.76  2.60191e-08  2.33619e-11
      1277.09  2.47091e-08  2.43888e-11
      1277.42  2.55997e-08  2.74063e-11
      1277.74  2.10906e-08  3.08644e-11
      1278.07  7.66718e-09  1.88534e-11
      1278.40  5.44749e-09  1.40122e-11
      1278.72  4.45734e-09  1.26925e-11
      1279.05  4.38932e-09  1.22562e-11
      1279.38  5.68093e-09  1.30070e-11
      1279.71  8.09372e-09  1.46281e-11
      1280.03  1.07045e-08  1.69648e-11
      1280.36  9.64944e-09  1.59944e-11
      1280.69  1.01939e-08  1.70439e-11
      1281.02  1.31020e-08  1.98112e-11
      1281.34  1.84302e-08  2.39729e-11
      1281.67  2.20596e-08  2.75821e-11
      1282.00  1.75278e-08  2.28704e-11
      1282.33  1.79357e-08  2.15828e-11
      1282.66  2.70196e-08  2.63221e-11
      1282.99  3.37687e-08  2.94019e-11
      1283.32  3.38569e-08  3.05370e-11
      1283.65  2.47172e-08  2.65102e-11
      1283.98  1.49698e-08  2.43649e-11
      1284.31  1.00702e-08  1.79522e-11
      1284.64  7.47745e-09  1.28921e-11
      1284.97  7.20179e-09  1.24969e-11
      1285.30  7.39199e-09  1.43377e-11
      1285.63  6.28884e-09  1.33530e-11
      1285.96  5.80779e-09  1.25754e-11
      1286.29  8.42588e-09  1.54740e-11
      1286.62  1.14915e-08  1.88867e-11
      1286.95  1.08962e-08  1.84063e-11
      1287.28  1.32201e-08  1.98445e-11
      1287.61  2.22244e-08  2.63794e-11
      1287.95  2.63502e-08  2.74742e-11
      1288.28  2.62849e-08  2.63570e-11
      1288.61  2.61981e-08  2.59037e-11
      1288.94  2.55002e-08  2.69366e-11
      1289.27  1.86894e-08  2.33068e-11
      1289.61  1.43522e-08  2.05199e-11
      1289.94  1.19302e-08  1.99830e-11
      1290.27  9.00277e-09  2.16680e-11
      1290.61  6.99944e-09  2.02183e-11
      1290.94  5.43117e-09  1.36363e-11
      1291.27  4.23268e-09  1.11535e-11
      1291.61  4.40713e-09  1.33339e-11
      1291.94  7.87195e-09  1.06793e-11
      1292.27  1.48293e-08  1.62059e-11
      1292.61  1.89445e-08  2.10076e-11
      1292.94  1.32350e-08  1.94818e-11
      1293.28  1.03397e-08  1.75888e-11
      1293.61  1.34270e-08  2.01671e-11
      1293.95  1.66738e-08  2.12563e-11
      1294.28  2.35245e-08  2.52241e-11
      1294.62  2.62467e-08  2.65437e-11
      1294.95  2.23074e-08  2.46197e-11
      1295.29  2.14063e-08  2.53524e-11
      1295.62  1.88622e-08  2.40953e-11
      1295.96  1.44223e-08  2.07354e-11
      1296.29  1.25433e-08  1.96184e-11
      1296.63  1.32235e-08  1.92575e-11
      1296.97  1.59921e-08  2.00434e-11
      1297.30  2.30360e-08  2.40809e-11
      1297.64  3.03557e-08  2.92556e-11
      1297.98  2.96381e-08  3.25307e-11
      1298.31  1.66858e-08  2.49092e-11
      1298.65  1.08081e-08  1.82529e-11
      1298.99  8.38178e-09  1.82783e-11
      1299.33  1.50153e-08  1.60825e-11
      1299.66  2.38702e-08  2.33460e-11
      1300.00  2.67278e-08  2.43427e-11
      1300.34  2.24235e-08  2.33782e-11
      1300.68  1.55418e-08  1.98489e-11
      1301.02  1.60938e-08  2.06759e-11
      1301.35  2.65296e-08  2.82385e-11
      1301.69  3.13990e-08  3.89242e-11
      1302.03  3.05972e-08  2.87409e-11
      1302.37  2.59729e-08  3.24563e-11
      1302.71  3.05787e-08  2.83968e-11
      1303.05  3.35169e-08  2.85693e-11
      1303.39  3.74031e-08  3.07343e-11
      1303.73  3.97612e-08  3.31270e-11
      1304.07  3.73022e-08  3.20151e-11
      1304.41  3.84460e-08  3.23945e-11
      1304.75  4.04357e-08  3.41559e-11
      1305.09  4.21654e-08  3.35616e-11
      1305.43  4.69693e-08  3.85067e-11
      1305.77  5.53980e-08  3.55548e-11
      1306.11  6.15810e-08  3.17448e-11
      1306.46  4.28111e-08  2.68320e-11
      1306.80  2.24077e-08  2.01906e-11
      1307.14  1.20730e-08  1.75342e-11
      1307.48  8.13322e-09  1.58553e-11
      1307.82  6.60993e-09  1.45594e-11
      1308.16  6.59171e-09  1.43264e-11
      1308.51  7.69414e-09  1.50732e-11
      1308.85  6.36707e-09  1.30901e-11
      1309.19  4.72097e-09  1.15107e-11
      1309.53  4.37329e-09  1.14769e-11
      1309.88  4.30432e-09  1.15883e-11
      1310.22  4.57996e-09  1.22783e-11
      1310.56  5.63488e-09  1.39610e-11
      1310.91  9.70400e-09  1.67275e-11
      1311.25  1.77938e-08  2.24929e-11
      1311.60  1.84516e-08  2.25606e-11
      1311.94  1.43566e-08  2.30726e-11
      1312.28  7.50972e-09  1.11693e-11
      1312.63  4.67223e-09  1.06726e-11
      1312.97  4.22383e-09  1.00943e-11
      1313.32  4.97676e-09  1.19814e-11
      1313.66  7.76182e-09  1.67949e-11
      1314.01  6.30210e-09  1.47322e-11
      1314.35  3.67186e-09  1.12289e-11
      1314.70  3.01020e-09  1.00568e-11
      1315.05  3.03677e-09  9.74505e-12
      1315.39  3.42248e-09  1.07656e-11
      1315.74  4.28230e-09  1.33044e-11
      1316.08  6.25075e-09  1.39158e-11
      1316.43  1.17520e-08  1.88769e-11
      1316.78  1.95827e-08  2.49763e-11
      1317.12  1.56714e-08  2.09157e-11
      1317.47  8.05504e-09  1.45916e-11
      1317.82  5.04742e-09  1.25909e-11
      1318.17  5.06939e-09  1.19569e-11
      1318.51  9.48442e-09  1.34147e-11
      1318.86  1.09292e-08  1.63931e-11
      1319.21  6.88209e-09  1.38711e-11
      1319.56  4.45337e-09  1.13278e-11
      1319.91  4.19781e-09  1.22527e-11
      1320.25  4.17314e-09  1.16148e-11
      1320.60  4.24546e-09  1.10646e-11
      1320.95  5.09415e-09  1.19698e-11
      1321.30  7.14619e-09  1.39609e-11
      1321.65  1.35441e-08  1.91662e-11
      1322.00  2.31323e-08  2.65303e-11
      1322.35  2.01218e-08  2.49004e-11
      1322.70  1.10813e-08  1.81310e-11
      1323.05  7.46726e-09  1.49011e-11
      1323.40  7.92349e-09  1.49572e-11
      1323.75  9.24617e-09  1.65918e-11
      1324.10  9.86678e-09  1.86033e-11
      1324.45  7.30191e-09  1.37302e-11
      1324.80  5.84196e-09  1.20564e-11
      