227
      1249.95  1.05726e-08  1.72601e-11
      1250.27  4.15670e-09  1.03086e-11
      1250.58  1.33121e-09  7.25922e-12
      1250.89  9.53679e-10  6.64201e-12
      1251.20  1.35431e-09  7.22000e-12
      1251.52  2.26967e-09  8.37498e-12
      1251.83  4.21717e-09  1.07815e-11
      1252.14  5.64190e-09  1.25047e-11
      1252.46  5.41471e-09  1.28477e-11
      1252.77  4.96199e-09  1.22428e-11
      1253.09  8.19112e-09  1.44299e-11
      1253.40  1.57907e-08  1.88692e-11
      1253.71  1.98978e-08  2.10524e-11
      1254.03  1.25658e-08  1.65368e-11
      1254.34  5.92548e-09  1.21189e-11
      1254.66  7.13050e-09  1.39058e-11
      1254.97  1.11917e-08  1.84379e-11
      1255.29  7.82479e-09  1.60038e-11
      1255.60  3.42138e-09  1.15832e-11
      1255.92  3.68084e-09  1.19808e-11
      1256.23  6.50857e-09  1.39911e-11
      1256.55  1.05429e-08  1.77801e-11
      1256.87  7.79214e-09  1.47772e-11
      1257.18  3.43470e-09  1.07091e-11
      1257.50  2.35335e-09  1.01259e-11
      1257.81  2.69871e-09  1.09925e-11
      1258.13  3.42415e-09  1.22817e-11
      1258.45  3.39487e-09  1.07689e-11
      1258.76  3.60750e-09  9.81764e-12
      1259.08  6.54794e-09  1.12911e-11
      1259.40  1.38039e-08  1.55625e-11
      1259.72  1.91517e-08  1.79519e-11
      1260.03  1.45227e-08  1.53487e-11
      1260.35  1.03469e-08  1.31104e-11
      1260.67  1.33892e-08  1.60110e-11
      1260.99  1.25522e-08  1.56491e-11
      1261.30  9.82203e-09  1.36359e-11
      1261.62  1.23084e-08  1.54442e-11
      1261.94  1.29441e-08  1.48426e-11
      1262.26  1.34454e-08  1.50111e-11
      1262.58  9.79750e-09  1.23108e-11
      1262.90  1.09627e-08  1.19665e-11
      1263.22  1.66256e-08  1.63580e-11
      1263.54  1.33037e-08  1.39618e-11
      1263.86  8.29762e-09  1.17202e-11
      1264.17  6.47511e-09  1.10540e-11
      1264.49  4.58327e-09  9.49118e-12
      1264.81  4.80724e-09  9.33017e-12
      1265.13  1.00080e-08  1.26686e-11
      1265.45  1.60881e-08  1.60660e-11
      1265.77  1.44771e-08  1.56083e-11
      1266.10  7.64641e-09  1.18377e-11
      1266.42  3.73648e-09  9.53695e-12
      1266.74  3.12295e-09  9.45913e-12
      1267.06  4.21146e-09  1.06403e-11
      1267.38  9.09946e-09  1.42645e-11
      1267.70  1.79245e-08  1.98371e-11
      1268.02  1.88346e-08  1.90778e-11
      1268.34  1.88298e-08  1.93644e-11
      1268.67  1.67169e-08  1.79737e-11
      1268.99  1.69144e-08  1.95098e-11
      1269.31  1.31019e-08  1.77234e-11
      1269.63  8.27769e-09  1.43812e-11
      1269.95  6.77036e-09  1.18099e-11
      1270.28  8.12089e-09  1.13878e-11
      1270.60  1.42659e-08  1.48021e-11
      1270.92  1.71711e-08  1.51899e-11
      1271.25  1.86218e-08  1.54909e-11
      1271.57  1.87954e-08  1.59527e-11
      1271.89  1.12193e-08  1.25189e-11
      1272.22  4.70681e-09  9.01693e-12
      1272.54  2.81129e-09  7.98674e-12
      1272.86  2.24461e-09  7.33467e-12
      1273.19  2.10183e-09  7.22009e-12
      1273.51  2.59419e-09  6.78061e-12
      1273.84  4.20478e-09  7.91022e-12
      1274.16  5.72876e-09  9.00519e-12
      1274.49  7.42606e-09  1.00115e-11
      1274.81  1.32973e-08  1.40758e-11
      1275.14  1.86845e-08  1.76151e-11
      1275.46  1.69986e-08  1.76473e-11
      1275.79  1.11919e-08  1.50908e-11
      1276.11  7.18760e-09  1.22869e-11
      1276.44  9.16351e-09  1.31072e-11
      1276.76  1.57916e-08  1.72273e-11
      1277.09  1.66319e-08  1.70466e-11
      1277.42  1.68749e-08  1.81429e-11
      1277.74  1.19669e-08  1.57585e-11
      1278.07  5.44561e-09  1.15788e-11
      1278.40  3.10129e-09  9.97692e-12
      1278.72  2.35068e-09  9.35923e-12
      1279.05  2.31587e-09  8.37852e-12
      1279.38  3.10519e-09  7.80339e-12
      1279.71  4.72088e-09  8.49796e-12
      1280.03  6.47676e-09  9.69796e-12
      1280.36  5.85899e-09  9.22052e-12
      1280.69  6.07223e-09  9.79868e-12
      1281.02  8.00469e-09  1.15714e-11
      1281.34  1.18842e-08  1.41505e-11
      1281.67  1.48506e-08  1.60986e-11
      1282.00  1.11002e-08  1.22251e-11
      1282.33  1.16961e-08  1.24288e-11
      1282.66  1.81086e-08  1.48216e-11
      1282.99  2.31160e-08  1.68307e-11
      1283.32  2.30869e-08  1.75398e-11
      1283.65  1.64579e-08  1.56608e-11
      1283.98  8.66409e-09  1.22154e-11
      1284.31  4.85585e-09  1.02266e-11
      1284.64  3.57338e-09  9.51370e-12
      1284.97  3.50639e-09  9.38028e-12
      1285.30  4.13005e-09  9.74698e-12
      1285.63  3.59016e-09  8.91510e-12
      1285.96  3.26258e-09  8.54073e-12
      1286.29  4.98046e-09  1.05552e-11
      1286.62  7.08024e-09  1.30049e-11
      1286.95  6.77800e-09  1.31035e-11
      1287.28  8.73682e-09  1.40549e-11
      1287.61  1.51148e-08  1.64001e-11
      1287.95  1.77995e-08  1.63789e-11
      1288.28  1.77296e-08  1.55558e-11
      1288.61  1.76549e-08  1.49757e-11
      1288.94  1.75637e-08  1.52376e-11
      1289.27  1.26819e-08  1.30036e-11
      1289.61  9.07607e-09  1.14320e-11
      1289.94  6.87084e-09  1.08260e-11
      1290.27  4.91758e-09  9.00129e-12
      1290.61  4.14312e-09  8.79773e-12
      1290.94  3.15882e-09  7.80553e-12
      1291.27  2.27240e-09  6.68073e-12
      1291.61  2.65547e-09  6.96469e-12
      1291.94  4.42506e-09  8.75975e-12
      1292.27  7.70160e-09  1.16522e-11
      1292.61  1.10326e-08  1.48049e-11
      1292.94  8.41676e-09  1.33256e-11
      1293.28  6.31623e-09  1.20526e-11
      1293.61  8.22131e-09  1.39824e-11
      1293.95  1.06624e-08  1.50805e-11
      1294.28  1.57379e-08  1.78605e-11
      1294.62  1.79896e-08  1.90899e-11
      1294.95  1.53571e-08  1.76344e-11
      1295.29  1.45211e-08  1.80754e-11
      1295.62  1.26136e-08  1.74697e-11
      1295.96  8.99332e-09  1.34991e-11
      1296.29  7.87296e-09  1.16712e-11
      1296.63  8.20375e-09  1.14823e-11
      1296.97  1.02619e-08  1.19217e-11
      1297.30  1.68862e-08  1.44580e-11
      1297.64  2.11173e-08  1.58078e-11
      1297.98  1.81596e-08  1.48667e-11
      1298.31  1.15752e-08  1.25982e-11
      1298.65  6.52653e-09  1.03067e-11
      1298.99  4.89063e-09  9.61873e-12
      1299.33  8.30519e-09  1.24401e-11
      1299.66  1.48487e-08  1.65510e-11
      1300.00  1.70157e-08  1.72819e-11
      1300.34  1.47981e-08  1.61088e-11
      1300.68  1.03984e-08  1.34695e-11
      1301.02  1.03997e-08  1.38542e-11
      1301.35  1.76917e-08  1.93915e-11
      1301.69  2.16546e-08  2.21398e-11
      1302.03  2.09638e-08  2.23145e-11
      1302.37  1.87737e-08  2.05857e-11
      1302.71  2.14631e-08  1.96101e-11
      1303.05  2.35653e-08  1.74867e-11
      1303.39  2.64783e-08  1.78530e-11
      1303.73  2.87293e-08  1.88547e-11
      1304.07  2.67315e-08  1.72306e-11
      1304.41  2.71800e-08  1.92843e-11
      1304.75  2.89982e-08  1.99108e-11
      1305.09  3.03355e-08  2.10123e-11
      1305.43  3.53586e-08  2.28180e-11
      1305.77  4.15570e-08  2.47041e-11
      1306.11  4.14108e-08  2.47305e-11
      1306.46  2.86641e-08  2.07240e-11
      1306.80  1.41194e-08  1.51133e-11
      1307.14  7.30858e-09  1.20308e-11
      1307.48  4.93087e-09  1.09165e-11
      1307.82  3.87338e-09  1.03803e-11
      1308.16  3.81784e-09  1.03314e-11
      1308.51  4.52279e-09  1.10627e-11
      1308.85  3.80267e-09  1.00128e-11
      1309.19  2.64245e-09  9.10793e-12
      1309.53  2.37558e-09  7.81382e-12
      1309.88  2.32492e-09  7.28393e-12
      1310.22  2.52208e-09  7.07653e-12
      1310.56  3.57343e-09  7.59213e-12
      1310.91  6.41774e-09  1.01534e-11
      1311.25  1.16518e-08  1.32427e-11
      1311.60  1.19279e-08  1.32192e-11
      1311.94  6.99609e-09  1.00993e-11
      1312.28  3.54350e-09  7.77171e-12
      1312.63  2.33596e-09  7.07351e-12
      1312.97  1.95728e-09  7.19079e-12
      1313.32  2.63823e-09  8.31894e-12
      1313.66  4.58490e-09  1.11796e-11
      1314.01  3.91069e-09  1.04450e-11
      1314.35  2.10770e-09  8.14651e-12
      1314.70  1.54174e-09  7.17242e-12
      1315.05  1.52196e-09  7.01025e-12
      1315.39  1.75722e-09  7.42003e-12
      1315.74  2.39450e-09  7.49579e-12
      1316.08  3.64083e-09  8.07948e-12
      1316.43  7.53322e-09  1.08925e-11
      1316.78  1.35613e-08  1.44616e-11
      1317.12  1.04035e-08  1.24592e-11
      1317.47  4.84580e-09  8.44105e-12
      1317.82  2.77222e-09  6.86001e-12
      1318.17  2.79936e-09  6.89031e-12
      1318.51  4.90588e-09  9.30131e-12
      1318.86  6.24095e-09  1.12402e-11
      1319.21  4.08807e-09  9.75164e-12
      1319.56  2.27518e-09  8.26026e-12
      1319.91  2.33997e-09  8.68282e-12
      1320.25  2.35567e-09  8.52044e-12
      1320.60  2.31723e-09  8.11791e-12
      1320.95  2.85875e-09  8.54878e-12
      1321.30  4.15147e-09  9.87643e-12
      1321.65  8.43401e-09  1.36709e-11
      1322.00  1.60551e-08  1.87838e-11
      1322.35  1.38305e-08  1.58706e-11
      1322.70  7.18246e-09  1.07046e-11
      1323.05  4.29221e-09  8.72284e-12
      1323.40  4.83749e-09  8.69523e-12
      1323.75  5.79098e-09  9.22226e-12
      1324.10  6.03220e-09  9.68733e-12
      1324.45  4.40573e-09  8.81163e-12
      1324.80  3.06514e-09  8.24127e-12
      