227
      1249.95  1.11824e-08  2.03314e-11
      1250.27  5.21363e-09  1.40293e-11
      1250.58  1.50522e-09  9.16058e-12
      1250.89  1.01050e-09  8.07012e-12
      1251.20  1.42175e-09  8.77189e-12
      1251.52  2.34760e-09  9.84943e-12
      1251.83  4.34511e-09  1.26877e-11
      1252.14  5.79917e-09  1.43917e-11
      1252.46  5.57410e-09  1.44106e-11
      1252.77  5.08006e-09  1.33868e-11
      1253.09  8.44574e-09  1.53613e-11
      1253.40  1.63218e-08  1.97673e-11
      1253.71  2.06208e-08  2.16428e-11
      1254.03  1.29236e-08  1.65675e-11
      1254.34  6.04579e-09  1.15948e-11
      1254.66  7.34837e-09  1.31246e-11
      1254.97  1.15973e-08  1.72025e-11
      1255.29  8.10031e-09  1.43166e-11
      1255.60  3.50012e-09  1.00101e-11
      1255.92  3.81861e-09  1.02044e-11
      1256.23  6.75958e-09  1.19191e-11
      1256.55  1.08746e-08  1.46933e-11
      1256.87  8.05655e-09  1.23095e-11
      1257.18  3.53665e-09  8.88898e-12
      1257.50  2.43143e-09  8.39665e-12
      1257.81  2.78595e-09  9.19803e-12
      1258.13  3.53992e-09  1.02504e-11
      1258.45  3.58959e-09  1.03884e-11
      1258.76  3.79820e-09  1.01546e-11
      1259.08  6.90035e-09  1.21791e-11
      1259.40  1.43221e-08  1.66958e-11
      1259.72  1.95884e-08  1.96877e-11
      1260.03  1.50179e-08  1.70943e-11
      1260.35  1.09683e-08  1.49265e-11
      1260.67  1.37488e-08  1.79962e-11
      1260.99  1.29038e-08  1.80113e-11
      1261.30  1.03773e-08  1.59666e-11
      1261.62  1.26648e-08  1.77631e-11
      1261.94  1.34924e-08  1.73719e-11
      1262.26  1.37611e-08  1.73077e-11
      1262.58  1.01875e-08  1.43405e-11
      1262.90  1.05975e-08  1.44169e-11
      1263.22  1.62470e-08  1.87943e-11
      1263.54  1.36379e-08  1.72649e-11
      1263.86  8.61644e-09  1.43555e-11
      1264.17  6.64876e-09  1.29881e-11
      1264.49  4.76183e-09  1.09464e-11
      1264.81  5.06249e-09  1.03261e-11
      1265.13  1.04071e-08  1.34877e-11
      1265.45  1.64825e-08  1.65731e-11
      1265.77  1.47811e-08  1.56212e-11
      1266.10  7.90292e-09  1.14906e-11
      1266.42  3.90778e-09  8.85581e-12
      1266.74  3.23943e-09  8.58277e-12
      1267.06  4.40770e-09  9.44121e-12
      1267.38  9.54700e-09  1.25809e-11
      1267.70  1.85159e-08  1.72284e-11
      1268.02  1.94489e-08  1.62088e-11
      1268.34  1.93861e-08  1.62440e-11
      1268.67  1.72969e-08  1.51561e-11
      1268.99  1.74470e-08  1.63264e-11
      1269.31  1.34164e-08  1.47972e-11
      1269.63  8.62647e-09  1.25899e-11
      1269.95  7.03469e-09  1.20104e-11
      1270.28  8.43443e-09  1.25452e-11
      1270.60  1.48560e-08  1.66248e-11
      1270.92  1.77042e-08  1.71539e-11
      1271.25  1.93128e-08  1.76887e-11
      1271.57  1.94464e-08  1.83768e-11
      1271.89  1.13521e-08  1.41966e-11
      1272.22  4.78259e-09  1.02278e-11
      1272.54  2.87708e-09  8.92328e-12
      1272.86  2.32791e-09  8.53231e-12
      1273.19  2.18004e-09  8.37155e-12
      1273.51  2.66149e-09  8.09347e-12
      1273.84  4.34863e-09  9.53810e-12
      1274.16  5.91145e-09  1.03764e-11
      1274.49  7.60745e-09  1.10134e-11
      1274.81  1.37407e-08  1.50163e-11
      1275.14  1.93211e-08  1.81885e-11
      1275.46  1.74962e-08  1.75650e-11
      1275.79  1.14457e-08  1.41617e-11
      1276.11  7.33468e-09  1.11608e-11
      1276.44  9.07441e-09  1.24657e-11
      1276.76  1.70332e-08  1.65768e-11
      1277.09  1.71607e-08  1.47091e-11
      1277.42  1.74529e-08  1.52988e-11
      1277.74  1.22598e-08  1.32053e-11
      1278.07  5.56410e-09  9.58777e-12
      1278.40  3.19908e-09  8.43984e-12
      1278.72  2.41390e-09  8.04930e-12
      1279.05  2.36405e-09  7.94678e-12
      1279.38  3.21273e-09  8.49851e-12
      1279.71  4.92002e-09  9.59779e-12
      1280.03  6.68467e-09  1.10015e-11
      1280.36  6.09560e-09  1.05766e-11
      1280.69  6.33701e-09  1.12476e-11
      1281.02  8.42023e-09  1.33599e-11
      1281.34  1.24189e-08  1.64785e-11
      1281.67  1.52693e-08  1.87320e-11
      1282.00  1.20697e-08  1.58915e-11
      1282.33  1.21254e-08  1.47449e-11
      1282.66  1.86674e-08  1.76704e-11
      1282.99  2.37904e-08  1.93005e-11
      1283.32  2.37395e-08  1.93008e-11
      1283.65  1.69488e-08  1.65251e-11
      1283.98  8.92816e-09  1.23567e-11
      1284.31  4.98303e-09  1.00623e-11
      1284.64  3.67107e-09  8.83664e-12
      1284.97  3.61581e-09  8.42237e-12
      1285.30  4.26605e-09  8.66998e-12
      1285.63  3.70250e-09  7.73930e-12
      1285.96  3.37783e-09  7.25109e-12
      1286.29  5.17458e-09  9.07371e-12
      1286.62  7.32707e-09  1.11058e-11
      1286.95  6.99166e-09  1.11619e-11
      1287.28  8.73340e-09  1.27353e-11
      1287.61  1.52039e-08  1.73210e-11
      1287.95  1.83982e-08  1.85344e-11
      1288.28  1.83412e-08  1.78261e-11
      1288.61  1.82853e-08  1.74190e-11
      1288.94  1.80028e-08  1.75199e-11
      1289.27  1.31076e-08  1.51247e-11
      1289.61  9.46959e-09  1.36761e-11
      1289.94  7.57159e-09  1.29112e-11
      1290.27  5.12466e-09  1.09659e-11
      1290.61  4.24989e-09  1.01988e-11
      1290.94  3.25073e-09  8.72489e-12
      1291.27  2.35575e-09  7.21103e-12
      1291.61  2.75039e-09  7.18959e-12
      1291.94  4.59022e-09  8.54677e-12
      1292.27  8.00150e-09  1.08407e-11
      1292.61  1.13914e-08  1.33459e-11
      1292.94  8.67023e-09  1.16885e-11
      1293.28  6.50376e-09  1.04477e-11
      1293.61  8.52984e-09  1.19499e-11
      1293.95  1.11128e-08  1.28610e-11
      1294.28  1.63521e-08  1.54386e-11
      1294.62  1.85740e-08  1.65335e-11
      1294.95  1.57888e-08  1.51975e-11
      1295.29  1.49396e-08  1.58856e-11
      1295.62  1.29574e-08  1.56669e-11
      1295.96  9.46762e-09  1.39195e-11
      1296.29  8.15825e-09  1.33351e-11
      1296.63  8.51166e-09  1.33507e-11
      1296.97  1.05807e-08  1.40656e-11
      1297.30  1.61881e-08  1.64627e-11
      1297.64  2.16445e-08  1.90132e-11
      1297.98  1.87467e-08  1.74852e-11
      1298.31  1.18772e-08  1.40303e-11
      1298.65  6.70379e-09  1.09925e-11
      1298.99  5.03977e-09  9.68558e-12
      1299.33  8.59833e-09  1.19659e-11
      1299.66  1.53791e-08  1.52015e-11
      1300.00  1.75870e-08  1.53888e-11
      1300.34  1.52842e-08  1.42198e-11
      1300.68  1.06261e-08  1.17236e-11
      1301.02  1.07868e-08  1.18084e-11
      1301.35  1.84798e-08  1.66926e-11
      1301.69  2.24414e-08  1.92030e-11
      1302.03  2.15979e-08  1.93927e-11
      1302.37  1.92381e-08  1.82355e-11
      1302.71  2.18888e-08  1.95472e-11
      1303.05  2.43273e-08  1.98143e-11
      1303.39  2.74736e-08  2.09301e-11
      1303.73  2.97547e-08  2.19400e-11
      1304.07  2.77149e-08  2.15026e-11
      1304.41  2.80495e-08  2.20940e-11
      1304.75  2.98355e-08  2.30490e-11
      1305.09  3.12130e-08  2.29135e-11
      1305.43  3.64895e-08  2.37780e-11
      1305.77  4.29048e-08  2.44638e-11
      1306.11  4.27531e-08  2.34335e-11
      1306.46  2.93494e-08  1.88357e-11
      1306.80  1.43332e-08  1.32554e-11
      1307.14  7.45493e-09  1.02777e-11
      1307.48  5.03066e-09  9.27398e-12
      1307.82  3.98400e-09  8.82274e-12
      1308.16  3.95287e-09  8.94401e-12
      1308.51  4.69780e-09  9.74710e-12
      1308.85  3.87306e-09  8.94467e-12
      1309.19  2.69705e-09  7.56636e-12
      1309.53  2.44641e-09  7.50052e-12
      1309.88  2.40741e-09  7.74611e-12
      1310.22  2.59382e-09  8.24875e-12
      1310.56  3.43217e-09  9.51458e-12
      1310.91  6.23307e-09  1.22586e-11
      1311.25  1.22502e-08  1.63586e-11
      1311.60  1.23033e-08  1.46891e-11
      1311.94  7.17610e-09  1.05419e-11
      1312.28  3.63155e-09  7.75622e-12
      1312.63  2.41517e-09  6.60592e-12
      1312.97  2.02963e-09  6.45219e-12
      1313.32  2.75617e-09  7.36731e-12
      1313.66  4.82356e-09  9.80459e-12
      1314.01  3.99079e-09  8.93635e-12
      1314.35  2.12236e-09  6.98172e-12
      1314.70  1.59426e-09  6.45741e-12
      1315.05  1.58502e-09  6.25283e-12
      1315.39  1.82900e-09  6.60666e-12
      1315.74  2.39294e-09  7.67362e-12
      1316.08  3.73053e-09  9.20116e-12
      1316.43  7.79868e-09  1.27412e-11
      1316.78  1.39694e-08  1.75963e-11
      1317.12  1.08351e-08  1.47096e-11
      1317.47  4.95201e-09  9.62567e-12
      1317.82  2.87128e-09  7.50132e-12
      1318.17  2.91714e-09  7.15884e-12
      1318.51  5.09893e-09  8.98923e-12
      1318.86  6.42770e-09  1.03824e-11
      1319.21  4.21613e-09  8.93857e-12
      1319.56  2.45098e-09  7.86192e-12
      1319.91  2.47322e-09  8.40003e-12
      1320.25  2.42443e-09  7.41994e-12
      1320.60  2.41264e-09  7.19663e-12
      1320.95  2.98851e-09  7.70775e-12
      1321.30  4.38173e-09  9.03462e-12
      1321.65  9.09113e-09  1.27502e-11
      1322.00  1.67319e-08  1.85259e-11
      1322.35  1.43706e-08  1.74121e-11
      1322.70  7.39710e-09  1.27094e-11
      1323.05  4.58343e-09  1.00468e-11
      1323.40  5.01931e-09  9.88649e-12
      1323.75  5.98097e-09  1.00518e-11
      1324.10  6.19157e-09  1.00251e-11
      1324.45  4.53111e-09  8.47712e-12
      1324.80  3.17494e-09  7.52418e-12
      