227
      1249.95  1.09929e-08  1.62163e-11
      1250.27  5.24014e-09  1.13732e-11
      1250.58  1.57567e-09  7.48573e-12
      1250.89  1.01534e-09  6.76021e-12
      1251.20  1.40777e-09  7.35559e-12
      1251.52  2.32688e-09  8.39096e-12
      1251.83  4.36783e-09  1.09379e-11
      1252.14  5.84404e-09  1.26611e-11
      1252.46  5.59771e-09  1.28142e-11
      1252.77  4.95567e-09  1.19778e-11
      1253.09  8.28121e-09  1.42472e-11
      1253.40  1.64242e-08  1.88916e-11
      1253.71  2.10914e-08  2.13639e-11
      1254.03  1.27975e-08  1.61264e-11
      1254.34  5.86315e-09  1.14276e-11
      1254.66  7.19777e-09  1.30828e-11
      1254.97  1.19454e-08  1.80738e-11
      1255.29  8.07579e-09  1.49022e-11
      1255.60  3.37138e-09  1.04372e-11
      1255.92  3.77282e-09  1.07871e-11
      1256.23  6.63661e-09  1.25187e-11
      1256.55  1.11321e-08  1.55729e-11
      1256.87  8.07595e-09  1.27450e-11
      1257.18  3.45765e-09  9.02913e-12
      1257.50  2.41044e-09  8.40893e-12
      1257.81  2.61613e-09  1.00097e-11
      1258.13  3.71111e-09  1.19186e-11
      1258.45  3.59391e-09  9.89943e-12
      1258.76  3.77284e-09  9.35317e-12
      1259.08  6.86135e-09  1.10536e-11
      1259.40  1.42979e-08  1.48069e-11
      1259.72  1.96511e-08  1.70359e-11
      1260.03  1.51207e-08  1.45072e-11
      1260.35  1.09051e-08  1.23007e-11
      1260.67  1.37094e-08  1.46233e-11
      1260.99  1.29965e-08  1.43767e-11
      1261.30  1.03989e-08  1.26555e-11
      1261.62  1.26114e-08  1.40243e-11
      1261.94  1.35506e-08  1.38270e-11
      1262.26  1.36559e-08  1.37538e-11
      1262.58  1.03418e-08  1.15936e-11
      1262.90  1.06177e-08  1.18152e-11
      1263.22  1.60832e-08  1.54620e-11
      1263.54  1.37144e-08  1.46505e-11
      1263.86  8.64207e-09  1.22334e-11
      1264.17  6.63862e-09  1.14308e-11
      1264.49  4.80591e-09  1.00372e-11
      1264.81  5.15184e-09  9.69838e-12
      1265.13  1.04206e-08  1.28108e-11
      1265.45  1.63301e-08  1.61274e-11
      1265.77  1.47431e-08  1.53913e-11
      1266.10  7.99331e-09  1.15755e-11
      1266.42  3.95951e-09  9.09496e-12
      1266.74  3.27435e-09  9.02129e-12
      1267.06  4.48530e-09  1.00076e-11
      1267.38  9.70553e-09  1.32928e-11
      1267.70  1.81493e-08  1.80474e-11
      1268.02  1.95443e-08  1.74097e-11
      1268.34  1.93332e-08  1.66872e-11
      1268.67  1.74583e-08  1.54503e-11
      1268.99  1.73223e-08  1.59621e-11
      1269.31  1.34287e-08  1.41782e-11
      1269.63  8.75601e-09  1.17441e-11
      1269.95  7.11797e-09  1.08035e-11
      1270.28  8.62650e-09  1.10477e-11
      1270.60  1.47515e-08  1.39807e-11
      1270.92  1.77052e-08  1.41904e-11
      1271.25  1.93723e-08  1.44498e-11
      1271.57  1.92373e-08  1.46385e-11
      1271.89  1.14018e-08  1.13964e-11
      1272.22  4.95183e-09  8.23579e-12
      1272.54  2.92833e-09  7.19870e-12
      1272.86  2.33889e-09  6.99547e-12
      1273.19  2.18022e-09  6.79531e-12
      1273.51  2.67169e-09  6.97469e-12
      1273.84  4.33985e-09  8.12799e-12
      1274.16  5.86969e-09  9.14841e-12
      1274.49  7.58638e-09  1.00150e-11
      1274.81  1.38195e-08  1.41699e-11
      1275.14  1.93889e-08  1.75199e-11
      1275.46  1.75101e-08  1.72687e-11
      1275.79  1.14529e-08  1.42808e-11
      1276.11  7.27906e-09  1.13095e-11
      1276.44  9.38471e-09  1.20152e-11
      1276.76  1.66309e-08  1.61042e-11
      1277.09  1.70365e-08  1.50986e-11
      1277.42  1.77863e-08  1.61539e-11
      1277.74  1.22201e-08  1.33556e-11
      1278.07  5.45651e-09  9.38497e-12
      1278.40  3.18412e-09  8.05497e-12
      1278.72  2.40472e-09  7.36258e-12
      1279.05  2.33763e-09  7.06612e-12
      1279.38  3.21026e-09  7.32974e-12
      1279.71  4.92316e-09  8.04862e-12
      1280.03  6.77567e-09  9.15334e-12
      1280.36  6.01385e-09  8.40064e-12
      1280.69  6.34023e-09  9.01277e-12
      1281.02  8.37432e-09  1.04924e-11
      1281.34  1.24214e-08  1.31512e-11
      1281.67  1.54867e-08  1.52700e-11
      1282.00  1.19811e-08  1.30636e-11
      1282.33  1.18623e-08  1.26240e-11
      1282.66  1.72815e-08  1.75045e-11
      1282.99  2.42944e-08  2.03863e-11
      1283.32  2.39999e-08  1.85395e-11
      1283.65  1.69578e-08  1.59721e-11
      1283.98  8.84094e-09  1.21744e-11
      1284.31  4.99415e-09  1.02155e-11
      1284.64  3.66995e-09  9.39890e-12
      1284.97  3.60176e-09  8.84510e-12
      1285.30  4.32011e-09  9.22739e-12
      1285.63  3.70090e-09  8.17415e-12
      1285.96  3.33411e-09  7.49757e-12
      1286.29  5.15904e-09  8.91971e-12
      1286.62  7.44065e-09  1.08426e-11
      1286.95  6.95134e-09  1.04087e-11
      1287.28  8.50889e-09  1.12611e-11
      1287.61  1.46280e-08  1.68546e-11
      1287.95  1.80703e-08  1.59267e-11
      1288.28  1.83371e-08  1.51237e-11
      1288.61  1.82840e-08  1.40293e-11
      1288.94  1.82465e-08  1.41830e-11
      1289.27  1.30321e-08  1.20729e-11
      1289.61  9.44016e-09  1.10638e-11
      1289.94  7.60827e-09  1.08028e-11
      1290.27  5.08586e-09  9.35163e-12
      1290.61  4.30790e-09  9.09400e-12
      1290.94  3.26682e-09  8.17021e-12
      1291.27  2.33486e-09  6.90115e-12
      1291.61  2.71781e-09  7.05422e-12
      1291.94  4.58127e-09  8.68991e-12
      1292.27  7.95484e-09  1.12012e-11
      1292.61  1.16229e-08  1.40594e-11
      1292.94  8.61603e-09  1.21370e-11
      1293.28  6.37187e-09  1.07082e-11
      1293.61  8.59722e-09  1.22519e-11
      1293.95  1.10009e-08  1.26602e-11
      1294.28  1.64270e-08  1.45825e-11
      1294.62  1.87307e-08  1.50179e-11
      1294.95  1.56791e-08  1.31370e-11
      1295.29  1.50393e-08  1.32904e-11
      1295.62  1.30235e-08  1.26220e-11
      1295.96  9.42394e-09  1.10851e-11
      1296.29  8.11221e-09  1.06288e-11
      1296.63  8.49275e-09  1.06917e-11
      1296.97  1.05115e-08  1.14297e-11
      1297.30  1.61413e-08  1.38862e-11
      1297.64  2.18627e-08  1.65236e-11
      1297.98  1.87994e-08  1.56567e-11
      1298.31  1.18156e-08  1.30272e-11
      1298.65  6.62395e-09  1.04940e-11
      1298.99  4.92962e-09  9.52381e-12
      1299.33  8.51314e-09  1.22122e-11
      1299.66  1.55555e-08  1.60436e-11
      1300.00  1.76777e-08  1.63553e-11
      1300.34  1.54485e-08  1.53874e-11
      1300.68  1.04141e-08  1.21912e-11
      1301.02  1.05345e-08  1.15070e-11
      1301.35  1.86415e-08  1.59352e-11
      1301.69  2.25147e-08  1.72774e-11
      1302.03  2.17626e-08  1.68949e-11
      1302.37  1.90630e-08  1.49743e-11
      1302.71  2.19940e-08  1.57791e-11
      1303.05  2.42505e-08  1.58702e-11
      1303.39  2.75241e-08  1.67563e-11
      1303.73  2.99176e-08  1.79426e-11
      1304.07  2.76701e-08  1.78946e-11
      1304.41  2.80718e-08  1.90257e-11
      1304.75  2.99467e-08  2.06932e-11
      1305.09  3.11069e-08  2.13687e-11
      1305.43  3.64706e-08  2.32147e-11
      1305.77  4.30520e-08  2.46229e-11
      1306.11  4.32059e-08  2.43679e-11
      1306.46  2.93439e-08  1.96644e-11
      1306.80  1.41866e-08  1.36617e-11
      1307.14  7.45322e-09  1.06418e-11
      1307.48  5.35687e-09  1.11304e-11
      1307.82  3.82149e-09  9.68311e-12
      1308.16  3.90339e-09  8.20811e-12
      1308.51  4.76940e-09  8.47329e-12
      1308.85  3.86700e-09  7.29217e-12
      1309.19  2.68579e-09  6.28931e-12
      1309.53  2.44536e-09  6.14828e-12
      1309.88  2.41979e-09  6.23717e-12
      1310.22  2.61229e-09  6.75309e-12
      1310.56  3.40862e-09  7.69125e-12
      1310.91  6.31386e-09  1.02238e-11
      1311.25  1.22395e-08  1.48155e-11
      1311.60  1.23365e-08  1.39791e-11
      1311.94  7.10507e-09  1.02828e-11
      1312.28  3.60920e-09  7.79219e-12
      1312.63  2.39140e-09  6.93448e-12
      1312.97  2.00483e-09  6.85619e-12
      1313.32  2.76931e-09  7.64558e-12
      1313.66  4.81616e-09  9.91765e-12
      1314.01  3.96510e-09  8.71528e-12
      1314.35  2.17344e-09  7.12933e-12
      1314.70  1.60315e-09  5.85241e-12
      1315.05  1.59075e-09  5.34488e-12
      1315.39  1.84443e-09  5.47261e-12
      1315.74  2.41508e-09  6.13484e-12
      1316.08  3.80764e-09  7.50614e-12
      1316.43  7.95559e-09  1.05157e-11
      1316.78  1.36867e-08  1.45313e-11
      1317.12  1.07462e-08  1.27107e-11
      1317.47  5.08777e-09  8.95032e-12
      1317.82  2.90596e-09  7.08711e-12
      1318.17  2.97205e-09  7.15325e-12
      1318.51  5.09403e-09  9.32184e-12
      1318.86  6.32280e-09  1.06772e-11
      1319.21  4.32629e-09  9.65823e-12
      1319.56  2.63118e-09  8.25762e-12
      1319.91  2.47184e-09  8.37599e-12
      1320.25  2.42947e-09  7.03283e-12
      1320.60  2.42742e-09  6.45032e-12
      1320.95  2.99799e-09  6.48695e-12
      1321.30  4.41003e-09  7.33736e-12
      1321.65  9.10764e-09  1.01278e-11
      1322.00  1.65258e-08  1.45783e-11
      1322.35  1.43805e-08  1.40300e-11
      1322.70  7.41990e-09  1.05927e-11
      1323.05  4.58605e-09  8.71206e-12
      1323.40  5.00706e-09  9.12360e-12
      1323.75  5.98065e-09  9.64798e-12
      1324.10  6.19500e-09  1.00093e-11
      1324.45  4.57298e-09  8.82034e-12
      1324.80  3.16599e-09  7.87254e-12
      