227
      1249.95  1.12347e-08  1.24429e-11
      1250.27  5.45857e-09  8.87230e-12
      1250.58  1.77636e-09  5.95480e-12
      1250.89  1.22718e-09  5.42071e-12
      1251.20  1.65101e-09  5.80961e-12
      1251.52  2.64791e-09  6.25300e-12
      1251.83  4.67033e-09  8.16913e-12
      1252.14  6.08423e-09  8.93997e-12
      1252.46  5.82091e-09  8.90302e-12
      1252.77  5.42086e-09  8.57167e-12
      1253.09  9.00646e-09  1.04308e-11
      1253.40  1.70689e-08  1.38009e-11
      1253.71  2.10165e-08  1.48992e-11
      1254.03  1.29529e-08  1.10717e-11
      1254.34  6.34013e-09  7.75774e-12
      1254.66  7.78485e-09  8.54644e-12
      1254.97  1.23357e-08  1.12771e-11
      1255.29  8.11537e-09  9.17934e-12
      1255.60  3.63056e-09  6.54528e-12
      1255.92  4.07741e-09  7.00628e-12
      1256.23  7.03177e-09  8.19475e-12
      1256.55  1.16690e-08  1.04379e-11
      1256.87  8.14913e-09  8.28837e-12
      1257.18  3.60340e-09  5.78280e-12
      1257.50  2.62914e-09  5.17641e-12
      1257.81  3.01414e-09  5.66980e-12
      1258.13  3.83313e-09  6.42250e-12
      1258.45  3.82700e-09  6.54352e-12
      1258.76  4.02314e-09  6.55137e-12
      1259.08  7.23246e-09  8.08111e-12
      1259.40  1.50064e-08  1.11471e-11
      1259.72  2.04308e-08  1.28987e-11
      1260.03  1.52901e-08  1.08238e-11
      1260.35  1.10784e-08  9.21428e-12
      1260.67  1.43504e-08  1.12726e-11
      1260.99  1.33296e-08  1.10469e-11
      1261.30  1.05929e-08  9.86816e-12
      1261.62  1.31127e-08  1.15800e-11
      1261.94  1.39432e-08  1.15392e-11
      1262.26  1.40648e-08  1.16327e-11
      1262.58  1.05633e-08  9.56590e-12
      1262.90  1.10860e-08  9.44117e-12
      1263.22  1.66306e-08  1.19360e-11
      1263.54  1.39855e-08  1.08585e-11
      1263.86  8.87952e-09  8.92241e-12
      1264.17  6.87664e-09  8.64247e-12
      1264.49  5.00983e-09  7.18516e-12
      1264.81  5.42685e-09  6.97901e-12
      1265.13  1.09154e-08  9.37939e-12
      1265.45  1.69630e-08  1.14374e-11
      1265.77  1.50949e-08  1.03824e-11
      1266.10  8.10799e-09  7.47333e-12
      1266.42  4.12488e-09  5.70989e-12
      1266.74  3.51009e-09  5.51588e-12
      1267.06  4.80903e-09  6.25288e-12
      1267.38  1.02032e-08  8.50249e-12
      1267.70  1.86566e-08  1.16863e-11
      1268.02  2.00285e-08  1.13691e-11
      1268.34  1.97970e-08  1.13664e-11
      1268.67  1.79362e-08  1.03531e-11
      1268.99  1.77743e-08  1.06171e-11
      1269.31  1.37024e-08  9.47492e-12
      1269.63  8.99101e-09  8.08156e-12
      1269.95  7.39456e-09  7.92224e-12
      1270.28  8.99679e-09  8.26148e-12
      1270.60  1.53449e-08  1.10349e-11
      1270.92  1.82264e-08  1.15293e-11
      1271.25  1.99141e-08  1.18945e-11
      1271.57  1.97399e-08  1.20332e-11
      1271.89  1.15599e-08  9.51363e-12
      1272.22  5.04204e-09  9.80576e-12
      1272.54  3.12182e-09  6.63065e-12
      1272.86  2.56147e-09  5.51845e-12
      1273.19  2.40871e-09  5.37525e-12
      1273.51  2.95434e-09  5.62070e-12
      1273.84  4.63445e-09  6.44399e-12
      1274.16  6.18751e-09  6.99842e-12
      1274.49  8.17742e-09  7.48534e-12
      1274.81  1.43374e-08  9.87876e-12
      1275.14  1.96948e-08  1.16323e-11
      1275.46  1.77935e-08  1.10760e-11
      1275.79  1.17359e-08  9.04045e-12
      1276.11  7.70852e-09  7.30632e-12
      1276.44  1.00158e-08  7.99517e-12
      1276.76  1.68585e-08  1.04032e-11
      1277.09  1.75668e-08  9.93900e-12
      1277.42  1.78528e-08  1.02112e-11
      1277.74  1.24402e-08  8.57192e-12
      1278.07  5.76379e-09  6.12809e-12
      1278.40  3.39567e-09  5.36492e-12
      1278.72  2.62029e-09  5.11460e-12
      1279.05  2.59041e-09  5.13710e-12
      1279.38  3.47691e-09  5.66938e-12
      1279.71  5.25290e-09  6.57679e-12
      1280.03  6.90450e-09  7.46004e-12
      1280.36  6.34785e-09  7.02537e-12
      1280.69  6.68455e-09  7.29524e-12
      1281.02  8.81921e-09  8.44037e-12
      1281.34  1.29341e-08  1.04614e-11
      1281.67  1.56367e-08  1.18198e-11
      1282.00  1.22782e-08  1.01789e-11
      1282.33  1.26170e-08  1.00542e-11
      1282.66  1.93442e-08  1.19791e-11
      1282.99  2.44726e-08  1.29216e-11
      1283.32  2.43293e-08  1.26070e-11
      1283.65  1.71113e-08  1.03798e-11
      1283.98  9.06401e-09  7.61567e-12
      1284.31  5.20417e-09  6.15220e-12
      1284.64  3.88507e-09  5.55195e-12
      1284.97  3.85238e-09  5.52301e-12
      1285.30  4.50929e-09  5.84946e-12
      1285.63  3.88762e-09  5.28207e-12
      1285.96  3.61432e-09  4.95556e-12
      1286.29  5.51990e-09  6.05114e-12
      1286.62  7.68520e-09  7.37295e-12
      1286.95  7.17797e-09  7.22788e-12
      1287.28  9.09168e-09  8.29013e-12
      1287.61  1.59330e-08  1.15660e-11
      1287.95  1.88793e-08  1.24932e-11
      1288.28  1.88492e-08  1.23302e-11
      1288.61  1.87947e-08  1.19913e-11
      1288.94  1.87734e-08  1.22212e-11
      1289.27  1.31202e-08  9.82956e-12
      1289.61  9.79402e-09  8.82772e-12
      1289.94  7.82636e-09  8.14145e-12
      1290.27  5.28377e-09  6.73362e-12
      1290.61  4.53726e-09  6.48371e-12
      1290.94  3.41761e-09  5.54791e-12
      1291.27  2.51690e-09  4.70145e-12
      1291.61  2.94438e-09  4.67184e-12
      1291.94  4.86151e-09  5.52257e-12
      1292.27  8.32271e-09  6.90070e-12
      1292.61  1.19860e-08  8.69068e-12
      1292.94  8.70031e-09  7.29625e-12
      1293.28  6.69902e-09  6.70519e-12
      1293.61  8.92546e-09  8.07991e-12
      1293.95  1.13587e-08  8.75794e-12
      1294.28  1.71489e-08  1.09542e-11
      1294.62  1.92223e-08  1.16944e-11
      1294.95  1.59293e-08  1.04116e-11
      1295.29  1.55301e-08  1.06872e-11
      1295.62  1.32618e-08  1.01423e-11
      1295.96  9.63947e-09  8.95222e-12
      1296.29  8.39520e-09  8.63901e-12
      1296.63  8.79843e-09  8.81807e-12
      1296.97  1.08332e-08  9.19966e-12
      1297.30  1.67196e-08  1.08866e-11
      1297.64  2.25665e-08  1.23845e-11
      1297.98  1.91175e-08  1.09229e-11
      1298.31  1.20282e-08  8.60435e-12
      1298.65  6.78079e-09  6.55832e-12
      1298.99  5.16814e-09  5.78325e-12
      1299.33  8.89651e-09  7.41363e-12
      1299.66  1.60241e-08  9.93907e-12
      1300.00  1.80868e-08  1.02491e-11
      1300.34  1.56994e-08  9.57272e-12
      1300.68  1.08068e-08  7.89363e-12
      1301.02  1.10964e-08  8.16318e-12
      1301.35  1.93234e-08  1.16245e-11
      1301.69  2.30307e-08  1.30438e-11
      1302.03  2.22339e-08  1.33456e-11
      1302.37  1.95625e-08  1.23356e-11
      1302.71  2.27086e-08  1.35370e-11
      1303.05  2.47776e-08  1.35207e-11
      1303.39  2.83341e-08  1.40823e-11
      1303.73  3.05827e-08  1.43693e-11
      1304.07  2.82730e-08  1.35237e-11
      1304.41  2.87510e-08  1.35975e-11
      1304.75  3.05748e-08  1.40683e-11
      1305.09  3.18720e-08  1.40120e-11
      1305.43  3.73834e-08  1.47896e-11
      1305.77  4.38622e-08  1.54961e-11
      1306.11  4.34797e-08  1.51855e-11
      1306.46  2.95795e-08  1.23650e-11
      1306.80  1.45168e-08  8.77997e-12
      1307.14  7.66270e-09  6.88348e-12
      1307.48  5.23462e-09  6.34544e-12
      1307.82  4.17781e-09  6.10005e-12
      1308.16  4.19091e-09  6.23389e-12
      1308.51  4.90309e-09  6.81694e-12
      1308.85  4.05648e-09  6.15943e-12
      1309.19  2.90034e-09  5.21310e-12
      1309.53  2.63877e-09  5.01591e-12
      1309.88  2.60974e-09  5.01037e-12
      1310.22  2.81400e-09  5.14916e-12
      1310.56  3.70156e-09  5.64598e-12
      1310.91  6.76334e-09  7.05782e-12
      1311.25  1.23606e-08  9.34574e-12
      1311.60  1.24399e-08  8.87190e-12
      1311.94  7.34095e-09  6.52482e-12
      1312.28  3.81209e-09  4.83975e-12
      1312.63  2.58470e-09  4.25819e-12
      1312.97  2.21718e-09  4.20347e-12
      1313.32  3.01984e-09  5.03582e-12
      1313.66  5.02267e-09  6.68433e-12
      1314.01  4.17525e-09  6.24544e-12
      1314.35  2.32650e-09  5.04393e-12
      1314.70  1.76902e-09  4.54734e-12
      1315.05  1.76589e-09  4.47358e-12
      1315.39  2.02301e-09  4.65465e-12
      1315.74  2.62783e-09  5.02375e-12
      1316.08  4.10186e-09  5.96221e-12
      1316.43  8.28215e-09  8.05083e-12
      1316.78  1.38493e-08  1.05331e-11
      1317.12  1.10935e-08  9.00483e-12
      1317.47  5.24226e-09  5.90461e-12
      1317.82  3.07640e-09  4.59722e-12
      1318.17  3.19243e-09  4.49384e-12
      1318.51  5.32646e-09  5.76532e-12
      1318.86  6.55314e-09  6.69213e-12
      1319.21  4.40571e-09  5.80320e-12
      1319.56  2.55372e-09  5.10026e-12
      1319.91  2.58423e-09  5.40159e-12
      1320.25  2.60258e-09  5.44959e-12
      1320.60  2.59504e-09  5.20182e-12
      1320.95  3.18431e-09  5.44606e-12
      1321.30  4.62016e-09  6.16032e-12
      1321.65  9.31431e-09  8.23237e-12
      1322.00  1.73004e-08  1.17778e-11
      1322.35  1.48443e-08  1.06795e-11
      1322.70  7.41790e-09  7.38274e-12
      1323.05  4.66467e-09  5.84297e-12
      1323.40  5.23587e-09  5.96086e-12
      1323.75  6.20578e-09  6.14920e-12
      1324.10  6.49558e-09  6.23023e-12
      1324.45  4.70008e-09  5.39640e-12
      1324.80  3.29787e-09  5.07685e-12
      