227
      1249.95  1.12364e-08  1.20301e-11
      1250.27  5.52255e-09  8.63699e-12
      1250.58  1.78425e-09  5.58393e-12
      1250.89  1.21676e-09  5.02896e-12
      1251.20  1.62813e-09  5.14184e-12
      1251.52  2.61291e-09  5.79814e-12
      1251.83  4.57678e-09  7.19406e-12
      1252.14  6.00750e-09  8.25688e-12
      1252.46  5.77401e-09  8.33910e-12
      1252.77  5.36201e-09  8.03223e-12
      1253.09  8.82276e-09  9.56471e-12
      1253.40  1.68231e-08  1.25803e-11
      1253.71  2.09930e-08  1.38647e-11
      1254.03  1.30348e-08  1.05076e-11
      1254.34  6.32823e-09  7.57945e-12
      1254.66  7.66499e-09  8.55747e-12
      1254.97  1.21355e-08  1.15218e-11
      1255.29  8.19264e-09  9.57272e-12
      1255.60  3.68122e-09  6.97492e-12
      1255.92  4.03195e-09  7.47882e-12
      1256.23  6.98953e-09  8.84878e-12
      1256.55  1.15065e-08  1.13799e-11
      1256.87  8.18896e-09  9.21988e-12
      1257.18  3.65869e-09  6.53923e-12
      1257.50  2.60527e-09  6.01629e-12
      1257.81  2.97269e-09  6.55315e-12
      1258.13  3.80056e-09  7.47901e-12
      1258.45  3.80481e-09  7.50964e-12
      1258.76  3.95314e-09  7.39871e-12
      1259.08  7.07175e-09  8.94258e-12
      1259.40  1.47985e-08  1.22216e-11
      1259.72  2.03241e-08  1.40585e-11
      1260.03  1.53562e-08  1.18048e-11
      1260.35  1.10543e-08  9.93914e-12
      1260.67  1.41145e-08  1.19142e-11
      1260.99  1.32893e-08  1.16081e-11
      1261.30  1.05890e-08  1.01368e-11
      1261.62  1.29775e-08  1.13836e-11
      1261.94  1.38860e-08  1.10575e-11
      1262.26  1.40074e-08  1.08450e-11
      1262.58  1.05771e-08  8.83973e-12
      1262.90  1.09292e-08  8.61506e-12
      1263.22  1.65393e-08  1.09745e-11
      1263.54  1.40246e-08  1.01007e-11
      1263.86  8.84597e-09  8.24818e-12
      1264.17  6.84040e-09  7.68503e-12
      1264.49  4.99032e-09  6.60471e-12
      1264.81  5.35575e-09  6.40909e-12
      1265.13  1.07430e-08  8.56661e-12
      1265.45  1.67416e-08  1.06220e-11
      1265.77  1.50685e-08  1.00554e-11
      1266.10  8.22453e-09  7.59271e-12
      1266.42  4.16527e-09  6.05823e-12
      1266.74  3.48035e-09  6.00986e-12
      1267.06  4.74357e-09  6.82569e-12
      1267.38  1.00743e-08  9.41339e-12
      1267.70  1.85494e-08  1.29371e-11
      1268.02  1.99893e-08  1.26502e-11
      1268.34  1.97137e-08  1.25432e-11
      1268.67  1.78303e-08  1.16754e-11
      1268.99  1.77326e-08  1.22590e-11
      1269.31  1.37330e-08  1.09433e-11
      1269.63  8.97663e-09  9.22667e-12
      1269.95  7.36704e-09  8.66031e-12
      1270.28  8.89574e-09  8.99419e-12
      1270.60  1.51459e-08  1.16395e-11
      1270.92  1.81540e-08  1.18414e-11
      1271.25  1.97685e-08  1.19521e-11
      1271.57  1.96501e-08  1.19840e-11
      1271.89  1.17086e-08  9.02247e-12
      1272.22  5.07148e-09  6.22487e-12
      1272.54  3.09337e-09  5.45354e-12
      1272.86  2.52145e-09  5.11600e-12
      1273.19  2.36543e-09  5.02717e-12
      1273.51  2.88374e-09  4.99785e-12
      1273.84  4.56778e-09  5.71874e-12
      1274.16  6.13198e-09  6.32236e-12
      1274.49  7.94496e-09  6.75658e-12
      1274.81  1.41630e-08  9.33213e-12
      1275.14  1.97149e-08  1.14282e-11
      1275.46  1.78459e-08  1.13321e-11
      1275.79  1.17507e-08  9.51587e-12
      1276.11  7.63496e-09  7.90907e-12
      1276.44  9.37876e-09  8.36594e-12
      1276.76  1.73752e-08  1.20922e-11
      1277.09  1.76191e-08  1.12770e-11
      1277.42  1.77419e-08  1.15885e-11
      1277.74  1.25200e-08  9.97902e-12
      1278.07  5.78600e-09  7.12689e-12
      1278.40  3.37673e-09  6.15697e-12
      1278.72  2.59611e-09  5.73633e-12
      1279.05  2.55774e-09  5.59683e-12
      1279.38  3.41879e-09  6.02031e-12
      1279.71  5.16266e-09  6.73025e-12
      1280.03  6.89751e-09  7.39747e-12
      1280.36  6.28459e-09  6.83284e-12
      1280.69  6.59635e-09  7.05238e-12
      1281.02  8.67236e-09  8.04457e-12
      1281.34  1.27686e-08  9.78775e-12
      1281.67  1.55952e-08  1.09203e-11
      1282.00  1.22989e-08  9.35989e-12
      1282.33  1.25081e-08  8.91172e-12
      1282.66  1.91167e-08  1.07166e-11
      1282.99  2.42722e-08  1.18252e-11
      1283.32  2.41896e-08  1.19508e-11
      1283.65  1.71715e-08  1.04087e-11
      1283.98  9.16339e-09  8.03159e-12
      1284.31  5.24476e-09  6.71327e-12
      1284.64  3.88574e-09  6.25310e-12
      1284.97  3.83030e-09  6.25965e-12
      1285.30  4.49413e-09  6.68126e-12
      1285.63  3.86418e-09  6.00168e-12
      1285.96  3.56905e-09  5.64627e-12
      1286.29  5.42762e-09  6.81162e-12
      1286.62  7.62899e-09  8.29779e-12
      1286.95  7.12036e-09  7.99984e-12
      1287.28  8.93615e-09  8.86757e-12
      1287.61  1.57498e-08  1.19729e-11
      1287.95  1.87885e-08  1.24963e-11
      1288.28  1.87510e-08  1.18240e-11
      1288.61  1.86799e-08  1.11113e-11
      1288.94  1.85459e-08  1.10410e-11
      1289.27  1.32295e-08  8.99137e-12
      1289.61  9.77471e-09  8.05384e-12
      1289.94  7.79787e-09  7.46681e-12
      1290.27  5.29849e-09  6.34555e-12
      1290.61  4.48553e-09  6.14625e-12
      1290.94  3.40066e-09  5.40005e-12
      1291.27  2.51095e-09  4.63899e-12
      1291.61  2.91357e-09  4.88819e-12
      1291.94  4.80615e-09  5.97797e-12
      1292.27  8.26343e-09  7.71733e-12
      1292.61  1.20077e-08  1.01386e-11
      1292.94  8.68954e-09  8.58650e-12
      1293.28  6.63564e-09  7.88740e-12
      1293.61  8.85608e-09  9.30926e-12
      1293.95  1.11885e-08  9.70778e-12
      1294.28  1.70098e-08  1.17483e-11
      1294.62  1.92065e-08  1.20422e-11
      1294.95  1.58673e-08  1.04705e-11
      1295.29  1.54331e-08  1.06674e-11
      1295.62  1.32733e-08  9.97907e-12
      1295.96  9.61504e-09  8.61008e-12
      1296.29  8.34130e-09  8.01037e-12
      1296.63  8.72316e-09  7.96156e-12
      1296.97  1.06917e-08  8.20360e-12
      1297.30  1.65329e-08  9.75877e-12
      1297.64  2.24972e-08  1.14800e-11
      1297.98  1.91342e-08  1.05350e-11
      1298.31  1.20758e-08  8.80269e-12
      1298.65  6.77150e-09  7.05971e-12
      1298.99  5.07802e-09  6.49142e-12
      1299.33  8.76789e-09  8.47466e-12
      1299.66  1.60904e-08  1.16491e-11
      1300.00  1.80410e-08  1.18385e-11
      1300.34  1.57292e-08  1.09758e-11
      1300.68  1.06956e-08  8.83481e-12
      1301.02  1.08075e-08  8.82209e-12
      1301.35  1.92556e-08  1.25430e-11
      1301.69  2.29356e-08  1.35972e-11
      1302.03  2.22030e-08  1.34515e-11
      1302.37  1.93808e-08  1.18871e-11
      1302.71  2.25098e-08  1.25356e-11
      1303.05  2.46824e-08  1.23064e-11
      1303.39  2.80991e-08  1.26527e-11
      1303.73  3.04059e-08  1.30519e-11
      1304.07  2.81886e-08  1.26377e-11
      1304.41  2.86296e-08  1.31236e-11
      1304.75  3.04746e-08  1.40936e-11
      1305.09  3.18239e-08  1.46424e-11
      1305.43  3.72569e-08  1.59946e-11
      1305.77  4.37861e-08  1.73116e-11
      1306.11  4.35319e-08  1.73454e-11
      1306.46  2.97353e-08  1.42556e-11
      1306.80  1.45968e-08  1.00763e-11
      1307.14  7.67478e-09  7.86152e-12
      1307.48  5.22906e-09  7.05195e-12
      1307.82  4.15399e-09  6.51891e-12
      1308.16  4.13142e-09  6.35740e-12
      1308.51  4.89089e-09  6.69911e-12
      1308.85  4.03970e-09  5.77978e-12
      1309.19  2.87027e-09  4.75526e-12
      1309.53  2.60684e-09  4.55996e-12
      1309.88  2.55848e-09  4.59267e-12
      1310.22  2.77432e-09  4.82125e-12
      1310.56  3.61542e-09  5.42039e-12
      1310.91  6.32664e-09  6.93424e-12
      1311.25  1.28675e-08  1.01564e-11
      1311.60  1.25791e-08  9.56135e-12
      1311.94  7.35572e-09  7.18148e-12
      1312.28  3.78588e-09  5.45776e-12
      1312.63  2.55488e-09  4.88133e-12
      1312.97  2.18602e-09  4.90288e-12
      1313.32  2.97159e-09  5.60812e-12
      1313.66  4.92961e-09  7.29566e-12
      1314.01  4.16758e-09  6.67615e-12
      1314.35  2.32355e-09  5.10950e-12
      1314.70  1.75126e-09  4.44748e-12
      1315.05  1.74614e-09  4.20593e-12
      1315.39  1.98916e-09  4.22455e-12
      1315.74  2.57907e-09  4.63720e-12
      1316.08  4.02126e-09  5.50595e-12
      1316.43  8.16742e-09  7.54264e-12
      1316.78  1.38432e-08  1.02188e-11
      1317.12  1.11372e-08  8.97642e-12
      1317.47  5.28616e-09  6.20123e-12
      1317.82  3.07977e-09  5.02124e-12
      1318.17  3.14080e-09  5.06343e-12
      1318.51  5.27023e-09  6.55688e-12
      1318.86  6.58103e-09  7.73359e-12
      1319.21  4.38882e-09  6.66611e-12
      1319.56  2.48485e-09  5.42702e-12
      1319.91  2.54050e-09  5.70306e-12
      1320.25  2.57820e-09  5.35954e-12
      1320.60  2.56643e-09  5.00874e-12
      1320.95  3.14478e-09  5.10558e-12
      1321.30  4.53448e-09  5.66145e-12
      1321.65  9.08162e-09  7.55353e-12
      1322.00  1.73390e-08  1.10806e-11
      1322.35  1.49655e-08  1.02594e-11
      1322.70  7.38198e-09  7.28126e-12
      1323.05  4.62935e-09  6.04693e-12
      1323.40  5.19172e-09  6.37058e-12
      1323.75  6.18902e-09  6.89586e-12
      1324.10  6.47732e-09  7.13852e-12
      1324.45  4.69124e-09  6.22994e-12
      1324.80  3.28991e-09  5.79509e-12
      