227
      1249.95  1.07919e-08  1.36403e-11
      1250.27  5.49199e-09  9.59990e-12
      1250.58  1.87775e-09  6.41497e-12
      1250.89  1.27361e-09  5.85215e-12
      1251.20  1.64202e-09  6.17462e-12
      1251.52  2.53704e-09  7.03582e-12
      1251.83  4.40431e-09  8.78527e-12
      1252.14  5.76272e-09  1.00976e-11
      1252.46  5.53959e-09  9.91148e-12
      1252.77  5.06041e-09  9.19327e-12
      1253.09  8.19632e-09  1.07234e-11
      1253.40  1.57380e-08  1.40004e-11
      1253.71  1.99285e-08  1.55363e-11
      1254.03  1.26131e-08  1.19852e-11
      1254.34  5.99655e-09  8.54253e-12
      1254.66  7.13420e-09  9.51986e-12
      1254.97  1.11998e-08  1.24264e-11
      1255.29  7.93685e-09  1.05799e-11
      1255.60  3.56594e-09  7.59643e-12
      1255.92  3.80308e-09  7.76930e-12
      1256.23  6.60708e-09  9.11579e-12
      1256.55  1.13844e-08  1.17471e-11
      1256.87  9.86146e-09  1.12808e-11
      1257.18  4.32636e-09  7.52333e-12
      1257.50  2.75684e-09  7.23493e-12
      1257.81  2.97542e-09  7.59528e-12
      1258.13  3.67764e-09  8.26242e-12
      1258.45  3.73343e-09  8.14085e-12
      1258.76  3.89990e-09  7.72199e-12
      1259.08  6.71762e-09  9.02965e-12
      1259.40  1.37509e-08  1.24142e-11
      1259.72  1.90446e-08  1.46941e-11
      1260.03  1.47888e-08  1.29460e-11
      1260.35  1.06180e-08  1.10699e-11
      1260.67  1.33938e-08  1.31936e-11
      1260.99  1.27418e-08  1.30218e-11
      1261.30  1.00789e-08  1.12421e-11
      1261.62  1.24056e-08  1.23813e-11
      1261.94  1.31648e-08  1.20872e-11
      1262.26  1.34246e-08  1.23431e-11
      1262.58  9.92464e-09  1.03879e-11
      1262.90  1.01785e-08  1.00902e-11
      1263.22  1.59698e-08  1.33098e-11
      1263.54  1.36431e-08  1.23899e-11
      1263.86  8.48341e-09  9.97900e-12
      1264.17  6.59643e-09  9.23691e-12
      1264.49  4.81332e-09  8.14228e-12
      1264.81  5.06106e-09  7.39122e-12
      1265.13  1.00421e-08  9.70886e-12
      1265.45  1.58688e-08  1.20471e-11
      1265.77  1.44819e-08  1.14810e-11
      1266.10  7.89633e-09  8.67907e-12
      1266.42  3.91640e-09  6.57859e-12
      1266.74  3.28432e-09  6.36163e-12
      1267.06  4.40663e-09  7.03083e-12
      1267.38  9.08367e-09  9.51285e-12
      1267.70  1.68172e-08  1.31052e-11
      1268.02  1.86021e-08  1.23458e-11
      1268.34  1.76384e-08  1.31156e-11
      1268.67  1.62126e-08  1.28120e-11
      1268.99  1.65925e-08  1.27579e-11
      1269.31  1.31896e-08  1.15535e-11
      1269.63  8.54428e-09  9.56628e-12
      1269.95  7.01103e-09  8.87079e-12
      1270.28  8.35227e-09  9.07687e-12
      1270.60  1.41308e-08  1.15878e-11
      1270.92  1.71467e-08  1.22019e-11
      1271.25  1.86621e-08  1.25483e-11
      1271.57  1.87014e-08  1.29255e-11
      1271.89  1.13432e-08  1.02216e-11
      1272.22  4.98016e-09  7.26365e-12
      1272.54  3.05855e-09  6.34969e-12
      1272.86  2.50682e-09  5.94107e-12
      1273.19  2.34231e-09  5.68407e-12
      1273.51  2.78402e-09  5.71979e-12
      1273.84  4.38420e-09  6.64816e-12
      1274.16  5.89277e-09  7.40047e-12
      1274.49  7.49355e-09  7.95824e-12
      1274.81  1.34234e-08  1.09158e-11
      1275.14  1.88696e-08  1.33057e-11
      1275.46  1.71013e-08  1.28127e-11
      1275.79  1.12171e-08  1.04415e-11
      1276.11  7.19037e-09  8.29028e-12
      1276.44  9.10167e-09  8.83565e-12
      1276.76  1.56798e-08  1.18817e-11
      1277.09  1.63070e-08  1.09656e-11
      1277.42  1.66922e-08  1.24665e-11
      1277.74  1.18023e-08  1.06235e-11
      1278.07  5.52753e-09  7.56443e-12
      1278.40  3.32477e-09  6.44749e-12
      1278.72  2.57558e-09  5.97549e-12
      1279.05  2.50933e-09  5.69053e-12
      1279.38  3.31225e-09  5.96303e-12
      1279.71  4.87248e-09  6.77885e-12
      1280.03  6.37479e-09  8.09763e-12
      1280.36  5.92212e-09  7.49197e-12
      1280.69  6.29236e-09  7.80078e-12
      1281.02  8.23059e-09  9.11756e-12
      1281.34  1.20974e-08  1.12172e-11
      1281.67  1.47781e-08  1.29798e-11
      1282.00  1.15300e-08  1.10187e-11
      1282.33  1.18456e-08  1.03566e-11
      1282.66  1.81788e-08  1.24986e-11
      1282.99  2.32178e-08  1.39234e-11
      1283.32  2.32746e-08  1.41080e-11
      1283.65  1.65695e-08  1.21927e-11
      1283.98  8.83306e-09  9.26791e-12
      1284.31  5.03379e-09  7.54836e-12
      1284.64  3.70696e-09  6.69501e-12
      1284.97  3.53713e-09  6.58601e-12
      1285.30  4.14001e-09  6.47651e-12
      1285.63  3.71613e-09  6.09478e-12
      1285.96  3.41090e-09  5.84987e-12
      1286.29  5.08814e-09  7.06914e-12
      1286.62  7.15617e-09  8.47435e-12
      1286.95  6.78609e-09  8.29089e-12
      1287.28  8.37692e-09  9.03842e-12
      1287.61  1.45280e-08  1.22350e-11
      1287.95  1.73154e-08  1.32155e-11
      1288.28  1.76094e-08  1.23909e-11
      1288.61  1.76556e-08  1.18757e-11
      1288.94  1.75512e-08  1.20365e-11
      1289.27  1.27452e-08  1.03296e-11
      1289.61  9.28269e-09  9.32164e-12
      1289.94  7.48810e-09  8.95450e-12
      1290.27  5.11202e-09  7.68193e-12
      1290.61  4.30184e-09  7.35002e-12
      1290.94  3.33805e-09  6.42436e-12
      1291.27  2.46114e-09  5.39319e-12
      1291.61  2.82530e-09  5.46021e-12
      1291.94  4.61177e-09  6.57135e-12
      1292.27  7.92463e-09  8.42920e-12
      1292.61  1.10901e-08  1.06974e-11
      1292.94  8.53398e-09  9.48474e-12
      1293.28  6.22030e-09  8.41453e-12
      1293.61  8.15672e-09  9.54884e-12
      1293.95  1.04363e-08  9.72006e-12
      1294.28  1.55509e-08  1.12952e-11
      1294.62  1.78688e-08  1.18747e-11
      1294.95  1.52323e-08  1.06925e-11
      1295.29  1.45641e-08  1.09644e-11
      1295.62  1.25486e-08  1.05973e-11
      1295.96  9.15375e-09  9.25172e-12
      1296.29  7.93381e-09  8.86285e-12
      1296.63  8.28354e-09  8.94406e-12
      1296.97  1.01740e-08  9.40916e-12
      1297.30  1.57028e-08  1.13347e-11
      1297.64  2.12835e-08  1.33810e-11
      1297.98  1.82429e-08  1.24337e-11
      1298.31  1.16235e-08  1.02857e-11
      1298.65  6.57364e-09  8.05730e-12
      1298.99  4.93632e-09  7.25712e-12
      1299.33  7.92290e-09  9.18248e-12
      1299.66  1.44464e-08  1.20566e-11
      1300.00  1.68995e-08  1.28999e-11
      1300.34  1.47154e-08  1.18803e-11
      1300.68  1.00954e-08  9.34784e-12
      1301.02  1.01996e-08  9.06626e-12
      1301.35  1.76907e-08  1.23661e-11
      1301.69  2.13026e-08  1.34467e-11
      1302.03  2.07059e-08  1.34426e-11
      1302.37  1.84080e-08  1.21155e-11
      1302.71  2.11956e-08  1.29948e-11
      1303.05  2.32935e-08  1.30147e-11
      1303.39  2.66430e-08  1.40104e-11
      1303.73  2.85712e-08  1.53529e-11
      1304.07  2.65791e-08  1.50403e-11
      1304.41  2.72633e-08  1.53895e-11
      1304.75  2.89837e-08  1.62434e-11
      1305.09  3.03181e-08  1.65905e-11
      1305.43  3.55186e-08  1.76764e-11
      1305.77  4.16867e-08  1.89908e-11
      1306.11  4.19489e-08  1.88631e-11
      1306.46  2.88574e-08  1.59340e-11
      1306.80  1.43246e-08  1.14655e-11
      1307.14  7.33709e-09  8.70494e-12
      1307.48  4.93898e-09  7.37965e-12
      1307.82  3.90629e-09  6.66524e-12
      1308.16  3.88128e-09  6.36247e-12
      1308.51  4.63922e-09  6.61103e-12
      1308.85  3.84169e-09  5.74578e-12
      1309.19  2.75205e-09  4.95730e-12
      1309.53  2.52379e-09  4.91933e-12
      1309.88  2.47851e-09  5.20481e-12
      1310.22  2.65611e-09  5.53374e-12
      1310.56  3.42369e-09  6.34598e-12
      1310.91  6.17401e-09  7.94180e-12
      1311.25  1.19495e-08  1.10613e-11
      1311.60  1.21608e-08  1.07028e-11
      1311.94  7.06599e-09  7.89502e-12
      1312.28  3.76760e-09  6.33578e-12
      1312.63  2.59846e-09  5.54033e-12
      1312.97  2.18281e-09  5.77331e-12
      1313.32  2.86670e-09  6.41337e-12
      1313.66  4.72246e-09  7.87247e-12
      1314.01  3.94154e-09  6.83107e-12
      1314.35  2.26808e-09  5.24969e-12
      1314.70  1.72395e-09  4.61933e-12
      1315.05  1.71245e-09  4.29692e-12
      1315.39  1.94293e-09  4.50450e-12
      1315.74  2.48952e-09  5.07458e-12
      1316.08  3.80765e-09  6.14481e-12
      1316.43  7.71022e-09  8.54185e-12
      1316.78  1.30878e-08  1.15140e-11
      1317.12  1.05962e-08  1.01613e-11
      1317.47  5.07642e-09  7.00970e-12
      1317.82  2.95958e-09  5.67072e-12
      1318.17  2.89542e-09  5.74637e-12
      1318.51  4.77518e-09  7.19438e-12
      1318.86  6.22957e-09  9.13101e-12
      1319.21  4.32356e-09  7.96153e-12
      1319.56  2.47903e-09  6.22786e-12
      1319.91  2.45896e-09  5.91515e-12
      1320.25  2.47918e-09  5.47679e-12
      1320.60  2.44430e-09  5.03328e-12
      1320.95  2.97027e-09  5.20038e-12
      1321.30  4.26445e-09  5.92401e-12
      1321.65  8.51666e-09  8.10748e-12
      1322.00  1.62519e-08  1.22086e-11
      1322.35  1.41839e-08  1.15875e-11
      1322.70  7.09813e-09  8.32845e-12
      1323.05  4.44246e-09  6.82371e-12
      1323.40  4.93235e-09  7.06614e-12
      1323.75  5.83078e-09  7.74434e-12
      1324.10  6.17272e-09  7.98732e-12
      1324.45  4.61781e-09  7.44254e-12
      1324.80  3.26100e-09  6.86622e-12
      