227
      1249.95  1.11952e-08  1.15205e-11
      1250.27  5.60749e-09  8.26146e-12
      1250.58  1.83601e-09  5.45592e-12
      1250.89  1.30418e-09  5.06784e-12
      1251.20  1.71249e-09  5.31611e-12
      1251.52  2.61038e-09  6.05975e-12
      1251.83  4.53509e-09  7.76641e-12
      1252.14  5.97754e-09  9.06698e-12
      1252.46  5.76137e-09  9.18507e-12
      1252.77  5.33075e-09  8.76049e-12
      1253.09  8.71181e-09  1.04483e-11
      1253.40  1.65960e-08  1.37019e-11
      1253.71  2.08109e-08  1.51152e-11
      1254.03  1.31517e-08  1.16678e-11
      1254.34  6.34008e-09  8.37354e-12
      1254.66  7.58801e-09  9.51157e-12
      1254.97  1.18871e-08  1.26473e-11
      1255.29  8.25882e-09  1.05941e-11
      1255.60  3.72418e-09  7.67230e-12
      1255.92  3.99540e-09  7.88439e-12
      1256.23  6.89928e-09  9.12718e-12
      1256.55  1.13409e-08  1.15400e-11
      1256.87  8.21338e-09  9.43400e-12
      1257.18  3.65455e-09  6.71466e-12
      1257.50  2.56961e-09  6.18220e-12
      1257.81  2.93065e-09  6.70696e-12
      1258.13  3.77803e-09  7.49099e-12
      1258.45  3.79858e-09  7.29270e-12
      1258.76  3.93960e-09  6.99814e-12
      1259.08  6.97453e-09  8.17389e-12
      1259.40  1.45585e-08  1.11276e-11
      1259.72  2.01816e-08  1.28366e-11
      1260.03  1.54025e-08  1.08717e-11
      1260.35  1.09727e-08  9.19585e-12
      1260.67  1.40255e-08  1.10383e-11
      1260.99  1.33219e-08  1.07925e-11
      1261.30  1.04932e-08  9.34678e-12
      1261.62  1.29077e-08  1.04424e-11
      1261.94  1.37860e-08  1.01954e-11
      1262.26  1.40134e-08  1.01686e-11
      1262.58  1.05610e-08  8.47040e-12
      1262.90  1.06863e-08  8.48327e-12
      1263.22  1.64797e-08  1.12310e-11
      1263.54  1.40748e-08  1.05825e-11
      1263.86  8.79687e-09  8.72300e-12
      1264.17  6.83919e-09  8.22468e-12
      1264.49  5.02391e-09  7.17347e-12
      1264.81  5.29912e-09  6.90411e-12
      1265.13  1.05562e-08  9.23572e-12
      1265.45  1.65995e-08  1.15650e-11
      1265.77  1.50770e-08  1.10778e-11
      1266.10  8.22980e-09  8.39287e-12
      1266.42  4.13044e-09  6.54772e-12
      1266.74  3.45947e-09  6.39103e-12
      1267.06  4.66480e-09  7.19497e-12
      1267.38  9.82967e-09  9.64238e-12
      1267.70  1.84716e-08  1.30137e-11
      1268.02  1.98277e-08  1.25512e-11
      1268.34  1.95669e-08  1.22727e-11
      1268.67  1.76656e-08  1.13484e-11
      1268.99  1.75687e-08  1.18328e-11
      1269.31  1.37293e-08  1.05800e-11
      1269.63  8.94297e-09  8.75742e-12
      1269.95  7.32623e-09  8.08931e-12
      1270.28  8.79320e-09  8.32391e-12
      1270.60  1.50091e-08  1.05525e-11
      1270.92  1.80242e-08  1.07794e-11
      1271.25  1.96514e-08  1.09146e-11
      1271.57  1.96393e-08  1.10872e-11
      1271.89  1.16936e-08  8.54791e-12
      1272.22  5.09366e-09  6.10928e-12
      1272.54  3.10326e-09  5.40823e-12
      1272.86  2.52465e-09  5.16543e-12
      1273.19  2.35459e-09  5.01591e-12
      1273.51  2.84796e-09  5.13303e-12
      1273.84  4.54761e-09  6.00040e-12
      1274.16  6.10263e-09  6.68983e-12
      1274.49  7.80851e-09  7.28225e-12
      1274.81  1.40129e-08  1.01923e-11
      1275.14  1.96172e-08  1.26247e-11
      1275.46  1.77782e-08  1.24403e-11
      1275.79  1.17090e-08  1.03465e-11
      1276.11  7.61953e-09  8.34318e-12
      1276.44  9.74929e-09  8.91225e-12
      1276.76  1.66021e-08  1.15845e-11
      1277.09  1.74139e-08  1.11919e-11
      1277.42  1.77027e-08  1.15956e-11
      1277.74  1.24614e-08  9.84176e-12
      1278.07  5.78171e-09  7.01327e-12
      1278.40  3.36267e-09  6.00032e-12
      1278.72  2.56831e-09  5.47680e-12
      1279.05  2.53902e-09  5.21871e-12
      1279.38  3.40861e-09  5.53778e-12
      1279.71  5.13286e-09  6.13713e-12
      1280.03  6.86353e-09  6.91049e-12
      1280.36  6.29516e-09  6.49569e-12
      1280.69  6.58721e-09  6.83067e-12
      1281.02  8.65148e-09  7.95193e-12
      1281.34  1.26584e-08  9.88547e-12
      1281.67  1.54018e-08  1.11973e-11
      1282.00  1.23099e-08  9.86664e-12
      1282.33  1.24667e-08  9.39955e-12
      1282.66  1.89172e-08  1.14299e-11
      1282.99  2.40884e-08  1.27937e-11
      1283.32  2.40325e-08  1.30683e-11
      1283.65  1.71704e-08  1.13720e-11
      1283.98  9.22091e-09  8.71776e-12
      1284.31  5.25963e-09  7.22044e-12
      1284.64  3.87162e-09  6.50073e-12
      1284.97  3.80114e-09  6.34754e-12
      1285.30  4.43866e-09  6.64427e-12
      1285.63  3.85150e-09  5.87944e-12
      1285.96  3.53374e-09  5.46916e-12
      1286.29  5.35511e-09  6.53303e-12
      1286.62  7.53516e-09  7.88342e-12
      1286.95  7.12824e-09  7.66574e-12
      1287.28  8.87028e-09  8.35758e-12
      1287.61  1.54746e-08  1.11283e-11
      1287.95  1.86488e-08  1.17098e-11
      1288.28  1.86357e-08  1.11272e-11
      1288.61  1.85823e-08  1.06715e-11
      1288.94  1.84090e-08  1.08147e-11
      1289.27  1.32770e-08  9.18297e-12
      1289.61  9.74134e-09  8.36792e-12
      1289.94  7.79494e-09  7.99667e-12
      1290.27  5.30745e-09  6.85481e-12
      1290.61  4.49075e-09  6.73199e-12
      1290.94  3.42674e-09  5.82382e-12
      1291.27  2.52265e-09  4.97053e-12
      1291.61  2.88922e-09  5.12002e-12
      1291.94  4.74081e-09  6.20279e-12
      1292.27  8.11056e-09  7.88059e-12
      1292.61  1.19484e-08  1.02170e-11
      1292.94  8.69449e-09  8.68096e-12
      1293.28  6.53546e-09  7.67299e-12
      1293.61  8.76575e-09  8.84013e-12
      1293.95  1.10472e-08  9.03751e-12
      1294.28  1.67938e-08  1.08261e-11
      1294.62  1.90586e-08  1.11479e-11
      1294.95  1.57907e-08  9.79499e-12
      1295.29  1.53562e-08  1.01621e-11
      1295.62  1.32237e-08  9.65561e-12
      1295.96  9.60176e-09  8.50258e-12
      1296.29  8.29972e-09  8.09561e-12
      1296.63  8.65743e-09  8.21574e-12
      1296.97  1.05891e-08  8.58677e-12
      1297.30  1.64212e-08  1.04437e-11
      1297.64  2.23789e-08  1.23787e-11
      1297.98  1.90176e-08  1.14234e-11
      1298.31  1.20719e-08  9.80438e-12
      1298.65  6.76063e-09  7.51768e-12
      1298.99  5.02167e-09  6.73871e-12
      1299.33  8.62041e-09  8.47551e-12
      1299.66  1.59231e-08  1.15116e-11
      1300.00  1.78928e-08  1.14517e-11
      1300.34  1.56430e-08  1.04484e-11
      1300.68  1.06724e-08  8.34014e-12
      1301.02  1.07071e-08  8.24133e-12
      1301.35  1.89477e-08  1.16283e-11
      1301.69  2.27274e-08  1.27001e-11
      1302.03  2.20030e-08  1.26912e-11
      1302.37  1.93174e-08  1.14399e-11
      1302.71  2.22989e-08  1.22426e-11
      1303.05  2.45412e-08  1.22965e-11
      1303.39  2.78756e-08  1.30319e-11
      1303.73  3.02128e-08  1.38169e-11
      1304.07  2.80430e-08  1.36558e-11
      1304.41  2.84504e-08  1.44025e-11
      1304.75  3.02593e-08  1.53898e-11
      1305.09  3.15343e-08  1.57616e-11
      1305.43  3.68768e-08  1.68225e-11
      1305.77  4.34812e-08  1.77236e-11
      1306.11  4.35482e-08  1.73369e-11
      1306.46  2.97826e-08  1.40084e-11
      1306.80  1.45335e-08  9.73690e-12
      1307.14  7.61441e-09  7.46971e-12
      1307.48  5.19280e-09  6.62163e-12
      1307.82  4.11845e-09  6.15235e-12
      1308.16  4.07684e-09  5.98502e-12
      1308.51  4.89057e-09  6.27989e-12
      1308.85  4.01711e-09  5.53414e-12
      1309.19  2.83611e-09  4.70783e-12
      1309.53  2.60464e-09  4.66578e-12
      1309.88  2.57306e-09  4.92097e-12
      1310.22  2.77996e-09  5.26470e-12
      1310.56  3.61880e-09  5.95312e-12
      1310.91  6.55964e-09  7.57067e-12
      1311.25  1.22596e-08  1.03915e-11
      1311.60  1.24630e-08  1.01122e-11
      1311.94  7.37535e-09  7.54428e-12
      1312.28  3.82880e-09  5.55479e-12
      1312.63  2.56334e-09  4.87529e-12
      1312.97  2.17321e-09  4.74977e-12
      1313.32  2.93726e-09  5.37223e-12
      1313.66  4.86727e-09  6.89545e-12
      1314.01  4.13233e-09  6.19704e-12
      1314.35  2.33127e-09  4.74035e-12
      1314.70  1.75147e-09  4.13316e-12
      1315.05  1.74139e-09  4.04077e-12
      1315.39  1.98544e-09  4.23453e-12
      1315.74  2.57739e-09  4.86929e-12
      1316.08  3.99171e-09  5.92713e-12
      1316.43  8.03875e-09  8.19171e-12
      1316.78  1.38082e-08  1.12358e-11
      1317.12  1.11537e-08  9.89461e-12
      1317.47  5.24694e-09  6.68169e-12
      1317.82  3.07439e-09  5.22006e-12
      1318.17  3.08493e-09  5.07896e-12
      1318.51  5.21610e-09  6.55281e-12
      1318.86  6.60140e-09  7.54875e-12
      1319.21  4.38270e-09  6.34367e-12
      1319.56  2.44380e-09  5.07288e-12
      1319.91  2.53872e-09  5.18434e-12
      1320.25  2.56616e-09  4.93424e-12
      1320.60  2.53799e-09  4.64868e-12
      1320.95  3.10857e-09  4.90139e-12
      1321.30  4.46321e-09  5.63914e-12
      1321.65  8.98585e-09  8.07878e-12
      1322.00  1.72732e-08  1.19309e-11
      1322.35  1.48814e-08  1.12327e-11
      1322.70  7.42262e-09  8.17648e-12
      1323.05  4.63950e-09  6.77143e-12
      1323.40  5.15511e-09  6.84704e-12
      1323.75  6.14185e-09  7.05683e-12
      1324.10  6.44236e-09  7.21464e-12
      1324.45  4.68368e-09  6.20947e-12
      1324.80  3.28669e-09  5.58802e-12
      