227
      1249.95  9.45017e-09  1.12849e-11
      1250.27  4.69817e-09  8.07965e-12
      1250.58  1.54388e-09  5.33068e-12
      1250.89  1.03263e-09  4.97614e-12
      1251.20  1.35857e-09  5.24025e-12
      1251.52  2.14236e-09  5.95591e-12
      1251.83  3.81176e-09  7.47414e-12
      1252.14  5.05263e-09  8.44430e-12
      1252.46  4.89012e-09  8.40832e-12
      1252.77  4.44943e-09  7.95015e-12
      1253.09  7.35101e-09  9.08856e-12
      1253.40  1.43554e-08  1.18648e-11
      1253.71  1.83023e-08  1.31617e-11
      1254.03  1.15580e-08  1.02089e-11
      1254.34  5.48078e-09  7.36265e-12
      1254.66  6.57816e-09  8.24654e-12
      1254.97  1.04558e-08  1.08398e-11
      1255.29  7.36587e-09  9.23247e-12
      1255.60  3.29978e-09  6.54335e-12
      1255.92  3.51006e-09  6.63320e-12
      1256.23  6.12098e-09  7.73895e-12
      1256.55  1.00551e-08  9.67661e-12
      1256.87  7.98896e-09  8.52639e-12
      1257.18  4.71551e-09  7.53155e-12
      1257.50  2.59177e-09  6.06570e-12
      1257.81  2.63667e-09  6.24778e-12
      1258.13  3.27804e-09  6.81142e-12
      1258.45  3.29897e-09  6.71885e-12
      1258.76  3.44175e-09  6.43866e-12
      1259.08  6.09328e-09  7.60694e-12
      1259.40  1.27080e-08  1.03723e-11
      1259.72  1.75722e-08  1.21523e-11
      1260.03  1.33941e-08  1.05465e-11
      1260.35  9.57530e-09  9.11464e-12
      1260.67  1.21906e-08  1.08840e-11
      1260.99  1.13860e-08  1.05439e-11
      1261.30  8.91879e-09  9.13025e-12
      1261.62  1.10801e-08  1.02239e-11
      1261.94  1.16577e-08  9.81963e-12
      1262.26  1.19877e-08  9.92774e-12
      1262.58  8.84502e-09  8.30232e-12
      1262.90  8.93228e-09  8.22801e-12
      1263.22  1.41564e-08  1.09270e-11
      1263.54  1.20413e-08  1.01759e-11
      1263.86  7.41708e-09  8.23800e-12
      1264.17  5.73389e-09  7.55283e-12
      1264.49  4.18245e-09  6.46693e-12
      1264.81  4.43025e-09  6.07880e-12
      1265.13  8.96629e-09  8.02594e-12
      1265.45  1.42945e-08  1.00939e-11
      1265.77  1.31320e-08  9.74441e-12
      1266.10  7.18986e-09  7.35049e-12
      1266.42  3.58059e-09  5.66297e-12
      1266.74  2.99204e-09  5.59657e-12
      1267.06  4.08165e-09  6.09505e-12
      1267.38  8.65306e-09  8.10733e-12
      1267.70  1.61278e-08  1.09790e-11
      1268.02  1.76190e-08  1.10474e-11
      1268.34  1.71933e-08  1.09463e-11
      1268.67  1.57586e-08  1.03551e-11
      1268.99  1.55382e-08  1.06798e-11
      1269.31  1.22370e-08  9.65961e-12
      1269.63  7.89331e-09  8.05468e-12
      1269.95  6.41234e-09  7.44079e-12
      1270.28  7.74179e-09  7.72872e-12
      1270.60  1.29863e-08  9.74636e-12
      1270.92  1.57440e-08  1.02942e-11
      1271.25  1.71019e-08  1.04835e-11
      1271.57  1.69534e-08  1.06887e-11
      1271.89  1.02436e-08  8.47373e-12
      1272.22  4.40863e-09  6.02864e-12
      1272.54  2.62061e-09  5.28221e-12
      1272.86  2.11470e-09  4.99661e-12
      1273.19  1.96903e-09  4.81003e-12
      1273.51  2.37859e-09  4.75464e-12
      1273.84  3.78342e-09  5.46193e-12
      1274.16  5.11253e-09  6.07204e-12
      1274.49  6.60301e-09  6.66007e-12
      1274.81  1.19086e-08  9.18845e-12
      1275.14  1.68797e-08  1.12805e-11
      1275.46  1.54547e-08  1.10399e-11
      1275.79  1.01759e-08  9.05754e-12
      1276.11  6.52693e-09  7.20564e-12
      1276.44  8.35587e-09  7.59685e-12
      1276.76  1.46997e-08  1.01083e-11
      1277.09  1.53008e-08  9.97363e-12
      1277.42  1.56403e-08  1.05633e-11
      1277.74  1.10594e-08  8.96477e-12
      1278.07  5.04346e-09  6.38015e-12
      1278.40  2.96818e-09  5.51955e-12
      1278.72  2.27875e-09  5.24403e-12
      1279.05  2.20920e-09  4.92377e-12
      1279.38  2.95288e-09  5.07649e-12
      1279.71  4.44951e-09  5.67335e-12
      1280.03  6.00708e-09  6.51545e-12
      1280.36  5.40809e-09  6.08764e-12
      1280.69  5.61739e-09  6.44530e-12
      1281.02  7.35137e-09  7.48537e-12
      1281.34  1.08503e-08  9.22926e-12
      1281.67  1.34263e-08  1.06289e-11
      1282.00  1.03961e-08  8.88299e-12
      1282.33  1.03988e-08  8.40283e-12
      1282.66  1.62058e-08  1.03176e-11
      1282.99  2.08517e-08  1.15757e-11
      1283.32  2.10258e-08  1.19609e-11
      1283.65  1.48612e-08  1.03044e-11
      1283.98  7.80278e-09  7.84037e-12
      1284.31  4.42272e-09  6.49631e-12
      1284.64  3.28941e-09  5.79250e-12
      1284.97  3.24001e-09  5.58287e-12
      1285.30  3.85678e-09  5.93593e-12
      1285.63  3.33098e-09  5.34251e-12
      1285.96  3.03975e-09  4.96312e-12
      1286.29  4.66923e-09  5.99414e-12
      1286.62  6.69896e-09  7.32873e-12
      1286.95  6.24324e-09  7.07063e-12
      1287.28  7.70540e-09  7.67141e-12
      1287.61  1.37954e-08  1.03316e-11
      1287.95  1.65445e-08  1.08558e-11
      1288.28  1.64292e-08  1.03407e-11
      1288.61  1.63109e-08  9.95892e-12
      1288.94  1.61699e-08  1.00910e-11
      1289.27  1.15728e-08  8.60857e-12
      1289.61  8.32439e-09  7.73470e-12
      1289.94  6.62360e-09  7.36365e-12
      1290.27  4.47786e-09  6.33422e-12
      1290.61  3.75074e-09  6.07163e-12
      1290.94  2.89837e-09  5.41199e-12
      1291.27  2.12960e-09  4.54205e-12
      1291.61  2.45914e-09  4.63784e-12
      1291.94  4.09409e-09  5.61444e-12
      1292.27  7.50182e-09  7.70524e-12
      1292.61  1.03996e-08  9.28671e-12
      1292.94  7.71339e-09  8.21029e-12
      1293.28  5.72856e-09  7.21021e-12
      1293.61  7.53621e-09  8.10113e-12
      1293.95  9.82235e-09  8.46352e-12
      1294.28  1.46273e-08  9.82783e-12
      1294.62  1.70487e-08  1.03471e-11
      1294.95  1.56769e-08  9.86519e-12
      1295.29  1.45510e-08  9.73103e-12
      1295.62  1.18082e-08  8.98660e-12
      1295.96  8.43751e-09  7.77609e-12
      1296.29  7.20314e-09  7.36518e-12
      1296.63  7.45270e-09  7.35955e-12
      1296.97  9.15267e-09  7.77243e-12
      1297.30  1.41310e-08  9.31832e-12
      1297.64  1.91653e-08  1.10277e-11
      1297.98  1.63795e-08  1.03068e-11
      1298.31  1.02999e-08  8.54138e-12
      1298.65  5.75404e-09  6.72545e-12
      1298.99  4.26248e-09  6.02358e-12
      1299.33  7.29779e-09  7.66142e-12
      1299.66  1.35642e-08  1.06362e-11
      1300.00  1.54420e-08  1.07352e-11
      1300.34  1.35437e-08  9.79427e-12
      1300.68  9.25866e-09  7.81177e-12
      1301.02  9.39616e-09  7.71032e-12
      1301.35  1.67811e-08  1.08252e-11
      1301.69  2.01689e-08  1.17272e-11
      1302.03  1.96325e-08  1.17290e-11
      1302.37  1.72051e-08  1.03948e-11
      1302.71  1.99811e-08  1.11268e-11
      1303.05  2.17819e-08  1.10258e-11
      1303.39  2.48939e-08  1.17791e-11
      1303.73  2.68064e-08  1.25443e-11
      1304.07  2.47381e-08  1.23184e-11
      1304.41  2.49883e-08  1.30709e-11
      1304.75  2.64464e-08  1.38592e-11
      1305.09  2.76311e-08  1.41969e-11
      1305.43  3.26204e-08  1.53125e-11
      1305.77  3.86353e-08  1.63447e-11
      1306.11  3.85439e-08  1.65143e-11
      1306.46  2.61564e-08  1.34499e-11
      1306.80  1.27367e-08  9.45405e-12
      1307.14  6.60024e-09  7.20710e-12
      1307.48  4.45810e-09  6.30422e-12
      1307.82  3.54699e-09  5.74221e-12
      1308.16  3.55377e-09  5.56641e-12
      1308.51  4.26358e-09  5.79614e-12
      1308.85  3.51890e-09  4.98069e-12
      1309.19  2.49638e-09  4.27262e-12
      1309.53  2.27266e-09  4.19951e-12
      1309.88  2.22613e-09  4.33957e-12
      1310.22  2.37621e-09  4.62696e-12
      1310.56  3.06755e-09  5.28222e-12
      1310.91  5.52905e-09  6.65259e-12
      1311.25  1.06537e-08  9.19245e-12
      1311.60  1.08531e-08  8.96078e-12
      1311.94  6.28741e-09  6.67465e-12
      1312.28  3.20118e-09  5.03908e-12
      1312.63  2.13979e-09  4.65801e-12
      1312.97  1.80330e-09  4.67445e-12
      1313.32  2.44402e-09  5.18067e-12
      1313.66  4.26345e-09  6.66950e-12
      1314.01  3.59021e-09  5.88959e-12
      1314.35  2.01175e-09  4.47901e-12
      1314.70  1.52862e-09  3.88430e-12
      1315.05  1.53462e-09  3.75030e-12
      1315.39  1.74832e-09  3.90325e-12
      1315.74  2.24326e-09  4.31183e-12
      1316.08  3.44563e-09  5.17899e-12
      1316.43  7.04453e-09  7.17660e-12
      1316.78  1.21477e-08  9.77943e-12
      1317.12  9.68017e-09  8.58319e-12
      1317.47  4.52946e-09  5.93150e-12
      1317.82  2.59311e-09  4.76063e-12
      1318.17  2.61458e-09  4.75890e-12
      1318.51  4.35473e-09  6.25211e-12
      1318.86  5.44128e-09  7.29473e-12
      1319.21  3.70800e-09  6.91702e-12
      1319.56  2.13588e-09  5.37525e-12
      1319.91  2.16167e-09  5.08132e-12
      1320.25  2.21395e-09  4.74630e-12
      1320.60  2.21360e-09  4.40290e-12
      1320.95  2.70760e-09  4.61405e-12
      1321.30  3.93959e-09  5.14833e-12
      1321.65  7.94714e-09  6.92991e-12
      1322.00  1.51171e-08  1.02434e-11
      1322.35  1.33152e-08  9.80988e-12
      1322.70  6.57594e-09  7.02542e-12
      1323.05  3.99561e-09  5.65145e-12
      1323.40  4.38529e-09  5.86357e-12
      1323.75  5.19265e-09  6.25213e-12
      1324.10  5.41590e-09  6.59626e-12
      1324.45  3.99685e-09  5.93043e-12
      1324.80  2.74991e-09  5.40243e-12
      