227
      1249.95  2.27063e-08  2.69611e-11
      1250.27  1.20964e-08  1.86420e-11
      1250.58  4.75522e-09  1.16274e-11
      1250.89  3.44214e-09  1.01897e-11
      1251.20  4.25191e-09  1.12653e-11
      1251.52  6.00590e-09  1.29680e-11
      1251.83  9.87959e-09  1.70507e-11
      1252.14  1.28930e-08  1.95414e-11
      1252.46  1.27215e-08  1.95348e-11
      1252.77  1.15792e-08  1.77119e-11
      1253.09  1.72279e-08  2.00880e-11
      1253.40  3.07816e-08  2.57686e-11
      1253.71  3.82220e-08  2.89512e-11
      1254.03  2.46772e-08  2.18505e-11
      1254.34  1.30596e-08  1.58197e-11
      1254.66  1.48812e-08  1.73914e-11
      1254.97  2.28436e-08  2.34577e-11
      1255.29  1.62512e-08  1.90707e-11
      1255.60  8.11045e-09  1.32161e-11
      1255.92  8.74192e-09  1.34977e-11
      1256.23  1.36388e-08  1.53546e-11
      1256.55  2.18670e-08  1.97668e-11
      1256.87  1.64911e-08  1.65730e-11
      1257.18  8.26732e-09  1.20357e-11
      1257.50  6.17215e-09  1.11649e-11
      1257.81  6.75808e-09  1.23187e-11
      1258.13  8.41567e-09  1.41019e-11
      1258.45  8.58004e-09  1.39850e-11
      1258.76  8.84192e-09  1.35038e-11
      1259.08  1.41023e-08  1.61601e-11
      1259.40  2.67471e-08  2.25362e-11
      1259.72  3.43103e-08  3.02397e-11
      1260.03  2.50391e-08  2.57040e-11
      1260.35  2.06917e-08  2.03611e-11
      1260.67  2.58848e-08  2.63652e-11
      1260.99  2.53982e-08  2.60331e-11
      1261.30  2.01518e-08  2.15961e-11
      1261.62  2.50508e-08  2.36632e-11
      1261.94  2.61139e-08  2.33372e-11
      1262.26  2.62781e-08  2.48544e-11
      1262.58  2.03990e-08  1.97908e-11
      1262.90  2.05465e-08  1.94705e-11
      1263.22  3.06159e-08  2.64684e-11
      1263.54  2.69708e-08  2.39972e-11
      1263.86  1.80449e-08  1.94933e-11
      1264.17  1.47900e-08  1.80400e-11
      1264.49  1.11795e-08  1.50575e-11
      1264.81  1.11953e-08  1.39503e-11
      1265.13  2.02814e-08  1.80181e-11
      1265.45  3.10663e-08  2.21870e-11
      1265.77  2.85684e-08  2.11655e-11
      1266.10  1.64161e-08  1.60702e-11
      1266.42  9.06699e-09  1.23537e-11
      1266.74  7.80204e-09  1.18642e-11
      1267.06  9.86462e-09  1.28455e-11
      1267.38  1.81434e-08  1.62618e-11
      1267.70  3.24320e-08  2.16844e-11
      1268.02  3.52063e-08  2.13855e-11
      1268.34  3.49843e-08  2.13961e-11
      1268.67  3.21278e-08  2.05224e-11
      1268.99  3.17647e-08  2.16453e-11
      1269.31  2.60166e-08  2.02744e-11
      1269.63  1.79417e-08  1.74218e-11
      1269.95  1.51253e-08  1.63935e-11
      1270.28  1.68740e-08  1.70483e-11
      1270.60  2.52013e-08  2.36079e-11
      1270.92  3.10914e-08  2.60583e-11
      1271.25  3.50490e-08  2.45115e-11
      1271.57  3.49512e-08  2.54368e-11
      1271.89  2.19654e-08  2.04496e-11
      1272.22  1.12164e-08  1.46457e-11
      1272.54  7.45849e-09  1.28066e-11
      1272.86  6.27597e-09  1.18699e-11
      1273.19  5.90217e-09  1.12489e-11
      1273.51  6.73829e-09  1.11534e-11
      1273.84  9.80474e-09  1.28478e-11
      1274.16  1.28366e-08  1.43865e-11
      1274.49  1.58604e-08  1.54443e-11
      1274.81  2.59323e-08  2.05627e-11
      1275.14  3.52661e-08  2.45540e-11
      1275.46  3.24978e-08  2.36878e-11
      1275.79  2.24748e-08  1.92846e-11
      1276.11  1.53162e-08  1.50905e-11
      1276.44  1.82159e-08  1.54075e-11
      1276.76  2.93897e-08  1.96093e-11
      1277.09  3.09878e-08  1.92389e-11
      1277.42  3.15391e-08  2.04076e-11
      1277.74  2.33017e-08  1.79162e-11
      1278.07  1.19143e-08  1.32498e-11
      1278.40  7.61827e-09  1.14786e-11
      1278.72  6.04850e-09  1.05921e-11
      1279.05  5.88378e-09  1.01843e-11
      1279.38  7.53379e-09  1.11155e-11
      1279.71  1.05700e-08  1.27079e-11
      1280.03  1.39002e-08  1.48264e-11
      1280.36  1.28416e-08  1.43235e-11
      1280.69  1.34183e-08  1.54609e-11
      1281.02  1.71989e-08  1.83388e-11
      1281.34  2.39645e-08  2.21221e-11
      1281.67  2.91340e-08  2.48583e-11
      1282.00  2.35873e-08  2.10530e-11
      1282.33  2.33482e-08  1.96088e-11
      1282.66  3.43691e-08  2.34013e-11
      1282.99  4.28304e-08  2.57094e-11
      1283.32  4.28682e-08  2.62002e-11
      1283.65  3.15531e-08  2.26467e-11
      1283.98  1.78374e-08  1.73370e-11
      1284.31  1.09206e-08  1.39616e-11
      1284.64  8.35556e-09  1.21355e-11
      1284.97  8.03840e-09  1.12633e-11
      1285.30  9.44473e-09  1.17702e-11
      1285.63  8.31437e-09  1.05213e-11
      1285.96  7.51440e-09  9.83988e-12
      1286.29  1.06982e-08  1.20645e-11
      1286.62  1.49184e-08  1.52400e-11
      1286.95  1.40874e-08  1.51351e-11
      1287.28  1.64158e-08  1.64928e-11
      1287.61  2.79042e-08  2.25423e-11
      1287.95  3.32946e-08  2.37175e-11
      1288.28  3.33919e-08  2.31141e-11
      1288.61  3.33649e-08  2.26252e-11
      1288.94  3.36455e-08  2.36143e-11
      1289.27  2.47989e-08  2.03187e-11
      1289.61  1.91735e-08  1.88632e-11
      1289.94  1.61637e-08  1.80937e-11
      1290.27  1.13024e-08  1.49313e-11
      1290.61  9.85075e-09  1.41639e-11
      1290.94  7.68576e-09  1.18349e-11
      1291.27  5.74342e-09  9.71111e-12
      1291.61  6.39630e-09  9.75482e-12
      1291.94  9.88534e-09  1.19378e-11
      1292.27  1.56721e-08  1.48254e-11
      1292.61  2.21642e-08  1.86623e-11
      1292.94  1.67232e-08  1.58321e-11
      1293.28  1.32173e-08  1.41277e-11
      1293.61  1.72485e-08  1.61674e-11
      1293.95  2.09296e-08  1.65922e-11
      1294.28  3.00139e-08  2.00938e-11
      1294.62  3.38788e-08  2.13487e-11
      1294.95  2.90166e-08  1.98837e-11
      1295.29  2.84385e-08  2.13115e-11
      1295.62  2.51837e-08  2.09601e-11
      1295.96  1.92117e-08  1.89067e-11
      1296.29  1.69068e-08  1.79360e-11
      1296.63  1.75488e-08  1.79358e-11
      1296.97  2.08518e-08  1.85569e-11
      1297.30  3.00855e-08  2.17293e-11
      1297.64  3.95355e-08  2.51359e-11
      1297.98  3.49440e-08  2.36641e-11
      1298.31  2.38562e-08  1.99697e-11
      1298.65  1.44820e-08  1.57285e-11
      1298.99  1.11248e-08  1.36532e-11
      1299.33  1.67670e-08  1.60057e-11
      1299.66  2.79077e-08  2.01520e-11
      1300.00  3.14244e-08  1.99684e-11
      1300.34  2.80803e-08  1.86156e-11
      1300.68  2.03453e-08  1.55567e-11
      1301.02  2.03707e-08  1.58807e-11
      1301.35  3.28017e-08  2.21206e-11
      1301.69  3.90364e-08  2.48003e-11
      1302.03  3.78942e-08  2.52827e-11
      1302.37  3.41622e-08  2.33448e-11
      1302.71  3.82216e-08  2.47446e-11
      1303.05  4.19240e-08  2.51614e-11
      1303.39  4.70324e-08  2.69374e-11
      1303.73  5.04050e-08  2.85387e-11
      1304.07  4.79320e-08  2.82956e-11
      1304.41  4.87351e-08  2.93580e-11
      1304.75  5.12141e-08  3.02351e-11
      1305.09  5.30745e-08  3.01192e-11
      1305.43  5.98929e-08  3.04063e-11
      1305.77  6.80282e-08  3.06094e-11
      1306.11  6.68625e-08  2.93334e-11
      1306.46  4.80146e-08  2.41797e-11
      1306.80  2.63275e-08  1.79930e-11
      1307.14  1.52411e-08  1.43638e-11
      1307.48  1.08769e-08  1.28205e-11
      1307.82  8.87738e-09  1.19253e-11
      1308.16  8.76807e-09  1.18234e-11
      1308.51  9.94663e-09  1.26324e-11
      1308.85  8.59412e-09  1.15089e-11
      1309.19  6.46258e-09  1.01049e-11
      1309.53  5.92405e-09  1.01735e-11
      1309.88  5.86536e-09  1.07151e-11
      1310.22  6.25805e-09  1.14979e-11
      1310.56  7.84109e-09  1.27857e-11
      1310.91  1.28829e-08  1.55852e-11
      1311.25  2.21250e-08  1.99764e-11
      1311.60  2.30903e-08  1.94492e-11
      1311.94  1.46163e-08  1.46551e-11
      1312.28  8.10418e-09  1.07753e-11
      1312.63  5.65850e-09  9.40428e-12
      1312.97  4.86211e-09  8.99755e-12
      1313.32  6.15545e-09  1.00489e-11
      1313.66  9.79050e-09  1.28798e-11
      1314.01  8.53696e-09  1.17085e-11
      1314.35  5.13815e-09  8.97594e-12
      1314.70  4.06829e-09  8.14060e-12
      1315.05  4.05225e-09  8.23055e-12
      1315.39  4.53007e-09  8.96766e-12
      1315.74  5.64447e-09  1.03556e-11
      1316.08  8.15969e-09  1.26155e-11
      1316.43  1.51248e-08  1.71737e-11
      1316.78  2.52758e-08  2.29420e-11
      1317.12  2.06430e-08  1.95610e-11
      1317.47  1.07129e-08  1.32322e-11
      1317.82  6.73171e-09  1.02737e-11
      1318.17  6.67399e-09  1.00046e-11
      1318.51  1.04627e-08  1.26009e-11
      1318.86  1.27725e-08  1.43361e-11
      1319.21  8.88776e-09  1.20513e-11
      1319.56  5.46794e-09  9.62965e-12
      1319.91  5.48782e-09  9.67344e-12
      1320.25  5.61686e-09  9.48258e-12
      1320.60  5.66197e-09  9.30038e-12
      1320.95  6.72461e-09  1.01313e-11
      1321.30  9.28449e-09  1.21181e-11
      1321.65  1.69379e-08  1.69019e-11
      1322.00  2.88135e-08  2.38416e-11
      1322.35  2.61377e-08  2.30880e-11
      1322.70  1.50244e-08  1.71921e-11
      1323.05  1.00626e-08  1.36489e-11
      1323.40  1.06087e-08  1.36212e-11
      1323.75  1.23814e-08  1.41484e-11
      1324.10  1.27415e-08  1.41295e-11
      1324.45  9.69905e-09  1.23586e-11
      1324.80  7.00057e-09  1.06754e-11
      