227
      1249.95  2.89301e-08  2.97537e-11
      1250.27  1.59124e-08  2.09349e-11
      1250.58  6.53519e-09  1.29552e-11
      1250.89  4.74837e-09  1.12057e-11
      1251.20  5.79813e-09  1.24926e-11
      1251.52  8.09559e-09  1.43956e-11
      1251.83  1.29590e-08  1.85110e-11
      1252.14  1.68941e-08  2.13435e-11
      1252.46  1.68802e-08  2.12695e-11
      1252.77  1.56866e-08  1.94771e-11
      1253.09  2.28024e-08  2.21802e-11
      1253.40  3.75950e-08  3.00073e-11
      1253.71  4.21149e-08  3.24762e-11
      1254.03  2.67282e-08  2.49532e-11
      1254.34  1.75836e-08  1.80386e-11
      1254.66  1.86741e-08  2.05438e-11
      1254.97  2.49594e-08  2.82096e-11
      1255.29  1.80988e-08  2.24390e-11
      1255.60  1.10693e-08  1.52142e-11
      1255.92  1.18382e-08  1.54605e-11
      1256.23  1.80611e-08  1.77690e-11
      1256.55  2.78110e-08  2.26640e-11
      1256.87  2.11339e-08  1.91035e-11
      1257.18  1.10677e-08  1.41550e-11
      1257.50  8.26997e-09  1.31967e-11
      1257.81  8.96299e-09  1.43170e-11
      1258.13  1.10245e-08  1.64186e-11
      1258.45  1.12868e-08  1.64504e-11
      1258.76  1.17510e-08  1.60244e-11
      1259.08  1.83314e-08  1.89437e-11
      1259.40  3.35779e-08  2.63486e-11
      1259.72  4.22202e-08  3.47865e-11
      1260.03  3.19900e-08  3.03123e-11
      1260.35  2.56694e-08  2.50501e-11
      1260.67  3.06071e-08  2.76929e-11
      1260.99  3.31474e-08  3.38443e-11
      1261.30  2.54285e-08  2.62371e-11
      1261.62  3.16816e-08  2.70632e-11
      1261.94  3.19950e-08  3.08980e-11
      1262.26  2.76506e-08  2.12151e-11
      1262.58  2.29938e-08  2.38034e-11
      1262.90  2.49444e-08  2.27431e-11
      1263.22  3.36743e-08  2.53441e-11
      1263.54  3.25902e-08  2.86052e-11
      1263.86  2.32252e-08  2.15142e-11
      1264.17  1.94568e-08  1.97352e-11
      1264.49  1.48220e-08  1.64247e-11
      1264.81  1.48276e-08  1.51384e-11
      1265.13  2.63643e-08  1.95570e-11
      1265.45  4.00109e-08  2.40226e-11
      1265.77  3.67780e-08  2.30708e-11
      1266.10  2.15359e-08  1.76830e-11
      1266.42  1.23485e-08  1.38948e-11
      1266.74  1.06781e-08  1.33677e-11
      1267.06  1.31943e-08  1.45446e-11
      1267.38  2.27692e-08  1.87590e-11
      1267.70  3.68187e-08  2.76307e-11
      1268.02  4.00237e-08  3.08304e-11
      1268.34  4.05415e-08  2.98218e-11
      1268.67  3.84002e-08  2.69749e-11
      1268.99  3.74965e-08  2.95315e-11
      1269.31  3.16612e-08  2.47886e-11
      1269.63  2.29207e-08  2.05437e-11
      1269.95  1.95097e-08  1.93413e-11
      1270.28  2.03977e-08  2.09994e-11
      1270.60  2.61923e-08  2.38142e-11
      1270.92  4.07729e-08  2.27066e-11
      1271.25  4.44912e-08  3.41893e-11
      1271.57  4.41290e-08  3.14430e-11
      1271.89  2.43390e-08  2.33626e-11
      1272.22  1.43643e-08  1.67983e-11
      1272.54  9.90765e-09  1.45265e-11
      1272.86  8.39009e-09  1.33720e-11
      1273.19  7.86046e-09  1.24571e-11
      1273.51  8.93545e-09  1.23585e-11
      1273.84  1.29086e-08  1.41812e-11
      1274.16  1.67936e-08  1.57800e-11
      1274.49  2.04223e-08  1.67748e-11
      1274.81  3.32061e-08  2.23637e-11
      1275.14  4.50029e-08  2.67217e-11
      1275.46  4.15918e-08  2.59767e-11
      1275.79  2.91026e-08  2.13242e-11
      1276.11  2.01563e-08  1.68344e-11
      1276.44  2.37096e-08  1.72585e-11
      1276.76  3.77477e-08  2.22211e-11
      1277.09  3.91432e-08  2.17701e-11
      1277.42  4.00623e-08  2.35992e-11
      1277.74  2.99913e-08  2.23665e-11
      1278.07  1.45165e-08  1.63506e-11
      1278.40  9.95879e-09  1.35693e-11
      1278.72  7.98431e-09  1.24589e-11
      1279.05  7.74689e-09  1.19414e-11
      1279.38  9.89221e-09  1.30555e-11
      1279.71  1.36896e-08  1.48497e-11
      1280.03  1.79228e-08  1.73846e-11
      1280.36  1.64177e-08  1.65081e-11
      1280.69  1.72818e-08  1.78125e-11
      1281.02  2.19216e-08  2.06475e-11
      1281.34  3.01592e-08  2.47940e-11
      1281.67  3.62762e-08  2.86459e-11
      1282.00  2.92210e-08  2.34885e-11
      1282.33  2.94943e-08  2.13600e-11
      1282.66  4.31610e-08  2.52584e-11
      1282.99  5.33580e-08  2.75370e-11
      1283.32  5.34186e-08  2.81692e-11
      1283.65  3.96208e-08  2.44867e-11
      1283.98  2.31336e-08  1.90612e-11
      1284.31  1.45584e-08  1.56253e-11
      1284.64  1.12768e-08  1.35906e-11
      1284.97  1.08681e-08  1.27390e-11
      1285.30  1.26558e-08  1.34978e-11
      1285.63  1.10146e-08  1.20830e-11
      1285.96  9.94578e-09  1.14733e-11
      1286.29  1.38876e-08  1.41988e-11
      1286.62  1.90881e-08  1.80556e-11
      1286.95  1.79202e-08  1.77495e-11
      1287.28  2.08478e-08  1.94010e-11
      1287.61  3.48090e-08  2.62941e-11
      1287.95  4.11363e-08  2.79426e-11
      1288.28  4.09579e-08  2.82161e-11
      1288.61  4.13702e-08  2.61865e-11
      1288.94  4.16648e-08  2.68281e-11
      1289.27  3.10947e-08  2.30932e-11
      1289.61  2.46614e-08  2.15121e-11
      1289.94  2.08376e-08  2.02651e-11
      1290.27  1.48813e-08  1.68922e-11
      1290.61  1.29332e-08  1.61490e-11
      1290.94  1.01244e-08  1.32451e-11
      1291.27  7.77848e-09  1.08028e-11
      1291.61  8.75080e-09  1.09174e-11
      1291.94  1.33495e-08  1.34452e-11
      1292.27  2.07637e-08  1.67050e-11
      1292.61  2.85127e-08  2.10231e-11
      1292.94  2.19303e-08  1.81082e-11
      1293.28  1.77765e-08  1.64384e-11
      1293.61  2.24254e-08  1.87757e-11
      1293.95  2.68864e-08  1.94387e-11
      1294.28  3.73633e-08  2.33638e-11
      1294.62  4.18365e-08  2.47013e-11
      1294.95  3.61951e-08  2.42255e-11
      1295.29  3.44134e-08  2.79412e-11
      1295.62  3.06289e-08  2.73500e-11
      1295.96  2.40877e-08  2.32869e-11
      1296.29  2.16035e-08  2.14099e-11
      1296.63  2.25257e-08  2.05138e-11
      1296.97  2.66955e-08  2.08150e-11
      1297.30  3.74931e-08  2.40531e-11
      1297.64  4.86750e-08  2.74519e-11
      1297.98  4.38146e-08  2.56138e-11
      1298.31  3.07601e-08  2.18745e-11
      1298.65  1.92739e-08  1.73652e-11
      1298.99  1.51603e-08  1.51232e-11
      1299.33  2.09195e-08  1.85367e-11
      1299.66  3.36017e-08  2.28986e-11
      1300.00  3.99312e-08  2.31418e-11
      1300.34  3.56909e-08  2.11925e-11
      1300.68  2.62489e-08  1.81398e-11
      1301.02  2.60578e-08  1.87830e-11
      1301.35  4.04023e-08  2.60611e-11
      1301.69  4.71875e-08  3.12198e-11
      1302.03  4.63226e-08  3.00835e-11
      1302.37  4.21563e-08  2.74177e-11
      1302.71  4.58993e-08  3.06133e-11
      1303.05  5.11494e-08  2.99895e-11
      1303.39  5.73865e-08  3.01219e-11
      1303.73  6.13796e-08  3.16132e-11
      1304.07  5.85842e-08  3.18819e-11
      1304.41  5.97219e-08  3.20432e-11
      1304.75  6.28898e-08  3.25680e-11
      1305.09  6.51653e-08  3.22169e-11
      1305.43  7.31748e-08  3.22447e-11
      1305.77  8.27958e-08  3.26511e-11
      1306.11  8.14971e-08  3.14956e-11
      1306.46  5.94365e-08  2.65892e-11
      1306.80  3.34471e-08  2.02702e-11
      1307.14  1.98253e-08  1.65102e-11
      1307.48  1.42672e-08  1.50026e-11
      1307.82  1.16174e-08  1.39669e-11
      1308.16  1.13980e-08  1.38796e-11
      1308.51  1.28972e-08  1.47705e-11
      1308.85  1.11573e-08  1.35271e-11
      1309.19  8.44446e-09  1.17131e-11
      1309.53  7.80260e-09  1.17189e-11
      1309.88  7.69949e-09  1.22024e-11
      1310.22  8.19044e-09  1.27750e-11
      1310.56  1.01689e-08  1.40925e-11
      1310.91  1.63321e-08  1.69049e-11
      1311.25  2.80976e-08  2.17484e-11
      1311.60  2.93428e-08  2.08879e-11
      1311.94  1.87546e-08  1.56687e-11
      1312.28  1.06898e-08  1.18575e-11
      1312.63  7.59801e-09  1.04742e-11
      1312.97  6.54551e-09  1.01488e-11
      1313.32  8.14820e-09  1.14142e-11
      1313.66  1.28614e-08  1.50689e-11
      1314.01  1.11997e-08  1.46361e-11
      1314.35  6.47498e-09  1.12983e-11
      1314.70  5.36165e-09  9.69164e-12
      1315.05  5.34956e-09  9.67097e-12
      1315.39  5.98610e-09  1.05664e-11
      1315.74  7.42387e-09  1.21131e-11
      1316.08  1.06386e-08  1.45305e-11
      1316.43  1.93371e-08  1.94572e-11
      1316.78  3.11884e-08  2.50396e-11
      1317.12  2.57901e-08  2.13403e-11
      1317.47  1.40467e-08  1.47304e-11
      1317.82  8.96366e-09  1.14403e-11
      1318.17  9.00733e-09  1.11126e-11
      1318.51  1.37920e-08  1.40217e-11
      1318.86  1.67342e-08  1.62101e-11
      1319.21  1.22297e-08  1.55546e-11
      1319.56  6.61713e-09  1.37773e-11
      1319.91  6.53802e-09  1.40215e-11
      1320.25  7.11298e-09  1.21197e-11
      1320.60  7.41625e-09  1.09260e-11
      1320.95  8.74335e-09  1.19369e-11
      1321.30  1.19902e-08  1.42388e-11
      1321.65  2.12522e-08  1.94197e-11
      1322.00  3.52878e-08  2.66602e-11
      1322.35  3.26045e-08  2.61369e-11
      1322.70  1.89956e-08  1.97430e-11
      1323.05  1.29621e-08  1.53733e-11
      1323.40  1.30356e-08  1.63485e-11
      1323.75  1.59899e-08  1.66933e-11
      1324.10  1.66577e-08  1.73211e-11
      1324.45  1.14547e-08  1.47233e-11
      1324.80  8.75510e-09  1.43289e-11
      