227
      1249.95  1.07836e-08  1.94994e-11
      1250.27  5.29307e-09  1.34812e-11
      1250.58  1.60852e-09  8.71424e-12
      1250.89  9.98346e-10  7.93638e-12
      1251.20  1.37794e-09  8.54094e-12
      1251.52  2.30562e-09  9.67364e-12
      1251.83  4.25915e-09  1.24563e-11
      1252.14  5.66674e-09  1.39906e-11
      1252.46  5.45670e-09  1.36973e-11
      1252.77  4.96061e-09  1.27232e-11
      1253.09  8.22139e-09  1.45958e-11
      1253.40  1.59766e-08  1.88815e-11
      1253.71  2.02189e-08  2.08850e-11
      1254.03  1.25982e-08  1.60757e-11
      1254.34  5.97634e-09  1.16442e-11
      1254.66  7.14822e-09  1.30699e-11
      1254.97  1.14859e-08  1.72770e-11
      1255.29  7.80631e-09  1.43091e-11
      1255.60  3.42040e-09  1.02488e-11
      1255.92  3.68577e-09  1.05795e-11
      1256.23  6.45384e-09  1.20573e-11
      1256.55  1.07882e-08  1.55492e-11
      1256.87  7.75731e-09  1.30293e-11
      1257.18  3.42450e-09  9.60677e-12
      1257.50  2.35383e-09  9.19147e-12
      1257.81  2.67600e-09  1.00541e-11
      1258.13  3.44238e-09  1.12730e-11
      1258.45  3.48536e-09  1.09661e-11
      1258.76  3.64357e-09  1.05284e-11
      1259.08  6.61710e-09  1.25825e-11
      1259.40  1.42010e-08  1.74587e-11
      1259.72  1.97998e-08  2.07970e-11
      1260.03  1.48391e-08  1.79597e-11
      1260.35  1.05430e-08  1.54822e-11
      1260.67  1.38178e-08  1.90630e-11
      1260.99  1.28432e-08  1.84218e-11
      1261.30  9.98930e-09  1.58513e-11
      1261.62  1.26727e-08  1.79739e-11
      1261.94  1.32401e-08  1.71403e-11
      1262.26  1.38067e-08  1.74110e-11
      1262.58  9.93497e-09  1.40657e-11
      1262.90  1.01368e-08  1.41967e-11
      1263.22  1.63637e-08  1.91501e-11
      1263.54  1.35742e-08  1.72768e-11
      1263.86  8.38692e-09  1.38457e-11
      1264.17  6.57080e-09  1.27205e-11
      1264.49  4.61908e-09  1.07201e-11
      1264.81  4.80060e-09  9.85875e-12
      1265.13  1.00747e-08  1.31689e-11
      1265.45  1.63116e-08  1.62839e-11
      1265.77  1.47097e-08  1.54099e-11
      1266.10  7.75483e-09  1.15407e-11
      1266.42  3.77255e-09  8.83538e-12
      1266.74  3.14996e-09  8.68060e-12
      1267.06  4.23727e-09  9.50422e-12
      1267.38  9.15914e-09  1.25106e-11
      1267.70  1.80476e-08  1.74439e-11
      1268.02  1.89739e-08  1.67446e-11
      1268.34  1.88960e-08  1.70701e-11
      1268.67  1.68612e-08  1.61269e-11
      1268.99  1.69782e-08  1.75250e-11
      1269.31  1.31148e-08  1.59709e-11
      1269.63  8.41630e-09  1.36681e-11
      1269.95  6.96778e-09  1.27194e-11
      1270.28  8.35198e-09  1.29052e-11
      1270.60  1.46377e-08  1.69268e-11
      1270.92  1.75337e-08  1.75615e-11
      1271.25  1.91183e-08  1.82184e-11
      1271.57  1.92224e-08  1.89547e-11
      1271.89  1.13244e-08  1.46956e-11
      1272.22  4.80985e-09  1.05362e-11
      1272.54  2.87224e-09  9.27195e-12
      1272.86  2.31091e-09  8.80847e-12
      1273.19  2.14831e-09  8.26527e-12
      1273.51  2.59897e-09  8.16324e-12
      1273.84  4.26374e-09  9.29107e-12
      1274.16  5.78947e-09  1.02181e-11
      1274.49  7.39412e-09  1.08378e-11
      1274.81  1.34667e-08  1.49145e-11
      1275.14  1.90449e-08  1.81613e-11
      1275.46  1.72487e-08  1.74858e-11
      1275.79  1.12666e-08  1.40795e-11
      1276.11  7.11318e-09  1.10692e-11
      1276.44  9.12324e-09  1.16361e-11
      1276.76  1.62143e-08  1.55347e-11
      1277.09  1.65726e-08  1.47985e-11
      1277.42  1.72949e-08  1.62038e-11
      1277.74  1.19203e-08  1.37473e-11
      1278.07  5.34692e-09  1.01316e-11
      1278.40  3.09072e-09  9.05354e-12
      1278.72  2.32772e-09  8.59209e-12
      1279.05  2.28685e-09  8.18263e-12
      1279.38  3.16608e-09  8.77157e-12
      1279.71  4.86193e-09  9.81606e-12
      1280.03  6.72223e-09  1.15861e-11
      1280.36  5.92986e-09  1.07935e-11
      1280.69  6.25596e-09  1.17178e-11
      1281.02  8.23127e-09  1.35550e-11
      1281.34  1.22835e-08  1.65476e-11
      1281.67  1.52945e-08  1.88787e-11
      1282.00  1.17166e-08  1.54680e-11
      1282.33  1.17761e-08  1.44949e-11
      1282.66  1.84470e-08  1.74845e-11
      1282.99  2.35473e-08  1.92106e-11
      1283.32  2.36414e-08  1.93842e-11
      1283.65  1.66919e-08  1.64936e-11
      1283.98  8.72644e-09  1.24015e-11
      1284.31  4.90700e-09  9.99499e-12
      1284.64  3.59074e-09  8.95281e-12
      1284.97  3.51646e-09  8.43983e-12
      1285.30  4.23692e-09  8.94004e-12
      1285.63  3.59016e-09  8.05933e-12
      1285.96  3.23744e-09  7.60359e-12
      1286.29  5.01355e-09  9.39481e-12
      1286.62  7.22532e-09  1.18322e-11
      1286.95  6.68902e-09  1.18023e-11
      1287.28  8.38542e-09  1.31642e-11
      1287.61  1.52603e-08  1.79209e-11
      1287.95  1.82620e-08  1.88204e-11
      1288.28  1.82027e-08  1.83050e-11
      1288.61  1.80942e-08  1.76251e-11
      1288.94  1.80458e-08  1.81315e-11
      1289.27  1.28485e-08  1.53046e-11
      1289.61  9.45438e-09  1.39267e-11
      1289.94  7.48299e-09  1.30007e-11
      1290.27  5.04173e-09  1.08856e-11
      1290.61  4.26802e-09  1.02762e-11
      1290.94  3.20108e-09  8.73938e-12
      1291.27  2.31662e-09  7.36244e-12
      1291.61  2.67909e-09  7.27425e-12
      1291.94  4.47877e-09  8.70346e-12
      1292.27  7.79607e-09  1.10128e-11
      1292.61  1.12653e-08  1.38837e-11
      1292.94  8.38371e-09  1.20512e-11
      1293.28  6.37148e-09  1.08090e-11
      1293.61  8.30691e-09  1.24002e-11
      1293.95  1.07375e-08  1.31451e-11
      1294.28  1.59499e-08  1.59350e-11
      1294.62  1.80069e-08  1.70531e-11
      1294.95  1.52921e-08  1.58618e-11
      1295.29  1.47385e-08  1.68190e-11
      1295.62  1.28259e-08  1.67689e-11
      1295.96  9.39273e-09  1.46559e-11
      1296.29  8.09566e-09  1.34980e-11
      1296.63  8.42232e-09  1.35051e-11
      1296.97  1.04220e-08  1.40569e-11
      1297.30  1.59823e-08  1.65599e-11
      1297.64  2.13327e-08  1.90148e-11
      1297.98  1.84618e-08  1.75881e-11
      1298.31  1.17786e-08  1.42252e-11
      1298.65  6.63739e-09  1.12391e-11
      1298.99  4.96338e-09  9.75984e-12
      1299.33  8.42466e-09  1.20180e-11
      1299.66  1.50671e-08  1.54191e-11
      1300.00  1.72123e-08  1.56399e-11
      1300.34  1.49546e-08  1.44205e-11
      1300.68  1.04641e-08  1.20440e-11
      1301.02  1.05205e-08  1.23019e-11
      1301.35  1.78838e-08  1.70902e-11
      1301.69  2.17496e-08  1.96999e-11
      1302.03  2.10024e-08  2.02039e-11
      1302.37  1.89810e-08  1.92229e-11
      1302.71  2.17264e-08  2.05002e-11
      1303.05  2.41021e-08  2.01742e-11
      1303.39  2.71944e-08  2.11932e-11
      1303.73  2.94563e-08  2.21952e-11
      1304.07  2.74761e-08  2.17752e-11
      1304.41  2.77308e-08  2.23614e-11
      1304.75  2.95301e-08  2.33144e-11
      1305.09  3.07816e-08  2.32726e-11
      1305.43  3.58208e-08  2.40783e-11
      1305.77  4.21817e-08  2.48996e-11
      1306.11  4.22131e-08  2.39924e-11
      1306.46  2.89801e-08  1.93874e-11
      1306.80  1.40956e-08  1.35284e-11
      1307.14  7.31435e-09  1.06047e-11
      1307.48  4.94653e-09  9.61075e-12
      1307.82  3.87576e-09  9.10743e-12
      1308.16  3.80997e-09  9.14220e-12
      1308.51  4.60368e-09  1.00241e-11
      1308.85  3.76157e-09  9.11611e-12
      1309.19  2.64165e-09  8.01727e-12
      1309.53  2.42285e-09  8.17598e-12
      1309.88  2.38014e-09  8.09055e-12
      1310.22  2.56433e-09  8.58753e-12
      1310.56  3.36223e-09  9.51037e-12
      1310.91  6.19219e-09  1.16868e-11
      1311.25  1.20415e-08  1.58419e-11
      1311.60  1.21768e-08  1.48838e-11
      1311.94  7.05575e-09  1.07971e-11
      1312.28  3.59083e-09  8.04528e-12
      1312.63  2.37592e-09  7.05236e-12
      1312.97  1.97484e-09  6.86527e-12
      1313.32  2.72092e-09  7.67429e-12
      1313.66  4.67287e-09  1.01062e-11
      1314.01  3.86997e-09  9.12659e-12
      1314.35  2.13665e-09  7.20980e-12
      1314.70  1.55948e-09  6.62629e-12
      1315.05  1.54592e-09  6.65796e-12
      1315.39  1.79627e-09  7.13166e-12
      1315.74  2.40776e-09  8.02962e-12
      1316.08  3.79554e-09  9.57407e-12
      1316.43  7.87490e-09  1.31210e-11
      1316.78  1.32783e-08  1.72839e-11
      1317.12  1.07204e-08  1.51777e-11
      1317.47  5.13971e-09  1.02069e-11
      1317.82  2.90315e-09  7.79201e-12
      1318.17  2.95889e-09  7.61820e-12
      1318.51  4.94726e-09  9.49048e-12
      1318.86  6.13599e-09  1.06978e-11
      1319.21  4.18170e-09  9.16362e-12
      1319.56  2.37495e-09  7.65694e-12
      1319.91  2.33562e-09  7.60359e-12
      1320.25  2.38575e-09  7.52773e-12
      1320.60  2.35743e-09  7.25173e-12
      1320.95  2.90459e-09  7.83720e-12
      1321.30  4.31457e-09  9.37949e-12
      1321.65  8.86025e-09  1.35984e-11
      1322.00  1.63808e-08  1.98155e-11
      1322.35  1.44830e-08  1.81512e-11
      1322.70  7.30731e-09  1.27519e-11
      1323.05  4.45919e-09  1.01492e-11
      1323.40  4.89830e-09  1.02410e-11
      1323.75  5.87784e-09  1.04518e-11
      1324.10  6.19499e-09  1.04653e-11
      1324.45  4.50048e-09  9.07489e-12
      1324.80  3.07203e-09  7.99173e-12
      