227
      1249.95  1.05625e-08  2.24017e-11
      1250.27  5.15261e-09  1.58032e-11
      1250.58  1.56701e-09  1.02889e-11
      1250.89  9.70544e-10  9.33317e-12
      1251.20  1.33008e-09  1.04388e-11
      1251.52  2.21767e-09  1.20883e-11
      1251.83  4.15306e-09  1.55121e-11
      1252.14  5.55079e-09  1.75916e-11
      1252.46  5.34674e-09  1.75502e-11
      1252.77  4.83621e-09  1.64396e-11
      1253.09  7.96254e-09  1.89683e-11
      1253.40  1.55713e-08  2.48997e-11
      1253.71  1.99369e-08  2.80028e-11
      1254.03  1.24305e-08  2.16737e-11
      1254.34  5.86432e-09  1.60395e-11
      1254.66  6.94793e-09  1.76167e-11
      1254.97  1.13335e-08  2.38075e-11
      1255.29  7.74339e-09  1.98498e-11
      1255.60  3.34869e-09  1.41851e-11
      1255.92  3.60235e-09  1.46262e-11
      1256.23  6.28467e-09  1.62740e-11
      1256.55  1.06588e-08  2.09451e-11
      1256.87  7.74476e-09  1.75471e-11
      1257.18  3.40135e-09  1.27761e-11
      1257.50  2.32813e-09  1.20412e-11
      1257.81  2.64283e-09  1.29633e-11
      1258.13  3.39224e-09  1.36351e-11
      1258.45  3.30208e-09  1.19195e-11
      1258.76  3.52542e-09  1.03681e-11
      1259.08  6.41699e-09  1.23498e-11
      1259.40  1.38640e-08  1.73421e-11
      1259.72  1.95018e-08  2.08487e-11
      1260.03  1.45394e-08  1.80739e-11
      1260.35  1.01571e-08  1.55073e-11
      1260.67  1.35444e-08  1.96807e-11
      1260.99  1.26036e-08  1.92080e-11
      1261.30  9.66226e-09  1.65861e-11
      1261.62  1.23949e-08  1.92366e-11
      1261.94  1.28761e-08  1.84194e-11
      1262.26  1.35256e-08  1.91230e-11
      1262.58  9.69147e-09  1.56442e-11
      1262.90  9.78289e-09  1.59448e-11
      1263.22  1.60900e-08  2.20843e-11
      1263.54  1.33535e-08  2.02532e-11
      1263.86  8.15776e-09  1.64631e-11
      1264.17  6.43389e-09  1.54869e-11
      1264.49  4.52886e-09  1.30756e-11
      1264.81  4.61755e-09  1.23797e-11
      1265.13  9.73442e-09  1.66888e-11
      1265.45  1.59953e-08  2.13245e-11
      1265.77  1.45584e-08  2.05751e-11
      1266.10  7.66741e-09  1.55449e-11
      1266.42  3.69518e-09  1.18777e-11
      1266.74  3.08926e-09  1.19406e-11
      1267.06  4.12099e-09  1.29814e-11
      1267.38  8.85774e-09  1.69349e-11
      1267.70  1.77423e-08  2.37306e-11
      1268.02  1.87759e-08  2.27202e-11
      1268.34  1.86910e-08  2.27515e-11
      1268.67  1.66966e-08  2.12341e-11
      1268.99  1.68081e-08  2.26049e-11
      1269.31  1.31343e-08  2.03568e-11
      1269.63  8.07611e-09  1.49835e-11
      1269.95  6.66770e-09  1.37791e-11
      1270.28  8.12124e-09  1.28649e-11
      1270.60  1.42970e-08  1.70579e-11
      1270.92  1.71862e-08  1.78915e-11
      1271.25  1.86695e-08  1.87363e-11
      1271.57  1.88394e-08  1.96892e-11
      1271.89  1.11489e-08  1.55191e-11
      1272.22  4.68639e-09  1.13486e-11
      1272.54  2.79190e-09  1.02372e-11
      1272.86  2.24982e-09  9.83994e-12
      1273.19  2.09740e-09  9.32768e-12
      1273.51  2.52955e-09  9.26562e-12
      1273.84  4.14385e-09  1.10630e-11
      1274.16  5.65407e-09  1.24604e-11
      1274.49  7.18539e-09  1.35043e-11
      1274.81  1.31129e-08  1.89578e-11
      1275.14  1.86778e-08  2.36740e-11
      1275.46  1.70031e-08  2.31158e-11
      1275.79  1.11400e-08  1.89632e-11
      1276.11  6.97877e-09  1.51182e-11
      1276.44  8.82174e-09  1.58770e-11
      1276.76  1.59287e-08  2.13329e-11
      1277.09  1.63643e-08  2.03454e-11
      1277.42  1.71013e-08  2.21432e-11
      1277.74  1.19922e-08  1.87852e-11
      1278.07  5.35306e-09  1.35321e-11
      1278.40  3.07751e-09  1.18247e-11
      1278.72  2.31624e-09  1.07935e-11
      1279.05  2.35222e-09  9.07723e-12
      1279.38  3.12729e-09  8.91489e-12
      1279.71  4.73643e-09  9.80634e-12
      1280.03  6.59361e-09  1.16184e-11
      1280.36  5.80273e-09  1.09977e-11
      1280.69  6.07374e-09  1.20069e-11
      1281.02  7.96588e-09  1.42346e-11
      1281.34  1.19368e-08  1.78475e-11
      1281.67  1.50377e-08  2.08998e-11
      1282.00  1.14272e-08  1.73470e-11
      1282.33  1.13688e-08  1.65300e-11
      1282.66  1.79390e-08  2.05238e-11
      1282.99  2.30105e-08  2.30825e-11
      1283.32  2.32252e-08  2.39878e-11
      1283.65  1.64792e-08  2.09643e-11
      1283.98  8.57604e-09  1.62114e-11
      1284.31  4.80428e-09  1.33080e-11
      1284.64  3.52813e-09  1.22478e-11
      1284.97  3.44091e-09  1.14493e-11
      1285.30  4.17711e-09  1.22206e-11
      1285.63  3.56020e-09  1.11272e-11
      1285.96  3.15968e-09  1.03099e-11
      1286.29  4.87274e-09  1.24532e-11
      1286.62  7.12245e-09  1.54727e-11
      1286.95  6.65872e-09  1.51520e-11
      1287.28  9.57706e-09  1.51786e-11
      1287.61  1.59334e-08  1.99240e-11
      1287.95  1.78629e-08  1.89564e-11
      1288.28  1.77933e-08  1.86423e-11
      1288.61  1.76937e-08  1.82280e-11
      1288.94  1.77153e-08  1.90868e-11
      1289.27  1.25230e-08  1.63051e-11
      1289.61  9.21212e-09  1.54450e-11
      1289.94  7.32507e-09  1.47070e-11
      1290.27  4.90378e-09  1.27179e-11
      1290.61  4.17799e-09  1.24171e-11
      1290.94  3.13036e-09  1.06438e-11
      1291.27  2.24937e-09  9.02428e-12
      1291.61  2.58505e-09  9.22437e-12
      1291.94  4.34162e-09  1.15723e-11
      1292.27  7.58480e-09  1.47579e-11
      1292.61  1.11256e-08  1.89445e-11
      1292.94  8.33172e-09  1.67824e-11
      1293.28  6.23895e-09  1.48500e-11
      1293.61  8.14362e-09  1.69656e-11
      1293.95  1.04789e-08  1.75678e-11
      1294.28  1.56347e-08  2.09288e-11
      1294.62  1.78845e-08  2.19518e-11
      1294.95  1.52174e-08  1.98605e-11
      1295.29  1.46709e-08  2.05141e-11
      1295.62  1.27386e-08  1.93908e-11
      1295.96  8.58829e-09  1.61756e-11
      1296.29  7.83911e-09  1.43677e-11
      1296.63  8.19910e-09  1.43858e-11
      1296.97  1.01371e-08  1.53927e-11
      1297.30  1.55674e-08  1.84283e-11
      1297.64  2.08539e-08  2.15434e-11
      1297.98  1.80347e-08  2.03203e-11
      1298.31  1.15581e-08  1.70137e-11
      1298.65  6.54194e-09  1.37919e-11
      1298.99  4.84637e-09  1.25862e-11
      1299.33  8.15456e-09  1.58658e-11
      1299.66  1.46613e-08  2.06998e-11
      1300.00  1.69020e-08  2.12184e-11
      1300.34  1.47895e-08  1.96826e-11
      1300.68  1.04078e-08  1.64553e-11
      1301.02  1.02416e-08  1.64251e-11
      1301.35  1.74288e-08  2.23460e-11
      1301.69  2.14753e-08  2.52702e-11
      1302.03  2.08835e-08  2.53296e-11
      1302.37  1.89923e-08  2.32252e-11
      1302.71  2.23787e-08  2.23851e-11
      1303.05  2.37029e-08  2.17458e-11
      1303.39  2.65788e-08  2.21571e-11
      1303.73  2.87683e-08  2.39309e-11
      1304.07  2.68473e-08  2.39770e-11
      1304.41  2.70713e-08  2.53724e-11
      1304.75  2.87847e-08  2.72506e-11
      1305.09  3.00481e-08  2.80560e-11
      1305.43  3.49695e-08  2.99806e-11
      1305.77  4.12189e-08  3.18910e-11
      1306.11  4.13653e-08  3.16467e-11
      1306.46  2.87909e-08  2.62643e-11
      1306.80  1.41553e-08  1.86705e-11
      1307.14  7.29804e-09  1.45648e-11
      1307.48  4.92087e-09  1.32319e-11
      1307.82  3.85537e-09  1.23374e-11
      1308.16  3.76493e-09  1.20088e-11
      1308.51  4.53467e-09  1.27822e-11
      1308.85  3.80009e-09  1.14400e-11
      1309.19  2.66146e-09  9.69991e-12
      1309.53  2.37649e-09  8.35771e-12
      1309.88  2.31292e-09  9.37349e-12
      1310.22  2.51386e-09  9.04154e-12
      1310.56  3.28409e-09  1.02860e-11
      1310.91  5.98974e-09  1.30367e-11
      1311.25  1.17313e-08  1.83810e-11
      1311.60  1.19823e-08  1.77936e-11
      1311.94  6.93867e-09  1.32866e-11
      1312.28  3.49991e-09  1.01083e-11
      1312.63  2.31982e-09  9.18182e-12
      1312.97  1.92451e-09  9.04997e-12
      1313.32  2.61384e-09  1.03404e-11
      1313.66  4.58744e-09  1.38224e-11
      1314.01  3.88342e-09  1.25369e-11
      1314.35  2.14012e-09  9.65951e-12
      1314.70  1.54816e-09  8.63428e-12
      1315.05  1.52201e-09  8.34955e-12
      1315.39  1.79178e-09  8.46192e-12
      1315.74  2.58284e-09  9.39550e-12
      1316.08  3.74776e-09  1.02402e-11
      1316.43  7.65600e-09  1.41012e-11
      1316.78  1.30004e-08  1.89202e-11
      1317.12  1.04696e-08  1.69085e-11
      1317.47  5.03707e-09  1.18123e-11
      1317.82  2.85270e-09  9.44565e-12
      1318.17  2.87581e-09  9.56130e-12
      1318.51  4.80441e-09  1.20984e-11
      1318.86  6.01649e-09  1.41548e-11
      1319.21  4.15217e-09  1.24595e-11
      1319.56  2.35123e-09  1.03415e-11
      1319.91  2.29555e-09  1.03620e-11
      1320.25  2.36327e-09  1.02101e-11
      1320.60  2.31927e-09  9.57245e-12
      1320.95  2.83496e-09  9.98186e-12
      1321.30  4.18378e-09  1.14816e-11
      1321.65  8.55018e-09  1.59212e-11
      1322.00  1.59870e-08  1.98123e-11
      1322.35  1.35121e-08  2.05426e-11
      1322.70  7.20570e-09  1.37901e-11
      1323.05  4.38820e-09  1.13500e-11
      1323.40  4.76591e-09  1.15191e-11
      1323.75  5.75611e-09  1.24622e-11
      1324.10  6.06353e-09  1.29486e-11
      1324.45  4.45823e-09  1.16834e-11
      1324.80  3.02544e-09  1.05951e-11
      