227
      1249.95  1.29676e-08  1.48596e-11
      1250.27  6.40167e-09  1.04433e-11
      1250.58  1.99370e-09  6.69021e-12
      1250.89  1.29408e-09  6.15568e-12
      1251.20  1.76676e-09  6.66431e-12
      1251.52  2.86260e-09  7.71115e-12
      1251.83  5.11969e-09  9.81137e-12
      1252.14  6.82676e-09  1.13306e-11
      1252.46  6.63265e-09  1.13892e-11
      1252.77  6.12084e-09  1.08424e-11
      1253.09  9.88191e-09  1.26787e-11
      1253.40  1.86753e-08  1.64393e-11
      1253.71  2.34876e-08  1.83053e-11
      1254.03  1.51018e-08  1.45285e-11
      1254.34  7.34130e-09  1.06379e-11
      1254.66  8.71266e-09  1.20366e-11
      1254.97  1.35281e-08  1.57458e-11
      1255.29  9.67366e-09  1.36121e-11
      1255.60  4.39818e-09  9.74539e-12
      1255.92  4.70634e-09  9.94033e-12
      1256.23  8.10906e-09  1.16034e-11
      1256.55  1.29059e-08  1.44034e-11
      1256.87  9.73924e-09  1.21697e-11
      1257.18  4.47250e-09  8.74454e-12
      1257.50  3.11024e-09  8.16391e-12
      1257.81  3.52017e-09  8.79607e-12
      1258.13  4.46326e-09  9.89203e-12
      1258.45  4.56175e-09  9.85150e-12
      1258.76  4.83522e-09  9.49705e-12
      1259.08  8.46657e-09  1.10830e-11
      1259.40  1.70404e-08  1.47571e-11
      1259.72  2.31021e-08  1.70707e-11
      1260.03  1.79514e-08  1.47661e-11
      1260.35  1.31355e-08  1.26053e-11
      1260.67  1.62444e-08  1.47510e-11
      1260.99  1.53923e-08  1.44787e-11
      1261.30  1.24029e-08  1.26455e-11
      1261.62  1.49418e-08  1.38052e-11
      1261.94  1.59116e-08  1.33191e-11
      1262.26  1.60362e-08  1.30337e-11
      1262.58  1.21146e-08  1.09280e-11
      1262.90  1.23740e-08  1.08884e-11
      1263.22  1.84815e-08  1.39701e-11
      1263.54  1.58210e-08  1.31092e-11
      1263.86  1.01405e-08  1.09206e-11
      1264.17  7.84509e-09  1.00952e-11
      1264.49  5.72657e-09  8.60978e-12
      1264.81  6.06681e-09  8.32373e-12
      1265.13  1.19730e-08  1.10868e-11
      1265.45  1.86884e-08  1.38468e-11
      1265.77  1.69935e-08  1.34386e-11
      1266.10  9.43146e-09  1.04166e-11
      1266.42  4.84487e-09  8.20817e-12
      1266.74  4.02420e-09  8.00563e-12
      1267.06  5.44023e-09  9.03933e-12
      1267.38  1.13573e-08  1.20396e-11
      1267.70  2.09496e-08  1.60883e-11
      1268.02  2.27673e-08  1.57735e-11
      1268.34  2.25617e-08  1.56943e-11
      1268.67  2.05601e-08  1.48939e-11
      1268.99  2.03480e-08  1.55465e-11
      1269.31  1.60612e-08  1.40711e-11
      1269.63  1.07319e-08  1.18447e-11
      1269.95  8.81592e-09  1.09323e-11
      1270.28  1.05343e-08  1.12431e-11
      1270.60  1.72979e-08  1.38744e-11
      1270.92  2.07892e-08  1.42781e-11
      1271.25  2.26361e-08  1.44642e-11
      1271.57  2.23436e-08  1.46252e-11
      1271.89  1.36281e-08  1.14686e-11
      1272.22  6.11507e-09  8.13793e-12
      1272.54  3.67559e-09  7.03027e-12
      1272.86  2.93800e-09  6.61823e-12
      1273.19  2.71845e-09  6.14005e-12
      1273.51  3.27649e-09  6.20674e-12
      1273.84  5.14897e-09  7.16736e-12
      1274.16  6.91394e-09  8.03151e-12
      1274.49  8.96301e-09  8.87316e-12
      1274.81  1.57270e-08  1.22162e-11
      1275.14  2.18204e-08  1.51011e-11
      1275.46  1.99697e-08  1.49752e-11
      1275.79  1.33773e-08  1.26499e-11
      1276.11  8.81505e-09  1.02265e-11
      1276.44  1.12273e-08  1.10589e-11
      1276.76  1.88046e-08  1.41977e-11
      1277.09  1.98704e-08  1.40157e-11
      1277.42  2.02874e-08  1.48178e-11
      1277.74  1.43865e-08  1.27840e-11
      1278.07  6.89397e-09  9.47328e-12
      1278.40  4.05974e-09  8.03516e-12
      1278.72  3.10097e-09  7.49060e-12
      1279.05  3.03287e-09  7.08338e-12
      1279.38  4.06212e-09  7.50201e-12
      1279.71  6.06422e-09  8.34396e-12
      1280.03  8.08481e-09  9.49875e-12
      1280.36  7.37792e-09  8.79771e-12
      1280.69  7.70518e-09  9.10184e-12
      1281.02  1.00705e-08  1.04073e-11
      1281.34  1.45503e-08  1.26753e-11
      1281.67  1.72358e-08  1.44922e-11
      1282.00  1.32762e-08  1.20069e-11
      1282.33  1.40678e-08  1.11651e-11
      1282.66  2.12051e-08  1.33692e-11
      1282.99  2.68388e-08  1.49106e-11
      1283.32  2.67643e-08  1.52669e-11
      1283.65  1.92588e-08  1.35671e-11
      1283.98  1.04398e-08  1.05739e-11
      1284.31  5.99877e-09  8.81138e-12
      1284.64  4.46297e-09  8.10889e-12
      1284.97  4.41214e-09  7.90499e-12
      1285.30  5.17848e-09  8.25845e-12
      1285.63  4.52060e-09  7.51559e-12
      1285.96  4.16109e-09  7.23107e-12
      1286.29  6.25845e-09  8.75570e-12
      1286.62  8.81274e-09  1.07111e-11
      1286.95  8.47009e-09  1.05133e-11
      1287.28  1.04568e-08  1.15161e-11
      1287.61  1.78803e-08  1.50794e-11
      1287.95  2.16011e-08  1.57871e-11
      1288.28  2.15222e-08  1.48089e-11
      1288.61  2.14194e-08  1.41108e-11
      1288.94  2.10173e-08  1.38529e-11
      1289.27  1.54009e-08  1.17347e-11
      1289.61  1.12484e-08  1.04284e-11
      1289.94  9.04718e-09  9.81944e-12
      1290.27  6.17072e-09  8.34495e-12
      1290.61  5.09675e-09  7.87273e-12
      1290.94  3.90826e-09  6.93753e-12
      1291.27  2.84954e-09  5.86242e-12
      1291.61  3.29145e-09  6.06298e-12
      1291.94  5.42971e-09  7.54864e-12
      1292.27  9.31473e-09  9.92164e-12
      1292.61  1.32080e-08  1.25014e-11
      1292.94  1.02066e-08  1.11697e-11
      1293.28  7.79830e-09  1.00789e-11
      1293.61  1.02130e-08  1.16233e-11
      1293.95  1.31502e-08  1.23678e-11
      1294.28  1.91319e-08  1.44102e-11
      1294.62  2.18587e-08  1.51946e-11
      1294.95  1.87518e-08  1.38023e-11
      1295.29  1.77967e-08  1.38580e-11
      1295.62  1.55548e-08  1.32699e-11
      1295.96  1.14802e-08  1.14741e-11
      1296.29  9.86699e-09  1.06892e-11
      1296.63  1.02294e-08  1.03863e-11
      1296.97  1.24481e-08  1.06699e-11
      1297.30  1.85750e-08  1.23344e-11
      1297.64  2.47348e-08  1.42586e-11
      1297.98  2.14836e-08  1.33249e-11
      1298.31  1.37833e-08  1.10784e-11
      1298.65  7.90290e-09  8.98468e-12
      1298.99  5.92833e-09  8.17089e-12
      1299.33  9.88621e-09  1.04333e-11
      1299.66  1.77335e-08  1.38599e-11
      1300.00  2.03065e-08  1.45875e-11
      1300.34  1.79282e-08  1.48050e-11
      1300.68  1.12611e-08  1.19159e-11
      1301.02  1.23928e-08  1.13409e-11
      1301.35  2.16440e-08  1.58295e-11
      1301.69  2.61265e-08  1.74776e-11
      1302.03  2.53177e-08  1.73975e-11
      1302.37  2.22174e-08  1.54748e-11
      1302.71  2.54724e-08  1.61650e-11
      1303.05  2.78493e-08  1.58158e-11
      1303.39  3.14847e-08  1.62802e-11
      1303.73  3.40306e-08  1.68231e-11
      1304.07  3.13672e-08  1.60962e-11
      1304.41  3.17028e-08  1.66026e-11
      1304.75  3.35527e-08  1.75384e-11
      1305.09  3.46641e-08  1.77935e-11
      1305.43  4.03498e-08  1.91687e-11
      1305.77  4.73422e-08  2.04309e-11
      1306.11  4.75326e-08  2.06408e-11
      1306.46  3.26042e-08  1.71714e-11
      1306.80  1.62945e-08  1.24553e-11
      1307.14  8.84760e-09  1.00636e-11
      1307.48  6.12283e-09  9.08095e-12
      1307.82  4.91556e-09  8.53915e-12
      1308.16  4.91620e-09  8.38477e-12
      1308.51  5.84085e-09  8.96338e-12
      1308.85  4.78697e-09  7.76285e-12
      1309.19  3.43304e-09  6.47640e-12
      1309.53  3.10470e-09  6.25546e-12
      1309.88  3.02721e-09  6.20216e-12
      1310.22  3.25026e-09  6.48877e-12
      1310.56  4.18215e-09  7.13924e-12
      1310.91  7.47684e-09  9.29021e-12
      1311.25  1.41595e-08  1.23982e-11
      1311.60  1.39386e-08  1.13604e-11
      1311.94  8.35512e-09  8.61526e-12
      1312.28  4.37093e-09  6.62297e-12
      1312.63  2.91438e-09  6.07828e-12
      1312.97  2.48363e-09  6.05401e-12
      1313.32  3.39449e-09  7.05212e-12
      1313.66  5.61321e-09  9.22219e-12
      1314.01  4.81323e-09  8.55897e-12
      1314.35  2.74856e-09  6.66915e-12
      1314.70  2.05904e-09  5.94418e-12
      1315.05  2.04147e-09  5.66114e-12
      1315.39  2.34285e-09  5.76842e-12
      1315.74  3.03574e-09  6.32305e-12
      1316.08  4.67548e-09  7.53761e-12
      1316.43  9.30893e-09  1.00626e-11
      1316.78  1.55987e-08  1.31486e-11
      1317.12  1.26452e-08  1.13561e-11
      1317.47  6.04203e-09  7.58133e-12
      1317.82  3.49934e-09  5.96515e-12
      1318.17  3.52117e-09  5.97624e-12
      1318.51  5.92148e-09  7.98206e-12
      1318.86  7.45187e-09  9.34059e-12
      1319.21  5.03730e-09  8.20050e-12
      1319.56  2.86122e-09  6.84417e-12
      1319.91  2.94296e-09  7.17042e-12
      1320.25  3.00925e-09  6.98584e-12
      1320.60  3.00477e-09  6.65056e-12
      1320.95  3.69751e-09  7.01804e-12
      1321.30  5.29236e-09  7.82694e-12
      1321.65  1.04240e-08  1.04540e-11
      1322.00  1.96202e-08  1.52776e-11
      1322.35  1.69540e-08  1.37356e-11
      1322.70  8.63422e-09  9.67265e-12
      1323.05  5.40684e-09  7.60347e-12
      1323.40  5.92851e-09  7.67590e-12
      1323.75  7.02275e-09  7.97556e-12
      1324.10  7.30897e-09  8.30828e-12
      1324.45  5.33747e-09  7.44466e-12
      1324.80  3.78666e-09  6.94769e-12
      