227
      1249.95  1.13180e-08  1.22869e-11
      1250.27  5.46012e-09  8.72254e-12
      1250.58  1.78257e-09  5.86296e-12
      1250.89  1.25221e-09  5.31807e-12
      1251.20  1.68356e-09  5.68018e-12
      1251.52  2.69734e-09  6.41284e-12
      1251.83  4.70118e-09  7.95947e-12
      1252.14  6.11991e-09  8.92667e-12
      1252.46  5.85683e-09  8.88513e-12
      1252.77  5.46570e-09  8.55031e-12
      1253.09  9.06750e-09  1.05471e-11
      1253.40  1.71954e-08  1.42435e-11
      1253.71  2.11833e-08  1.56078e-11
      1254.03  1.29837e-08  1.15327e-11
      1254.34  6.35284e-09  8.10510e-12
      1254.66  7.79761e-09  8.96794e-12
      1254.97  1.24010e-08  1.18951e-11
      1255.29  8.20449e-09  9.62812e-12
      1255.60  3.69068e-09  6.91072e-12
      1255.92  4.13503e-09  7.35728e-12
      1256.23  7.17213e-09  8.91343e-12
      1256.55  1.15415e-08  1.11097e-11
      1256.87  8.20476e-09  8.95996e-12
      1257.18  3.70951e-09  6.25650e-12
      1257.50  2.67085e-09  5.69204e-12
      1257.81  3.04633e-09  6.14628e-12
      1258.13  3.85073e-09  6.83969e-12
      1258.45  3.84550e-09  6.81503e-12
      1258.76  4.01430e-09  6.78391e-12
      1259.08  7.18190e-09  8.25329e-12
      1259.40  1.51112e-08  1.15498e-11
      1259.72  2.07715e-08  1.35328e-11
      1260.03  1.52825e-08  1.12145e-11
      1260.35  1.09611e-08  9.39786e-12
      1260.67  1.45223e-08  1.15777e-11
      1260.99  1.34358e-08  1.10875e-11
      1261.30  1.05221e-08  9.82123e-12
      1261.62  1.28542e-08  1.20461e-11
      1261.94  1.38194e-08  1.21693e-11
      1262.26  1.41015e-08  1.27425e-11
      1262.58  9.94441e-09  1.00474e-11
      1262.90  1.10247e-08  9.42259e-12
      1263.22  1.69086e-08  1.20286e-11
      1263.54  1.40679e-08  1.07614e-11
      1263.86  8.84626e-09  8.75042e-12
      1264.17  6.93085e-09  8.18205e-12
      1264.49  4.99795e-09  7.07414e-12
      1264.81  5.37025e-09  7.01758e-12
      1265.13  1.09372e-08  9.62175e-12
      1265.45  1.71041e-08  1.17569e-11
      1265.77  1.52460e-08  1.08066e-11
      1266.10  8.16290e-09  7.84781e-12
      1266.42  4.13226e-09  5.91738e-12
      1266.74  3.53998e-09  5.82869e-12
      1267.06  4.87914e-09  6.53690e-12
      1267.38  1.01995e-08  9.57518e-12
      1267.70  1.80127e-08  1.29221e-11
      1268.02  1.99636e-08  1.29676e-11
      1268.34  1.98235e-08  1.27711e-11
      1268.67  1.78097e-08  1.17343e-11
      1268.99  1.77645e-08  1.13967e-11
      1269.31  1.37850e-08  1.01352e-11
      1269.63  9.02990e-09  8.51564e-12
      1269.95  7.43931e-09  8.04311e-12
      1270.28  9.11816e-09  8.62084e-12
      1270.60  1.53450e-08  1.13283e-11
      1270.92  1.83766e-08  1.20604e-11
      1271.25  1.99481e-08  1.23700e-11
      1271.57  1.95121e-08  1.22626e-11
      1271.89  1.17469e-08  9.38117e-12
      1272.22  5.19712e-09  6.57186e-12
      1272.54  3.17379e-09  5.67210e-12
      1272.86  2.58314e-09  5.35310e-12
      1273.19  2.43706e-09  5.25729e-12
      1273.51  3.00651e-09  5.59670e-12
      1273.84  4.67185e-09  6.53823e-12
      1274.16  6.19974e-09  7.12393e-12
      1274.49  8.22896e-09  7.64641e-12
      1274.81  1.44702e-08  1.00474e-11
      1275.14  1.98505e-08  1.19212e-11
      1275.46  1.78803e-08  1.13881e-11
      1275.79  1.17793e-08  9.36702e-12
      1276.11  7.73738e-09  7.61611e-12
      1276.44  1.00886e-08  8.50371e-12
      1276.76  1.69441e-08  1.14469e-11
      1277.09  1.76732e-08  1.09342e-11
      1277.42  1.79142e-08  1.10416e-11
      1277.74  1.24215e-08  9.21615e-12
      1278.07  5.82748e-09  6.62199e-12
      1278.40  3.42630e-09  5.66793e-12
      1278.72  2.63696e-09  5.38227e-12
      1279.05  2.61001e-09  5.31760e-12
      1279.38  3.49959e-09  5.87976e-12
      1279.71  5.29020e-09  6.85217e-12
      1280.03  6.98732e-09  7.90936e-12
      1280.36  6.33785e-09  7.23565e-12
      1280.69  6.72374e-09  7.42230e-12
      1281.02  8.82026e-09  8.40667e-12
      1281.34  1.30267e-08  1.03669e-11
      1281.67  1.59975e-08  1.23961e-11
      1282.00  1.20377e-08  1.02609e-11
      1282.33  1.26542e-08  9.90412e-12
      1282.66  1.94984e-08  1.20580e-11
      1282.99  2.46348e-08  1.30745e-11
      1283.32  2.44630e-08  1.28020e-11
      1283.65  1.72175e-08  1.05776e-11
      1283.98  9.13371e-09  7.85907e-12
      1284.31  5.24652e-09  6.38166e-12
      1284.64  3.91888e-09  5.82739e-12
      1284.97  3.89159e-09  5.81858e-12
      1285.30  4.55325e-09  6.25802e-12
      1285.63  3.91261e-09  5.66456e-12
      1285.96  3.63601e-09  5.40436e-12
      1286.29  5.54790e-09  6.64774e-12
      1286.62  7.74496e-09  8.07081e-12
      1286.95  7.18691e-09  7.70018e-12
      1287.28  9.09059e-09  8.63865e-12
      1287.61  1.60779e-08  1.20634e-11
      1287.95  1.90071e-08  1.28521e-11
      1288.28  1.89738e-08  1.26846e-11
      1288.61  1.88717e-08  1.22880e-11
      1288.94  1.88223e-08  1.23911e-11
      1289.27  1.32468e-08  9.93423e-12
      1289.61  9.82191e-09  8.67290e-12
      1289.94  7.87008e-09  7.98442e-12
      1290.27  5.34077e-09  6.62890e-12
      1290.61  4.54733e-09  6.31500e-12
      1290.94  3.44621e-09  5.48257e-12
      1291.27  2.55830e-09  4.74641e-12
      1291.61  2.98361e-09  4.88952e-12
      1291.94  4.90552e-09  5.83902e-12
      1292.27  8.42253e-09  7.39663e-12
      1292.61  1.20232e-08  9.34097e-12
      1292.94  8.71966e-09  7.90415e-12
      1293.28  6.77957e-09  7.28082e-12
      1293.61  8.96046e-09  8.67614e-12
      1293.95  1.14271e-08  9.38459e-12
      1294.28  1.72511e-08  1.17072e-11
      1294.62  1.92711e-08  1.24849e-11
      1294.95  1.59825e-08  1.10692e-11
      1295.29  1.56092e-08  1.11273e-11
      1295.62  1.32983e-08  1.03539e-11
      1295.96  9.70544e-09  9.00226e-12
      1296.29  8.45818e-09  8.50455e-12
      1296.63  8.85964e-09  8.67750e-12
      1296.97  1.09577e-08  9.12478e-12
      1297.30  1.68699e-08  1.07726e-11
      1297.64  2.25414e-08  1.22326e-11
      1297.98  1.91126e-08  1.07989e-11
      1298.31  1.21291e-08  8.61983e-12
      1298.65  6.85393e-09  6.67738e-12
      1298.99  5.26753e-09  6.04176e-12
      1299.33  9.05631e-09  7.90665e-12
      1299.66  1.62098e-08  1.08039e-11
      1300.00  1.81168e-08  1.11932e-11
      1300.34  1.57689e-08  1.05852e-11
      1300.68  1.07768e-08  8.68108e-12
      1301.02  1.11847e-08  8.93100e-12
      1301.35  1.95315e-08  1.25546e-11
      1301.69  2.30831e-08  1.37115e-11
      1302.03  2.23485e-08  1.39228e-11
      1302.37  1.95574e-08  1.26540e-11
      1302.71  2.29272e-08  1.37930e-11
      1303.05  2.48523e-08  1.36065e-11
      1303.39  2.85361e-08  1.41072e-11
      1303.73  3.07399e-08  1.42466e-11
      1304.07  2.84548e-08  1.32950e-11
      1304.41  2.89910e-08  1.33641e-11
      1304.75  3.07897e-08  1.38356e-11
      1305.09  3.21852e-08  1.40276e-11
      1305.43  3.77540e-08  1.51934e-11
      1305.77  4.43078e-08  1.63517e-11
      1306.11  4.37755e-08  1.64005e-11
      1306.46  2.96433e-08  1.34621e-11
      1306.80  1.46459e-08  9.67426e-12
      1307.14  7.74914e-09  7.59837e-12
      1307.48  5.26380e-09  6.82637e-12
      1307.82  4.20218e-09  6.44730e-12
      1308.16  4.23711e-09  6.55027e-12
      1308.51  4.95311e-09  7.07011e-12
      1308.85  4.04021e-09  6.26907e-12
      1309.19  2.92461e-09  5.22203e-12
      1309.53  2.65852e-09  4.94980e-12
      1309.88  2.62512e-09  4.83293e-12
      1310.22  2.84885e-09  4.97446e-12
      1310.56  3.70809e-09  5.42336e-12
      1310.91  6.79609e-09  6.84475e-12
      1311.25  1.26657e-08  9.42581e-12
      1311.60  1.25306e-08  8.97505e-12
      1311.94  7.36528e-09  6.79449e-12
      1312.28  3.86574e-09  5.24584e-12
      1312.63  2.62411e-09  4.70849e-12
      1312.97  2.24612e-09  4.64516e-12
      1313.32  3.08337e-09  5.50553e-12
      1313.66  4.98403e-09  7.32069e-12
      1314.01  4.18286e-09  6.72684e-12
      1314.35  2.37712e-09  5.32432e-12
      1314.70  1.80141e-09  4.73362e-12
      1315.05  1.79302e-09  4.54247e-12
      1315.39  2.05134e-09  4.59523e-12
      1315.74  2.66183e-09  4.91944e-12
      1316.08  4.15404e-09  5.77600e-12
      1316.43  8.44904e-09  7.75151e-12
      1316.78  1.38205e-08  1.00638e-11
      1317.12  1.10718e-08  8.73145e-12
      1317.47  5.35067e-09  6.01592e-12
      1317.82  3.13032e-09  4.82946e-12
      1318.17  3.26567e-09  4.84615e-12
      1318.51  5.38463e-09  6.34081e-12
      1318.86  6.54434e-09  7.32008e-12
      1319.21  4.51517e-09  6.61050e-12
      1319.56  2.81810e-09  6.26670e-12
      1319.91  2.72124e-09  6.52351e-12
      1320.25  2.63020e-09  5.75604e-12
      1320.60  2.62303e-09  5.33851e-12
      1320.95  3.21727e-09  5.58846e-12
      1321.30  4.66386e-09  6.16198e-12
      1321.65  9.42753e-09  8.06300e-12
      1322.00  1.74086e-08  1.13802e-11
      1322.35  1.49456e-08  1.02624e-11
      1322.70  7.49924e-09  7.11915e-12
      1323.05  4.74157e-09  5.79079e-12
      1323.40  5.31466e-09  6.03606e-12
      1323.75  6.29598e-09  6.49174e-12
      1324.10  6.49578e-09  6.76483e-12
      1324.45  4.74330e-09  6.02066e-12
      1324.80  3.32022e-09  5.60624e-12
      