227
      1249.95  1.12253e-08  1.23374e-11
      1250.27  5.46473e-09  8.74341e-12
      1250.58  1.79117e-09  5.70828e-12
      1250.89  1.22154e-09  5.09814e-12
      1251.20  1.63647e-09  5.54091e-12
      1251.52  2.63534e-09  6.02772e-12
      1251.83  4.66306e-09  7.67068e-12
      1252.14  6.08651e-09  8.74256e-12
      1252.46  5.82089e-09  8.78459e-12
      1252.77  5.41753e-09  8.31343e-12
      1253.09  9.01837e-09  1.02065e-11
      1253.40  1.71063e-08  1.36012e-11
      1253.71  2.10705e-08  1.48815e-11
      1254.03  1.29524e-08  1.11832e-11
      1254.34  6.32640e-09  7.91210e-12
      1254.66  7.76961e-09  8.83663e-12
      1254.97  1.23346e-08  1.18148e-11
      1255.29  8.11906e-09  9.55265e-12
      1255.60  3.63361e-09  6.89236e-12
      1255.92  4.08781e-09  7.45283e-12
      1256.23  7.06262e-09  8.84818e-12
      1256.55  1.15704e-08  1.13031e-11
      1256.87  8.15329e-09  9.14352e-12
      1257.18  3.63980e-09  6.44745e-12
      1257.50  2.63529e-09  5.87844e-12
      1257.81  3.01827e-09  6.38533e-12
      1258.13  3.83588e-09  7.19088e-12
      1258.45  3.81800e-09  7.25881e-12
      1258.76  3.98382e-09  7.22020e-12
      1259.08  7.14934e-09  8.59801e-12
      1259.40  1.50143e-08  1.18768e-11
      1259.72  2.06333e-08  1.38668e-11
      1260.03  1.52517e-08  1.15520e-11
      1260.35  1.09159e-08  9.68160e-12
      1260.67  1.44511e-08  1.19478e-11
      1260.99  1.33898e-08  1.15046e-11
      1261.30  1.04557e-08  1.00923e-11
      1261.62  1.27760e-08  1.19497e-11
      1261.94  1.37054e-08  1.19839e-11
      1262.26  1.40719e-08  1.23608e-11
      1262.58  9.82307e-09  9.52007e-12
      1262.90  1.09554e-08  9.23887e-12
      1263.22  1.67570e-08  1.18693e-11
      1263.54  1.40574e-08  1.08480e-11
      1263.86  8.82652e-09  8.76821e-12
      1264.17  6.88195e-09  8.50199e-12
      1264.49  4.99868e-09  7.07384e-12
      1264.81  5.38265e-09  6.90047e-12
      1265.13  1.08814e-08  9.37076e-12
      1265.45  1.70161e-08  1.15544e-11
      1265.77  1.51851e-08  1.07322e-11
      1266.10  8.11206e-09  7.84441e-12
      1266.42  4.09877e-09  5.99597e-12
      1266.74  3.50589e-09  5.88878e-12
      1267.06  4.84142e-09  6.63459e-12
      1267.38  1.01229e-08  9.43314e-12
      1267.70  1.77786e-08  1.35529e-11
      1268.02  1.98114e-08  1.35719e-11
      1268.34  1.97592e-08  1.32241e-11
      1268.67  1.77759e-08  1.21099e-11
      1268.99  1.76254e-08  1.16593e-11
      1269.31  1.37618e-08  1.04519e-11
      1269.63  9.03603e-09  8.77038e-12
      1269.95  7.42412e-09  8.25344e-12
      1270.28  9.09902e-09  8.79152e-12
      1270.60  1.51968e-08  1.12098e-11
      1270.92  1.82248e-08  1.18095e-11
      1271.25  1.98785e-08  1.20692e-11
      1271.57  1.94784e-08  1.20807e-11
      1271.89  1.16378e-08  9.36091e-12
      1272.22  5.13740e-09  6.55063e-12
      1272.54  3.13171e-09  5.66805e-12
      1272.86  2.54895e-09  5.38146e-12
      1273.19  2.40384e-09  5.24844e-12
      1273.51  2.97282e-09  5.51229e-12
      1273.84  4.63725e-09  6.35813e-12
      1274.16  6.15945e-09  6.96294e-12
      1274.49  8.21811e-09  7.58324e-12
      1274.81  1.43749e-08  1.00463e-11
      1275.14  1.96667e-08  1.19872e-11
      1275.46  1.77559e-08  1.15429e-11
      1275.79  1.17199e-08  9.54781e-12
      1276.11  7.69885e-09  7.75137e-12
      1276.44  1.00579e-08  8.54427e-12
      1276.76  1.69240e-08  1.13062e-11
      1277.09  1.75081e-08  1.08532e-11
      1277.42  1.79491e-08  1.12862e-11
      1277.74  1.23600e-08  9.38518e-12
      1278.07  5.77161e-09  6.80403e-12
      1278.40  3.39095e-09  5.84133e-12
      1278.72  2.60793e-09  5.70396e-12
      1279.05  2.57335e-09  5.41218e-12
      1279.38  3.45871e-09  5.90259e-12
      1279.71  5.24012e-09  6.76959e-12
      1280.03  6.95236e-09  7.69217e-12
      1280.36  6.31016e-09  7.13297e-12
      1280.69  6.69061e-09  7.49102e-12
      1281.02  8.80132e-09  8.55292e-12
      1281.34  1.29781e-08  1.05381e-11
      1281.67  1.57340e-08  1.21924e-11
      1282.00  1.21343e-08  1.02525e-11
      1282.33  1.26003e-08  9.90334e-12
      1282.66  1.94130e-08  1.20815e-11
      1282.99  2.45550e-08  1.32224e-11
      1283.32  2.44313e-08  1.30909e-11
      1283.65  1.71143e-08  1.08701e-11
      1283.98  9.02468e-09  8.08603e-12
      1284.31  5.18266e-09  6.53903e-12
      1284.64  3.87036e-09  5.95447e-12
      1284.97  3.83856e-09  5.89400e-12
      1285.30  4.53216e-09  6.31803e-12
      1285.63  3.88041e-09  5.62868e-12
      1285.96  3.58313e-09  5.29581e-12
      1286.29  5.49959e-09  6.48134e-12
      1286.62  7.70727e-09  7.99479e-12
      1286.95  7.15508e-09  7.70246e-12
      1287.28  9.02828e-09  8.59478e-12
      1287.61  1.59717e-08  1.19407e-11
      1287.95  1.88988e-08  1.26166e-11
      1288.28  1.88379e-08  1.23031e-11
      1288.61  1.87750e-08  1.18874e-11
      1288.94  1.88001e-08  1.21958e-11
      1289.27  1.31326e-08  9.87629e-12
      1289.61  9.77439e-09  8.82531e-12
      1289.94  7.82593e-09  8.21246e-12
      1290.27  5.27607e-09  6.83028e-12
      1290.61  4.53629e-09  6.58151e-12
      1290.94  3.41649e-09  5.67117e-12
      1291.27  2.51531e-09  4.90642e-12
      1291.61  2.93970e-09  4.93284e-12
      1291.94  4.85557e-09  5.97196e-12
      1292.27  8.32609e-09  7.52537e-12
      1292.61  1.19810e-08  9.50428e-12
      1292.94  8.68484e-09  7.96912e-12
      1293.28  6.70285e-09  7.24699e-12
      1293.61  8.92438e-09  8.63066e-12
      1293.95  1.13747e-08  9.24182e-12
      1294.28  1.71474e-08  1.14173e-11
      1294.62  1.94213e-08  1.25910e-11
      1294.95  1.56314e-08  1.11080e-11
      1295.29  1.55265e-08  1.10597e-11
      1295.62  1.32570e-08  1.05203e-11
      1295.96  9.67082e-09  9.18399e-12
      1296.29  8.41279e-09  8.70871e-12
      1296.63  8.80773e-09  8.89919e-12
      1296.97  1.08468e-08  9.32101e-12
      1297.30  1.67843e-08  1.11323e-11
      1297.64  2.25823e-08  1.27750e-11
      1297.98  1.90664e-08  1.13541e-11
      1298.31  1.20488e-08  9.09181e-12
      1298.65  6.78136e-09  6.93951e-12
      1298.99  5.17954e-09  6.17130e-12
      1299.33  8.92450e-09  7.93501e-12
      1299.66  1.60954e-08  1.07196e-11
      1300.00  1.80470e-08  1.08837e-11
      1300.34  1.57377e-08  1.01637e-11
      1300.68  1.07251e-08  8.27580e-12
      1301.02  1.10633e-08  8.48303e-12
      1301.35  1.94037e-08  1.21758e-11
      1301.69  2.29912e-08  1.34375e-11
      1302.03  2.22304e-08  1.37433e-11
      1302.37  1.94754e-08  1.24623e-11
      1302.71  2.27917e-08  1.36551e-11
      1303.05  2.47176e-08  1.35749e-11
      1303.39  2.84239e-08  1.42895e-11
      1303.73  3.05834e-08  1.46940e-11
      1304.07  2.82631e-08  1.39238e-11
      1304.41  2.88284e-08  1.42094e-11
      1304.75  3.05923e-08  1.46733e-11
      1305.09  3.18769e-08  1.46568e-11
      1305.43  3.74363e-08  1.56348e-11
      1305.77  4.39689e-08  1.64034e-11
      1306.11  4.35978e-08  1.61440e-11
      1306.46  2.95212e-08  1.31122e-11
      1306.80  1.45487e-08  9.34003e-12
      1307.14  7.69956e-09  7.34882e-12
      1307.48  5.23444e-09  6.63927e-12
      1307.82  4.17262e-09  6.35115e-12
      1308.16  4.20234e-09  6.37956e-12
      1308.51  4.93349e-09  7.02988e-12
      1308.85  4.02093e-09  6.23921e-12
      1309.19  2.89681e-09  5.30935e-12
      1309.53  2.63145e-09  5.12505e-12
      1309.88  2.60391e-09  5.13241e-12
      1310.22  2.82802e-09  5.41078e-12
      1310.56  3.69759e-09  5.87062e-12
      1310.91  6.80012e-09  7.36784e-12
      1311.25  1.24425e-08  9.83447e-12
      1311.60  1.23897e-08  9.28319e-12
      1311.94  7.31093e-09  6.85257e-12
      1312.28  3.83212e-09  5.14239e-12
      1312.63  2.59484e-09  4.52227e-12
      1312.97  2.21701e-09  4.44898e-12
      1313.32  3.03984e-09  5.23176e-12
      1313.66  4.99130e-09  6.97770e-12
      1314.01  4.13265e-09  6.39040e-12
      1314.35  2.34532e-09  5.08706e-12
      1314.70  1.76887e-09  4.62520e-12
      1315.05  1.76616e-09  4.55910e-12
      1315.39  2.02990e-09  4.79436e-12
      1315.74  2.64268e-09  5.16149e-12
      1316.08  4.12669e-09  6.16670e-12
      1316.43  8.37794e-09  8.38816e-12
      1316.78  1.37271e-08  1.08906e-11
      1317.12  1.10217e-08  9.39136e-12
      1317.47  5.30786e-09  6.19174e-12
      1317.82  3.09352e-09  4.79879e-12
      1318.17  3.22633e-09  4.77289e-12
      1318.51  5.32446e-09  6.06943e-12
      1318.86  6.49404e-09  6.98475e-12
      1319.21  4.53264e-09  6.40682e-12
      1319.56  2.81675e-09  5.48391e-12
      1319.91  2.62846e-09  6.01870e-12
      1320.25  2.59355e-09  5.50316e-12
      1320.60  2.60380e-09  5.38520e-12
      1320.95  3.18482e-09  5.69432e-12
      1321.30  4.65262e-09  6.38114e-12
      1321.65  9.44148e-09  8.72940e-12
      1322.00  1.71539e-08  1.22950e-11
      1322.35  1.47739e-08  1.12021e-11
      1322.70  7.50536e-09  7.83602e-12
      1323.05  4.71746e-09  6.16243e-12
      1323.40  5.25804e-09  6.18781e-12
      1323.75  6.21905e-09  6.37514e-12
      1324.10  6.45694e-09  6.44635e-12
      1324.45  4.71613e-09  5.63785e-12
      1324.80  3.29787e-09  5.19757e-12
      