227
      1249.95  1.08979e-08  1.83291e-11
      1250.27  5.25838e-09  1.26245e-11
      1250.58  1.60391e-09  8.37974e-12
      1250.89  1.00237e-09  7.55712e-12
      1251.20  1.38836e-09  8.13707e-12
      1251.52  2.31449e-09  9.31413e-12
      1251.83  4.30702e-09  1.21119e-11
      1252.14  5.73825e-09  1.39830e-11
      1252.46  5.51496e-09  1.41311e-11
      1252.77  4.92983e-09  1.33964e-11
      1253.09  8.20028e-09  1.58972e-11
      1253.40  1.62482e-08  2.07248e-11
      1253.71  2.09886e-08  2.33150e-11
      1254.03  1.26469e-08  1.73703e-11
      1254.34  5.74817e-09  1.22832e-11
      1254.66  7.07670e-09  1.38628e-11
      1254.97  1.20888e-08  1.92656e-11
      1255.29  8.02757e-09  1.56000e-11
      1255.60  3.28982e-09  1.08856e-11
      1255.92  3.74491e-09  1.12996e-11
      1256.23  6.50565e-09  1.29629e-11
      1256.55  1.11520e-08  1.63359e-11
      1256.87  7.99678e-09  1.32248e-11
      1257.18  3.38321e-09  9.16784e-12
      1257.50  2.36103e-09  8.68000e-12
      1257.81  2.55706e-09  1.05847e-11
      1258.13  3.69833e-09  1.24626e-11
      1258.45  3.55718e-09  1.00579e-11
      1258.76  3.72213e-09  9.60684e-12
      1259.08  6.73205e-09  1.14760e-11
      1259.40  1.41365e-08  1.51744e-11
      1259.72  1.95912e-08  1.76739e-11
      1260.03  1.50329e-08  1.52742e-11
      1260.35  1.07269e-08  1.31360e-11
      1260.67  1.36513e-08  1.59462e-11
      1260.99  1.29099e-08  1.56997e-11
      1261.30  1.01811e-08  1.39551e-11
      1261.62  1.19200e-08  1.82869e-11
      1261.94  1.29772e-08  1.77323e-11
      1262.26  1.35492e-08  1.68323e-11
      1262.58  9.94870e-09  1.40246e-11
      1262.90  1.04483e-08  1.32832e-11
      1263.22  1.59493e-08  1.73952e-11
      1263.54  1.36642e-08  1.65502e-11
      1263.86  8.54951e-09  1.37246e-11
      1264.17  6.55615e-09  1.28695e-11
      1264.49  4.78996e-09  1.12563e-11
      1264.81  5.11905e-09  1.07593e-11
      1265.13  1.02857e-08  1.42439e-11
      1265.45  1.61408e-08  1.76838e-11
      1265.77  1.46391e-08  1.67419e-11
      1266.10  7.97259e-09  1.26802e-11
      1266.42  3.93729e-09  9.66694e-12
      1266.74  3.24577e-09  9.53537e-12
      1267.06  4.46597e-09  1.04961e-11
      1267.38  9.53059e-09  1.40367e-11
      1267.70  1.68108e-08  2.18871e-11
      1268.02  1.87072e-08  2.05022e-11
      1268.34  1.90350e-08  1.75619e-11
      1268.67  1.73679e-08  1.60510e-11
      1268.99  1.70812e-08  1.63524e-11
      1269.31  1.33860e-08  1.45517e-11
      1269.63  8.74122e-09  1.21284e-11
      1269.95  7.08151e-09  1.11285e-11
      1270.28  8.64555e-09  1.16835e-11
      1270.60  1.44890e-08  1.46440e-11
      1270.92  1.75066e-08  1.51547e-11
      1271.25  1.91700e-08  1.55995e-11
      1271.57  1.89146e-08  1.59938e-11
      1271.89  1.13865e-08  1.26925e-11
      1272.22  4.97369e-09  9.20920e-12
      1272.54  2.90170e-09  8.13833e-12
      1272.86  2.32061e-09  7.91393e-12
      1273.19  2.16081e-09  7.67978e-12
      1273.51  2.66411e-09  7.90844e-12
      1273.84  4.31072e-09  9.32824e-12
      1274.16  5.80818e-09  1.03309e-11
      1274.49  7.58814e-09  1.13066e-11
      1274.81  1.36925e-08  1.56747e-11
      1275.14  1.91291e-08  1.94543e-11
      1275.46  1.73272e-08  1.89777e-11
      1275.79  1.13814e-08  1.54618e-11
      1276.11  7.31271e-09  1.23441e-11
      1276.44  9.40633e-09  1.29367e-11
      1276.76  1.63869e-08  1.68913e-11
      1277.09  1.68633e-08  1.56935e-11
      1277.42  1.75894e-08  1.65780e-11
      1277.74  1.20960e-08  1.37118e-11
      1278.07  5.49630e-09  9.77006e-12
      1278.40  3.15316e-09  8.28742e-12
      1278.72  2.36262e-09  7.59547e-12
      1279.05  2.29263e-09  7.27616e-12
      1279.38  3.14813e-09  7.55173e-12
      1279.71  4.85261e-09  8.43883e-12
      1280.03  6.74773e-09  9.91196e-12
      1280.36  5.91824e-09  9.21773e-12
      1280.69  6.25794e-09  1.00572e-11
      1281.02  8.23855e-09  1.17717e-11
      1281.34  1.23220e-08  1.48874e-11
      1281.67  1.55002e-08  1.75057e-11
      1282.00  1.17421e-08  1.46602e-11
      1282.33  1.16071e-08  1.43073e-11
      1282.66  1.67799e-08  2.05400e-11
      1282.99  2.42950e-08  2.42251e-11
      1283.32  2.39858e-08  2.06473e-11
      1283.65  1.68521e-08  1.75338e-11
      1283.98  8.69427e-09  1.32369e-11
      1284.31  4.89588e-09  1.09742e-11
      1284.64  3.60214e-09  9.75589e-12
      1284.97  3.53134e-09  9.20948e-12
      1285.30  4.31970e-09  9.72880e-12
      1285.63  3.65210e-09  8.42494e-12
      1285.96  3.23324e-09  7.65074e-12
      1286.29  5.06987e-09  9.12079e-12
      1286.62  7.43668e-09  1.11548e-11
      1286.95  6.85039e-09  1.06596e-11
      1287.28  8.32176e-09  1.15043e-11
      1287.61  1.53118e-08  1.59162e-11
      1287.95  1.83550e-08  1.65279e-11
      1288.28  1.81985e-08  1.58354e-11
      1288.61  1.80775e-08  1.53724e-11
      1288.94  1.82283e-08  1.60029e-11
      1289.27  1.28719e-08  1.35554e-11
      1289.61  9.32260e-09  1.26148e-11
      1289.94  7.54748e-09  1.23324e-11
      1290.27  5.00088e-09  1.04761e-11
      1290.61  4.27703e-09  1.02789e-11
      1290.94  3.23177e-09  9.02644e-12
      1291.27  2.28644e-09  7.52413e-12
      1291.61  2.65960e-09  7.63473e-12
      1291.94  4.48705e-09  9.31943e-12
      1292.27  7.80983e-09  1.18325e-11
      1292.61  1.16760e-08  1.50334e-11
      1292.94  8.53571e-09  1.26207e-11
      1293.28  6.24657e-09  1.08454e-11
      1293.61  8.53225e-09  1.26154e-11
      1293.95  1.08072e-08  1.27571e-11
      1294.28  1.63651e-08  1.49011e-11
      1294.62  1.86893e-08  1.54743e-11
      1294.95  1.54909e-08  1.37026e-11
      1295.29  1.49272e-08  1.41556e-11
      1295.62  1.29051e-08  1.36776e-11
      1295.96  9.29451e-09  1.21809e-11
      1296.29  8.02013e-09  1.20355e-11
      1296.63  8.39318e-09  1.22930e-11
      1296.97  1.03160e-08  1.29033e-11
      1297.30  1.59758e-08  1.56980e-11
      1297.64  2.19010e-08  1.87664e-11
      1297.98  1.87264e-08  1.74697e-11
      1298.31  1.17651e-08  1.45212e-11
      1298.65  6.53091e-09  1.15628e-11
      1298.99  4.80080e-09  1.03198e-11
      1299.33  8.33917e-09  1.28712e-11
      1299.66  1.55810e-08  1.69871e-11
      1300.00  1.75769e-08  1.68604e-11
      1300.34  1.53332e-08  1.51339e-11
      1300.68  1.03866e-08  1.19094e-11
      1301.02  1.02610e-08  1.15843e-11
      1301.35  1.85989e-08  1.64074e-11
      1301.69  2.23364e-08  1.78149e-11
      1302.03  2.16598e-08  1.77634e-11
      1302.37  1.87237e-08  1.58915e-11
      1302.71  2.19475e-08  1.73706e-11
      1303.05  2.39546e-08  1.75869e-11
      1303.39  2.74014e-08  1.90108e-11
      1303.73  2.98053e-08  2.04545e-11
      1304.07  2.73661e-08  2.02932e-11
      1304.41  2.78672e-08  2.16340e-11
      1304.75  2.97717e-08  2.33481e-11
      1305.09  3.08120e-08  2.37976e-11
      1305.43  3.62347e-08  2.55897e-11
      1305.77  4.29150e-08  2.66720e-11
      1306.11  4.33202e-08  2.61184e-11
      1306.46  2.91514e-08  2.07941e-11
      1306.80  1.39414e-08  1.41992e-11
      1307.14  7.33124e-09  1.09993e-11
      1307.48  5.05506e-09  1.03592e-11
      1307.82  3.85473e-09  9.24782e-12
      1308.16  3.87746e-09  8.40682e-12
      1308.51  4.73911e-09  8.93675e-12
      1308.85  3.80409e-09  7.71323e-12
      1309.19  2.65142e-09  6.60149e-12
      1309.53  2.42031e-09  6.65443e-12
      1309.88  2.37596e-09  6.95933e-12
      1310.22  2.57150e-09  7.62434e-12
      1310.56  3.38812e-09  8.75520e-12
      1310.91  6.30277e-09  1.13241e-11
      1311.25  1.21154e-08  1.58951e-11
      1311.60  1.21565e-08  1.52228e-11
      1311.94  7.08190e-09  1.13308e-11
      1312.28  3.62858e-09  8.54941e-12
      1312.63  2.38436e-09  7.38084e-12
      1312.97  1.98934e-09  7.24084e-12
      1313.32  2.75928e-09  8.21275e-12
      1313.66  4.74335e-09  1.02785e-11
      1314.01  3.91505e-09  8.96126e-12
      1314.35  2.16888e-09  6.75903e-12
      1314.70  1.59909e-09  5.82592e-12
      1315.05  1.57900e-09  5.63021e-12
      1315.39  1.81920e-09  5.94805e-12
      1315.74  2.39623e-09  6.77147e-12
      1316.08  3.77287e-09  8.42715e-12
      1316.43  7.89278e-09  1.20858e-11
      1316.78  1.34719e-08  1.64158e-11
      1317.12  1.07397e-08  1.46153e-11
      1317.47  5.73334e-09  1.18304e-11
      1317.82  2.75374e-09  8.52500e-12
      1318.17  2.97031e-09  7.90385e-12
      1318.51  5.03372e-09  9.90994e-12
      1318.86  6.24018e-09  1.13233e-11
      1319.21  4.43237e-09  1.06465e-11
      1319.56  2.58607e-09  8.63654e-12
      1319.91  2.42057e-09  8.33028e-12
      1320.25  2.39739e-09  7.12061e-12
      1320.60  2.39493e-09  6.63760e-12
      1320.95  2.96492e-09  6.84912e-12
      1321.30  4.37533e-09  7.99522e-12
      1321.65  9.05308e-09  1.15759e-11
      1322.00  1.62429e-08  1.65158e-11
      1322.35  1.42885e-08  1.60829e-11
      1322.70  7.40462e-09  1.20698e-11
      1323.05  4.55642e-09  9.98315e-12
      1323.40  4.93473e-09  1.01207e-11
      1323.75  5.91301e-09  1.06359e-11
      1324.10  6.13659e-09  1.07584e-11
      1324.45  4.56217e-09  9.48527e-12
      1324.80  3.14150e-09  8.42508e-12
      