227
      1249.95  1.10979e-08  1.39888e-11
      1250.27  5.29617e-09  9.76816e-12
      1250.58  1.56524e-09  6.34661e-12
      1250.89  1.01347e-09  5.60315e-12
      1251.20  1.41657e-09  6.04907e-12
      1251.52  2.34266e-09  6.85868e-12
      1251.83  4.38234e-09  8.86459e-12
      1252.14  5.88055e-09  1.01680e-11
      1252.46  5.66455e-09  1.02610e-11
      1252.77  5.06795e-09  9.90394e-12
      1253.09  8.38538e-09  1.14003e-11
      1253.40  1.64537e-08  1.49139e-11
      1253.71  2.10874e-08  1.67099e-11
      1254.03  1.30652e-08  1.27519e-11
      1254.34  6.03203e-09  9.10966e-12
      1254.66  7.32378e-09  1.03897e-11
      1254.97  1.19076e-08  1.41850e-11
      1255.29  8.23721e-09  1.19138e-11
      1255.60  3.49386e-09  8.45420e-12
      1255.92  3.84971e-09  8.94226e-12
      1256.23  6.74843e-09  1.03973e-11
      1256.55  1.10942e-08  1.29832e-11
      1256.87  8.21299e-09  1.08484e-11
      1257.18  3.56022e-09  7.69756e-12
      1257.50  2.45511e-09  7.36280e-12
      1257.81  2.72509e-09  8.31972e-12
      1258.13  3.70362e-09  9.77749e-12
      1258.45  3.65386e-09  8.98652e-12
      1258.76  3.85151e-09  8.53381e-12
      1259.08  6.93968e-09  1.01537e-11
      1259.40  1.43889e-08  1.36560e-11
      1259.72  1.97654e-08  1.57655e-11
      1260.03  1.52912e-08  1.35444e-11
      1260.35  1.10161e-08  1.15529e-11
      1260.67  1.37807e-08  1.36976e-11
      1260.99  1.30829e-08  1.33845e-11
      1261.30  1.04534e-08  1.17376e-11
      1261.62  1.26478e-08  1.27781e-11
      1261.94  1.35819e-08  1.23907e-11
      1262.26  1.37110e-08  1.21640e-11
      1262.58  1.03870e-08  1.00745e-11
      1262.90  1.06159e-08  1.00295e-11
      1263.22  1.61288e-08  1.29603e-11
      1263.54  1.38111e-08  1.20533e-11
      1263.86  8.70470e-09  9.88881e-12
      1264.17  6.68117e-09  9.11499e-12
      1264.49  4.84195e-09  7.82318e-12
      1264.81  5.16494e-09  7.58822e-12
      1265.13  1.04349e-08  1.00464e-11
      1265.45  1.64114e-08  1.25557e-11
      1265.77  1.48720e-08  1.20891e-11
      1266.10  8.09809e-09  9.18547e-12
      1266.42  4.01658e-09  7.32384e-12
      1266.74  3.32375e-09  7.26388e-12
      1267.06  4.54735e-09  8.19964e-12
      1267.38  9.78181e-09  1.09269e-11
      1267.70  1.82521e-08  1.47741e-11
      1268.02  1.97482e-08  1.43707e-11
      1268.34  1.94820e-08  1.42856e-11
      1268.67  1.76552e-08  1.34100e-11
      1268.99  1.74336e-08  1.41074e-11
      1269.31  1.36125e-08  1.26669e-11
      1269.63  8.88532e-09  1.07296e-11
      1269.95  7.20233e-09  9.86819e-12
      1270.28  8.72845e-09  1.01545e-11
      1270.60  1.47648e-08  1.29159e-11
      1270.92  1.78296e-08  1.32593e-11
      1271.25  1.94576e-08  1.34330e-11
      1271.57  1.92653e-08  1.34744e-11
      1271.89  1.15461e-08  1.03748e-11
      1272.22  5.01759e-09  7.39471e-12
      1272.54  2.94842e-09  6.33276e-12
      1272.86  2.35834e-09  6.00438e-12
      1273.19  2.19596e-09  5.79287e-12
      1273.51  2.68986e-09  5.75735e-12
      1273.84  4.36006e-09  6.60305e-12
      1274.16  5.90413e-09  7.30807e-12
      1274.49  7.67973e-09  7.98839e-12
      1274.81  1.38932e-08  1.12270e-11
      1275.14  1.94588e-08  1.38758e-11
      1275.46  1.76546e-08  1.37248e-11
      1275.79  1.15922e-08  1.14164e-11
      1276.11  7.42393e-09  9.18230e-12
      1276.44  9.54277e-09  9.82868e-12
      1276.76  1.66697e-08  1.32574e-11
      1277.09  1.72731e-08  1.27242e-11
      1277.42  1.78231e-08  1.37643e-11
      1277.74  1.23923e-08  1.16725e-11
      1278.07  5.60905e-09  8.37729e-12
      1278.40  3.25361e-09  7.34127e-12
      1278.72  2.45006e-09  6.70309e-12
      1279.05  2.38563e-09  6.42396e-12
      1279.38  3.25648e-09  6.79364e-12
      1279.71  4.96550e-09  7.60457e-12
      1280.03  6.73446e-09  8.97030e-12
      1280.36  6.05474e-09  8.15423e-12
      1280.69  6.39532e-09  8.28802e-12
      1281.02  8.44252e-09  9.42123e-12
      1281.34  1.24314e-08  1.14974e-11
      1281.67  1.53867e-08  1.29697e-11
      1282.00  1.20702e-08  1.09212e-11
      1282.33  1.20210e-08  1.01867e-11
      1282.66  1.82437e-08  1.29276e-11
      1282.99  2.40261e-08  1.46101e-11
      1283.32  2.39944e-08  1.43535e-11
      1283.65  1.70855e-08  1.24985e-11
      1283.98  9.00890e-09  9.71296e-12
      1284.31  5.24686e-09  8.41847e-12
      1284.64  3.67027e-09  7.67201e-12
      1284.97  3.64626e-09  7.19083e-12
      1285.30  4.34925e-09  7.58910e-12
      1285.63  3.77421e-09  6.85370e-12
      1285.96  3.39915e-09  6.43846e-12
      1286.29  5.20187e-09  7.95301e-12
      1286.62  7.46139e-09  9.66500e-12
      1286.95  7.08371e-09  9.46873e-12
      1287.28  8.67969e-09  1.03713e-11
      1287.61  1.49664e-08  1.47645e-11
      1287.95  1.84491e-08  1.36160e-11
      1288.28  1.84778e-08  1.39057e-11
      1288.61  1.84000e-08  1.28892e-11
      1288.94  1.82398e-08  1.27030e-11
      1289.27  1.31765e-08  1.06099e-11
      1289.61  9.47338e-09  9.38454e-12
      1289.94  7.63298e-09  8.92069e-12
      1290.27  5.14518e-09  7.56277e-12
      1290.61  4.30789e-09  7.22209e-12
      1290.94  3.29858e-09  6.41884e-12
      1291.27  2.36988e-09  5.43745e-12
      1291.61  2.76245e-09  5.61179e-12
      1291.94  4.62818e-09  6.91238e-12
      1292.27  8.02524e-09  9.07559e-12
      1292.61  1.16142e-08  1.15213e-11
      1292.94  8.76426e-09  1.01810e-11
      1293.28  6.50177e-09  9.16192e-12
      1293.61  8.67396e-09  1.07023e-11
      1293.95  1.11493e-08  1.12721e-11
      1294.28  1.65291e-08  1.32185e-11
      1294.62  1.88787e-08  1.37868e-11
      1294.95  1.58916e-08  1.23022e-11
      1295.29  1.51635e-08  1.24428e-11
      1295.62  1.31795e-08  1.18421e-11
      1295.96  9.54690e-09  1.03098e-11
      1296.29  8.18244e-09  9.61565e-12
      1296.63  8.54405e-09  9.31981e-12
      1296.97  1.05216e-08  9.63439e-12
      1297.30  1.61444e-08  1.13230e-11
      1297.64  2.19036e-08  1.31728e-11
      1297.98  1.89084e-08  1.23103e-11
      1298.31  1.19241e-08  1.02119e-11
      1298.65  6.68664e-09  8.21351e-12
      1298.99  4.95585e-09  7.49750e-12
      1299.33  8.54249e-09  9.72832e-12
      1299.66  1.57124e-08  1.29753e-11
      1300.00  1.78823e-08  1.35837e-11
      1300.34  1.59110e-08  1.34276e-11
      1300.68  9.89929e-09  1.04318e-11
      1301.02  1.05659e-08  1.03015e-11
      1301.35  1.88457e-08  1.44157e-11
      1301.69  2.27092e-08  1.58645e-11
      1302.03  2.19674e-08  1.56662e-11
      1302.37  1.92010e-08  1.39734e-11
      1302.71  2.21757e-08  1.46186e-11
      1303.05  2.43521e-08  1.44313e-11
      1303.39  2.76525e-08  1.48057e-11
      1303.73  2.99793e-08  1.53105e-11
      1304.07  2.77295e-08  1.48065e-11
      1304.41  2.81515e-08  1.53317e-11
      1304.75  3.00047e-08  1.63501e-11
      1305.09  3.12220e-08  1.68019e-11
      1305.43  3.66179e-08  1.82136e-11
      1305.77  4.32006e-08  1.94831e-11
      1306.11  4.33003e-08  1.96529e-11
      1306.46  2.95050e-08  1.62205e-11
      1306.80  1.44168e-08  1.16539e-11
      1307.14  7.59098e-09  9.35798e-12
      1307.48  5.35215e-09  9.08170e-12
      1307.82  4.12615e-09  9.70322e-12
      1308.16  4.21268e-09  1.04048e-11
      1308.51  4.81601e-09  7.90565e-12
      1308.85  3.92653e-09  6.81237e-12
      1309.19  2.74007e-09  5.99205e-12
      1309.53  2.47594e-09  5.75228e-12
      1309.88  2.44170e-09  5.55895e-12
      1310.22  2.62929e-09  5.77357e-12
      1310.56  3.43559e-09  6.31908e-12
      1310.91  6.35808e-09  8.04185e-12
      1311.25  1.21480e-08  1.12110e-11
      1311.60  1.23436e-08  1.07673e-11
      1311.94  7.19589e-09  7.99741e-12
      1312.28  3.65860e-09  6.13041e-12
      1312.63  2.43343e-09  5.59741e-12
      1312.97  2.05208e-09  5.65349e-12
      1313.32  2.80935e-09  6.48984e-12
      1313.66  4.84753e-09  8.65763e-12
      1314.01  4.03653e-09  7.84171e-12
      1314.35  2.20984e-09  6.03548e-12
      1314.70  1.63112e-09  5.24636e-12
      1315.05  1.61687e-09  5.00298e-12
      1315.39  1.86650e-09  5.15211e-12
      1315.74  2.44426e-09  5.62148e-12
      1316.08  3.83374e-09  6.68288e-12
      1316.43  7.92653e-09  8.93564e-12
      1316.78  1.37372e-08  1.19916e-11
      1317.12  1.08856e-08  1.02369e-11
      1317.47  5.10461e-09  6.98776e-12
      1317.82  2.93730e-09  5.61082e-12
      1318.17  2.98360e-09  5.61410e-12
      1318.51  5.13091e-09  7.46086e-12
      1318.86  6.46066e-09  8.82082e-12
      1319.21  4.33875e-09  7.87556e-12
      1319.56  2.55523e-09  6.69038e-12
      1319.91  2.50308e-09  7.31350e-12
      1320.25  2.46977e-09  6.46165e-12
      1320.60  2.46065e-09  5.92913e-12
      1320.95  3.04374e-09  6.10699e-12
      1321.30  4.43371e-09  6.83609e-12
      1321.65  9.11320e-09  9.28590e-12
      1322.00  1.67623e-08  1.30789e-11
      1322.35  1.44732e-08  1.20795e-11
      1322.70  7.44774e-09  8.71414e-12
      1323.05  4.60170e-09  6.91414e-12
      1323.40  5.02357e-09  7.05688e-12
      1323.75  6.00479e-09  7.44369e-12
      1324.10  6.23334e-09  7.77235e-12
      1324.45  4.63165e-09  7.00343e-12
      1324.80  3.28741e-09  6.50033e-12
      