227
      1249.95  1.11112e-08  1.31978e-11
      1250.27  5.42938e-09  9.30338e-12
      1250.58  1.78123e-09  6.11296e-12
      1250.89  1.19776e-09  5.46054e-12
      1251.20  1.59674e-09  5.78846e-12
      1251.52  2.57192e-09  6.41142e-12
      1251.83  4.59377e-09  8.01869e-12
      1252.14  6.00293e-09  9.22062e-12
      1252.46  5.73846e-09  9.25749e-12
      1252.77  5.30790e-09  8.66494e-12
      1253.09  8.84518e-09  1.04301e-11
      1253.40  1.68469e-08  1.34584e-11
      1253.71  2.08640e-08  1.47370e-11
      1254.03  1.27928e-08  1.10610e-11
      1254.34  6.19950e-09  7.85115e-12
      1254.66  7.62266e-09  8.73942e-12
      1254.97  1.21574e-08  1.17294e-11
      1255.29  8.01614e-09  9.50304e-12
      1255.60  3.56979e-09  6.84595e-12
      1255.92  3.99759e-09  7.33372e-12
      1256.23  6.89917e-09  8.58072e-12
      1256.55  1.15411e-08  1.11309e-11
      1256.87  8.03742e-09  8.97271e-12
      1257.18  3.52336e-09  6.43432e-12
      1257.50  2.59242e-09  5.83487e-12
      1257.81  2.98897e-09  6.27865e-12
      1258.13  3.81082e-09  7.12043e-12
      1258.45  3.78575e-09  7.20792e-12
      1258.76  3.96508e-09  7.20178e-12
      1259.08  7.13065e-09  8.60401e-12
      1259.40  1.48960e-08  1.19389e-11
      1259.72  2.04053e-08  1.39822e-11
      1260.03  1.52118e-08  1.18023e-11
      1260.35  1.09277e-08  9.99008e-12
      1260.67  1.42889e-08  1.23185e-11
      1260.99  1.32583e-08  1.19821e-11
      1261.30  1.03717e-08  1.05224e-11
      1261.62  1.26416e-08  1.24289e-11
      1261.94  1.35476e-08  1.22867e-11
      1262.26  1.40180e-08  1.30173e-11
      1262.58  9.52997e-09  9.67857e-12
      1262.90  1.08085e-08  9.55830e-12
      1263.22  1.65149e-08  1.23033e-11
      1263.54  1.39184e-08  1.13435e-11
      1263.86  8.71626e-09  9.15445e-12
      1264.17  6.77404e-09  8.51793e-12
      1264.49  4.95481e-09  7.18964e-12
      1264.81  5.35421e-09  6.92201e-12
      1265.13  1.07404e-08  9.22705e-12
      1265.45  1.67213e-08  1.13625e-11
      1265.77  1.49471e-08  1.06604e-11
      1266.10  8.02293e-09  7.83620e-12
      1266.42  4.04081e-09  6.00229e-12
      1266.74  3.43569e-09  5.88467e-12
      1267.06  4.74181e-09  6.70133e-12
      1267.38  9.94492e-09  9.25541e-12
      1267.70  1.75620e-08  1.35436e-11
      1268.02  1.95543e-08  1.34035e-11
      1268.34  1.96898e-08  1.31078e-11
      1268.67  1.77114e-08  1.20081e-11
      1268.99  1.74911e-08  1.16253e-11
      1269.31  1.37028e-08  1.04475e-11
      1269.63  8.99849e-09  8.87634e-12
      1269.95  7.39208e-09  8.50358e-12
      1270.28  9.09981e-09  8.99073e-12
      1270.60  1.50440e-08  1.13555e-11
      1270.92  1.80592e-08  1.20146e-11
      1271.25  1.97276e-08  1.22754e-11
      1271.57  1.93438e-08  1.24864e-11
      1271.89  1.15401e-08  9.76799e-12
      1272.22  5.10394e-09  6.92072e-12
      1272.54  3.08004e-09  5.96479e-12
      1272.86  2.50058e-09  5.67968e-12
      1273.19  2.35320e-09  5.40033e-12
      1273.51  2.90409e-09  5.53724e-12
      1273.84  4.55988e-09  6.42262e-12
      1274.16  6.06909e-09  7.00492e-12
      1274.49  8.08272e-09  7.64629e-12
      1274.81  1.41617e-08  1.02588e-11
      1275.14  1.93780e-08  1.23037e-11
      1275.46  1.75038e-08  1.18585e-11
      1275.79  1.15748e-08  9.81144e-12
      1276.11  7.61114e-09  7.92897e-12
      1276.44  9.92674e-09  8.68376e-12
      1276.76  1.66341e-08  1.14519e-11
      1277.09  1.72751e-08  1.10135e-11
      1277.42  1.79143e-08  1.13755e-11
      1277.74  1.22566e-08  9.26479e-12
      1278.07  5.71704e-09  6.77850e-12
      1278.40  3.36032e-09  5.85474e-12
      1278.72  2.57989e-09  5.52690e-12
      1279.05  2.54004e-09  5.39097e-12
      1279.38  3.42983e-09  5.94414e-12
      1279.71  5.18046e-09  6.73655e-12
      1280.03  6.90361e-09  7.75792e-12
      1280.36  6.22730e-09  7.22585e-12
      1280.69  6.59623e-09  7.66985e-12
      1281.02  8.66657e-09  8.80718e-12
      1281.34  1.27781e-08  1.08354e-11
      1281.67  1.55056e-08  1.23988e-11
      1282.00  1.20236e-08  1.03540e-11
      1282.33  1.23815e-08  9.95533e-12
      1282.66  1.89370e-08  1.25376e-11
      1282.99  2.42937e-08  1.37410e-11
      1283.32  2.41648e-08  1.33185e-11
      1283.65  1.68978e-08  1.12072e-11
      1283.98  8.87207e-09  8.37762e-12
      1284.31  5.09535e-09  6.79442e-12
      1284.64  3.80543e-09  6.22458e-12
      1284.97  3.75554e-09  6.13267e-12
      1285.30  4.49235e-09  6.60750e-12
      1285.63  3.82613e-09  5.71600e-12
      1285.96  3.51886e-09  5.27844e-12
      1286.29  5.43828e-09  6.45791e-12
      1286.62  7.69080e-09  8.06213e-12
      1286.95  7.10635e-09  7.79914e-12
      1287.28  8.90005e-09  8.71205e-12
      1287.61  1.58244e-08  1.21631e-11
      1287.95  1.87384e-08  1.27953e-11
      1288.28  1.86444e-08  1.23985e-11
      1288.61  1.85765e-08  1.19930e-11
      1288.94  1.85860e-08  1.23720e-11
      1289.27  1.30041e-08  1.01307e-11
      1289.61  9.66631e-09  9.20497e-12
      1289.94  7.72617e-09  8.59011e-12
      1290.27  5.16922e-09  7.17254e-12
      1290.61  4.47750e-09  6.98441e-12
      1290.94  3.35436e-09  5.94661e-12
      1291.27  2.45823e-09  5.15870e-12
      1291.61  2.86535e-09  5.12543e-12
      1291.94  4.75773e-09  6.27326e-12
      1292.27  8.15952e-09  7.93191e-12
      1292.61  1.19157e-08  1.01206e-11
      1292.94  8.54697e-09  8.32036e-12
      1293.28  6.60154e-09  7.30778e-12
      1293.61  8.87980e-09  8.60600e-12
      1293.95  1.12534e-08  9.06157e-12
      1294.28  1.69992e-08  1.12844e-11
      1294.62  1.93794e-08  1.28498e-11
      1294.95  1.53400e-08  1.10291e-11
      1295.29  1.53343e-08  1.10771e-11
      1295.62  1.31128e-08  1.05473e-11
      1295.96  9.53296e-09  9.32458e-12
      1296.29  8.29062e-09  8.87810e-12
      1296.63  8.66549e-09  9.00158e-12
      1296.97  1.06380e-08  9.43229e-12
      1297.30  1.65156e-08  1.13289e-11
      1297.64  2.23795e-08  1.31863e-11
      1297.98  1.88395e-08  1.18142e-11
      1298.31  1.18832e-08  9.63095e-12
      1298.65  6.66233e-09  7.42190e-12
      1298.99  5.03697e-09  6.63386e-12
      1299.33  8.70871e-09  8.50109e-12
      1299.66  1.59454e-08  1.15236e-11
      1300.00  1.78885e-08  1.11438e-11
      1300.34  1.56592e-08  1.00932e-11
      1300.68  1.06434e-08  8.17412e-12
      1301.02  1.08894e-08  8.33537e-12
      1301.35  1.92552e-08  1.21528e-11
      1301.69  2.27900e-08  1.34132e-11
      1302.03  2.20376e-08  1.38058e-11
      1302.37  1.92412e-08  1.24895e-11
      1302.71  2.25309e-08  1.37246e-11
      1303.05  2.44640e-08  1.37638e-11
      1303.39  2.80841e-08  1.45843e-11
      1303.73  3.02255e-08  1.52750e-11
      1304.07  2.78895e-08  1.46932e-11
      1304.41  2.84648e-08  1.52780e-11
      1304.75  3.02005e-08  1.59067e-11
      1305.09  3.13961e-08  1.59603e-11
      1305.43  3.69391e-08  1.71405e-11
      1305.77  4.34676e-08  1.79691e-11
      1306.11  4.31960e-08  1.75642e-11
      1306.46  2.90096e-08  1.36537e-11
      1306.80  1.42711e-08  9.23625e-12
      1307.14  7.60433e-09  7.17504e-12
      1307.48  5.17349e-09  6.50719e-12
      1307.82  4.11714e-09  6.22879e-12
      1308.16  4.13137e-09  6.21761e-12
      1308.51  4.87290e-09  6.84850e-12
      1308.85  3.96206e-09  6.11238e-12
      1309.19  2.83844e-09  5.22065e-12
      1309.53  2.58514e-09  5.20346e-12
      1309.88  2.54991e-09  5.28212e-12
      1310.22  2.77153e-09  5.64873e-12
      1310.56  3.62907e-09  6.21680e-12
      1310.91  6.67969e-09  7.94220e-12
      1311.25  1.22245e-08  1.06858e-11
      1311.60  1.22141e-08  1.01743e-11
      1311.94  7.24096e-09  7.59686e-12
      1312.28  3.77578e-09  5.69848e-12
      1312.63  2.52952e-09  4.73937e-12
      1312.97  2.18395e-09  4.43779e-12
      1313.32  2.99594e-09  5.17612e-12
      1313.66  4.94793e-09  6.85372e-12
      1314.01  4.07396e-09  6.33367e-12
      1314.35  2.30978e-09  5.07855e-12
      1314.70  1.74002e-09  4.60824e-12
      1315.05  1.72835e-09  4.45671e-12
      1315.39  1.98256e-09  4.84594e-12
      1315.74  2.58737e-09  5.34604e-12
      1316.08  4.03955e-09  6.46295e-12
      1316.43  8.20933e-09  8.97492e-12
      1316.78  1.35884e-08  1.18714e-11
      1317.12  1.09072e-08  1.03527e-11
      1317.47  5.24679e-09  6.95260e-12
      1317.82  3.04920e-09  5.45947e-12
      1318.17  3.18743e-09  5.39540e-12
      1318.51  5.31227e-09  6.33457e-12
      1318.86  6.43791e-09  6.96944e-12
      1319.21  4.54404e-09  6.39685e-12
      1319.56  2.85913e-09  5.37200e-12
      1319.91  2.57045e-09  5.73160e-12
      1320.25  2.54829e-09  5.23015e-12
      1320.60  2.55720e-09  5.15114e-12
      1320.95  3.13889e-09  5.47079e-12
      1321.30  4.60695e-09  6.44423e-12
      1321.65  9.36923e-09  8.97524e-12
      1322.00  1.67114e-08  1.30204e-11
      1322.35  1.45185e-08  1.22159e-11
      1322.70  7.49119e-09  8.76508e-12
      1323.05  4.68966e-09  6.98804e-12
      1323.40  5.13099e-09  7.05107e-12
      1323.75  6.10012e-09  7.25641e-12
      1324.10  6.36765e-09  6.92565e-12
      1324.45  4.67163e-09  5.71437e-12
      1324.80  3.27683e-09  5.13167e-12
      