227
      1249.95  1.09035e-08  1.51424e-11
      1250.27  5.19189e-09  1.05149e-11
      1250.58  1.54426e-09  6.89100e-12
      1250.89  9.96540e-10  6.22735e-12
      1251.20  1.38862e-09  6.71690e-12
      1251.52  2.29106e-09  7.64200e-12
      1251.83  4.31092e-09  9.84671e-12
      1252.14  5.78386e-09  1.14068e-11
      1252.46  5.54161e-09  1.15011e-11
      1252.77  4.90076e-09  1.07375e-11
      1253.09  8.17703e-09  1.27885e-11
      1253.40  1.62478e-08  1.69866e-11
      1253.71  2.09469e-08  1.92598e-11
      1254.03  1.27731e-08  1.46067e-11
      1254.34  5.82216e-09  1.04132e-11
      1254.66  7.12408e-09  1.19756e-11
      1254.97  1.18218e-08  1.66092e-11
      1255.29  8.05677e-09  1.37804e-11
      1255.60  3.34823e-09  9.71766e-12
      1255.92  3.73160e-09  1.00986e-11
      1256.23  6.56561e-09  1.18248e-11
      1256.55  1.09582e-08  1.48160e-11
      1256.87  8.01684e-09  1.22157e-11
      1257.18  3.43248e-09  8.73074e-12
      1257.50  2.37925e-09  8.18662e-12
      1257.81  2.57995e-09  9.65517e-12
      1258.13  3.62675e-09  1.15313e-11
      1258.45  3.53939e-09  9.80581e-12
      1258.76  3.71252e-09  9.31291e-12
      1259.08  6.74481e-09  1.10209e-11
      1259.40  1.40855e-08  1.47964e-11
      1259.72  1.94137e-08  1.70466e-11
      1260.03  1.49595e-08  1.45135e-11
      1260.35  1.07462e-08  1.22914e-11
      1260.67  1.35247e-08  1.45501e-11
      1260.99  1.28479e-08  1.41901e-11
      1261.30  1.02531e-08  1.23202e-11
      1261.62  1.24498e-08  1.35522e-11
      1261.94  1.33787e-08  1.32035e-11
      1262.26  1.34957e-08  1.29392e-11
      1262.58  1.02345e-08  1.07852e-11
      1262.90  1.04540e-08  1.08138e-11
      1263.22  1.59118e-08  1.40452e-11
      1263.54  1.36241e-08  1.32471e-11
      1263.86  8.55747e-09  1.10131e-11
      1264.17  6.56998e-09  1.02695e-11
      1264.49  4.76012e-09  8.98284e-12
      1264.81  5.08316e-09  8.68232e-12
      1265.13  1.02928e-08  1.15149e-11
      1265.45  1.61773e-08  1.45412e-11
      1265.77  1.46615e-08  1.39494e-11
      1266.10  7.96777e-09  1.05649e-11
      1266.42  3.93451e-09  8.35497e-12
      1266.74  3.24775e-09  8.35155e-12
      1267.06  4.45070e-09  9.34653e-12
      1267.38  9.60086e-09  1.25331e-11
      1267.70  1.78771e-08  1.72774e-11
      1268.02  1.93763e-08  1.68962e-11
      1268.34  1.91026e-08  1.61783e-11
      1268.67  1.73180e-08  1.51185e-11
      1268.99  1.70868e-08  1.57614e-11
      1269.31  1.33118e-08  1.41007e-11
      1269.63  8.66904e-09  1.17142e-11
      1269.95  7.03941e-09  1.08131e-11
      1270.28  8.55841e-09  1.10776e-11
      1270.60  1.44976e-08  1.39682e-11
      1270.92  1.74860e-08  1.41592e-11
      1271.25  1.91273e-08  1.43378e-11
      1271.57  1.89524e-08  1.43818e-11
      1271.89  1.13254e-08  1.10993e-11
      1272.22  4.93041e-09  7.87717e-12
      1272.54  2.89761e-09  6.76600e-12
      1272.86  2.30738e-09  6.47123e-12
      1273.19  2.15130e-09  6.18077e-12
      1273.51  2.64095e-09  6.29699e-12
      1273.84  4.28362e-09  7.33473e-12
      1274.16  5.80082e-09  8.23460e-12
      1274.49  7.54600e-09  9.01713e-12
      1274.81  1.37099e-08  1.27426e-11
      1275.14  1.92128e-08  1.58258e-11
      1275.46  1.73754e-08  1.56735e-11
      1275.79  1.13955e-08  1.30579e-11
      1276.11  7.25373e-09  1.04281e-11
      1276.44  9.32173e-09  1.12075e-11
      1276.76  1.64525e-08  1.51683e-11
      1277.09  1.69031e-08  1.43851e-11
      1277.42  1.76011e-08  1.55468e-11
      1277.74  1.21217e-08  1.29755e-11
      1278.07  5.41582e-09  9.20737e-12
      1278.40  3.14965e-09  7.98006e-12
      1278.72  2.37170e-09  7.34488e-12
      1279.05  2.29864e-09  7.07611e-12
      1279.38  3.15752e-09  7.32712e-12
      1279.71  4.84433e-09  8.00717e-12
      1280.03  6.67708e-09  9.07396e-12
      1280.36  5.93434e-09  8.24569e-12
      1280.69  6.24536e-09  8.72854e-12
      1281.02  8.25561e-09  9.98156e-12
      1281.34  1.22462e-08  1.22602e-11
      1281.67  1.53018e-08  1.40297e-11
      1282.00  1.18645e-08  1.18392e-11
      1282.33  1.17150e-08  1.13295e-11
      1282.66  1.71015e-08  1.55289e-11
      1282.99  2.39420e-08  1.80205e-11
      1283.32  2.37971e-08  1.66155e-11
      1283.65  1.68587e-08  1.43954e-11
      1283.98  8.78032e-09  1.10530e-11
      1284.31  4.94387e-09  9.25602e-12
      1284.64  3.64698e-09  8.60444e-12
      1284.97  3.56872e-09  8.27880e-12
      1285.30  4.27635e-09  8.75392e-12
      1285.63  3.67282e-09  7.84334e-12
      1285.96  3.29329e-09  7.28784e-12
      1286.29  5.08680e-09  8.76139e-12
      1286.62  7.34361e-09  1.07593e-11
      1286.95  6.89085e-09  1.04059e-11
      1287.28  8.40353e-09  1.12833e-11
      1287.61  1.44161e-08  1.66748e-11
      1287.95  1.77687e-08  1.53971e-11
      1288.28  1.81081e-08  1.49237e-11
      1288.61  1.80663e-08  1.37140e-11
      1288.94  1.80161e-08  1.35829e-11
      1289.27  1.29246e-08  1.13209e-11
      1289.61  9.32204e-09  1.01886e-11
      1289.94  7.53041e-09  9.85936e-12
      1290.27  5.04506e-09  8.44628e-12
      1290.61  4.25273e-09  8.17511e-12
      1290.94  3.24140e-09  7.31366e-12
      1291.27  2.31394e-09  6.21289e-12
      1291.61  2.69307e-09  6.39085e-12
      1291.94  4.53874e-09  7.95167e-12
      1292.27  7.88151e-09  1.03747e-11
      1292.61  1.15059e-08  1.32011e-11
      1292.94  8.58308e-09  1.15298e-11
      1293.28  6.31654e-09  1.03092e-11
      1293.61  8.49438e-09  1.19284e-11
      1293.95  1.08717e-08  1.24555e-11
      1294.28  1.62201e-08  1.44996e-11
      1294.62  1.85345e-08  1.50214e-11
      1294.95  1.55088e-08  1.31405e-11
      1295.29  1.48538e-08  1.32716e-11
      1295.62  1.28691e-08  1.25129e-11
      1295.96  9.29781e-09  1.07873e-11
      1296.29  8.00210e-09  1.01014e-11
      1296.63  8.37700e-09  9.99052e-12
      1296.97  1.03526e-08  1.04578e-11
      1297.30  1.59310e-08  1.25239e-11
      1297.64  2.16902e-08  1.48606e-11
      1297.98  1.86464e-08  1.40184e-11
      1298.31  1.17193e-08  1.16979e-11
      1298.65  6.55427e-09  9.46852e-12
      1298.99  4.85459e-09  8.67579e-12
      1299.33  8.40688e-09  1.12638e-11
      1299.66  1.54916e-08  1.50364e-11
      1300.00  1.75692e-08  1.54947e-11
      1300.34  1.53344e-08  1.45178e-11
      1300.68  1.03551e-08  1.16984e-11
      1301.02  1.03815e-08  1.13492e-11
      1301.35  1.84922e-08  1.58911e-11
      1301.69  2.22903e-08  1.73134e-11
      1302.03  2.15588e-08  1.69384e-11
      1302.37  1.88116e-08  1.49181e-11
      1302.71  2.17778e-08  1.55611e-11
      1303.05  2.39456e-08  1.53313e-11
      1303.39  2.72582e-08  1.57969e-11
      1303.73  2.96192e-08  1.65700e-11
      1304.07  2.73917e-08  1.62414e-11
      1304.41  2.78088e-08  1.71232e-11
      1304.75  2.96699e-08  1.85631e-11
      1305.09  3.08517e-08  1.91909e-11
      1305.43  3.62175e-08  2.09808e-11
      1305.77  4.27761e-08  2.24580e-11
      1306.11  4.29549e-08  2.25349e-11
      1306.46  2.91867e-08  1.84593e-11
      1306.80  1.41413e-08  1.30145e-11
      1307.14  7.41450e-09  1.02814e-11
      1307.48  5.26684e-09  1.06502e-11
      1307.82  3.79820e-09  9.50831e-12
      1308.16  3.89302e-09  8.37908e-12
      1308.51  4.70681e-09  8.47549e-12
      1308.85  3.81734e-09  7.29314e-12
      1309.19  2.65569e-09  6.10517e-12
      1309.53  2.40767e-09  5.87451e-12
      1309.88  2.38125e-09  5.86930e-12
      1310.22  2.57246e-09  6.17818e-12
      1310.56  3.36590e-09  6.96593e-12
      1310.91  6.25266e-09  9.13416e-12
      1311.25  1.20687e-08  1.31482e-11
      1311.60  1.21957e-08  1.25063e-11
      1311.94  7.06292e-09  9.29141e-12
      1312.28  3.59595e-09  7.14105e-12
      1312.63  2.38045e-09  6.46448e-12
      1312.97  1.99427e-09  6.49348e-12
      1313.32  2.74769e-09  7.36719e-12
      1313.66  4.75638e-09  9.67567e-12
      1314.01  3.92994e-09  8.59412e-12
      1314.35  2.15404e-09  7.15012e-12
      1314.70  1.58356e-09  5.88455e-12
      1315.05  1.56674e-09  5.33910e-12
      1315.39  1.81275e-09  5.40422e-12
      1315.74  2.37472e-09  5.95466e-12
      1316.08  3.74545e-09  7.07036e-12
      1316.43  7.82166e-09  9.65783e-12
      1316.78  1.35520e-08  1.31443e-11
      1317.12  1.06741e-08  1.14315e-11
      1317.47  5.03413e-09  8.02456e-12
      1317.82  2.89646e-09  6.37622e-12
      1318.17  2.95217e-09  6.49908e-12
      1318.51  5.05507e-09  8.60966e-12
      1318.86  6.30511e-09  1.00201e-11
      1319.21  4.29919e-09  9.25633e-12
      1319.56  2.54124e-09  7.69284e-12
      1319.91  2.43410e-09  8.08692e-12
      1320.25  2.39680e-09  6.96067e-12
      1320.60  2.39098e-09  6.45482e-12
      1320.95  2.95425e-09  6.49512e-12
      1321.30  4.33593e-09  7.29210e-12
      1321.65  8.97355e-09  9.83838e-12
      1322.00  1.63347e-08  1.38442e-11
      1322.35  1.41992e-08  1.30075e-11
      1322.70  7.35805e-09  9.58532e-12
      1323.05  4.54121e-09  7.82169e-12
      1323.40  4.94264e-09  8.14902e-12
      1323.75  5.91128e-09  8.66377e-12
      1324.10  6.13095e-09  9.08697e-12
      1324.45  4.54534e-09  8.14049e-12
      1324.80  3.15830e-09  7.40537e-12
      