227
      1249.95  1.04608e-08  1.16634e-11
      1250.27  5.13577e-09  8.57790e-12
      1250.58  1.66689e-09  5.92251e-12
      1250.89  1.15364e-09  5.43670e-12
      1251.20  1.53980e-09  5.66152e-12
      1251.52  2.45433e-09  6.39554e-12
      1251.83  4.33756e-09  7.82373e-12
      1252.14  5.66604e-09  8.86655e-12
      1252.46  5.42914e-09  8.94707e-12
      1252.77  5.00515e-09  8.51714e-12
      1253.09  8.34211e-09  1.06146e-11
      1253.40  1.59093e-08  1.41600e-11
      1253.71  1.96801e-08  1.53780e-11
      1254.03  1.22460e-08  1.15760e-11
      1254.34  5.90453e-09  7.98046e-12
      1254.66  7.27575e-09  8.83470e-12
      1254.97  1.12069e-08  1.11926e-11
      1255.29  7.61849e-09  9.12593e-12
      1255.60  3.44965e-09  6.61650e-12
      1255.92  3.73516e-09  6.99166e-12
      1256.23  6.51472e-09  8.12290e-12
      1256.55  1.07515e-08  1.03281e-11
      1256.87  7.46781e-09  8.01218e-12
      1257.18  3.31874e-09  5.52371e-12
      1257.50  2.38527e-09  4.96563e-12
      1257.81  2.72586e-09  5.25243e-12
      1258.13  3.47245e-09  5.82814e-12
      1258.45  3.46747e-09  5.81623e-12
      1258.76  3.62402e-09  5.83416e-12
      1259.08  6.57877e-09  7.16794e-12
      1259.40  1.38348e-08  9.99975e-12
      1259.72  1.89461e-08  1.15877e-11
      1260.03  1.42271e-08  9.77450e-12
      1260.35  1.04428e-08  8.84250e-12
      1260.67  1.38256e-08  1.09653e-11
      1260.99  1.23608e-08  9.90584e-12
      1261.30  9.78476e-09  8.89704e-12
      1261.62  1.23959e-08  1.06269e-11
      1261.94  1.29857e-08  1.06727e-11
      1262.26  1.33977e-08  1.16937e-11
      1262.58  9.41925e-09  9.29176e-12
      1262.90  1.01979e-08  9.22540e-12
      1263.22  1.58231e-08  1.18934e-11
      1263.54  1.32360e-08  1.07655e-11
      1263.86  8.21159e-09  8.78713e-12
      1264.17  6.34606e-09  8.22052e-12
      1264.49  4.63377e-09  7.09182e-12
      1264.81  5.02962e-09  7.07707e-12
      1265.13  1.01160e-08  9.52930e-12
      1265.45  1.57333e-08  1.16243e-11
      1265.77  1.40539e-08  1.06098e-11
      1266.10  7.56348e-09  7.63360e-12
      1266.42  3.80862e-09  5.74854e-12
      1266.74  3.19420e-09  5.45123e-12
      1267.06  4.34564e-09  6.06003e-12
      1267.38  9.34241e-09  8.24609e-12
      1267.70  1.75979e-08  1.12539e-11
      1268.02  1.86664e-08  1.08034e-11
      1268.34  1.83207e-08  1.04292e-11
      1268.67  1.65857e-08  9.53295e-12
      1268.99  1.63519e-08  9.64075e-12
      1269.31  1.27075e-08  8.51079e-12
      1269.63  8.27260e-09  7.13582e-12
      1269.95  6.81955e-09  6.83156e-12
      1270.28  8.44582e-09  7.50307e-12
      1270.60  1.41779e-08  9.95698e-12
      1270.92  1.70424e-08  1.07827e-11
      1271.25  1.87258e-08  1.12576e-11
      1271.57  1.84671e-08  1.13853e-11
      1271.89  1.08577e-08  8.68127e-12
      1272.22  4.75878e-09  6.28582e-12
      1272.54  2.89798e-09  5.47075e-12
      1272.86  2.36999e-09  5.35998e-12
      1273.19  2.21630e-09  5.20993e-12
      1273.51  2.69250e-09  5.53860e-12
      1273.84  4.27989e-09  6.51173e-12
      1274.16  5.73098e-09  7.14865e-12
      1274.49  7.48112e-09  7.52463e-12
      1274.81  1.33070e-08  9.93468e-12
      1275.14  1.84142e-08  1.16853e-11
      1275.46  1.66060e-08  1.11012e-11
      1275.79  1.08892e-08  9.02932e-12
      1276.11  7.08608e-09  7.24921e-12
      1276.44  9.04288e-09  7.95376e-12
      1276.76  1.60863e-08  1.07422e-11
      1277.09  1.63444e-08  9.65376e-12
      1277.42  1.66863e-08  9.83420e-12
      1277.74  1.15142e-08  7.95821e-12
      1278.07  5.28546e-09  5.57179e-12
      1278.40  3.09825e-09  4.76715e-12
      1278.72  2.39122e-09  4.49988e-12
      1279.05  2.37514e-09  4.69080e-12
      1279.38  3.22090e-09  5.45665e-12
      1279.71  4.88251e-09  6.30094e-12
      1280.03  6.49613e-09  7.10111e-12
      1280.36  5.94071e-09  6.64524e-12
      1280.69  6.22688e-09  6.91513e-12
      1281.02  8.26146e-09  8.02897e-12
      1281.34  1.20694e-08  9.93794e-12
      1281.67  1.45206e-08  1.12147e-11
      1282.00  1.15441e-08  9.90903e-12
      1282.33  1.17850e-08  9.81077e-12
      1282.66  1.79461e-08  1.19473e-11
      1282.99  2.28011e-08  1.29903e-11
      1283.32  2.26832e-08  1.26549e-11
      1283.65  1.59947e-08  1.04359e-11
      1283.98  8.45393e-09  7.64173e-12
      1284.31  4.79994e-09  6.10476e-12
      1284.64  3.56358e-09  5.49348e-12
      1284.97  3.50498e-09  5.30162e-12
      1285.30  4.13089e-09  5.63883e-12
      1285.63  3.56226e-09  5.06044e-12
      1285.96  3.29861e-09  4.69775e-12
      1286.29  5.06697e-09  5.70759e-12
      1286.62  7.11736e-09  6.84306e-12
      1286.95  6.75725e-09  6.64010e-12
      1287.28  8.55032e-09  7.71389e-12
      1287.61  1.47712e-08  1.11611e-11
      1287.95  1.81046e-08  1.30622e-11
      1288.28  1.80284e-08  1.29515e-11
      1288.61  1.78398e-08  1.21091e-11
      1288.94  1.74053e-08  1.16244e-11
      1289.27  1.23809e-08  9.50820e-12
      1289.61  9.13299e-09  8.48287e-12
      1289.94  7.20434e-09  7.75083e-12
      1290.27  4.87963e-09  6.51028e-12
      1290.61  4.16612e-09  6.28838e-12
      1290.94  3.13454e-09  5.41484e-12
      1291.27  2.31386e-09  4.69731e-12
      1291.61  2.68837e-09  4.70830e-12
      1291.94  4.45390e-09  5.54826e-12
      1292.27  7.69476e-09  6.81469e-12
      1292.61  1.11674e-08  8.52555e-12
      1292.94  8.14842e-09  7.10249e-12
      1293.28  6.23618e-09  6.36768e-12
      1293.61  8.26757e-09  7.58412e-12
      1293.95  1.06859e-08  8.34420e-12
      1294.28  1.60044e-08  1.03888e-11
      1294.62  1.79757e-08  1.10224e-11
      1294.95  1.51757e-08  9.96066e-12
      1295.29  1.45367e-08  1.00550e-11
      1295.62  1.23853e-08  9.49710e-12
      1295.96  9.03423e-09  8.37986e-12
      1296.29  7.79352e-09  8.07762e-12
      1296.63  8.10769e-09  8.24795e-12
      1296.97  9.99152e-09  8.84565e-12
      1297.30  1.55647e-08  1.06480e-11
      1297.64  2.10362e-08  1.21164e-11
      1297.98  1.76884e-08  1.07146e-11
      1298.31  1.11402e-08  8.56961e-12
      1298.65  6.19021e-09  6.45783e-12
      1298.99  4.68179e-09  5.77935e-12
      1299.33  8.22220e-09  7.33251e-12
      1299.66  1.52194e-08  1.00562e-11
      1300.00  1.69797e-08  1.01994e-11
      1300.34  1.47338e-08  9.54308e-12
      1300.68  1.00721e-08  7.65851e-12
      1301.02  1.03531e-08  7.83854e-12
      1301.35  1.83091e-08  1.10039e-11
      1301.69  2.18875e-08  1.22303e-11
      1302.03  2.10324e-08  1.23698e-11
      1302.37  1.84848e-08  1.15889e-11
      1302.71  2.13364e-08  1.28043e-11
      1303.05  2.33542e-08  1.29249e-11
      1303.39  2.66194e-08  1.35954e-11
      1303.73  2.86608e-08  1.39375e-11
      1304.07  2.65287e-08  1.32748e-11
      1304.41  2.70207e-08  1.35530e-11
      1304.75  2.86457e-08  1.38374e-11
      1305.09  2.98767e-08  1.38914e-11
      1305.43  3.53764e-08  1.48732e-11
      1305.77  4.19765e-08  1.56796e-11
      1306.11  4.21248e-08  1.55546e-11
      1306.46  2.81532e-08  1.23741e-11
      1306.80  1.34633e-08  8.55935e-12
      1307.14  7.07645e-09  6.68968e-12
      1307.48  4.85305e-09  5.96397e-12
      1307.82  3.87482e-09  5.65294e-12
      1308.16  3.86877e-09  5.83554e-12
      1308.51  4.60069e-09  6.38262e-12
      1308.85  3.74317e-09  5.71651e-12
      1309.19  2.66680e-09  5.05938e-12
      1309.53  2.42349e-09  4.77943e-12
      1309.88  2.36560e-09  4.63972e-12
      1310.22  2.55353e-09  4.77896e-12
      1310.56  3.32696e-09  5.32597e-12
      1310.91  5.92451e-09  6.64415e-12
      1311.25  1.18249e-08  9.72263e-12
      1311.60  1.16110e-08  8.91254e-12
      1311.94  6.85540e-09  6.61859e-12
      1312.28  3.55866e-09  4.93550e-12
      1312.63  2.39381e-09  4.39441e-12
      1312.97  2.04673e-09  4.21309e-12
      1313.32  2.81630e-09  4.84765e-12
      1313.66  4.68646e-09  6.48940e-12
      1314.01  3.87904e-09  5.84890e-12
      1314.35  2.17669e-09  4.66263e-12
      1314.70  1.64164e-09  4.28660e-12
      1315.05  1.62698e-09  4.17198e-12
      1315.39  1.84762e-09  4.23532e-12
      1315.74  2.37147e-09  4.64051e-12
      1316.08  3.65639e-09  5.48188e-12
      1316.43  7.48028e-09  7.47918e-12
      1316.78  1.31513e-08  1.01904e-11
      1317.12  1.03482e-08  8.67302e-12
      1317.47  4.73392e-09  5.78979e-12
      1317.82  2.79530e-09  4.61295e-12
      1318.17  2.90096e-09  4.56709e-12
      1318.51  4.97233e-09  5.88920e-12
      1318.86  6.22282e-09  6.74878e-12
      1319.21  4.12202e-09  5.74233e-12
      1319.56  2.39974e-09  4.97121e-12
      1319.91  2.46232e-09  5.24574e-12
      1320.25  2.42213e-09  5.03404e-12
      1320.60  2.39791e-09  4.85104e-12
      1320.95  2.92940e-09  5.07043e-12
      1321.30  4.22755e-09  5.66028e-12
      1321.65  8.64235e-09  7.62093e-12
      1322.00  1.61089e-08  1.09584e-11
      1322.35  1.37334e-08  1.00607e-11
      1322.70  6.87594e-09  7.15741e-12
      1323.05  4.31120e-09  6.74460e-12
      1323.40  4.82431e-09  6.25143e-12
      1323.75  5.79038e-09  6.35704e-12
      1324.10  6.06925e-09  6.48707e-12
      1324.45  4.38735e-09  5.58213e-12
      1324.80  3.12198e-09  5.09467e-12
      