227
      1249.95  1.11665e-08  1.07596e-11
      1250.27  5.50009e-09  7.87086e-12
      1250.58  1.82024e-09  5.48720e-12
      1250.89  1.27858e-09  5.04489e-12
      1251.20  1.68978e-09  5.21919e-12
      1251.52  2.66974e-09  5.92451e-12
      1251.83  4.66753e-09  7.43595e-12
      1252.14  6.07583e-09  8.57180e-12
      1252.46  5.81185e-09  8.65701e-12
      1252.77  5.34937e-09  8.35181e-12
      1253.09  8.91293e-09  1.06059e-11
      1253.40  1.69437e-08  1.44289e-11
      1253.71  2.09053e-08  1.61290e-11
      1254.03  1.29463e-08  1.21066e-11
      1254.34  6.31831e-09  8.42348e-12
      1254.66  7.81110e-09  9.33392e-12
      1254.97  1.18952e-08  1.19627e-11
      1255.29  8.12220e-09  9.82863e-12
      1255.60  3.74899e-09  7.23299e-12
      1255.92  4.07702e-09  7.85537e-12
      1256.23  7.11198e-09  9.38424e-12
      1256.55  1.14738e-08  1.19755e-11
      1256.87  8.02382e-09  9.40139e-12
      1257.18  3.64487e-09  6.41976e-12
      1257.50  2.63297e-09  5.78134e-12
      1257.81  3.00854e-09  5.90662e-12
      1258.13  3.81895e-09  6.60107e-12
      1258.45  3.81478e-09  6.52147e-12
      1258.76  4.00963e-09  6.48731e-12
      1259.08  7.22082e-09  7.95476e-12
      1259.40  1.49110e-08  1.09048e-11
      1259.72  2.01951e-08  1.23305e-11
      1260.03  1.52317e-08  1.01343e-11
      1260.35  1.12202e-08  8.64699e-12
      1260.67  1.44357e-08  1.01800e-11
      1260.99  1.31813e-08  9.48991e-12
      1261.30  1.05574e-08  8.46208e-12
      1261.62  1.31944e-08  9.99830e-12
      1261.94  1.38223e-08  1.00178e-11
      1262.26  1.42925e-08  1.08315e-11
      1262.58  1.02193e-08  8.74618e-12
      1262.90  1.08397e-08  8.71155e-12
      1263.22  1.69129e-08  1.14537e-11
      1263.54  1.39705e-08  1.03000e-11
      1263.86  8.71074e-09  8.44121e-12
      1264.17  6.82543e-09  8.06588e-12
      1264.49  5.01292e-09  7.18603e-12
      1264.81  5.44908e-09  7.40191e-12
      1265.13  1.08601e-08  1.01864e-11
      1265.45  1.67539e-08  1.25090e-11
      1265.77  1.49335e-08  1.15094e-11
      1266.10  8.06808e-09  8.31714e-12
      1266.42  4.12764e-09  6.27588e-12
      1266.74  3.48791e-09  6.01755e-12
      1267.06  4.71275e-09  6.75645e-12
      1267.38  1.00579e-08  9.42622e-12
      1267.70  1.89349e-08  1.31954e-11
      1268.02  1.98766e-08  1.25362e-11
      1268.34  1.96367e-08  1.21565e-11
      1268.67  1.77210e-08  1.08665e-11
      1268.99  1.75447e-08  1.07176e-11
      1269.31  1.36563e-08  9.22027e-12
      1269.63  8.91575e-09  7.53448e-12
      1269.95  7.38080e-09  7.03403e-12
      1270.28  9.09930e-09  7.56123e-12
      1270.60  1.51031e-08  9.81528e-12
      1270.92  1.81594e-08  1.07028e-11
      1271.25  1.98966e-08  1.09855e-11
      1271.57  1.94465e-08  1.07199e-11
      1271.89  1.15399e-08  8.15210e-12
      1272.22  5.11580e-09  5.75259e-12
      1272.54  3.13122e-09  5.03772e-12
      1272.86  2.57086e-09  4.92969e-12
      1273.19  2.40522e-09  5.05273e-12
      1273.51  2.92602e-09  5.39190e-12
      1273.84  4.64113e-09  6.63817e-12
      1274.16  6.18903e-09  7.46519e-12
      1274.49  8.09155e-09  8.05813e-12
      1274.81  1.43006e-08  1.06956e-11
      1275.14  1.96212e-08  1.25687e-11
      1275.46  1.76596e-08  1.20259e-11
      1275.79  1.16456e-08  9.95558e-12
      1276.11  7.71820e-09  8.12977e-12
      1276.44  1.00631e-08  9.23829e-12
      1276.76  1.66557e-08  1.17613e-11
      1277.09  1.75022e-08  1.11467e-11
      1277.42  1.77267e-08  1.11300e-11
      1277.74  1.22722e-08  8.77356e-12
      1278.07  5.74949e-09  6.00768e-12
      1278.40  3.38917e-09  4.95361e-12
      1278.72  2.61225e-09  4.58232e-12
      1279.05  2.58226e-09  4.60339e-12
      1279.38  3.47571e-09  5.17010e-12
      1279.71  5.22728e-09  5.99816e-12
      1280.03  6.95339e-09  6.81901e-12
      1280.36  6.31708e-09  6.30689e-12
      1280.69  6.65023e-09  6.63543e-12
      1281.02  8.79068e-09  7.67121e-12
      1281.34  1.28445e-08  9.64215e-12
      1281.67  1.54615e-08  1.14886e-11
      1282.00  1.22531e-08  1.02502e-11
      1282.33  1.26912e-08  1.02984e-11
      1282.66  1.92117e-08  1.29169e-11
      1282.99  2.43099e-08  1.42514e-11
      1283.32  2.40996e-08  1.39307e-11
      1283.65  1.70219e-08  1.14878e-11
      1283.98  9.08695e-09  8.44050e-12
      1284.31  5.21620e-09  6.73132e-12
      1284.64  3.88374e-09  6.09829e-12
      1284.97  3.82704e-09  5.94241e-12
      1285.30  4.51653e-09  6.38221e-12
      1285.63  3.86186e-09  5.58455e-12
      1285.96  3.56919e-09  5.05901e-12
      1286.29  5.45620e-09  5.94637e-12
      1286.62  7.64384e-09  6.89879e-12
      1286.95  7.21273e-09  6.51826e-12
      1287.28  9.09979e-09  7.32857e-12
      1287.61  1.57204e-08  1.01228e-11
      1287.95  1.87777e-08  1.11134e-11
      1288.28  1.87071e-08  1.12020e-11
      1288.61  1.87213e-08  1.13337e-11
      1288.94  1.83413e-08  1.14304e-11
      1289.27  1.31964e-08  9.60066e-12
      1289.61  9.78799e-09  8.62309e-12
      1289.94  7.75455e-09  7.99084e-12
      1290.27  5.32933e-09  6.88512e-12
      1290.61  4.53168e-09  6.74277e-12
      1290.94  3.41191e-09  6.02252e-12
      1291.27  2.54772e-09  5.23014e-12
      1291.61  2.94569e-09  5.32893e-12
      1291.94  4.83055e-09  6.35016e-12
      1292.27  8.26608e-09  7.61342e-12
      1292.61  1.19949e-08  9.29201e-12
      1292.94  8.66299e-09  7.54128e-12
      1293.28  6.65531e-09  6.61275e-12
      1293.61  8.87293e-09  7.75930e-12
      1293.95  1.13665e-08  8.34303e-12
      1294.28  1.69277e-08  1.01907e-11
      1294.62  1.89740e-08  1.06609e-11
      1294.95  1.59909e-08  9.55497e-12
      1295.29  1.53116e-08  9.71454e-12
      1295.62  1.31179e-08  9.25635e-12
      1295.96  9.64345e-09  8.27573e-12
      1296.29  8.37375e-09  8.19337e-12
      1296.63  8.75816e-09  8.68220e-12
      1296.97  1.08522e-08  9.51846e-12
      1297.30  1.67668e-08  1.16955e-11
      1297.64  2.24239e-08  1.33682e-11
      1297.98  1.89130e-08  1.18790e-11
      1298.31  1.20130e-08  9.51589e-12
      1298.65  6.70566e-09  7.17348e-12
      1298.99  5.07852e-09  6.27129e-12
      1299.33  8.79836e-09  7.88961e-12
      1299.66  1.61662e-08  1.06899e-11
      1300.00  1.79808e-08  1.06573e-11
      1300.34  1.56176e-08  9.72808e-12
      1300.68  1.06614e-08  7.57522e-12
      1301.02  1.09458e-08  7.50801e-12
      1301.35  1.92406e-08  1.05417e-11
      1301.69  2.29099e-08  1.16813e-11
      1302.03  2.20062e-08  1.18961e-11
      1302.37  1.94962e-08  1.13885e-11
      1302.71  2.24601e-08  1.28625e-11
      1303.05  2.47855e-08  1.34302e-11
      1303.39  2.82112e-08  1.44257e-11
      1303.73  3.03594e-08  1.48809e-11
      1304.07  2.82387e-08  1.41920e-11
      1304.41  2.87533e-08  1.45261e-11
      1304.75  3.05145e-08  1.50883e-11
      1305.09  3.18270e-08  1.52359e-11
      1305.43  3.73404e-08  1.63483e-11
      1305.77  4.40225e-08  1.70622e-11
      1306.11  4.38408e-08  1.64910e-11
      1306.46  2.94672e-08  1.27776e-11
      1306.80  1.43116e-08  8.63155e-12
      1307.14  7.57236e-09  6.57144e-12
      1307.48  5.18021e-09  5.76586e-12
      1307.82  4.13166e-09  5.48783e-12
      1308.16  4.13277e-09  5.66364e-12
      1308.51  4.92733e-09  6.41173e-12
      1308.85  4.01216e-09  5.80435e-12
      1309.19  2.86220e-09  5.09880e-12
      1309.53  2.63010e-09  4.97086e-12
      1309.88  2.60644e-09  5.19957e-12
      1310.22  2.82960e-09  5.23212e-12
      1310.56  3.71516e-09  5.86931e-12
      1310.91  6.76582e-09  7.60318e-12
      1311.25  1.23168e-08  1.01635e-11
      1311.60  1.23907e-08  9.75840e-12
      1311.94  7.36033e-09  7.17757e-12
      1312.28  3.83936e-09  5.15325e-12
      1312.63  2.58856e-09  4.37952e-12
      1312.97  2.21638e-09  4.13476e-12
      1313.32  3.03138e-09  4.68650e-12
      1313.66  4.90806e-09  6.11910e-12
      1314.01  4.10307e-09  5.64026e-12
      1314.35  2.34322e-09  4.69292e-12
      1314.70  1.77739e-09  4.25990e-12
      1315.05  1.77280e-09  4.26554e-12
      1315.39  2.02866e-09  4.57943e-12
      1315.74  2.61349e-09  4.95428e-12
      1316.08  4.02678e-09  5.87240e-12
      1316.43  8.18807e-09  8.15479e-12
      1316.78  1.41823e-08  1.11698e-11
      1317.12  1.10842e-08  9.41508e-12
      1317.47  5.12629e-09  6.29688e-12
      1317.82  3.04465e-09  4.95655e-12
      1318.17  3.13307e-09  4.74059e-12
      1318.51  5.30630e-09  5.90287e-12
      1318.86  6.60233e-09  6.61551e-12
      1319.21  4.35613e-09  5.55227e-12
      1319.56  2.49104e-09  4.67789e-12
      1319.91  2.58274e-09  5.02910e-12
      1320.25  2.59544e-09  5.06870e-12
      1320.60  2.58394e-09  5.00383e-12
      1320.95  3.17569e-09  5.38420e-12
      1321.30  4.63551e-09  6.28100e-12
      1321.65  9.39106e-09  8.51146e-12
      1322.00  1.71768e-08  1.18725e-11
      1322.35  1.47734e-08  1.09949e-11
      1322.70  7.47403e-09  7.83922e-12
      1323.05  4.71860e-09  8.98352e-12
      1323.40  5.22274e-09  7.03439e-12
      1323.75  6.20631e-09  6.54448e-12
      1324.10  6.44272e-09  6.45385e-12
      1324.45  4.67110e-09  5.43869e-12
      1324.80  3.31668e-09  4.86257e-12
      