227
      1249.95  1.13825e-08  1.22075e-11
      1250.27  5.55950e-09  8.83145e-12
      1250.58  1.84136e-09  6.01790e-12
      1250.89  1.31920e-09  5.54610e-12
      1251.20  1.74392e-09  5.66067e-12
      1251.52  2.74576e-09  6.03057e-12
      1251.83  4.74573e-09  7.28343e-12
      1252.14  6.17656e-09  8.17419e-12
      1252.46  5.90129e-09  8.07140e-12
      1252.77  5.47527e-09  7.69904e-12
      1253.09  9.06374e-09  9.53540e-12
      1253.40  1.72720e-08  1.28775e-11
      1253.71  2.14215e-08  1.42990e-11
      1254.03  1.30226e-08  1.05309e-11
      1254.34  6.33809e-09  7.41385e-12
      1254.66  7.89437e-09  8.29340e-12
      1254.97  1.22374e-08  1.08399e-11
      1255.29  8.28976e-09  8.96025e-12
      1255.60  3.80870e-09  6.59026e-12
      1255.92  4.19637e-09  7.20907e-12
      1256.23  7.29949e-09  8.91155e-12
      1256.55  1.15373e-08  1.13752e-11
      1256.87  8.21156e-09  9.28507e-12
      1257.18  3.77663e-09  6.51163e-12
      1257.50  2.71313e-09  5.85531e-12
      1257.81  3.09320e-09  6.34864e-12
      1258.13  3.92334e-09  7.15375e-12
      1258.45  3.90138e-09  7.21864e-12
      1258.76  4.08770e-09  7.37803e-12
      1259.08  7.36280e-09  9.22944e-12
      1259.40  1.52472e-08  1.30666e-11
      1259.72  2.06325e-08  1.48184e-11
      1260.03  1.54575e-08  1.21936e-11
      1260.35  1.12911e-08  1.01397e-11
      1260.67  1.44649e-08  1.17864e-11
      1260.99  1.34596e-08  1.13354e-11
      1261.30  1.08051e-08  1.00241e-11
      1261.62  1.33377e-08  1.14809e-11
      1261.94  1.40549e-08  1.14175e-11
      1262.26  1.42705e-08  1.24439e-11
      1262.58  1.01198e-08  9.54775e-12
      1262.90  1.10311e-08  8.90611e-12
      1263.22  1.72995e-08  1.14209e-11
      1263.54  1.41396e-08  9.81652e-12
      1263.86  8.82328e-09  7.84139e-12
      1264.17  6.98220e-09  7.33592e-12
      1264.49  5.06844e-09  6.34486e-12
      1264.81  5.49433e-09  6.42273e-12
      1265.13  1.10523e-08  8.90341e-12
      1265.45  1.71181e-08  1.09875e-11
      1265.77  1.52436e-08  1.01474e-11
      1266.10  8.23254e-09  7.47643e-12
      1266.42  4.20366e-09  5.73690e-12
      1266.74  3.58834e-09  5.78661e-12
      1267.06  4.90104e-09  6.57598e-12
      1267.38  1.02974e-08  9.45919e-12
      1267.70  1.86343e-08  1.39986e-11
      1268.02  2.01128e-08  1.39760e-11
      1268.34  2.00611e-08  1.43803e-11
      1268.67  1.78649e-08  1.27800e-11
      1268.99  1.80329e-08  1.24627e-11
      1269.31  1.38534e-08  1.07046e-11
      1269.63  9.02821e-09  8.82548e-12
      1269.95  7.52651e-09  8.42242e-12
      1270.28  9.26569e-09  9.19344e-12
      1270.60  1.54006e-08  1.20568e-11
      1270.92  1.85318e-08  1.27346e-11
      1271.25  2.01149e-08  1.27331e-11
      1271.57  1.96007e-08  1.22882e-11
      1271.89  1.18136e-08  9.05257e-12
      1272.22  5.25347e-09  6.06958e-12
      1272.54  3.21216e-09  5.04950e-12
      1272.86  2.61516e-09  4.79381e-12
      1273.19  2.45908e-09  4.72067e-12
      1273.51  3.01555e-09  4.97953e-12
      1273.84  4.73224e-09  5.96093e-12
      1274.16  6.26643e-09  6.52569e-12
      1274.49  8.19617e-09  6.99094e-12
      1274.81  1.45868e-08  9.41888e-12
      1275.14  2.00274e-08  1.12963e-11
      1275.46  1.79541e-08  1.10329e-11
      1275.79  1.18111e-08  9.24906e-12
      1276.11  7.84580e-09  7.79201e-12
      1276.44  1.02874e-08  9.17670e-12
      1276.76  1.69089e-08  1.23603e-11
      1277.09  1.78972e-08  1.21558e-11
      1277.42  1.78758e-08  1.21387e-11
      1277.74  1.24870e-08  1.00292e-11
      1278.07  5.90429e-09  7.05940e-12
      1278.40  3.48127e-09  5.89965e-12
      1278.72  2.68858e-09  5.53182e-12
      1279.05  2.65072e-09  5.50414e-12
      1279.38  3.53913e-09  6.14025e-12
      1279.71  5.32646e-09  7.06381e-12
      1280.03  7.10107e-09  7.87591e-12
      1280.36  6.36922e-09  6.86047e-12
      1280.69  6.78211e-09  6.84033e-12
      1281.02  8.91228e-09  7.57453e-12
      1281.34  1.30677e-08  9.17514e-12
      1281.67  1.59523e-08  1.10362e-11
      1282.00  1.22652e-08  9.40733e-12
      1282.33  1.28496e-08  9.02616e-12
      1282.66  1.95750e-08  1.12889e-11
      1282.99  2.47082e-08  1.24945e-11
      1283.32  2.44269e-08  1.24993e-11
      1283.65  1.72637e-08  1.06124e-11
      1283.98  9.23994e-09  8.00528e-12
      1284.31  5.31764e-09  6.70042e-12
      1284.64  3.96579e-09  6.22856e-12
      1284.97  3.95366e-09  6.48729e-12
      1285.30  4.62864e-09  7.14112e-12
      1285.63  3.94922e-09  6.48485e-12
      1285.96  3.66055e-09  6.02707e-12
      1286.29  5.59983e-09  7.14802e-12
      1286.62  7.88257e-09  8.50705e-12
      1286.95  7.26910e-09  7.74809e-12
      1287.28  9.14282e-09  8.52608e-12
      1287.61  1.61268e-08  1.16258e-11
      1287.95  1.91234e-08  1.21401e-11
      1288.28  1.90380e-08  1.17229e-11
      1288.61  1.90049e-08  1.12633e-11
      1288.94  1.87041e-08  1.08506e-11
      1289.27  1.34165e-08  8.75844e-12
      1289.61  9.90436e-09  7.58831e-12
      1289.94  7.89133e-09  7.03235e-12
      1290.27  5.41055e-09  6.07702e-12
      1290.61  4.57146e-09  6.03476e-12
      1290.94  3.48171e-09  5.52434e-12
      1291.27  2.60441e-09  5.00445e-12
      1291.61  3.02552e-09  5.29508e-12
      1291.94  4.94979e-09  6.56036e-12
      1292.27  8.49162e-09  8.33281e-12
      1292.61  1.21977e-08  1.04087e-11
      1292.94  8.73156e-09  8.58719e-12
      1293.28  6.81489e-09  7.80107e-12
      1293.61  9.08706e-09  9.27259e-12
      1293.95  1.14979e-08  9.87945e-12
      1294.28  1.73268e-08  1.21176e-11
      1294.62  1.93849e-08  1.22316e-11
      1294.95  1.61893e-08  1.04449e-11
      1295.29  1.55851e-08  1.01157e-11
      1295.62  1.33759e-08  9.13195e-12
      1295.96  9.82169e-09  7.78133e-12
      1296.29  8.54637e-09  7.38194e-12
      1296.63  8.93658e-09  7.54507e-12
      1296.97  1.10955e-08  8.32615e-12
      1297.30  1.70464e-08  1.03330e-11
      1297.64  2.25672e-08  1.21037e-11
      1297.98  1.91482e-08  1.11954e-11
      1298.31  1.21934e-08  9.20517e-12
      1298.65  6.87777e-09  7.27727e-12
      1298.99  5.29001e-09  6.70730e-12
      1299.33  9.12583e-09  8.92326e-12
      1299.66  1.63705e-08  1.23676e-11
      1300.00  1.82262e-08  1.26761e-11
      1300.34  1.59393e-08  1.17240e-11
      1300.68  1.07963e-08  9.11074e-12
      1301.02  1.11157e-08  8.79110e-12
      1301.35  1.96951e-08  1.20607e-11
      1301.69  2.32741e-08  1.26194e-11
      1302.03  2.24644e-08  1.22468e-11
      1302.37  1.97679e-08  1.09778e-11
      1302.71  2.29071e-08  1.18213e-11
      1303.05  2.51522e-08  1.19596e-11
      1303.39  2.86222e-08  1.25978e-11
      1303.73  3.07924e-08  1.30960e-11
      1304.07  2.86677e-08  1.28599e-11
      1304.41  2.91803e-08  1.35710e-11
      1304.75  3.09274e-08  1.46835e-11
      1305.09  3.24215e-08  1.56650e-11
      1305.43  3.79758e-08  1.77111e-11
      1305.77  4.46206e-08  1.94421e-11
      1306.11  4.39754e-08  1.91299e-11
      1306.46  2.98196e-08  1.51826e-11
      1306.80  1.47714e-08  1.04345e-11
      1307.14  7.83804e-09  7.81009e-12
      1307.48  5.32890e-09  6.62317e-12
      1307.82  4.24790e-09  6.00345e-12
      1308.16  4.25111e-09  5.85381e-12
      1308.51  5.04022e-09  6.28621e-12
      1308.85  4.08922e-09  5.40622e-12
      1309.19  2.94252e-09  4.54615e-12
      1309.53  2.68806e-09  4.37613e-12
      1309.88  2.65439e-09  4.40329e-12
      1310.22  2.88220e-09  4.72081e-12
      1310.56  3.79530e-09  5.51742e-12
      1310.91  6.93098e-09  7.46032e-12
      1311.25  1.25526e-08  1.04992e-11
      1311.60  1.25828e-08  1.05657e-11
      1311.94  7.45695e-09  8.00542e-12
      1312.28  3.89650e-09  5.96032e-12
      1312.63  2.63594e-09  5.22277e-12
      1312.97  2.28203e-09  4.90691e-12
      1313.32  3.11892e-09  5.50633e-12
      1313.66  4.94197e-09  6.79409e-12
      1314.01  4.20511e-09  6.11999e-12
      1314.35  2.41688e-09  4.70647e-12
      1314.70  1.82971e-09  4.15075e-12
      1315.05  1.82430e-09  3.90723e-12
      1315.39  2.08154e-09  3.97265e-12
      1315.74  2.69027e-09  4.38739e-12
      1316.08  4.17831e-09  5.41349e-12
      1316.43  8.49579e-09  7.72495e-12
      1316.78  1.40844e-08  1.06423e-11
      1317.12  1.10771e-08  9.59766e-12
      1317.47  5.31705e-09  6.85097e-12
      1317.82  3.13556e-09  5.56247e-12
      1318.17  3.22252e-09  5.50731e-12
      1318.51  5.43349e-09  6.95996e-12
      1318.86  6.73632e-09  7.77873e-12
      1319.21  4.44620e-09  6.35280e-12
      1319.56  2.58968e-09  5.47422e-12
      1319.91  2.69685e-09  5.72388e-12
      1320.25  2.66426e-09  4.96938e-12
      1320.60  2.64754e-09  4.58764e-12
      1320.95  3.25176e-09  4.75875e-12
      1321.30  4.73653e-09  5.40653e-12
      1321.65  9.50809e-09  7.54380e-12
      1322.00  1.74274e-08  1.10635e-11
      1322.35  1.50071e-08  1.04977e-11
      1322.70  7.54873e-09  7.74257e-12
      1323.05  4.79625e-09  6.76721e-12
      1323.40  5.31286e-09  7.15610e-12
      1323.75  6.31832e-09  7.64327e-12
      1324.10  6.53252e-09  7.73625e-12
      1324.45  4.78904e-09  6.49841e-12
      1324.80  3.37118e-09  5.53981e-12
      