227
      1249.95  3.33860e-08  2.26997e-11
      1250.27  1.83997e-08  1.59798e-11
      1250.58  7.55164e-09  1.00701e-11
      1250.89  5.53901e-09  8.89584e-12
      1251.20  6.75520e-09  1.00142e-11
      1251.52  9.31634e-09  1.15974e-11
      1251.83  1.47620e-08  1.49350e-11
      1252.14  1.92903e-08  1.72822e-11
      1252.46  1.93476e-08  1.73015e-11
      1252.77  1.79575e-08  1.59387e-11
      1253.09  2.54211e-08  1.83660e-11
      1253.40  4.19260e-08  2.57200e-11
      1253.71  5.31845e-08  3.52419e-11
      1254.03  3.35163e-08  2.25477e-11
      1254.34  2.05357e-08  1.53577e-11
      1254.66  2.20578e-08  1.76513e-11
      1254.97  3.27608e-08  2.55958e-11
      1255.29  2.39152e-08  1.92269e-11
      1255.60  1.33515e-08  1.27857e-11
      1255.92  1.41390e-08  1.29617e-11
      1256.23  2.13530e-08  1.47830e-11
      1256.55  3.25186e-08  1.87382e-11
      1256.87  2.56542e-08  1.66317e-11
      1257.18  1.32607e-08  1.21585e-11
      1257.50  1.00865e-08  1.08721e-11
      1257.81  1.09222e-08  1.15122e-11
      1258.13  1.33596e-08  1.28893e-11
      1258.45  1.37650e-08  1.28533e-11
      1258.76  1.43972e-08  1.24308e-11
      1259.08  2.21605e-08  1.45443e-11
      1259.40  3.98745e-08  1.97128e-11
      1259.72  5.20610e-08  2.31084e-11
      1260.03  4.07960e-08  2.10103e-11
      1260.35  3.11639e-08  1.84998e-11
      1260.67  3.84780e-08  2.20209e-11
      1260.99  3.76701e-08  2.17147e-11
      1261.30  3.06683e-08  1.81947e-11
      1261.62  3.64624e-08  2.12369e-11
      1261.94  3.81005e-08  2.18330e-11
      1262.26  3.78706e-08  2.34287e-11
      1262.58  2.90350e-08  1.77843e-11
      1262.90  2.95016e-08  1.75680e-11
      1263.22  4.13476e-08  2.62720e-11
      1263.54  3.63955e-08  2.48479e-11
      1263.86  2.59621e-08  1.81544e-11
      1264.17  2.22482e-08  1.57503e-11
      1264.49  1.70499e-08  1.31788e-11
      1264.81  1.71553e-08  1.23998e-11
      1265.13  2.99429e-08  1.61366e-11
      1265.45  4.48424e-08  1.99656e-11
      1265.77  4.14460e-08  1.94067e-11
      1266.10  2.49137e-08  1.50972e-11
      1266.42  1.46916e-08  1.19597e-11
      1266.74  1.27401e-08  1.14138e-11
      1267.06  1.57064e-08  1.23773e-11
      1267.38  2.70476e-08  1.57283e-11
      1267.70  4.52142e-08  2.17421e-11
      1268.02  5.04406e-08  2.35898e-11
      1268.34  4.96804e-08  2.37751e-11
      1268.67  4.62824e-08  2.30235e-11
      1268.99  4.58022e-08  2.25819e-11
      1269.31  3.76714e-08  2.00373e-11
      1269.63  2.73833e-08  1.63830e-11
      1269.95  2.34853e-08  1.47549e-11
      1270.28  2.56784e-08  1.53214e-11
      1270.60  3.92781e-08  1.83642e-11
      1270.92  4.74335e-08  2.13705e-11
      1271.25  5.04749e-08  2.20661e-11
      1271.57  5.01230e-08  2.42121e-11
      1271.89  3.22345e-08  1.74830e-11
      1272.22  1.73258e-08  1.26019e-11
      1272.54  1.17487e-08  1.09123e-11
      1272.86  9.92228e-09  1.02106e-11
      1273.19  9.26355e-09  9.58464e-12
      1273.51  1.04747e-08  9.59522e-12
      1273.84  1.48553e-08  1.11702e-11
      1274.16  1.91079e-08  1.25836e-11
      1274.49  2.34552e-08  1.37812e-11
      1274.81  3.74188e-08  1.82387e-11
      1275.14  5.01472e-08  2.19939e-11
      1275.46  4.71813e-08  2.25953e-11
      1275.79  3.25847e-08  1.85750e-11
      1276.11  2.36401e-08  1.44763e-11
      1276.44  2.79369e-08  1.48028e-11
      1276.76  4.29406e-08  1.85227e-11
      1277.09  4.52028e-08  1.84391e-11
      1277.42  4.62409e-08  2.02454e-11
      1277.74  3.56940e-08  2.03300e-11
      1278.07  1.78004e-08  1.41728e-11
      1278.40  1.21072e-08  1.13533e-11
      1278.72  9.75403e-09  9.83875e-12
      1279.05  9.53871e-09  9.35653e-12
      1279.38  1.20547e-08  1.00704e-11
      1279.71  1.64736e-08  1.13130e-11
      1280.03  2.10381e-08  1.29875e-11
      1280.36  1.95877e-08  1.24829e-11
      1280.69  2.04059e-08  1.34082e-11
      1281.02  2.56507e-08  1.54846e-11
      1281.34  3.42416e-08  1.90415e-11
      1281.67  3.98402e-08  2.16987e-11
      1282.00  3.24037e-08  1.83632e-11
      1282.33  3.38836e-08  1.67326e-11
      1282.66  4.82834e-08  1.96218e-11
      1282.99  5.92908e-08  2.19111e-11
      1283.32  5.94717e-08  2.38235e-11
      1283.65  4.48599e-08  2.24720e-11
      1283.98  2.62653e-08  1.81998e-11
      1284.31  1.67570e-08  1.47927e-11
      1284.64  1.31867e-08  1.20155e-11
      1284.97  1.29216e-08  1.08821e-11
      1285.30  1.48605e-08  1.13950e-11
      1285.63  1.31708e-08  1.03021e-11
      1285.96  1.20226e-08  9.66830e-12
      1286.29  1.65576e-08  1.16646e-11
      1286.62  2.24175e-08  1.42871e-11
      1286.95  2.13769e-08  1.39575e-11
      1287.28  2.47858e-08  1.49451e-11
      1287.61  4.03360e-08  1.95399e-11
      1287.95  4.78078e-08  2.10489e-11
      1288.28  4.78610e-08  1.92995e-11
      1288.61  4.79742e-08  1.97515e-11
      1288.94  4.80390e-08  2.10628e-11
      1289.27  3.55999e-08  1.86965e-11
      1289.61  2.83721e-08  1.68321e-11
      1289.94  2.39582e-08  1.63209e-11
      1290.27  1.72789e-08  1.43090e-11
      1290.61  1.46826e-08  1.45164e-11
      1290.94  1.12559e-08  1.12351e-11
      1291.27  8.99551e-09  8.82656e-12
      1291.61  1.01702e-08  9.09232e-12
      1291.94  1.54998e-08  1.13620e-11
      1292.27  2.37795e-08  1.45582e-11
      1292.61  3.22322e-08  1.86847e-11
      1292.94  2.55880e-08  1.59341e-11
      1293.28  2.12544e-08  1.40443e-11
      1293.61  2.65714e-08  1.56800e-11
      1293.95  3.16147e-08  1.63458e-11
      1294.28  4.34782e-08  1.95281e-11
      1294.62  4.87295e-08  2.07002e-11
      1294.95  4.28800e-08  2.11989e-11
      1295.29  4.11664e-08  2.27203e-11
      1295.62  3.66261e-08  2.20696e-11
      1295.96  2.84912e-08  1.77642e-11
      1296.29  2.57615e-08  1.60082e-11
      1296.63  2.64851e-08  1.59561e-11
      1296.97  3.08304e-08  1.57161e-11
      1297.30  4.13625e-08  1.89542e-11
      1297.64  5.47142e-08  2.27018e-11
      1297.98  4.94104e-08  2.14759e-11
      1298.31  3.54784e-08  1.84912e-11
      1298.65  2.16333e-08  1.46680e-11
      1298.99  1.76933e-08  1.26581e-11
      1299.33  2.44488e-08  1.59574e-11
      1299.66  3.95982e-08  2.21338e-11
      1300.00  4.61272e-08  2.07755e-11
      1300.34  4.17292e-08  1.87971e-11
      1300.68  3.06696e-08  1.59770e-11
      1301.02  3.04803e-08  1.53941e-11
      1301.35  4.65946e-08  2.07521e-11
      1301.69  5.54963e-08  2.38198e-11
      1302.03  5.38845e-08  2.32934e-11
      1302.37  4.87240e-08  2.09806e-11
      1302.71  5.27221e-08  2.13927e-11
      1303.05  5.91400e-08  2.22678e-11
      1303.39  6.54224e-08  2.24762e-11
      1303.73  6.98528e-08  2.45167e-11
      1304.07  6.60185e-08  2.36894e-11
      1304.41  6.68427e-08  2.49019e-11
      1304.75  7.01393e-08  2.51335e-11
      1305.09  7.21844e-08  2.50288e-11
      1305.43  8.09445e-08  2.57670e-11
      1305.77  9.18493e-08  2.67240e-11
      1306.11  9.14503e-08  2.64407e-11
      1306.46  6.71121e-08  2.25972e-11
      1306.80  3.83368e-08  1.72933e-11
      1307.14  2.33059e-08  1.41884e-11
      1307.48  1.70235e-08  1.26055e-11
      1307.82  1.39434e-08  1.15632e-11
      1308.16  1.36518e-08  1.11644e-11
      1308.51  1.55780e-08  1.17024e-11
      1308.85  1.33166e-08  1.03872e-11
      1309.19  1.01555e-08  8.99155e-12
      1309.53  9.37341e-09  8.90088e-12
      1309.88  9.21337e-09  9.07481e-12
      1310.22  9.70937e-09  9.58214e-12
      1310.56  1.18726e-08  1.07795e-11
      1310.91  1.89053e-08  1.29577e-11
      1311.25  3.18155e-08  1.67342e-11
      1311.60  3.28562e-08  1.63013e-11
      1311.94  2.13782e-08  1.26953e-11
      1312.28  1.27458e-08  1.04727e-11
      1312.63  8.90585e-09  9.31083e-12
      1312.97  7.85277e-09  8.66199e-12
      1313.32  9.84401e-09  9.75834e-12
      1313.66  1.49445e-08  1.25225e-11
      1314.01  1.37530e-08  1.27104e-11
      1314.35  8.16576e-09  9.80088e-12
      1314.70  6.55502e-09  7.81585e-12
      1315.05  6.49882e-09  7.52594e-12
      1315.39  7.20986e-09  8.00570e-12
      1315.74  8.89448e-09  9.00714e-12
      1316.08  1.26276e-08  1.07910e-11
      1316.43  2.22098e-08  1.44048e-11
      1316.78  3.52293e-08  1.85713e-11
      1317.12  2.96118e-08  1.61540e-11
      1317.47  1.66580e-08  1.19901e-11
      1317.82  1.02138e-08  9.31098e-12
      1318.17  1.03559e-08  9.03390e-12
      1318.51  1.59958e-08  1.17761e-11
      1318.86  1.99681e-08  1.45574e-11
      1319.21  1.47145e-08  1.45347e-11
      1319.56  8.58866e-09  1.16665e-11
      1319.91  8.58728e-09  1.17537e-11
      1320.25  8.82343e-09  1.02198e-11
      1320.60  8.95791e-09  8.86094e-12
      1320.95  1.04756e-08  9.41559e-12
      1321.30  1.41750e-08  1.09083e-11
      1321.65  2.46007e-08  1.45445e-11
      1322.00  4.06626e-08  1.98894e-11
      1322.35  3.91298e-08  2.09560e-11
      1322.70  2.30026e-08  1.59871e-11
      1323.05  1.45823e-08  1.32708e-11
      1323.40  1.57204e-08  1.28014e-11
      1323.75  1.88308e-08  1.34937e-11
      1324.10  1.96444e-08  1.45442e-11
      1324.45  1.49915e-08  1.62185e-11
      1324.80  1.10000e-08  1.36149e-11
      