227
      1249.95  1.42596e-08  2.05880e-11
      1250.27  7.40617e-09  1.41952e-11
      1250.58  2.67535e-09  9.16532e-12
      1250.89  1.91020e-09  8.50358e-12
      1251.20  2.39075e-09  9.05698e-12
      1251.52  3.50434e-09  1.04878e-11
      1251.83  5.85461e-09  1.31127e-11
      1252.14  7.58331e-09  1.58926e-11
      1252.46  7.36519e-09  1.57677e-11
      1252.77  6.88933e-09  1.34857e-11
      1253.09  1.06145e-08  1.51101e-11
      1253.40  1.98286e-08  1.95416e-11
      1253.71  2.54105e-08  2.20578e-11
      1254.03  1.65304e-08  1.73808e-11
      1254.34  8.16803e-09  1.24314e-11
      1254.66  9.48684e-09  1.39568e-11
      1254.97  1.50187e-08  1.87073e-11
      1255.29  1.08927e-08  1.57875e-11
      1255.60  5.05015e-09  1.08263e-11
      1255.92  5.41691e-09  1.09331e-11
      1256.23  8.80238e-09  1.26295e-11
      1256.55  1.42926e-08  1.63069e-11
      1256.87  1.08964e-08  1.40213e-11
      1257.18  5.17796e-09  1.03321e-11
      1257.50  3.80223e-09  9.70553e-12
      1257.81  4.21072e-09  1.05283e-11
      1258.13  5.25503e-09  1.19056e-11
      1258.45  5.35898e-09  1.18793e-11
      1258.76  5.51643e-09  1.13621e-11
      1259.08  9.11975e-09  1.34790e-11
      1259.40  1.82262e-08  1.86389e-11
      1259.72  2.52667e-08  2.23296e-11
      1260.03  1.95936e-08  1.96802e-11
      1260.35  1.39313e-08  1.68454e-11
      1260.67  1.77476e-08  2.06468e-11
      1260.99  1.69694e-08  2.01921e-11
      1261.30  1.32348e-08  1.70963e-11
      1261.62  1.62941e-08  1.89750e-11
      1261.94  1.70699e-08  1.85663e-11
      1262.26  1.68222e-08  2.09671e-11
      1262.58  1.11252e-08  1.66002e-11
      1262.90  1.29369e-08  1.53819e-11
      1263.22  2.03903e-08  2.07212e-11
      1263.54  1.74127e-08  1.90129e-11
      1263.86  1.10944e-08  1.54802e-11
      1264.17  9.04853e-09  1.64031e-11
      1264.49  5.78282e-09  1.23672e-11
      1264.81  6.56649e-09  1.04835e-11
      1265.13  1.27640e-08  1.38532e-11
      1265.45  2.02919e-08  1.74761e-11
      1265.77  1.86958e-08  1.68610e-11
      1266.10  1.08230e-08  1.39726e-11
      1266.42  5.31749e-09  1.03919e-11
      1266.74  4.70402e-09  9.36317e-12
      1267.06  6.09381e-09  1.01900e-11
      1267.38  1.16071e-08  1.33227e-11
      1267.70  2.01682e-08  1.79646e-11
      1268.02  2.33770e-08  1.91165e-11
      1268.34  2.24811e-08  1.80096e-11
      1268.67  2.10075e-08  1.82959e-11
      1268.99  2.19776e-08  1.84195e-11
      1269.31  1.74941e-08  1.69224e-11
      1269.63  1.17453e-08  1.44558e-11
      1269.95  9.75620e-09  1.35946e-11
      1270.28  1.13286e-08  1.39006e-11
      1270.60  1.86744e-08  1.77904e-11
      1270.92  2.23467e-08  1.86570e-11
      1271.25  2.42525e-08  1.95041e-11
      1271.57  2.41970e-08  2.03384e-11
      1271.89  1.49867e-08  1.61820e-11
      1272.22  7.01587e-09  1.17789e-11
      1272.54  4.41018e-09  1.02384e-11
      1272.86  3.62240e-09  9.51180e-12
      1273.19  3.38301e-09  8.95161e-12
      1273.51  3.93882e-09  8.82220e-12
      1273.84  5.90681e-09  1.01762e-11
      1274.16  7.75578e-09  1.11792e-11
      1274.49  9.85096e-09  1.21041e-11
      1274.81  1.68493e-08  1.63508e-11
      1275.14  2.32067e-08  1.97598e-11
      1275.46  2.13242e-08  1.88187e-11
      1275.79  1.45079e-08  1.52911e-11
      1276.11  9.73463e-09  1.20627e-11
      1276.44  1.21125e-08  1.25356e-11
      1276.76  1.99041e-08  1.60387e-11
      1277.09  2.12166e-08  1.59328e-11
      1277.42  2.16074e-08  1.68830e-11
      1277.74  1.55880e-08  1.46321e-11
      1278.07  7.81313e-09  1.08741e-11
      1278.40  4.78483e-09  9.39476e-12
      1278.72  3.76815e-09  8.73888e-12
      1279.05  3.67561e-09  8.40523e-12
      1279.38  4.73923e-09  9.16242e-12
      1279.71  6.83293e-09  1.05046e-11
      1280.03  8.94372e-09  1.24709e-11
      1280.36  8.31350e-09  1.18543e-11
      1280.69  8.61564e-09  1.26969e-11
      1281.02  1.10851e-08  1.48593e-11
      1281.34  1.57563e-08  1.80898e-11
      1281.67  1.90139e-08  2.05583e-11
      1282.00  1.53189e-08  1.75879e-11
      1282.33  1.53217e-08  1.59871e-11
      1282.66  2.26166e-08  1.89759e-11
      1282.99  2.85406e-08  2.10164e-11
      1283.32  2.85062e-08  2.12796e-11
      1283.65  2.08311e-08  1.85666e-11
      1283.98  1.15747e-08  1.40068e-11
      1284.31  6.83256e-09  1.11137e-11
      1284.64  5.15479e-09  9.71390e-12
      1284.97  4.99969e-09  9.20985e-12
      1285.30  5.59282e-09  1.01635e-11
      1285.63  4.98610e-09  9.04202e-12
      1285.96  4.77388e-09  8.04364e-12
      1286.29  6.89988e-09  9.87854e-12
      1286.62  9.65594e-09  1.22167e-11
      1286.95  9.34211e-09  1.22772e-11
      1287.28  1.11862e-08  1.36317e-11
      1287.61  1.91074e-08  1.85253e-11
      1287.95  2.32042e-08  2.00144e-11
      1288.28  2.31426e-08  1.91075e-11
      1288.61  2.30250e-08  1.87615e-11
      1288.94  2.28891e-08  1.93149e-11
      1289.27  1.67698e-08  1.67211e-11
      1289.61  1.23506e-08  1.51101e-11
      1289.94  1.01712e-08  1.45716e-11
      1290.27  6.96956e-09  1.22798e-11
      1290.61  5.91323e-09  1.14320e-11
      1290.94  4.60677e-09  9.70933e-12
      1291.27  3.41329e-09  8.06225e-12
      1291.61  3.81818e-09  8.00709e-12
      1291.94  6.02718e-09  9.66289e-12
      1292.27  9.93829e-09  1.20759e-11
      1292.61  1.46171e-08  1.53932e-11
      1292.94  1.08898e-08  1.29296e-11
      1293.28  8.33538e-09  1.13917e-11
      1293.61  1.11199e-08  1.31943e-11
      1293.95  1.37850e-08  1.35347e-11
      1294.28  2.04741e-08  1.65455e-11
      1294.62  2.29330e-08  1.88536e-11
      1294.95  1.86576e-08  1.71259e-11
      1295.29  1.92694e-08  1.72633e-11
      1295.62  1.68634e-08  1.68396e-11
      1295.96  1.25580e-08  1.52024e-11
      1296.29  1.09258e-08  1.44727e-11
      1296.63  1.12879e-08  1.44969e-11
      1296.97  1.35735e-08  1.51379e-11
      1297.30  2.01024e-08  1.79762e-11
      1297.64  2.65773e-08  2.07988e-11
      1297.98  2.31299e-08  1.94982e-11
      1298.31  1.51669e-08  1.61622e-11
      1298.65  8.86085e-09  1.27020e-11
      1298.99  6.73892e-09  1.10907e-11
      1299.33  1.07606e-08  1.34120e-11
      1299.66  1.86642e-08  1.71050e-11
      1300.00  2.13140e-08  1.70226e-11
      1300.34  1.88613e-08  1.55176e-11
      1300.68  1.35351e-08  1.27949e-11
      1301.02  1.35769e-08  1.28083e-11
      1301.35  2.25262e-08  1.76148e-11
      1301.69  2.73856e-08  1.99764e-11
      1302.03  2.66038e-08  2.01903e-11
      1302.37  2.39590e-08  1.89204e-11
      1302.71  2.69741e-08  2.02516e-11
      1303.05  2.98938e-08  2.07644e-11
      1303.39  3.34581e-08  2.22994e-11
      1303.73  3.61721e-08  2.42100e-11
      1304.07  3.37488e-08  2.39750e-11
      1304.41  3.39004e-08  2.45203e-11
      1304.75  3.57322e-08  2.56600e-11
      1305.09  3.68888e-08  2.54550e-11
      1305.43  4.24593e-08  2.64152e-11
      1305.77  4.96051e-08  2.74656e-11
      1306.11  4.98255e-08  2.66195e-11
      1306.46  3.47367e-08  2.14982e-11
      1306.80  1.75278e-08  1.50329e-11
      1307.14  9.61490e-09  1.16171e-11
      1307.48  6.76870e-09  1.02236e-11
      1307.82  5.47498e-09  9.42166e-12
      1308.16  5.43805e-09  9.27008e-12
      1308.51  6.51518e-09  1.00345e-11
      1308.85  5.42833e-09  8.88288e-12
      1309.19  4.00969e-09  7.87500e-12
      1309.53  3.69286e-09  8.08606e-12
      1309.88  3.63616e-09  8.35836e-12
      1310.22  3.87439e-09  9.02740e-12
      1310.56  4.87597e-09  1.01694e-11
      1310.91  8.38725e-09  1.27533e-11
      1311.25  1.49279e-08  1.72976e-11
      1311.60  1.51547e-08  1.70870e-11
      1311.94  9.32475e-09  1.23776e-11
      1312.28  5.07769e-09  9.26597e-12
      1312.63  3.46805e-09  8.00170e-12
      1312.97  2.98853e-09  7.61038e-12
      1313.32  3.91325e-09  8.39930e-12
      1313.66  6.09502e-09  1.04432e-11
      1314.01  5.37419e-09  9.46756e-12
      1314.35  3.26954e-09  7.37414e-12
      1314.70  2.52764e-09  6.40103e-12
      1315.05  2.51432e-09  6.35010e-12
      1315.39  2.84703e-09  7.02884e-12
      1315.74  3.59715e-09  8.18707e-12
      1316.08  5.34246e-09  1.02421e-11
      1316.43  1.01560e-08  1.39114e-11
      1316.78  1.68245e-08  1.84739e-11
      1317.12  1.40599e-08  1.64321e-11
      1317.47  6.91545e-09  1.09840e-11
      1317.82  4.12771e-09  8.67890e-12
      1318.17  4.05486e-09  8.38455e-12
      1318.51  6.58202e-09  1.08515e-11
      1318.86  8.33278e-09  1.24499e-11
      1319.21  5.66649e-09  1.02665e-11
      1319.56  3.29963e-09  8.15374e-12
      1319.91  3.40069e-09  8.10878e-12
      1320.25  3.46392e-09  7.66249e-12
      1320.60  3.47609e-09  7.16213e-12
      1320.95  4.25116e-09  7.77620e-12
      1321.30  5.90548e-09  9.15837e-12
      1321.65  1.13230e-08  1.27722e-11
      1322.00  2.06614e-08  1.90549e-11
      1322.35  1.82034e-08  1.82781e-11
      1322.70  9.81637e-09  1.37370e-11
      1323.05  6.29052e-09  1.10064e-11
      1323.40  6.71899e-09  1.11112e-11
      1323.75  7.85844e-09  1.17230e-11
      1324.10  8.11405e-09  1.20314e-11
      1324.45  6.12875e-09  1.05458e-11
      1324.80  4.36192e-09  9.37806e-12
      