227
      1249.95  1.34443e-08  1.69838e-11
      1250.27  7.09998e-09  1.19230e-11
      1250.58  2.61464e-09  7.83550e-12
      1250.89  1.82508e-09  7.06531e-12
      1251.20  2.26703e-09  7.83048e-12
      1251.52  3.32650e-09  9.16263e-12
      1251.83  5.53835e-09  1.16408e-11
      1252.14  7.22352e-09  1.33009e-11
      1252.46  7.06694e-09  1.34700e-11
      1252.77  6.49497e-09  1.24321e-11
      1253.09  1.00217e-08  1.44084e-11
      1253.40  1.85568e-08  1.86925e-11
      1253.71  2.34891e-08  2.10578e-11
      1254.03  1.54255e-08  1.70238e-11
      1254.34  7.62656e-09  1.23988e-11
      1254.66  8.69748e-09  1.42195e-11
      1254.97  1.34062e-08  1.82467e-11
      1255.29  9.82012e-09  1.56565e-11
      1255.60  4.63742e-09  1.10264e-11
      1255.92  4.78753e-09  1.09235e-11
      1256.23  7.86226e-09  1.27426e-11
      1256.55  1.25226e-08  1.60567e-11
      1256.87  9.69327e-09  1.39384e-11
      1257.18  4.65133e-09  1.01651e-11
      1257.50  3.33001e-09  9.40745e-12
      1257.81  3.68969e-09  1.01212e-11
      1258.13  4.57925e-09  1.12456e-11
      1258.45  4.68242e-09  1.08925e-11
      1258.76  4.90002e-09  1.03637e-11
      1259.08  8.19962e-09  1.21165e-11
      1259.40  1.63301e-08  1.64477e-11
      1259.72  2.24215e-08  1.95635e-11
      1260.03  1.77669e-08  1.71893e-11
      1260.35  1.30077e-08  1.44638e-11
      1260.67  1.61747e-08  1.70283e-11
      1260.99  1.57127e-08  1.68104e-11
      1261.30  1.25284e-08  1.42667e-11
      1261.62  1.50713e-08  1.54642e-11
      1261.94  1.61783e-08  1.49494e-11
      1262.26  1.64334e-08  1.49052e-11
      1262.58  1.27419e-08  1.27636e-11
      1262.90  1.25159e-08  1.27309e-11
      1263.22  1.89314e-08  1.66948e-11
      1263.54  1.66514e-08  1.58159e-11
      1263.86  1.06478e-08  1.28214e-11
      1264.17  8.36341e-09  1.17584e-11
      1264.49  6.25204e-09  9.89914e-12
      1264.81  6.34464e-09  9.41256e-12
      1265.13  1.19806e-08  1.25485e-11
      1265.45  1.88101e-08  1.61014e-11
      1265.77  1.74374e-08  1.58169e-11
      1266.10  9.82212e-09  1.22419e-11
      1266.42  5.10074e-09  9.65366e-12
      1266.74  4.28332e-09  9.33971e-12
      1267.06  5.54966e-09  1.02438e-11
      1267.38  1.08496e-08  1.32036e-11
      1267.70  2.01115e-08  1.77703e-11
      1268.02  2.19585e-08  1.77267e-11
      1268.34  2.15686e-08  1.77575e-11
      1268.67  1.98128e-08  1.70428e-11
      1268.99  1.95445e-08  1.77947e-11
      1269.31  1.57978e-08  1.63911e-11
      1269.63  1.04644e-08  1.35663e-11
      1269.95  8.66046e-09  1.23738e-11
      1270.28  1.01529e-08  1.24102e-11
      1270.60  1.67982e-08  1.57115e-11
      1270.92  2.05179e-08  1.63382e-11
      1271.25  2.22709e-08  1.66772e-11
      1271.57  2.24910e-08  1.72051e-11
      1271.89  1.41525e-08  1.36364e-11
      1272.22  6.46919e-09  9.77278e-12
      1272.54  4.08270e-09  8.40609e-12
      1272.86  3.38379e-09  7.71652e-12
      1273.19  3.17534e-09  7.18865e-12
      1273.51  3.68600e-09  7.05698e-12
      1273.84  5.55678e-09  8.23865e-12
      1274.16  7.38188e-09  9.37210e-12
      1274.49  9.21449e-09  1.02106e-11
      1274.81  1.58744e-08  1.43539e-11
      1275.14  2.21830e-08  1.77457e-11
      1275.46  2.03563e-08  1.74504e-11
      1275.79  1.36368e-08  1.42540e-11
      1276.11  8.87860e-09  1.12152e-11
      1276.44  1.08533e-08  1.20794e-11
      1276.76  1.87377e-08  1.65071e-11
      1277.09  1.92756e-08  1.57712e-11
      1277.42  1.98598e-08  1.71836e-11
      1277.74  1.41599e-08  1.47027e-11
      1278.07  6.76734e-09  1.07528e-11
      1278.40  4.14386e-09  9.15418e-12
      1278.72  3.26520e-09  8.20272e-12
      1279.05  3.18220e-09  7.80406e-12
      1279.38  4.12411e-09  8.31263e-12
      1279.71  6.02952e-09  9.31052e-12
      1280.03  8.14924e-09  1.08210e-11
      1280.36  7.46105e-09  1.00929e-11
      1280.69  7.83143e-09  1.07135e-11
      1281.02  1.01516e-08  1.21803e-11
      1281.34  1.46472e-08  1.46797e-11
      1281.67  1.80342e-08  1.63701e-11
      1282.00  1.43757e-08  1.35329e-11
      1282.33  1.43210e-08  1.27198e-11
      1282.66  2.15446e-08  1.54167e-11
      1282.99  2.73135e-08  1.74652e-11
      1283.32  2.74202e-08  1.80306e-11
      1283.65  1.98552e-08  1.59532e-11
      1283.98  1.08957e-08  1.24825e-11
      1284.31  6.36391e-09  1.04117e-11
      1284.64  4.76309e-09  9.22243e-12
      1284.97  4.61298e-09  8.94689e-12
      1285.30  5.33210e-09  9.34318e-12
      1285.63  4.68025e-09  8.46474e-12
      1285.96  4.23913e-09  7.98555e-12
      1286.29  6.13063e-09  9.86596e-12
      1286.62  8.54700e-09  1.21700e-11
      1286.95  8.20341e-09  1.20487e-11
      1287.28  9.98970e-09  1.31203e-11
      1287.61  1.70915e-08  1.71406e-11
      1287.95  2.07981e-08  1.79855e-11
      1288.28  2.09256e-08  1.69435e-11
      1288.61  2.10020e-08  1.63209e-11
      1288.94  2.09416e-08  1.63818e-11
      1289.27  1.56337e-08  1.40957e-11
      1289.61  1.15161e-08  1.24437e-11
      1289.94  9.43364e-09  1.17464e-11
      1290.27  6.60871e-09  9.91804e-12
      1290.61  5.54428e-09  9.19180e-12
      1290.94  4.36658e-09  7.92401e-12
      1291.27  3.26701e-09  6.71041e-12
      1291.61  3.65518e-09  6.94051e-12
      1291.94  5.66800e-09  8.52836e-12
      1292.27  9.35808e-09  1.11326e-11
      1292.61  1.33551e-08  1.41884e-11
      1292.94  1.03257e-08  1.27297e-11
      1293.28  7.64829e-09  1.12273e-11
      1293.61  9.93646e-09  1.28159e-11
      1293.95  1.24390e-08  1.34528e-11
      1294.28  1.81611e-08  1.59886e-11
      1294.62  2.09496e-08  1.70604e-11
      1294.95  1.77801e-08  1.55606e-11
      1295.29  1.71601e-08  1.60979e-11
      1295.62  1.51610e-08  1.53885e-11
      1295.96  1.12252e-08  1.33453e-11
      1296.29  9.78266e-09  1.23692e-11
      1296.63  1.02270e-08  1.20610e-11
      1296.97  1.23220e-08  1.22089e-11
      1297.30  1.85769e-08  1.43509e-11
      1297.64  2.54061e-08  1.70491e-11
      1297.98  2.20935e-08  1.58324e-11
      1298.31  1.43265e-08  1.31328e-11
      1298.65  8.26550e-09  1.04910e-11
      1298.99  6.13793e-09  9.29214e-12
      1299.33  9.92138e-09  1.15592e-11
      1299.66  1.78471e-08  1.57309e-11
      1300.00  2.00899e-08  1.60303e-11
      1300.34  1.76580e-08  1.51242e-11
      1300.68  1.22122e-08  1.24903e-11
      1301.02  1.20529e-08  1.26329e-11
      1301.35  2.05648e-08  1.81096e-11
      1301.69  2.46659e-08  1.98490e-11
      1302.03  2.41035e-08  1.99157e-11
      1302.37  2.14428e-08  1.78822e-11
      1302.71  2.45421e-08  1.87907e-11
      1303.05  2.71283e-08  1.86529e-11
      1303.39  3.08751e-08  1.94416e-11
      1303.73  3.35267e-08  2.02637e-11
      1304.07  3.18693e-08  1.97404e-11
      1304.41  3.21118e-08  2.00370e-11
      1304.75  3.38489e-08  2.07228e-11
      1305.09  3.52888e-08  2.09038e-11
      1305.43  4.07116e-08  2.18085e-11
      1305.77  4.75035e-08  2.30146e-11
      1306.11  4.73235e-08  2.31552e-11
      1306.46  3.32287e-08  1.94731e-11
      1306.80  1.69666e-08  1.43159e-11
      1307.14  9.06499e-09  1.13004e-11
      1307.48  6.20404e-09  1.01256e-11
      1307.82  4.93030e-09  9.48551e-12
      1308.16  4.81568e-09  9.15864e-12
      1308.51  5.60096e-09  9.63572e-12
      1308.85  4.80911e-09  8.69099e-12
      1309.19  3.50826e-09  7.32321e-12
      1309.53  3.23516e-09  7.27552e-12
      1309.88  3.20868e-09  7.47867e-12
      1310.22  3.45280e-09  7.70515e-12
      1310.56  4.38977e-09  8.45567e-12
      1310.91  7.59966e-09  1.01723e-11
      1311.25  1.40404e-08  1.35964e-11
      1311.60  1.45500e-08  1.31641e-11
      1311.94  8.81090e-09  9.86325e-12
      1312.28  4.70365e-09  7.52493e-12
      1312.63  3.24186e-09  6.81893e-12
      1312.97  2.75281e-09  6.83538e-12
      1313.32  3.52502e-09  7.79087e-12
      1313.66  5.75501e-09  1.04233e-11
      1314.01  4.90570e-09  9.35911e-12
      1314.35  2.89077e-09  7.29375e-12
      1314.70  2.21330e-09  6.99381e-12
      1315.05  2.17963e-09  6.35700e-12
      1315.39  2.46287e-09  6.77620e-12
      1315.74  3.13005e-09  7.56764e-12
      1316.08  4.70446e-09  9.07768e-12
      1316.43  9.21146e-09  1.20021e-11
      1316.78  1.54112e-08  1.54191e-11
      1317.12  1.28365e-08  1.33744e-11
      1317.47  6.50075e-09  8.96773e-12
      1317.82  3.88757e-09  7.01455e-12
      1318.17  3.88169e-09  6.98755e-12
      1318.51  6.16734e-09  9.04205e-12
      1318.86  7.66330e-09  1.05184e-11
      1319.21  5.38098e-09  9.27984e-12
      1319.56  3.14725e-09  7.62528e-12
      1319.91  3.10167e-09  7.73130e-12
      1320.25  3.15295e-09  7.54824e-12
      1320.60  3.10581e-09  7.16513e-12
      1320.95  3.68530e-09  7.70472e-12
      1321.30  5.15329e-09  8.93938e-12
      1321.65  9.87021e-09  1.21347e-11
      1322.00  1.87457e-08  1.80216e-11
      1322.35  1.69741e-08  1.67681e-11
      1322.70  8.86697e-09  1.15161e-11
      1323.05  5.63098e-09  9.12442e-12
      1323.40  6.17359e-09  8.91633e-12
      1323.75  7.31367e-09  9.26284e-12
      1324.10  7.69567e-09  9.61730e-12
      1324.45  5.73344e-09  8.52957e-12
      1324.80  4.10480e-09  7.95132e-12
      