227
      1249.95  1.87317e-08  1.84448e-11
      1250.27  1.01084e-08  1.29639e-11
      1250.58  3.86924e-09  8.32968e-12
      1250.89  2.75227e-09  7.52606e-12
      1251.20  3.40533e-09  8.40768e-12
      1251.52  4.87523e-09  9.97880e-12
      1251.83  7.96875e-09  1.28524e-11
      1252.14  1.04624e-08  1.47542e-11
      1252.46  1.03771e-08  1.47999e-11
      1252.77  9.56314e-09  1.36734e-11
      1253.09  1.42553e-08  1.57501e-11
      1253.40  2.56625e-08  2.06005e-11
      1253.71  3.21944e-08  2.32243e-11
      1254.03  2.14260e-08  1.88109e-11
      1254.34  1.10754e-08  1.37042e-11
      1254.66  1.25011e-08  1.54970e-11
      1254.97  1.89411e-08  2.02580e-11
      1255.29  1.39760e-08  1.73148e-11
      1255.60  6.86545e-09  1.20224e-11
      1255.92  7.19901e-09  1.20650e-11
      1256.23  1.13583e-08  1.38255e-11
      1256.55  1.78581e-08  1.73337e-11
      1256.87  1.38324e-08  1.49997e-11
      1257.18  6.79056e-09  1.08716e-11
      1257.50  4.92112e-09  9.99262e-12
      1257.81  5.34440e-09  1.06321e-11
      1258.13  6.58136e-09  1.17234e-11
      1258.45  6.71811e-09  1.14524e-11
      1258.76  6.91457e-09  1.07804e-11
      1259.08  1.11041e-08  1.23543e-11
      1259.40  2.14428e-08  1.67491e-11
      1259.72  2.87643e-08  2.07176e-11
      1260.03  2.27869e-08  1.79190e-11
      1260.35  1.71055e-08  1.49538e-11
      1260.67  2.12701e-08  1.79196e-11
      1260.99  2.08822e-08  1.76826e-11
      1261.30  1.66965e-08  1.48609e-11
      1261.62  2.03940e-08  1.60794e-11
      1261.94  2.16231e-08  1.56941e-11
      1262.26  2.19451e-08  1.60587e-11
      1262.58  1.71600e-08  1.35429e-11
      1262.90  1.69635e-08  1.35347e-11
      1263.22  2.55386e-08  1.82072e-11
      1263.54  2.25758e-08  1.70501e-11
      1263.86  1.48476e-08  1.39384e-11
      1264.17  1.20491e-08  1.29308e-11
      1264.49  9.09744e-09  1.09991e-11
      1264.81  9.09885e-09  1.03665e-11
      1265.13  1.67483e-08  1.38051e-11
      1265.45  2.60977e-08  1.76741e-11
      1265.77  2.42034e-08  1.73700e-11
      1266.10  1.38683e-08  1.34673e-11
      1266.42  7.52727e-09  1.04345e-11
      1266.74  6.42183e-09  1.00751e-11
      1267.06  8.12449e-09  1.11320e-11
      1267.38  1.51496e-08  1.42840e-11
      1267.70  2.77489e-08  1.93290e-11
      1268.02  2.99878e-08  1.90065e-11
      1268.34  2.96582e-08  1.90287e-11
      1268.67  2.68715e-08  1.78430e-11
      1268.99  2.66007e-08  1.86913e-11
      1269.31  2.14149e-08  1.69351e-11
      1269.63  1.43847e-08  1.39445e-11
      1269.95  1.19259e-08  1.26384e-11
      1270.28  1.34266e-08  1.25669e-11
      1270.60  2.13323e-08  1.63821e-11
      1270.92  2.58915e-08  1.70715e-11
      1271.25  2.87641e-08  1.70230e-11
      1271.57  2.91205e-08  1.76480e-11
      1271.89  1.83814e-08  1.39918e-11
      1272.22  9.01238e-09  1.01507e-11
      1272.54  5.90680e-09  8.77271e-12
      1272.86  4.96405e-09  8.13673e-12
      1273.19  4.67284e-09  7.67449e-12
      1273.51  5.38120e-09  7.60438e-12
      1273.84  7.94740e-09  8.98403e-12
      1274.16  1.04403e-08  1.02396e-11
      1274.49  1.29390e-08  1.12264e-11
      1274.81  2.17375e-08  1.56456e-11
      1275.14  2.98981e-08  1.94254e-11
      1275.46  2.75817e-08  1.91112e-11
      1275.79  1.89748e-08  1.58234e-11
      1276.11  1.28279e-08  1.26700e-11
      1276.44  1.54708e-08  1.32869e-11
      1276.76  2.52083e-08  1.76324e-11
      1277.09  2.63595e-08  1.72005e-11
      1277.42  2.69784e-08  1.84824e-11
      1277.74  1.96222e-08  1.59717e-11
      1278.07  9.96825e-09  1.17432e-11
      1278.40  6.15915e-09  9.87311e-12
      1278.72  4.80861e-09  8.85212e-12
      1279.05  4.62025e-09  8.22913e-12
      1279.38  5.87171e-09  8.61209e-12
      1279.71  8.28213e-09  9.52423e-12
      1280.03  1.09011e-08  1.09184e-11
      1280.36  1.01728e-08  1.04380e-11
      1280.69  1.07306e-08  1.09885e-11
      1281.02  1.38366e-08  1.26356e-11
      1281.34  1.95524e-08  1.52500e-11
      1281.67  2.37357e-08  1.68726e-11
      1282.00  1.94531e-08  1.42882e-11
      1282.33  1.94779e-08  1.34989e-11
      1282.66  2.86052e-08  1.63730e-11
      1282.99  3.58765e-08  1.86085e-11
      1283.32  3.59566e-08  1.93217e-11
      1283.65  2.66073e-08  1.73629e-11
      1283.98  1.51928e-08  1.36886e-11
      1284.31  9.21436e-09  1.13328e-11
      1284.64  6.99900e-09  1.01571e-11
      1284.97  6.77316e-09  9.76472e-12
      1285.30  7.78713e-09  1.01996e-11
      1285.63  6.91870e-09  9.38996e-12
      1285.96  6.29723e-09  8.81164e-12
      1286.29  8.86007e-09  1.07356e-11
      1286.62  1.21449e-08  1.30745e-11
      1286.95  1.16402e-08  1.28740e-11
      1287.28  1.36343e-08  1.36824e-11
      1287.61  2.25721e-08  1.74955e-11
      1287.95  2.71109e-08  1.82008e-11
      1288.28  2.70659e-08  1.70110e-11
      1288.61  2.71447e-08  1.63782e-11
      1288.94  2.72084e-08  1.64996e-11
      1289.27  2.05167e-08  1.43662e-11
      1289.61  1.55479e-08  1.28881e-11
      1289.94  1.30812e-08  1.23554e-11
      1290.27  9.25656e-09  1.05028e-11
      1290.61  7.93574e-09  9.87000e-12
      1290.94  6.28521e-09  8.62438e-12
      1291.27  4.69969e-09  7.24804e-12
      1291.61  5.26793e-09  7.58344e-12
      1291.94  8.17074e-09  9.52159e-12
      1292.27  1.31239e-08  1.22911e-11
      1292.61  1.87133e-08  1.57518e-11
      1292.94  1.43990e-08  1.39146e-11
      1293.28  1.09892e-08  1.23660e-11
      1293.61  1.43508e-08  1.42938e-11
      1293.95  1.74929e-08  1.46450e-11
      1294.28  2.51469e-08  1.74049e-11
      1294.62  2.85336e-08  1.82889e-11
      1294.95  2.40058e-08  1.63646e-11
      1295.29  2.31420e-08  1.67772e-11
      1295.62  2.02693e-08  1.58096e-11
      1295.96  1.51392e-08  1.37394e-11
      1296.29  1.33046e-08  1.26497e-11
      1296.63  1.39097e-08  1.24595e-11
      1296.97  1.67351e-08  1.27183e-11
      1297.30  2.46594e-08  1.49699e-11
      1297.64  3.29757e-08  1.76093e-11
      1297.98  2.91659e-08  1.66862e-11
      1298.31  1.97416e-08  1.41641e-11
      1298.65  1.18956e-08  1.14752e-11
      1298.99  9.11971e-09  1.04003e-11
      1299.33  1.40237e-08  1.27859e-11
      1299.66  2.38409e-08  1.69771e-11
      1300.00  2.70221e-08  1.74243e-11
      1300.34  2.40414e-08  1.64257e-11
      1300.68  1.72738e-08  1.38016e-11
      1301.02  1.71173e-08  1.39068e-11
      1301.35  2.76844e-08  1.90577e-11
      1301.69  3.30701e-08  2.09420e-11
      1302.03  3.18356e-08  2.05663e-11
      1302.37  2.83301e-08  1.84030e-11
      1302.71  3.13946e-08  1.87533e-11
      1303.05  3.44630e-08  1.85458e-11
      1303.39  3.87783e-08  1.91915e-11
      1303.73  4.22723e-08  2.01631e-11
      1304.07  4.05200e-08  1.99147e-11
      1304.41  4.09307e-08  2.04470e-11
      1304.75  4.32752e-08  2.13964e-11
      1305.09  4.50993e-08  2.18098e-11
      1305.43  5.14064e-08  2.28297e-11
      1305.77  5.93107e-08  2.42448e-11
      1306.11  5.91429e-08  2.44460e-11
      1306.46  4.24500e-08  2.08152e-11
      1306.80  2.27040e-08  1.56063e-11
      1307.14  1.28312e-08  1.25040e-11
      1307.48  9.06211e-09  1.11944e-11
      1307.82  7.29625e-09  1.04118e-11
      1308.16  7.11339e-09  1.00439e-11
      1308.51  8.20804e-09  1.05021e-11
      1308.85  6.92174e-09  9.26711e-12
      1309.19  5.02801e-09  7.74766e-12
      1309.53  4.55917e-09  7.48618e-12
      1309.88  4.47802e-09  7.60196e-12
      1310.22  4.82476e-09  7.97783e-12
      1310.56  6.10611e-09  8.73600e-12
      1310.91  1.03406e-08  1.05940e-11
      1311.25  1.85830e-08  1.41690e-11
      1311.60  1.92609e-08  1.37762e-11
      1311.94  1.20704e-08  1.05674e-11
      1312.28  6.72886e-09  8.24878e-12
      1312.63  4.70255e-09  7.48563e-12
      1312.97  4.04400e-09  7.44050e-12
      1313.32  5.15785e-09  8.69420e-12
      1313.66  8.09837e-09  1.12703e-11
      1314.01  7.06342e-09  1.01683e-11
      1314.35  4.30542e-09  7.84993e-12
      1314.70  3.33574e-09  6.98200e-12
      1315.05  3.25071e-09  6.73826e-12
      1315.39  3.58633e-09  6.95930e-12
      1315.74  4.42840e-09  7.76789e-12
      1316.08  6.44838e-09  9.18028e-12
      1316.43  1.21526e-08  1.21522e-11
      1316.78  2.00125e-08  1.56113e-11
      1317.12  1.69649e-08  1.37692e-11
      1317.47  8.87241e-09  9.32162e-12
      1317.82  5.50337e-09  7.39608e-12
      1318.17  5.49618e-09  7.47969e-12
      1318.51  8.60400e-09  9.88764e-12
      1318.86  1.07527e-08  1.16000e-11
      1319.21  7.61669e-09  1.01397e-11
      1319.56  4.53831e-09  8.28032e-12
      1319.91  4.56233e-09  8.48231e-12
      1320.25  4.67700e-09  8.18693e-12
      1320.60  4.66047e-09  7.90886e-12
      1320.95  5.47324e-09  8.39597e-12
      1321.30  7.35377e-09  9.58681e-12
      1321.65  1.33710e-08  1.26833e-11
      1322.00  2.41488e-08  1.81393e-11
      1322.35  2.15301e-08  1.65787e-11
      1322.70  1.18214e-08  1.17136e-11
      1323.05  7.85028e-09  9.26057e-12
      1323.40  8.54315e-09  9.40023e-12
      1323.75  1.01181e-08  9.89743e-12
      1324.10  1.06068e-08  1.03740e-11
      1324.45  8.06072e-09  9.41385e-12
      1324.80  5.87333e-09  8.63049e-12
      