227
      1249.95  1.39139e-08  1.96794e-11
      1250.27  7.31138e-09  1.37748e-11
      1250.58  2.68076e-09  8.85931e-12
      1250.89  1.90826e-09  7.92509e-12
      1251.20  2.39584e-09  8.73934e-12
      1251.52  3.54923e-09  1.00317e-11
      1251.83  5.88692e-09  1.28964e-11
      1252.14  7.45815e-09  1.58979e-11
      1252.46  7.11524e-09  1.46442e-11
      1252.77  6.97491e-09  1.34079e-11
      1253.09  1.07946e-08  1.49411e-11
      1253.40  1.99674e-08  1.92339e-11
      1253.71  2.51930e-08  2.13582e-11
      1254.03  1.64609e-08  1.69107e-11
      1254.34  8.19515e-09  1.20395e-11
      1254.66  9.42159e-09  1.32018e-11
      1254.97  1.44532e-08  1.69756e-11
      1255.29  1.04697e-08  1.42101e-11
      1255.60  4.87821e-09  9.63932e-12
      1255.92  5.14019e-09  9.48350e-12
      1256.23  8.38618e-09  1.08082e-11
      1256.55  1.32594e-08  1.34836e-11
      1256.87  1.01844e-08  1.16504e-11
      1257.18  4.99459e-09  9.04900e-12
      1257.50  3.61183e-09  8.66504e-12
      1257.81  3.95983e-09  9.30348e-12
      1258.13  4.87988e-09  1.03831e-11
      1258.45  4.96895e-09  1.02967e-11
      1258.76  5.13791e-09  9.90512e-12
      1259.08  8.52837e-09  1.17106e-11
      1259.40  1.69819e-08  1.61980e-11
      1259.72  2.34581e-08  1.93682e-11
      1260.03  1.83672e-08  1.72000e-11
      1260.35  1.31625e-08  1.48526e-11
      1260.67  1.65287e-08  1.79409e-11
      1260.99  1.59580e-08  1.78587e-11
      1261.30  1.26343e-08  1.54668e-11
      1261.62  1.53838e-08  1.70541e-11
      1261.94  1.64097e-08  1.69749e-11
      1262.26  1.62872e-08  1.94909e-11
      1262.58  1.10004e-08  1.48712e-11
      1262.90  1.27671e-08  1.47272e-11
      1263.22  1.97858e-08  1.93740e-11
      1263.54  1.72110e-08  1.82035e-11
      1263.86  1.10383e-08  1.47813e-11
      1264.17  8.80911e-09  1.50902e-11
      1264.49  5.87036e-09  1.11820e-11
      1264.81  6.66056e-09  1.02869e-11
      1265.13  1.28098e-08  1.34950e-11
      1265.45  2.02388e-08  1.69988e-11
      1265.77  1.86855e-08  1.63903e-11
      1266.10  1.10492e-08  1.37322e-11
      1266.42  5.06145e-09  9.25342e-12
      1266.74  4.55493e-09  8.64506e-12
      1267.06  5.88953e-09  9.17450e-12
      1267.38  1.11891e-08  1.17236e-11
      1267.70  1.90633e-08  1.44066e-11
      1268.02  2.21862e-08  1.63242e-11
      1268.34  2.14290e-08  1.70529e-11
      1268.67  2.00255e-08  1.77793e-11
      1268.99  2.09684e-08  1.66026e-11
      1269.31  1.66563e-08  1.50596e-11
      1269.63  1.09873e-08  1.25815e-11
      1269.95  9.06009e-09  1.17409e-11
      1270.28  1.04836e-08  1.20025e-11
      1270.60  1.74850e-08  1.55189e-11
      1270.92  2.09929e-08  1.63317e-11
      1271.25  2.27695e-08  1.70737e-11
      1271.57  2.29283e-08  1.79794e-11
      1271.89  1.41270e-08  1.42978e-11
      1272.22  6.49535e-09  1.03935e-11
      1272.54  4.14365e-09  9.18364e-12
      1272.86  3.44773e-09  8.58926e-12
      1273.19  3.24327e-09  8.17086e-12
      1273.51  3.79936e-09  8.11508e-12
      1273.84  5.77832e-09  9.63219e-12
      1274.16  7.65863e-09  1.07339e-11
      1274.49  9.69307e-09  1.15837e-11
      1274.81  1.68406e-08  1.57282e-11
      1275.14  2.33442e-08  1.90060e-11
      1275.46  2.13314e-08  1.81158e-11
      1275.79  1.43454e-08  1.45727e-11
      1276.11  9.47260e-09  1.13670e-11
      1276.44  1.17667e-08  1.15058e-11
      1276.76  1.95904e-08  1.45606e-11
      1277.09  2.02761e-08  1.41008e-11
      1277.42  2.10086e-08  1.58210e-11
      1277.74  1.51868e-08  1.38853e-11
      1278.07  7.49235e-09  1.00803e-11
      1278.40  4.55151e-09  8.52162e-12
      1278.72  3.53739e-09  7.72245e-12
      1279.05  3.43153e-09  7.45497e-12
      1279.38  4.40286e-09  7.93813e-12
      1279.71  6.23417e-09  9.24991e-12
      1280.03  8.02527e-09  9.74398e-12
      1280.36  7.54557e-09  1.06852e-11
      1280.69  8.01957e-09  1.08995e-11
      1281.02  1.03436e-08  1.28424e-11
      1281.34  1.48821e-08  1.59810e-11
      1281.67  1.81409e-08  1.96729e-11
      1282.00  1.36106e-08  1.53880e-11
      1282.33  1.47400e-08  1.47663e-11
      1282.66  2.20971e-08  1.75250e-11
      1282.99  2.80303e-08  1.95374e-11
      1283.32  2.81082e-08  1.98618e-11
      1283.65  2.05210e-08  1.73322e-11
      1283.98  1.14045e-08  1.31289e-11
      1284.31  6.72774e-09  1.04111e-11
      1284.64  5.04611e-09  9.00554e-12
      1284.97  4.85670e-09  8.41194e-12
      1285.30  5.20235e-09  8.49005e-12
      1285.63  4.65562e-09  7.98724e-12
      1285.96  4.68386e-09  7.72610e-12
      1286.29  6.74641e-09  9.40116e-12
      1286.62  9.28767e-09  1.13088e-11
      1286.95  8.92164e-09  1.11335e-11
      1287.28  1.07052e-08  1.21682e-11
      1287.61  1.78686e-08  1.68131e-11
      1287.95  2.19996e-08  1.67636e-11
      1288.28  2.17147e-08  1.71966e-11
      1288.61  2.15843e-08  1.63208e-11
      1288.94  2.13496e-08  1.67354e-11
      1289.27  1.58171e-08  1.47139e-11
      1289.61  1.16258e-08  1.33265e-11
      1289.94  9.57387e-09  1.29601e-11
      1290.27  6.66764e-09  1.11700e-11
      1290.61  5.64806e-09  1.04731e-11
      1290.94  4.45613e-09  9.07919e-12
      1291.27  3.33914e-09  7.53120e-12
      1291.61  3.76673e-09  7.48247e-12
      1291.94  5.95814e-09  8.96889e-12
      1292.27  9.85935e-09  1.12476e-11
      1292.61  1.41956e-08  1.39526e-11
      1292.94  1.07108e-08  1.18659e-11
      1293.28  8.20897e-09  1.09257e-11
      1293.61  1.09935e-08  1.31024e-11
      1293.95  1.34967e-08  1.31117e-11
      1294.28  1.98615e-08  1.55182e-11
      1294.62  2.21761e-08  1.72595e-11
      1294.95  1.79114e-08  1.51201e-11
      1295.29  1.82157e-08  1.50503e-11
      1295.62  1.58330e-08  1.45253e-11
      1295.96  1.16119e-08  1.28819e-11
      1296.29  1.00705e-08  1.22925e-11
      1296.63  1.04290e-08  1.25881e-11
      1296.97  1.26162e-08  1.31400e-11
      1297.30  1.90210e-08  1.58208e-11
      1297.64  2.55808e-08  1.87132e-11
      1297.98  2.21982e-08  1.74844e-11
      1298.31  1.45097e-08  1.45789e-11
      1298.65  8.46151e-09  1.14353e-11
      1298.99  6.49045e-09  1.00005e-11
      1299.33  1.05657e-08  1.21511e-11
      1299.66  1.84887e-08  1.56395e-11
      1300.00  2.11507e-08  1.62179e-11
      1300.34  1.89930e-08  1.57288e-11
      1300.68  1.34621e-08  1.28691e-11
      1301.02  1.34053e-08  1.25302e-11
      1301.35  2.21529e-08  1.68131e-11
      1301.69  2.65626e-08  1.84669e-11
      1302.03  2.56001e-08  1.83016e-11
      1302.37  2.27888e-08  1.67166e-11
      1302.71  2.55649e-08  1.76198e-11
      1303.05  2.81241e-08  1.79410e-11
      1303.39  3.15557e-08  1.94199e-11
      1303.73  3.41231e-08  2.19186e-11
      1304.07  3.14319e-08  2.19428e-11
      1304.41  3.22159e-08  2.16408e-11
      1304.75  3.41955e-08  2.26760e-11
      1305.09  3.56909e-08  2.28588e-11
      1305.43  4.13345e-08  2.36518e-11
      1305.77  4.84793e-08  2.45287e-11
      1306.11  4.85492e-08  2.36950e-11
      1306.46  3.40385e-08  1.92611e-11
      1306.80  1.80073e-08  1.46628e-11
      1307.14  9.79253e-09  1.19410e-11
      1307.48  6.79693e-09  1.04327e-11
      1307.82  5.43010e-09  9.36172e-12
      1308.16  5.30842e-09  8.91194e-12
      1308.51  6.25293e-09  9.26888e-12
      1308.85  5.16998e-09  8.00700e-12
      1309.19  3.74255e-09  6.85949e-12
      1309.53  3.40627e-09  6.82780e-12
      1309.88  3.32925e-09  7.08463e-12
      1310.22  3.51572e-09  7.62049e-12
      1310.56  4.43995e-09  8.64145e-12
      1310.91  7.73802e-09  1.09005e-11
      1311.25  1.42213e-08  1.47155e-11
      1311.60  1.44730e-08  1.42076e-11
      1311.94  8.78712e-09  1.06304e-11
      1312.28  4.78732e-09  7.95453e-12
      1312.63  3.32209e-09  7.02594e-12
      1312.97  2.96391e-09  7.30112e-12
      1313.32  3.94069e-09  8.48709e-12
      1313.66  6.20622e-09  1.07390e-11
      1314.01  5.37548e-09  9.63345e-12
      1314.35  3.24088e-09  7.27687e-12
      1314.70  2.46857e-09  6.23221e-12
      1315.05  2.41387e-09  5.89482e-12
      1315.39  2.68965e-09  6.20815e-12
      1315.74  3.34688e-09  7.02213e-12
      1316.08  4.93136e-09  8.53844e-12
      1316.43  9.48293e-09  1.17287e-11
      1316.78  1.55857e-08  1.56127e-11
      1317.12  1.29677e-08  1.39694e-11
      1317.47  6.44259e-09  9.40930e-12
      1317.82  3.85112e-09  7.49736e-12
      1318.17  3.87723e-09  7.28172e-12
      1318.51  6.27105e-09  9.48138e-12
      1318.86  8.07187e-09  1.16758e-11
      1319.21  5.75163e-09  1.04308e-11
      1319.56  3.37071e-09  8.25494e-12
      1319.91  3.42496e-09  8.33515e-12
      1320.25  3.47384e-09  7.73174e-12
      1320.60  3.42380e-09  7.07028e-12
      1320.95  4.10599e-09  7.37187e-12
      1321.30  5.58505e-09  8.28086e-12
      1321.65  1.05570e-08  1.10479e-11
      1322.00  1.96654e-08  1.65192e-11
      1322.35  1.70622e-08  1.54878e-11
      1322.70  8.88697e-09  1.13540e-11
      1323.05  5.69606e-09  9.14137e-12
      1323.40  6.19927e-09  9.35074e-12
      1323.75  7.33405e-09  9.86327e-12
      1324.10  7.64380e-09  1.01751e-11
      1324.45  5.84519e-09  9.22182e-12
      1324.80  4.33462e-09  8.96717e-12
      