227
      1249.95  1.15505e-08  1.76604e-11
      1250.27  5.92665e-09  1.21862e-11
      1250.58  2.14268e-09  7.96652e-12
      1250.89  1.50396e-09  7.22861e-12
      1251.20  1.88725e-09  8.00207e-12
      1251.52  2.79557e-09  9.19152e-12
      1251.83  4.75557e-09  1.16338e-11
      1252.14  6.24334e-09  1.33752e-11
      1252.46  6.04499e-09  1.32835e-11
      1252.77  5.48440e-09  1.22197e-11
      1253.09  8.67376e-09  1.39551e-11
      1253.40  1.65295e-08  1.83473e-11
      1253.71  2.11044e-08  2.08649e-11
      1254.03  1.35218e-08  1.63652e-11
      1254.34  6.62088e-09  1.20235e-11
      1254.66  7.66617e-09  1.35292e-11
      1254.97  1.21497e-08  1.83875e-11
      1255.29  8.63787e-09  1.53340e-11
      1255.60  4.06297e-09  1.09761e-11
      1255.92  4.22880e-09  1.11113e-11
      1256.23  7.01999e-09  1.28809e-11
      1256.55  1.14426e-08  1.65765e-11
      1256.87  8.57005e-09  1.41756e-11
      1257.18  4.07888e-09  1.03562e-11
      1257.50  2.91418e-09  9.79278e-12
      1257.81  3.23124e-09  1.05060e-11
      1258.13  4.00924e-09  1.16456e-11
      1258.45  4.05007e-09  1.14907e-11
      1258.76  4.19049e-09  1.09390e-11
      1259.08  7.12834e-09  1.26595e-11
      1259.40  1.45194e-08  1.74352e-11
      1259.72  2.01070e-08  2.06788e-11
      1260.03  1.56195e-08  1.80554e-11
      1260.35  1.12887e-08  1.54403e-11
      1260.67  1.41280e-08  1.83283e-11
      1260.99  1.33972e-08  1.76660e-11
      1261.30  1.07232e-08  1.51703e-11
      1261.62  1.30370e-08  1.66605e-11
      1261.94  1.39003e-08  1.60008e-11
      1262.26  1.41943e-08  1.59143e-11
      1262.58  1.07797e-08  1.33632e-11
      1262.90  1.08463e-08  1.32918e-11
      1263.22  1.64847e-08  1.72687e-11
      1263.54  1.42845e-08  1.61017e-11
      1263.86  9.14551e-09  1.30877e-11
      1264.17  7.11435e-09  1.18525e-11
      1264.49  5.26886e-09  9.75180e-12
      1264.81  5.47517e-09  9.28165e-12
      1265.13  1.05564e-08  1.23922e-11
      1265.45  1.66047e-08  1.57599e-11
      1265.77  1.53138e-08  1.54630e-11
      1266.10  8.63906e-09  1.19475e-11
      1266.42  4.47509e-09  9.34345e-12
      1266.74  3.70459e-09  9.18865e-12
      1267.06  4.84624e-09  1.01532e-11
      1267.38  9.87367e-09  1.33122e-11
      1267.70  1.81937e-08  1.80235e-11
      1268.02  2.00125e-08  1.80922e-11
      1268.34  1.96124e-08  1.81434e-11
      1268.67  1.80011e-08  1.75090e-11
      1268.99  1.75577e-08  1.83560e-11
      1269.31  1.40834e-08  1.69453e-11
      1269.63  9.28675e-09  1.41119e-11
      1269.95  7.61072e-09  1.29998e-11
      1270.28  9.07320e-09  1.33720e-11
      1270.60  1.47489e-08  1.64894e-11
      1270.92  1.80677e-08  1.74657e-11
      1271.25  1.95947e-08  1.79053e-11
      1271.57  1.94225e-08  1.83912e-11
      1271.89  1.22789e-08  1.47700e-11
      1272.22  5.59226e-09  1.05078e-11
      1272.54  3.41695e-09  8.92089e-12
      1272.86  2.80370e-09  8.08177e-12
      1273.19  2.63993e-09  7.63322e-12
      1273.51  3.10744e-09  7.41699e-12
      1273.84  4.68352e-09  8.52261e-12
      1274.16  6.25250e-09  9.51371e-12
      1274.49  8.10853e-09  1.04674e-11
      1274.81  1.38846e-08  1.42121e-11
      1275.14  1.93995e-08  1.74475e-11
      1275.46  1.79433e-08  1.71394e-11
      1275.79  1.20677e-08  1.40559e-11
      1276.11  7.91585e-09  1.12576e-11
      1276.44  9.48259e-09  1.27855e-11
      1276.76  1.68839e-08  1.70762e-11
      1277.09  1.75930e-08  1.59476e-11
      1277.42  1.77513e-08  1.68242e-11
      1277.74  1.28999e-08  1.49455e-11
      1278.07  6.10984e-09  1.08343e-11
      1278.40  3.65146e-09  9.28314e-12
      1278.72  2.85040e-09  8.58132e-12
      1279.05  2.75934e-09  8.28786e-12
      1279.38  3.56577e-09  8.54989e-12
      1279.71  5.22500e-09  9.77749e-12
      1280.03  7.06011e-09  1.13431e-11
      1280.36  6.47049e-09  1.07609e-11
      1280.69  6.66897e-09  1.13295e-11
      1281.02  8.64828e-09  1.29818e-11
      1281.34  1.26001e-08  1.56797e-11
      1281.67  1.58530e-08  1.76875e-11
      1282.00  1.24418e-08  1.44584e-11
      1282.33  1.21178e-08  1.31853e-11
      1282.66  1.88238e-08  1.60531e-11
      1282.99  2.41612e-08  1.78417e-11
      1283.32  2.44870e-08  1.83980e-11
      1283.65  1.75631e-08  1.59437e-11
      1283.98  9.33803e-09  1.21572e-11
      1284.31  5.40767e-09  9.93245e-12
      1284.64  4.06227e-09  9.00499e-12
      1284.97  3.95839e-09  8.62227e-12
      1285.30  4.73360e-09  9.28925e-12
      1285.63  4.08740e-09  8.30529e-12
      1285.96  3.64824e-09  7.93690e-12
      1286.29  5.45573e-09  9.97253e-12
      1286.62  7.83063e-09  1.25824e-11
      1286.95  7.29135e-09  1.22785e-11
      1287.28  8.79603e-09  1.33483e-11
      1287.61  1.55561e-08  1.81611e-11
      1287.95  1.87447e-08  1.89701e-11
      1288.28  1.87113e-08  1.82379e-11
      1288.61  1.85865e-08  1.74351e-11
      1288.94  1.86025e-08  1.78875e-11
      1289.27  1.34556e-08  1.49824e-11
      1289.61  9.93301e-09  1.35624e-11
      1289.94  7.97704e-09  1.26328e-11
      1290.27  5.53323e-09  1.05079e-11
      1290.61  4.67764e-09  9.68738e-12
      1290.94  3.64710e-09  8.21664e-12
      1291.27  2.74961e-09  6.86808e-12
      1291.61  3.09720e-09  6.94537e-12
      1291.94  4.88617e-09  8.52814e-12
      1292.27  8.22441e-09  1.10761e-11
      1292.61  1.17196e-08  1.41255e-11
      1292.94  9.06132e-09  1.25124e-11
      1293.28  6.87289e-09  1.10691e-11
      1293.61  8.81771e-09  1.27375e-11
      1293.95  1.13134e-08  1.36635e-11
      1294.28  1.65189e-08  1.62842e-11
      1294.62  1.88777e-08  1.75450e-11
      1294.95  1.61701e-08  1.63029e-11
      1295.29  1.52714e-08  1.67026e-11
      1295.62  1.33903e-08  1.62604e-11
      1295.96  9.87766e-09  1.42414e-11
      1296.29  8.49729e-09  1.33717e-11
      1296.63  8.79775e-09  1.30700e-11
      1296.97  1.07370e-08  1.33631e-11
      1297.30  1.62211e-08  1.56761e-11
      1297.64  2.19665e-08  1.82021e-11
      1297.98  1.92745e-08  1.68272e-11
      1298.31  1.23884e-08  1.36978e-11
      1298.65  7.12495e-09  1.07576e-11
      1298.99  5.25814e-09  9.40968e-12
      1299.33  8.61983e-09  1.15587e-11
      1299.66  1.56906e-08  1.52856e-11
      1300.00  1.80003e-08  1.57886e-11
      1300.34  1.58226e-08  1.47205e-11
      1300.68  1.09326e-08  1.23013e-11
      1301.02  1.05709e-08  1.24377e-11
      1301.35  1.88380e-08  1.82771e-11
      1301.69  2.27640e-08  2.03947e-11
      1302.03  2.21629e-08  2.06237e-11
      1302.37  1.91630e-08  1.84263e-11
      1302.71  2.22848e-08  1.99025e-11
      1303.05  2.43243e-08  1.97467e-11
      1303.39  2.77787e-08  2.09271e-11
      1303.73  3.02070e-08  2.20748e-11
      1304.07  2.79384e-08  2.11806e-11
      1304.41  2.83713e-08  2.16984e-11
      1304.75  3.01426e-08  2.25346e-11
      1305.09  3.13413e-08  2.21601e-11
      1305.43  3.66755e-08  2.29703e-11
      1305.77  4.32220e-08  2.37359e-11
      1306.11  4.33604e-08  2.35497e-11
      1306.46  2.99088e-08  1.92845e-11
      1306.80  1.50050e-08  1.38421e-11
      1307.14  7.97466e-09  1.09058e-11
      1307.48  5.42614e-09  9.93013e-12
      1307.82  4.32475e-09  9.40433e-12
      1308.16  4.28322e-09  9.20277e-12
      1308.51  4.98169e-09  9.94061e-12
      1308.85  4.21815e-09  8.79116e-12
      1309.19  3.08146e-09  7.77343e-12
      1309.53  2.79683e-09  7.72125e-12
      1309.88  2.76554e-09  7.97671e-12
      1310.22  2.95652e-09  8.30447e-12
      1310.56  3.77659e-09  9.20994e-12
      1310.91  6.61943e-09  1.12432e-11
      1311.25  1.19671e-08  1.44688e-11
      1311.60  1.25642e-08  1.39970e-11
      1311.94  7.71289e-09  1.04490e-11
      1312.28  4.06512e-09  7.74633e-12
      1312.63  2.76574e-09  6.93670e-12
      1312.97  2.37168e-09  6.76486e-12
      1313.32  3.05044e-09  7.66796e-12
      1313.66  5.02982e-09  9.96638e-12
      1314.01  4.40229e-09  9.32628e-12
      1314.35  2.53650e-09  7.21489e-12
      1314.70  1.94407e-09  6.58291e-12
      1315.05  1.92646e-09  6.51161e-12
      1315.39  2.16445e-09  7.08619e-12
      1315.74  2.70902e-09  8.17088e-12
      1316.08  4.02397e-09  9.66888e-12
      1316.43  8.00109e-09  1.28177e-11
      1316.78  1.39265e-08  1.70759e-11
      1317.12  1.12141e-08  1.44721e-11
      1317.47  5.46755e-09  9.68780e-12
      1317.82  3.24516e-09  7.45823e-12
      1318.17  3.26382e-09  7.27711e-12
      1318.51  5.32780e-09  9.22545e-12
      1318.86  6.61371e-09  1.05789e-11
      1319.21  4.59400e-09  9.13235e-12
      1319.56  2.72521e-09  7.56792e-12
      1319.91  2.68251e-09  7.77610e-12
      1320.25  2.73810e-09  7.39313e-12
      1320.60  2.74081e-09  7.33270e-12
      1320.95  3.28895e-09  7.84347e-12
      1321.30  4.66811e-09  9.20912e-12
      1321.65  9.12780e-09  1.29576e-11
      1322.00  1.65179e-08  1.86196e-11
      1322.35  1.50203e-08  1.79748e-11
      1322.70  7.86659e-09  1.25876e-11
      1323.05  4.86748e-09  9.77697e-12
      1323.40  5.22132e-09  9.58223e-12
      1323.75  6.23955e-09  9.90297e-12
      1324.10  6.57941e-09  1.01411e-11
      1324.45  4.93429e-09  8.89025e-12
      1324.80  3.44947e-09  7.96171e-12
      