227
      1249.95  1.10059e-08  1.48662e-11
      1250.27  5.39587e-09  1.02482e-11
      1250.58  1.63311e-09  6.74479e-12
      1250.89  1.00974e-09  6.03255e-12
      1251.20  1.40373e-09  6.57963e-12
      1251.52  2.34673e-09  7.57218e-12
      1251.83  4.30385e-09  9.47310e-12
      1252.14  5.74653e-09  1.08506e-11
      1252.46  5.54835e-09  1.05989e-11
      1252.77  5.03882e-09  9.75666e-12
      1253.09  8.31425e-09  1.11278e-11
      1253.40  1.61887e-08  1.43768e-11
      1253.71  2.05792e-08  1.59445e-11
      1254.03  1.28872e-08  1.23319e-11
      1254.34  6.09775e-09  8.83235e-12
      1254.66  7.26645e-09  9.95832e-12
      1254.97  1.16780e-08  1.30930e-11
      1255.29  8.03347e-09  1.08422e-11
      1255.60  3.52573e-09  7.68223e-12
      1255.92  3.75722e-09  7.78372e-12
      1256.23  6.58975e-09  9.04414e-12
      1256.55  1.09730e-08  1.16296e-11
      1256.87  7.95015e-09  9.66810e-12
      1257.18  3.51754e-09  7.09664e-12
      1257.50  2.39615e-09  6.72815e-12
      1257.81  2.72819e-09  7.31421e-12
      1258.13  3.51757e-09  8.17138e-12
      1258.45  3.55024e-09  8.08839e-12
      1258.76  3.71151e-09  7.84429e-12
      1259.08  6.69777e-09  9.25919e-12
      1259.40  1.42432e-08  1.29192e-11
      1259.72  1.97788e-08  1.53460e-11
      1260.03  1.50031e-08  1.34776e-11
      1260.35  1.07555e-08  1.15404e-11
      1260.67  1.38344e-08  1.40953e-11
      1260.99  1.29242e-08  1.37079e-11
      1261.30  1.02350e-08  1.19230e-11
      1261.62  1.27620e-08  1.34457e-11
      1261.94  1.34373e-08  1.29301e-11
      1262.26  1.38618e-08  1.30888e-11
      1262.58  1.01732e-08  1.08205e-11
      1262.90  1.03935e-08  1.08688e-11
      1263.22  1.62861e-08  1.44067e-11
      1263.54  1.37189e-08  1.31033e-11
      1263.86  8.61283e-09  1.06680e-11
      1264.17  6.67304e-09  9.72640e-12
      1264.49  4.76153e-09  8.02656e-12
      1264.81  4.99338e-09  7.60918e-12
      1265.13  1.02557e-08  1.01182e-11
      1265.45  1.63694e-08  1.24706e-11
      1265.77  1.48293e-08  1.18530e-11
      1266.10  8.00521e-09  8.93762e-12
      1266.42  3.93692e-09  6.93054e-12
      1266.74  3.23688e-09  6.62370e-12
      1267.06  4.33205e-09  7.34765e-12
      1267.38  9.08506e-09  9.62015e-12
      1267.70  1.85505e-08  1.36928e-11
      1268.02  1.94081e-08  1.25722e-11
      1268.34  1.91771e-08  1.26487e-11
      1268.67  1.73023e-08  1.19639e-11
      1268.99  1.71986e-08  1.27909e-11
      1269.31  1.34068e-08  1.17022e-11
      1269.63  8.71485e-09  9.93980e-12
      1269.95  7.09436e-09  9.26611e-12
      1270.28  8.55843e-09  9.58915e-12
      1270.60  1.45607e-08  1.24061e-11
      1270.92  1.76412e-08  1.30292e-11
      1271.25  1.92450e-08  1.35064e-11
      1271.57  1.91288e-08  1.40398e-11
      1271.89  1.15644e-08  1.10951e-11
      1272.22  5.02103e-09  7.94227e-12
      1272.54  2.95275e-09  7.02475e-12
      1272.86  2.35736e-09  6.66895e-12
      1273.19  2.19702e-09  6.27933e-12
      1273.51  2.67304e-09  6.19262e-12
      1273.84  4.30733e-09  7.08130e-12
      1274.16  5.86626e-09  7.79945e-12
      1274.49  7.64541e-09  8.46542e-12
      1274.81  1.36437e-08  1.15304e-11
      1275.14  1.91437e-08  1.39811e-11
      1275.46  1.74504e-08  1.34968e-11
      1275.79  1.15054e-08  1.08504e-11
      1276.11  7.39629e-09  8.53340e-12
      1276.44  9.42882e-09  8.88836e-12
      1276.76  1.62493e-08  1.16069e-11
      1277.09  1.69911e-08  1.12201e-11
      1277.42  1.74463e-08  1.19928e-11
      1277.74  1.22119e-08  1.02524e-11
      1278.07  5.58122e-09  7.51264e-12
      1278.40  3.19828e-09  6.56150e-12
      1278.72  2.40061e-09  6.10301e-12
      1279.05  2.32238e-09  5.87899e-12
      1279.38  3.16365e-09  6.37022e-12
      1279.71  4.85373e-09  7.19281e-12
      1280.03  6.62179e-09  8.83949e-12
      1280.36  5.90825e-09  8.41077e-12
      1280.69  6.30693e-09  8.64639e-12
      1281.02  8.32695e-09  1.00945e-11
      1281.34  1.23630e-08  1.24085e-11
      1281.67  1.53906e-08  1.41920e-11
      1282.00  1.19045e-08  1.18974e-11
      1282.33  1.19546e-08  1.10188e-11
      1282.66  1.86097e-08  1.32811e-11
      1282.99  2.37858e-08  1.46718e-11
      1283.32  2.39486e-08  1.48540e-11
      1283.65  1.70071e-08  1.27288e-11
      1283.98  8.91719e-09  9.61438e-12
      1284.31  5.01323e-09  7.75016e-12
      1284.64  3.67268e-09  6.87563e-12
      1284.97  3.58822e-09  6.45957e-12
      1285.30  4.32181e-09  6.77868e-12
      1285.63  3.67454e-09  5.99820e-12
      1285.96  3.30800e-09  5.66931e-12
      1286.29  5.11915e-09  7.01268e-12
      1286.62  7.37940e-09  8.76238e-12
      1286.95  6.84450e-09  8.57047e-12
      1287.28  8.49869e-09  9.51163e-12
      1287.61  1.52111e-08  1.29894e-11
      1287.95  1.82860e-08  1.37251e-11
      1288.28  1.82807e-08  1.33763e-11
      1288.61  1.82289e-08  1.30295e-11
      1288.94  1.81459e-08  1.34123e-11
      1289.27  1.30376e-08  1.14411e-11
      1289.61  9.57174e-09  1.04738e-11
      1289.94  7.59027e-09  9.82080e-12
      1290.27  5.15629e-09  8.30380e-12
      1290.61  4.32512e-09  7.85605e-12
      1290.94  3.27132e-09  6.71700e-12
      1291.27  2.37433e-09  5.62842e-12
      1291.61  2.74255e-09  5.62068e-12
      1291.94  4.55846e-09  6.72601e-12
      1292.27  7.92158e-09  8.53219e-12
      1292.61  1.13727e-08  1.06149e-11
      1292.94  8.59803e-09  9.13437e-12
      1293.28  6.51931e-09  8.13401e-12
      1293.61  8.45986e-09  9.19741e-12
      1293.95  1.09837e-08  9.82674e-12
      1294.28  1.62219e-08  1.16525e-11
      1294.62  1.83915e-08  1.23644e-11
      1294.95  1.56983e-08  1.14481e-11
      1295.29  1.48742e-08  1.18385e-11
      1295.62  1.28771e-08  1.16219e-11
      1295.96  9.46750e-09  1.04081e-11
      1296.29  8.14727e-09  1.00082e-11
      1296.63  8.49305e-09  1.00168e-11
      1296.97  1.05066e-08  1.05063e-11
      1297.30  1.60610e-08  1.24385e-11
      1297.64  2.15647e-08  1.43980e-11
      1297.98  1.87927e-08  1.34449e-11
      1298.31  1.19843e-08  1.09391e-11
      1298.65  6.75027e-09  8.65292e-12
      1298.99  4.99384e-09  7.61164e-12
      1299.33  8.47359e-09  9.29997e-12
      1299.66  1.53838e-08  1.19158e-11
      1300.00  1.76239e-08  1.21262e-11
      1300.34  1.55526e-08  1.16862e-11
      1300.68  1.02946e-08  9.31200e-12
      1301.02  1.05080e-08  9.13013e-12
      1301.35  1.84304e-08  1.27987e-11
      1301.69  2.23194e-08  1.44355e-11
      1302.03  2.15769e-08  1.45701e-11
      1302.37  1.89699e-08  1.34645e-11
      1302.71  2.18010e-08  1.44732e-11
      1303.05  2.40835e-08  1.47813e-11
      1303.39  2.74034e-08  1.57248e-11
      1303.73  2.97720e-08  1.67283e-11
      1304.07  2.76436e-08  1.63547e-11
      1304.41  2.79943e-08  1.68846e-11
      1304.75  2.98195e-08  1.78581e-11
      1305.09  3.10539e-08  1.78974e-11
      1305.43  3.62808e-08  1.86736e-11
      1305.77  4.27866e-08  1.93336e-11
      1306.11  4.29412e-08  1.88082e-11
      1306.46  2.94175e-08  1.51428e-11
      1306.80  1.43667e-08  1.04750e-11
      1307.14  7.47685e-09  8.12942e-12
      1307.48  5.04371e-09  7.16804e-12
      1307.82  3.96049e-09  6.70488e-12
      1308.16  3.90732e-09  6.71906e-12
      1308.51  4.70476e-09  7.26521e-12
      1308.85  3.83830e-09  6.41728e-12
      1309.19  2.67302e-09  5.54942e-12
      1309.53  2.43417e-09  5.61722e-12
      1309.88  2.39736e-09  5.94751e-12
      1310.22  2.60739e-09  6.37019e-12
      1310.56  3.43788e-09  7.03202e-12
      1310.91  6.34873e-09  8.81435e-12
      1311.25  1.19711e-08  1.18682e-11
      1311.60  1.22317e-08  1.13067e-11
      1311.94  7.23710e-09  8.37304e-12
      1312.28  3.68868e-09  6.25984e-12
      1312.63  2.42332e-09  5.47734e-12
      1312.97  2.02897e-09  5.30375e-12
      1313.32  2.77294e-09  5.90841e-12
      1313.66  4.74283e-09  7.58085e-12
      1314.01  3.98611e-09  6.84122e-12
      1314.35  2.19189e-09  5.34177e-12
      1314.70  1.60486e-09  4.80547e-12
      1315.05  1.58932e-09  4.73828e-12
      1315.39  1.82720e-09  4.99430e-12
      1315.74  2.39220e-09  5.70789e-12
      1316.08  3.78912e-09  7.06416e-12
      1316.43  7.89476e-09  9.74789e-12
      1316.78  1.34137e-08  1.29436e-11
      1317.12  1.08305e-08  1.13974e-11
      1317.47  5.20385e-09  7.63808e-12
      1317.82  2.96190e-09  5.95605e-12
      1318.17  3.00963e-09  5.84561e-12
      1318.51  5.03400e-09  7.37541e-12
      1318.86  6.27290e-09  8.30872e-12
      1319.21  4.37742e-09  7.33950e-12
      1319.56  2.49466e-09  5.95179e-12
      1319.91  2.39365e-09  5.98754e-12
      1320.25  2.43194e-09  5.63389e-12
      1320.60  2.41314e-09  5.35493e-12
      1320.95  2.97502e-09  5.66093e-12
      1321.30  4.37163e-09  6.62870e-12
      1321.65  8.82330e-09  9.27826e-12
      1322.00  1.64362e-08  1.37006e-11
      1322.35  1.46621e-08  1.32284e-11
      1322.70  7.36223e-09  9.48754e-12
      1323.05  4.49029e-09  7.58469e-12
      1323.40  4.96415e-09  7.68959e-12
      1323.75  5.97731e-09  7.94945e-12
      1324.10  6.34953e-09  8.11717e-12
      1324.45  4.74264e-09  7.08986e-12
      1324.80  3.33395e-09  6.40362e-12
      