227
      1249.95  1.07068e-08  1.63004e-11
      1250.27  5.18253e-09  1.15506e-11
      1250.58  1.50546e-09  7.63169e-12
      1250.89  9.42555e-10  7.08762e-12
      1251.20  1.30199e-09  7.89685e-12
      1251.52  2.17542e-09  9.17856e-12
      1251.83  4.11376e-09  1.18809e-11
      1252.14  5.55373e-09  1.37278e-11
      1252.46  5.35911e-09  1.34385e-11
      1252.77  4.78485e-09  1.22749e-11
      1253.09  7.81917e-09  1.40552e-11
      1253.40  1.54424e-08  1.87264e-11
      1253.71  2.01317e-08  2.15648e-11
      1254.03  1.25481e-08  1.68727e-11
      1254.34  5.70965e-09  1.23286e-11
      1254.66  6.76221e-09  1.39061e-11
      1254.97  1.14525e-08  1.89632e-11
      1255.29  7.86572e-09  1.57229e-11
      1255.60  3.23435e-09  1.07940e-11
      1255.92  3.54637e-09  1.13040e-11
      1256.23  6.16588e-09  1.26461e-11
      1256.55  1.07789e-08  1.66193e-11
      1256.87  7.80082e-09  1.39073e-11
      1257.18  3.29983e-09  1.02485e-11
      1257.50  2.28096e-09  9.81893e-12
      1257.81  2.60627e-09  1.04915e-11
      1258.13  3.39615e-09  1.16013e-11
      1258.45  3.38409e-09  1.01643e-11
      1258.76  3.49794e-09  8.83239e-12
      1259.08  6.28516e-09  1.02166e-11
      1259.40  1.36457e-08  1.40879e-11
      1259.72  1.93778e-08  1.68211e-11
      1260.03  1.45801e-08  1.45563e-11
      1260.35  1.01338e-08  1.23597e-11
      1260.67  1.34386e-08  1.52767e-11
      1260.99  1.25859e-08  1.47355e-11
      1261.30  1.00532e-08  1.21091e-11
      1261.62  1.25988e-08  1.43402e-11
      1261.94  1.28945e-08  1.31149e-11
      1262.26  1.35168e-08  1.37283e-11
      1262.58  9.73922e-09  1.14878e-11
      1262.90  9.75275e-09  1.17362e-11
      1263.22  1.59816e-08  1.64743e-11
      1263.54  1.33589e-08  1.52077e-11
      1263.86  8.18530e-09  1.24365e-11
      1264.17  6.42177e-09  1.16214e-11
      1264.49  4.54537e-09  9.74601e-12
      1264.81  4.65946e-09  9.32700e-12
      1265.13  9.72376e-09  1.26913e-11
      1265.45  1.58322e-08  1.62303e-11
      1265.77  1.44154e-08  1.58887e-11
      1266.10  7.70563e-09  1.21851e-11
      1266.42  3.75568e-09  9.62821e-12
      1266.74  3.08614e-09  9.40746e-12
      1267.06  4.14390e-09  1.03696e-11
      1267.38  8.91829e-09  1.33222e-11
      1267.70  1.73869e-08  1.84033e-11
      1268.02  1.86454e-08  1.79226e-11
      1268.34  1.84865e-08  1.81950e-11
      1268.67  1.66748e-08  1.73110e-11
      1268.99  1.66222e-08  1.84967e-11
      1269.31  1.30281e-08  1.69451e-11
      1269.63  8.38418e-09  1.37899e-11
      1269.95  6.79460e-09  1.11684e-11
      1270.28  8.16787e-09  1.07724e-11
      1270.60  1.40164e-08  1.35611e-11
      1270.92  1.70299e-08  1.41801e-11
      1271.25  1.85314e-08  1.45742e-11
      1271.57  1.85707e-08  1.51087e-11
      1271.89  1.12622e-08  1.20121e-11
      1272.22  4.80144e-09  8.54546e-12
      1272.54  2.68077e-09  7.21772e-12
      1272.86  2.22433e-09  7.10272e-12
      1273.19  2.09345e-09  6.64576e-12
      1273.51  2.55857e-09  6.73923e-12
      1273.84  4.12068e-09  7.94571e-12
      1274.16  5.60348e-09  9.05556e-12
      1274.49  7.33622e-09  1.01209e-11
      1274.81  1.30578e-08  1.41549e-11
      1275.14  1.83309e-08  1.76117e-11
      1275.46  1.67849e-08  1.73734e-11
      1275.79  1.11535e-08  1.44442e-11
      1276.11  7.18933e-09  1.15514e-11
      1276.44  9.05645e-09  1.22804e-11
      1276.76  1.54395e-08  1.59865e-11
      1277.09  1.64388e-08  1.60754e-11
      1277.42  1.66868e-08  1.69380e-11
      1277.74  1.19483e-08  1.49985e-11
      1278.07  5.51873e-09  1.11250e-11
      1278.40  3.11842e-09  9.55713e-12
      1278.72  2.35422e-09  8.81363e-12
      1279.05  2.28624e-09  7.94270e-12
      1279.38  3.05744e-09  7.32710e-12
      1279.71  4.66842e-09  8.07364e-12
      1280.03  6.43985e-09  9.30175e-12
      1280.36  5.84384e-09  8.80700e-12
      1280.69  6.05288e-09  9.26697e-12
      1281.02  7.95910e-09  1.08714e-11
      1281.34  1.18108e-08  1.32638e-11
      1281.67  1.44265e-08  1.40955e-11
      1282.00  1.09009e-08  1.29817e-11
      1282.33  1.14776e-08  1.20012e-11
      1282.66  1.77967e-08  1.47824e-11
      1282.99  2.28526e-08  1.68118e-11
      1283.32  2.30392e-08  1.77064e-11
      1283.65  1.65108e-08  1.58601e-11
      1283.98  8.66349e-09  1.22944e-11
      1284.31  4.83257e-09  1.02710e-11
      1284.64  3.52660e-09  9.50985e-12
      1284.97  3.41644e-09  9.07040e-12
      1285.30  4.13027e-09  9.64290e-12
      1285.63  3.55998e-09  8.77313e-12
      1285.96  3.12444e-09  8.30874e-12
      1286.29  4.83086e-09  1.00723e-11
      1286.62  7.12283e-09  1.27313e-11
      1286.95  6.63226e-09  1.25508e-11
      1287.28  8.15015e-09  1.30684e-11
      1287.61  1.49996e-08  1.60275e-11
      1287.95  1.77782e-08  1.58758e-11
      1288.28  1.77001e-08  1.50003e-11
      1288.61  1.75829e-08  1.44136e-11
      1288.94  1.77262e-08  1.47842e-11
      1289.27  1.25821e-08  1.25258e-11
      1289.61  9.18959e-09  1.14935e-11
      1289.94  7.21263e-09  1.05370e-11
      1290.27  4.52037e-09  9.27398e-12
      1290.61  4.13627e-09  8.78838e-12
      1290.94  3.12997e-09  7.64525e-12
      1291.27  2.24455e-09  6.75564e-12
      1291.61  2.58550e-09  6.91546e-12
      1291.94  4.32413e-09  8.48877e-12
      1292.27  7.53577e-09  1.11527e-11
      1292.61  1.10953e-08  1.46188e-11
      1292.94  8.25835e-09  1.27185e-11
      1293.28  6.19531e-09  1.14107e-11
      1293.61  8.11614e-09  1.32796e-11
      1293.95  1.04619e-08  1.40622e-11
      1294.28  1.55567e-08  1.67998e-11
      1294.62  1.77724e-08  1.78323e-11
      1294.95  1.51620e-08  1.65950e-11
      1295.29  1.44200e-08  1.69571e-11
      1295.62  1.25491e-08  1.65294e-11
      1295.96  9.03589e-09  1.31598e-11
      1296.29  7.84412e-09  1.11415e-11
      1296.63  8.15931e-09  1.09522e-11
      1296.97  1.00529e-08  1.14607e-11
      1297.30  1.53852e-08  1.35417e-11
      1297.64  2.04150e-08  1.46762e-11
      1297.98  1.72799e-08  1.54361e-11
      1298.31  1.15223e-08  1.24177e-11
      1298.65  6.53240e-09  1.01858e-11
      1298.99  4.83188e-09  9.33735e-12
      1299.33  8.13115e-09  1.18874e-11
      1299.66  1.46451e-08  1.56956e-11
      1300.00  1.68832e-08  1.63430e-11
      1300.34  1.47438e-08  1.52390e-11
      1300.68  1.03194e-08  1.28547e-11
      1301.02  1.00394e-08  1.30045e-11
      1301.35  1.74431e-08  1.84411e-11
      1301.69  2.14341e-08  2.08169e-11
      1302.03  2.08711e-08  2.10612e-11
      1302.37  1.83578e-08  1.92106e-11
      1302.71  2.12468e-08  1.89716e-11
      1303.05  2.33222e-08  1.68923e-11
      1303.39  2.63759e-08  1.73180e-11
      1303.73  2.87924e-08  1.83048e-11
      1304.07  2.66862e-08  1.79597e-11
      1304.41  2.69478e-08  1.86856e-11
      1304.75  2.86149e-08  1.88691e-11
      1305.09  2.96718e-08  2.04823e-11
      1305.43  3.49079e-08  2.14365e-11
      1305.77  4.12772e-08  2.31213e-11
      1306.11  4.15096e-08  2.35331e-11
      1306.46  2.84370e-08  1.95530e-11
      1306.80  1.39650e-08  1.41603e-11
      1307.14  7.28599e-09  1.14070e-11
      1307.48  4.90444e-09  1.02863e-11
      1307.82  3.82877e-09  9.64205e-12
      1308.16  3.75521e-09  9.61598e-12
      1308.51  4.47507e-09  1.05343e-11
      1308.85  3.72680e-09  9.35405e-12
      1309.19  2.62193e-09  7.97834e-12
      1309.53  2.35453e-09  7.62477e-12
      1309.88  2.31411e-09  6.87723e-12
      1310.22  2.50607e-09  6.96092e-12
      1310.56  3.27478e-09  7.77184e-12
      1310.91  5.98877e-09  9.76042e-12
      1311.25  1.14237e-08  1.25697e-11
      1311.60  1.11975e-08  1.30176e-11
      1311.94  6.95606e-09  9.65884e-12
      1312.28  3.57537e-09  7.45815e-12
      1312.63  2.34414e-09  6.94043e-12
      1312.97  1.95885e-09  6.96583e-12
      1313.32  2.65715e-09  8.09215e-12
      1313.66  4.49209e-09  1.04461e-11
      1314.01  3.89868e-09  9.86898e-12
      1314.35  2.12473e-09  7.94098e-12
      1314.70  1.53765e-09  7.00038e-12
      1315.05  1.51366e-09  6.68845e-12
      1315.39  1.74602e-09  7.19113e-12
      1315.74  2.34980e-09  7.58921e-12
      1316.08  3.59238e-09  7.99612e-12
      1316.43  7.37598e-09  1.06370e-11
      1316.78  1.30852e-08  1.44940e-11
      1317.12  1.06105e-08  1.26567e-11
      1317.47  5.02960e-09  8.69962e-12
      1317.82  2.79470e-09  6.53251e-12
      1318.17  2.87278e-09  7.26646e-12
      1318.51  4.84472e-09  8.78319e-12
      1318.86  6.09289e-09  1.04913e-11
      1319.21  4.10577e-09  9.41046e-12
      1319.56  2.32440e-09  7.89107e-12
      1319.91  2.28673e-09  8.06583e-12
      1320.25  2.33222e-09  7.99185e-12
      1320.60  2.31699e-09  7.78742e-12
      1320.95  2.83367e-09  8.19068e-12
      1321.30  4.14910e-09  9.53011e-12
      1321.65  8.40403e-09  1.32567e-11
      1322.00  1.55809e-08  1.82139e-11
      1322.35  1.39873e-08  1.55578e-11
      1322.70  7.33154e-09  1.07279e-11
      1323.05  4.41509e-09  8.59468e-12
      1323.40  4.74242e-09  8.55362e-12
      1323.75  5.77927e-09  8.47633e-12
      1324.10  5.98036e-09  9.81639e-12
      1324.45  4.56958e-09  8.46394e-12
      1324.80  3.51345e-09  8.35859e-12
      