227
      1249.95  1.08337e-08  1.62321e-11
      1250.27  5.23997e-09  1.13131e-11
      1250.58  1.58777e-09  7.58681e-12
      1250.89  9.94219e-10  6.79969e-12
      1251.20  1.36602e-09  7.33899e-12
      1251.52  2.26379e-09  8.34460e-12
      1251.83  4.21633e-09  1.08495e-11
      1252.14  5.63193e-09  1.21281e-11
      1252.46  5.41468e-09  1.22099e-11
      1252.77  4.82785e-09  1.12018e-11
      1253.09  8.04594e-09  1.27678e-11
      1253.40  1.58918e-08  1.66123e-11
      1253.71  2.04980e-08  1.86521e-11
      1254.03  1.25794e-08  1.41318e-11
      1254.34  5.78578e-09  1.01734e-11
      1254.66  6.97186e-09  1.12086e-11
      1254.97  1.17889e-08  1.52390e-11
      1255.29  7.90725e-09  1.24632e-11
      1255.60  3.28380e-09  8.75508e-12
      1255.92  3.64830e-09  8.93094e-12
      1256.23  6.37694e-09  1.00850e-11
      1256.55  1.11477e-08  1.30801e-11
      1256.87  7.90970e-09  1.06279e-11
      1257.18  3.28451e-09  7.05212e-12
      1257.50  2.43875e-09  6.17635e-12
      1257.81  2.81597e-09  6.88384e-12
      1258.13  3.65133e-09  7.84516e-12
      1258.45  3.62138e-09  7.53680e-12
      1258.76  3.73925e-09  7.34588e-12
      1259.08  6.66960e-09  8.84500e-12
      1259.40  1.41994e-08  1.23846e-11
      1259.72  1.99275e-08  1.48413e-11
      1260.03  1.49352e-08  1.29046e-11
      1260.35  1.04137e-08  1.12513e-11
      1260.67  1.38255e-08  1.42422e-11
      1260.99  1.29422e-08  1.39615e-11
      1261.30  9.88689e-09  1.20871e-11
      1261.62  1.24522e-08  1.46637e-11
      1261.94  1.30838e-08  1.45225e-11
      1262.26  1.31062e-08  1.62155e-11
      1262.58  8.26815e-09  1.28033e-11
      1262.90  9.92930e-09  1.17419e-11
      1263.22  1.61089e-08  1.59716e-11
      1263.54  1.35704e-08  1.45774e-11
      1263.86  8.29084e-09  1.17491e-11
      1264.17  6.47166e-09  1.09767e-11
      1264.49  4.65343e-09  9.36493e-12
      1264.81  4.80075e-09  8.66654e-12
      1265.13  9.92925e-09  1.15442e-11
      1265.45  1.60708e-08  1.45025e-11
      1265.77  1.46690e-08  1.38113e-11
      1266.10  7.79892e-09  1.02632e-11
      1266.42  3.76707e-09  7.75166e-12
      1266.74  3.13645e-09  7.55721e-12
      1267.06  4.27593e-09  8.31036e-12
      1267.38  9.13545e-09  1.07000e-11
      1267.70  1.76522e-08  1.52987e-11
      1268.02  1.91519e-08  1.40966e-11
      1268.34  1.91134e-08  1.27741e-11
      1268.67  1.73329e-08  1.18468e-11
      1268.99  1.71321e-08  1.21500e-11
      1269.31  1.35013e-08  1.12191e-11
      1269.63  8.67992e-09  9.46427e-12
      1269.95  7.08577e-09  8.99280e-12
      1270.28  8.50715e-09  9.56604e-12
      1270.60  1.44464e-08  1.25424e-11
      1270.92  1.75182e-08  1.33632e-11
      1271.25  1.90070e-08  1.39459e-11
      1271.57  1.89556e-08  1.47202e-11
      1271.89  1.14278e-08  1.18052e-11
      1272.22  4.86498e-09  8.56599e-12
      1272.54  2.87234e-09  7.78057e-12
      1272.86  2.29135e-09  7.26194e-12
      1273.19  2.12755e-09  6.91009e-12
      1273.51  2.59325e-09  6.89889e-12
      1273.84  4.18988e-09  7.97189e-12
      1274.16  5.70562e-09  8.97085e-12
      1274.49  7.39478e-09  9.75222e-12
      1274.81  1.32573e-08  1.32815e-11
      1275.14  1.87597e-08  1.61981e-11
      1275.46  1.71595e-08  1.57511e-11
      1275.79  1.12819e-08  1.27697e-11
      1276.11  7.18907e-09  9.91828e-12
      1276.44  9.12597e-09  1.03184e-11
      1276.76  1.60302e-08  1.34838e-11
      1277.09  1.67697e-08  1.28260e-11
      1277.42  1.71441e-08  1.26745e-11
      1277.74  1.21096e-08  1.01221e-11
      1278.07  5.57641e-09  7.30785e-12
      1278.40  3.20366e-09  6.37562e-12
      1278.72  2.41055e-09  5.98358e-12
      1279.05  2.33512e-09  5.95875e-12
      1279.38  3.15941e-09  6.44039e-12
      1279.71  4.79263e-09  7.47671e-12
      1280.03  6.40519e-09  8.58058e-12
      1280.36  5.70045e-09  8.90096e-12
      1280.69  6.19916e-09  9.27238e-12
      1281.02  8.15312e-09  1.09686e-11
      1281.34  1.21077e-08  1.34371e-11
      1281.67  1.51735e-08  1.55350e-11
      1282.00  1.17442e-08  1.31230e-11
      1282.33  1.15432e-08  1.23920e-11
      1282.66  1.78995e-08  1.59822e-11
      1282.99  2.33710e-08  1.77697e-11
      1283.32  2.35404e-08  1.72883e-11
      1283.65  1.66771e-08  1.47965e-11
      1283.98  8.62223e-09  1.11655e-11
      1284.31  4.82100e-09  9.01066e-12
      1284.64  3.54406e-09  8.08515e-12
      1284.97  3.46166e-09  7.59074e-12
      1285.30  4.23288e-09  7.86747e-12
      1285.63  3.56802e-09  6.44114e-12
      1285.96  3.24500e-09  5.63930e-12
      1286.29  5.07551e-09  6.96062e-12
      1286.62  7.45813e-09  8.90739e-12
      1286.95  6.84561e-09  8.74804e-12
      1287.28  8.24562e-09  9.69955e-12
      1287.61  1.52168e-08  1.38229e-11
      1287.95  1.82491e-08  1.47465e-11
      1288.28  1.81163e-08  1.44267e-11
      1288.61  1.79501e-08  1.41292e-11
      1288.94  1.81574e-08  1.47481e-11
      1289.27  1.27193e-08  1.24639e-11
      1289.61  9.29358e-09  1.16205e-11
      1289.94  7.50687e-09  1.12490e-11
      1290.27  4.92744e-09  9.37642e-12
      1290.61  4.21150e-09  9.11612e-12
      1290.94  3.15748e-09  7.76391e-12
      1291.27  2.23943e-09  6.50010e-12
      1291.61  2.59239e-09  6.42751e-12
      1291.94  4.38029e-09  7.78510e-12
      1292.27  7.63835e-09  9.78307e-12
      1292.61  1.15432e-08  1.24714e-11
      1292.94  8.29522e-09  1.02876e-11
      1293.28  6.25557e-09  8.52662e-12
      1293.61  8.46456e-09  9.48796e-12
      1293.95  1.07106e-08  9.93838e-12
      1294.28  1.63562e-08  1.22272e-11
      1294.62  1.85939e-08  1.33494e-11
      1294.95  1.53573e-08  1.23492e-11
      1295.29  1.48772e-08  1.27576e-11
      1295.62  1.27600e-08  1.24615e-11
      1295.96  9.26260e-09  1.12494e-11
      1296.29  7.97074e-09  1.08403e-11
      1296.63  8.28673e-09  1.09978e-11
      1296.97  1.01971e-08  1.17043e-11
      1297.30  1.57726e-08  1.41133e-11
      1297.64  2.13759e-08  1.64022e-11
      1297.98  1.82998e-08  1.53095e-11
      1298.31  1.16186e-08  1.26635e-11
      1298.65  6.47089e-09  9.88389e-12
      1298.99  4.79249e-09  8.69685e-12
      1299.33  8.24712e-09  1.06516e-11
      1299.66  1.51367e-08  1.37953e-11
      1300.00  1.71646e-08  1.30047e-11
      1300.34  1.50998e-08  1.14145e-11
      1300.68  1.03996e-08  9.39318e-12
      1301.02  1.04967e-08  9.53156e-12
      1301.35  1.83335e-08  1.35183e-11
      1301.69  2.21207e-08  1.52812e-11
      1302.03  2.14272e-08  1.57445e-11
      1302.37  1.89265e-08  1.46034e-11
      1302.71  2.16589e-08  1.57694e-11
      1303.05  2.38326e-08  1.62099e-11
      1303.39  2.70901e-08  1.75022e-11
      1303.73  2.92249e-08  1.86779e-11
      1304.07  2.72092e-08  1.85607e-11
      1304.41  2.75248e-08  1.95130e-11
      1304.75  2.91988e-08  2.05178e-11
      1305.09  3.05130e-08  2.08132e-11
      1305.43  3.56252e-08  2.16246e-11
      1305.77  4.19390e-08  2.24678e-11
      1306.11  4.19203e-08  2.16266e-11
      1306.46  2.86349e-08  1.70191e-11
      1306.80  1.40713e-08  1.13205e-11
      1307.14  7.41678e-09  8.55649e-12
      1307.48  4.98008e-09  7.65499e-12
      1307.82  3.93992e-09  7.22649e-12
      1308.16  3.91238e-09  7.21954e-12
      1308.51  4.61640e-09  7.68349e-12
      1308.85  3.83527e-09  6.97369e-12
      1309.19  2.67389e-09  6.11495e-12
      1309.53  2.39602e-09  6.13847e-12
      1309.88  2.35406e-09  6.53675e-12
      1310.22  2.55710e-09  6.96832e-12
      1310.56  3.36810e-09  8.00381e-12
      1310.91  6.18002e-09  1.01475e-11
      1311.25  1.16497e-08  1.35283e-11
      1311.60  1.20031e-08  1.31708e-11
      1311.94  7.04429e-09  9.58280e-12
      1312.28  3.54214e-09  7.06977e-12
      1312.63  2.33499e-09  5.89536e-12
      1312.97  1.97835e-09  5.57217e-12
      1313.32  2.67334e-09  6.20768e-12
      1313.66  4.69495e-09  8.03535e-12
      1314.01  3.94326e-09  7.32596e-12
      1314.35  2.13432e-09  5.70817e-12
      1314.70  1.58652e-09  5.07737e-12
      1315.05  1.57734e-09  5.05999e-12
      1315.39  1.80434e-09  5.45128e-12
      1315.74  2.35229e-09  6.28460e-12
      1316.08  3.67892e-09  7.75624e-12
      1316.43  7.66836e-09  1.08718e-11
      1316.78  1.34296e-08  1.49083e-11
      1317.12  1.05955e-08  1.28933e-11
      1317.47  4.99614e-09  9.07753e-12
      1317.82  2.82633e-09  6.85673e-12
      1318.17  2.89688e-09  6.59586e-12
      1318.51  4.98907e-09  7.92261e-12
      1318.86  6.18105e-09  8.93028e-12
      1319.21  4.18862e-09  7.66921e-12
      1319.56  2.39856e-09  6.85145e-12
      1319.91  2.35696e-09  6.70849e-12
      1320.25  2.37806e-09  6.27790e-12
      1320.60  2.39226e-09  5.82293e-12
      1320.95  2.94198e-09  6.18328e-12
      1321.30  4.33532e-09  7.31570e-12
      1321.65  8.90178e-09  1.04441e-11
      1322.00  1.60749e-08  1.51182e-11
      1322.35  1.42534e-08  1.48379e-11
      1322.70  7.36962e-09  1.09022e-11
      1323.05  4.49423e-09  8.68602e-12
      1323.40  4.84231e-09  8.81047e-12
      1323.75  5.79414e-09  9.13820e-12
      1324.10  6.02353e-09  8.82407e-12
      1324.45  4.50160e-09  7.54998e-12
      1324.80  3.08457e-09  6.67552e-12
      