227
      1249.95  1.13122e-08  1.11821e-11
      1250.27  5.57527e-09  8.03051e-12
      1250.58  1.95598e-09  5.58144e-12
      1250.89  1.43674e-09  5.10011e-12
      1251.20  1.77649e-09  5.29105e-12
      1251.52  2.70660e-09  5.82380e-12
      1251.83  4.70504e-09  7.31701e-12
      1252.14  6.13229e-09  8.34535e-12
      1252.46  5.87111e-09  8.45194e-12
      1252.77  5.42866e-09  8.09933e-12
      1253.09  9.01433e-09  1.01484e-11
      1253.40  1.72090e-08  1.39659e-11
      1253.71  2.14028e-08  1.56262e-11
      1254.03  1.29577e-08  1.15082e-11
      1254.34  6.28189e-09  8.06495e-12
      1254.66  7.79695e-09  9.00404e-12
      1254.97  1.23129e-08  1.19761e-11
      1255.29  8.26520e-09  9.65459e-12
      1255.60  3.75596e-09  7.03083e-12
      1255.92  4.16986e-09  7.64274e-12
      1256.23  7.21911e-09  9.40743e-12
      1256.55  1.14572e-08  1.16032e-11
      1256.87  8.20383e-09  9.29191e-12
      1257.18  3.75400e-09  6.44787e-12
      1257.50  2.71400e-09  5.78996e-12
      1257.81  3.08589e-09  6.01623e-12
      1258.13  3.88034e-09  6.65505e-12
      1258.45  3.86451e-09  6.65850e-12
      1258.76  4.02833e-09  6.64818e-12
      1259.08  7.20729e-09  8.09792e-12
      1259.40  1.51468e-08  1.12572e-11
      1259.72  2.07536e-08  1.28614e-11
      1260.03  1.53581e-08  1.04901e-11
      1260.35  1.10816e-08  8.72820e-12
      1260.67  1.44310e-08  1.04764e-11
      1260.99  1.34091e-08  1.00033e-11
      1261.30  1.06361e-08  8.89044e-12
      1261.62  1.30167e-08  1.08018e-11
      1261.94  1.39322e-08  1.09546e-11
      1262.26  1.41599e-08  1.12288e-11
      1262.58  1.02060e-08  9.26485e-12
      1262.90  1.11006e-08  8.86822e-12
      1263.22  1.68998e-08  1.12843e-11
      1263.54  1.40632e-08  1.02785e-11
      1263.86  8.89048e-09  8.48198e-12
      1264.17  6.97527e-09  8.02827e-12
      1264.49  5.01704e-09  6.96692e-12
      1264.81  5.37361e-09  7.07097e-12
      1265.13  1.09416e-08  9.87156e-12
      1265.45  1.71760e-08  1.22328e-11
      1265.77  1.52560e-08  1.11874e-11
      1266.10  8.13460e-09  8.05527e-12
      1266.42  4.13682e-09  6.02716e-12
      1266.74  3.56348e-09  6.18556e-12
      1267.06  4.90640e-09  7.28418e-12
      1267.38  1.01487e-08  9.59341e-12
      1267.70  1.74475e-08  1.34525e-11
      1268.02  1.96261e-08  1.36335e-11
      1268.34  1.98333e-08  1.30283e-11
      1268.67  1.79589e-08  1.16743e-11
      1268.99  1.77504e-08  1.09138e-11
      1269.31  1.38072e-08  9.48168e-12
      1269.63  9.08078e-09  7.83112e-12
      1269.95  7.46262e-09  7.28761e-12
      1270.28  9.12705e-09  7.77593e-12
      1270.60  1.53408e-08  1.02030e-11
      1270.92  1.83005e-08  1.07102e-11
      1271.25  1.99815e-08  1.10236e-11
      1271.57  1.96669e-08  1.10575e-11
      1271.89  1.16481e-08  8.38517e-12
      1272.22  5.13905e-09  5.89395e-12
      1272.54  3.17138e-09  5.18722e-12
      1272.86  2.59450e-09  4.99423e-12
      1273.19  2.45285e-09  5.01600e-12
      1273.51  3.01437e-09  5.39110e-12
      1273.84  4.68735e-09  6.45882e-12
      1274.16  6.22835e-09  7.23007e-12
      1274.49  8.29072e-09  7.92167e-12
      1274.81  1.44615e-08  1.04238e-11
      1275.14  1.97736e-08  1.23931e-11
      1275.46  1.78363e-08  1.18110e-11
      1275.79  1.17890e-08  9.73913e-12
      1276.11  7.75468e-09  7.98410e-12
      1276.44  1.01357e-08  8.85347e-12
      1276.76  1.70316e-08  1.16289e-11
      1277.09  1.75084e-08  1.08279e-11
      1277.42  1.81494e-08  1.11274e-11
      1277.74  1.23763e-08  8.73806e-12
      1278.07  5.75763e-09  6.05761e-12
      1278.40  3.43367e-09  5.15608e-12
      1278.72  2.66096e-09  4.83892e-12
      1279.05  2.62529e-09  4.72328e-12
      1279.38  3.51764e-09  5.28497e-12
      1279.71  5.28566e-09  6.17726e-12
      1280.03  7.01512e-09  6.99147e-12
      1280.36  6.38128e-09  6.49265e-12
      1280.69  6.73873e-09  6.85064e-12
      1281.02  8.87042e-09  7.94417e-12
      1281.34  1.29925e-08  1.00106e-11
      1281.67  1.56352e-08  1.15700e-11
      1282.00  1.18089e-08  1.03244e-11
      1282.33  1.27643e-08  1.02393e-11
      1282.66  1.94716e-08  1.26547e-11
      1282.99  2.46126e-08  1.39430e-11
      1283.32  2.44875e-08  1.36766e-11
      1283.65  1.71862e-08  1.13036e-11
      1283.98  9.08590e-09  8.30580e-12
      1284.31  5.23094e-09  6.58799e-12
      1284.64  3.91246e-09  5.95305e-12
      1284.97  3.87250e-09  5.89685e-12
      1285.30  4.61279e-09  6.28952e-12
      1285.63  3.92867e-09  5.58696e-12
      1285.96  3.62436e-09  5.08951e-12
      1286.29  5.53645e-09  6.06788e-12
      1286.62  7.75771e-09  7.06025e-12
      1286.95  7.26470e-09  6.73050e-12
      1287.28  9.14733e-09  7.60275e-12
      1287.61  1.59487e-08  1.05486e-11
      1287.95  1.89992e-08  1.15120e-11
      1288.28  1.89312e-08  1.15056e-11
      1288.61  1.89062e-08  1.15120e-11
      1288.94  1.86208e-08  1.15978e-11
      1289.27  1.32984e-08  9.66412e-12
      1289.61  9.87735e-09  8.73454e-12
      1289.94  7.85079e-09  8.02507e-12
      1290.27  5.36726e-09  6.84662e-12
      1290.61  4.58577e-09  6.66967e-12
      1290.94  3.44937e-09  5.87875e-12
      1291.27  2.56376e-09  5.13369e-12
      1291.61  2.97254e-09  5.15712e-12
      1291.94  4.89521e-09  6.10520e-12
      1292.27  8.35281e-09  7.37855e-12
      1292.61  1.21563e-08  9.11573e-12
      1292.94  8.70566e-09  7.36289e-12
      1293.28  6.70463e-09  6.53950e-12
      1293.61  9.00484e-09  7.75851e-12
      1293.95  1.14835e-08  8.34930e-12
      1294.28  1.71311e-08  1.03310e-11
      1294.62  1.93201e-08  1.15556e-11
      1294.95  1.60096e-08  1.02047e-11
      1295.29  1.54947e-08  1.01199e-11
      1295.62  1.32990e-08  9.66428e-12
      1295.96  9.78284e-09  8.62275e-12
      1296.29  8.50183e-09  8.46955e-12
      1296.63  8.88135e-09  8.91584e-12
      1296.97  1.09992e-08  9.53408e-12
      1297.30  1.68799e-08  1.15903e-11
      1297.64  2.24285e-08  1.32139e-11
      1297.98  1.90608e-08  1.17829e-11
      1298.31  1.21513e-08  9.35853e-12
      1298.65  6.84889e-09  7.18995e-12
      1298.99  5.24468e-09  6.14076e-12
      1299.33  8.98983e-09  7.82787e-12
      1299.66  1.62145e-08  1.04308e-11
      1300.00  1.80853e-08  1.03300e-11
      1300.34  1.58677e-08  9.58832e-12
      1300.68  1.06913e-08  7.59528e-12
      1301.02  1.10336e-08  7.60404e-12
      1301.35  1.95632e-08  1.09462e-11
      1301.69  2.31133e-08  1.20560e-11
      1302.03  2.23334e-08  1.24931e-11
      1302.37  1.95935e-08  1.16364e-11
      1302.71  2.27688e-08  1.30846e-11
      1303.05  2.49626e-08  1.35322e-11
      1303.39  2.84153e-08  1.44071e-11
      1303.73  3.06059e-08  1.48363e-11
      1304.07  2.84629e-08  1.42341e-11
      1304.41  2.89122e-08  1.43946e-11
      1304.75  3.06732e-08  1.48826e-11
      1305.09  3.20562e-08  1.49112e-11
      1305.43  3.74885e-08  1.56757e-11
      1305.77  4.40071e-08  1.64452e-11
      1306.11  4.35006e-08  1.58152e-11
      1306.46  2.95148e-08  1.23746e-11
      1306.80  1.46297e-08  8.57398e-12
      1307.14  7.77224e-09  6.60292e-12
      1307.48  5.29021e-09  5.89541e-12
      1307.82  4.22333e-09  5.63217e-12
      1308.16  4.24455e-09  5.87942e-12
      1308.51  5.00323e-09  6.63312e-12
      1308.85  4.04838e-09  5.91274e-12
      1309.19  2.92649e-09  5.12706e-12
      1309.53  2.66998e-09  5.03521e-12
      1309.88  2.63750e-09  5.09389e-12
      1310.22  2.86952e-09  5.38107e-12
      1310.56  3.74977e-09  5.88915e-12
      1310.91  6.79603e-09  7.40225e-12
      1311.25  1.25934e-08  1.01738e-11
      1311.60  1.25178e-08  9.48237e-12
      1311.94  7.32611e-09  6.83252e-12
      1312.28  3.83342e-09  4.96556e-12
      1312.63  2.61872e-09  4.21588e-12
      1312.97  2.25805e-09  4.03706e-12
      1313.32  3.08598e-09  4.69891e-12
      1313.66  4.99874e-09  6.20204e-12
      1314.01  4.17762e-09  5.79905e-12
      1314.35  2.38881e-09  4.68095e-12
      1314.70  1.81647e-09  4.37596e-12
      1315.05  1.81443e-09  4.39118e-12
      1315.39  2.07203e-09  4.64009e-12
      1315.74  2.67807e-09  5.14668e-12
      1316.08  4.17012e-09  6.06705e-12
      1316.43  8.45724e-09  8.36852e-12
      1316.78  1.37755e-08  1.08520e-11
      1317.12  1.10244e-08  9.33240e-12
      1317.47  5.35805e-09  6.23004e-12
      1317.82  3.13112e-09  4.79343e-12
      1318.17  3.26060e-09  4.69759e-12
      1318.51  5.38024e-09  5.73777e-12
      1318.86  6.54706e-09  6.45692e-12
      1319.21  4.59933e-09  5.87240e-12
      1319.56  3.02313e-09  5.57248e-12
      1319.91  2.69940e-09  6.17047e-12
      1320.25  2.62891e-09  5.15267e-12
      1320.60  2.63675e-09  5.16758e-12
      1320.95  3.22462e-09  5.52022e-12
      1321.30  4.67616e-09  6.37585e-12
      1321.65  9.49238e-09  8.57739e-12
      1322.00  1.73354e-08  1.22263e-11
      1322.35  1.48082e-08  1.09947e-11
      1322.70  7.50987e-09  7.67128e-12
      1323.05  4.75248e-09  6.20100e-12
      1323.40  5.27815e-09  6.21103e-12
      1323.75  6.25181e-09  6.35134e-12
      1324.10  6.53052e-09  6.49869e-12
      1324.45  4.74190e-09  5.47373e-12
      1324.80  3.33369e-09  4.78341e-12
      