227
      1249.95  1.11372e-08  1.36103e-11
      1250.27  5.36860e-09  9.45653e-12
      1250.58  1.75915e-09  6.46271e-12
      1250.89  1.22743e-09  5.97827e-12
      1251.20  1.62870e-09  6.12701e-12
      1251.52  2.58170e-09  6.73263e-12
      1251.83  4.54038e-09  8.28539e-12
      1252.14  5.94371e-09  9.44349e-12
      1252.46  5.69809e-09  9.46510e-12
      1252.77  5.24418e-09  8.68073e-12
      1253.09  8.67355e-09  1.04871e-11
      1253.40  1.66398e-08  1.38385e-11
      1253.71  2.08637e-08  1.51291e-11
      1254.03  1.28050e-08  1.12144e-11
      1254.34  6.11106e-09  7.86665e-12
      1254.66  7.39891e-09  8.60801e-12
      1254.97  1.21134e-08  1.15244e-11
      1255.29  8.08780e-09  9.30364e-12
      1255.60  3.51902e-09  6.59326e-12
      1255.92  3.89098e-09  6.93785e-12
      1256.23  6.73274e-09  8.04186e-12
      1256.55  1.12681e-08  1.02724e-11
      1256.87  8.00386e-09  8.33982e-12
      1257.18  3.33964e-09  5.98732e-12
      1257.50  2.60180e-09  6.01418e-12
      1257.81  3.01761e-09  6.44821e-12
      1258.13  3.82130e-09  7.31617e-12
      1258.45  3.81019e-09  7.29644e-12
      1258.76  4.00661e-09  7.36096e-12
      1259.08  7.16235e-09  9.28007e-12
      1259.40  1.48637e-08  1.29908e-11
      1259.72  2.02752e-08  1.50718e-11
      1260.03  1.49998e-08  1.24397e-11
      1260.35  1.08169e-08  1.04042e-11
      1260.67  1.43244e-08  1.27831e-11
      1260.99  1.31951e-08  1.21732e-11
      1261.30  1.02950e-08  1.06050e-11
      1261.62  1.29318e-08  1.29285e-11
      1261.94  1.36001e-08  1.29539e-11
      1262.26  1.38077e-08  1.51434e-11
      1262.58  8.77649e-09  1.09164e-11
      1262.90  1.06515e-08  1.01172e-11
      1263.22  1.65354e-08  1.27553e-11
      1263.54  1.38392e-08  1.13515e-11
      1263.86  8.68442e-09  9.16060e-12
      1264.17  6.78567e-09  8.41385e-12
      1264.49  4.88277e-09  7.08557e-12
      1264.81  5.14721e-09  6.89020e-12
      1265.13  1.04814e-08  9.23248e-12
      1265.45  1.66909e-08  1.13830e-11
      1265.77  1.50378e-08  1.05552e-11
      1266.10  7.98941e-09  7.67666e-12
      1266.42  3.94831e-09  5.80245e-12
      1266.74  3.32490e-09  5.66963e-12
      1267.06  4.50923e-09  6.28024e-12
      1267.38  9.50853e-09  8.32084e-12
      1267.70  1.79848e-08  1.20719e-11
      1268.02  1.94262e-08  1.21554e-11
      1268.34  1.94472e-08  1.38352e-11
      1268.67  1.76949e-08  1.26162e-11
      1268.99  1.74273e-08  1.23243e-11
      1269.31  1.36111e-08  1.09762e-11
      1269.63  8.89422e-09  9.18346e-12
      1269.95  7.33581e-09  8.67485e-12
      1270.28  8.98229e-09  9.41444e-12
      1270.60  1.49937e-08  1.23621e-11
      1270.92  1.79637e-08  1.30773e-11
      1271.25  1.96169e-08  1.33189e-11
      1271.57  1.93965e-08  1.32398e-11
      1271.89  1.14735e-08  9.85088e-12
      1272.22  5.03159e-09  6.85271e-12
      1272.54  3.07395e-09  5.95927e-12
      1272.86  2.49524e-09  5.72773e-12
      1273.19  2.33803e-09  5.44432e-12
      1273.51  2.83915e-09  5.59521e-12
      1273.84  4.48918e-09  6.44391e-12
      1274.16  6.01242e-09  7.04264e-12
      1274.49  7.80988e-09  7.47261e-12
      1274.81  1.38412e-08  9.96561e-12
      1275.14  1.92975e-08  1.19480e-11
      1275.46  1.75565e-08  1.15394e-11
      1275.79  1.15764e-08  9.43887e-12
      1276.11  7.43908e-09  7.43868e-12
      1276.44  9.48425e-09  7.90984e-12
      1276.76  1.64585e-08  1.05271e-11
      1277.09  1.70528e-08  9.98716e-12
      1277.42  1.71830e-08  1.13842e-11
      1277.74  1.19268e-08  1.01141e-11
      1278.07  5.68948e-09  7.08895e-12
      1278.40  3.37180e-09  6.04917e-12
      1278.72  2.59462e-09  5.69637e-12
      1279.05  2.54571e-09  5.72984e-12
      1279.38  3.41434e-09  6.36526e-12
      1279.71  5.12005e-09  7.29366e-12
      1280.03  6.93199e-09  8.35913e-12
      1280.36  6.20182e-09  7.54861e-12
      1280.69  6.52169e-09  7.72165e-12
      1281.02  8.55876e-09  8.75599e-12
      1281.34  1.25957e-08  1.05591e-11
      1281.67  1.55056e-08  1.19421e-11
      1282.00  1.20800e-08  1.01584e-11
      1282.33  1.20917e-08  9.74279e-12
      1282.66  1.85341e-08  1.23744e-11
      1282.99  2.40424e-08  1.35058e-11
      1283.32  2.40654e-08  1.29724e-11
      1283.65  1.70151e-08  1.09879e-11
      1283.98  8.91102e-09  8.27072e-12
      1284.31  5.03850e-09  6.71593e-12
      1284.64  3.70824e-09  6.02487e-12
      1284.97  3.61312e-09  5.81252e-12
      1285.30  4.36286e-09  6.08214e-12
      1285.63  3.55729e-09  6.26429e-12
      1285.96  3.46424e-09  6.06327e-12
      1286.29  5.39609e-09  7.19861e-12
      1286.62  7.74314e-09  9.11599e-12
      1286.95  7.08003e-09  8.21208e-12
      1287.28  8.74211e-09  8.98405e-12
      1287.61  1.56749e-08  1.25376e-11
      1287.95  1.86412e-08  1.32164e-11
      1288.28  1.85213e-08  1.28478e-11
      1288.61  1.84347e-08  1.23729e-11
      1288.94  1.83402e-08  1.21748e-11
      1289.27  1.30667e-08  9.96332e-12
      1289.61  9.60078e-09  8.83086e-12
      1289.94  7.70263e-09  8.22219e-12
      1290.27  5.16953e-09  6.92591e-12
      1290.61  4.40570e-09  6.70293e-12
      1290.94  3.31104e-09  5.75766e-12
      1291.27  2.39694e-09  4.88586e-12
      1291.61  2.75465e-09  4.90894e-12
      1291.94  4.57510e-09  5.92674e-12
      1292.27  7.89643e-09  7.53376e-12
      1292.61  1.17586e-08  9.73231e-12
      1292.94  8.40711e-09  7.94805e-12
      1293.28  6.67944e-09  8.55150e-12
      1293.61  8.81931e-09  9.44318e-12
      1293.95  1.11067e-08  1.00973e-11
      1294.28  1.68499e-08  1.25338e-11
      1294.62  1.89886e-08  1.33463e-11
      1294.95  1.56620e-08  1.16741e-11
      1295.29  1.52005e-08  1.12203e-11
      1295.62  1.30713e-08  1.03882e-11
      1295.96  9.55174e-09  8.95157e-12
      1296.29  8.25633e-09  8.48990e-12
      1296.63  8.60244e-09  8.58450e-12
      1296.97  1.05716e-08  9.11872e-12
      1297.30  1.62227e-08  1.08407e-11
      1297.64  2.18276e-08  1.25116e-11
      1297.98  1.87555e-08  1.15120e-11
      1298.31  1.19470e-08  9.47036e-12
      1298.65  6.71501e-09  7.45482e-12
      1298.99  4.98813e-09  6.65219e-12
      1299.33  8.49619e-09  8.28559e-12
      1299.66  1.55324e-08  1.07329e-11
      1300.00  1.73506e-08  1.27983e-11
      1300.34  1.53668e-08  1.17819e-11
      1300.68  1.06383e-08  9.36994e-12
      1301.02  1.09110e-08  9.27763e-12
      1301.35  1.89736e-08  1.27213e-11
      1301.69  2.25612e-08  1.36052e-11
      1302.03  2.18850e-08  1.36466e-11
      1302.37  1.91262e-08  1.21619e-11
      1302.71  2.21987e-08  1.31340e-11
      1303.05  2.43024e-08  1.31465e-11
      1303.39  2.76362e-08  1.37929e-11
      1303.73  2.99024e-08  1.43419e-11
      1304.07  2.77621e-08  1.39684e-11
      1304.41  2.80981e-08  1.45499e-11
      1304.75  2.98405e-08  1.53864e-11
      1305.09  3.11315e-08  1.57039e-11
      1305.43  3.63019e-08  1.65401e-11
      1305.77  4.27395e-08  1.74981e-11
      1306.11  4.27049e-08  1.70960e-11
      1306.46  2.71311e-08  1.26791e-11
      1306.80  1.32047e-08  1.08181e-11
      1307.14  7.59380e-09  7.99207e-12
      1307.48  5.18736e-09  6.97853e-12
      1307.82  4.12831e-09  6.40170e-12
      1308.16  4.11871e-09  6.43266e-12
      1308.51  4.82950e-09  6.82944e-12
      1308.85  3.97640e-09  6.07019e-12
      1309.19  2.81482e-09  5.01646e-12
      1309.53  2.54378e-09  4.89120e-12
      1309.88  2.49340e-09  4.99275e-12
      1310.22  2.68935e-09  5.28042e-12
      1310.56  3.48372e-09  6.05847e-12
      1310.91  6.34435e-09  7.68156e-12
      1311.25  1.20492e-08  1.05772e-11
      1311.60  1.23234e-08  1.03029e-11
      1311.94  7.22909e-09  7.60678e-12
      1312.28  3.62509e-09  5.57513e-12
      1312.63  2.40982e-09  5.41834e-12
      1312.97  2.17664e-09  5.07500e-12
      1313.32  2.94319e-09  5.61381e-12
      1313.66  4.97976e-09  7.36706e-12
      1314.01  4.10459e-09  6.63544e-12
      1314.35  2.29304e-09  5.41268e-12
      1314.70  1.73286e-09  4.45967e-12
      1315.05  1.71027e-09  4.25535e-12
      1315.39  1.94146e-09  4.40166e-12
      1315.74  2.50461e-09  4.94827e-12
      1316.08  3.87896e-09  5.93452e-12
      1316.43  7.94528e-09  8.37807e-12
      1316.78  1.35154e-08  1.14630e-11
      1317.12  1.08610e-08  1.01117e-11
      1317.47  5.21288e-09  6.98748e-12
      1317.82  2.96587e-09  5.48905e-12
      1318.17  3.21165e-09  5.25207e-12
      1318.51  5.50942e-09  7.89899e-12
      1318.86  6.41820e-09  7.95207e-12
      1319.21  4.48884e-09  6.92932e-12
      1319.56  2.70111e-09  5.60637e-12
      1319.91  2.54158e-09  5.95713e-12
      1320.25  2.54336e-09  5.39283e-12
      1320.60  2.54326e-09  5.02818e-12
      1320.95  3.08941e-09  5.12031e-12
      1321.30  4.49066e-09  5.86560e-12
      1321.65  9.08002e-09  8.25581e-12
      1322.00  1.64057e-08  1.19143e-11
      1322.35  1.45581e-08  1.15874e-11
      1322.70  7.52550e-09  8.53002e-12
      1323.05  4.62408e-09  6.91914e-12
      1323.40  4.98877e-09  7.04440e-12
      1323.75  5.98840e-09  7.13915e-12
      1324.10  6.22880e-09  8.37368e-12
      1324.45  4.63168e-09  6.74930e-12
      1324.80  3.28316e-09  5.87169e-12
      