227
      1249.95  7.92874e-09  1.02228e-11
      1250.27  3.69482e-09  7.27423e-12
      1250.58  1.10662e-09  5.04168e-12
      1250.89  7.60341e-10  4.61189e-12
      1251.20  1.03892e-09  4.69521e-12
      1251.52  1.71790e-09  5.11630e-12
      1251.83  3.12906e-09  6.23884e-12
      1252.14  4.10906e-09  6.87134e-12
      1252.46  3.89155e-09  6.83500e-12
      1252.77  3.57401e-09  6.57979e-12
      1253.09  6.15690e-09  8.00972e-12
      1253.40  1.21501e-08  1.06366e-11
      1253.71  1.52848e-08  1.18976e-11
      1254.03  9.28940e-09  8.96965e-12
      1254.34  4.21576e-09  6.26001e-12
      1254.66  5.24272e-09  6.97550e-12
      1254.97  8.63261e-09  9.39425e-12
      1255.29  5.66284e-09  7.73881e-12
      1255.60  2.35084e-09  5.67700e-12
      1255.92  2.66472e-09  6.19409e-12
      1256.23  4.80142e-09  7.49653e-12
      1256.55  7.96561e-09  9.70060e-12
      1256.87  5.66834e-09  7.94186e-12
      1257.18  2.40560e-09  5.79351e-12
      1257.50  1.69806e-09  5.13652e-12
      1257.81  1.96291e-09  5.52101e-12
      1258.13  2.47514e-09  6.11019e-12
      1258.45  2.46945e-09  6.31259e-12
      1258.76  2.60254e-09  6.31525e-12
      1259.08  4.87304e-09  7.74137e-12
      1259.40  1.05826e-08  1.08744e-11
      1259.72  1.46892e-08  1.25872e-11
      1260.03  1.08487e-08  1.03918e-11
      1260.35  7.69056e-09  8.64487e-12
      1260.67  1.02025e-08  1.03218e-11
      1260.99  9.35668e-09  9.71919e-12
      1261.30  7.32789e-09  8.41439e-12
      1261.62  9.24535e-09  9.55434e-12
      1261.94  9.85860e-09  9.85547e-12
      1262.26  9.99275e-09  9.63837e-12
      1262.58  7.39786e-09  7.67177e-12
      1262.90  7.73700e-09  7.43217e-12
      1263.22  1.20434e-08  9.39689e-12
      1263.54  1.00339e-08  8.38867e-12
      1263.86  6.12116e-09  6.74166e-12
      1264.17  4.63902e-09  6.22103e-12
      1264.49  3.29762e-09  5.36005e-12
      1264.81  3.58514e-09  5.40249e-12
      1265.13  7.63177e-09  7.43388e-12
      1265.45  1.22459e-08  9.33152e-12
      1265.77  1.08425e-08  8.69189e-12
      1266.10  5.56256e-09  6.28038e-12
      1266.42  2.65018e-09  4.81601e-12
      1266.74  2.22714e-09  4.80800e-12
      1267.06  3.14524e-09  5.51635e-12
      1267.38  7.13460e-09  7.90834e-12
      1267.70  1.35851e-08  1.10806e-11
      1268.02  1.45389e-08  1.11523e-11
      1268.34  1.41924e-08  1.10769e-11
      1268.67  1.28018e-08  1.02146e-11
      1268.99  1.26494e-08  1.04434e-11
      1269.31  9.62025e-09  9.06994e-12
      1269.63  6.09509e-09  7.45124e-12
      1269.95  4.93313e-09  6.95804e-12
      1270.28  6.16245e-09  7.48151e-12
      1270.60  1.09887e-08  1.00372e-11
      1270.92  1.31219e-08  1.03600e-11
      1271.25  1.43693e-08  1.04719e-11
      1271.57  1.42870e-08  1.03221e-11
      1271.89  8.25843e-09  7.59368e-12
      1272.22  3.38699e-09  5.15850e-12
      1272.54  2.00077e-09  4.39069e-12
      1272.86  1.62220e-09  4.13726e-12
      1273.19  1.52928e-09  4.09075e-12
      1273.51  1.90496e-09  4.26416e-12
      1273.84  3.09758e-09  5.01141e-12
      1274.16  4.18093e-09  5.54735e-12
      1274.49  5.57034e-09  5.99322e-12
      1274.81  1.02718e-08  8.10861e-12
      1275.14  1.44194e-08  9.84478e-12
      1275.46  1.29067e-08  9.56067e-12
      1275.79  8.21961e-09  7.90405e-12
      1276.11  5.11173e-09  6.53219e-12
      1276.44  6.82860e-09  7.49985e-12
      1276.76  1.23923e-08  1.05517e-11
      1277.09  1.25859e-08  1.00660e-11
      1277.42  1.30126e-08  1.05646e-11
      1277.74  8.86150e-09  8.58012e-12
      1278.07  3.80797e-09  5.80197e-12
      1278.40  2.18380e-09  4.95693e-12
      1278.72  1.67287e-09  4.97935e-12
      1279.05  1.64547e-09  4.75222e-12
      1279.38  2.26445e-09  5.09290e-12
      1279.71  3.53233e-09  5.78275e-12
      1280.03  4.76245e-09  6.41664e-12
      1280.36  4.30851e-09  5.79544e-12
      1280.69  4.53162e-09  5.83862e-12
      1281.02  6.05414e-09  6.56672e-12
      1281.34  9.14328e-09  8.03508e-12
      1281.67  1.13653e-08  9.11792e-12
      1282.00  8.71672e-09  7.70779e-12
      1282.33  8.83349e-09  7.64661e-12
      1282.66  1.41019e-08  9.72186e-12
      1282.99  1.82079e-08  1.10010e-11
      1283.32  1.82008e-08  1.11079e-11
      1283.65  1.25534e-08  9.19200e-12
      1283.98  6.31596e-09  6.80934e-12
      1284.31  3.45017e-09  5.54163e-12
      1284.64  2.54583e-09  5.21136e-12
      1284.97  2.52779e-09  5.32453e-12
      1285.30  2.97176e-09  5.73514e-12
      1285.63  2.57610e-09  5.30848e-12
      1285.96  2.37682e-09  5.00430e-12
      1286.29  3.72919e-09  5.89463e-12
      1286.62  5.29683e-09  6.85956e-12
      1286.95  4.94738e-09  6.49817e-12
      1287.28  6.31064e-09  7.06676e-12
      1287.61  1.14026e-08  9.57222e-12
      1287.95  1.37165e-08  1.01875e-11
      1288.28  1.36458e-08  9.85281e-12
      1288.61  1.35774e-08  9.46782e-12
      1288.94  1.36029e-08  9.50445e-12
      1289.27  9.52624e-09  7.75294e-12
      1289.61  6.82504e-09  6.75073e-12
      1289.94  5.40748e-09  6.28566e-12
      1290.27  3.59970e-09  5.40752e-12
      1290.61  3.03882e-09  5.29984e-12
      1290.94  2.32268e-09  4.83119e-12
      1291.27  1.70128e-09  4.41607e-12
      1291.61  1.99930e-09  4.66503e-12
      1291.94  3.29800e-09  5.47302e-12
      1292.27  5.80098e-09  6.91109e-12
      1292.61  8.34969e-09  8.47020e-12
      1292.94  6.21341e-09  7.24249e-12
      1293.28  4.61878e-09  6.45482e-12
      1293.61  6.05612e-09  7.44597e-12
      1293.95  7.96694e-09  8.10625e-12
      1294.28  1.21622e-08  9.77524e-12
      1294.62  1.37152e-08  1.00234e-11
      1294.95  1.14375e-08  8.74363e-12
      1295.29  1.10001e-08  8.66358e-12
      1295.62  9.31948e-09  7.96692e-12
      1295.96  6.68128e-09  6.84023e-12
      1296.29  5.75762e-09  6.53306e-12
      1296.63  6.04018e-09  6.65174e-12
      1296.97  7.61756e-09  7.22246e-12
      1297.30  1.21797e-08  9.04422e-12
      1297.64  1.65728e-08  1.07043e-11
      1297.98  1.39277e-08  9.74304e-12
      1298.31  8.50901e-09  7.82891e-12
      1298.65  4.66068e-09  6.11757e-12
      1298.99  3.48580e-09  5.53697e-12
      1299.33  6.25701e-09  7.29387e-12
      1299.66  1.14757e-08  9.80755e-12
      1300.00  1.30208e-08  1.02195e-11
      1300.34  1.11569e-08  9.38205e-12
      1300.68  7.59040e-09  7.38942e-12
      1301.02  7.87185e-09  7.27762e-12
      1301.35  1.39990e-08  9.92452e-12
      1301.69  1.69083e-08  1.07076e-11
      1302.03  1.64397e-08  1.06448e-11
      1302.37  1.44408e-08  9.66914e-12
      1302.71  1.69884e-08  1.05806e-11
      1303.05  1.86038e-08  1.06646e-11
      1303.39  2.15364e-08  1.15020e-11
      1303.73  2.34182e-08  1.21805e-11
      1304.07  2.14445e-08  1.16548e-11
      1304.41  2.17856e-08  1.22068e-11
      1304.75  2.33087e-08  1.30990e-11
      1305.09  2.44521e-08  1.35557e-11
      1305.43  2.90944e-08  1.49846e-11
      1305.77  3.46170e-08  1.64214e-11
      1306.11  3.44592e-08  1.61478e-11
      1306.46  2.29466e-08  1.27567e-11
      1306.80  1.05958e-08  8.54887e-12
      1307.14  5.22774e-09  6.25239e-12
      1307.48  3.45950e-09  5.46933e-12
      1307.82  2.72057e-09  5.05448e-12
      1308.16  2.74297e-09  5.02741e-12
      1308.51  3.27640e-09  5.27820e-12
      1308.85  2.69053e-09  4.73254e-12
      1309.19  1.88768e-09  4.10698e-12
      1309.53  1.71229e-09  4.02741e-12
      1309.88  1.69388e-09  4.09455e-12
      1310.22  1.84806e-09  4.23960e-12
      1310.56  2.45552e-09  4.83124e-12
      1310.91  4.63829e-09  6.52279e-12
      1311.25  9.34921e-09  9.43786e-12
      1311.60  9.08542e-09  8.74338e-12
      1311.94  5.13576e-09  6.46276e-12
      1312.28  2.53711e-09  4.85317e-12
      1312.63  1.67644e-09  4.13678e-12
      1312.97  1.41487e-09  3.98034e-12
      1313.32  1.95841e-09  4.41233e-12
      1313.66  3.40307e-09  5.60735e-12
      1314.01  2.80811e-09  5.10867e-12
      1314.35  1.51333e-09  3.98313e-12
      1314.70  1.13718e-09  3.55002e-12
      1315.05  1.13671e-09  3.51733e-12
      1315.39  1.31185e-09  3.68215e-12
      1315.74  1.72506e-09  4.09013e-12
      1316.08  2.75177e-09  4.93292e-12
      1316.43  5.88008e-09  7.01139e-12
      1316.78  1.02943e-08  9.61364e-12
      1317.12  8.04747e-09  8.41173e-12
      1317.47  3.61246e-09  5.73299e-12
      1317.82  2.04813e-09  4.70501e-12
      1318.17  2.10374e-09  4.73377e-12
      1318.51  3.60569e-09  5.57623e-12
      1318.86  4.45899e-09  6.22366e-12
      1319.21  2.92301e-09  5.14414e-12
      1319.56  1.66045e-09  4.20220e-12
      1319.91  1.68847e-09  4.39300e-12
      1320.25  1.68221e-09  4.18306e-12
      1320.60  1.67806e-09  4.02303e-12
      1320.95  2.10045e-09  4.23628e-12
      1321.30  3.09781e-09  4.86902e-12
      1321.65  6.73375e-09  6.80729e-12
      1322.00  1.30605e-08  1.01646e-11
      1322.35  1.09168e-08  9.38965e-12
      1322.70  5.27724e-09  6.72397e-12
      1323.05  3.18826e-09  5.60184e-12
      1323.40  3.55785e-09  5.87245e-12
      1323.75  4.25456e-09  6.09616e-12
      1324.10  4.39748e-09  6.07363e-12
      1324.45  3.14738e-09  5.10190e-12
      1324.80  2.17664e-09  4.48895e-12
      