227
      1249.95  9.20233e-09  1.14904e-11
      1250.27  4.39533e-09  8.26971e-12
      1250.58  1.32044e-09  5.79240e-12
      1250.89  8.79946e-10  5.20807e-12
      1251.20  1.22076e-09  5.47830e-12
      1251.52  2.01037e-09  6.09824e-12
      1251.83  3.64966e-09  7.65495e-12
      1252.14  4.80487e-09  8.78042e-12
      1252.46  4.58415e-09  8.80682e-12
      1252.77  4.20793e-09  8.47916e-12
      1253.09  7.13967e-09  1.00477e-11
      1253.40  1.38720e-08  1.31270e-11
      1253.71  1.73775e-08  1.44382e-11
      1254.03  1.08588e-08  1.11673e-11
      1254.34  5.09116e-09  7.70774e-12
      1254.66  6.28790e-09  8.68546e-12
      1254.97  9.84290e-09  1.12822e-11
      1255.29  6.76527e-09  9.51617e-12
      1255.60  2.97295e-09  6.98294e-12
      1255.92  3.21385e-09  7.03204e-12
      1256.23  5.73544e-09  8.11059e-12
      1256.55  9.49807e-09  1.00758e-11
      1256.87  6.74693e-09  8.23261e-12
      1257.18  2.93785e-09  5.70127e-12
      1257.50  2.06635e-09  5.20631e-12
      1257.81  2.37933e-09  5.68653e-12
      1258.13  3.01998e-09  6.22894e-12
      1258.45  3.04068e-09  6.17625e-12
      1258.76  3.21936e-09  6.00527e-12
      1259.08  5.93395e-09  7.22544e-12
      1259.40  1.25093e-08  9.85535e-12
      1259.72  1.70908e-08  1.14764e-11
      1260.03  1.28806e-08  9.79724e-12
      1260.35  9.34802e-09  8.44137e-12
      1260.67  1.19662e-08  1.02398e-11
      1260.99  1.09973e-08  9.98623e-12
      1261.30  8.71160e-09  8.79779e-12
      1261.62  1.10197e-08  1.02464e-11
      1261.94  1.14832e-08  9.94710e-12
      1262.26  1.18861e-08  1.02810e-11
      1262.58  8.52350e-09  8.39201e-12
      1262.90  8.86628e-09  8.44135e-12
      1263.22  1.40202e-08  1.14039e-11
      1263.54  1.15805e-08  1.03855e-11
      1263.86  7.08142e-09  8.45007e-12
      1264.17  5.44144e-09  7.93471e-12
      1264.49  3.88829e-09  6.75627e-12
      1264.81  4.18641e-09  6.53493e-12
      1265.13  8.74176e-09  8.82610e-12
      1265.45  1.39794e-08  1.10100e-11
      1265.77  1.24920e-08  1.03563e-11
      1266.10  6.55656e-09  7.57197e-12
      1266.42  3.19593e-09  5.82681e-12
      1266.74  2.67367e-09  5.60502e-12
      1267.06  3.66852e-09  6.17766e-12
      1267.38  8.13342e-09  8.16457e-12
      1267.70  1.61123e-08  1.14166e-11
      1268.02  1.69151e-08  1.07406e-11
      1268.34  1.67328e-08  1.05705e-11
      1268.67  1.50142e-08  9.66285e-12
      1268.99  1.49739e-08  1.00494e-11
      1269.31  1.16107e-08  8.97804e-12
      1269.63  7.39061e-09  7.42240e-12
      1269.95  6.07270e-09  6.98742e-12
      1270.28  7.48066e-09  7.32951e-12
      1270.60  1.28371e-08  9.55154e-12
      1270.92  1.54901e-08  1.01134e-11
      1271.25  1.68759e-08  1.05078e-11
      1271.57  1.66755e-08  1.07235e-11
      1271.89  9.81988e-09  8.38142e-12
      1272.22  4.13813e-09  6.03691e-12
      1272.54  2.44614e-09  5.34007e-12
      1272.86  1.96614e-09  5.18071e-12
      1273.19  1.83655e-09  5.04714e-12
      1273.51  2.25419e-09  5.11277e-12
      1273.84  3.62454e-09  5.98372e-12
      1274.16  4.89500e-09  6.63468e-12
      1274.49  6.48130e-09  7.24184e-12
      1274.81  1.16035e-08  9.80057e-12
      1275.14  1.62052e-08  1.18225e-11
      1275.46  1.47064e-08  1.14216e-11
      1275.79  9.62897e-09  9.34585e-12
      1276.11  6.25321e-09  7.41727e-12
      1276.44  8.21119e-09  7.90204e-12
      1276.76  1.39687e-08  1.01688e-11
      1277.09  1.47982e-08  9.81952e-12
      1277.42  1.50490e-08  1.00145e-11
      1277.74  1.05013e-08  8.45044e-12
      1278.07  4.77121e-09  6.00731e-12
      1278.40  2.72423e-09  5.05309e-12
      1278.72  2.07550e-09  4.68422e-12
      1279.05  2.05794e-09  4.60053e-12
      1279.38  2.81117e-09  4.98585e-12
      1279.71  4.30736e-09  5.74662e-12
      1280.03  5.77498e-09  6.53639e-12
      1280.36  5.25087e-09  6.22788e-12
      1280.69  5.47359e-09  6.61898e-12
      1281.02  7.24845e-09  7.78879e-12
      1281.34  1.06667e-08  9.66201e-12
      1281.67  1.28800e-08  1.09534e-11
      1282.00  1.00964e-08  9.47444e-12
      1282.33  1.02492e-08  9.12102e-12
      1282.66  1.58148e-08  1.12474e-11
      1282.99  2.02230e-08  1.24745e-11
      1283.32  2.01757e-08  1.25027e-11
      1283.65  1.42127e-08  1.07002e-11
      1283.98  7.39486e-09  7.98368e-12
      1284.31  4.12972e-09  6.43878e-12
      1284.64  3.04445e-09  5.70239e-12
      1284.97  3.01583e-09  5.47154e-12
      1285.30  3.58421e-09  5.67737e-12
      1285.63  3.11167e-09  5.06322e-12
      1285.96  2.87986e-09  4.66580e-12
      1286.29  4.49029e-09  5.64493e-12
      1286.62  6.37671e-09  6.83258e-12
      1286.95  6.07050e-09  6.70755e-12
      1287.28  7.69726e-09  7.49783e-12
      1287.61  1.34879e-08  1.01808e-11
      1287.95  1.62464e-08  1.10395e-11
      1288.28  1.61251e-08  1.08048e-11
      1288.61  1.60366e-08  1.06313e-11
      1288.94  1.56830e-08  1.07501e-11
      1289.27  1.11270e-08  9.11443e-12
      1289.61  7.99090e-09  8.19535e-12
      1289.94  6.24959e-09  7.69626e-12
      1290.27  4.19475e-09  6.56699e-12
      1290.61  3.51110e-09  6.30284e-12
      1290.94  2.65461e-09  5.46923e-12
      1291.27  1.94081e-09  4.68370e-12
      1291.61  2.27106e-09  4.73968e-12
      1291.94  3.81768e-09  5.60280e-12
      1292.27  6.75295e-09  7.12524e-12
      1292.61  9.78880e-09  8.87522e-12
      1292.94  7.34431e-09  7.65417e-12
      1293.28  5.57173e-09  6.61447e-12
      1293.61  7.36224e-09  7.56500e-12
      1293.95  9.65044e-09  7.99055e-12
      1294.28  1.44728e-08  9.53170e-12
      1294.62  1.63659e-08  1.01020e-11
      1294.95  1.38601e-08  9.26023e-12
      1295.29  1.31506e-08  9.44195e-12
      1295.62  1.11893e-08  9.12499e-12
      1295.96  8.09885e-09  8.12442e-12
      1296.29  6.89353e-09  7.76150e-12
      1296.63  7.09948e-09  7.78214e-12
      1296.97  8.78961e-09  8.30999e-12
      1297.30  1.37168e-08  1.01025e-11
      1297.64  1.84271e-08  1.17480e-11
      1297.98  1.55477e-08  1.07644e-11
      1298.31  9.70242e-09  8.70099e-12
      1298.65  5.38236e-09  6.76187e-12
      1298.99  4.09307e-09  6.09620e-12
      1299.33  7.28152e-09  7.53756e-12
      1299.66  1.33449e-08  9.90356e-12
      1300.00  1.52449e-08  1.00027e-11
      1300.34  1.32379e-08  9.13932e-12
      1300.68  9.20850e-09  7.41038e-12
      1301.02  9.56560e-09  7.52392e-12
      1301.35  1.65827e-08  1.04404e-11
      1301.69  2.00295e-08  1.18688e-11
      1302.03  1.91117e-08  1.22372e-11
      1302.37  1.70864e-08  1.11457e-11
      1302.71  1.94737e-08  1.19464e-11
      1303.05  2.13717e-08  1.21894e-11
      1303.39  2.41937e-08  1.30687e-11
      1303.73  2.58588e-08  1.36696e-11
      1304.07  2.38526e-08  1.32572e-11
      1304.41  2.41020e-08  1.38331e-11
      1304.75  2.55640e-08  1.44775e-11
      1305.09  2.68284e-08  1.46660e-11
      1305.43  3.19125e-08  1.55157e-11
      1305.77  3.81025e-08  1.62175e-11
      1306.11  3.82944e-08  1.57914e-11
      1306.46  2.59567e-08  1.26441e-11
      1306.80  1.24705e-08  8.79172e-12
      1307.14  6.41862e-09  6.65524e-12
      1307.48  4.35349e-09  5.88909e-12
      1307.82  3.46657e-09  5.53682e-12
      1308.16  3.47635e-09  5.52840e-12
      1308.51  4.07452e-09  5.85379e-12
      1308.85  3.33883e-09  5.29349e-12
      1309.19  2.32433e-09  4.58028e-12
      1309.53  2.07525e-09  4.49143e-12
      1309.88  2.01208e-09  4.66202e-12
      1310.22  2.15690e-09  4.89344e-12
      1310.56  2.85167e-09  5.51642e-12
      1310.91  5.35290e-09  6.95305e-12
      1311.25  9.83774e-09  9.18893e-12
      1311.60  1.00566e-08  8.97598e-12
      1311.94  5.99209e-09  6.68000e-12
      1312.28  3.07288e-09  4.97531e-12
      1312.63  2.05084e-09  4.51757e-12
      1312.97  1.76342e-09  4.28923e-12
      1313.32  2.47636e-09  4.83011e-12
      1313.66  4.13298e-09  6.15654e-12
      1314.01  3.49181e-09  5.58343e-12
      1314.35  1.94340e-09  4.41057e-12
      1314.70  1.43777e-09  3.97652e-12
      1315.05  1.41596e-09  4.00148e-12
      1315.39  1.59656e-09  4.11972e-12
      1315.74  2.04778e-09  4.59004e-12
      1316.08  3.17494e-09  5.56820e-12
      1316.43  6.54648e-09  7.74302e-12
      1316.78  1.14616e-08  1.05201e-11
      1317.12  9.07826e-09  9.13269e-12
      1317.47  4.07322e-09  5.94388e-12
      1317.82  2.34876e-09  4.68729e-12
      1318.17  2.44801e-09  4.56132e-12
      1318.51  4.28758e-09  6.25719e-12
      1318.86  5.46460e-09  7.41201e-12
      1319.21  3.65528e-09  5.69561e-12
      1319.56  2.05743e-09  4.64807e-12
      1319.91  2.13043e-09  4.80876e-12
      1320.25  2.14646e-09  4.60826e-12
      1320.60  2.11479e-09  4.41996e-12
      1320.95  2.58771e-09  4.77062e-12
      1321.30  3.73223e-09  5.40052e-12
      1321.65  7.68910e-09  7.49096e-12
      1322.00  1.45116e-08  1.12536e-11
      1322.35  1.22470e-08  1.03694e-11
      1322.70  5.94663e-09  7.33327e-12
      1323.05  3.62283e-09  6.08960e-12
      1323.40  4.05932e-09  6.02377e-12
      1323.75  4.93216e-09  6.20969e-12
      1324.10  5.23054e-09  6.35343e-12
      1324.45  3.80595e-09  5.51936e-12
      1324.80  2.71274e-09  4.98980e-12
      