227
      1249.95  1.11720e-08  1.17590e-11
      1250.27  5.50613e-09  8.40442e-12
      1250.58  1.77045e-09  5.45814e-12
      1250.89  1.18862e-09  5.01877e-12
      1251.20  1.59402e-09  5.21231e-12
      1251.52  2.56597e-09  6.02903e-12
      1251.83  4.55083e-09  7.74894e-12
      1252.14  5.97686e-09  8.95074e-12
      1252.46  5.75259e-09  9.06514e-12
      1252.77  5.31380e-09  8.66271e-12
      1253.09  8.78678e-09  1.05203e-11
      1253.40  1.66883e-08  1.37819e-11
      1253.71  2.07256e-08  1.52210e-11
      1254.03  1.29929e-08  1.18063e-11
      1254.34  6.28160e-09  8.50437e-12
      1254.66  7.67480e-09  9.59231e-12
      1254.97  1.17665e-08  1.26089e-11
      1255.29  8.14473e-09  1.06868e-11
      1255.60  3.72566e-09  7.71945e-12
      1255.92  4.00163e-09  8.17577e-12
      1256.23  7.01118e-09  9.36561e-12
      1256.55  1.12828e-08  1.15975e-11
      1256.87  8.05137e-09  9.50386e-12
      1257.18  3.63346e-09  6.78362e-12
      1257.50  2.56021e-09  6.23417e-12
      1257.81  2.92238e-09  7.06572e-12
      1258.13  3.73159e-09  7.56494e-12
      1258.45  3.74048e-09  7.41506e-12
      1258.76  3.93809e-09  7.14417e-12
      1259.08  7.12634e-09  8.47579e-12
      1259.40  1.47700e-08  1.14788e-11
      1259.72  2.01038e-08  1.31567e-11
      1260.03  1.51943e-08  1.11095e-11
      1260.35  1.10780e-08  9.28760e-12
      1260.67  1.41928e-08  1.12022e-11
      1260.99  1.31657e-08  1.08694e-11
      1261.30  1.04757e-08  9.36819e-12
      1261.62  1.31482e-08  1.06256e-11
      1261.94  1.36793e-08  1.02440e-11
      1262.26  1.40768e-08  1.05546e-11
      1262.58  9.76028e-09  8.52745e-12
      1262.90  1.05911e-08  8.42379e-12
      1263.22  1.70682e-08  1.15618e-11
      1263.54  1.39927e-08  1.05494e-11
      1263.86  8.61344e-09  8.67740e-12
      1264.17  6.82287e-09  8.24291e-12
      1264.49  4.90670e-09  6.98491e-12
      1264.81  5.20058e-09  6.78608e-12
      1265.13  1.06044e-08  9.25826e-12
      1265.45  1.67723e-08  1.17767e-11
      1265.77  1.50424e-08  1.12476e-11
      1266.10  8.02364e-09  8.35635e-12
      1266.42  4.01571e-09  6.56180e-12
      1266.74  3.40476e-09  6.45774e-12
      1267.06  4.63363e-09  7.24910e-12
      1267.38  9.84061e-09  9.66297e-12
      1267.70  1.85653e-08  1.35827e-11
      1268.02  1.97962e-08  1.30218e-11
      1268.34  1.95917e-08  1.29931e-11
      1268.67  1.75634e-08  1.18529e-11
      1268.99  1.75413e-08  1.19143e-11
      1269.31  1.37004e-08  1.06512e-11
      1269.63  8.85405e-09  8.75042e-12
      1269.95  7.32574e-09  8.11011e-12
      1270.28  8.97294e-09  8.45722e-12
      1270.60  1.49178e-08  1.06408e-11
      1270.92  1.82000e-08  1.13948e-11
      1271.25  1.99098e-08  1.13968e-11
      1271.57  1.92726e-08  1.10730e-11
      1271.89  1.17429e-08  8.64620e-12
      1272.22  5.15398e-09  6.10481e-12
      1272.54  3.08936e-09  5.26558e-12
      1272.86  2.50645e-09  5.08767e-12
      1273.19  2.35878e-09  4.99845e-12
      1273.51  2.88181e-09  5.15641e-12
      1273.84  4.53856e-09  6.03203e-12
      1274.16  6.05400e-09  6.73423e-12
      1274.49  7.97425e-09  7.60639e-12
      1274.81  1.41106e-08  1.04260e-11
      1275.14  1.94839e-08  1.28404e-11
      1275.46  1.76249e-08  1.27142e-11
      1275.79  1.16192e-08  1.05636e-11
      1276.11  7.66755e-09  8.57597e-12
      1276.44  9.95048e-09  9.18544e-12
      1276.76  1.64455e-08  1.17643e-11
      1277.09  1.75125e-08  1.16607e-11
      1277.42  1.75106e-08  1.18911e-11
      1277.74  1.23581e-08  1.01211e-11
      1278.07  5.80020e-09  7.19302e-12
      1278.40  3.35161e-09  6.05558e-12
      1278.72  2.56236e-09  5.53570e-12
      1279.05  2.52779e-09  5.28721e-12
      1279.38  3.39347e-09  5.60504e-12
      1279.71  5.15751e-09  6.13847e-12
      1280.03  6.86680e-09  6.90104e-12
      1280.36  6.25496e-09  6.44505e-12
      1280.69  6.58556e-09  6.76591e-12
      1281.02  8.66121e-09  7.76610e-12
      1281.34  1.27266e-08  9.71881e-12
      1281.67  1.56445e-08  1.17771e-11
      1282.00  1.16010e-08  9.85910e-12
      1282.33  1.24682e-08  9.34405e-12
      1282.66  1.90629e-08  1.14455e-11
      1282.99  2.41323e-08  1.29299e-11
      1283.32  2.39633e-08  1.31979e-11
      1283.65  1.69984e-08  1.15604e-11
      1283.98  9.07321e-09  8.90152e-12
      1284.31  5.17521e-09  7.35834e-12
      1284.64  3.82705e-09  6.57655e-12
      1284.97  3.78493e-09  6.48402e-12
      1285.30  4.43834e-09  6.77199e-12
      1285.63  3.81675e-09  6.00649e-12
      1285.96  3.52697e-09  5.55805e-12
      1286.29  5.38045e-09  6.68653e-12
      1286.62  7.55478e-09  8.06353e-12
      1286.95  7.12341e-09  7.71864e-12
      1287.28  8.97503e-09  8.43005e-12
      1287.61  1.56159e-08  1.09738e-11
      1287.95  1.86690e-08  1.14722e-11
      1288.28  1.86515e-08  1.08800e-11
      1288.61  1.86462e-08  1.04803e-11
      1288.94  1.84458e-08  1.05709e-11
      1289.27  1.31995e-08  8.93490e-12
      1289.61  9.74084e-09  8.22302e-12
      1289.94  7.75225e-09  7.88779e-12
      1290.27  5.27369e-09  6.79947e-12
      1290.61  4.43835e-09  6.66153e-12
      1290.94  3.36192e-09  5.85033e-12
      1291.27  2.49120e-09  5.09983e-12
      1291.61  2.89392e-09  5.26705e-12
      1291.94  4.75682e-09  6.49740e-12
      1292.27  8.20859e-09  8.34210e-12
      1292.61  1.17214e-08  1.05658e-11
      1292.94  8.69835e-09  9.01601e-12
      1293.28  6.70053e-09  7.98775e-12
      1293.61  8.76812e-09  9.08892e-12
      1293.95  1.13064e-08  9.41738e-12
      1294.28  1.67769e-08  1.09466e-11
      1294.62  1.88491e-08  1.11634e-11
      1294.95  1.59868e-08  9.94317e-12
      1295.29  1.52874e-08  9.85493e-12
      1295.62  1.31180e-08  9.32354e-12
      1295.96  9.66903e-09  8.17169e-12
      1296.29  8.36411e-09  7.78999e-12
      1296.63  8.71484e-09  7.87044e-12
      1296.97  1.07838e-08  8.41457e-12
      1297.30  1.66129e-08  1.03302e-11
      1297.64  2.21593e-08  1.21684e-11
      1297.98  1.88309e-08  1.14393e-11
      1298.31  1.19584e-08  9.59035e-12
      1298.65  6.74274e-09  7.71708e-12
      1298.99  5.14016e-09  6.96633e-12
      1299.33  8.82346e-09  8.90373e-12
      1299.66  1.58365e-08  1.18872e-11
      1300.00  1.78475e-08  1.19888e-11
      1300.34  1.55153e-08  1.09252e-11
      1300.68  1.07452e-08  8.77539e-12
      1301.02  1.10404e-08  8.68704e-12
      1301.35  1.89423e-08  1.16854e-11
      1301.69  2.27382e-08  1.27217e-11
      1302.03  2.19340e-08  1.24841e-11
      1302.37  1.95615e-08  1.11575e-11
      1302.71  2.24026e-08  1.17712e-11
      1303.05  2.47039e-08  1.18287e-11
      1303.39  2.81478e-08  1.26844e-11
      1303.73  3.02327e-08  1.34994e-11
      1304.07  2.82025e-08  1.35225e-11
      1304.41  2.86508e-08  1.44241e-11
      1304.75  3.02928e-08  1.54396e-11
      1305.09  3.16278e-08  1.61120e-11
      1305.43  3.65473e-08  1.77478e-11
      1305.77  4.42451e-08  1.90990e-11
      1306.11  4.33818e-08  1.83530e-11
      1306.46  2.94831e-08  1.47865e-11
      1306.80  1.45453e-08  1.04164e-11
      1307.14  7.65904e-09  7.98487e-12
      1307.48  5.18817e-09  6.94974e-12
      1307.82  4.11345e-09  6.27895e-12
      1308.16  4.11023e-09  6.05427e-12
      1308.51  4.83938e-09  6.26587e-12
      1308.85  3.99263e-09  5.42092e-12
      1309.19  2.85080e-09  4.54426e-12
      1309.53  2.58898e-09  4.43743e-12
      1309.88  2.56054e-09  4.57392e-12
      1310.22  2.78216e-09  4.98602e-12
      1310.56  3.66602e-09  5.67399e-12
      1310.91  6.73831e-09  7.43963e-12
      1311.25  1.20373e-08  1.01125e-11
      1311.60  1.22190e-08  1.00903e-11
      1311.94  7.35653e-09  7.69917e-12
      1312.28  3.82601e-09  5.77267e-12
      1312.63  2.54993e-09  5.13374e-12
      1312.97  2.18220e-09  4.98499e-12
      1313.32  2.98926e-09  5.65344e-12
      1313.66  4.78619e-09  6.99753e-12
      1314.01  4.08469e-09  6.33556e-12
      1314.35  2.32095e-09  4.74408e-12
      1314.70  1.73138e-09  4.18982e-12
      1315.05  1.72687e-09  3.96138e-12
      1315.39  1.98393e-09  4.07674e-12
      1315.74  2.57256e-09  4.57282e-12
      1316.08  4.00846e-09  5.63532e-12
      1316.43  8.18720e-09  8.00414e-12
      1316.78  1.38423e-08  1.08493e-11
      1317.12  1.10082e-08  9.79418e-12
      1317.47  5.17615e-09  6.66465e-12
      1317.82  3.01737e-09  5.38738e-12
      1318.17  3.08759e-09  5.45308e-12
      1318.51  5.22103e-09  7.20512e-12
      1318.86  6.52494e-09  7.94934e-12
      1319.21  4.36827e-09  6.75029e-12
      1319.56  2.52182e-09  6.02495e-12
      1319.91  2.61103e-09  6.18868e-12
      1320.25  2.54900e-09  5.25135e-12
      1320.60  2.53386e-09  4.63741e-12
      1320.95  3.12649e-09  4.82178e-12
      1321.30  4.57027e-09  5.48717e-12
      1321.65  9.19662e-09  7.53492e-12
      1322.00  1.70947e-08  1.12542e-11
      1322.35  1.48543e-08  1.07400e-11
      1322.70  7.42058e-09  7.73396e-12
      1323.05  4.63130e-09  6.41467e-12
      1323.40  5.13441e-09  6.70937e-12
      1323.75  6.13504e-09  7.17415e-12
      1324.10  6.40723e-09  7.42958e-12
      1324.45  4.65838e-09  6.46552e-12
      1324.80  3.25366e-09  5.82016e-12
      