227
      1249.95  8.41141e-09  1.16226e-11
      1250.27  3.92567e-09  8.34317e-12
      1250.58  1.17933e-09  5.83642e-12
      1250.89  8.00085e-10  5.11993e-12
      1251.20  1.09806e-09  5.31110e-12
      1251.52  1.80505e-09  5.76361e-12
      1251.83  3.29672e-09  7.15414e-12
      1252.14  4.34014e-09  7.93334e-12
      1252.46  4.12853e-09  7.83576e-12
      1252.77  3.79344e-09  7.47461e-12
      1253.09  6.49126e-09  8.88195e-12
      1253.40  1.27484e-08  1.14479e-11
      1253.71  1.60500e-08  1.25829e-11
      1254.03  9.90274e-09  9.43987e-12
      1254.34  4.54749e-09  6.52180e-12
      1254.66  5.62998e-09  7.17204e-12
      1254.97  9.11084e-09  9.48622e-12
      1255.29  6.13709e-09  7.92761e-12
      1255.60  2.60532e-09  5.64575e-12
      1255.92  2.90383e-09  5.99813e-12
      1256.23  5.19248e-09  7.08403e-12
      1256.55  8.64694e-09  9.12026e-12
      1256.87  6.18382e-09  7.52346e-12
      1257.18  2.65281e-09  5.39964e-12
      1257.50  1.88399e-09  4.99239e-12
      1257.81  2.16618e-09  5.43586e-12
      1258.13  2.73959e-09  6.15628e-12
      1258.45  2.73766e-09  6.29352e-12
      1258.76  2.89527e-09  6.24759e-12
      1259.08  5.37856e-09  7.73859e-12
      1259.40  1.14385e-08  1.07659e-11
      1259.72  1.57137e-08  1.26334e-11
      1260.03  1.17444e-08  1.07284e-11
      1260.35  8.42605e-09  9.15775e-12
      1260.67  1.09463e-08  1.09993e-11
      1260.99  1.00192e-08  1.04479e-11
      1261.30  7.85451e-09  9.16647e-12
      1261.62  9.89436e-09  1.05864e-11
      1261.94  1.04370e-08  1.03795e-11
      1262.26  1.06163e-08  1.04761e-11
      1262.58  7.81904e-09  8.54385e-12
      1262.90  8.14282e-09  8.36595e-12
      1263.22  1.26523e-08  1.07122e-11
      1263.54  1.05484e-08  9.59841e-12
      1263.86  6.45886e-09  7.72311e-12
      1264.17  4.90668e-09  7.01639e-12
      1264.49  3.49631e-09  5.93955e-12
      1264.81  3.80313e-09  5.70018e-12
      1265.13  8.03060e-09  7.68003e-12
      1265.45  1.28857e-08  9.50551e-12
      1265.77  1.14711e-08  8.79946e-12
      1266.10  5.95901e-09  6.36159e-12
      1266.42  2.88072e-09  4.85601e-12
      1266.74  2.42680e-09  4.73638e-12
      1267.06  3.39306e-09  5.38770e-12
      1267.38  7.60921e-09  7.48644e-12
      1267.70  1.46916e-08  1.05854e-11
      1268.02  1.56207e-08  1.04612e-11
      1268.34  1.53570e-08  1.04980e-11
      1268.67  1.38295e-08  9.86149e-12
      1268.99  1.37311e-08  1.03422e-11
      1269.31  1.05132e-08  9.22452e-12
      1269.63  6.68174e-09  7.72921e-12
      1269.95  5.43234e-09  7.39766e-12
      1270.28  6.71255e-09  7.92989e-12
      1270.60  1.18141e-08  1.06058e-11
      1270.92  1.40724e-08  1.10991e-11
      1271.25  1.53726e-08  1.14201e-11
      1271.57  1.53086e-08  1.14843e-11
      1271.89  8.78093e-09  8.57819e-12
      1272.22  3.59929e-09  5.94686e-12
      1272.54  2.14237e-09  5.12804e-12
      1272.86  1.73782e-09  4.83341e-12
      1273.19  1.63271e-09  4.71140e-12
      1273.51  2.01994e-09  4.77595e-12
      1273.84  3.26735e-09  5.43006e-12
      1274.16  4.43025e-09  5.87841e-12
      1274.49  5.89418e-09  6.23822e-12
      1274.81  1.07602e-08  8.34431e-12
      1275.14  1.51228e-08  1.00259e-11
      1275.46  1.36281e-08  9.62024e-12
      1275.79  8.80104e-09  7.84474e-12
      1276.11  5.58916e-09  6.31368e-12
      1276.44  7.43369e-09  7.09164e-12
      1276.76  1.31715e-08  9.69370e-12
      1277.09  1.35447e-08  9.36449e-12
      1277.42  1.40388e-08  1.00835e-11
      1277.74  9.58849e-09  8.34114e-12
      1278.07  4.20341e-09  5.86910e-12
      1278.40  2.42178e-09  5.17063e-12
      1278.72  1.85456e-09  4.87219e-12
      1279.05  1.83147e-09  4.92469e-12
      1279.38  2.49498e-09  5.38633e-12
      1279.71  3.83242e-09  6.26706e-12
      1280.03  5.13557e-09  7.00834e-12
      1280.36  4.66336e-09  6.45806e-12
      1280.69  4.85970e-09  6.64666e-12
      1281.02  6.46859e-09  7.54946e-12
      1281.34  9.65382e-09  9.20063e-12
      1281.67  1.18912e-08  1.02647e-11
      1282.00  9.23703e-09  8.62225e-12
      1282.33  9.32039e-09  8.17611e-12
      1282.66  1.46929e-08  9.95252e-12
      1282.99  1.89760e-08  1.09645e-11
      1283.32  1.90422e-08  1.09685e-11
      1283.65  1.32494e-08  9.12815e-12
      1283.98  6.73690e-09  6.72447e-12
      1284.31  3.72848e-09  5.46137e-12
      1284.64  2.76874e-09  5.03893e-12
      1284.97  2.75319e-09  5.06597e-12
      1285.30  3.25388e-09  5.57715e-12
      1285.63  2.83232e-09  5.19376e-12
      1285.96  2.62299e-09  4.98358e-12
      1286.29  4.07830e-09  6.05808e-12
      1286.62  5.77360e-09  7.18233e-12
      1286.95  5.44612e-09  7.01241e-12
      1287.28  6.89276e-09  7.85384e-12
      1287.61  1.21925e-08  1.06838e-11
      1287.95  1.46675e-08  1.14504e-11
      1288.28  1.45547e-08  1.11080e-11
      1288.61  1.44520e-08  1.07051e-11
      1288.94  1.43291e-08  1.06564e-11
      1289.27  1.01114e-08  8.74828e-12
      1289.61  7.25926e-09  7.55008e-12
      1289.94  5.73149e-09  6.95917e-12
      1290.27  3.82348e-09  5.80414e-12
      1290.61  3.21905e-09  5.44093e-12
      1290.94  2.46061e-09  4.76217e-12
      1291.27  1.79675e-09  4.14547e-12
      1291.61  2.10559e-09  4.32858e-12
      1291.94  3.51889e-09  5.10463e-12
      1292.27  6.22686e-09  6.55136e-12
      1292.61  8.98120e-09  8.22802e-12
      1292.94  6.75680e-09  7.24377e-12
      1293.28  5.05611e-09  6.55133e-12
      1293.61  6.62684e-09  7.65882e-12
      1293.95  8.71471e-09  8.50665e-12
      1294.28  1.30992e-08  1.03031e-11
      1294.62  1.47522e-08  1.08668e-11
      1294.95  1.23749e-08  9.73712e-12
      1295.29  1.17820e-08  9.76631e-12
      1295.62  1.00022e-08  9.18277e-12
      1295.96  7.20398e-09  7.85469e-12
      1296.29  6.17339e-09  7.42960e-12
      1296.63  6.42775e-09  7.31623e-12
      1296.97  8.04053e-09  7.66485e-12
      1297.30  1.27385e-08  9.14544e-12
      1297.64  1.73063e-08  1.05616e-11
      1297.98  1.46113e-08  9.54255e-12
      1298.31  9.01339e-09  7.66727e-12
      1298.65  4.98358e-09  6.02678e-12
      1298.99  3.77151e-09  5.41953e-12
      1299.33  6.73033e-09  7.20678e-12
      1299.66  1.23459e-08  9.71868e-12
      1300.00  1.40512e-08  1.02410e-11
      1300.34  1.20711e-08  9.56552e-12
      1300.68  8.32972e-09  7.83514e-12
      1301.02  8.62264e-09  7.95341e-12
      1301.35  1.49926e-08  1.09114e-11
      1301.69  1.81155e-08  1.21492e-11
      1302.03  1.74890e-08  1.21649e-11
      1302.37  1.54729e-08  1.10296e-11
      1302.71  1.78759e-08  1.17203e-11
      1303.05  1.96345e-08  1.16508e-11
      1303.39  2.25065e-08  1.21753e-11
      1303.73  2.43509e-08  1.25917e-11
      1304.07  2.23918e-08  1.19398e-11
      1304.41  2.27077e-08  1.22112e-11
      1304.75  2.42883e-08  1.28461e-11
      1305.09  2.54810e-08  1.31127e-11
      1305.43  3.03514e-08  1.42485e-11
      1305.77  3.62224e-08  1.55363e-11
      1306.11  3.62149e-08  1.55410e-11
      1306.46  2.42830e-08  1.25696e-11
      1306.80  1.14012e-08  8.80038e-12
      1307.14  5.73112e-09  6.64217e-12
      1307.48  3.82775e-09  5.89271e-12
      1307.82  3.01773e-09  5.56990e-12
      1308.16  3.03061e-09  5.59619e-12
      1308.51  3.57896e-09  5.91119e-12
      1308.85  2.94653e-09  5.21695e-12
      1309.19  2.05487e-09  4.47268e-12
      1309.53  1.84542e-09  4.25736e-12
      1309.88  1.81603e-09  4.33565e-12
      1310.22  1.96619e-09  4.47748e-12
      1310.56  2.61693e-09  4.94703e-12
      1310.91  4.98749e-09  6.28041e-12
      1311.25  9.44695e-09  8.56718e-12
      1311.60  9.52657e-09  8.40534e-12
      1311.94  5.50434e-09  6.35305e-12
      1312.28  2.77557e-09  4.76987e-12
      1312.63  1.84286e-09  4.26441e-12
      1312.97  1.56964e-09  4.19240e-12
      1313.32  2.16430e-09  4.74341e-12
      1313.66  3.74368e-09  6.25343e-12
      1314.01  3.10254e-09  5.75568e-12
      1314.35  1.67842e-09  4.45923e-12
      1314.70  1.25302e-09  3.96741e-12
      1315.05  1.24080e-09  3.91532e-12
      1315.39  1.42376e-09  3.97230e-12
      1315.74  1.85039e-09  4.39869e-12
      1316.08  2.91137e-09  5.24836e-12
      1316.43  6.13424e-09  7.11324e-12
      1316.78  1.08383e-08  1.00279e-11
      1317.12  8.52147e-09  8.24858e-12
      1317.47  3.79971e-09  5.51242e-12
      1317.82  2.17917e-09  4.55007e-12
      1318.17  2.26055e-09  4.47696e-12
      1318.51  3.91964e-09  5.69949e-12
      1318.86  4.90656e-09  6.50819e-12
      1319.21  3.24700e-09  5.55498e-12
      1319.56  1.83750e-09  4.74346e-12
      1319.91  1.87153e-09  4.89099e-12
      1320.25  1.86701e-09  4.60747e-12
      1320.60  1.85185e-09  4.44571e-12
      1320.95  2.29324e-09  4.63096e-12
      1321.30  3.33934e-09  5.22110e-12
      1321.65  7.14296e-09  7.16067e-12
      1322.00  1.36381e-08  1.04555e-11
      1322.35  1.14285e-08  9.54777e-12
      1322.70  5.59040e-09  6.79807e-12
      1323.05  3.40545e-09  5.51851e-12
      1323.40  3.80356e-09  5.80033e-12
      1323.75  4.54812e-09  6.02688e-12
      1324.10  4.77520e-09  6.18112e-12
      1324.45  3.42584e-09  5.36310e-12
      1324.80  2.40513e-09  4.85791e-12
      