227
      1249.95  8.11991e-09  9.54666e-12
      1250.27  3.78792e-09  6.88869e-12
      1250.58  1.15588e-09  4.80448e-12
      1250.89  8.03606e-10  4.56153e-12
      1251.20  1.09108e-09  4.77532e-12
      1251.52  1.78895e-09  5.21343e-12
      1251.83  3.22139e-09  6.40543e-12
      1252.14  4.20463e-09  7.07970e-12
      1252.46  3.98446e-09  7.08990e-12
      1252.77  3.67130e-09  6.94154e-12
      1253.09  6.30391e-09  8.68975e-12
      1253.40  1.24044e-08  1.19483e-11
      1253.71  1.56087e-08  1.34313e-11
      1254.03  9.42737e-09  1.01128e-11
      1254.34  4.31276e-09  7.09147e-12
      1254.66  5.34282e-09  8.00182e-12
      1254.97  9.03927e-09  1.13378e-11
      1255.29  5.89320e-09  9.12729e-12
      1255.60  2.49578e-09  6.58928e-12
      1255.92  2.84479e-09  7.38371e-12
      1256.23  5.08306e-09  8.87402e-12
      1256.55  8.26406e-09  1.11580e-11
      1256.87  5.92061e-09  9.05897e-12
      1257.18  2.55615e-09  6.38598e-12
      1257.50  1.79157e-09  5.74518e-12
      1257.81  2.06711e-09  5.91546e-12
      1258.13  2.59956e-09  6.46709e-12
      1258.45  2.59457e-09  6.44896e-12
      1258.76  2.72806e-09  6.39764e-12
      1259.08  5.05389e-09  7.77602e-12
      1259.40  1.09498e-08  1.07463e-11
      1259.72  1.52211e-08  1.22699e-11
      1260.03  1.11532e-08  9.90317e-12
      1260.35  7.88750e-09  8.04817e-12
      1260.67  1.04392e-08  9.49468e-12
      1260.99  9.63224e-09  8.97248e-12
      1261.30  7.54595e-09  7.77374e-12
      1261.62  9.48548e-09  8.92329e-12
      1261.94  1.01130e-08  8.90623e-12
      1262.26  1.02167e-08  9.03017e-12
      1262.58  7.55934e-09  7.45108e-12
      1262.90  7.90734e-09  7.40860e-12
      1263.22  1.22910e-08  9.48496e-12
      1263.54  1.01933e-08  8.55710e-12
      1263.86  6.22658e-09  6.96667e-12
      1264.17  4.75927e-09  6.61223e-12
      1264.49  3.38088e-09  5.82720e-12
      1264.81  3.66985e-09  6.04184e-12
      1265.13  7.80983e-09  8.54000e-12
      1265.45  1.25005e-08  1.06807e-11
      1265.77  1.11196e-08  9.87692e-12
      1266.10  5.91537e-09  7.42639e-12
      1266.42  2.83276e-09  5.70655e-12
      1266.74  2.39473e-09  5.60323e-12
      1267.06  3.37765e-09  6.36372e-12
      1267.38  7.54015e-09  8.98317e-12
      1267.70  1.40403e-08  1.23810e-11
      1268.02  1.50382e-08  1.22304e-11
      1268.34  1.45595e-08  1.21671e-11
      1268.67  1.31272e-08  1.09364e-11
      1268.99  1.30331e-08  1.09106e-11
      1269.31  9.91238e-09  9.21407e-12
      1269.63  6.32124e-09  7.39780e-12
      1269.95  5.14403e-09  6.82788e-12
      1270.28  6.40239e-09  7.16069e-12
      1270.60  1.12987e-08  9.56472e-12
      1270.92  1.35033e-08  9.87104e-12
      1271.25  1.47288e-08  9.94883e-12
      1271.57  1.45061e-08  9.79258e-12
      1271.89  8.46583e-09  7.27092e-12
      1272.22  3.53490e-09  4.99067e-12
      1272.54  2.08991e-09  4.31436e-12
      1272.86  1.69150e-09  4.22197e-12
      1273.19  1.59593e-09  4.23820e-12
      1273.51  1.98308e-09  4.57639e-12
      1273.84  3.19237e-09  5.58673e-12
      1274.16  4.28144e-09  6.20128e-12
      1274.49  5.70940e-09  6.71838e-12
      1274.81  1.05231e-08  9.02468e-12
      1275.14  1.47505e-08  1.08855e-11
      1275.46  1.32282e-08  1.04032e-11
      1275.79  8.58474e-09  8.86892e-12
      1276.11  5.33654e-09  7.47434e-12
      1276.44  7.16008e-09  8.59511e-12
      1276.76  1.28370e-08  1.16214e-11
      1277.09  1.30544e-08  1.09363e-11
      1277.42  1.32751e-08  1.12026e-11
      1277.74  9.05590e-09  8.92397e-12
      1278.07  3.95692e-09  5.91644e-12
      1278.40  2.28947e-09  4.93926e-12
      1278.72  1.76163e-09  4.59470e-12
      1279.05  1.74276e-09  4.52478e-12
      1279.38  2.38176e-09  4.93673e-12
      1279.71  3.67760e-09  5.52418e-12
      1280.03  4.93726e-09  6.19916e-12
      1280.36  4.42608e-09  5.62139e-12
      1280.69  4.67085e-09  5.74791e-12
      1281.02  6.20064e-09  6.55521e-12
      1281.34  9.36265e-09  8.21021e-12
      1281.67  1.16446e-08  9.60953e-12
      1282.00  8.82086e-09  8.21293e-12
      1282.33  8.96495e-09  8.55534e-12
      1282.66  1.43212e-08  1.14026e-11
      1282.99  1.86500e-08  1.28588e-11
      1283.32  1.84798e-08  1.23746e-11
      1283.65  1.28253e-08  1.01262e-11
      1283.98  6.57869e-09  7.50447e-12
      1284.31  3.65476e-09  6.21343e-12
      1284.64  2.70113e-09  5.72509e-12
      1284.97  2.68294e-09  5.76239e-12
      1285.30  3.13789e-09  6.12266e-12
      1285.63  2.71436e-09  5.57104e-12
      1285.96  2.49507e-09  5.11714e-12
      1286.29  3.87992e-09  5.89488e-12
      1286.62  5.50569e-09  6.77686e-12
      1286.95  5.11223e-09  6.29483e-12
      1287.28  6.49704e-09  6.79150e-12
      1287.61  1.17815e-08  9.34049e-12
      1287.95  1.40679e-08  1.00016e-11
      1288.28  1.39759e-08  9.95187e-12
      1288.61  1.38671e-08  9.77718e-12
      1288.94  1.38734e-08  1.00652e-11
      1289.27  9.69066e-09  8.22337e-12
      1289.61  6.93976e-09  7.24572e-12
      1289.94  5.51784e-09  6.76620e-12
      1290.27  3.69216e-09  5.78566e-12
      1290.61  3.12263e-09  5.84352e-12
      1290.94  2.39707e-09  5.25267e-12
      1291.27  1.79398e-09  4.73202e-12
      1291.61  2.15201e-09  5.14755e-12
      1291.94  3.53209e-09  6.14598e-12
      1292.27  6.11187e-09  7.49319e-12
      1292.61  8.71426e-09  8.93081e-12
      1292.94  6.40774e-09  7.33897e-12
      1293.28  4.79381e-09  6.50030e-12
      1293.61  6.27525e-09  7.42115e-12
      1293.95  8.18980e-09  7.90840e-12
      1294.28  1.25880e-08  9.62560e-12
      1294.62  1.41453e-08  9.85751e-12
      1294.95  1.16973e-08  8.64129e-12
      1295.29  1.13079e-08  8.73149e-12
      1295.62  9.55136e-09  8.09159e-12
      1295.96  6.84178e-09  7.10846e-12
      1296.29  5.89791e-09  6.92154e-12
      1296.63  6.18565e-09  7.23124e-12
      1296.97  7.80992e-09  8.08205e-12
      1297.30  1.24144e-08  1.01839e-11
      1297.64  1.68231e-08  1.18144e-11
      1297.98  1.41820e-08  1.06090e-11
      1298.31  8.72555e-09  8.27760e-12
      1298.65  4.81556e-09  6.38018e-12
      1298.99  3.64632e-09  5.89209e-12
      1299.33  6.55679e-09  7.79556e-12
      1299.66  1.19604e-08  1.02608e-11
      1300.00  1.34216e-08  1.04454e-11
      1300.34  1.14752e-08  9.54886e-12
      1300.68  7.76657e-09  7.38181e-12
      1301.02  8.09212e-09  7.25132e-12
      1301.35  1.44930e-08  9.93649e-12
      1301.69  1.73255e-08  1.07337e-11
      1302.03  1.68265e-08  1.08398e-11
      1302.37  1.46236e-08  1.00348e-11
      1302.71  1.73495e-08  1.14711e-11
      1303.05  1.88553e-08  1.16744e-11
      1303.39  2.18542e-08  1.26963e-11
      1303.73  2.37560e-08  1.33424e-11
      1304.07  2.17295e-08  1.25935e-11
      1304.41  2.20944e-08  1.29028e-11
      1304.75  2.36592e-08  1.36238e-11
      1305.09  2.48329e-08  1.38429e-11
      1305.43  2.94479e-08  1.51689e-11
      1305.77  3.53136e-08  1.70633e-11
      1306.11  3.52469e-08  1.65603e-11
      1306.46  2.34931e-08  1.27539e-11
      1306.80  1.09484e-08  8.51853e-12
      1307.14  5.39941e-09  6.27638e-12
      1307.48  3.59424e-09  5.41058e-12
      1307.82  2.83791e-09  5.01572e-12
      1308.16  2.86190e-09  5.10810e-12
      1308.51  3.41168e-09  5.56423e-12
      1308.85  2.77481e-09  5.12257e-12
      1309.19  1.96206e-09  4.52996e-12
      1309.53  1.78698e-09  4.36704e-12
      1309.88  1.76651e-09  4.42659e-12
      1310.22  1.91541e-09  4.59546e-12
      1310.56  2.51779e-09  5.08203e-12
      1310.91  4.73081e-09  6.72590e-12
      1311.25  9.50111e-09  9.59325e-12
      1311.60  9.33231e-09  8.82512e-12
      1311.94  5.38152e-09  6.63267e-12
      1312.28  2.65804e-09  4.99282e-12
      1312.63  1.77511e-09  4.19400e-12
      1312.97  1.50231e-09  4.08181e-12
      1313.32  2.06566e-09  4.48154e-12
      1313.66  3.52459e-09  5.71648e-12
      1314.01  2.90248e-09  5.16778e-12
      1314.35  1.59524e-09  4.22383e-12
      1314.70  1.20262e-09  3.87145e-12
      1315.05  1.19832e-09  3.88439e-12
      1315.39  1.37017e-09  4.06800e-12
      1315.74  1.79828e-09  4.70047e-12
      1316.08  2.85095e-09  5.28446e-12
      1316.43  6.05219e-09  7.36671e-12
      1316.78  1.04012e-08  9.80041e-12
      1317.12  8.13894e-09  8.48254e-12
      1317.47  3.73874e-09  5.68868e-12
      1317.82  2.12300e-09  4.52771e-12
      1318.17  2.21664e-09  4.49400e-12
      1318.51  3.79438e-09  5.58728e-12
      1318.86  4.62516e-09  6.26765e-12
      1319.21  3.00718e-09  5.19444e-12
      1319.56  1.74012e-09  4.31581e-12
      1319.91  1.77952e-09  4.58360e-12
      1320.25  1.76739e-09  4.53744e-12
      1320.60  1.75755e-09  4.42691e-12
      1320.95  2.18398e-09  4.74998e-12
      1321.30  3.19087e-09  5.38021e-12
      1321.65  6.83771e-09  7.39284e-12
      1322.00  1.33435e-08  1.10392e-11
      1322.35  1.11408e-08  9.85566e-12
      1322.70  5.34649e-09  6.84871e-12
      1323.05  3.26503e-09  5.62912e-12
      1323.40  3.64830e-09  5.68465e-12
      1323.75  4.37264e-09  5.84581e-12
      1324.10  4.56861e-09  5.97421e-12
      1324.45  3.31898e-09  5.15006e-12
      1324.80  2.27471e-09  4.57116e-12
      