227
      1249.95  1.12237e-08  1.19667e-11
      1250.27  5.55324e-09  8.66084e-12
      1250.58  1.83641e-09  5.63954e-12
      1250.89  1.25101e-09  5.28272e-12
      1251.20  1.65149e-09  5.38525e-12
      1251.52  2.65218e-09  6.00458e-12
      1251.83  4.65470e-09  7.47845e-12
      1252.14  6.09952e-09  8.57114e-12
      1252.46  5.84074e-09  8.55279e-12
      1252.77  5.37492e-09  8.11910e-12
      1253.09  8.92127e-09  9.81225e-12
      1253.40  1.70297e-08  1.31321e-11
      1253.71  2.11567e-08  1.44537e-11
      1254.03  1.30890e-08  1.08527e-11
      1254.34  6.36361e-09  7.62286e-12
      1254.66  7.79808e-09  8.50226e-12
      1254.97  1.20183e-08  1.11156e-11
      1255.29  8.25415e-09  9.30421e-12
      1255.60  3.78282e-09  6.69372e-12
      1255.92  4.10193e-09  7.04405e-12
      1256.23  7.14878e-09  8.48607e-12
      1256.55  1.14473e-08  1.06214e-11
      1256.87  8.15661e-09  8.58551e-12
      1257.18  3.72914e-09  6.09472e-12
      1257.50  2.65337e-09  5.65688e-12
      1257.81  3.01666e-09  6.61593e-12
      1258.13  3.84034e-09  7.03867e-12
      1258.45  3.83234e-09  6.98762e-12
      1258.76  3.99688e-09  6.91541e-12
      1259.08  7.17240e-09  8.29297e-12
      1259.40  1.49913e-08  1.16180e-11
      1259.72  2.04910e-08  1.34928e-11
      1260.03  1.53368e-08  1.13802e-11
      1260.35  1.10963e-08  9.59826e-12
      1260.67  1.43867e-08  1.16783e-11
      1260.99  1.33564e-08  1.12634e-11
      1261.30  1.05626e-08  9.83146e-12
      1261.62  1.31129e-08  1.16899e-11
      1261.94  1.38318e-08  1.16311e-11
      1262.26  1.40614e-08  1.23510e-11
      1262.58  9.69734e-09  9.51634e-12
      1262.90  1.08250e-08  8.99797e-12
      1263.22  1.71177e-08  1.18219e-11
      1263.54  1.40870e-08  1.03988e-11
      1263.86  8.76342e-09  8.38744e-12
      1264.17  6.92699e-09  7.79501e-12
      1264.49  4.99760e-09  6.61298e-12
      1264.81  5.34538e-09  6.55920e-12
      1265.13  1.08129e-08  8.80766e-12
      1265.45  1.69494e-08  1.08098e-11
      1265.77  1.51979e-08  1.00238e-11
      1266.10  8.19357e-09  7.38865e-12
      1266.42  4.13175e-09  5.62497e-12
      1266.74  3.51508e-09  5.52817e-12
      1267.06  4.81062e-09  6.26383e-12
      1267.38  1.00296e-08  8.69910e-12
      1267.70  1.78011e-08  1.20736e-11
      1268.02  1.98043e-08  1.24851e-11
      1268.34  1.96900e-08  1.22758e-11
      1268.67  1.76256e-08  1.14867e-11
      1268.99  1.77395e-08  1.13208e-11
      1269.31  1.37948e-08  1.02033e-11
      1269.63  9.00462e-09  8.58725e-12
      1269.95  7.42503e-09  8.11182e-12
      1270.28  9.05875e-09  8.67941e-12
      1270.60  1.52008e-08  1.12630e-11
      1270.92  1.83106e-08  1.17861e-11
      1271.25  1.98551e-08  1.20174e-11
      1271.57  1.94078e-08  1.19986e-11
      1271.89  1.17924e-08  9.20717e-12
      1272.22  5.22330e-09  6.38964e-12
      1272.54  3.17185e-09  5.44096e-12
      1272.86  2.57819e-09  5.14585e-12
      1273.19  2.42664e-09  4.97642e-12
      1273.51  2.98604e-09  5.15476e-12
      1273.84  4.63673e-09  5.96636e-12
      1274.16  6.15477e-09  6.47817e-12
      1274.49  8.16195e-09  6.96611e-12
      1274.81  1.43478e-08  9.28616e-12
      1275.14  1.97399e-08  1.11612e-11
      1275.46  1.78263e-08  1.07678e-11
      1275.79  1.17831e-08  8.99589e-12
      1276.11  7.72184e-09  7.28210e-12
      1276.44  9.99175e-09  8.10661e-12
      1276.76  1.66002e-08  1.07384e-11
      1277.09  1.75010e-08  1.08173e-11
      1277.42  1.78478e-08  1.10053e-11
      1277.74  1.24333e-08  9.30332e-12
      1278.07  5.82428e-09  6.75883e-12
      1278.40  3.41899e-09  5.81715e-12
      1278.72  2.62961e-09  5.60358e-12
      1279.05  2.59504e-09  5.68811e-12
      1279.38  3.47680e-09  5.91043e-12
      1279.71  5.24917e-09  6.74566e-12
      1280.03  6.93776e-09  7.69256e-12
      1280.36  6.34373e-09  7.10504e-12
      1280.69  6.70256e-09  7.30385e-12
      1281.02  8.80193e-09  8.22862e-12
      1281.34  1.29225e-08  1.00375e-11
      1281.67  1.59107e-08  1.24921e-11
      1282.00  1.17710e-08  1.01156e-11
      1282.33  1.25822e-08  9.20277e-12
      1282.66  1.93230e-08  1.10244e-11
      1282.99  2.45119e-08  1.19580e-11
      1283.32  2.44444e-08  1.18563e-11
      1283.65  1.71993e-08  9.99969e-12
      1283.98  9.10007e-09  7.54695e-12
      1284.31  5.22432e-09  6.22451e-12
      1284.64  3.90522e-09  5.72140e-12
      1284.97  3.85871e-09  5.68595e-12
      1285.30  4.52867e-09  6.23096e-12
      1285.63  3.89531e-09  5.62907e-12
      1285.96  3.61076e-09  5.38234e-12
      1286.29  5.48516e-09  6.57621e-12
      1286.62  7.65344e-09  8.02756e-12
      1286.95  7.20652e-09  7.77552e-12
      1287.28  9.10731e-09  8.70175e-12
      1287.61  1.58179e-08  1.17302e-11
      1287.95  1.88712e-08  1.25001e-11
      1288.28  1.88546e-08  1.20679e-11
      1288.61  1.88101e-08  1.15375e-11
      1288.94  1.86407e-08  1.15108e-11
      1289.27  1.32444e-08  9.24398e-12
      1289.61  9.86402e-09  8.18674e-12
      1289.94  7.83966e-09  7.40426e-12
      1290.27  5.30197e-09  6.14872e-12
      1290.61  4.53697e-09  5.88891e-12
      1290.94  3.43095e-09  5.11328e-12
      1291.27  2.53936e-09  4.51349e-12
      1291.61  2.95766e-09  4.58103e-12
      1291.94  4.86745e-09  5.67681e-12
      1292.27  8.34473e-09  7.27967e-12
      1292.61  1.19443e-08  9.36369e-12
      1292.94  8.77644e-09  8.07816e-12
      1293.28  6.77345e-09  7.44337e-12
      1293.61  8.92795e-09  8.78855e-12
      1293.95  1.14631e-08  9.52133e-12
      1294.28  1.70128e-08  1.15295e-11
      1294.62  1.90712e-08  1.20124e-11
      1294.95  1.61275e-08  1.07753e-11
      1295.29  1.54614e-08  1.07738e-11
      1295.62  1.32516e-08  1.00603e-11
      1295.96  9.75798e-09  8.69223e-12
      1296.29  8.44849e-09  8.09404e-12
      1296.63  8.80802e-09  8.03059e-12
      1296.97  1.08874e-08  8.37201e-12
      1297.30  1.67936e-08  9.89325e-12
      1297.64  2.24671e-08  1.12306e-11
      1297.98  1.90410e-08  1.01048e-11
      1298.31  1.21339e-08  8.29356e-12
      1298.65  6.79930e-09  6.47598e-12
      1298.99  5.17818e-09  5.93328e-12
      1299.33  8.93001e-09  7.79881e-12
      1299.66  1.62104e-08  1.08984e-11
      1300.00  1.80763e-08  1.12214e-11
      1300.34  1.57638e-08  1.07108e-11
      1300.68  1.07491e-08  8.76994e-12
      1301.02  1.11151e-08  8.78737e-12
      1301.35  1.93046e-08  1.22477e-11
      1301.69  2.29918e-08  1.33964e-11
      1302.03  2.21793e-08  1.33006e-11
      1302.37  1.96970e-08  1.20248e-11
      1302.71  2.26518e-08  1.27306e-11
      1303.05  2.48901e-08  1.25503e-11
      1303.39  2.83283e-08  1.28671e-11
      1303.73  3.04417e-08  1.30368e-11
      1304.07  2.83961e-08  1.23186e-11
      1304.41  2.88978e-08  1.26493e-11
      1304.75  3.06061e-08  1.32254e-11
      1305.09  3.20356e-08  1.36611e-11
      1305.43  3.75912e-08  1.49981e-11
      1305.77  4.41375e-08  1.63414e-11
      1306.11  4.37232e-08  1.66036e-11
      1306.46  2.95900e-08  1.36499e-11
      1306.80  1.46356e-08  9.82360e-12
      1307.14  7.75737e-09  7.72408e-12
      1307.48  5.26121e-09  6.83041e-12
      1307.82  4.18343e-09  6.56109e-12
      1308.16  4.19079e-09  6.44601e-12
      1308.51  4.97153e-09  6.78090e-12
      1308.85  4.03046e-09  5.89634e-12
      1309.19  2.89235e-09  5.01898e-12
      1309.53  2.64350e-09  4.65441e-12
      1309.88  2.60663e-09  4.51076e-12
      1310.22  2.82738e-09  4.67655e-12
      1310.56  3.72416e-09  5.14525e-12
      1310.91  6.81207e-09  6.54439e-12
      1311.25  1.23157e-08  8.89488e-12
      1311.60  1.24029e-08  8.81760e-12
      1311.94  7.40740e-09  6.79365e-12
      1312.28  3.87122e-09  5.25246e-12
      1312.63  2.59918e-09  4.79171e-12
      1312.97  2.23653e-09  4.65714e-12
      1313.32  3.07081e-09  5.49930e-12
      1313.66  4.85848e-09  6.99307e-12
      1314.01  4.13575e-09  6.48357e-12
      1314.35  2.38356e-09  5.06905e-12
      1314.70  1.79033e-09  4.43756e-12
      1315.05  1.78056e-09  4.26317e-12
      1315.39  2.03230e-09  4.24733e-12
      1315.74  2.63496e-09  4.63064e-12
      1316.08  4.11343e-09  5.48423e-12
      1316.43  8.37505e-09  7.33319e-12
      1316.78  1.37964e-08  9.60547e-12
      1317.12  1.10260e-08  8.50446e-12
      1317.47  5.32899e-09  5.88197e-12
      1317.82  3.11081e-09  4.82772e-12
      1318.17  3.21699e-09  4.88402e-12
      1318.51  5.34586e-09  6.40143e-12
      1318.86  6.56921e-09  7.46432e-12
      1319.21  4.54898e-09  6.77870e-12
      1319.56  2.96120e-09  6.99594e-12
      1319.91  2.73257e-09  5.47965e-12
      1320.25  2.59934e-09  5.95594e-12
      1320.60  2.60079e-09  5.02559e-12
      1320.95  3.19288e-09  5.17959e-12
      1321.30  4.63192e-09  5.75532e-12
      1321.65  9.28814e-09  7.62197e-12
      1322.00  1.72751e-08  1.07999e-11
      1322.35  1.49636e-08  9.96015e-12
      1322.70  7.48546e-09  6.99240e-12
      1323.05  4.71434e-09  5.71919e-12
      1323.40  5.23296e-09  5.98298e-12
      1323.75  6.24281e-09  6.52205e-12
      1324.10  6.46365e-09  6.79832e-12
      1324.45  4.71929e-09  5.98283e-12
      1324.80  3.31106e-09  5.48306e-12
      