227
      1249.95  1.16948e-08  1.39183e-11
      1250.27  6.04192e-09  9.83415e-12
      1250.58  2.19891e-09  6.53972e-12
      1250.89  1.54926e-09  5.92020e-12
      1251.20  1.93846e-09  6.33600e-12
      1251.52  2.90362e-09  7.23871e-12
      1251.83  4.91035e-09  8.99652e-12
      1252.14  6.39410e-09  1.02274e-11
      1252.46  6.18975e-09  1.01941e-11
      1252.77  5.68380e-09  9.40360e-12
      1253.09  9.06822e-09  1.10566e-11
      1253.40  1.70299e-08  1.45291e-11
      1253.71  2.13452e-08  1.62481e-11
      1254.03  1.37166e-08  1.28227e-11
      1254.34  6.76511e-09  9.19612e-12
      1254.66  7.97398e-09  1.03984e-11
      1254.97  1.21759e-08  1.36084e-11
      1255.29  8.69929e-09  1.14951e-11
      1255.60  4.14767e-09  8.18356e-12
      1255.92  4.32919e-09  8.38699e-12
      1256.23  7.26202e-09  9.74706e-12
      1256.55  1.16524e-08  1.25275e-11
      1256.87  8.66694e-09  1.06970e-11
      1257.18  4.11555e-09  7.83409e-12
      1257.50  2.97168e-09  7.32526e-12
      1257.81  3.33384e-09  7.84835e-12
      1258.13  4.13142e-09  8.71337e-12
      1258.45  4.17759e-09  8.54234e-12
      1258.76  4.40094e-09  8.31262e-12
      1259.08  7.54862e-09  9.87371e-12
      1259.40  1.51414e-08  1.36162e-11
      1259.72  2.06435e-08  1.61127e-11
      1260.03  1.60435e-08  1.40013e-11
      1260.35  1.17472e-08  1.19377e-11
      1260.67  1.45999e-08  1.41137e-11
      1260.99  1.38127e-08  1.37717e-11
      1261.30  1.10915e-08  1.19024e-11
      1261.62  1.34973e-08  1.32170e-11
      1261.94  1.42956e-08  1.28760e-11
      1262.26  1.46537e-08  1.29229e-11
      1262.58  1.10226e-08  1.08082e-11
      1262.90  1.11582e-08  1.06918e-11
      1263.22  1.69969e-08  1.37393e-11
      1263.54  1.46403e-08  1.27495e-11
      1263.86  9.31079e-09  1.02118e-11
      1264.17  7.25337e-09  9.23215e-12
      1264.49  5.40258e-09  7.73043e-12
      1264.81  5.67139e-09  7.41288e-12
      1265.13  1.09169e-08  9.84321e-12
      1265.45  1.69865e-08  1.23702e-11
      1265.77  1.55384e-08  1.18826e-11
      1266.10  8.68834e-09  8.98068e-12
      1266.42  4.49610e-09  7.00709e-12
      1266.74  3.75643e-09  6.79632e-12
      1267.06  4.95176e-09  7.48824e-12
      1267.38  1.01199e-08  9.94865e-12
      1267.70  1.89095e-08  1.36001e-11
      1268.02  2.04516e-08  1.36475e-11
      1268.34  2.00885e-08  1.36757e-11
      1268.67  1.84063e-08  1.31726e-11
      1268.99  1.80127e-08  1.37965e-11
      1269.31  1.44001e-08  1.26428e-11
      1269.63  9.48452e-09  1.05227e-11
      1269.95  7.83397e-09  9.85842e-12
      1270.28  9.42886e-09  1.02994e-11
      1270.60  1.53822e-08  1.30597e-11
      1270.92  1.86852e-08  1.38675e-11
      1271.25  2.02534e-08  1.41830e-11
      1271.57  2.00622e-08  1.45118e-11
      1271.89  1.24041e-08  1.13708e-11
      1272.22  5.61324e-09  7.98178e-12
      1272.54  3.46867e-09  6.81585e-12
      1272.86  2.86110e-09  6.30750e-12
      1273.19  2.69653e-09  5.93055e-12
      1273.51  3.18079e-09  5.90586e-12
      1273.84  4.85374e-09  6.88489e-12
      1274.16  6.46631e-09  7.70524e-12
      1274.49  8.29088e-09  8.23990e-12
      1274.81  1.43297e-08  1.11156e-11
      1275.14  1.99461e-08  1.33809e-11
      1275.46  1.82554e-08  1.29780e-11
      1275.79  1.21846e-08  1.05870e-11
      1276.11  7.97639e-09  8.46079e-12
      1276.44  9.71984e-09  9.16285e-12
      1276.76  1.77430e-08  1.31869e-11
      1277.09  1.79377e-08  1.21741e-11
      1277.42  1.83913e-08  1.30106e-11
      1277.74  1.29948e-08  1.12329e-11
      1278.07  6.14569e-09  8.10703e-12
      1278.40  3.72992e-09  7.06004e-12
      1278.72  2.91682e-09  6.44149e-12
      1279.05  2.83710e-09  6.25956e-12
      1279.38  3.71076e-09  6.80590e-12
      1279.71  5.45134e-09  7.84833e-12
      1280.03  7.34370e-09  9.06694e-12
      1280.36  6.62877e-09  8.42590e-12
      1280.69  6.92206e-09  8.84819e-12
      1281.02  9.00855e-09  1.00920e-11
      1281.34  1.31081e-08  1.22284e-11
      1281.67  1.61198e-08  1.37252e-11
      1282.00  1.26845e-08  1.13560e-11
      1282.33  1.27057e-08  1.07328e-11
      1282.66  1.94222e-08  1.29839e-11
      1282.99  2.47345e-08  1.43559e-11
      1283.32  2.48336e-08  1.44045e-11
      1283.65  1.77059e-08  1.22736e-11
      1283.98  9.51496e-09  9.28182e-12
      1284.31  5.54002e-09  7.57607e-12
      1284.64  4.16870e-09  6.78756e-12
      1284.97  4.08725e-09  6.57171e-12
      1285.30  4.83808e-09  7.10958e-12
      1285.63  4.18645e-09  6.43717e-12
      1285.96  3.82111e-09  6.14269e-12
      1286.29  5.67153e-09  7.54204e-12
      1286.62  7.94317e-09  9.33837e-12
      1286.95  7.52148e-09  9.20684e-12
      1287.28  9.28440e-09  1.02089e-11
      1287.61  1.59601e-08  1.37789e-11
      1287.95  1.92359e-08  1.47379e-11
      1288.28  1.92102e-08  1.41999e-11
      1288.61  1.91601e-08  1.37377e-11
      1288.94  1.89171e-08  1.38445e-11
      1289.27  1.38424e-08  1.16690e-11
      1289.61  1.01990e-08  1.03503e-11
      1289.94  8.16880e-09  9.60693e-12
      1290.27  5.67761e-09  8.07132e-12
      1290.61  4.79358e-09  7.46825e-12
      1290.94  3.71864e-09  6.35345e-12
      1291.27  2.81000e-09  5.38846e-12
      1291.61  3.19003e-09  5.45185e-12
      1291.94  5.05841e-09  6.58156e-12
      1292.27  8.50029e-09  8.45017e-12
      1292.61  1.21416e-08  1.06916e-11
      1292.94  9.26048e-09  9.43923e-12
      1293.28  6.99392e-09  8.40977e-12
      1293.61  9.11240e-09  9.78562e-12
      1293.95  1.16721e-08  1.06217e-11
      1294.28  1.70265e-08  1.27836e-11
      1294.62  1.94219e-08  1.37530e-11
      1294.95  1.65702e-08  1.25982e-11
      1295.29  1.57177e-08  1.28539e-11
      1295.62  1.37135e-08  1.24191e-11
      1295.96  1.01093e-08  1.07721e-11
      1296.29  8.73016e-09  1.01118e-11
      1296.63  9.06372e-09  1.01461e-11
      1296.97  1.10172e-08  1.03880e-11
      1297.30  1.67415e-08  1.22245e-11
      1297.64  2.27519e-08  1.43139e-11
      1297.98  1.96259e-08  1.30539e-11
      1298.31  1.25627e-08  1.05837e-11
      1298.65  7.14563e-09  8.25131e-12
      1298.99  5.31518e-09  7.16581e-12
      1299.33  8.93982e-09  8.89759e-12
      1299.66  1.64271e-08  1.20986e-11
      1300.00  1.84636e-08  1.24002e-11
      1300.34  1.61510e-08  1.16164e-11
      1300.68  1.10925e-08  9.53793e-12
      1301.02  1.10632e-08  9.64345e-12
      1301.35  1.93908e-08  1.40066e-11
      1301.69  2.32328e-08  1.54713e-11
      1302.03  2.25312e-08  1.56491e-11
      1302.37  1.99027e-08  1.42970e-11
      1302.71  2.28131e-08  1.53799e-11
      1303.05  2.50778e-08  1.54069e-11
      1303.39  2.85017e-08  1.62276e-11
      1303.73  3.07205e-08  1.69585e-11
      1304.07  2.87148e-08  1.62834e-11
      1304.41  2.91173e-08  1.66002e-11
      1304.75  3.08281e-08  1.71602e-11
      1305.09  3.22374e-08  1.71662e-11
      1305.43  3.77267e-08  1.80202e-11
      1305.77  4.43722e-08  1.89012e-11
      1306.11  4.42985e-08  1.86952e-11
      1306.46  3.04624e-08  1.52662e-11
      1306.80  1.52005e-08  1.08885e-11
      1307.14  8.08074e-09  8.49591e-12
      1307.48  5.52288e-09  7.61664e-12
      1307.82  4.41456e-09  7.17866e-12
      1308.16  4.37863e-09  7.14453e-12
      1308.51  5.10981e-09  7.69424e-12
      1308.85  4.32017e-09  6.95280e-12
      1309.19  3.13623e-09  6.29460e-12
      1309.53  2.87124e-09  5.93146e-12
      1309.88  2.82902e-09  6.11462e-12
      1310.22  3.02986e-09  6.34606e-12
      1310.56  3.89082e-09  6.96790e-12
      1310.91  6.85511e-09  8.52641e-12
      1311.25  1.24694e-08  1.13044e-11
      1311.60  1.29093e-08  1.10341e-11
      1311.94  7.79826e-09  8.21617e-12
      1312.28  4.11722e-09  6.09098e-12
      1312.63  2.82380e-09  5.36178e-12
      1312.97  2.41855e-09  5.19728e-12
      1313.32  3.16604e-09  5.88071e-12
      1313.66  5.20272e-09  7.79010e-12
      1314.01  4.40266e-09  7.15494e-12
      1314.35  2.57358e-09  5.56818e-12
      1314.70  1.98167e-09  5.06786e-12
      1315.05  1.96108e-09  4.90074e-12
      1315.39  2.20255e-09  5.25051e-12
      1315.74  2.78542e-09  5.92732e-12
      1316.08  4.16759e-09  7.12192e-12
      1316.43  8.31262e-09  9.67492e-12
      1316.78  1.42111e-08  1.27994e-11
      1317.12  1.14407e-08  1.10524e-11
      1317.47  5.60381e-09  7.50447e-12
      1317.82  3.35464e-09  5.85398e-12
      1318.17  3.40625e-09  5.77850e-12
      1318.51  5.50151e-09  7.30422e-12
      1318.86  6.77666e-09  8.30312e-12
      1319.21  4.71400e-09  7.10039e-12
      1319.56  2.78713e-09  5.82751e-12
      1319.91  2.74966e-09  5.83392e-12
      1320.25  2.80180e-09  5.69311e-12
      1320.60  2.79282e-09  5.53530e-12
      1320.95  3.35953e-09  6.00464e-12
      1321.30  4.79182e-09  6.99323e-12
      1321.65  9.39449e-09  9.70995e-12
      1322.00  1.70763e-08  1.41246e-11
      1322.35  1.53044e-08  1.34468e-11
      1322.70  7.94849e-09  9.46852e-12
      1323.05  5.00501e-09  8.00699e-12
      1323.40  5.46228e-09  7.63502e-12
      1323.75  6.46153e-09  7.89485e-12
      1324.10  6.77853e-09  8.07125e-12
      1324.45  4.99322e-09  6.97587e-12
      1324.80  3.56403e-09  6.30271e-12
      