227
      1249.95  3.35345e-08  2.97543e-11
      1250.27  1.82274e-08  2.09485e-11
      1250.58  7.35399e-09  1.33128e-11
      1250.89  5.45528e-09  1.18852e-11
      1251.20  6.71320e-09  1.36313e-11
      1251.52  9.19406e-09  1.59342e-11
      1251.83  1.46754e-08  2.06651e-11
      1252.14  1.92278e-08  2.40953e-11
      1252.46  1.92661e-08  2.42939e-11
      1252.77  1.76560e-08  2.23636e-11
      1253.09  2.54134e-08  2.55176e-11
      1253.40  4.39680e-08  3.34387e-11
      1253.71  5.47759e-08  3.97797e-11
      1254.03  3.65958e-08  2.99616e-11
      1254.34  2.02138e-08  2.23122e-11
      1254.66  2.27569e-08  2.45983e-11
      1254.97  3.42254e-08  3.28305e-11
      1255.29  2.50823e-08  2.70598e-11
      1255.60  1.30665e-08  1.87484e-11
      1255.92  1.39292e-08  1.91787e-11
      1256.23  2.09820e-08  2.17740e-11
      1256.55  3.24941e-08  2.78627e-11
      1256.87  2.51065e-08  2.36483e-11
      1257.18  1.32460e-08  1.73841e-11
      1257.50  9.98038e-09  1.59048e-11
      1257.81  1.08050e-08  1.66285e-11
      1258.13  1.32792e-08  1.84568e-11
      1258.45  1.36628e-08  1.80897e-11
      1258.76  1.42213e-08  1.72339e-11
      1259.08  2.19189e-08  1.98860e-11
      1259.40  4.00201e-08  2.63867e-11
      1259.72  5.33332e-08  3.07789e-11
      1260.03  4.19293e-08  2.69271e-11
      1260.35  3.13917e-08  2.33066e-11
      1260.67  3.88813e-08  2.75942e-11
      1260.99  3.73328e-08  2.66937e-11
      1261.30  3.02956e-08  2.29551e-11
      1261.62  3.62306e-08  2.53804e-11
      1261.94  3.78616e-08  2.46142e-11
      1262.26  3.88767e-08  2.51294e-11
      1262.58  3.03226e-08  2.14407e-11
      1262.90  3.03231e-08  2.20149e-11
      1263.22  4.35349e-08  3.08536e-11
      1263.54  3.72700e-08  2.91137e-11
      1263.86  2.65295e-08  2.29174e-11
      1264.17  2.21266e-08  2.12906e-11
      1264.49  1.69447e-08  1.80270e-11
      1264.81  1.70485e-08  1.71964e-11
      1265.13  2.96715e-08  2.26920e-11
      1265.45  4.43084e-08  2.84036e-11
      1265.77  4.09660e-08  2.78886e-11
      1266.10  2.47396e-08  2.18940e-11
      1266.42  1.45693e-08  1.75437e-11
      1266.74  1.25849e-08  1.68410e-11
      1267.06  1.55729e-08  1.83916e-11
      1267.38  2.73849e-08  2.30821e-11
      1267.70  4.66602e-08  3.00243e-11
      1268.02  5.07858e-08  2.96186e-11
      1268.34  5.05999e-08  2.97056e-11
      1268.67  4.67649e-08  2.83112e-11
      1268.99  4.62549e-08  2.92022e-11
      1269.31  3.81464e-08  2.66004e-11
      1269.63  2.74880e-08  2.24099e-11
      1269.95  2.34164e-08  2.02981e-11
      1270.28  2.65196e-08  2.02639e-11
      1270.60  3.96846e-08  2.42883e-11
      1270.92  4.69827e-08  2.57834e-11
      1271.25  4.95456e-08  2.94252e-11
      1271.57  4.75468e-08  3.03885e-11
      1271.89  3.12285e-08  2.33831e-11
      1272.22  1.73509e-08  1.64677e-11
      1272.54  1.16930e-08  1.41401e-11
      1272.86  9.85675e-09  1.31970e-11
      1273.19  9.22955e-09  1.25169e-11
      1273.51  1.04610e-08  1.26905e-11
      1273.84  1.47191e-08  1.48221e-11
      1274.16  1.89006e-08  1.69864e-11
      1274.49  2.35031e-08  1.89884e-11
      1274.81  3.70499e-08  2.53401e-11
      1275.14  4.93546e-08  3.08100e-11
      1275.46  4.61223e-08  3.04067e-11
      1275.79  3.31421e-08  2.57688e-11
      1276.11  2.37048e-08  2.10859e-11
      1276.44  2.78457e-08  2.18815e-11
      1276.76  4.19569e-08  2.70695e-11
      1277.09  4.50297e-08  2.75136e-11
      1277.42  4.50967e-08  2.84687e-11
      1277.74  3.40628e-08  2.53142e-11
      1278.07  1.87409e-08  1.89011e-11
      1278.40  1.21688e-08  1.57861e-11
      1278.72  9.72984e-09  1.40417e-11
      1279.05  9.52233e-09  1.32527e-11
      1279.38  1.19731e-08  1.38901e-11
      1279.71  1.63928e-08  1.54528e-11
      1280.03  2.07978e-08  1.73377e-11
      1280.36  1.96748e-08  1.67697e-11
      1280.69  2.02429e-08  1.76489e-11
      1281.02  2.54754e-08  2.01679e-11
      1281.34  3.43229e-08  2.37571e-11
      1281.67  4.04259e-08  2.60565e-11
      1282.00  3.38721e-08  2.27061e-11
      1282.33  3.37557e-08  2.15971e-11
      1282.66  4.77025e-08  2.59887e-11
      1282.99  5.86354e-08  2.92267e-11
      1283.32  5.87983e-08  3.09060e-11
      1283.65  4.77862e-08  3.22200e-11
      1283.98  2.42436e-08  2.57622e-11
      1284.31  1.66077e-08  1.92228e-11
      1284.64  1.32170e-08  1.67075e-11
      1284.97  1.27548e-08  1.58850e-11
      1285.30  1.46850e-08  1.67240e-11
      1285.63  1.31302e-08  1.53010e-11
      1285.96  1.18942e-08  1.42703e-11
      1286.29  1.63437e-08  1.71204e-11
      1286.62  2.22348e-08  2.07662e-11
      1286.95  2.12770e-08  2.00810e-11
      1287.28  2.44134e-08  2.09066e-11
      1287.61  4.00733e-08  2.70137e-11
      1287.95  4.78056e-08  2.76982e-11
      1288.28  4.80700e-08  2.64015e-11
      1288.61  4.78941e-08  2.54266e-11
      1288.94  4.84881e-08  2.79853e-11
      1289.27  3.50143e-08  2.34013e-11
      1289.61  2.80039e-08  2.26306e-11
      1289.94  2.34402e-08  2.14497e-11
      1290.27  1.68853e-08  1.80103e-11
      1290.61  1.47525e-08  1.80094e-11
      1290.94  1.16228e-08  1.43463e-11
      1291.27  8.90790e-09  1.19832e-11
      1291.61  1.00388e-08  1.26138e-11
      1291.94  1.53338e-08  1.60481e-11
      1292.27  2.37710e-08  2.04993e-11
      1292.61  3.26705e-08  2.60294e-11
      1292.94  2.56397e-08  2.28915e-11
      1293.28  2.10263e-08  2.06400e-11
      1293.61  2.63874e-08  2.30640e-11
      1293.95  3.15834e-08  2.34810e-11
      1294.28  4.31328e-08  2.69233e-11
      1294.62  4.83528e-08  2.79296e-11
      1294.95  4.26275e-08  2.57289e-11
      1295.29  4.14839e-08  2.61473e-11
      1295.62  3.72738e-08  2.51175e-11
      1295.96  2.92907e-08  2.19830e-11
      1296.29  2.57770e-08  2.02695e-11
      1296.63  2.62781e-08  1.98195e-11
      1296.97  3.06182e-08  2.03821e-11
      1297.30  4.24074e-08  2.35061e-11
      1297.64  5.43991e-08  2.84026e-11
      1297.98  4.85772e-08  2.89433e-11
      1298.31  3.43063e-08  2.37809e-11
      1298.65  2.21882e-08  1.92978e-11
      1298.99  1.75474e-08  1.75578e-11
      1299.33  2.53779e-08  2.13927e-11
      1299.66  4.04237e-08  2.69796e-11
      1300.00  4.57988e-08  2.79333e-11
      1300.34  4.12128e-08  2.63992e-11
      1300.68  3.08890e-08  2.25717e-11
      1301.02  3.01302e-08  2.24182e-11
      1301.35  4.65702e-08  2.93121e-11
      1301.69  5.57557e-08  3.22436e-11
      1302.03  5.39892e-08  3.11592e-11
      1302.37  4.86943e-08  2.79390e-11
      1302.71  5.37804e-08  2.83449e-11
      1303.05  5.90846e-08  2.81961e-11
      1303.39  6.53513e-08  2.90302e-11
      1303.73  6.96023e-08  3.04623e-11
      1304.07  6.53347e-08  3.00589e-11
      1304.41  6.62093e-08  3.11615e-11
      1304.75  6.96178e-08  3.28672e-11
      1305.09  7.14636e-08  3.32993e-11
      1305.43  8.02329e-08  3.50637e-11
      1305.77  9.11491e-08  3.69948e-11
      1306.11  9.09997e-08  3.73721e-11
      1306.46  6.63277e-08  3.23883e-11
      1306.80  3.76466e-08  2.49546e-11
      1307.14  2.30176e-08  2.07433e-11
      1307.48  1.68730e-08  1.83839e-11
      1307.82  1.38385e-08  1.68838e-11
      1308.16  1.35652e-08  1.61641e-11
      1308.51  1.54633e-08  1.67761e-11
      1308.85  1.31856e-08  1.46324e-11
      1309.19  1.01434e-08  1.25189e-11
      1309.53  9.32985e-09  1.20274e-11
      1309.88  9.20361e-09  1.21176e-11
      1310.22  9.74293e-09  1.26161e-11
      1310.56  1.18840e-08  1.38120e-11
      1310.91  1.88989e-08  1.68746e-11
      1311.25  3.12047e-08  2.17765e-11
      1311.60  3.22784e-08  2.16152e-11
      1311.94  2.13114e-08  1.72631e-11
      1312.28  1.25563e-08  1.37740e-11
      1312.63  8.95060e-09  1.25054e-11
      1312.97  7.82956e-09  1.23134e-11
      1313.32  9.80963e-09  1.41185e-11
      1313.66  1.45762e-08  1.78624e-11
      1314.01  1.30882e-08  1.65206e-11
      1314.35  8.29511e-09  1.25376e-11
      1314.70  6.55394e-09  1.08422e-11
      1315.05  6.45601e-09  1.07349e-11
      1315.39  7.15945e-09  1.10803e-11
      1315.74  8.83275e-09  1.22093e-11
      1316.08  1.25468e-08  1.43500e-11
      1316.43  2.20297e-08  1.86725e-11
      1316.78  3.52032e-08  2.41432e-11
      1317.12  2.96221e-08  2.11694e-11
      1317.47  1.59248e-08  1.47851e-11
      1317.82  1.03333e-08  1.20021e-11
      1318.17  1.01391e-08  1.21203e-11
      1318.51  1.58934e-08  1.62627e-11
      1318.86  1.98738e-08  1.95307e-11
      1319.21  1.39151e-08  1.66489e-11
      1319.56  8.61997e-09  1.34301e-11
      1319.91  8.70054e-09  1.38634e-11
      1320.25  8.86734e-09  1.32660e-11
      1320.60  8.88541e-09  1.26688e-11
      1320.95  1.03662e-08  1.33889e-11
      1321.30  1.40150e-08  1.52956e-11
      1321.65  2.44225e-08  1.99886e-11
      1322.00  4.05535e-08  2.67398e-11
      1322.35  3.74132e-08  2.55172e-11
      1322.70  2.34798e-08  2.11124e-11
      1323.05  1.48740e-08  1.58523e-11
      1323.40  1.59148e-08  1.50663e-11
      1323.75  1.84785e-08  1.60106e-11
      1324.10  1.92739e-08  1.79872e-11
      1324.45  1.46438e-08  1.69547e-11
      1324.80  1.10442e-08  1.44351e-11
      