227
      1249.95  1.18721e-08  1.47420e-11
      1250.27  5.91942e-09  1.07664e-11
      1250.58  2.12040e-09  7.17451e-12
      1250.89  1.56109e-09  6.46483e-12
      1251.20  1.97875e-09  6.69252e-12
      1251.52  3.00007e-09  7.25797e-12
      1251.83  5.06413e-09  8.81653e-12
      1252.14  6.51684e-09  9.88943e-12
      1252.46  6.25722e-09  9.96608e-12
      1252.77  5.71414e-09  9.60760e-12
      1253.09  9.31401e-09  1.20773e-11
      1253.40  1.77991e-08  1.69056e-11
      1253.71  2.23622e-08  1.94983e-11
      1254.03  1.35287e-08  1.43431e-11
      1254.34  6.59947e-09  9.98618e-12
      1254.66  8.23368e-09  1.12040e-11
      1254.97  1.26664e-08  1.47330e-11
      1255.29  8.75045e-09  1.22370e-11
      1255.60  4.10377e-09  9.00375e-12
      1255.92  4.48237e-09  1.00507e-11
      1256.23  7.62827e-09  1.26981e-11
      1256.55  1.19391e-08  1.61091e-11
      1256.87  8.59036e-09  1.31337e-11
      1257.18  4.06619e-09  9.04659e-12
      1257.50  2.96949e-09  7.99598e-12
      1257.81  3.34649e-09  8.35201e-12
      1258.13  4.20368e-09  9.37637e-12
      1258.45  4.18596e-09  9.48680e-12
      1258.76  4.37206e-09  9.53862e-12
      1259.08  7.68489e-09  1.23186e-11
      1259.40  1.56122e-08  1.72224e-11
      1259.72  2.10436e-08  1.94546e-11
      1260.03  1.59460e-08  1.58399e-11
      1260.35  1.17391e-08  1.28467e-11
      1260.67  1.47593e-08  1.46766e-11
      1260.99  1.38101e-08  1.39910e-11
      1261.30  1.12135e-08  1.23276e-11
      1261.62  1.37250e-08  1.41325e-11
      1261.94  1.44721e-08  1.39199e-11
      1262.26  1.48525e-08  1.42938e-11
      1262.58  1.07710e-08  1.12763e-11
      1262.90  1.13611e-08  1.08734e-11
      1263.22  1.79153e-08  1.40907e-11
      1263.54  1.46036e-08  1.21205e-11
      1263.86  9.17662e-09  9.71013e-12
      1264.17  7.30610e-09  9.30753e-12
      1264.49  5.36940e-09  8.22989e-12
      1264.81  5.83277e-09  8.57546e-12
      1265.13  1.14594e-08  1.21007e-11
      1265.45  1.75712e-08  1.51503e-11
      1265.77  1.56757e-08  1.40501e-11
      1266.10  8.60950e-09  1.02395e-11
      1266.42  4.52099e-09  7.80026e-12
      1266.74  3.86850e-09  7.67270e-12
      1267.06  5.17120e-09  8.92275e-12
      1267.38  1.07277e-08  1.28987e-11
      1267.70  1.96658e-08  1.84916e-11
      1268.02  2.07007e-08  1.81994e-11
      1268.34  2.06617e-08  1.83432e-11
      1268.67  1.83620e-08  1.62508e-11
      1268.99  1.84620e-08  1.64498e-11
      1269.31  1.42637e-08  1.40298e-11
      1269.63  9.36093e-09  1.13325e-11
      1269.95  7.84572e-09  1.06477e-11
      1270.28  9.59828e-09  1.16149e-11
      1270.60  1.56571e-08  1.50971e-11
      1270.92  1.89155e-08  1.58407e-11
      1271.25  2.05651e-08  1.57749e-11
      1271.57  1.99753e-08  1.51608e-11
      1271.89  1.21773e-08  1.11096e-11
      1272.22  5.59376e-09  7.37023e-12
      1272.54  3.48524e-09  6.12145e-12
      1272.86  2.87335e-09  5.88691e-12
      1273.19  2.70912e-09  5.85325e-12
      1273.51  3.25954e-09  6.37077e-12
      1273.84  5.02305e-09  7.92406e-12
      1274.16  6.60749e-09  8.90611e-12
      1274.49  8.50496e-09  9.54147e-12
      1274.81  1.50457e-08  1.30437e-11
      1275.14  2.05705e-08  1.55588e-11
      1275.46  1.84809e-08  1.51790e-11
      1275.79  1.22696e-08  1.28549e-11
      1276.11  8.22450e-09  1.10642e-11
      1276.44  1.06890e-08  1.28903e-11
      1276.76  1.72901e-08  1.69942e-11
      1277.09  1.83842e-08  1.68049e-11
      1277.42  1.83704e-08  1.66042e-11
      1277.74  1.28849e-08  1.33409e-11
      1278.07  6.24649e-09  9.24459e-12
      1278.40  3.74980e-09  7.53845e-12
      1278.72  2.92291e-09  6.96070e-12
      1279.05  2.86890e-09  6.92285e-12
      1279.38  3.76770e-09  7.68274e-12
      1279.71  5.55978e-09  8.69909e-12
      1280.03  7.45530e-09  9.76029e-12
      1280.36  6.63893e-09  8.48337e-12
      1280.69  7.03392e-09  8.34832e-12
      1281.02  9.23183e-09  9.27613e-12
      1281.34  1.34363e-08  1.13657e-11
      1281.67  1.62539e-08  1.30835e-11
      1282.00  1.29368e-08  1.16512e-11
      1282.33  1.31962e-08  1.21779e-11
      1282.66  2.00001e-08  1.56824e-11
      1282.99  2.52708e-08  1.76569e-11
      1283.32  2.49797e-08  1.76189e-11
      1283.65  1.77499e-08  1.48909e-11
      1283.98  9.59133e-09  1.10721e-11
      1284.31  5.61382e-09  9.04415e-12
      1284.64  4.23739e-09  8.33897e-12
      1284.97  4.18937e-09  8.63840e-12
      1285.30  4.92148e-09  9.53589e-12
      1285.63  4.20508e-09  8.61448e-12
      1285.96  3.85097e-09  7.97620e-12
      1286.29  5.80869e-09  9.09321e-12
      1286.62  8.21647e-09  1.05489e-11
      1286.95  7.57410e-09  9.56498e-12
      1287.28  9.33034e-09  1.02929e-11
      1287.61  1.64254e-08  1.39491e-11
      1287.95  1.95586e-08  1.48261e-11
      1288.28  1.94316e-08  1.45769e-11
      1288.61  1.94071e-08  1.41929e-11
      1288.94  1.90632e-08  1.38806e-11
      1289.27  1.37969e-08  1.14397e-11
      1289.61  1.01775e-08  1.00514e-11
      1289.94  8.19762e-09  9.44085e-12
      1290.27  5.69900e-09  8.31509e-12
      1290.61  4.83592e-09  8.40870e-12
      1290.94  3.72433e-09  7.81117e-12
      1291.27  2.83836e-09  7.12130e-12
      1291.61  3.26413e-09  7.60603e-12
      1291.94  5.21828e-09  9.11260e-12
      1292.27  8.77662e-09  1.12497e-11
      1292.61  1.27416e-08  1.40163e-11
      1292.94  9.06451e-09  1.11327e-11
      1293.28  7.01197e-09  9.92912e-12
      1293.61  9.38971e-09  1.18644e-11
      1293.95  1.18359e-08  1.25582e-11
      1294.28  1.76084e-08  1.50516e-11
      1294.62  1.97606e-08  1.52116e-11
      1294.95  1.66203e-08  1.28794e-11
      1295.29  1.58490e-08  1.23362e-11
      1295.62  1.37125e-08  1.13705e-11
      1295.96  1.01166e-08  9.80441e-12
      1296.29  8.81436e-09  9.54278e-12
      1296.63  9.21173e-09  1.01362e-11
      1296.97  1.14430e-08  1.15424e-11
      1297.30  1.74216e-08  1.45085e-11
      1297.64  2.28874e-08  1.70226e-11
      1297.98  1.95557e-08  1.57526e-11
      1298.31  1.25751e-08  1.26350e-11
      1298.65  7.21006e-09  9.81641e-12
      1298.99  5.55778e-09  8.94644e-12
      1299.33  9.36840e-09  1.16961e-11
      1299.66  1.67714e-08  1.61429e-11
      1300.00  1.86590e-08  1.63253e-11
      1300.34  1.63830e-08  1.49007e-11
      1300.68  1.11323e-08  1.13551e-11
      1301.02  1.13477e-08  1.06747e-11
      1301.35  2.00107e-08  1.44226e-11
      1301.69  2.37404e-08  1.51394e-11
      1302.03  2.28199e-08  1.48229e-11
      1302.37  2.02258e-08  1.38406e-11
      1302.71  2.31981e-08  1.53240e-11
      1303.05  2.56994e-08  1.61428e-11
      1303.39  2.90851e-08  1.76132e-11
      1303.73  3.12946e-08  1.85105e-11
      1304.07  2.92277e-08  1.82526e-11
      1304.41  2.97141e-08  1.92049e-11
      1304.75  3.14877e-08  2.05190e-11
      1305.09  3.29663e-08  2.16392e-11
      1305.43  3.85819e-08  2.37949e-11
      1305.77  4.53014e-08  2.57951e-11
      1306.11  4.49406e-08  2.53900e-11
      1306.46  3.05280e-08  1.97650e-11
      1306.80  1.51648e-08  1.31441e-11
      1307.14  8.14880e-09  9.65515e-12
      1307.48  5.60374e-09  8.03844e-12
      1307.82  4.48051e-09  7.21471e-12
      1308.16  4.46878e-09  7.08040e-12
      1308.51  5.32024e-09  7.89523e-12
      1308.85  4.29528e-09  7.01668e-12
      1309.19  3.12466e-09  6.04081e-12
      1309.53  2.87185e-09  5.89050e-12
      1309.88  2.83987e-09  6.08098e-12
      1310.22  3.06971e-09  6.52046e-12
      1310.56  4.00181e-09  7.58623e-12
      1310.91  7.16377e-09  1.01728e-11
      1311.25  1.27593e-08  1.42995e-11
      1311.60  1.28917e-08  1.42964e-11
      1311.94  7.78597e-09  1.07557e-11
      1312.28  4.15130e-09  7.71922e-12
      1312.63  2.84595e-09  6.41215e-12
      1312.97  2.47362e-09  5.88336e-12
      1313.32  3.33248e-09  6.59655e-12
      1313.66  5.16082e-09  8.04646e-12
      1314.01  4.43270e-09  7.28931e-12
      1314.35  2.63272e-09  5.78009e-12
      1314.70  2.02485e-09  5.20205e-12
      1315.05  2.00714e-09  5.32484e-12
      1315.39  2.26592e-09  5.61904e-12
      1315.74  2.86546e-09  6.25895e-12
      1316.08  4.33802e-09  7.65826e-12
      1316.43  8.67578e-09  1.09343e-11
      1316.78  1.45911e-08  1.51945e-11
      1317.12  1.13765e-08  1.33843e-11
      1317.47  5.51843e-09  9.43538e-12
      1317.82  3.31292e-09  7.41703e-12
      1318.17  3.36327e-09  7.03764e-12
      1318.51  5.68055e-09  8.81612e-12
      1318.86  7.06193e-09  9.60684e-12
      1319.21  4.64727e-09  7.54044e-12
      1319.56  2.72066e-09  6.12879e-12
      1319.91  2.82591e-09  6.37454e-12
      1320.25  2.85889e-09  6.14295e-12
      1320.60  2.84827e-09  5.96559e-12
      1320.95  3.46904e-09  6.41912e-12
      1321.30  4.99872e-09  7.49421e-12
      1321.65  9.88217e-09  1.06744e-11
      1322.00  1.74637e-08  1.55520e-11
      1322.35  1.51988e-08  1.48031e-11
      1322.70  7.91861e-09  1.08061e-11
      1323.05  5.07369e-09  9.19234e-12
      1323.40  5.50917e-09  9.53924e-12
      1323.75  6.54119e-09  9.95217e-12
      1324.10  6.72905e-09  9.73288e-12
      1324.45  5.04917e-09  8.01980e-12
      1324.80  3.60143e-09  6.61628e-12
      