227
      1249.95  1.09299e-08  1.84135e-11
      1250.27  5.27577e-09  1.32531e-11
      1250.58  1.87403e-09  9.11631e-12
      1250.89  1.44087e-09  8.46162e-12
      1251.20  1.85587e-09  9.06236e-12
      1251.52  2.83648e-09  1.00935e-11
      1251.83  4.75053e-09  1.17634e-11
      1252.14  6.08645e-09  1.32574e-11
      1252.46  5.82074e-09  1.30271e-11
      1252.77  5.44295e-09  1.24048e-11
      1253.09  8.97384e-09  1.56995e-11
      1253.40  1.70099e-08  2.13965e-11
      1253.71  2.12031e-08  2.38692e-11
      1254.03  1.26380e-08  1.69111e-11
      1254.34  6.09543e-09  1.12510e-11
      1254.66  7.62866e-09  1.21109e-11
      1254.97  1.19871e-08  1.57217e-11
      1255.29  8.08687e-09  1.24542e-11
      1255.60  3.71380e-09  8.71657e-12
      1255.92  4.10620e-09  9.50950e-12
      1256.23  7.01406e-09  1.15910e-11
      1256.55  1.08164e-08  1.42325e-11
      1256.87  7.82580e-09  1.14340e-11
      1257.18  3.69377e-09  7.95861e-12
      1257.50  2.68545e-09  6.98976e-12
      1257.81  3.03803e-09  7.38998e-12
      1258.13  3.76058e-09  8.34958e-12
      1258.45  3.70962e-09  8.54194e-12
      1258.76  3.87651e-09  8.95763e-12
      1259.08  6.85979e-09  1.13655e-11
      1259.40  1.43002e-08  1.65223e-11
      1259.72  1.93413e-08  1.91497e-11
      1260.03  1.43361e-08  1.59538e-11
      1260.35  1.05420e-08  1.35555e-11
      1260.67  1.34878e-08  1.61008e-11
      1260.99  1.25965e-08  1.56830e-11
      1261.30  1.02935e-08  1.44451e-11
      1261.62  1.25987e-08  1.72094e-11
      1261.94  1.34891e-08  1.77605e-11
      1262.26  1.35943e-08  1.86035e-11
      1262.58  1.00531e-08  1.53006e-11
      1262.90  1.09338e-08  1.50089e-11
      1263.22  1.67226e-08  1.88731e-11
      1263.54  1.36614e-08  1.61884e-11
      1263.86  8.67712e-09  1.31610e-11
      1264.17  6.87693e-09  1.26585e-11
      1264.49  4.96568e-09  1.05030e-11
      1264.81  5.45008e-09  1.06614e-11
      1265.13  1.08363e-08  1.45115e-11
      1265.45  1.66159e-08  1.73194e-11
      1265.77  1.46879e-08  1.52898e-11
      1266.10  7.95743e-09  1.08542e-11
      1266.42  4.06575e-09  7.81120e-12
      1266.74  3.50815e-09  7.15658e-12
      1267.06  4.74662e-09  7.96294e-12
      1267.38  9.90332e-09  1.13333e-11
      1267.70  1.76802e-08  1.57749e-11
      1268.02  1.88649e-08  1.55459e-11
      1268.34  1.85126e-08  1.62707e-11
      1268.67  1.66328e-08  1.47318e-11
      1268.99  1.68400e-08  1.49940e-11
      1269.31  1.27655e-08  1.29723e-11
      1269.63  8.32100e-09  1.08627e-11
      1269.95  6.99083e-09  1.05943e-11
      1270.28  8.66658e-09  1.21978e-11
      1270.60  1.46062e-08  1.70145e-11
      1270.92  1.75084e-08  1.84265e-11
      1271.25  1.90386e-08  1.92873e-11
      1271.57  1.85324e-08  1.90510e-11
      1271.89  1.12418e-08  1.42085e-11
      1272.22  5.11929e-09  9.68597e-12
      1272.54  3.22153e-09  8.32008e-12
      1272.86  2.68001e-09  7.95249e-12
      1273.19  2.54996e-09  8.01160e-12
      1273.51  3.08625e-09  8.58523e-12
      1273.84  4.75391e-09  1.02260e-11
      1274.16  6.18663e-09  1.09943e-11
      1274.49  7.94932e-09  1.10584e-11
      1274.81  1.41464e-08  1.41548e-11
      1275.14  1.93406e-08  1.60838e-11
      1275.46  1.71160e-08  1.46930e-11
      1275.79  1.11794e-08  1.18116e-11
      1276.11  7.36409e-09  9.66780e-12
      1276.44  9.66061e-09  1.11038e-11
      1276.76  1.60037e-08  1.45323e-11
      1277.09  1.67256e-08  1.41650e-11
      1277.42  1.66078e-08  1.46411e-11
      1277.74  1.15786e-08  1.22044e-11
      1278.07  5.51568e-09  8.64352e-12
      1278.40  3.32241e-09  7.44114e-12
      1278.72  2.61170e-09  7.19043e-12
      1279.05  2.60657e-09  7.53888e-12
      1279.38  3.45281e-09  8.99428e-12
      1279.71  5.15960e-09  1.06442e-11
      1280.03  6.81793e-09  1.25857e-11
      1280.36  6.10467e-09  1.11065e-11
      1280.69  6.59313e-09  1.12547e-11
      1281.02  8.63507e-09  1.25163e-11
      1281.34  1.28191e-08  1.53332e-11
      1281.67  1.56628e-08  1.77158e-11
      1282.00  1.21059e-08  1.52033e-11
      1282.33  1.24343e-08  1.50476e-11
      1282.66  1.89996e-08  1.83734e-11
      1282.99  2.38526e-08  1.92885e-11
      1283.32  2.33625e-08  1.79953e-11
      1283.65  1.63807e-08  1.42985e-11
      1283.98  8.69460e-09  9.93880e-12
      1284.31  5.02723e-09  7.86481e-12
      1284.64  3.78062e-09  7.10810e-12
      1284.97  3.74542e-09  7.27689e-12
      1285.30  4.28305e-09  8.18309e-12
      1285.63  3.70564e-09  7.67183e-12
      1285.96  3.51117e-09  7.61362e-12
      1286.29  5.31860e-09  9.33349e-12
      1286.62  7.43328e-09  1.12337e-11
      1286.95  6.80574e-09  1.06345e-11
      1287.28  8.61769e-09  1.21868e-11
      1287.61  1.55772e-08  1.76986e-11
      1287.95  1.83583e-08  1.93714e-11
      1288.28  1.83254e-08  1.95159e-11
      1288.61  1.83755e-08  1.91381e-11
      1288.94  1.82035e-08  1.89006e-11
      1289.27  1.31189e-08  1.51478e-11
      1289.61  9.61787e-09  1.26445e-11
      1289.94  7.72142e-09  1.12918e-11
      1290.27  5.31257e-09  9.29670e-12
      1290.61  4.42492e-09  8.59508e-12
      1290.94  3.40062e-09  7.51788e-12
      1291.27  2.58224e-09  6.56994e-12
      1291.61  2.96977e-09  6.70144e-12
      1291.94  4.72037e-09  7.76947e-12
      1292.27  7.99269e-09  9.50694e-12
      1292.61  1.12718e-08  1.18396e-11
      1292.94  8.11098e-09  9.90456e-12
      1293.28  6.37188e-09  9.55872e-12
      1293.61  8.45357e-09  1.21599e-11
      1293.95  1.07062e-08  1.38030e-11
      1294.28  1.64728e-08  1.80611e-11
      1294.62  1.84289e-08  1.91189e-11
      1294.95  1.52835e-08  1.67442e-11
      1295.29  1.49693e-08  1.66307e-11
      1295.62  1.29084e-08  1.52218e-11
      1295.96  9.50995e-09  1.31929e-11
      1296.29  8.35091e-09  1.24534e-11
      1296.63  8.74312e-09  1.26737e-11
      1296.97  1.08067e-08  1.36667e-11
      1297.30  1.63933e-08  1.57531e-11
      1297.64  2.13696e-08  1.72741e-11
      1297.98  1.80346e-08  1.49221e-11
      1298.31  1.13708e-08  1.12559e-11
      1298.65  6.42259e-09  8.38131e-12
      1298.99  4.99840e-09  7.53898e-12
      1299.33  8.59756e-09  1.02810e-11
      1299.66  1.52130e-08  1.44416e-11
      1300.00  1.69345e-08  1.56958e-11
      1300.34  1.47840e-08  1.56048e-11
      1300.68  1.00674e-08  1.26737e-11
      1301.02  1.05998e-08  1.28481e-11
      1301.35  1.89621e-08  1.84690e-11
      1301.69  2.23442e-08  1.97730e-11
      1302.03  2.18341e-08  2.02539e-11
      1302.37  1.90755e-08  1.85229e-11
      1302.71  2.24351e-08  2.04374e-11
      1303.05  2.46237e-08  2.06262e-11
      1303.39  2.78272e-08  2.08401e-11
      1303.73  2.97760e-08  2.05943e-11
      1304.07  2.73845e-08  1.85390e-11
      1304.41  2.76268e-08  1.79114e-11
      1304.75  2.91505e-08  1.82429e-11
      1305.09  3.04678e-08  1.86550e-11
      1305.43  3.56948e-08  2.05032e-11
      1305.77  4.20165e-08  2.29589e-11
      1306.11  4.13600e-08  2.31900e-11
      1306.46  2.79706e-08  1.88864e-11
      1306.80  1.39378e-08  1.37946e-11
      1307.14  7.33630e-09  1.09123e-11
      1307.48  5.05566e-09  9.81199e-12
      1307.82  4.09948e-09  9.30274e-12
      1308.16  4.19354e-09  9.58452e-12
      1308.51  4.97748e-09  1.07476e-11
      1308.85  4.03757e-09  9.41140e-12
      1309.19  2.97399e-09  7.91506e-12
      1309.53  2.71355e-09  7.26541e-12
      1309.88  2.64165e-09  6.76435e-12
      1310.22  2.80818e-09  6.65114e-12
      1310.56  3.58812e-09  7.11120e-12
      1310.91  6.41752e-09  9.09627e-12
      1311.25  1.18237e-08  1.25619e-11
      1311.60  1.16913e-08  1.22478e-11
      1311.94  6.84299e-09  9.31643e-12
      1312.28  3.60030e-09  7.12497e-12
      1312.63  2.50739e-09  6.44728e-12
      1312.97  2.22020e-09  6.63674e-12
      1313.32  3.05617e-09  7.86152e-12
      1313.66  4.77062e-09  1.01062e-11
      1314.01  4.08995e-09  9.63775e-12
      1314.35  2.44512e-09  7.88091e-12
      1314.70  1.90985e-09  6.88421e-12
      1315.05  1.89918e-09  6.66090e-12
      1315.39  2.14557e-09  6.69711e-12
      1315.74  2.69630e-09  6.94217e-12
      1316.08  4.06122e-09  7.77255e-12
      1316.43  8.11437e-09  1.02463e-11
      1316.78  1.31587e-08  1.33453e-11
      1317.12  1.02108e-08  1.15008e-11
      1317.47  4.94686e-09  8.11651e-12
      1317.82  2.92633e-09  6.64741e-12
      1318.17  3.06194e-09  6.76555e-12
      1318.51  5.14547e-09  8.87798e-12
      1318.86  6.32149e-09  1.06144e-11
      1319.21  4.17429e-09  9.07577e-12
      1319.56  2.49296e-09  7.66350e-12
      1319.91  2.64557e-09  8.48203e-12
      1320.25  2.66836e-09  8.26918e-12
      1320.60  2.66460e-09  7.81597e-12
      1320.95  3.26485e-09  8.22906e-12
      1321.30  4.65743e-09  8.79134e-12
      1321.65  9.14305e-09  1.12163e-11
      1322.00  1.66507e-08  1.53233e-11
      1322.35  1.41041e-08  1.34987e-11
      1322.70  6.98609e-09  9.33738e-12
      1323.05  4.43602e-09  7.81631e-12
      1323.40  4.89754e-09  8.42486e-12
      1323.75  5.82557e-09  9.27086e-12
      1324.10  6.01323e-09  9.65949e-12
      1324.45  4.51070e-09  8.58584e-12
      1324.80  3.24960e-09  7.96641e-12
      