227
      1249.95  2.72267e-08  2.52155e-11
      1250.27  1.48042e-08  1.76558e-11
      1250.58  5.84731e-09  1.11964e-11
      1250.89  4.27090e-09  9.99073e-12
      1251.20  5.26256e-09  1.13540e-11
      1251.52  7.31111e-09  1.33740e-11
      1251.83  1.17334e-08  1.72744e-11
      1252.14  1.54676e-08  2.03082e-11
      1252.46  1.55350e-08  2.04810e-11
      1252.77  1.43784e-08  1.90145e-11
      1253.09  2.09058e-08  2.17702e-11
      1253.40  3.68057e-08  2.81716e-11
      1253.71  4.63423e-08  3.20293e-11
      1254.03  3.13289e-08  2.60319e-11
      1254.34  1.68804e-08  1.94660e-11
      1254.66  1.90209e-08  2.16802e-11
      1254.97  2.86724e-08  2.88869e-11
      1255.29  2.14033e-08  2.46112e-11
      1255.60  1.10227e-08  1.71471e-11
      1255.92  1.17740e-08  1.76044e-11
      1256.23  1.79325e-08  2.00163e-11
      1256.55  2.79161e-08  2.56218e-11
      1256.87  2.18483e-08  2.21727e-11
      1257.18  1.13251e-08  1.63277e-11
      1257.50  8.49476e-09  1.51067e-11
      1257.81  9.19598e-09  1.59454e-11
      1258.13  1.13366e-08  1.78923e-11
      1258.45  1.16880e-08  1.75433e-11
      1258.76  1.20903e-08  1.66295e-11
      1259.08  1.86740e-08  1.92999e-11
      1259.40  3.43606e-08  2.54919e-11
      1259.72  4.61451e-08  2.96096e-11
      1260.03  3.63048e-08  2.56292e-11
      1260.35  2.66168e-08  2.18229e-11
      1260.67  3.30459e-08  2.57642e-11
      1260.99  3.16933e-08  2.48365e-11
      1261.30  2.51770e-08  2.08863e-11
      1261.62  3.01832e-08  2.28217e-11
      1261.94  3.14906e-08  2.17185e-11
      1262.26  3.22702e-08  2.18362e-11
      1262.58  2.49442e-08  1.84163e-11
      1262.90  2.45710e-08  1.85513e-11
      1263.22  3.62959e-08  2.46368e-11
      1263.54  3.16954e-08  2.29830e-11
      1263.86  2.15214e-08  1.90185e-11
      1264.17  1.78139e-08  1.77681e-11
      1264.49  1.35725e-08  1.50964e-11
      1264.81  1.35442e-08  1.43093e-11
      1265.13  2.42572e-08  1.91862e-11
      1265.45  3.71264e-08  2.43294e-11
      1265.77  3.44784e-08  2.40100e-11
      1266.10  2.04458e-08  1.89053e-11
      1266.42  1.18131e-08  1.51637e-11
      1266.74  1.03085e-08  1.48432e-11
      1267.06  1.28471e-08  1.62960e-11
      1267.38  2.30698e-08  2.06610e-11
      1267.70  4.07554e-08  2.77624e-11
      1268.02  4.42103e-08  2.73331e-11
      1268.34  4.43193e-08  2.76791e-11
      1268.67  4.07867e-08  2.65073e-11
      1268.99  4.07271e-08  2.79465e-11
      1269.31  3.33728e-08  2.56019e-11
      1269.63  2.36653e-08  2.17615e-11
      1269.95  2.00610e-08  1.98798e-11
      1270.28  2.26013e-08  1.97711e-11
      1270.60  3.44488e-08  2.39019e-11
      1270.92  4.05173e-08  2.45395e-11
      1271.25  4.33504e-08  2.51396e-11
      1271.57  4.28082e-08  2.56056e-11
      1271.89  2.76873e-08  2.02646e-11
      1272.22  1.41987e-08  1.47800e-11
      1272.54  9.39136e-09  1.24988e-11
      1272.86  7.85351e-09  1.15066e-11
      1273.19  7.30416e-09  1.06632e-11
      1273.51  8.27041e-09  1.05882e-11
      1273.84  1.18022e-08  1.23180e-11
      1274.16  1.52512e-08  1.39859e-11
      1274.49  1.89456e-08  1.55436e-11
      1274.81  3.05502e-08  2.10595e-11
      1275.14  4.11928e-08  2.59954e-11
      1275.46  3.84667e-08  2.57711e-11
      1275.79  2.74617e-08  2.18831e-11
      1276.11  1.94493e-08  1.78786e-11
      1276.44  2.32538e-08  1.88890e-11
      1276.76  3.59869e-08  2.40422e-11
      1277.09  3.85208e-08  2.43235e-11
      1277.42  3.91542e-08  2.57846e-11
      1277.74  2.93273e-08  2.29741e-11
      1278.07  1.60525e-08  1.75862e-11
      1278.40  1.03716e-08  1.48518e-11
      1278.72  8.28592e-09  1.33761e-11
      1279.05  8.07547e-09  1.26628e-11
      1279.38  1.01743e-08  1.34236e-11
      1279.71  1.39821e-08  1.49402e-11
      1280.03  1.76842e-08  1.66739e-11
      1280.36  1.65457e-08  1.58126e-11
      1280.69  1.70286e-08  1.63528e-11
      1281.02  2.13235e-08  1.84361e-11
      1281.34  2.88154e-08  2.15322e-11
      1281.67  3.38125e-08  2.32158e-11
      1282.00  2.81163e-08  1.98402e-11
      1282.33  2.79325e-08  1.85301e-11
      1282.66  3.96063e-08  2.20718e-11
      1282.99  4.88989e-08  2.47711e-11
      1283.32  4.88820e-08  2.58032e-11
      1283.65  3.70425e-08  2.51270e-11
      1283.98  2.05932e-08  1.98531e-11
      1284.31  1.37356e-08  1.59477e-11
      1284.64  1.07571e-08  1.42599e-11
      1284.97  1.04762e-08  1.38464e-11
      1285.30  1.20553e-08  1.46216e-11
      1285.63  1.09401e-08  1.36773e-11
      1285.96  1.00742e-08  1.30212e-11
      1286.29  1.39419e-08  1.58254e-11
      1286.62  1.89690e-08  1.93624e-11
      1286.95  1.85070e-08  1.93230e-11
      1287.28  2.14735e-08  2.04920e-11
      1287.61  3.47831e-08  2.62915e-11
      1287.95  4.17310e-08  2.73557e-11
      1288.28  4.17210e-08  2.56903e-11
      1288.61  4.12501e-08  2.44494e-11
      1288.94  4.06609e-08  2.44869e-11
      1289.27  3.03307e-08  2.09855e-11
      1289.61  2.33505e-08  1.87718e-11
      1289.94  1.96602e-08  1.77559e-11
      1290.27  1.38442e-08  1.46558e-11
      1290.61  1.19499e-08  1.38659e-11
      1290.94  9.40565e-09  1.18304e-11
      1291.27  7.06194e-09  9.91733e-12
      1291.61  7.94085e-09  1.04270e-11
      1291.94  1.22482e-08  1.32427e-11
      1292.27  1.93152e-08  1.71280e-11
      1292.61  2.73683e-08  2.22946e-11
      1292.94  2.13175e-08  1.97106e-11
      1293.28  1.71283e-08  1.78143e-11
      1293.61  2.21924e-08  2.07414e-11
      1293.95  2.67688e-08  2.13332e-11
      1294.28  3.75084e-08  2.51718e-11
      1294.62  4.23897e-08  2.63325e-11
      1294.95  3.69890e-08  2.42796e-11
      1295.29  3.61669e-08  2.50543e-11
      1295.62  3.22666e-08  2.40828e-11
      1295.96  2.49065e-08  2.11482e-11
      1296.29  2.16416e-08  1.93129e-11
      1296.63  2.19502e-08  1.85549e-11
      1296.97  2.55174e-08  1.85508e-11
      1297.30  3.55994e-08  2.10132e-11
      1297.64  4.57632e-08  2.39562e-11
      1297.98  4.08046e-08  2.28976e-11
      1298.31  2.83769e-08  1.95336e-11
      1298.65  1.77564e-08  1.59753e-11
      1298.99  1.39250e-08  1.45686e-11
      1299.33  2.06046e-08  1.78629e-11
      1299.66  3.36130e-08  2.31050e-11
      1300.00  3.83239e-08  2.41076e-11
      1300.34  3.46534e-08  2.30930e-11
      1300.68  2.59541e-08  1.99945e-11
      1301.02  2.57938e-08  2.03286e-11
      1301.35  4.03760e-08  2.72303e-11
      1301.69  4.86732e-08  3.04626e-11
      1302.03  4.72736e-08  3.00286e-11
      1302.37  4.29012e-08  2.73545e-11
      1302.71  4.71880e-08  2.77295e-11
      1303.05  5.17263e-08  2.75311e-11
      1303.39  5.67923e-08  2.79847e-11
      1303.73  6.05173e-08  2.87009e-11
      1304.07  5.66288e-08  2.77031e-11
      1304.41  5.65028e-08  2.79774e-11
      1304.75  5.90095e-08  2.88506e-11
      1305.09  6.04579e-08  2.87733e-11
      1305.43  6.79370e-08  2.98158e-11
      1305.77  7.75155e-08  3.14250e-11
      1306.11  7.75126e-08  3.16462e-11
      1306.46  5.65225e-08  2.75609e-11
      1306.80  3.16283e-08  2.12769e-11
      1307.14  1.90514e-08  1.77102e-11
      1307.48  1.39805e-08  1.61765e-11
      1307.82  1.15051e-08  1.50468e-11
      1308.16  1.13480e-08  1.47839e-11
      1308.51  1.32350e-08  1.57165e-11
      1308.85  1.12823e-08  1.38592e-11
      1309.19  8.59517e-09  1.19182e-11
      1309.53  7.90804e-09  1.15957e-11
      1309.88  7.70934e-09  1.15749e-11
      1310.22  8.03751e-09  1.18988e-11
      1310.56  9.75616e-09  1.27325e-11
      1310.91  1.55785e-08  1.50815e-11
      1311.25  2.61721e-08  1.92916e-11
      1311.60  2.68053e-08  1.86063e-11
      1311.94  1.73257e-08  1.44792e-11
      1312.28  1.00506e-08  1.13888e-11
      1312.63  7.11116e-09  1.03471e-11
      1312.97  6.22026e-09  1.03131e-11
      1313.32  7.94770e-09  1.21592e-11
      1313.66  1.20534e-08  1.57575e-11
      1314.01  1.08264e-08  1.46536e-11
      1314.35  6.93259e-09  1.13941e-11
      1314.70  5.51005e-09  1.01336e-11
      1315.05  5.45655e-09  1.00525e-11
      1315.39  6.09512e-09  1.06526e-11
      1315.74  7.55682e-09  1.19781e-11
      1316.08  1.07757e-08  1.41155e-11
      1316.43  1.88775e-08  1.81148e-11
      1316.78  2.96071e-08  2.25965e-11
      1317.12  2.50613e-08  1.95779e-11
      1317.47  1.32031e-08  1.31003e-11
      1317.82  8.27814e-09  1.02302e-11
      1318.17  8.11576e-09  1.01803e-11
      1318.51  1.26412e-08  1.34041e-11
      1318.86  1.59025e-08  1.60639e-11
      1319.21  1.12734e-08  1.40139e-11
      1319.56  6.90541e-09  1.15066e-11
      1319.91  7.12888e-09  1.21079e-11
      1320.25  7.37940e-09  1.18221e-11
      1320.60  7.42721e-09  1.14322e-11
      1320.95  8.78551e-09  1.25963e-11
      1321.30  1.19411e-08  1.43527e-11
      1321.65  2.10773e-08  1.90571e-11
      1322.00  3.60328e-08  2.63303e-11
      1322.35  3.24019e-08  2.44587e-11
      1322.70  1.86618e-08  1.77374e-11
      1323.05  1.24248e-08  1.36703e-11
      1323.40  1.30692e-08  1.33362e-11
      1323.75  1.50288e-08  1.38006e-11
      1324.10  1.54937e-08  1.43136e-11
      1324.45  1.19906e-08  1.30404e-11
      1324.80  8.84815e-09  1.19918e-11
      