227
      1249.95  1.53152e-08  2.21686e-11
      1250.27  7.90133e-09  1.56806e-11
      1250.58  2.65951e-09  9.94160e-12
      1250.89  1.70517e-09  9.03185e-12
      1251.20  2.25134e-09  9.82642e-12
      1251.52  3.54750e-09  1.14437e-11
      1251.83  6.20618e-09  1.44504e-11
      1252.14  8.27925e-09  1.65452e-11
      1252.46  8.10499e-09  1.62288e-11
      1252.77  7.46633e-09  1.47689e-11
      1253.09  1.17115e-08  1.66296e-11
      1253.40  2.17664e-08  2.14301e-11
      1253.71  2.72923e-08  2.37749e-11
      1254.03  1.78602e-08  1.88404e-11
      1254.34  9.00216e-09  1.37826e-11
      1254.66  1.03998e-08  1.53619e-11
      1254.97  1.58755e-08  1.97502e-11
      1255.29  1.14636e-08  1.66612e-11
      1255.60  5.43686e-09  1.17538e-11
      1255.92  5.70954e-09  1.17465e-11
      1256.23  9.57800e-09  1.37017e-11
      1256.55  1.51206e-08  1.72690e-11
      1256.87  1.15338e-08  1.49422e-11
      1257.18  5.52417e-09  1.09899e-11
      1257.50  3.87253e-09  1.01105e-11
      1257.81  4.30470e-09  1.10977e-11
      1258.13  5.36075e-09  1.22699e-11
      1258.45  5.48723e-09  1.22968e-11
      1258.76  5.79256e-09  1.19375e-11
      1259.08  9.88927e-09  1.41807e-11
      1259.40  1.95382e-08  1.93842e-11
      1259.72  2.64916e-08  2.30068e-11
      1260.03  2.08800e-08  2.05024e-11
      1260.35  1.53788e-08  1.79259e-11
      1260.67  1.88631e-08  2.12766e-11
      1260.99  1.80850e-08  2.11274e-11
      1261.30  1.46041e-08  1.83781e-11
      1261.62  1.73979e-08  2.01332e-11
      1261.94  1.86721e-08  1.97456e-11
      1262.26  1.87749e-08  1.95638e-11
      1262.58  1.45318e-08  1.68565e-11
      1262.90  1.45744e-08  1.68648e-11
      1263.22  2.15649e-08  2.17182e-11
      1263.54  1.89056e-08  2.04509e-11
      1263.86  1.22889e-08  1.67245e-11
      1264.17  9.60517e-09  1.51867e-11
      1264.49  7.14300e-09  1.25865e-11
      1264.81  7.37807e-09  1.18703e-11
      1265.13  1.40268e-08  1.53433e-11
      1265.45  2.17852e-08  1.91574e-11
      1265.77  2.01095e-08  1.83527e-11
      1266.10  1.14276e-08  1.40024e-11
      1266.42  5.94591e-09  1.08453e-11
      1266.74  4.96634e-09  1.03165e-11
      1267.06  6.57912e-09  1.11053e-11
      1267.38  1.30821e-08  1.43510e-11
      1267.70  2.37793e-08  1.88666e-11
      1268.02  2.62497e-08  1.88982e-11
      1268.34  2.58003e-08  1.87064e-11
      1268.67  2.38312e-08  1.80969e-11
      1268.99  2.33502e-08  1.89408e-11
      1269.31  1.89326e-08  1.76763e-11
      1269.63  1.26938e-08  1.49993e-11
      1269.95  1.04701e-08  1.38691e-11
      1270.28  1.22826e-08  1.44756e-11
      1270.60  1.97844e-08  1.81471e-11
      1270.92  2.40330e-08  1.92584e-11
      1271.25  2.59207e-08  1.99745e-11
      1271.57  2.57753e-08  2.08974e-11
      1271.89  1.62344e-08  1.69951e-11
      1272.22  7.40024e-09  1.22832e-11
      1272.54  4.55301e-09  1.05681e-11
      1272.86  3.72683e-09  1.00746e-11
      1273.19  3.45244e-09  9.41972e-12
      1273.51  4.05992e-09  9.40431e-12
      1273.84  6.25736e-09  1.08555e-11
      1274.16  8.40669e-09  1.23037e-11
      1274.49  1.06246e-08  1.32617e-11
      1274.81  1.83380e-08  1.78972e-11
      1275.14  2.56052e-08  2.15849e-11
      1275.46  2.35636e-08  2.09384e-11
      1275.79  1.58565e-08  1.68839e-11
      1276.11  1.03634e-08  1.30840e-11
      1276.44  1.27700e-08  1.35258e-11
      1276.76  2.18456e-08  1.77428e-11
      1277.09  2.27788e-08  1.70077e-11
      1277.42  2.35594e-08  1.81172e-11
      1277.74  1.68538e-08  1.55746e-11
      1278.07  8.03607e-09  1.12604e-11
      1278.40  4.86548e-09  9.81323e-12
      1278.72  3.75270e-09  8.99570e-12
      1279.05  3.65743e-09  8.68586e-12
      1279.38  4.85773e-09  9.42583e-12
      1279.71  7.14808e-09  1.07432e-11
      1280.03  9.70622e-09  1.26995e-11
      1280.36  8.69764e-09  1.20362e-11
      1280.69  9.12070e-09  1.31276e-11
      1281.02  1.17912e-08  1.51999e-11
      1281.34  1.70495e-08  1.87679e-11
      1281.67  2.09426e-08  2.13995e-11
      1282.00  1.64161e-08  1.80297e-11
      1282.33  1.64695e-08  1.70527e-11
      1282.66  2.48813e-08  2.04978e-11
      1282.99  3.12975e-08  2.26977e-11
      1283.32  3.13053e-08  2.31069e-11
      1283.65  2.26394e-08  2.00400e-11
      1283.98  1.24669e-08  1.53749e-11
      1284.31  7.30045e-09  1.23734e-11
      1284.64  5.42631e-09  1.07916e-11
      1284.97  5.29229e-09  1.00831e-11
      1285.30  6.23403e-09  1.04822e-11
      1285.63  5.42836e-09  9.30233e-12
      1285.96  4.97107e-09  8.71016e-12
      1286.29  7.35614e-09  1.05144e-11
      1286.62  1.02789e-08  1.28772e-11
      1286.95  9.87157e-09  1.28128e-11
      1287.28  1.21245e-08  1.42177e-11
      1287.61  2.05145e-08  1.87622e-11
      1287.95  2.47159e-08  2.00306e-11
      1288.28  2.47775e-08  1.94481e-11
      1288.61  2.47487e-08  1.91395e-11
      1288.94  2.43111e-08  1.96478e-11
      1289.27  1.80300e-08  1.72052e-11
      1289.61  1.33822e-08  1.58512e-11
      1289.94  1.08840e-08  1.52705e-11
      1290.27  7.56613e-09  1.32987e-11
      1290.61  6.27594e-09  1.22794e-11
      1290.94  4.85325e-09  1.05306e-11
      1291.27  3.58125e-09  8.82459e-12
      1291.61  4.08685e-09  8.88525e-12
      1291.94  6.56846e-09  1.07054e-11
      1292.27  1.09652e-08  1.36001e-11
      1292.61  1.54407e-08  1.66941e-11
      1292.94  1.20470e-08  1.45872e-11
      1293.28  9.16024e-09  1.26075e-11
      1293.61  1.19190e-08  1.41214e-11
      1293.95  1.51067e-08  1.47182e-11
      1294.28  2.18767e-08  1.71651e-11
      1294.62  2.51229e-08  1.81673e-11
      1294.95  2.14845e-08  1.67689e-11
      1295.29  2.06738e-08  1.75919e-11
      1295.62  1.82430e-08  1.72779e-11
      1295.96  1.34845e-08  1.55758e-11
      1296.29  1.16455e-08  1.48603e-11
      1296.63  1.21077e-08  1.51613e-11
      1296.97  1.45222e-08  1.58344e-11
      1297.30  2.15828e-08  1.88413e-11
      1297.64  2.92479e-08  2.24737e-11
      1297.98  2.54427e-08  2.09067e-11
      1298.31  1.65691e-08  1.75041e-11
      1298.65  9.52586e-09  1.38968e-11
      1298.99  7.07590e-09  1.21274e-11
      1299.33  1.16033e-08  1.47684e-11
      1299.66  2.08557e-08  1.92918e-11
      1300.00  2.34444e-08  1.90856e-11
      1300.34  2.07774e-08  1.74480e-11
      1300.68  1.43826e-08  1.39269e-11
      1301.02  1.43918e-08  1.36648e-11
      1301.35  2.46262e-08  1.89805e-11
      1301.69  2.94458e-08  2.07437e-11
      1302.03  2.86238e-08  2.09881e-11
      1302.37  2.55325e-08  1.93196e-11
      1302.71  2.90853e-08  2.08933e-11
      1303.05  3.17967e-08  2.11707e-11
      1303.39  3.58300e-08  2.27144e-11
      1303.73  3.83569e-08  2.42067e-11
      1304.07  3.61291e-08  2.41974e-11
      1304.41  3.66148e-08  2.55398e-11
      1304.75  3.85733e-08  2.68779e-11
      1305.09  4.01173e-08  2.74112e-11
      1305.43  4.59172e-08  2.83232e-11
      1305.77  5.30883e-08  2.95551e-11
      1306.11  5.27137e-08  2.87185e-11
      1306.46  3.73310e-08  2.34067e-11
      1306.80  1.94786e-08  1.67726e-11
      1307.14  1.06543e-08  1.28604e-11
      1307.48  7.34876e-09  1.12320e-11
      1307.82  5.86714e-09  1.02677e-11
      1308.16  5.78935e-09  9.99746e-12
      1308.51  6.77086e-09  1.04475e-11
      1308.85  5.74750e-09  9.35627e-12
      1309.19  4.14802e-09  8.12463e-12
      1309.53  3.77510e-09  8.18784e-12
      1309.88  3.70473e-09  8.60029e-12
      1310.22  3.95686e-09  9.28293e-12
      1310.56  5.07022e-09  1.06260e-11
      1310.91  8.78063e-09  1.32755e-11
      1311.25  1.63108e-08  1.82974e-11
      1311.60  1.68015e-08  1.80015e-11
      1311.94  1.00404e-08  1.32404e-11
      1312.28  5.29814e-09  1.00429e-11
      1312.63  3.59260e-09  8.77900e-12
      1312.97  3.03875e-09  8.39367e-12
      1313.32  4.02740e-09  9.25213e-12
      1313.66  6.73948e-09  1.20412e-11
      1314.01  5.69470e-09  1.04961e-11
      1314.35  3.28591e-09  7.89736e-12
      1314.70  2.48837e-09  6.92596e-12
      1315.05  2.47458e-09  6.69732e-12
      1315.39  2.83583e-09  7.13149e-12
      1315.74  3.66010e-09  8.24521e-12
      1316.08  5.60864e-09  1.02754e-11
      1316.43  1.09931e-08  1.42358e-11
      1316.78  1.79314e-08  1.88287e-11
      1317.12  1.48083e-08  1.69324e-11
      1317.47  7.47088e-09  1.17242e-11
      1317.82  4.39395e-09  9.22189e-12
      1318.17  4.40470e-09  9.26981e-12
      1318.51  7.09797e-09  1.18032e-11
      1318.86  8.85845e-09  1.34535e-11
      1319.21  6.20469e-09  1.14426e-11
      1319.56  3.55676e-09  9.05729e-12
      1319.91  3.50830e-09  8.97782e-12
      1320.25  3.60894e-09  8.45054e-12
      1320.60  3.57244e-09  7.81836e-12
      1320.95  4.35783e-09  8.32762e-12
      1321.30  6.21039e-09  9.60691e-12
      1321.65  1.18743e-08  1.31326e-11
      1322.00  2.23230e-08  1.97129e-11
      1322.35  1.98329e-08  1.88321e-11
      1322.70  1.02506e-08  1.37738e-11
      1323.05  6.51255e-09  1.13200e-11
      1323.40  7.20972e-09  1.17905e-11
      1323.75  8.55734e-09  1.24369e-11
      1324.10  8.94659e-09  1.29477e-11
      1324.45  6.56126e-09  1.13926e-11
      1324.80  4.65813e-09  1.02317e-11
      