227
      1249.95  1.08963e-08  1.43503e-11
      1250.27  5.34271e-09  1.00603e-11
      1250.58  1.71434e-09  6.73424e-12
      1250.89  1.11410e-09  6.06641e-12
      1251.20  1.49340e-09  6.59127e-12
      1251.52  2.40214e-09  7.43997e-12
      1251.83  4.35346e-09  9.71549e-12
      1252.14  5.77810e-09  1.10245e-11
      1252.46  5.55434e-09  1.00501e-11
      1252.77  5.17896e-09  8.99049e-12
      1253.09  8.58070e-09  1.06638e-11
      1253.40  1.64439e-08  1.39987e-11
      1253.71  2.05596e-08  1.56856e-11
      1254.03  1.27924e-08  1.18417e-11
      1254.34  6.16012e-09  8.44659e-12
      1254.66  7.45869e-09  9.44323e-12
      1254.97  1.17933e-08  1.24962e-11
      1255.29  8.02177e-09  1.03635e-11
      1255.60  3.60856e-09  7.41405e-12
      1255.92  3.90510e-09  7.74448e-12
      1256.23  6.77407e-09  9.05909e-12
      1256.55  1.12290e-08  1.16125e-11
      1256.87  7.95915e-09  9.46799e-12
      1257.18  3.53645e-09  6.55869e-12
      1257.50  2.53118e-09  5.91305e-12
      1257.81  2.89398e-09  6.37761e-12
      1258.13  3.69722e-09  7.27785e-12
      1258.45  3.69696e-09  7.21718e-12
      1258.76  3.84749e-09  7.02383e-12
      1259.08  6.86428e-09  8.48390e-12
      1259.40  1.43815e-08  1.17822e-11
      1259.72  1.98750e-08  1.39234e-11
      1260.03  1.49433e-08  1.19050e-11
      1260.35  1.06857e-08  1.02805e-11
      1260.67  1.39314e-08  1.27939e-11
      1260.99  1.29822e-08  1.26563e-11
      1261.30  1.01352e-08  1.10470e-11
      1261.62  1.27943e-08  1.28522e-11
      1261.94  1.33194e-08  1.25491e-11
      1262.26  1.33580e-08  1.32158e-11
      1262.58  8.92955e-09  1.10621e-11
      1262.90  1.01662e-08  1.07726e-11
      1263.22  1.64006e-08  1.47286e-11
      1263.54  1.31400e-08  1.22547e-11
      1263.86  8.45527e-09  9.47878e-12
      1264.17  6.72797e-09  8.81568e-12
      1264.49  4.79140e-09  7.50658e-12
      1264.81  5.04711e-09  7.27273e-12
      1265.13  1.04011e-08  9.86314e-12
      1265.45  1.65669e-08  1.23310e-11
      1265.77  1.48830e-08  1.16453e-11
      1266.10  7.92052e-09  8.61582e-12
      1266.42  3.93909e-09  6.57693e-12
      1266.74  3.33338e-09  6.49553e-12
      1267.06  4.52637e-09  7.21019e-12
      1267.38  9.58223e-09  9.56395e-12
      1267.70  1.82254e-08  1.31731e-11
      1268.02  1.94706e-08  1.25880e-11
      1268.34  1.92497e-08  1.20858e-11
      1268.67  1.73740e-08  1.11392e-11
      1268.99  1.73147e-08  1.17057e-11
      1269.31  1.34573e-08  1.04803e-11
      1269.63  8.70243e-09  8.79752e-12
      1269.95  7.13825e-09  8.31973e-12
      1270.28  8.52717e-09  8.69900e-12
      1270.60  1.47177e-08  1.15969e-11
      1270.92  1.76893e-08  1.22447e-11
      1271.25  1.92429e-08  1.27931e-11
      1271.57  1.92215e-08  1.33609e-11
      1271.89  1.14441e-08  1.05956e-11
      1272.22  4.89453e-09  7.75034e-12
      1272.54  2.94707e-09  6.96106e-12
      1272.86  2.37982e-09  6.15846e-12
      1273.19  2.29529e-09  5.58126e-12
      1273.51  2.81369e-09  5.70507e-12
      1273.84  4.45776e-09  6.70202e-12
      1274.16  5.97804e-09  7.59857e-12
      1274.49  7.76378e-09  8.11452e-12
      1274.81  1.37881e-08  1.11192e-11
      1275.14  1.92092e-08  1.35485e-11
      1275.46  1.74024e-08  1.31416e-11
      1275.79  1.14487e-08  1.07959e-11
      1276.11  7.38188e-09  8.56424e-12
      1276.44  9.49816e-09  9.36329e-12
      1276.76  1.65378e-08  1.23607e-11
      1277.09  1.69480e-08  1.15692e-11
      1277.42  1.75618e-08  1.19425e-11
      1277.74  1.21500e-08  9.59869e-12
      1278.07  5.54685e-09  6.83895e-12
      1278.40  3.25201e-09  5.91323e-12
      1278.72  2.48439e-09  5.55161e-12
      1279.05  2.41630e-09  5.46651e-12
      1279.38  3.25572e-09  5.98543e-12
      1279.71  4.91681e-09  6.81726e-12
      1280.03  6.76415e-09  8.16222e-12
      1280.36  6.03197e-09  7.75943e-12
      1280.69  6.31112e-09  8.52537e-12
      1281.02  8.48787e-09  9.70477e-12
      1281.34  1.26074e-08  1.11441e-11
      1281.67  1.53899e-08  1.25174e-11
      1282.00  1.19768e-08  1.06732e-11
      1282.33  1.20612e-08  1.03663e-11
      1282.66  1.87171e-08  1.29768e-11
      1282.99  2.38396e-08  1.44374e-11
      1283.32  2.38041e-08  1.46189e-11
      1283.65  1.68128e-08  1.24932e-11
      1283.98  8.84162e-09  9.45130e-12
      1284.31  5.03289e-09  7.70118e-12
      1284.64  3.72479e-09  6.86545e-12
      1284.97  3.64678e-09  6.67538e-12
      1285.30  4.38898e-09  7.11301e-12
      1285.63  3.69464e-09  6.08864e-12
      1285.96  3.34743e-09  5.38688e-12
      1286.29  5.19949e-09  6.55979e-12
      1286.62  7.54323e-09  8.18972e-12
      1286.95  6.90424e-09  7.94439e-12
      1287.28  8.42980e-09  8.82041e-12
      1287.61  1.53231e-08  1.26152e-11
      1287.95  1.83672e-08  1.36151e-11
      1288.28  1.82797e-08  1.34080e-11
      1288.61  1.82074e-08  1.23566e-11
      1288.94  1.81736e-08  1.21368e-11
      1289.27  1.29473e-08  1.01313e-11
      1289.61  9.51911e-09  9.34798e-12
      1289.94  7.62924e-09  8.99183e-12
      1290.27  5.14635e-09  7.68869e-12
      1290.61  4.36327e-09  7.51588e-12
      1290.94  3.31229e-09  6.53192e-12
      1291.27  2.43264e-09  5.63730e-12
      1291.61  2.81907e-09  5.69630e-12
      1291.94  4.62252e-09  6.85757e-12
      1292.27  7.95625e-09  8.71963e-12
      1292.61  1.15247e-08  1.09840e-11
      1292.94  8.47809e-09  9.26811e-12
      1293.28  6.50170e-09  7.89528e-12
      1293.61  8.53506e-09  8.82447e-12
      1293.95  1.08831e-08  9.30227e-12
      1294.28  1.63870e-08  1.13136e-11
      1294.62  1.84972e-08  1.19602e-11
      1294.95  1.55494e-08  1.10463e-11
      1295.29  1.49481e-08  1.17075e-11
      1295.62  1.26430e-08  1.10864e-11
      1295.96  9.26785e-09  9.30099e-12
      1296.29  8.18808e-09  8.79000e-12
      1296.63  8.54102e-09  9.07081e-12
      1296.97  1.05141e-08  9.77477e-12
      1297.30  1.62027e-08  1.19357e-11
      1297.64  2.17447e-08  1.40419e-11
      1297.98  1.85867e-08  1.29964e-11
      1298.31  1.18111e-08  1.07322e-11
      1298.65  6.68369e-09  8.49858e-12
      1298.99  5.04239e-09  7.58280e-12
      1299.33  8.56157e-09  9.45806e-12
      1299.66  1.52923e-08  1.24018e-11
      1300.00  1.73921e-08  1.21376e-11
      1300.34  1.51672e-08  1.07423e-11
      1300.68  1.05862e-08  8.80418e-12
      1301.02  1.07299e-08  8.89755e-12
      1301.35  1.83113e-08  1.23166e-11
      1301.69  2.21469e-08  1.40166e-11
      1302.03  2.13636e-08  1.42978e-11
      1302.37  1.90348e-08  1.25867e-11
      1302.71  2.19466e-08  1.30977e-11
      1303.05  2.42692e-08  1.35150e-11
      1303.39  2.75125e-08  1.46697e-11
      1303.73  2.95852e-08  1.55671e-11
      1304.07  2.76431e-08  1.54522e-11
      1304.41  2.80123e-08  1.63308e-11
      1304.75  2.96820e-08  1.73279e-11
      1305.09  3.10210e-08  1.77995e-11
      1305.43  3.62262e-08  1.90882e-11
      1305.77  4.26519e-08  2.02445e-11
      1306.11  4.24936e-08  1.95955e-11
      1306.46  2.90036e-08  1.56448e-11
      1306.80  1.41972e-08  1.04794e-11
      1307.14  7.49132e-09  7.95869e-12
      1307.48  5.05633e-09  7.07105e-12
      1307.82  3.99341e-09  6.67018e-12
      1308.16  3.94952e-09  6.79411e-12
      1308.51  4.64116e-09  6.99696e-12
      1308.85  3.79989e-09  6.00616e-12
      1309.19  2.77428e-09  5.09654e-12
      1309.53  2.53626e-09  5.13532e-12
      1309.88  2.49503e-09  5.40771e-12
      1310.22  2.70771e-09  5.79435e-12
      1310.56  3.52303e-09  6.69871e-12
      1310.91  6.38078e-09  8.62719e-12
      1311.25  1.20194e-08  1.18983e-11
      1311.60  1.22555e-08  1.16060e-11
      1311.94  7.19597e-09  8.61486e-12
      1312.28  3.66137e-09  6.47578e-12
      1312.63  2.46379e-09  5.44265e-12
      1312.97  2.27541e-09  5.30424e-12
      1313.32  2.93241e-09  5.86812e-12
      1313.66  4.79558e-09  7.54117e-12
      1314.01  3.98467e-09  6.83639e-12
      1314.35  2.19159e-09  5.35770e-12
      1314.70  1.66182e-09  4.51822e-12
      1315.05  1.69738e-09  4.30171e-12
      1315.39  1.94608e-09  4.64033e-12
      1315.74  2.51766e-09  5.31307e-12
      1316.08  3.90436e-09  6.45992e-12
      1316.43  7.99944e-09  9.19064e-12
      1316.78  1.34589e-08  1.25600e-11
      1317.12  1.07373e-08  1.10966e-11
      1317.47  5.18566e-09  7.72524e-12
      1317.82  2.97637e-09  6.14519e-12
      1318.17  3.03943e-09  6.04602e-12
      1318.51  5.10187e-09  7.32567e-12
      1318.86  6.27328e-09  8.22514e-12
      1319.21  4.28502e-09  7.10393e-12
      1319.56  2.48609e-09  6.29071e-12
      1319.91  2.43341e-09  6.06117e-12
      1320.25  2.43986e-09  5.78151e-12
      1320.60  2.48000e-09  5.27448e-12
      1320.95  3.08512e-09  5.41244e-12
      1321.30  4.47758e-09  6.21871e-12
      1321.65  9.10254e-09  8.90073e-12
      1322.00  1.65123e-08  1.29335e-11
      1322.35  1.44329e-08  1.24593e-11
      1322.70  7.40630e-09  9.15861e-12
      1323.05  4.58173e-09  7.49916e-12
      1323.40  4.99294e-09  7.77675e-12
      1323.75  5.95079e-09  8.17135e-12
      1324.10  6.21508e-09  8.13015e-12
      1324.45  4.58266e-09  6.95578e-12
      1324.80  3.17121e-09  6.22740e-12
      