227
      1249.95  9.87154e-09  1.46169e-11
      1250.27  4.68375e-09  1.08666e-11
      1250.58  1.33881e-09  6.93300e-12
      1250.89  8.31917e-10  6.23536e-12
      1251.20  1.16583e-09  6.77547e-12
      1251.52  1.97064e-09  7.71199e-12
      1251.83  3.78324e-09  1.00852e-11
      1252.14  5.11407e-09  1.15106e-11
      1252.46  4.93369e-09  1.16299e-11
      1252.77  4.36010e-09  1.06857e-11
      1253.09  7.32048e-09  1.22677e-11
      1253.40  1.47113e-08  1.61706e-11
      1253.71  1.92231e-08  1.85315e-11
      1254.03  1.17776e-08  1.41159e-11
      1254.34  5.29630e-09  1.01130e-11
      1254.66  6.38118e-09  1.13349e-11
      1254.97  1.09547e-08  1.55515e-11
      1255.29  7.39597e-09  1.28172e-11
      1255.60  3.00474e-09  8.94326e-12
      1255.92  3.33123e-09  9.13340e-12
      1256.23  5.86987e-09  1.02839e-11
      1256.55  1.03119e-08  1.32024e-11
      1256.87  7.38548e-09  1.07636e-11
      1257.18  3.07737e-09  7.70373e-12
      1257.50  2.11295e-09  7.13424e-12
      1257.81  2.44358e-09  7.65765e-12
      1258.13  3.17540e-09  8.57898e-12
      1258.45  3.15221e-09  8.24579e-12
      1258.76  3.23713e-09  7.79279e-12
      1259.08  5.86591e-09  8.99247e-12
      1259.40  1.27421e-08  1.22670e-11
      1259.72  1.80858e-08  1.44254e-11
      1260.03  1.36732e-08  1.24096e-11
      1260.35  9.66636e-09  1.09887e-11
      1260.67  1.29733e-08  1.39752e-11
      1260.99  1.16777e-08  1.26430e-11
      1261.30  8.94259e-09  1.08451e-11
      1261.62  1.12985e-08  1.23602e-11
      1261.94  1.19600e-08  1.21054e-11
      1262.26  1.21322e-08  1.29281e-11
      1262.58  8.71111e-09  1.06811e-11
      1262.90  9.06867e-09  1.03546e-11
      1263.22  1.46720e-08  1.40948e-11
      1263.54  1.24480e-08  1.30888e-11
      1263.86  7.59080e-09  1.06684e-11
      1264.17  5.87169e-09  1.00812e-11
      1264.49  4.20062e-09  8.60345e-12
      1264.81  4.37695e-09  8.22582e-12
      1265.13  9.14105e-09  1.10400e-11
      1265.45  1.48372e-08  1.39308e-11
      1265.77  1.36153e-08  1.35363e-11
      1266.10  7.28207e-09  1.02318e-11
      1266.42  3.49495e-09  7.95628e-12
      1266.74  2.87346e-09  7.75676e-12
      1267.06  3.93862e-09  8.49941e-12
      1267.38  8.55476e-09  1.09679e-11
      1267.70  1.65881e-08  1.48082e-11
      1268.02  1.80398e-08  1.43591e-11
      1268.34  1.76666e-08  1.40175e-11
      1268.67  1.60098e-08  1.30529e-11
      1268.99  1.56867e-08  1.34364e-11
      1269.31  1.23711e-08  1.21747e-11
      1269.63  7.85603e-09  9.89260e-12
      1269.95  6.34809e-09  8.99045e-12
      1270.28  7.65620e-09  9.23345e-12
      1270.60  1.30281e-08  1.16361e-11
      1270.92  1.59394e-08  1.21376e-11
      1271.25  1.72763e-08  1.23600e-11
      1271.57  1.71769e-08  1.27672e-11
      1271.89  1.04572e-08  1.01788e-11
      1272.22  4.39505e-09  7.38047e-12
      1272.54  2.52913e-09  6.58684e-12
      1272.86  2.01391e-09  6.23273e-12
      1273.19  1.88076e-09  5.99776e-12
      1273.51  2.30737e-09  6.01828e-12
      1273.84  3.75451e-09  7.02575e-12
      1274.16  5.16323e-09  8.00533e-12
      1274.49  6.81187e-09  8.95958e-12
      1274.81  1.22216e-08  1.24122e-11
      1275.14  1.73414e-08  1.52670e-11
      1275.46  1.59457e-08  1.51061e-11
      1275.79  1.05191e-08  1.24447e-11
      1276.11  6.71732e-09  9.83202e-12
      1276.44  8.51264e-09  1.04841e-11
      1276.76  1.48883e-08  1.36179e-11
      1277.09  1.57790e-08  1.30783e-11
      1277.42  1.59821e-08  1.35256e-11
      1277.74  1.13869e-08  1.16205e-11
      1278.07  5.09840e-09  8.25866e-12
      1278.40  2.85174e-09  6.93358e-12
      1278.72  2.11821e-09  6.28650e-12
      1279.05  2.05006e-09  6.00167e-12
      1279.38  2.78731e-09  6.13483e-12
      1279.71  4.28016e-09  6.85699e-12
      1280.03  5.65170e-09  8.01607e-12
      1280.36  5.13582e-09  7.73318e-12
      1280.69  5.52308e-09  7.86113e-12
      1281.02  7.35871e-09  9.21981e-12
      1281.34  1.09868e-08  1.14101e-11
      1281.67  1.37974e-08  1.31799e-11
      1282.00  1.07988e-08  1.13033e-11
      1282.33  1.05968e-08  1.07677e-11
      1282.66  1.66962e-08  1.35069e-11
      1282.99  2.16045e-08  1.52802e-11
      1283.32  2.18916e-08  1.60093e-11
      1283.65  1.56011e-08  1.41046e-11
      1283.98  8.05943e-09  1.07839e-11
      1284.31  4.46470e-09  8.90063e-12
      1284.64  3.25773e-09  7.95135e-12
      1284.97  3.17545e-09  7.66788e-12
      1285.30  3.87030e-09  7.97339e-12
      1285.63  3.31541e-09  7.00873e-12
      1285.96  2.93319e-09  6.42002e-12
      1286.29  4.59343e-09  7.69886e-12
      1286.62  6.75003e-09  9.50403e-12
      1286.95  6.22640e-09  9.02107e-12
      1287.28  7.49694e-09  9.51011e-12
      1287.61  1.38280e-08  1.29642e-11
      1287.95  1.67056e-08  1.34250e-11
      1288.28  1.65663e-08  1.27080e-11
      1288.61  1.63818e-08  1.20533e-11
      1288.94  1.65240e-08  1.23716e-11
      1289.27  1.16492e-08  1.04773e-11
      1289.61  8.42107e-09  9.70940e-12
      1289.94  6.78029e-09  9.56203e-12
      1290.27  4.45964e-09  8.10134e-12
      1290.61  3.79591e-09  7.99944e-12
      1290.94  2.86021e-09  6.96180e-12
      1291.27  2.03047e-09  5.93750e-12
      1291.61  2.35460e-09  6.07503e-12
      1291.94  4.00544e-09  7.41949e-12
      1292.27  7.06642e-09  9.54714e-12
      1292.61  1.07394e-08  1.24619e-11
      1292.94  7.78630e-09  1.04068e-11
      1293.28  5.72972e-09  9.21133e-12
      1293.61  7.75904e-09  1.05589e-11
      1293.95  9.86049e-09  1.06849e-11
      1294.28  1.50383e-08  1.26479e-11
      1294.62  1.70794e-08  1.29824e-11
      1294.95  1.41312e-08  1.14047e-11
      1295.29  1.35561e-08  1.15928e-11
      1295.62  1.15946e-08  1.09567e-11
      1295.96  8.35633e-09  9.56978e-12
      1296.29  7.15459e-09  9.06893e-12
      1296.63  7.43745e-09  9.21896e-12
      1296.97  9.20641e-09  9.76149e-12
      1297.30  1.44325e-08  1.19888e-11
      1297.64  1.97785e-08  1.43222e-11
      1297.98  1.69561e-08  1.35091e-11
      1298.31  1.07093e-08  1.14175e-11
      1298.65  5.93566e-09  9.03472e-12
      1298.99  4.37501e-09  8.19602e-12
      1299.33  7.60857e-09  1.04425e-11
      1299.66  1.41524e-08  1.38695e-11
      1300.00  1.61131e-08  1.39161e-11
      1300.34  1.41070e-08  1.27064e-11
      1300.68  9.62326e-09  1.02828e-11
      1301.02  9.64460e-09  1.00714e-11
      1301.35  1.70070e-08  1.38956e-11
      1301.69  2.04951e-08  1.50334e-11
      1302.03  1.98193e-08  1.47516e-11
      1302.37  1.73631e-08  1.30459e-11
      1302.71  1.99594e-08  1.36815e-11
      1303.05  2.18979e-08  1.36693e-11
      1303.39  2.49895e-08  1.46366e-11
      1303.73  2.70225e-08  1.56104e-11
      1304.07  2.51339e-08  1.54856e-11
      1304.41  2.55463e-08  1.65950e-11
      1304.75  2.72139e-08  1.78254e-11
      1305.09  2.85607e-08  1.85061e-11
      1305.43  3.36123e-08  1.99688e-11
      1305.77  3.97496e-08  2.11909e-11
      1306.11  3.97818e-08  2.09625e-11
      1306.46  2.73868e-08  1.71423e-11
      1306.80  1.34632e-08  1.21753e-11
      1307.14  6.89298e-09  9.27915e-12
      1307.48  4.57013e-09  8.15447e-12
      1307.82  3.57627e-09  7.38110e-12
      1308.16  3.53483e-09  7.07719e-12
      1308.51  4.12446e-09  7.30030e-12
      1308.85  3.43231e-09  6.33155e-12
      1309.19  2.38250e-09  5.36956e-12
      1309.53  2.11193e-09  5.22472e-12
      1309.88  2.07426e-09  5.43639e-12
      1310.22  2.25927e-09  5.81334e-12
      1310.56  3.02368e-09  6.83320e-12
      1310.91  5.66306e-09  8.56584e-12
      1311.25  1.06116e-08  1.16073e-11
      1311.60  1.10547e-08  1.16946e-11
      1311.94  6.55194e-09  8.87652e-12
      1312.28  3.27939e-09  6.70453e-12
      1312.63  2.14840e-09  6.09221e-12
      1312.97  1.79651e-09  5.95831e-12
      1313.32  2.43550e-09  6.63634e-12
      1313.66  4.27121e-09  8.51214e-12
      1314.01  3.64357e-09  7.66483e-12
      1314.35  1.92941e-09  5.78254e-12
      1314.70  1.40439e-09  4.96120e-12
      1315.05  1.38543e-09  4.72580e-12
      1315.39  1.58402e-09  4.85293e-12
      1315.74  2.06604e-09  5.34523e-12
      1316.08  3.24515e-09  6.44295e-12
      1316.43  6.85583e-09  8.88707e-12
      1316.78  1.24302e-08  1.24498e-11
      1317.12  9.78166e-09  1.08116e-11
      1317.47  4.51941e-09  7.83014e-12
      1317.82  2.51306e-09  6.34932e-12
      1318.17  2.59223e-09  6.03384e-12
      1318.51  4.53309e-09  7.95111e-12
      1318.86  5.73723e-09  9.40646e-12
      1319.21  3.80827e-09  7.95827e-12
      1319.56  2.13566e-09  6.49515e-12
      1319.91  2.14546e-09  6.71049e-12
      1320.25  2.15900e-09  6.17524e-12
      1320.60  2.14719e-09  5.69581e-12
      1320.95  2.63389e-09  5.84013e-12
      1321.30  3.87498e-09  6.54185e-12
      1321.65  8.06275e-09  8.89560e-12
      1322.00  1.48217e-08  1.26867e-11
      1322.35  1.30998e-08  1.22387e-11
      1322.70  6.67224e-09  8.92997e-12
      1323.05  4.02890e-09  7.25555e-12
      1323.40  4.38123e-09  7.59545e-12
      1323.75  5.28177e-09  8.09187e-12
      1324.10  5.54426e-09  8.59871e-12
      1324.45  4.10797e-09  7.76134e-12
      1324.80  2.81174e-09  7.00495e-12
      