227
      1249.95  8.56814e-09  1.01906e-11
      1250.27  4.00599e-09  7.40414e-12
      1250.58  1.22494e-09  5.30139e-12
      1250.89  8.50439e-10  4.86145e-12
      1251.20  1.15349e-09  5.02938e-12
      1251.52  1.87734e-09  5.57223e-12
      1251.83  3.38899e-09  6.95467e-12
      1252.14  4.45986e-09  7.86407e-12
      1252.46  4.27041e-09  7.86949e-12
      1252.77  3.94914e-09  7.65359e-12
      1253.09  6.70083e-09  9.40578e-12
      1253.40  1.30930e-08  1.26591e-11
      1253.71  1.64533e-08  1.40442e-11
      1254.03  1.01359e-08  1.05440e-11
      1254.34  4.70945e-09  7.27932e-12
      1254.66  5.81013e-09  7.95278e-12
      1254.97  9.42785e-09  1.05651e-11
      1255.29  6.27114e-09  8.48088e-12
      1255.60  2.67711e-09  6.06145e-12
      1255.92  2.99322e-09  6.52867e-12
      1256.23  5.27239e-09  7.64567e-12
      1256.55  8.81492e-09  9.71766e-12
      1256.87  6.28191e-09  7.76864e-12
      1257.18  2.69856e-09  5.27273e-12
      1257.50  1.91768e-09  4.72452e-12
      1257.81  2.20068e-09  5.01897e-12
      1258.13  2.76430e-09  5.43307e-12
      1258.45  2.77477e-09  5.41971e-12
      1258.76  2.93026e-09  5.38749e-12
      1259.08  5.39778e-09  6.57978e-12
      1259.40  1.14936e-08  9.10625e-12
      1259.72  1.58180e-08  1.05614e-11
      1260.03  1.17899e-08  8.80307e-12
      1260.35  8.41857e-09  7.35176e-12
      1260.67  1.09873e-08  8.97319e-12
      1260.99  1.00642e-08  8.66008e-12
      1261.30  7.83714e-09  7.76270e-12
      1261.62  1.00644e-08  9.22147e-12
      1261.94  1.04852e-08  9.18226e-12
      1262.26  1.07752e-08  9.58759e-12
      1262.58  7.84960e-09  7.91459e-12
      1262.90  8.15098e-09  7.97285e-12
      1263.22  1.29116e-08  1.04873e-11
      1263.54  1.07662e-08  9.62544e-12
      1263.86  6.58112e-09  7.72622e-12
      1264.17  5.05357e-09  7.28203e-12
      1264.49  3.64326e-09  6.37409e-12
      1264.81  3.97392e-09  6.52140e-12
      1265.13  8.29904e-09  8.78232e-12
      1265.45  1.32312e-08  1.07919e-11
      1265.77  1.18136e-08  9.94253e-12
      1266.10  6.19670e-09  7.09695e-12
      1266.42  3.01921e-09  5.23440e-12
      1266.74  2.52751e-09  5.04710e-12
      1267.06  3.46243e-09  5.70560e-12
      1267.38  7.64472e-09  7.63258e-12
      1267.70  1.50621e-08  1.06809e-11
      1268.02  1.57924e-08  1.01586e-11
      1268.34  1.55310e-08  9.85973e-12
      1268.67  1.39309e-08  8.91592e-12
      1268.99  1.37895e-08  8.92668e-12
      1269.31  1.06233e-08  7.81841e-12
      1269.63  6.69739e-09  6.38055e-12
      1269.95  5.46929e-09  5.99907e-12
      1270.28  6.79498e-09  6.57894e-12
      1270.60  1.17018e-08  8.80502e-12
      1270.92  1.40965e-08  9.46806e-12
      1271.25  1.53394e-08  9.81291e-12
      1271.57  1.51278e-08  9.95309e-12
      1271.89  8.82009e-09  7.55377e-12
      1272.22  3.69136e-09  5.35419e-12
      1272.54  2.19714e-09  4.70907e-12
      1272.86  1.78340e-09  4.61739e-12
      1273.19  1.68711e-09  4.68939e-12
      1273.51  2.09151e-09  4.88213e-12
      1273.84  3.39449e-09  5.86929e-12
      1274.16  4.60679e-09  6.42717e-12
      1274.49  6.10354e-09  6.87745e-12
      1274.81  1.10934e-08  9.22065e-12
      1275.14  1.55479e-08  1.08357e-11
      1275.46  1.40481e-08  1.03246e-11
      1275.79  9.14341e-09  8.38556e-12
      1276.11  5.88651e-09  6.72519e-12
      1276.44  7.75979e-09  7.35258e-12
      1276.76  1.32043e-08  9.48205e-12
      1277.09  1.39009e-08  9.03409e-12
      1277.42  1.40767e-08  9.07910e-12
      1277.74  9.70179e-09  7.35374e-12
      1278.07  4.35886e-09  5.13100e-12
      1278.40  2.47900e-09  4.32490e-12
      1278.72  1.87861e-09  4.02598e-12
      1279.05  1.83520e-09  4.09913e-12
      1279.38  2.48643e-09  4.61174e-12
      1279.71  3.81725e-09  5.48577e-12
      1280.03  5.18025e-09  6.33866e-12
      1280.36  4.58752e-09  5.79162e-12
      1280.69  4.84239e-09  6.08550e-12
      1281.02  6.49510e-09  7.19235e-12
      1281.34  9.72894e-09  9.35927e-12
      1281.67  1.20531e-08  1.02951e-11
      1282.00  9.46530e-09  9.01913e-12
      1282.33  9.59079e-09  9.01871e-12
      1282.66  1.50726e-08  1.12019e-11
      1282.99  1.94508e-08  1.22380e-11
      1283.32  1.94919e-08  1.20119e-11
      1283.65  1.37171e-08  9.95109e-12
      1283.98  7.09657e-09  7.16921e-12
      1284.31  3.94643e-09  5.67796e-12
      1284.64  2.90551e-09  5.04867e-12
      1284.97  2.85939e-09  5.00978e-12
      1285.30  3.37197e-09  5.22235e-12
      1285.63  2.88018e-09  4.65365e-12
      1285.96  2.62560e-09  4.30655e-12
      1286.29  4.08188e-09  5.11142e-12
      1286.62  5.85778e-09  6.15100e-12
      1286.95  5.36045e-09  5.84572e-12
      1287.28  6.67670e-09  6.57027e-12
      1287.61  1.21926e-08  9.39957e-12
      1287.95  1.45583e-08  1.02764e-11
      1288.28  1.44175e-08  1.04300e-11
      1288.61  1.43699e-08  1.02837e-11
      1288.94  1.42971e-08  1.04014e-11
      1289.27  1.02144e-08  8.66957e-12
      1289.61  7.34305e-09  7.53670e-12
      1289.94  5.86711e-09  7.03885e-12
      1290.27  3.98666e-09  6.02475e-12
      1290.61  3.35751e-09  5.71273e-12
      1290.94  2.58957e-09  5.10819e-12
      1291.27  1.91541e-09  4.46957e-12
      1291.61  2.21838e-09  4.38548e-12
      1291.94  3.66332e-09  5.13231e-12
      1292.27  6.43809e-09  6.33598e-12
      1292.61  9.32975e-09  7.77968e-12
      1292.94  6.81305e-09  6.46756e-12
      1293.28  5.10300e-09  5.73707e-12
      1293.61  6.68985e-09  6.72038e-12
      1293.95  8.58085e-09  7.34792e-12
      1294.28  1.31075e-08  9.28447e-12
      1294.62  1.46907e-08  9.87043e-12
      1294.95  1.20805e-08  8.70622e-12
      1295.29  1.16702e-08  8.99580e-12
      1295.62  9.93139e-09  8.54867e-12
      1295.96  7.15044e-09  8.00033e-12
      1296.29  6.18982e-09  7.29085e-12
      1296.63  6.51885e-09  7.53202e-12
      1296.97  8.24684e-09  8.18822e-12
      1297.30  1.30767e-08  9.90897e-12
      1297.64  1.77099e-08  1.17595e-11
      1297.98  1.51196e-08  1.01681e-11
      1298.31  9.43721e-09  7.90235e-12
      1298.65  5.26124e-09  6.04138e-12
      1298.99  3.97334e-09  5.29582e-12
      1299.33  6.98164e-09  6.75469e-12
      1299.66  1.26005e-08  8.84840e-12
      1300.00  1.42377e-08  9.10321e-12
      1300.34  1.21889e-08  8.45319e-12
      1300.68  8.28785e-09  6.85788e-12
      1301.02  8.52561e-09  6.91521e-12
      1301.35  1.48452e-08  9.76946e-12
      1301.69  1.77918e-08  1.09161e-11
      1302.03  1.72128e-08  1.13530e-11
      1302.37  1.52353e-08  1.05025e-11
      1302.71  1.78920e-08  1.18424e-11
      1303.05  1.96456e-08  1.18806e-11
      1303.39  2.27663e-08  1.26705e-11
      1303.73  2.47458e-08  1.30669e-11
      1304.07  2.28561e-08  1.22541e-11
      1304.41  2.33436e-08  1.24195e-11
      1304.75  2.50542e-08  1.28790e-11
      1305.09  2.63316e-08  1.29075e-11
      1305.43  3.12019e-08  1.37853e-11
      1305.77  3.70703e-08  1.46099e-11
      1306.11  3.68589e-08  1.42384e-11
      1306.46  2.47227e-08  1.13911e-11
      1306.80  1.15973e-08  7.90870e-12
      1307.14  5.75272e-09  5.95478e-12
      1307.48  3.78957e-09  5.30743e-12
      1307.82  2.97097e-09  5.09035e-12
      1308.16  2.98751e-09  5.25041e-12
      1308.51  3.51480e-09  5.71878e-12
      1308.85  2.93398e-09  5.23699e-12
      1309.19  2.08151e-09  4.55494e-12
      1309.53  1.89236e-09  4.39276e-12
      1309.88  1.88213e-09  4.34781e-12
      1310.22  2.05997e-09  4.56957e-12
      1310.56  2.75391e-09  4.95350e-12
      1310.91  5.23427e-09  6.26376e-12
      1311.25  9.75506e-09  8.42645e-12
      1311.60  9.89209e-09  8.12848e-12
      1311.94  5.77444e-09  5.97835e-12
      1312.28  2.91881e-09  4.44415e-12
      1312.63  1.91686e-09  3.89042e-12
      1312.97  1.60809e-09  3.76781e-12
      1313.32  2.17284e-09  4.32778e-12
      1313.66  3.67529e-09  5.65771e-12
      1314.01  3.02818e-09  5.18397e-12
      1314.35  1.66144e-09  4.12704e-12
      1314.70  1.25257e-09  3.86619e-12
      1315.05  1.24732e-09  3.85990e-12
      1315.39  1.43968e-09  3.94502e-12
      1315.74  1.88822e-09  4.32513e-12
      1316.08  2.99614e-09  5.02625e-12
      1316.43  6.30733e-09  6.92101e-12
      1316.78  1.11816e-08  9.30792e-12
      1317.12  8.85286e-09  7.96781e-12
      1317.47  4.00383e-09  5.26404e-12
      1317.82  2.30597e-09  4.18303e-12
      1318.17  2.36454e-09  4.16294e-12
      1318.51  4.02801e-09  5.40256e-12
      1318.86  4.97787e-09  6.41964e-12
      1319.21  3.26063e-09  5.41011e-12
      1319.56  1.81006e-09  4.22686e-12
      1319.91  1.82744e-09  4.44789e-12
      1320.25  1.85079e-09  4.71378e-12
      1320.60  1.85333e-09  4.52875e-12
      1320.95  2.29376e-09  4.68890e-12
      1321.30  3.26454e-09  5.56217e-12
      1321.65  7.95315e-09  7.33839e-12
      1322.00  1.39050e-08  1.04367e-11
      1322.35  1.17355e-08  9.32129e-12
      1322.70  5.88227e-09  6.56416e-12
      1323.05  3.61851e-09  5.27766e-12
      1323.40  3.99285e-09  5.39218e-12
      1323.75  4.75749e-09  5.62662e-12
      1324.10  4.91098e-09  5.69938e-12
      1324.45  3.52820e-09  4.97968e-12
      1324.80  2.44003e-09  4.53016e-12
      