227
      1249.95  1.12936e-08  1.21915e-11
      1250.27  5.56264e-09  8.68931e-12
      1250.58  1.81181e-09  5.87514e-12
      1250.89  1.23361e-09  5.29996e-12
      1251.20  1.64762e-09  5.78597e-12
      1251.52  2.61390e-09  6.47758e-12
      1251.83  4.62248e-09  7.84306e-12
      1252.14  6.07744e-09  8.89528e-12
      1252.46  5.85942e-09  8.93706e-12
      1252.77  5.38143e-09  8.46989e-12
      1253.09  8.84866e-09  1.01408e-11
      1253.40  1.68438e-08  1.33469e-11
      1253.71  2.10237e-08  1.48077e-11
      1254.03  1.32086e-08  1.13724e-11
      1254.34  6.35637e-09  7.98134e-12
      1254.66  7.74410e-09  8.90554e-12
      1254.97  1.19220e-08  1.15644e-11
      1255.29  8.29432e-09  9.78288e-12
      1255.60  3.76573e-09  7.02659e-12
      1255.92  4.08479e-09  7.22530e-12
      1256.23  7.08628e-09  8.56887e-12
      1256.55  1.13638e-08  1.07566e-11
      1256.87  8.21382e-09  8.92425e-12
      1257.18  3.70783e-09  6.37603e-12
      1257.50  2.63273e-09  5.96615e-12
      1257.81  2.96888e-09  6.41098e-12
      1258.13  3.89534e-09  7.18557e-12
      1258.45  3.82954e-09  7.06776e-12
      1258.76  4.03530e-09  6.95384e-12
      1259.08  7.23442e-09  8.45135e-12
      1259.40  1.47930e-08  1.16377e-11
      1259.72  2.00704e-08  1.34755e-11
      1260.03  1.54177e-08  1.15685e-11
      1260.35  1.12910e-08  9.84697e-12
      1260.67  1.41445e-08  1.15369e-11
      1260.99  1.32680e-08  1.12318e-11
      1261.30  1.06937e-08  9.99705e-12
      1261.62  1.30987e-08  1.13067e-11
      1261.94  1.38850e-08  1.11275e-11
      1262.26  1.41369e-08  1.15309e-11
      1262.58  1.03746e-08  9.34384e-12
      1262.90  1.08495e-08  9.10829e-12
      1263.22  1.68598e-08  1.18030e-11
      1263.54  1.40582e-08  1.06251e-11
      1263.86  8.80270e-09  8.58243e-12
      1264.17  6.88639e-09  7.95732e-12
      1264.49  5.03053e-09  6.79485e-12
      1264.81  5.40074e-09  6.70914e-12
      1265.13  1.07524e-08  8.92750e-12
      1265.45  1.67130e-08  1.10198e-11
      1265.77  1.50615e-08  1.03620e-11
      1266.10  8.24007e-09  7.71970e-12
      1266.42  4.17813e-09  5.97915e-12
      1266.74  3.50238e-09  5.83542e-12
      1267.06  4.77296e-09  6.60279e-12
      1267.38  1.00979e-08  8.91451e-12
      1267.70  1.85398e-08  1.23054e-11
      1268.02  1.99927e-08  1.21509e-11
      1268.34  1.97392e-08  1.22549e-11
      1268.67  1.78158e-08  1.14242e-11
      1268.99  1.77172e-08  1.17998e-11
      1269.31  1.37674e-08  1.05646e-11
      1269.63  8.99785e-09  8.86090e-12
      1269.95  7.42766e-09  8.29086e-12
      1270.28  9.07698e-09  8.80505e-12
      1270.60  1.50682e-08  1.13640e-11
      1270.92  1.82389e-08  1.20102e-11
      1271.25  1.97882e-08  1.22221e-11
      1271.57  1.93445e-08  1.21724e-11
      1271.89  1.18138e-08  9.41573e-12
      1272.22  5.25170e-09  6.54509e-12
      1272.54  3.16434e-09  5.54897e-12
      1272.86  2.56972e-09  5.20281e-12
      1273.19  2.41925e-09  5.09472e-12
      1273.51  2.94436e-09  5.22056e-12
      1273.84  4.60025e-09  6.07100e-12
      1274.16  6.12420e-09  6.62294e-12
      1274.49  8.04822e-09  7.09944e-12
      1274.81  1.42279e-08  9.51657e-12
      1275.14  1.96838e-08  1.15278e-11
      1275.46  1.77950e-08  1.11391e-11
      1275.79  1.17553e-08  9.25778e-12
      1276.11  7.71327e-09  7.51044e-12
      1276.44  9.99021e-09  8.30771e-12
      1276.76  1.67166e-08  1.10042e-11
      1277.09  1.76019e-08  1.08777e-11
      1277.42  1.77134e-08  1.13509e-11
      1277.74  1.24620e-08  9.67171e-12
      1278.07  5.85520e-09  7.01351e-12
      1278.40  3.41217e-09  6.03917e-12
      1278.72  2.62371e-09  5.58283e-12
      1279.05  2.58788e-09  5.45610e-12
      1279.38  3.45131e-09  5.98383e-12
      1279.71  5.21770e-09  6.82706e-12
      1280.03  6.90913e-09  7.68732e-12
      1280.36  6.33162e-09  7.11113e-12
      1280.69  6.65150e-09  7.33602e-12
      1281.02  8.71560e-09  8.22568e-12
      1281.34  1.28022e-08  1.00276e-11
      1281.67  1.57690e-08  1.24345e-11
      1282.00  1.16826e-08  1.01565e-11
      1282.33  1.24479e-08  9.07218e-12
      1282.66  1.91742e-08  1.09969e-11
      1282.99  2.43641e-08  1.21099e-11
      1283.32  2.42668e-08  1.21299e-11
      1283.65  1.72001e-08  1.03920e-11
      1283.98  9.14433e-09  7.91493e-12
      1284.31  5.22976e-09  6.50818e-12
      1284.64  3.89832e-09  5.99834e-12
      1284.97  3.84469e-09  5.96555e-12
      1285.30  4.48111e-09  6.42863e-12
      1285.63  3.90529e-09  5.99486e-12
      1285.96  3.61188e-09  5.67466e-12
      1286.29  5.45716e-09  6.94856e-12
      1286.62  7.59730e-09  8.50088e-12
      1286.95  7.23615e-09  8.09337e-12
      1287.28  9.07529e-09  8.97516e-12
      1287.61  1.56469e-08  1.19720e-11
      1287.95  1.87963e-08  1.28406e-11
      1288.28  1.87828e-08  1.22243e-11
      1288.61  1.87443e-08  1.17531e-11
      1288.94  1.85752e-08  1.15741e-11
      1289.27  1.32771e-08  9.43418e-12
      1289.61  9.77257e-09  8.16547e-12
      1289.94  7.82907e-09  7.56771e-12
      1290.27  5.30687e-09  6.69357e-12
      1290.61  4.49531e-09  6.06225e-12
      1290.94  3.44039e-09  5.24316e-12
      1291.27  2.53616e-09  4.55204e-12
      1291.61  2.95708e-09  4.75810e-12
      1291.94  4.83364e-09  5.83483e-12
      1292.27  8.27635e-09  7.55729e-12
      1292.61  1.17438e-08  9.53589e-12
      1292.94  8.88358e-09  8.50441e-12
      1293.28  6.74448e-09  7.62861e-12
      1293.61  8.83920e-09  8.93033e-12
      1293.95  1.14297e-08  9.78681e-12
      1294.28  1.68019e-08  1.16597e-11
      1294.62  1.89885e-08  1.22062e-11
      1294.95  1.61025e-08  1.09022e-11
      1295.29  1.53636e-08  1.08416e-11
      1295.62  1.32413e-08  1.01283e-11
      1295.96  9.72972e-09  8.71372e-12
      1296.29  8.39883e-09  8.09234e-12
      1296.63  8.76349e-09  7.98346e-12
      1296.97  1.07784e-08  8.27973e-12
      1297.30  1.65976e-08  9.86501e-12
      1297.64  2.24254e-08  1.14485e-11
      1297.98  1.91178e-08  1.04374e-11
      1298.31  1.20960e-08  8.55370e-12
      1298.65  6.79399e-09  6.83472e-12
      1298.99  5.13360e-09  6.22365e-12
      1299.33  8.81851e-09  8.09298e-12
      1299.66  1.60275e-08  1.11707e-11
      1300.00  1.80644e-08  1.16989e-11
      1300.34  1.57008e-08  1.10414e-11
      1300.68  1.07819e-08  9.01071e-12
      1301.02  1.09473e-08  8.96288e-12
      1301.35  1.91546e-08  1.25707e-11
      1301.69  2.29588e-08  1.37946e-11
      1302.03  2.21447e-08  1.35271e-11
      1302.37  1.95170e-08  1.20947e-11
      1302.71  2.25646e-08  1.29346e-11
      1303.05  2.47393e-08  1.26192e-11
      1303.39  2.82250e-08  1.29667e-11
      1303.73  3.04784e-08  1.32517e-11
      1304.07  2.82411e-08  1.26645e-11
      1304.41  2.87640e-08  1.29338e-11
      1304.75  3.05172e-08  1.36161e-11
      1305.09  3.17686e-08  1.40151e-11
      1305.43  3.73344e-08  1.55336e-11
      1305.77  4.40174e-08  1.69556e-11
      1306.11  4.39137e-08  1.73155e-11
      1306.46  2.95497e-08  1.40987e-11
      1306.80  1.44679e-08  9.98705e-12
      1307.14  7.68853e-09  7.90155e-12
      1307.48  5.24384e-09  6.99952e-12
      1307.82  4.15192e-09  6.46303e-12
      1308.16  4.14122e-09  6.37863e-12
      1308.51  4.93569e-09  6.83021e-12
      1308.85  4.02969e-09  5.92211e-12
      1309.19  2.88799e-09  4.96308e-12
      1309.53  2.63243e-09  4.66885e-12
      1309.88  2.59403e-09  4.57322e-12
      1310.22  2.81312e-09  4.79599e-12
      1310.56  3.70082e-09  5.33206e-12
      1310.91  6.78620e-09  6.77951e-12
      1311.25  1.22009e-08  9.13796e-12
      1311.60  1.23497e-08  9.15560e-12
      1311.94  7.43065e-09  7.12759e-12
      1312.28  3.88523e-09  5.52291e-12
      1312.63  2.59828e-09  4.98705e-12
      1312.97  2.23164e-09  5.15313e-12
      1313.32  3.06647e-09  5.68031e-12
      1313.66  4.86688e-09  7.22516e-12
      1314.01  4.13848e-09  6.62085e-12
      1314.35  2.38782e-09  5.18288e-12
      1314.70  1.79147e-09  4.97015e-12
      1315.05  1.76805e-09  4.31282e-12
      1315.39  2.02002e-09  4.44384e-12
      1315.74  2.61237e-09  4.80348e-12
      1316.08  4.04819e-09  5.57269e-12
      1316.43  8.23182e-09  7.52926e-12
      1316.78  1.38662e-08  9.97135e-12
      1317.12  1.10562e-08  8.74266e-12
      1317.47  5.27168e-09  6.01210e-12
      1317.82  3.07599e-09  4.90344e-12
      1318.17  3.13656e-09  4.98153e-12
      1318.51  5.30069e-09  6.54949e-12
      1318.86  6.63080e-09  7.68173e-12
      1319.21  4.56397e-09  6.93349e-12
      1319.56  2.79489e-09  6.66502e-12
      1319.91  2.56776e-09  5.33610e-12
      1320.25  2.55852e-09  6.05236e-12
      1320.60  2.57008e-09  5.03974e-12
      1320.95  3.15695e-09  5.17525e-12
      1321.30  4.57297e-09  5.81300e-12
      1321.65  9.18248e-09  7.70227e-12
      1322.00  1.72994e-08  1.11236e-11
      1322.35  1.48851e-08  1.02188e-11
      1322.70  7.44341e-09  7.23805e-12
      1323.05  4.69336e-09  5.92705e-12
      1323.40  5.21615e-09  6.24126e-12
      1323.75  6.21831e-09  6.82425e-12
      1324.10  6.44262e-09  7.05180e-12
      1324.45  4.73065e-09  6.27094e-12
      1324.80  3.32819e-09  5.90114e-12
      