227
      1249.95  1.12272e-08  1.20664e-11
      1250.27  5.57009e-09  8.57798e-12
      1250.58  1.82657e-09  5.69375e-12
      1250.89  1.24652e-09  5.24127e-12
      1251.20  1.63200e-09  5.47167e-12
      1251.52  2.60165e-09  6.21667e-12
      1251.83  4.57461e-09  7.74080e-12
      1252.14  6.02894e-09  8.94371e-12
      1252.46  5.80366e-09  8.95948e-12
      1252.77  5.33169e-09  8.44292e-12
      1253.09  8.81686e-09  1.00591e-11
      1253.40  1.68091e-08  1.33193e-11
      1253.71  2.09673e-08  1.47547e-11
      1254.03  1.31492e-08  1.13760e-11
      1254.34  6.33530e-09  8.04082e-12
      1254.66  7.69004e-09  9.03639e-12
      1254.97  1.18623e-08  1.18448e-11
      1255.29  8.27972e-09  1.00510e-11
      1255.60  3.75350e-09  7.22524e-12
      1255.92  4.04715e-09  7.49410e-12
      1256.23  7.05402e-09  8.83972e-12
      1256.55  1.12634e-08  1.11092e-11
      1256.87  8.21017e-09  9.28251e-12
      1257.18  3.72263e-09  6.61155e-12
      1257.50  2.61496e-09  6.12817e-12
      1257.81  2.95759e-09  6.89331e-12
      1258.13  3.79358e-09  7.83428e-12
      1258.45  3.79893e-09  7.47514e-12
      1258.76  4.00295e-09  7.20873e-12
      1259.08  7.16907e-09  8.54833e-12
      1259.40  1.47576e-08  1.17435e-11
      1259.72  2.00470e-08  1.36147e-11
      1260.03  1.53487e-08  1.16778e-11
      1260.35  1.12350e-08  1.00155e-11
      1260.67  1.40776e-08  1.17614e-11
      1260.99  1.32101e-08  1.15282e-11
      1261.30  1.06500e-08  1.01542e-11
      1261.62  1.30117e-08  1.13023e-11
      1261.94  1.38395e-08  1.11694e-11
      1262.26  1.40644e-08  1.12968e-11
      1262.58  1.04158e-08  9.24510e-12
      1262.90  1.08697e-08  9.13227e-12
      1263.22  1.67327e-08  1.18243e-11
      1263.54  1.40022e-08  1.07830e-11
      1263.86  8.81674e-09  8.73532e-12
      1264.17  6.87490e-09  8.08375e-12
      1264.49  4.98093e-09  6.91612e-12
      1264.81  5.34288e-09  6.80677e-12
      1265.13  1.07153e-08  9.03039e-12
      1265.45  1.67194e-08  1.11865e-11
      1265.77  1.50451e-08  1.05485e-11
      1266.10  8.20869e-09  7.92002e-12
      1266.42  4.15726e-09  6.16389e-12
      1266.74  3.48398e-09  6.00843e-12
      1267.06  4.74486e-09  6.74185e-12
      1267.38  1.00478e-08  9.03745e-12
      1267.70  1.84563e-08  1.23792e-11
      1268.02  1.99399e-08  1.21954e-11
      1268.34  1.96622e-08  1.21872e-11
      1268.67  1.77809e-08  1.14306e-11
      1268.99  1.76710e-08  1.19043e-11
      1269.31  1.37240e-08  1.07443e-11
      1269.63  8.98556e-09  9.06376e-12
      1269.95  7.37447e-09  8.40622e-12
      1270.28  8.97037e-09  8.83069e-12
      1270.60  1.50437e-08  1.12601e-11
      1270.92  1.81221e-08  1.17916e-11
      1271.25  1.97049e-08  1.20950e-11
      1271.57  1.93135e-08  1.22374e-11
      1271.89  1.17395e-08  9.53577e-12
      1272.22  5.21230e-09  6.75365e-12
      1272.54  3.13981e-09  5.77570e-12
      1272.86  2.54606e-09  5.38041e-12
      1273.19  2.38750e-09  5.20893e-12
      1273.51  2.92157e-09  5.26493e-12
      1273.84  4.57159e-09  6.11509e-12
      1274.16  6.09714e-09  6.70995e-12
      1274.49  8.04299e-09  7.29409e-12
      1274.81  1.41885e-08  9.77157e-12
      1275.14  1.95991e-08  1.18589e-11
      1275.46  1.77643e-08  1.14676e-11
      1275.79  1.17413e-08  9.46913e-12
      1276.11  7.65070e-09  7.64143e-12
      1276.44  9.90261e-09  8.29228e-12
      1276.76  1.67442e-08  1.09963e-11
      1277.09  1.74659e-08  1.07645e-11
      1277.42  1.77616e-08  1.13413e-11
      1277.74  1.23996e-08  9.63199e-12
      1278.07  5.81137e-09  7.07674e-12
      1278.40  3.38350e-09  6.05304e-12
      1278.72  2.59122e-09  5.63196e-12
      1279.05  2.55387e-09  5.56539e-12
      1279.38  3.42174e-09  5.98849e-12
      1279.71  5.18263e-09  6.82292e-12
      1280.03  6.87760e-09  7.77248e-12
      1280.36  6.29743e-09  7.27445e-12
      1280.69  6.62085e-09  7.57419e-12
      1281.02  8.69308e-09  8.56171e-12
      1281.34  1.27710e-08  1.05358e-11
      1281.67  1.57442e-08  1.32940e-11
      1282.00  1.15262e-08  1.07006e-11
      1282.33  1.24411e-08  9.52247e-12
      1282.66  1.90954e-08  1.13865e-11
      1282.99  2.43134e-08  1.25262e-11
      1283.32  2.42839e-08  1.25110e-11
      1283.65  1.71655e-08  1.06446e-11
      1283.98  9.10900e-09  8.07276e-12
      1284.31  5.21401e-09  6.58628e-12
      1284.64  3.88055e-09  5.94781e-12
      1284.97  3.81824e-09  5.85679e-12
      1285.30  4.46906e-09  6.29275e-12
      1285.63  3.87773e-09  5.68716e-12
      1285.96  3.57856e-09  5.43497e-12
      1286.29  5.41069e-09  6.70202e-12
      1286.62  7.55488e-09  8.25324e-12
      1286.95  7.19278e-09  8.12255e-12
      1287.28  9.03498e-09  8.96462e-12
      1287.61  1.55306e-08  1.20793e-11
      1287.95  1.86892e-08  1.31714e-11
      1288.28  1.87013e-08  1.23759e-11
      1288.61  1.86788e-08  1.18785e-11
      1288.94  1.84107e-08  1.18394e-11
      1289.27  1.32503e-08  9.82509e-12
      1289.61  9.77787e-09  8.70796e-12
      1289.94  7.79325e-09  8.00799e-12
      1290.27  5.29681e-09  6.69625e-12
      1290.61  4.48367e-09  6.30331e-12
      1290.94  3.42020e-09  5.46505e-12
      1291.27  2.52026e-09  4.66147e-12
      1291.61  2.93286e-09  4.77083e-12
      1291.94  4.80417e-09  5.72996e-12
      1292.27  8.24205e-09  7.40526e-12
      1292.61  1.17467e-08  9.40694e-12
      1292.94  8.83977e-09  8.33159e-12
      1293.28  6.70758e-09  7.50461e-12
      1293.61  8.80325e-09  8.77480e-12
      1293.95  1.13927e-08  9.54205e-12
      1294.28  1.67439e-08  1.14558e-11
      1294.62  1.89249e-08  1.21533e-11
      1294.95  1.61023e-08  1.11227e-11
      1295.29  1.52901e-08  1.12344e-11
      1295.62  1.32148e-08  1.06897e-11
      1295.96  9.72486e-09  9.23658e-12
      1296.29  8.39022e-09  8.69460e-12
      1296.63  8.74821e-09  8.59076e-12
      1296.97  1.07948e-08  8.84968e-12
      1297.30  1.65519e-08  1.04456e-11
      1297.64  2.22147e-08  1.20012e-11
      1297.98  1.90436e-08  1.08774e-11
      1298.31  1.21120e-08  8.75105e-12
      1298.65  6.81151e-09  6.89302e-12
      1298.99  5.13493e-09  6.12265e-12
      1299.33  8.78962e-09  7.80618e-12
      1299.66  1.59267e-08  1.05972e-11
      1300.00  1.80016e-08  1.11360e-11
      1300.34  1.59083e-08  1.08504e-11
      1300.68  1.02873e-08  8.66616e-12
      1301.02  1.08896e-08  8.84467e-12
      1301.35  1.90222e-08  1.25001e-11
      1301.69  2.28636e-08  1.39007e-11
      1302.03  2.20706e-08  1.38731e-11
      1302.37  1.94765e-08  1.26178e-11
      1302.71  2.24393e-08  1.34333e-11
      1303.05  2.47025e-08  1.33454e-11
      1303.39  2.80788e-08  1.38250e-11
      1303.73  3.03925e-08  1.42066e-11
      1304.07  2.81674e-08  1.33603e-11
      1304.41  2.86403e-08  1.35471e-11
      1304.75  3.04589e-08  1.41147e-11
      1305.09  3.16882e-08  1.41202e-11
      1305.43  3.71882e-08  1.50966e-11
      1305.77  4.38526e-08  1.61218e-11
      1306.11  4.38677e-08  1.63513e-11
      1306.46  2.95923e-08  1.34099e-11
      1306.80  1.44083e-08  9.59232e-12
      1307.14  7.64118e-09  7.73807e-12
      1307.48  5.20374e-09  6.90229e-12
      1307.82  4.11674e-09  6.60797e-12
      1308.16  4.11200e-09  6.77540e-12
      1308.51  4.94657e-09  7.17355e-12
      1308.85  3.99204e-09  6.21096e-12
      1309.19  2.85248e-09  5.27223e-12
      1309.53  2.61046e-09  5.07909e-12
      1309.88  2.57084e-09  5.06488e-12
      1310.22  2.78557e-09  5.23768e-12
      1310.56  3.66266e-09  5.72928e-12
      1310.91  6.70146e-09  7.01288e-12
      1311.25  1.22097e-08  9.27691e-12
      1311.60  1.23301e-08  8.94925e-12
      1311.94  7.37680e-09  6.78599e-12
      1312.28  3.85773e-09  5.18963e-12
      1312.63  2.57414e-09  4.65088e-12
      1312.97  2.20056e-09  4.72393e-12
      1313.32  3.02386e-09  5.47524e-12
      1313.66  4.83044e-09  7.07951e-12
      1314.01  4.10393e-09  6.62301e-12
      1314.35  2.36252e-09  5.17617e-12
      1314.70  1.76395e-09  4.60629e-12
      1315.05  1.74844e-09  4.49895e-12
      1315.39  2.00394e-09  4.73978e-12
      1315.74  2.59814e-09  5.19179e-12
      1316.08  4.04602e-09  6.05355e-12
      1316.43  8.23936e-09  8.08860e-12
      1316.78  1.37074e-08  1.04403e-11
      1317.12  1.10104e-08  9.02742e-12
      1317.47  5.30158e-09  6.05408e-12
      1317.82  3.07133e-09  4.74171e-12
      1318.17  3.14836e-09  4.75184e-12
      1318.51  5.26835e-09  6.23821e-12
      1318.86  6.55039e-09  7.32689e-12
      1319.21  4.60868e-09  6.96433e-12
      1319.56  3.10169e-09  7.70482e-12
      1319.91  2.68152e-09  6.85871e-12
      1320.25  2.55266e-09  6.38012e-12
      1320.60  2.56116e-09  5.26877e-12
      1320.95  3.14708e-09  5.56264e-12
      1321.30  4.53884e-09  6.24777e-12
      1321.65  9.08033e-09  8.35425e-12
      1322.00  1.73068e-08  1.21312e-11
      1322.35  1.49523e-08  1.10858e-11
      1322.70  7.39956e-09  7.61509e-12
      1323.05  4.63482e-09  5.97606e-12
      1323.40  5.17817e-09  6.04552e-12
      1323.75  6.18643e-09  6.39683e-12
      1324.10  6.44114e-09  6.59321e-12
      1324.45  4.68506e-09  5.84417e-12
      1324.80  3.28742e-09  5.51558e-12
      