227
      1249.95  9.10501e-09  9.90079e-12
      1250.27  4.31561e-09  7.15589e-12
      1250.58  1.36543e-09  5.03714e-12
      1250.89  9.56351e-10  4.60039e-12
      1251.20  1.29388e-09  4.86588e-12
      1251.52  2.08081e-09  5.47793e-12
      1251.83  3.74847e-09  6.89447e-12
      1252.14  4.90663e-09  7.81183e-12
      1252.46  4.68318e-09  7.81524e-12
      1252.77  4.33256e-09  7.63428e-12
      1253.09  7.30024e-09  9.58977e-12
      1253.40  1.41168e-08  1.30958e-11
      1253.71  1.76221e-08  1.45484e-11
      1254.03  1.08819e-08  1.10994e-11
      1254.34  5.12669e-09  7.75638e-12
      1254.66  6.34034e-09  8.61658e-12
      1254.97  1.00980e-08  1.12600e-11
      1255.29  6.73238e-09  9.20858e-12
      1255.60  2.94457e-09  6.70831e-12
      1255.92  3.25953e-09  7.29321e-12
      1256.23  5.67988e-09  8.62723e-12
      1256.55  9.59606e-09  1.12095e-11
      1256.87  6.72575e-09  8.92622e-12
      1257.18  2.90488e-09  6.13549e-12
      1257.50  2.09341e-09  5.40606e-12
      1257.81  2.40445e-09  5.74358e-12
      1258.13  3.02227e-09  6.32354e-12
      1258.45  3.01619e-09  6.23353e-12
      1258.76  3.18071e-09  6.10926e-12
      1259.08  5.80605e-09  7.52828e-12
      1259.40  1.22045e-08  1.02352e-11
      1259.72  1.67122e-08  1.16322e-11
      1260.03  1.25427e-08  9.54537e-12
      1260.35  9.04041e-09  7.80653e-12
      1260.67  1.17036e-08  9.26652e-12
      1260.99  1.07669e-08  8.80644e-12
      1261.30  8.47917e-09  7.75987e-12
      1261.62  1.08758e-08  9.14410e-12
      1261.94  1.13095e-08  9.02644e-12
      1262.26  1.17479e-08  9.48114e-12
      1262.58  8.53284e-09  7.75280e-12
      1262.90  8.87393e-09  7.88235e-12
      1263.22  1.40387e-08  1.03813e-11
      1263.54  1.16961e-08  9.44926e-12
      1263.86  7.18034e-09  7.72002e-12
      1264.17  5.54136e-09  7.33303e-12
      1264.49  4.02793e-09  6.47674e-12
      1264.81  4.37047e-09  6.73337e-12
      1265.13  8.93137e-09  9.23902e-12
      1265.45  1.40583e-08  1.15130e-11
      1265.77  1.25329e-08  1.06826e-11
      1266.10  6.62985e-09  7.71865e-12
      1266.42  3.27106e-09  5.81720e-12
      1266.74  2.73880e-09  5.55753e-12
      1267.06  3.71323e-09  6.23593e-12
      1267.38  8.11162e-09  8.55156e-12
      1267.70  1.58939e-08  1.22443e-11
      1268.02  1.66370e-08  1.17080e-11
      1268.34  1.63934e-08  1.14010e-11
      1268.67  1.47245e-08  1.01960e-11
      1268.99  1.45613e-08  1.00523e-11
      1269.31  1.12877e-08  8.66695e-12
      1269.63  7.17643e-09  6.98434e-12
      1269.95  5.91168e-09  6.46937e-12
      1270.28  7.36909e-09  6.97334e-12
      1270.60  1.24760e-08  9.08114e-12
      1270.92  1.51537e-08  9.66698e-12
      1271.25  1.65405e-08  9.86368e-12
      1271.57  1.62675e-08  9.86539e-12
      1271.89  9.70190e-09  7.56444e-12
      1272.22  4.18527e-09  5.32744e-12
      1272.54  2.50443e-09  4.68741e-12
      1272.86  2.02393e-09  4.57809e-12
      1273.19  1.90752e-09  4.63259e-12
      1273.51  2.32801e-09  4.97646e-12
      1273.84  3.73438e-09  6.15387e-12
      1274.16  5.02233e-09  6.84124e-12
      1274.49  6.57755e-09  7.36596e-12
      1274.81  1.18335e-08  9.94257e-12
      1275.14  1.64418e-08  1.18459e-11
      1275.46  1.47904e-08  1.12878e-11
      1275.79  9.64690e-09  9.33259e-12
      1276.11  6.25820e-09  7.61791e-12
      1276.44  8.20272e-09  8.47027e-12
      1276.76  1.37618e-08  1.08689e-11
      1277.09  1.45993e-08  1.04440e-11
      1277.42  1.46733e-08  1.02821e-11
      1277.74  1.02294e-08  8.28082e-12
      1278.07  4.68363e-09  5.70753e-12
      1278.40  2.68906e-09  4.69441e-12
      1278.72  2.05841e-09  4.27946e-12
      1279.05  2.03837e-09  4.22798e-12
      1279.38  2.76344e-09  4.71770e-12
      1279.71  4.23388e-09  5.48736e-12
      1280.03  5.75011e-09  6.32885e-12
      1280.36  5.13640e-09  5.75647e-12
      1280.69  5.45534e-09  6.08458e-12
      1281.02  7.22429e-09  7.02950e-12
      1281.34  1.07192e-08  8.93329e-12
      1281.67  1.31710e-08  1.04817e-11
      1282.00  1.02450e-08  9.26046e-12
      1282.33  1.03529e-08  9.43147e-12
      1282.66  1.60933e-08  1.19505e-11
      1282.99  2.05245e-08  1.31401e-11
      1283.32  2.03682e-08  1.29419e-11
      1283.65  1.43034e-08  1.07432e-11
      1283.98  7.43829e-09  7.81770e-12
      1284.31  4.15986e-09  6.24348e-12
      1284.64  3.06497e-09  5.68263e-12
      1284.97  3.01518e-09  5.55815e-12
      1285.30  3.54326e-09  5.89076e-12
      1285.63  3.05711e-09  5.20542e-12
      1285.96  2.82585e-09  4.73720e-12
      1286.29  4.38565e-09  5.46046e-12
      1286.62  6.27646e-09  6.42946e-12
      1286.95  5.81648e-09  5.99623e-12
      1287.28  7.33024e-09  6.63699e-12
      1287.61  1.33936e-08  9.51049e-12
      1287.95  1.60402e-08  1.02926e-11
      1288.28  1.59680e-08  1.05160e-11
      1288.61  1.58710e-08  1.04843e-11
      1288.94  1.57907e-08  1.07738e-11
      1289.27  1.11622e-08  8.95544e-12
      1289.61  8.01184e-09  7.93212e-12
      1289.94  6.38607e-09  7.47924e-12
      1290.27  4.29125e-09  6.46154e-12
      1290.61  3.59426e-09  6.60457e-12
      1290.94  2.75326e-09  5.72669e-12
      1291.27  2.02580e-09  5.01120e-12
      1291.61  2.34175e-09  5.10528e-12
      1291.94  3.84146e-09  5.87066e-12
      1292.27  6.70585e-09  7.13681e-12
      1292.61  9.67613e-09  8.65051e-12
      1292.94  7.12650e-09  7.07518e-12
      1293.28  5.40979e-09  6.17407e-12
      1293.61  7.14901e-09  7.09776e-12
      1293.95  9.25513e-09  7.60345e-12
      1294.28  1.42062e-08  9.37958e-12
      1294.62  1.60683e-08  9.81983e-12
      1294.95  1.34104e-08  8.74379e-12
      1295.29  1.30812e-08  9.06587e-12
      1295.62  1.11198e-08  8.59598e-12
      1295.96  8.00898e-09  7.72872e-12
      1296.29  6.91334e-09  7.55775e-12
      1296.63  7.20281e-09  8.03330e-12
      1296.97  8.91665e-09  8.77841e-12
      1297.30  1.38982e-08  1.07549e-11
      1297.64  1.86698e-08  1.24101e-11
      1297.98  1.57184e-08  1.10958e-11
      1298.31  9.74376e-09  8.69147e-12
      1298.65  5.41894e-09  6.61639e-12
      1298.99  4.10225e-09  5.81738e-12
      1299.33  7.22055e-09  7.39367e-12
      1299.66  1.30682e-08  9.60588e-12
      1300.00  1.48441e-08  9.74116e-12
      1300.34  1.28657e-08  8.85794e-12
      1300.68  8.89287e-09  7.09547e-12
      1301.02  9.31671e-09  7.03657e-12
      1301.35  1.62739e-08  9.81330e-12
      1301.69  1.94501e-08  1.13499e-11
      1302.03  1.79785e-08  9.87246e-12
      1302.37  1.66560e-08  1.10830e-11
      1302.71  1.96135e-08  1.23781e-11
      1303.05  2.13481e-08  1.26070e-11
      1303.39  2.44609e-08  1.36220e-11
      1303.73  2.61795e-08  1.42462e-11
      1304.07  2.39780e-08  1.33497e-11
      1304.41  2.42993e-08  1.38344e-11
      1304.75  2.57771e-08  1.43114e-11
      1305.09  2.68740e-08  1.42931e-11
      1305.43  3.18451e-08  1.53541e-11
      1305.77  3.78388e-08  1.60955e-11
      1306.11  3.78048e-08  1.55237e-11
      1306.46  2.54307e-08  1.20778e-11
      1306.80  1.21233e-08  8.10892e-12
      1307.14  6.21676e-09  6.06975e-12
      1307.48  4.22725e-09  5.35928e-12
      1307.82  3.39144e-09  5.07349e-12
      1308.16  3.43954e-09  5.29601e-12
      1308.51  4.02828e-09  5.84754e-12
      1308.85  3.34430e-09  5.40875e-12
      1309.19  2.37242e-09  4.79290e-12
      1309.53  2.13184e-09  4.63354e-12
      1309.88  2.08428e-09  4.63742e-12
      1310.22  2.23950e-09  4.86358e-12
      1310.56  2.93099e-09  5.37419e-12
      1310.91  5.47677e-09  6.89532e-12
      1311.25  9.94245e-09  9.19255e-12
      1311.60  1.00356e-08  8.83097e-12
      1311.94  5.93443e-09  6.48171e-12
      1312.28  3.04324e-09  4.76400e-12
      1312.63  2.03284e-09  4.07368e-12
      1312.97  1.74986e-09  3.80706e-12
      1313.32  2.43023e-09  4.37153e-12
      1313.66  4.07750e-09  5.77806e-12
      1314.01  3.42200e-09  5.35816e-12
      1314.35  1.93812e-09  4.35194e-12
      1314.70  1.46315e-09  4.12253e-12
      1315.05  1.44939e-09  4.37493e-12
      1315.39  1.64652e-09  4.49571e-12
      1315.74  2.10512e-09  4.73191e-12
      1316.08  3.23902e-09  5.63953e-12
      1316.43  6.64253e-09  7.70266e-12
      1316.78  1.16697e-08  1.03937e-11
      1317.12  9.10499e-09  8.82701e-12
      1317.47  4.07994e-09  5.75842e-12
      1317.82  2.36628e-09  4.50995e-12
      1318.17  2.44570e-09  4.35202e-12
      1318.51  4.22627e-09  5.57247e-12
      1318.86  5.31859e-09  6.39614e-12
      1319.21  3.56198e-09  5.27350e-12
      1319.56  2.03944e-09  4.24900e-12
      1319.91  2.10844e-09  4.53276e-12
      1320.25  2.14545e-09  4.71866e-12
      1320.60  2.13775e-09  4.66666e-12
      1320.95  2.62146e-09  5.04607e-12
      1321.30  3.81394e-09  6.03253e-12
      1321.65  8.00420e-09  8.17861e-12
      1322.00  1.44196e-08  1.11465e-11
      1322.35  1.22544e-08  1.02220e-11
      1322.70  6.10130e-09  7.15347e-12
      1323.05  3.72584e-09  5.70922e-12
      1323.40  4.07887e-09  5.72270e-12
      1323.75  4.89738e-09  5.91134e-12
      1324.10  5.09187e-09  5.83732e-12
      1324.45  3.74782e-09  5.11823e-12
      1324.80  2.66766e-09  4.63732e-12
      