227
      1249.95  2.25929e-08  2.04421e-11
      1250.27  1.18177e-08  1.46868e-11
      1250.58  4.68129e-09  1.00852e-11
      1250.89  3.45468e-09  9.29344e-12
      1251.20  4.33820e-09  9.78865e-12
      1251.52  6.21044e-09  1.06706e-11
      1251.83  1.02819e-08  1.37690e-11
      1252.14  1.32872e-08  1.59167e-11
      1252.46  1.30325e-08  1.63009e-11
      1252.77  1.22929e-08  1.60585e-11
      1253.09  1.88349e-08  2.06526e-11
      1253.40  3.31059e-08  2.80749e-11
      1253.71  3.97800e-08  3.09376e-11
      1254.03  2.61290e-08  2.41033e-11
      1254.34  1.44047e-08  1.72405e-11
      1254.66  1.71255e-08  1.88181e-11
      1254.97  2.47676e-08  2.38196e-11
      1255.29  1.74617e-08  1.98016e-11
      1255.60  9.19027e-09  1.48691e-11
      1255.92  1.00278e-08  1.63110e-11
      1256.23  1.57352e-08  1.97703e-11
      1256.55  2.47118e-08  2.55477e-11
      1256.87  1.80358e-08  2.02689e-11
      1257.18  9.11197e-09  1.40205e-11
      1257.50  6.96696e-09  1.22933e-11
      1257.81  7.69867e-09  1.27309e-11
      1258.13  9.33521e-09  1.41247e-11
      1258.45  9.50310e-09  1.41986e-11
      1258.76  1.00976e-08  1.42980e-11
      1259.08  1.63145e-08  1.75714e-11
      1259.40  3.01169e-08  2.32865e-11
      1259.72  3.92135e-08  2.59380e-11
      1260.03  3.03646e-08  2.10704e-11
      1260.35  2.31167e-08  1.70967e-11
      1260.67  2.88323e-08  1.97554e-11
      1260.99  2.67841e-08  1.88353e-11
      1261.30  2.14604e-08  1.64915e-11
      1261.62  2.64359e-08  1.93604e-11
      1261.94  2.71645e-08  1.92065e-11
      1262.26  2.74983e-08  1.98121e-11
      1262.58  2.12341e-08  1.65855e-11
      1262.90  2.19362e-08  1.65988e-11
      1263.22  3.14263e-08  2.06596e-11
      1263.54  2.70899e-08  1.90821e-11
      1263.86  1.84577e-08  1.61108e-11
      1264.17  1.49784e-08  1.56573e-11
      1264.49  1.14797e-08  1.41508e-11
      1264.81  1.22421e-08  1.48287e-11
      1265.13  2.22711e-08  2.03684e-11
      1265.45  3.31535e-08  2.49374e-11
      1265.77  2.99604e-08  2.33307e-11
      1266.10  1.73709e-08  1.71119e-11
      1266.42  9.97343e-09  1.31138e-11
      1266.74  8.79954e-09  1.26984e-11
      1267.06  1.14187e-08  1.46590e-11
      1267.38  2.12440e-08  2.00457e-11
      1267.70  3.66929e-08  2.71131e-11
      1268.02  3.93970e-08  2.70472e-11
      1268.34  3.86416e-08  2.58680e-11
      1268.67  3.57079e-08  2.34379e-11
      1268.99  3.47158e-08  2.26160e-11
      1269.31  2.80268e-08  1.95973e-11
      1269.63  1.95840e-08  1.61526e-11
      1269.95  1.65422e-08  1.48988e-11
      1270.28  1.93048e-08  1.57582e-11
      1270.60  2.95255e-08  1.98656e-11
      1270.92  3.46997e-08  2.08690e-11
      1271.25  3.76287e-08  2.11322e-11
      1271.57  3.70096e-08  2.06782e-11
      1271.89  2.26333e-08  1.52921e-11
      1272.22  1.11376e-08  1.08263e-11
      1272.54  7.45525e-09  9.52380e-12
      1272.86  6.33539e-09  9.39682e-12
      1273.19  6.02422e-09  9.64387e-12
      1273.51  7.07853e-09  1.09329e-11
      1273.84  1.03295e-08  1.32499e-11
      1274.16  1.34277e-08  1.50145e-11
      1274.49  1.73222e-08  1.63912e-11
      1274.81  2.82307e-08  2.11229e-11
      1275.14  3.75989e-08  2.47097e-11
      1275.46  3.46113e-08  2.40669e-11
      1275.79  2.42912e-08  2.06766e-11
      1276.11  1.72147e-08  1.75652e-11
      1276.44  2.13082e-08  1.97583e-11
      1276.76  3.31344e-08  2.53042e-11
      1277.09  3.41911e-08  2.37021e-11
      1277.42  3.52973e-08  2.39683e-11
      1277.74  2.48311e-08  1.87096e-11
      1278.07  1.26961e-08  1.27686e-11
      1278.40  8.18482e-09  1.04342e-11
      1278.72  6.52584e-09  9.39784e-12
      1279.05  6.40418e-09  9.42236e-12
      1279.38  8.21421e-09  1.04882e-11
      1279.71  1.14779e-08  1.20718e-11
      1280.03  1.45459e-08  1.33128e-11
      1280.36  1.35094e-08  1.22312e-11
      1280.69  1.40853e-08  1.24750e-11
      1281.02  1.80576e-08  1.44309e-11
      1281.34  2.51242e-08  1.80692e-11
      1281.67  2.94399e-08  2.07846e-11
      1282.00  2.41168e-08  1.91450e-11
      1282.33  2.51174e-08  2.04671e-11
      1282.66  3.65140e-08  2.55004e-11
      1282.99  4.52007e-08  2.82998e-11
      1283.32  4.51522e-08  2.78544e-11
      1283.65  3.30828e-08  2.35855e-11
      1283.98  1.88231e-08  1.76824e-11
      1284.31  1.19480e-08  1.43684e-11
      1284.64  9.34039e-09  1.31401e-11
      1284.97  9.13534e-09  1.30251e-11
      1285.30  1.05097e-08  1.40302e-11
      1285.63  9.23218e-09  1.26135e-11
      1285.96  8.52846e-09  1.11828e-11
      1286.29  1.19516e-08  1.25434e-11
      1286.62  1.58865e-08  1.38774e-11
      1286.95  1.52714e-08  1.29315e-11
      1287.28  1.84731e-08  1.41256e-11
      1287.61  2.96951e-08  1.87255e-11
      1287.95  3.50476e-08  2.07132e-11
      1288.28  3.48816e-08  2.09211e-11
      1288.61  3.49329e-08  2.12851e-11
      1288.94  3.44253e-08  2.17695e-11
      1289.27  2.53685e-08  1.81859e-11
      1289.61  2.00806e-08  1.69958e-11
      1289.94  1.66050e-08  1.60776e-11
      1290.27  1.17559e-08  1.38443e-11
      1290.61  1.04570e-08  1.41877e-11
      1290.94  8.11243e-09  1.27085e-11
      1291.27  6.22400e-09  1.12711e-11
      1291.61  7.22704e-09  1.16551e-11
      1291.94  1.12652e-08  1.37858e-11
      1292.27  1.78106e-08  1.64789e-11
      1292.61  2.39332e-08  1.88979e-11
      1292.94  1.86130e-08  1.59064e-11
      1293.28  1.49251e-08  1.40784e-11
      1293.61  1.88364e-08  1.59030e-11
      1293.95  2.32696e-08  1.70345e-11
      1294.28  3.21617e-08  1.96720e-11
      1294.62  3.56757e-08  2.01857e-11
      1294.95  3.09321e-08  1.79970e-11
      1295.29  2.96761e-08  1.79391e-11
      1295.62  2.60031e-08  1.73738e-11
      1295.96  2.00590e-08  1.59596e-11
      1296.29  1.77566e-08  1.60308e-11
      1296.63  1.85040e-08  1.74037e-11
      1296.97  2.21763e-08  1.93581e-11
      1297.30  3.23111e-08  2.37099e-11
      1297.64  4.25887e-08  2.74733e-11
      1297.98  3.71585e-08  2.47387e-11
      1298.31  2.52217e-08  2.01784e-11
      1298.65  1.54666e-08  1.56691e-11
      1298.99  1.22455e-08  1.38358e-11
      1299.33  1.88397e-08  1.71730e-11
      1299.66  3.08675e-08  2.18868e-11
      1300.00  3.44151e-08  2.21119e-11
      1300.34  3.01910e-08  1.96342e-11
      1300.68  2.20402e-08  1.54235e-11
      1301.02  2.23082e-08  1.47787e-11
      1301.35  3.51117e-08  1.90849e-11
      1301.69  4.15229e-08  2.11755e-11
      1302.03  3.96451e-08  2.17134e-11
      1302.37  3.59534e-08  2.13258e-11
      1302.71  4.04661e-08  2.42375e-11
      1303.05  4.43842e-08  2.55413e-11
      1303.39  5.02301e-08  2.77264e-11
      1303.73  5.35782e-08  2.87981e-11
      1304.07  5.08537e-08  2.78569e-11
      1304.41  5.23137e-08  2.88815e-11
      1304.75  5.52168e-08  3.01927e-11
      1305.09  5.68349e-08  3.05433e-11
      1305.43  6.46958e-08  3.27703e-11
      1305.77  7.37573e-08  3.37471e-11
      1306.11  7.27874e-08  3.19507e-11
      1306.46  5.09299e-08  2.50389e-11
      1306.80  2.73303e-08  1.71075e-11
      1307.14  1.60185e-08  1.28981e-11
      1307.48  1.15262e-08  1.12260e-11
      1307.82  9.38767e-09  1.04132e-11
      1308.16  9.26109e-09  1.08128e-11
      1308.51  1.05061e-08  1.21939e-11
      1308.85  8.94831e-09  1.14581e-11
      1309.19  6.79007e-09  1.01705e-11
      1309.53  6.26998e-09  9.95983e-12
      1309.88  6.25375e-09  1.01440e-11
      1310.22  6.76563e-09  1.08305e-11
      1310.56  8.61465e-09  1.23934e-11
      1310.91  1.44475e-08  1.60153e-11
      1311.25  2.41531e-08  2.11255e-11
      1311.60  2.42649e-08  2.04430e-11
      1311.94  1.53390e-08  1.53533e-11
      1312.28  8.73930e-09  1.08968e-11
      1312.63  6.10325e-09  8.80783e-12
      1312.97  5.24190e-09  8.27773e-12
      1313.32  6.75324e-09  8.77977e-12
      1313.66  1.05974e-08  1.16738e-11
      1314.01  8.81436e-09  1.06075e-11
      1314.35  5.36667e-09  8.65931e-12
      1314.70  4.28716e-09  8.14938e-12
      1315.05  4.30539e-09  8.39473e-12
      1315.39  4.88002e-09  8.91318e-12
      1315.74  6.18986e-09  1.02077e-11
      1316.08  9.18331e-09  1.24818e-11
      1316.43  1.69004e-08  1.72675e-11
      1316.78  2.68676e-08  2.27746e-11
      1317.12  2.21583e-08  2.02155e-11
      1317.47  1.14779e-08  1.38246e-11
      1317.82  7.23360e-09  1.06535e-11
      1318.17  7.35126e-09  9.87276e-12
      1318.51  1.12818e-08  1.18541e-11
      1318.86  1.35221e-08  1.26961e-11
      1319.21  9.50982e-09  1.04643e-11
      1319.56  5.86878e-09  8.52865e-12
      1319.91  5.80539e-09  9.01092e-12
      1320.25  5.92656e-09  9.46311e-12
      1320.60  6.03380e-09  1.01414e-11
      1320.95  7.25055e-09  1.07305e-11
      1321.30  1.01589e-08  1.26577e-11
      1321.65  1.88093e-08  1.72483e-11
      1322.00  3.16715e-08  2.36594e-11
      1322.35  2.79718e-08  2.23379e-11
      1322.70  1.59682e-08  1.68121e-11
      1323.05  1.07215e-08  1.35863e-11
      1323.40  1.15495e-08  1.38001e-11
      1323.75  1.33248e-08  1.38201e-11
      1324.10  1.37561e-08  1.31984e-11
      1324.45  1.01481e-08  1.06679e-11
      1324.80  7.45166e-09  9.24930e-12
      