227
      1249.95  1.43234e-08  2.14134e-11
      1250.27  7.32935e-09  1.55855e-11
      1250.58  2.74663e-09  1.06002e-11
      1250.89  2.01554e-09  9.73373e-12
      1251.20  2.56094e-09  9.90450e-12
      1251.52  3.79218e-09  1.05580e-11
      1251.83  6.46279e-09  1.30837e-11
      1252.14  8.33398e-09  1.44428e-11
      1252.46  8.04675e-09  1.43968e-11
      1252.77  7.47306e-09  1.37286e-11
      1253.09  1.19410e-08  1.70546e-11
      1253.40  2.17942e-08  2.27024e-11
      1253.71  2.63826e-08  2.46501e-11
      1254.03  1.67360e-08  1.83318e-11
      1254.34  8.58846e-09  1.23084e-11
      1254.66  1.04114e-08  1.32685e-11
      1254.97  1.52014e-08  1.65062e-11
      1255.29  1.04647e-08  1.34687e-11
      1255.60  5.12119e-09  9.84462e-12
      1255.92  5.49035e-09  1.07993e-11
      1256.23  9.02656e-09  1.31067e-11
      1256.55  1.44505e-08  1.71922e-11
      1256.87  1.00203e-08  1.36298e-11
      1257.18  4.72611e-09  9.38442e-12
      1257.50  3.59560e-09  8.49349e-12
      1257.81  4.06680e-09  9.15339e-12
      1258.13  5.02682e-09  1.04917e-11
      1258.45  5.07649e-09  1.06863e-11
      1258.76  5.43269e-09  1.13709e-11
      1259.08  9.40819e-09  1.47344e-11
      1259.40  1.83943e-08  2.07675e-11
      1259.72  2.43973e-08  2.41477e-11
      1260.03  1.87353e-08  2.01972e-11
      1260.35  1.42035e-08  1.68505e-11
      1260.67  1.79145e-08  1.97983e-11
      1260.99  1.65924e-08  1.91930e-11
      1261.30  1.34724e-08  1.71775e-11
      1261.62  1.69656e-08  2.04881e-11
      1261.94  1.74961e-08  2.01969e-11
      1262.26  1.82506e-08  2.10746e-11
      1262.58  1.35803e-08  1.68541e-11
      1262.90  1.41893e-08  1.64494e-11
      1263.22  2.13126e-08  2.03062e-11
      1263.54  1.80155e-08  1.78710e-11
      1263.86  1.17112e-08  1.42524e-11
      1264.17  9.28633e-09  1.31903e-11
      1264.49  6.96098e-09  1.13615e-11
      1264.81  7.50177e-09  1.14580e-11
      1265.13  1.41737e-08  1.51306e-11
      1265.45  2.12783e-08  1.81001e-11
      1265.77  1.88738e-08  1.63258e-11
      1266.10  1.04189e-08  1.15420e-11
      1266.42  5.54807e-09  8.54215e-12
      1266.74  4.69858e-09  8.14033e-12
      1267.06  6.14173e-09  9.42512e-12
      1267.38  1.23722e-08  1.34344e-11
      1267.70  2.28516e-08  1.97095e-11
      1268.02  2.40077e-08  1.97017e-11
      1268.34  2.36195e-08  1.97717e-11
      1268.67  2.16353e-08  1.85092e-11
      1268.99  2.11480e-08  1.86853e-11
      1269.31  1.67883e-08  1.67364e-11
      1269.63  1.13432e-08  1.41477e-11
      1269.95  9.55871e-09  1.36580e-11
      1270.28  1.17322e-08  1.55627e-11
      1270.60  1.87743e-08  2.05497e-11
      1270.92  2.24878e-08  2.21813e-11
      1271.25  2.46989e-08  2.27837e-11
      1271.57  2.42925e-08  2.21647e-11
      1271.89  1.46908e-08  1.62615e-11
      1272.22  6.93307e-09  1.09988e-11
      1272.54  4.47390e-09  9.27569e-12
      1272.86  3.76501e-09  8.79537e-12
      1273.19  3.53742e-09  8.60389e-12
      1273.51  4.21422e-09  9.03618e-12
      1273.84  6.36208e-09  1.07185e-11
      1274.16  8.32129e-09  1.15788e-11
      1274.49  1.07766e-08  1.19572e-11
      1274.81  1.80586e-08  1.50498e-11
      1275.14  2.41520e-08  1.71798e-11
      1275.46  2.16803e-08  1.62387e-11
      1275.79  1.44976e-08  1.36695e-11
      1276.11  9.77791e-09  1.15450e-11
      1276.44  1.25234e-08  1.35229e-11
      1276.76  2.00845e-08  1.81285e-11
      1277.09  2.09694e-08  1.79747e-11
      1277.42  2.16175e-08  1.88853e-11
      1277.74  1.48541e-08  1.52318e-11
      1278.07  7.27820e-09  1.09600e-11
      1278.40  4.52483e-09  9.38546e-12
      1278.72  3.59012e-09  8.95591e-12
      1279.05  3.55984e-09  9.35835e-12
      1279.38  4.73061e-09  1.06533e-11
      1279.71  6.92561e-09  1.25994e-11
      1280.03  9.06488e-09  1.41498e-11
      1280.36  8.39645e-09  1.27267e-11
      1280.69  8.85481e-09  1.25367e-11
      1281.02  1.16108e-08  1.38939e-11
      1281.34  1.65842e-08  1.65725e-11
      1281.67  1.96590e-08  1.80810e-11
      1282.00  1.58250e-08  1.57559e-11
      1282.33  1.62693e-08  1.56962e-11
      1282.66  2.40617e-08  1.89218e-11
      1282.99  2.99723e-08  2.02657e-11
      1283.32  2.94861e-08  1.94213e-11
      1283.65  2.07405e-08  1.58313e-11
      1283.98  1.11850e-08  1.16287e-11
      1284.31  6.60147e-09  9.54460e-12
      1284.64  5.01895e-09  9.06649e-12
      1284.97  4.95819e-09  9.38530e-12
      1285.30  5.86486e-09  1.09683e-11
      1285.63  5.06704e-09  1.02290e-11
      1285.96  4.73211e-09  9.66924e-12
      1286.29  7.03971e-09  1.16763e-11
      1286.62  9.66134e-09  1.36215e-11
      1286.95  9.27669e-09  1.31101e-11
      1287.28  1.16704e-08  1.47423e-11
      1287.61  1.95577e-08  2.00589e-11
      1287.95  2.34876e-08  2.20482e-11
      1288.28  2.35568e-08  2.17394e-11
      1288.61  2.36462e-08  2.10199e-11
      1288.94  2.31633e-08  2.01828e-11
      1289.27  1.68369e-08  1.58224e-11
      1289.61  1.28120e-08  1.34495e-11
      1289.94  1.02240e-08  1.18746e-11
      1290.27  7.03997e-09  9.68341e-12
      1290.61  6.05149e-09  9.48547e-12
      1290.94  4.53845e-09  8.25916e-12
      1291.27  3.38139e-09  7.46629e-12
      1291.61  3.87598e-09  7.76304e-12
      1291.94  6.23435e-09  9.71700e-12
      1292.27  1.02980e-08  1.22467e-11
      1292.61  1.44823e-08  1.53545e-11
      1292.94  1.08629e-08  1.31597e-11
      1293.28  8.53923e-09  1.23714e-11
      1293.61  1.12371e-08  1.51911e-11
      1293.95  1.44689e-08  1.71412e-11
      1294.28  2.08314e-08  2.07177e-11
      1294.62  2.34444e-08  2.17309e-11
      1294.95  2.02910e-08  1.89669e-11
      1295.29  1.94607e-08  1.82257e-11
      1295.62  1.69112e-08  1.67839e-11
      1295.96  1.27348e-08  1.41975e-11
      1296.29  1.11011e-08  1.33060e-11
      1296.63  1.14908e-08  1.34510e-11
      1296.97  1.39061e-08  1.39694e-11
      1297.30  2.07417e-08  1.65865e-11
      1297.64  2.73088e-08  1.87917e-11
      1297.98  2.29073e-08  1.65577e-11
      1298.31  1.46714e-08  1.34666e-11
      1298.65  8.33371e-09  1.04949e-11
      1298.99  6.48021e-09  9.79862e-12
      1299.33  1.10043e-08  1.34230e-11
      1299.66  1.94349e-08  1.92189e-11
      1300.00  2.17238e-08  2.05185e-11
      1300.34  1.89791e-08  1.91837e-11
      1300.68  1.35836e-08  1.55832e-11
      1301.02  1.41462e-08  1.55042e-11
      1301.35  2.35214e-08  2.05074e-11
      1301.69  2.82284e-08  2.23668e-11
      1302.03  2.71802e-08  2.19486e-11
      1302.37  2.46515e-08  2.02523e-11
      1302.71  2.78283e-08  2.15949e-11
      1303.05  3.05687e-08  2.13060e-11
      1303.39  3.44145e-08  2.14423e-11
      1303.73  3.64085e-08  2.10772e-11
      1304.07  3.37981e-08  1.96272e-11
      1304.41  3.40896e-08  2.01655e-11
      1304.75  3.56096e-08  2.16332e-11
      1305.09  3.69112e-08  2.29212e-11
      1305.43  4.31863e-08  2.62025e-11
      1305.77  5.05783e-08  2.91990e-11
      1306.11  5.06183e-08  2.99755e-11
      1306.46  3.42574e-08  2.43943e-11
      1306.80  1.71341e-08  1.68468e-11
      1307.14  9.58979e-09  1.30470e-11
      1307.48  6.85443e-09  1.15318e-11
      1307.82  5.60950e-09  1.06063e-11
      1308.16  5.63881e-09  1.06025e-11
      1308.51  6.56985e-09  1.13553e-11
      1308.85  5.51141e-09  9.96250e-12
      1309.19  4.03631e-09  8.15229e-12
      1309.53  3.66422e-09  7.43525e-12
      1309.88  3.57486e-09  7.08305e-12
      1310.22  3.79656e-09  7.26796e-12
      1310.56  4.84898e-09  8.16230e-12
      1310.91  8.48692e-09  1.09196e-11
      1311.25  1.45932e-08  1.51867e-11
      1311.60  1.46736e-08  1.56754e-11
      1311.94  9.00178e-09  1.24782e-11
      1312.28  4.95093e-09  9.55075e-12
      1312.63  3.45468e-09  8.39682e-12
      1312.97  3.02118e-09  8.00421e-12
      1313.32  4.08994e-09  9.27003e-12
      1313.66  6.54755e-09  1.22738e-11
      1314.01  5.43804e-09  1.08748e-11
      1314.35  3.27982e-09  8.43042e-12
      1314.70  2.57519e-09  7.44090e-12
      1315.05  2.56442e-09  7.01053e-12
      1315.39  2.85636e-09  6.85402e-12
      1315.74  3.55158e-09  7.09141e-12
      1316.08  5.25266e-09  8.30850e-12
      1316.43  1.00949e-08  1.15194e-11
      1316.78  1.67938e-08  1.60164e-11
      1317.12  1.31803e-08  1.43758e-11
      1317.47  6.35279e-09  1.04541e-11
      1317.82  3.95977e-09  8.64142e-12
      1318.17  4.15534e-09  8.85469e-12
      1318.51  6.74802e-09  1.15497e-11
      1318.86  8.23941e-09  1.27627e-11
      1319.21  5.73447e-09  1.07630e-11
      1319.56  3.50739e-09  8.75557e-12
      1319.91  3.54252e-09  8.95803e-12
      1320.25  3.62656e-09  8.73355e-12
      1320.60  3.64232e-09  8.22146e-12
      1320.95  4.36890e-09  8.32062e-12
      1321.30  6.17054e-09  9.05457e-12
      1321.65  1.18670e-08  1.19099e-11
      1322.00  2.01408e-08  1.62897e-11
      1322.35  1.72732e-08  1.54505e-11
      1322.70  9.19720e-09  1.17789e-11
      1323.05  5.97746e-09  1.01772e-11
      1323.40  6.58053e-09  1.12341e-11
      1323.75  7.81179e-09  1.22254e-11
      1324.10  8.15606e-09  1.26870e-11
      1324.45  6.03035e-09  1.08006e-11
      1324.80  4.46005e-09  9.95674e-12
      