227
      1249.95  2.57441e-08  2.66294e-11
      1250.27  1.35575e-08  1.90906e-11
      1250.58  5.42767e-09  1.31489e-11
      1250.89  4.02250e-09  1.19283e-11
      1251.20  5.02798e-09  1.22934e-11
      1251.52  7.09698e-09  1.33426e-11
      1251.83  1.15768e-08  1.66968e-11
      1252.14  1.49383e-08  1.90695e-11
      1252.46  1.46844e-08  1.90760e-11
      1252.77  1.37704e-08  1.84071e-11
      1253.09  2.07053e-08  2.29262e-11
      1253.40  3.59264e-08  3.05843e-11
      1253.71  4.29581e-08  3.34771e-11
      1254.03  2.83691e-08  2.50282e-11
      1254.34  1.57263e-08  1.74886e-11
      1254.66  1.84152e-08  1.88223e-11
      1254.97  2.68573e-08  2.40562e-11
      1255.29  1.89516e-08  1.90357e-11
      1255.60  9.90948e-09  1.38824e-11
      1255.92  1.07783e-08  1.49560e-11
      1256.23  1.67383e-08  1.77194e-11
      1256.55  2.59969e-08  2.22652e-11
      1256.87  1.93039e-08  1.77672e-11
      1257.18  9.87919e-09  1.20888e-11
      1257.50  7.54039e-09  1.04888e-11
      1257.81  8.34995e-09  1.09212e-11
      1258.13  1.02148e-08  1.20098e-11
      1258.45  1.05086e-08  1.21744e-11
      1258.76  1.12521e-08  1.23954e-11
      1259.08  1.81103e-08  1.53890e-11
      1259.40  3.33718e-08  2.08007e-11
      1259.72  4.36167e-08  2.36867e-11
      1260.03  3.39104e-08  1.99076e-11
      1260.35  2.59912e-08  1.67838e-11
      1260.67  3.25755e-08  2.00587e-11
      1260.99  3.04903e-08  1.96458e-11
      1261.30  2.46373e-08  1.77279e-11
      1261.62  3.00250e-08  2.14490e-11
      1261.94  3.08509e-08  2.33005e-11
      1262.26  3.07563e-08  2.52654e-11
      1262.58  2.39138e-08  2.12355e-11
      1262.90  2.46398e-08  2.09486e-11
      1263.22  3.45425e-08  2.58577e-11
      1263.54  2.95504e-08  2.35589e-11
      1263.86  2.06324e-08  1.90025e-11
      1264.17  1.68131e-08  1.78775e-11
      1264.49  1.28258e-08  1.56530e-11
      1264.81  1.34375e-08  1.57407e-11
      1265.13  2.40744e-08  2.10016e-11
      1265.45  3.57045e-08  2.50393e-11
      1265.77  3.23129e-08  2.28886e-11
      1266.10  1.88198e-08  1.63604e-11
      1266.42  1.08446e-08  1.21972e-11
      1266.74  9.53145e-09  1.16135e-11
      1267.06  1.22548e-08  1.29637e-11
      1267.38  2.24807e-08  1.72537e-11
      1267.70  3.84888e-08  2.29303e-11
      1268.02  4.17494e-08  2.27041e-11
      1268.34  4.12561e-08  2.17689e-11
      1268.67  3.85482e-08  1.99504e-11
      1268.99  3.78410e-08  1.95454e-11
      1269.31  3.08988e-08  1.72988e-11
      1269.63  2.19985e-08  1.46988e-11
      1269.95  1.87671e-08  1.40329e-11
      1270.28  2.18523e-08  1.53738e-11
      1270.60  3.32726e-08  2.00911e-11
      1270.92  3.91361e-08  2.19135e-11
      1271.25  4.18976e-08  2.39258e-11
      1271.57  4.10171e-08  2.51391e-11
      1271.89  2.59452e-08  1.92783e-11
      1272.22  1.27232e-08  1.39284e-11
      1272.54  8.57240e-09  1.20527e-11
      1272.86  7.26973e-09  1.15711e-11
      1273.19  6.87134e-09  1.15073e-11
      1273.51  7.98441e-09  1.24570e-11
      1273.84  1.14593e-08  1.47365e-11
      1274.16  1.47565e-08  1.61737e-11
      1274.49  1.88178e-08  1.69569e-11
      1274.81  3.02571e-08  2.09258e-11
      1275.14  4.00857e-08  2.37875e-11
      1275.46  3.68938e-08  2.24808e-11
      1275.79  2.59719e-08  1.87184e-11
      1276.11  1.83919e-08  1.54947e-11
      1276.44  2.24732e-08  1.68025e-11
      1276.76  3.50756e-08  2.14553e-11
      1277.09  3.65619e-08  2.00389e-11
      1277.42  3.79427e-08  2.02872e-11
      1277.74  2.72633e-08  1.61731e-11
      1278.07  1.43002e-08  1.14251e-11
      1278.40  9.38040e-09  9.72970e-12
      1278.72  7.55006e-09  9.09499e-12
      1279.05  7.46094e-09  9.48289e-12
      1279.38  9.55933e-09  1.10283e-11
      1279.71  1.32886e-08  1.31606e-11
      1280.03  1.67450e-08  1.49592e-11
      1280.36  1.55312e-08  1.47531e-11
      1280.69  1.58724e-08  1.59220e-11
      1281.02  2.02133e-08  1.79180e-11
      1281.34  2.77496e-08  2.15411e-11
      1281.67  3.23523e-08  2.39340e-11
      1282.00  2.64412e-08  2.12475e-11
      1282.33  2.72064e-08  2.15877e-11
      1282.66  3.91595e-08  2.58893e-11
      1282.99  4.81145e-08  2.75918e-11
      1283.32  4.79865e-08  2.64207e-11
      1283.65  3.52915e-08  2.21263e-11
      1283.98  1.96592e-08  1.63550e-11
      1284.31  1.27740e-08  1.25112e-11
      1284.64  1.01204e-08  1.11708e-11
      1284.97  9.96308e-09  1.10050e-11
      1285.30  1.15500e-08  1.18658e-11
      1285.63  1.03084e-08  1.08765e-11
      1285.96  9.63244e-09  1.00338e-11
      1286.29  1.35472e-08  1.17304e-11
      1286.62  1.80710e-08  1.36341e-11
      1286.95  1.74093e-08  1.33630e-11
      1287.28  2.09685e-08  1.52698e-11
      1287.61  3.36473e-08  2.09030e-11
      1287.95  3.93961e-08  2.39336e-11
      1288.28  3.87805e-08  2.58492e-11
      1288.61  3.84825e-08  2.60557e-11
      1288.94  3.78501e-08  2.64616e-11
      1289.27  2.72684e-08  2.16983e-11
      1289.61  2.19063e-08  1.89562e-11
      1289.94  1.79647e-08  1.76775e-11
      1290.27  1.27781e-08  1.41542e-11
      1290.61  1.11567e-08  1.43829e-11
      1290.94  8.80096e-09  1.27751e-11
      1291.27  6.76673e-09  1.02051e-11
      1291.61  7.82134e-09  1.01612e-11
      1291.94  1.21391e-08  1.17297e-11
      1292.27  1.92694e-08  1.39427e-11
      1292.61  2.60841e-08  1.61670e-11
      1292.94  2.06600e-08  1.39334e-11
      1293.28  1.70173e-08  1.29124e-11
      1293.61  2.14739e-08  1.52488e-11
      1293.95  2.64545e-08  1.71805e-11
      1294.28  3.63999e-08  2.08328e-11
      1294.62  4.03494e-08  2.21854e-11
      1294.95  3.49539e-08  2.09287e-11
      1295.29  3.31372e-08  2.23322e-11
      1295.62  2.89905e-08  2.14179e-11
      1295.96  2.23811e-08  1.88545e-11
      1296.29  1.97335e-08  1.81135e-11
      1296.63  2.03497e-08  1.87425e-11
      1296.97  2.40185e-08  1.96819e-11
      1297.30  3.44257e-08  2.29603e-11
      1297.64  4.48850e-08  2.58660e-11
      1297.98  3.89342e-08  2.30375e-11
      1298.31  2.68581e-08  1.76846e-11
      1298.65  1.68180e-08  1.34780e-11
      1298.99  1.34754e-08  1.17434e-11
      1299.33  2.06804e-08  1.45824e-11
      1299.66  3.38426e-08  1.89359e-11
      1300.00  3.81860e-08  1.99735e-11
      1300.34  3.39334e-08  1.87406e-11
      1300.68  2.51454e-08  1.57109e-11
      1301.02  2.55046e-08  1.60894e-11
      1301.35  3.97534e-08  2.14968e-11
      1301.69  4.67074e-08  2.45948e-11
      1302.03  4.40023e-08  2.65798e-11
      1302.37  3.93789e-08  2.56069e-11
      1302.71  4.39888e-08  2.77922e-11
      1303.05  4.78038e-08  2.79028e-11
      1303.39  5.35919e-08  2.86347e-11
      1303.73  5.68214e-08  2.85626e-11
      1304.07  5.35557e-08  2.63677e-11
      1304.41  5.48971e-08  2.62234e-11
      1304.75  5.78602e-08  2.64483e-11
      1305.09  5.96572e-08  2.60299e-11
      1305.43  6.82122e-08  2.74974e-11
      1305.77  7.83750e-08  2.85666e-11
      1306.11  7.80109e-08  2.77697e-11
      1306.46  5.56867e-08  2.28257e-11
      1306.80  3.08019e-08  1.67101e-11
      1307.14  1.85091e-08  1.35494e-11
      1307.48  1.34829e-08  1.24287e-11
      1307.82  1.10071e-08  1.20235e-11
      1308.16  1.06306e-08  1.32208e-11
      1308.51  1.18479e-08  1.48171e-11
      1308.85  1.00485e-08  1.33120e-11
      1309.19  7.61486e-09  1.12776e-11
      1309.53  6.97216e-09  1.05116e-11
      1309.88  6.88642e-09  1.01028e-11
      1310.22  7.35713e-09  1.02272e-11
      1310.56  9.20304e-09  1.11103e-11
      1310.91  1.52510e-08  1.38248e-11
      1311.25  2.56097e-08  1.77942e-11
      1311.60  2.60517e-08  1.70493e-11
      1311.94  1.68230e-08  1.30326e-11
      1312.28  9.82726e-09  9.69434e-12
      1312.63  7.01036e-09  8.37360e-12
      1312.97  6.11711e-09  8.38209e-12
      1313.32  7.87318e-09  9.52697e-12
      1313.66  1.23166e-08  1.32307e-11
      1314.01  1.04149e-08  1.26205e-11
      1314.35  6.21744e-09  1.07003e-11
      1314.70  4.88235e-09  9.66604e-12
      1315.05  4.85174e-09  9.42239e-12
      1315.39  5.42368e-09  9.52062e-12
      1315.74  6.76909e-09  1.02918e-11
      1316.08  9.86971e-09  1.18631e-11
      1316.43  1.78884e-08  1.55633e-11
      1316.78  2.82945e-08  1.97960e-11
      1317.12  2.35308e-08  1.71879e-11
      1317.47  1.24641e-08  1.16635e-11
      1317.82  8.08530e-09  9.20138e-12
      1318.17  8.34008e-09  9.01226e-12
      1318.51  1.29311e-08  1.14644e-11
      1318.86  1.56217e-08  1.31246e-11
      1319.21  1.10528e-08  1.14434e-11
      1319.56  6.87221e-09  9.95382e-12
      1319.91  6.66856e-09  1.11591e-11
      1320.25  6.73799e-09  1.14352e-11
      1320.60  6.79589e-09  1.12206e-11
      1320.95  8.03764e-09  1.14777e-11
      1321.30  1.10340e-08  1.27671e-11
      1321.65  1.99173e-08  1.64297e-11
      1322.00  3.33581e-08  2.16193e-11
      1322.35  2.96230e-08  1.96977e-11
      1322.70  1.70868e-08  1.48372e-11
      1323.05  1.14557e-08  1.18176e-11
      1323.40  1.27296e-08  1.18711e-11
      1323.75  1.49563e-08  1.24225e-11
      1324.10  1.56412e-08  1.29108e-11
      1324.45  1.15743e-08  1.13042e-11
      1324.80  8.71505e-09  1.02627e-11
      