227
      1249.95  1.16900e-08  1.65381e-11
      1250.27  5.87042e-09  1.22468e-11
      1250.58  2.12070e-09  8.54695e-12
      1250.89  1.55088e-09  8.22493e-12
      1251.20  1.96982e-09  8.59048e-12
      1251.52  3.00346e-09  9.31524e-12
      1251.83  5.09868e-09  1.16395e-11
      1252.14  6.55198e-09  1.31272e-11
      1252.46  6.27466e-09  1.34470e-11
      1252.77  5.70143e-09  1.30194e-11
      1253.09  9.44310e-09  1.67625e-11
      1253.40  1.78845e-08  2.35949e-11
      1253.71  2.19830e-08  2.62390e-11
      1254.03  1.35701e-08  1.94174e-11
      1254.34  6.71367e-09  1.30777e-11
      1254.66  8.37163e-09  1.43024e-11
      1254.97  1.24832e-08  1.81002e-11
      1255.29  8.63830e-09  1.49739e-11
      1255.60  4.15693e-09  1.09284e-11
      1255.92  4.48022e-09  1.18983e-11
      1256.23  7.62684e-09  1.43729e-11
      1256.55  1.21218e-08  1.92294e-11
      1256.87  8.50415e-09  1.46005e-11
      1257.18  3.99293e-09  9.65654e-12
      1257.50  2.96085e-09  8.29071e-12
      1257.81  3.36383e-09  8.58042e-12
      1258.13  4.20455e-09  9.56450e-12
      1258.45  4.20120e-09  9.37493e-12
      1258.76  4.46430e-09  9.50189e-12
      1259.08  7.85672e-09  1.19132e-11
      1259.40  1.57278e-08  1.64852e-11
      1259.72  2.09346e-08  1.85436e-11
      1260.03  1.59364e-08  1.51779e-11
      1260.35  1.19037e-08  1.24835e-11
      1260.67  1.49077e-08  1.45416e-11
      1260.99  1.37823e-08  1.41529e-11
      1261.30  1.12349e-08  1.28987e-11
      1261.62  1.38928e-08  1.55421e-11
      1261.94  1.44328e-08  1.57654e-11
      1262.26  1.50403e-08  1.68910e-11
      1262.58  1.07556e-08  1.36870e-11
      1262.90  1.13660e-08  1.37427e-11
      1263.22  1.78261e-08  1.82077e-11
      1263.54  1.45919e-08  1.60800e-11
      1263.86  9.18491e-09  1.31611e-11
      1264.17  7.27451e-09  1.25587e-11
      1264.49  5.42243e-09  1.12811e-11
      1264.81  5.90860e-09  1.17154e-11
      1265.13  1.15329e-08  1.60935e-11
      1265.45  1.75445e-08  1.98316e-11
      1265.77  1.55788e-08  1.80393e-11
      1266.10  8.56246e-09  1.26838e-11
      1266.42  4.51832e-09  9.33307e-12
      1266.74  3.83396e-09  8.86644e-12
      1267.06  5.10239e-09  1.00480e-11
      1267.38  1.05774e-08  1.40262e-11
      1267.70  1.99864e-08  2.00414e-11
      1268.02  2.07587e-08  1.90367e-11
      1268.34  2.06744e-08  1.84059e-11
      1268.67  1.86058e-08  1.62237e-11
      1268.99  1.83568e-08  1.57797e-11
      1269.31  1.43649e-08  1.35151e-11
      1269.63  9.44386e-09  1.08540e-11
      1269.95  7.89223e-09  1.02787e-11
      1270.28  9.77519e-09  1.14909e-11
      1270.60  1.58244e-08  1.52489e-11
      1270.92  1.90362e-08  1.66363e-11
      1271.25  2.07219e-08  1.71941e-11
      1271.57  2.01085e-08  1.71833e-11
      1271.89  1.20747e-08  1.29440e-11
      1272.22  5.54354e-09  8.98688e-12
      1272.54  3.45936e-09  7.82729e-12
      1272.86  2.85981e-09  7.68752e-12
      1273.19  2.70174e-09  8.39747e-12
      1273.51  3.25449e-09  8.82246e-12
      1273.84  5.04568e-09  1.08677e-11
      1274.16  6.63679e-09  1.20629e-11
      1274.49  8.64614e-09  1.26941e-11
      1274.81  1.50368e-08  1.66136e-11
      1275.14  2.04582e-08  1.92057e-11
      1275.46  1.84288e-08  1.82076e-11
      1275.79  1.22550e-08  1.50400e-11
      1276.11  8.22698e-09  1.23036e-11
      1276.44  1.07450e-08  1.39622e-11
      1276.76  1.73652e-08  1.78386e-11
      1277.09  1.83555e-08  1.69640e-11
      1277.42  1.86300e-08  1.65965e-11
      1277.74  1.28424e-08  1.28848e-11
      1278.07  6.20150e-09  8.78459e-12
      1278.40  3.74364e-09  7.17139e-12
      1278.72  2.92027e-09  6.65581e-12
      1279.05  2.87017e-09  6.93139e-12
      1279.38  3.80058e-09  7.94486e-12
      1279.71  5.60421e-09  9.56351e-12
      1280.03  7.45126e-09  1.11071e-11
      1280.36  6.69769e-09  1.01144e-11
      1280.69  7.06985e-09  1.04058e-11
      1281.02  9.30594e-09  1.19702e-11
      1281.34  1.34928e-08  1.50870e-11
      1281.67  1.61634e-08  1.73926e-11
      1282.00  1.29376e-08  1.57283e-11
      1282.33  1.33452e-08  1.63683e-11
      1282.66  2.00765e-08  2.04295e-11
      1282.99  2.52931e-08  2.23256e-11
      1283.32  2.51057e-08  2.16065e-11
      1283.65  1.77395e-08  1.75853e-11
      1283.98  9.55251e-09  1.26019e-11
      1284.31  5.58559e-09  9.91480e-12
      1284.64  4.20315e-09  8.84527e-12
      1284.97  4.15527e-09  8.78293e-12
      1285.30  4.95491e-09  9.61700e-12
      1285.63  4.20328e-09  8.38068e-12
      1285.96  3.87701e-09  7.53562e-12
      1286.29  5.84432e-09  8.72580e-12
      1286.62  8.14964e-09  1.02059e-11
      1286.95  7.66491e-09  9.68315e-12
      1287.28  9.60555e-09  1.10920e-11
      1287.61  1.64494e-08  1.57516e-11
      1287.95  1.96502e-08  1.78279e-11
      1288.28  1.95425e-08  1.83203e-11
      1288.61  1.95545e-08  1.87278e-11
      1288.94  1.90490e-08  1.87078e-11
      1289.27  1.38224e-08  1.54740e-11
      1289.61  1.03038e-08  1.36848e-11
      1289.94  8.19996e-09  1.24378e-11
      1290.27  5.68467e-09  1.05784e-11
      1290.61  4.86541e-09  1.03803e-11
      1290.94  3.70331e-09  9.22890e-12
      1291.27  2.81146e-09  8.22271e-12
      1291.61  3.21368e-09  8.10494e-12
      1291.94  5.20351e-09  9.52952e-12
      1292.27  8.74275e-09  1.12097e-11
      1292.61  1.27331e-08  1.34734e-11
      1292.94  9.16852e-09  1.07157e-11
      1293.28  7.03804e-09  9.51265e-12
      1293.61  9.39760e-09  1.14487e-11
      1293.95  1.20598e-08  1.26648e-11
      1294.28  1.76265e-08  1.58372e-11
      1294.62  1.97220e-08  1.69680e-11
      1294.95  1.67872e-08  1.53389e-11
      1295.29  1.59476e-08  1.54823e-11
      1295.62  1.37239e-08  1.48743e-11
      1295.96  1.01665e-08  1.30921e-11
      1296.29  8.85059e-09  1.29118e-11
      1296.63  9.24381e-09  1.36969e-11
      1296.97  1.14487e-08  1.50942e-11
      1297.30  1.74902e-08  1.83748e-11
      1297.64  2.31330e-08  2.06596e-11
      1297.98  1.95762e-08  1.81348e-11
      1298.31  1.25795e-08  1.41378e-11
      1298.65  7.11156e-09  1.04023e-11
      1298.99  5.41379e-09  8.99522e-12
      1299.33  9.27828e-09  1.13465e-11
      1299.66  1.69742e-08  1.56269e-11
      1300.00  1.87801e-08  1.58603e-11
      1300.34  1.62997e-08  1.45360e-11
      1300.68  1.12241e-08  1.15105e-11
      1301.02  1.16039e-08  1.17004e-11
      1301.35  1.99901e-08  1.64918e-11
      1301.69  2.38518e-08  1.85519e-11
      1302.03  2.28519e-08  1.91495e-11
      1302.37  2.05341e-08  1.86967e-11
      1302.71  2.32899e-08  2.10836e-11
      1303.05  2.58576e-08  2.20832e-11
      1303.39  2.92664e-08  2.33068e-11
      1303.73  3.13303e-08  2.35233e-11
      1304.07  2.92958e-08  2.20251e-11
      1304.41  2.98268e-08  2.21781e-11
      1304.75  3.15270e-08  2.25813e-11
      1305.09  3.30183e-08  2.26046e-11
      1305.43  3.88119e-08  2.41570e-11
      1305.77  4.55757e-08  2.52380e-11
      1306.11  4.53263e-08  2.43819e-11
      1306.46  3.04681e-08  1.90308e-11
      1306.80  1.49204e-08  1.27902e-11
      1307.14  8.01590e-09  9.80680e-12
      1307.48  5.53044e-09  8.74413e-12
      1307.82  4.42924e-09  8.52187e-12
      1308.16  4.43239e-09  9.02767e-12
      1308.51  5.28229e-09  1.03848e-11
      1308.85  4.31949e-09  9.52259e-12
      1309.19  3.13123e-09  8.10533e-12
      1309.53  2.88584e-09  7.75152e-12
      1309.88  2.85385e-09  7.70346e-12
      1310.22  3.08319e-09  7.87593e-12
      1310.56  4.03398e-09  8.77528e-12
      1310.91  7.23462e-09  1.12009e-11
      1311.25  1.27118e-08  1.46880e-11
      1311.60  1.28403e-08  1.41856e-11
      1311.94  7.79361e-09  1.04881e-11
      1312.28  4.16576e-09  7.47303e-12
      1312.63  2.83777e-09  6.33772e-12
      1312.97  2.45479e-09  5.99361e-12
      1313.32  3.34877e-09  7.06222e-12
      1313.66  5.23988e-09  9.53358e-12
      1314.01  4.37096e-09  9.05121e-12
      1314.35  2.61725e-09  7.59987e-12
      1314.70  2.02616e-09  7.20511e-12
      1315.05  2.00433e-09  6.91360e-12
      1315.39  2.25214e-09  7.88318e-12
      1315.74  2.84518e-09  7.89313e-12
      1316.08  4.27111e-09  9.14182e-12
      1316.43  8.56669e-09  1.26626e-11
      1316.78  1.48748e-08  1.67971e-11
      1317.12  1.15392e-08  1.40864e-11
      1317.47  5.41539e-09  9.36008e-12
      1317.82  3.29917e-09  7.08298e-12
      1318.17  3.42129e-09  6.79731e-12
      1318.51  5.67046e-09  8.56097e-12
      1318.86  6.94062e-09  9.64718e-12
      1319.21  4.65259e-09  8.22328e-12
      1319.56  2.74447e-09  7.00865e-12
      1319.91  2.80989e-09  7.82709e-12
      1320.25  2.85013e-09  8.07845e-12
      1320.60  2.84032e-09  7.98976e-12
      1320.95  3.45625e-09  8.54536e-12
      1321.30  5.01725e-09  9.72904e-12
      1321.65  1.00312e-08  1.32349e-11
      1322.00  1.74272e-08  1.79873e-11
      1322.35  1.51962e-08  1.66409e-11
      1322.70  7.99549e-09  1.16197e-11
      1323.05  5.10959e-09  9.19554e-12
      1323.40  5.55297e-09  9.23088e-12
      1323.75  6.56233e-09  9.52047e-12
      1324.10  6.74893e-09  9.50045e-12
      1324.45  4.97313e-09  8.37926e-12
      1324.80  3.58479e-09  7.35399e-12
      