227
      1249.95  1.17173e-08  1.52494e-11
      1250.27  5.86726e-09  1.11959e-11
      1250.58  2.11228e-09  7.62311e-12
      1250.89  1.54733e-09  7.06846e-12
      1251.20  1.96589e-09  7.32235e-12
      1251.52  3.01163e-09  7.90534e-12
      1251.83  5.08098e-09  9.72953e-12
      1252.14  6.50011e-09  1.10083e-11
      1252.46  6.24330e-09  1.12649e-11
      1252.77  5.68918e-09  1.09721e-11
      1253.09  9.37548e-09  1.40995e-11
      1253.40  1.78885e-08  2.00452e-11
      1253.71  2.21778e-08  2.29955e-11
      1254.03  1.34956e-08  1.70240e-11
      1254.34  6.64239e-09  1.17705e-11
      1254.66  8.31965e-09  1.30778e-11
      1254.97  1.24672e-08  1.67894e-11
      1255.29  8.63218e-09  1.41363e-11
      1255.60  4.13267e-09  1.03926e-11
      1255.92  4.49491e-09  1.15194e-11
      1256.23  7.67638e-09  1.42947e-11
      1256.55  1.20154e-08  1.84276e-11
      1256.87  8.49133e-09  1.46944e-11
      1257.18  4.02364e-09  9.96819e-12
      1257.50  2.96150e-09  8.87377e-12
      1257.81  3.35164e-09  9.12670e-12
      1258.13  4.20273e-09  1.03415e-11
      1258.45  4.18898e-09  1.02467e-11
      1258.76  4.43393e-09  1.03844e-11
      1259.08  7.79800e-09  1.30333e-11
      1259.40  1.56777e-08  1.80531e-11
      1259.72  2.09191e-08  2.02591e-11
      1260.03  1.59193e-08  1.63718e-11
      1260.35  1.18642e-08  1.31711e-11
      1260.67  1.48102e-08  1.50466e-11
      1260.99  1.37606e-08  1.43122e-11
      1261.30  1.12659e-08  1.26624e-11
      1261.62  1.38072e-08  1.46672e-11
      1261.94  1.44651e-08  1.45167e-11
      1262.26  1.49563e-08  1.51206e-11
      1262.58  1.07431e-08  1.20140e-11
      1262.90  1.13752e-08  1.18205e-11
      1263.22  1.79590e-08  1.55665e-11
      1263.54  1.45506e-08  1.35708e-11
      1263.86  9.12141e-09  1.10434e-11
      1264.17  7.25530e-09  1.06104e-11
      1264.49  5.40491e-09  9.64364e-12
      1264.81  5.90370e-09  1.02280e-11
      1265.13  1.15419e-08  1.43423e-11
      1265.45  1.75485e-08  1.80156e-11
      1265.77  1.55670e-08  1.66206e-11
      1266.10  8.54945e-09  1.19544e-11
      1266.42  4.50511e-09  8.99682e-12
      1266.74  3.84553e-09  8.73482e-12
      1267.06  5.16294e-09  1.02272e-11
      1267.38  1.07293e-08  1.44365e-11
      1267.70  1.98760e-08  2.07879e-11
      1268.02  2.07150e-08  2.02618e-11
      1268.34  2.07373e-08  2.00529e-11
      1268.67  1.84879e-08  1.76536e-11
      1268.99  1.84116e-08  1.74159e-11
      1269.31  1.43186e-08  1.48833e-11
      1269.63  9.40175e-09  1.18872e-11
      1269.95  7.87904e-09  1.10536e-11
      1270.28  9.70079e-09  1.20982e-11
      1270.60  1.57705e-08  1.56386e-11
      1270.92  1.90308e-08  1.65650e-11
      1271.25  2.06787e-08  1.64531e-11
      1271.57  2.00434e-08  1.58673e-11
      1271.89  1.21124e-08  1.16698e-11
      1272.22  5.54921e-09  7.84642e-12
      1272.54  3.45939e-09  6.62476e-12
      1272.86  2.85597e-09  6.48344e-12
      1273.19  2.69222e-09  6.70146e-12
      1273.51  3.24465e-09  7.36334e-12
      1273.84  5.04531e-09  9.35226e-12
      1274.16  6.64538e-09  1.06057e-11
      1274.49  8.58508e-09  1.12797e-11
      1274.81  1.50715e-08  1.52216e-11
      1275.14  2.05091e-08  1.79693e-11
      1275.46  1.84222e-08  1.74342e-11
      1275.79  1.22169e-08  1.46452e-11
      1276.11  8.20925e-09  1.23656e-11
      1276.44  1.07272e-08  1.43743e-11
      1276.76  1.73095e-08  1.85985e-11
      1277.09  1.83138e-08  1.80509e-11
      1277.42  1.84691e-08  1.78098e-11
      1277.74  1.27963e-08  1.40074e-11
      1278.07  6.19341e-09  9.60477e-12
      1278.40  3.74417e-09  7.81187e-12
      1278.72  2.91994e-09  7.06254e-12
      1279.05  2.86582e-09  7.16031e-12
      1279.38  3.78076e-09  7.88782e-12
      1279.71  5.58682e-09  9.08886e-12
      1280.03  7.48261e-09  1.02108e-11
      1280.36  6.67055e-09  9.03110e-12
      1280.69  7.06181e-09  9.03438e-12
      1281.02  9.29069e-09  1.02236e-11
      1281.34  1.34980e-08  1.28067e-11
      1281.67  1.62105e-08  1.49665e-11
      1282.00  1.29102e-08  1.36809e-11
      1282.33  1.32948e-08  1.44746e-11
      1282.66  2.00904e-08  1.85774e-11
      1282.99  2.53323e-08  2.07707e-11
      1283.32  2.50254e-08  2.05737e-11
      1283.65  1.76629e-08  1.72535e-11
      1283.98  9.51611e-09  1.25743e-11
      1284.31  5.57387e-09  1.02697e-11
      1284.64  4.20778e-09  9.23367e-12
      1284.97  4.17362e-09  9.40242e-12
      1285.30  4.93291e-09  1.04353e-11
      1285.63  4.17941e-09  9.21653e-12
      1285.96  3.85155e-09  8.22590e-12
      1286.29  5.82365e-09  9.36465e-12
      1286.62  8.18035e-09  1.07958e-11
      1286.95  7.62657e-09  9.81998e-12
      1287.28  9.51277e-09  1.06247e-11
      1287.61  1.64465e-08  1.44595e-11
      1287.95  1.96232e-08  1.57888e-11
      1288.28  1.95100e-08  1.58013e-11
      1288.61  1.95186e-08  1.58571e-11
      1288.94  1.90145e-08  1.57770e-11
      1289.27  1.37975e-08  1.31993e-11
      1289.61  1.02408e-08  1.17574e-11
      1289.94  8.17102e-09  1.09733e-11
      1290.27  5.68723e-09  9.68936e-12
      1290.61  4.84771e-09  9.75653e-12
      1290.94  3.70075e-09  8.80688e-12
      1291.27  2.82071e-09  8.05311e-12
      1291.61  3.24521e-09  8.30965e-12
      1291.94  5.19387e-09  9.95962e-12
      1292.27  8.72801e-09  1.19900e-11
      1292.61  1.27763e-08  1.48300e-11
      1292.94  9.08002e-09  1.16970e-11
      1293.28  6.98594e-09  1.03313e-11
      1293.61  9.38795e-09  1.21990e-11
      1293.95  1.19650e-08  1.29165e-11
      1294.28  1.75966e-08  1.54215e-11
      1294.62  1.97313e-08  1.57857e-11
      1294.95  1.67276e-08  1.36572e-11
      1295.29  1.59081e-08  1.33582e-11
      1295.62  1.37233e-08  1.26372e-11
      1295.96  1.01406e-08  1.11467e-11
      1296.29  8.84449e-09  1.11791e-11
      1296.63  9.25778e-09  1.20853e-11
      1296.97  1.15120e-08  1.37870e-11
      1297.30  1.75778e-08  1.72520e-11
      1297.64  2.30850e-08  1.99652e-11
      1297.98  1.95293e-08  1.80827e-11
      1298.31  1.25481e-08  1.44185e-11
      1298.65  7.13055e-09  1.09825e-11
      1298.99  5.47442e-09  9.81627e-12
      1299.33  9.30718e-09  1.24980e-11
      1299.66  1.69665e-08  1.72587e-11
      1300.00  1.87327e-08  1.72541e-11
      1300.34  1.63352e-08  1.54553e-11
      1300.68  1.11438e-08  1.17362e-11
      1301.02  1.14659e-08  1.11445e-11
      1301.35  2.00156e-08  1.50233e-11
      1301.69  2.38279e-08  1.61847e-11
      1302.03  2.28452e-08  1.62212e-11
      1302.37  2.04466e-08  1.56643e-11
      1302.71  2.32700e-08  1.77501e-11
      1303.05  2.58398e-08  1.90145e-11
      1303.39  2.92403e-08  2.08172e-11
      1303.73  3.13219e-08  2.16027e-11
      1304.07  2.93081e-08  2.10551e-11
      1304.41  2.98118e-08  2.18662e-11
      1304.75  3.14903e-08  2.28708e-11
      1305.09  3.30392e-08  2.37368e-11
      1305.43  3.87732e-08  2.59289e-11
      1305.77  4.54711e-08  2.75530e-11
      1306.11  4.50569e-08  2.66578e-11
      1306.46  3.04250e-08  2.05594e-11
      1306.80  1.50325e-08  1.34249e-11
      1307.14  8.07455e-09  9.78879e-12
      1307.48  5.55339e-09  8.20619e-12
      1307.82  4.44008e-09  7.58179e-12
      1308.16  4.44358e-09  7.70102e-12
      1308.51  5.32458e-09  8.87274e-12
      1308.85  4.29517e-09  8.10625e-12
      1309.19  3.12212e-09  7.08930e-12
      1309.53  2.88282e-09  7.01504e-12
      1309.88  2.85144e-09  7.16697e-12
      1310.22  3.09623e-09  7.65872e-12
      1310.56  4.03281e-09  8.71026e-12
      1310.91  7.23129e-09  1.15535e-11
      1311.25  1.27323e-08  1.57444e-11
      1311.60  1.28609e-08  1.55854e-11
      1311.94  7.78453e-09  1.16343e-11
      1312.28  4.15388e-09  8.19936e-12
      1312.63  2.83067e-09  6.78254e-12
      1312.97  2.45209e-09  6.16033e-12
      1313.32  3.33342e-09  6.76680e-12
      1313.66  5.18583e-09  8.54233e-12
      1314.01  4.37201e-09  7.83264e-12
      1314.35  2.61000e-09  6.35596e-12
      1314.70  2.02059e-09  5.94300e-12
      1315.05  2.00411e-09  5.97141e-12
      1315.39  2.26234e-09  6.46812e-12
      1315.74  2.86066e-09  7.13492e-12
      1316.08  4.32003e-09  8.65916e-12
      1316.43  8.67670e-09  1.23558e-11
      1316.78  1.47476e-08  1.69078e-11
      1317.12  1.13844e-08  1.45763e-11
      1317.47  5.42808e-09  1.00779e-11
      1317.82  3.27615e-09  7.84032e-12
      1318.17  3.38258e-09  7.41138e-12
      1318.51  5.66877e-09  9.06984e-12
      1318.86  6.97997e-09  9.71856e-12
      1319.21  4.63233e-09  7.78625e-12
      1319.56  2.72106e-09  6.41040e-12
      1319.91  2.80947e-09  6.84046e-12
      1320.25  2.84957e-09  6.89513e-12
      1320.60  2.84743e-09  6.90681e-12
      1320.95  3.47638e-09  7.58720e-12
      1321.30  5.03441e-09  8.96294e-12
      1321.65  1.00261e-08  1.26068e-11
      1322.00  1.75364e-08  1.78972e-11
      1322.35  1.52315e-08  1.69936e-11
      1322.70  7.93426e-09  1.22315e-11
      1323.05  5.09276e-09  9.95694e-12
      1323.40  5.54009e-09  1.02225e-11
      1323.75  6.55688e-09  1.04852e-11
      1324.10  6.71722e-09  1.01666e-11
      1324.45  4.98890e-09  8.62261e-12
      1324.80  3.57982e-09  6.89680e-12
      