227
      1249.95  3.12707e-08  3.24069e-11
      1250.27  1.68896e-08  2.32591e-11
      1250.58  6.87892e-09  1.47628e-11
      1250.89  5.11554e-09  1.30052e-11
      1251.20  6.28728e-09  1.42542e-11
      1251.52  8.65317e-09  1.62346e-11
      1251.83  1.38095e-08  2.03608e-11
      1252.14  1.78010e-08  2.29509e-11
      1252.46  1.75507e-08  2.23870e-11
      1252.77  1.62615e-08  2.02720e-11
      1253.09  2.38834e-08  2.32221e-11
      1253.40  3.95677e-08  3.11049e-11
      1253.71  4.48665e-08  3.03619e-11
      1254.03  3.12995e-08  2.59761e-11
      1254.34  1.81667e-08  1.85559e-11
      1254.66  2.08934e-08  2.00649e-11
      1254.97  3.01838e-08  2.54947e-11
      1255.29  2.14229e-08  2.05309e-11
      1255.60  1.13788e-08  1.47917e-11
      1255.92  1.21673e-08  1.54809e-11
      1256.23  1.86072e-08  1.82376e-11
      1256.55  2.81901e-08  2.30987e-11
      1256.87  2.10557e-08  1.91269e-11
      1257.18  1.09887e-08  1.37101e-11
      1257.50  8.30014e-09  1.22896e-11
      1257.81  9.07327e-09  1.30234e-11
      1258.13  1.10232e-08  1.44504e-11
      1258.45  1.13099e-08  1.46851e-11
      1258.76  1.20838e-08  1.50592e-11
      1259.08  1.92680e-08  1.87904e-11
      1259.40  3.52118e-08  2.56260e-11
      1259.72  4.58935e-08  3.02638e-11
      1260.03  3.53389e-08  2.81313e-11
      1260.35  2.67651e-08  2.44768e-11
      1260.67  3.38877e-08  2.89501e-11
      1260.99  3.18652e-08  2.78390e-11
      1261.30  2.61113e-08  2.49032e-11
      1261.62  3.18109e-08  3.03086e-11
      1261.94  3.51021e-08  3.30965e-11
      1262.26  3.62876e-08  2.82824e-11
      1262.58  2.82372e-08  2.40813e-11
      1262.90  2.88936e-08  2.41663e-11
      1263.22  3.91200e-08  3.24224e-11
      1263.54  3.13359e-08  2.71184e-11
      1263.86  2.40208e-08  2.21687e-11
      1264.17  1.98212e-08  1.97239e-11
      1264.49  1.51074e-08  1.64528e-11
      1264.81  1.56366e-08  1.57509e-11
      1265.13  2.72755e-08  2.04674e-11
      1265.45  3.97986e-08  2.47427e-11
      1265.77  3.59103e-08  2.33476e-11
      1266.10  2.12075e-08  1.75536e-11
      1266.42  1.23568e-08  1.35903e-11
      1266.74  1.07454e-08  1.30361e-11
      1267.06  1.36100e-08  1.43657e-11
      1267.38  2.44488e-08  1.89097e-11
      1267.70  4.08833e-08  2.52187e-11
      1268.02  4.42196e-08  2.55143e-11
      1268.34  4.35946e-08  2.52618e-11
      1268.67  4.06337e-08  2.38632e-11
      1268.99  3.98052e-08  2.40238e-11
      1269.31  3.25828e-08  2.16056e-11
      1269.63  2.33953e-08  1.85290e-11
      1269.95  2.00413e-08  1.76401e-11
      1270.28  2.33387e-08  1.91995e-11
      1270.60  3.53838e-08  2.47700e-11
      1270.92  4.14596e-08  2.79606e-11
      1271.25  4.40143e-08  3.36966e-11
      1271.57  4.45910e-08  3.82205e-11
      1271.89  3.59749e-08  3.29426e-11
      1272.22  1.60441e-08  1.74838e-11
      1272.54  1.04499e-08  1.48730e-11
      1272.86  8.76434e-09  1.33887e-11
      1273.19  8.22291e-09  1.24529e-11
      1273.51  9.43441e-09  1.25006e-11
      1273.84  1.32748e-08  1.43635e-11
      1274.16  1.68823e-08  1.59322e-11
      1274.49  2.12484e-08  1.71901e-11
      1274.81  3.35292e-08  2.19124e-11
      1275.14  4.38869e-08  2.53993e-11
      1275.46  4.01193e-08  2.42665e-11
      1275.79  2.82125e-08  2.03259e-11
      1276.11  2.00474e-08  1.69395e-11
      1276.44  2.42437e-08  1.86176e-11
      1276.76  3.71064e-08  2.40730e-11
      1277.09  3.87075e-08  2.34666e-11
      1277.42  3.96648e-08  2.43636e-11
      1277.74  2.86970e-08  2.00466e-11
      1278.07  1.52393e-08  1.45566e-11
      1278.40  1.00741e-08  1.25160e-11
      1278.72  8.17373e-09  1.17021e-11
      1279.05  8.13466e-09  1.20155e-11
      1279.38  1.04415e-08  1.37688e-11
      1279.71  1.45330e-08  1.61819e-11
      1280.03  1.84636e-08  1.84858e-11
      1280.36  1.82530e-08  1.96028e-11
      1280.69  1.84127e-08  1.61574e-11
      1281.02  2.33688e-08  2.05676e-11
      1281.34  3.14924e-08  2.38241e-11
      1281.67  3.63721e-08  2.55209e-11
      1282.00  2.96595e-08  2.17865e-11
      1282.33  3.03507e-08  2.09808e-11
      1282.66  4.31796e-08  2.50429e-11
      1282.99  5.24083e-08  2.72805e-11
      1283.32  5.17035e-08  2.72212e-11
      1283.65  3.83549e-08  2.40482e-11
      1283.98  2.12068e-08  1.83035e-11
      1284.31  1.34334e-08  1.49131e-11
      1284.64  1.08684e-08  1.32277e-11
      1284.97  1.06524e-08  1.31808e-11
      1285.30  1.23305e-08  1.44819e-11
      1285.63  1.09114e-08  1.34728e-11
      1285.96  1.02126e-08  1.27447e-11
      1286.29  1.44395e-08  1.49967e-11
      1286.62  1.93827e-08  1.74598e-11
      1286.95  1.86630e-08  1.68379e-11
      1287.28  2.25511e-08  1.86114e-11
      1287.61  3.64037e-08  2.48251e-11
      1287.95  4.27976e-08  2.92090e-11
      1288.28  4.47650e-08  2.40431e-11
      1288.61  4.48734e-08  2.49090e-11
      1288.94  4.34264e-08  2.53767e-11
      1289.27  2.86881e-08  2.09138e-11
      1289.61  2.40073e-08  2.12006e-11
      1289.94  1.86003e-08  1.79298e-11
      1290.27  1.38175e-08  1.59297e-11
      1290.61  1.16226e-08  1.50207e-11
      1290.94  9.43863e-09  1.32431e-11
      1291.27  7.38876e-09  1.09781e-11
      1291.61  8.51176e-09  1.14691e-11
      1291.94  1.30598e-08  1.39817e-11
      1292.27  2.05026e-08  1.73031e-11
      1292.61  2.73616e-08  2.05547e-11
      1292.94  2.16208e-08  1.79156e-11
      1293.28  1.81485e-08  1.67871e-11
      1293.61  2.28698e-08  1.95364e-11
      1293.95  2.82127e-08  2.15895e-11
      1294.28  3.88802e-08  2.56549e-11
      1294.62  4.33982e-08  2.68016e-11
      1294.95  3.84769e-08  2.66980e-11
      1295.29  3.88398e-08  2.28417e-11
      1295.62  3.50572e-08  2.32415e-11
      1295.96  2.71132e-08  1.95145e-11
      1296.29  2.35339e-08  1.77011e-11
      1296.63  2.31130e-08  1.78566e-11
      1296.97  2.64605e-08  1.93712e-11
      1297.30  3.73324e-08  2.33366e-11
      1297.64  4.72849e-08  2.78863e-11
      1297.98  3.90918e-08  2.56336e-11
      1298.31  2.77678e-08  2.05780e-11
      1298.65  1.76904e-08  1.61364e-11
      1298.99  1.43291e-08  1.47445e-11
      1299.33  2.18677e-08  1.86491e-11
      1299.66  3.53623e-08  2.43224e-11
      1300.00  3.98445e-08  2.57824e-11
      1300.34  3.57027e-08  2.41222e-11
      1300.68  2.67220e-08  2.01111e-11
      1301.02  2.73240e-08  2.01173e-11
      1301.35  4.28844e-08  2.58702e-11
      1301.69  5.06125e-08  2.98743e-11
      1302.03  5.08916e-08  2.70215e-11
      1302.37  4.57721e-08  2.50531e-11
      1302.71  5.07454e-08  2.52869e-11
      1303.05  5.44888e-08  2.46102e-11
      1303.39  5.96578e-08  2.57361e-11
      1303.73  6.11381e-08  2.70736e-11
      1304.07  5.60608e-08  2.79437e-11
      1304.41  5.72986e-08  2.93118e-11
      1304.75  5.99655e-08  3.05573e-11
      1305.09  6.15714e-08  3.12574e-11
      1305.43  7.01980e-08  3.42009e-11
      1305.77  8.01642e-08  3.63303e-11
      1306.11  7.94084e-08  3.60087e-11
      1306.46  5.70234e-08  2.98197e-11
      1306.80  3.23220e-08  2.19829e-11
      1307.14  1.98895e-08  1.75385e-11
      1307.48  1.47457e-08  1.55580e-11
      1307.82  1.22383e-08  1.49890e-11
      1308.16  1.22490e-08  1.47493e-11
      1308.51  1.44617e-08  1.51013e-11
      1308.85  1.22090e-08  1.30563e-11
      1309.19  9.23998e-09  1.08937e-11
      1309.53  8.33513e-09  1.01609e-11
      1309.88  8.08456e-09  9.93819e-12
      1310.22  8.41347e-09  1.02262e-11
      1310.56  9.83714e-09  1.17782e-11
      1310.91  1.61308e-08  1.65039e-11
      1311.25  2.65781e-08  2.19531e-11
      1311.60  2.65728e-08  2.14847e-11
      1311.94  1.71237e-08  1.68452e-11
      1312.28  1.01276e-08  1.28406e-11
      1312.63  7.37230e-09  1.12510e-11
      1312.97  6.56431e-09  1.07417e-11
      1313.32  8.53799e-09  1.21471e-11
      1313.66  1.34810e-08  1.62055e-11
      1314.01  1.24295e-08  1.67705e-11
      1314.35  8.18708e-09  1.11641e-11
      1314.70  6.05812e-09  9.91008e-12
      1315.05  5.90791e-09  9.36606e-12
      1315.39  6.47037e-09  9.45728e-12
      1315.74  7.90621e-09  1.01924e-11
      1316.08  1.11973e-08  1.17264e-11
      1316.43  1.97153e-08  1.56101e-11
      1316.78  2.99157e-08  2.15516e-11
      1317.12  2.37199e-08  2.08006e-11
      1317.47  1.24768e-08  1.50120e-11
      1317.82  8.31244e-09  1.22995e-11
      1318.17  8.73443e-09  1.23531e-11
      1318.51  1.36599e-08  1.55159e-11
      1318.86  1.65641e-08  1.74169e-11
      1319.21  1.18690e-08  1.46492e-11
      1319.56  7.62080e-09  1.30331e-11
      1319.91  7.82649e-09  1.17984e-11
      1320.25  8.30766e-09  1.23007e-11
      1320.60  8.27301e-09  1.12949e-11
      1320.95  9.56551e-09  1.15272e-11
      1321.30  1.28794e-08  1.27583e-11
      1321.65  2.25403e-08  1.63326e-11
      1322.00  3.63725e-08  2.15909e-11
      1322.35  3.25353e-08  2.14708e-11
      1322.70  1.76825e-08  1.71792e-11
      1323.05  1.18233e-08  1.51224e-11
      1323.40  1.30572e-08  1.62471e-11
      1323.75  1.54481e-08  1.71759e-11
      1324.10  1.62763e-08  1.83501e-11
      1324.45  1.18792e-08  1.57906e-11
      1324.80  9.38647e-09  1.33695e-11
      