227
      1249.95  1.19071e-08  1.39505e-11
      1250.27  5.54887e-09  9.86737e-12
      1250.58  1.69120e-09  6.81966e-12
      1250.89  1.16127e-09  6.22410e-12
      1251.20  1.65284e-09  6.62608e-12
      1251.52  2.72236e-09  7.21113e-12
      1251.83  4.91464e-09  8.94359e-12
      1252.14  6.43724e-09  1.01032e-11
      1252.46  6.12628e-09  1.00307e-11
      1252.77  5.71994e-09  9.74601e-12
      1253.09  9.60860e-09  1.24245e-11
      1253.40  1.81392e-08  1.70250e-11
      1253.71  2.20484e-08  1.88167e-11
      1254.03  1.33718e-08  1.42155e-11
      1254.34  6.51826e-09  1.00494e-11
      1254.66  8.14146e-09  1.13072e-11
      1254.97  1.28710e-08  1.49511e-11
      1255.29  8.24860e-09  1.18558e-11
      1255.60  3.62488e-09  8.64692e-12
      1255.92  4.19992e-09  9.77910e-12
      1256.23  7.35048e-09  1.20282e-11
      1256.55  1.17826e-08  1.53827e-11
      1256.87  8.26666e-09  1.24716e-11
      1257.18  3.63656e-09  8.63261e-12
      1257.50  2.59293e-09  7.53371e-12
      1257.81  2.99660e-09  8.08448e-12
      1258.13  3.77424e-09  8.78429e-12
      1258.45  3.76552e-09  8.82014e-12
      1258.76  4.04433e-09  9.11349e-12
      1259.08  7.43171e-09  1.13848e-11
      1259.40  1.55681e-08  1.57127e-11
      1259.72  2.11374e-08  1.78955e-11
      1260.03  1.55670e-08  1.43368e-11
      1260.35  1.14901e-08  1.17691e-11
      1260.67  1.51426e-08  1.38654e-11
      1260.99  1.39231e-08  1.29157e-11
      1261.30  1.11811e-08  1.13566e-11
      1261.62  1.39833e-08  1.30979e-11
      1261.94  1.47962e-08  1.31292e-11
      1262.26  1.48934e-08  1.33849e-11
      1262.58  1.11759e-08  1.09115e-11
      1262.90  1.19273e-08  1.08840e-11
      1263.22  1.77229e-08  1.35682e-11
      1263.54  1.46429e-08  1.20866e-11
      1263.86  9.36176e-09  1.00267e-11
      1264.17  7.27082e-09  1.01774e-11
      1264.49  5.16850e-09  8.42253e-12
      1264.81  5.65048e-09  8.65548e-12
      1265.13  1.14435e-08  1.24962e-11
      1265.45  1.73258e-08  1.52812e-11
      1265.77  1.49267e-08  1.48155e-11
      1266.10  8.18642e-09  1.02010e-11
      1266.42  4.13827e-09  7.80789e-12
      1266.74  3.56558e-09  7.70763e-12
      1267.06  5.01160e-09  8.79927e-12
      1267.38  1.06864e-08  1.25284e-11
      1267.70  1.91684e-08  1.71071e-11
      1268.02  2.06416e-08  1.71718e-11
      1268.34  2.01476e-08  1.67530e-11
      1268.67  1.83857e-08  1.52839e-11
      1268.99  1.80286e-08  1.51587e-11
      1269.31  1.39084e-08  1.28850e-11
      1269.63  9.18940e-09  1.05503e-11
      1269.95  7.61331e-09  9.76494e-12
      1270.28  9.42338e-09  1.04925e-11
      1270.60  1.60767e-08  1.40023e-11
      1270.92  1.91834e-08  1.45652e-11
      1271.25  2.09521e-08  1.46698e-11
      1271.57  2.05084e-08  1.40871e-11
      1271.89  1.21469e-08  1.03373e-11
      1272.22  5.33015e-09  7.11142e-12
      1272.54  3.25292e-09  6.13529e-12
      1272.86  2.64086e-09  5.88500e-12
      1273.19  2.49192e-09  5.93798e-12
      1273.51  3.10660e-09  6.62912e-12
      1273.84  4.86944e-09  7.96561e-12
      1274.16  6.48031e-09  8.92358e-12
      1274.49  8.68189e-09  9.87076e-12
      1274.81  1.51397e-08  1.30259e-11
      1275.14  2.05517e-08  1.54551e-11
      1275.46  1.83709e-08  1.49020e-11
      1275.79  1.20045e-08  1.24290e-11
      1276.11  7.82454e-09  1.03884e-11
      1276.44  1.02915e-08  1.19850e-11
      1276.76  1.75540e-08  1.63334e-11
      1277.09  1.79498e-08  1.53130e-11
      1277.42  1.82585e-08  1.54995e-11
      1277.74  1.25089e-08  1.22888e-11
      1278.07  5.71402e-09  8.30899e-12
      1278.40  3.37353e-09  6.92838e-12
      1278.72  2.59299e-09  6.40311e-12
      1279.05  2.60150e-09  6.34918e-12
      1279.38  3.58897e-09  7.05238e-12
      1279.71  5.50005e-09  8.15265e-12
      1280.03  7.29213e-09  9.46772e-12
      1280.36  6.61652e-09  8.42624e-12
      1280.69  7.08234e-09  8.23087e-12
      1281.02  9.34549e-09  9.21000e-12
      1281.34  1.37681e-08  1.14129e-11
      1281.67  1.67193e-08  1.31854e-11
      1282.00  1.27778e-08  1.15754e-11
      1282.33  1.32160e-08  1.23073e-11
      1282.66  2.05116e-08  1.57177e-11
      1282.99  2.57316e-08  1.75131e-11
      1283.32  2.53880e-08  1.75097e-11
      1283.65  1.76383e-08  1.44178e-11
      1283.98  9.17464e-09  1.06566e-11
      1284.31  5.24214e-09  8.68399e-12
      1284.64  3.91186e-09  8.03196e-12
      1284.97  3.87125e-09  8.16745e-12
      1285.30  4.53050e-09  8.74568e-12
      1285.63  3.87856e-09  7.93025e-12
      1285.96  3.63670e-09  7.35346e-12
      1286.29  5.65821e-09  8.47404e-12
      1286.62  7.93917e-09  9.62899e-12
      1286.95  7.44388e-09  8.80962e-12
      1287.28  9.55853e-09  9.61802e-12
      1287.61  1.67996e-08  1.30805e-11
      1287.95  1.98659e-08  1.39856e-11
      1288.28  1.98955e-08  1.40026e-11
      1288.61  1.97725e-08  1.42971e-11
      1288.94  1.92395e-08  1.31558e-11
      1289.27  1.33792e-08  1.17179e-11
      1289.61  1.02634e-08  1.02426e-11
      1289.94  8.16047e-09  9.64584e-12
      1290.27  5.48574e-09  8.27265e-12
      1290.61  4.65237e-09  8.37710e-12
      1290.94  3.48170e-09  7.60257e-12
      1291.27  2.54744e-09  6.88245e-12
      1291.61  3.01738e-09  7.17312e-12
      1291.94  5.01307e-09  8.54333e-12
      1292.27  8.63912e-09  1.05825e-11
      1292.61  1.19594e-08  1.24831e-11
      1292.94  8.89791e-09  1.03835e-11
      1293.28  7.02936e-09  9.32364e-12
      1293.61  9.23535e-09  1.06729e-11
      1293.95  1.19976e-08  1.15109e-11
      1294.28  1.72526e-08  1.45492e-11
      1294.62  1.93184e-08  1.40408e-11
      1294.95  1.67988e-08  1.22462e-11
      1295.29  1.63735e-08  1.20266e-11
      1295.62  1.39186e-08  1.10915e-11
      1295.96  1.01827e-08  9.81356e-12
      1296.29  8.87661e-09  9.69907e-12
      1296.63  9.27599e-09  1.05082e-11
      1296.97  1.11862e-08  1.18457e-11
      1297.30  1.88446e-08  1.61419e-11
      1297.64  2.34374e-08  1.71871e-11
      1297.98  1.97320e-08  1.54297e-11
      1298.31  1.23957e-08  1.22901e-11
      1298.65  6.99975e-09  9.51082e-12
      1298.99  5.38957e-09  8.51890e-12
      1299.33  9.28373e-09  1.11860e-11
      1299.66  1.64232e-08  1.46310e-11
      1300.00  1.86107e-08  1.49950e-11
      1300.34  1.62427e-08  1.35524e-11
      1300.68  1.12787e-08  1.05793e-11
      1301.02  1.18156e-08  1.02099e-11
      1301.35  2.04233e-08  1.35518e-11
      1301.69  2.41737e-08  1.44691e-11
      1302.03  2.33157e-08  1.45827e-11
      1302.37  2.04644e-08  1.35523e-11
      1302.71  2.39685e-08  1.55119e-11
      1303.05  2.58394e-08  1.60160e-11
      1303.39  2.96851e-08  1.75046e-11
      1303.73  3.17439e-08  1.83612e-11
      1304.07  2.92408e-08  1.76245e-11
      1304.41  2.98515e-08  1.83657e-11
      1304.75  3.15902e-08  1.95298e-11
      1305.09  3.28764e-08  2.01001e-11
      1305.43  3.84305e-08  2.19834e-11
      1305.77  4.48695e-08  2.33970e-11
      1306.11  4.42000e-08  2.25314e-11
      1306.46  3.01714e-08  1.76804e-11
      1306.80  1.50573e-08  1.19799e-11
      1307.14  8.03619e-09  8.79354e-12
      1307.48  5.49606e-09  7.58268e-12
      1307.82  4.38478e-09  6.94376e-12
      1308.16  4.42378e-09  7.02816e-12
      1308.51  5.13605e-09  7.69976e-12
      1308.85  4.19523e-09  7.03259e-12
      1309.19  2.99589e-09  6.12983e-12
      1309.53  2.68348e-09  6.00456e-12
      1309.88  2.62955e-09  6.16534e-12
      1310.22  2.86655e-09  6.65673e-12
      1310.56  3.79321e-09  7.49723e-12
      1310.91  7.03108e-09  9.81551e-12
      1311.25  1.29238e-08  1.37433e-11
      1311.60  1.27679e-08  1.33134e-11
      1311.94  7.38593e-09  9.77504e-12
      1312.28  3.83289e-09  7.21216e-12
      1312.63  2.61188e-09  6.05630e-12
      1312.97  2.23583e-09  5.52152e-12
      1313.32  3.11799e-09  6.07889e-12
      1313.66  5.30453e-09  7.94862e-12
      1314.01  4.34492e-09  7.12584e-12
      1314.35  2.37754e-09  5.64696e-12
      1314.70  1.78503e-09  5.17192e-12
      1315.05  1.78127e-09  5.18547e-12
      1315.39  2.04802e-09  5.70190e-12
      1315.74  2.69515e-09  6.21612e-12
      1316.08  4.26164e-09  7.57680e-12
      1316.43  8.71144e-09  1.07260e-11
      1316.78  1.42232e-08  1.43246e-11
      1317.12  1.11986e-08  1.26654e-11
      1317.47  5.34055e-09  8.66850e-12
      1317.82  3.09715e-09  6.83229e-12
      1318.17  3.29992e-09  6.68166e-12
      1318.51  5.57883e-09  8.17230e-12
      1318.86  6.80103e-09  8.79055e-12
      1319.21  4.54460e-09  7.10324e-12
      1319.56  2.65641e-09  5.81868e-12
      1319.91  2.67914e-09  6.09231e-12
      1320.25  2.69403e-09  6.14375e-12
      1320.60  2.70245e-09  6.05840e-12
      1320.95  3.32140e-09  6.55053e-12
      1321.30  4.83876e-09  7.59478e-12
      1321.65  9.87052e-09  1.05881e-11
      1322.00  1.79869e-08  1.53215e-11
      1322.35  1.50872e-08  1.40304e-11
      1322.70  7.51733e-09  1.01713e-11
      1323.05  4.74397e-09  8.41782e-12
      1323.40  5.44525e-09  8.91037e-12
      1323.75  6.46170e-09  9.09405e-12
      1324.10  6.77073e-09  8.92888e-12
      1324.45  4.99273e-09  7.36458e-12
      1324.80  3.53791e-09  6.41827e-12
      