227
      1249.95  1.07066e-08  2.11246e-11
      1250.27  5.10573e-09  1.54773e-11
      1250.58  1.54610e-09  1.07820e-11
      1250.89  9.85571e-10  9.92387e-12
      1251.20  1.39556e-09  1.03211e-11
      1251.52  2.32692e-09  1.15371e-11
      1251.83  4.37102e-09  1.33770e-11
      1252.14  5.78688e-09  1.46863e-11
      1252.46  5.53075e-09  1.45272e-11
      1252.77  5.08402e-09  1.42859e-11
      1253.09  8.53251e-09  1.75429e-11
      1253.40  1.63628e-08  2.33602e-11
      1253.71  2.02914e-08  2.54582e-11
      1254.03  1.26719e-08  1.93439e-11
      1254.34  6.03842e-09  1.33487e-11
      1254.66  7.36862e-09  1.42735e-11
      1254.97  1.16891e-08  1.82993e-11
      1255.29  7.86565e-09  1.46195e-11
      1255.60  3.38906e-09  1.05537e-11
      1255.92  3.73395e-09  1.13669e-11
      1256.23  6.45699e-09  1.33292e-11
      1256.55  1.10934e-08  1.70773e-11
      1256.87  4.45530e-09  1.28698e-11
      1257.18  2.34521e-09  1.54845e-11
      1257.50  2.34589e-09  1.14074e-11
      1257.81  2.80269e-09  1.14600e-11
      1258.13  3.54908e-09  1.28486e-11
      1258.45  3.56383e-09  1.29089e-11
      1258.76  3.84326e-09  1.32061e-11
      1259.08  7.16641e-09  1.70969e-11
      1259.40  1.46907e-08  2.38036e-11
      1259.72  1.95537e-08  2.71550e-11
      1260.03  1.46900e-08  2.23848e-11
      1260.35  1.08940e-08  1.84459e-11
      1260.67  1.40241e-08  2.15594e-11
      1260.99  1.27647e-08  2.05556e-11
      1261.30  1.00691e-08  1.77530e-11
      1261.62  1.29527e-08  1.97505e-11
      1261.94  1.33365e-08  1.91107e-11
      1262.26  1.37557e-08  1.97724e-11
      1262.58  1.01145e-08  1.60768e-11
      1262.90  1.04463e-08  1.55238e-11
      1263.22  1.60890e-08  1.93436e-11
      1263.54  1.35816e-08  1.72853e-11
      1263.86  8.47656e-09  1.37915e-11
      1264.17  6.53375e-09  1.27234e-11
      1264.49  4.71329e-09  1.11042e-11
      1264.81  5.00681e-09  1.09513e-11
      1265.13  1.02369e-08  1.49291e-11
      1265.45  1.62902e-08  1.80756e-11
      1265.77  1.46874e-08  1.66731e-11
      1266.10  7.82808e-09  1.17415e-11
      1266.42  3.82003e-09  8.64534e-12
      1266.74  3.16722e-09  8.35252e-12
      1267.06  4.32319e-09  9.42193e-12
      1267.38  9.21292e-09  1.25556e-11
      1267.70  1.78093e-08  1.66063e-11
      1268.02  1.86536e-08  3.48574e-11
      1268.34  1.90458e-08  2.61317e-11
      1268.67  1.75239e-08  2.25188e-11
      1268.99  1.70362e-08  2.22897e-11
      1269.31  1.32877e-08  1.97059e-11
      1269.63  8.67590e-09  1.61816e-11
      1269.95  7.14423e-09  1.51805e-11
      1270.28  8.92838e-09  1.68506e-11
      1270.60  1.47508e-08  2.20612e-11
      1270.92  1.77335e-08  2.37135e-11
      1271.25  1.94463e-08  2.43496e-11
      1271.57  1.92036e-08  2.39845e-11
      1271.89  1.11854e-08  1.75843e-11
      1272.22  4.80473e-09  1.19680e-11
      1272.54  2.84589e-09  9.75618e-12
      1272.86  2.30461e-09  8.25351e-12
      1273.19  2.16297e-09  8.00785e-12
      1273.51  2.67537e-09  8.54742e-12
      1273.84  4.25922e-09  9.99264e-12
      1274.16  5.77733e-09  1.09013e-11
      1274.49  7.68210e-09  1.15814e-11
      1274.81  1.34232e-08  1.46076e-11
      1275.14  1.86293e-08  1.71677e-11
      1275.46  1.71037e-08  1.65056e-11
      1275.79  1.14080e-08  1.37784e-11
      1276.11  7.37356e-09  1.11291e-11
      1276.44  9.19887e-09  1.20339e-11
      1276.76  1.58771e-08  1.52467e-11
      1277.09  1.89382e-08  3.25525e-11
      1277.42  1.78477e-08  2.67774e-11
      1277.74  1.18016e-08  1.81961e-11
      1278.07  5.41450e-09  1.25562e-11
      1278.40  3.14170e-09  1.03614e-11
      1278.72  2.39218e-09  9.83508e-12
      1279.05  2.36139e-09  1.01569e-11
      1279.38  3.26190e-09  1.16074e-11
      1279.71  5.00706e-09  1.35398e-11
      1280.03  6.65713e-09  1.53445e-11
      1280.36  6.10826e-09  1.38819e-11
      1280.69  6.38787e-09  1.37556e-11
      1281.02  8.49181e-09  1.54070e-11
      1281.34  1.24462e-08  1.89010e-11
      1281.67  1.49391e-08  2.06873e-11
      1282.00  1.14860e-08  1.54469e-11
      1282.33  1.18927e-08  1.43405e-11
      1282.66  1.81806e-08  1.72367e-11
      1282.99  2.32911e-08  1.87754e-11
      1283.32  2.35263e-08  1.87687e-11
      1283.65  1.68558e-08  1.60524e-11
      1283.98  8.83757e-09  1.22056e-11
      1284.31  4.92572e-09  1.02079e-11
      1284.64  3.59116e-09  9.62350e-12
      1284.97  3.45674e-09  8.97763e-12
      1285.30  3.70178e-09  1.72224e-11
      1285.63  3.42039e-09  1.37154e-11
      1285.96  3.45970e-09  1.14069e-11
      1286.29  5.31012e-09  1.30778e-11
      1286.62  7.36967e-09  1.48803e-11
      1286.95  7.01794e-09  1.42188e-11
      1287.28  8.82305e-09  1.57376e-11
      1287.61  1.52001e-08  2.15330e-11
      1287.95  1.83794e-08  2.39891e-11
      1288.28  1.83854e-08  2.39394e-11
      1288.61  1.83714e-08  2.36496e-11
      1288.94  1.82717e-08  2.39851e-11
      1289.27  1.29852e-08  1.91709e-11
      1289.61  9.61285e-09  1.66407e-11
      1289.94  7.57157e-09  1.48759e-11
      1290.27  4.69197e-09  1.04505e-11
      1290.61  4.20185e-09  9.46000e-12
      1290.94  3.19697e-09  8.39811e-12
      1291.27  2.26923e-09  7.41900e-12
      1291.61  2.59918e-09  7.66080e-12
      1291.94  4.30178e-09  9.37155e-12
      1292.27  7.23782e-09  1.27686e-11
      1292.61  7.64562e-09  1.78104e-11
      1292.94  6.38629e-09  1.73882e-11
      1293.28  6.37392e-09  1.37052e-11
      1293.61  8.54506e-09  1.61574e-11
      1293.95  1.11607e-08  1.80417e-11
      1294.28  1.63937e-08  2.19337e-11
      1294.62  1.85250e-08  2.29478e-11
      1294.95  1.57884e-08  2.03935e-11
      1295.29  1.50415e-08  2.01328e-11
      1295.62  1.29445e-08  1.88073e-11
      1295.96  9.49135e-09  1.62955e-11
      1296.29  8.14451e-09  1.55481e-11
      1296.63  8.42345e-09  1.62443e-11
      1296.97  1.02657e-08  1.74987e-11
      1297.30  1.59029e-08  2.15253e-11
      1297.64  2.15088e-08  2.26043e-11
      1297.98  1.75137e-08  1.85185e-11
      1298.31  1.16944e-08  1.45632e-11
      1298.65  6.64947e-09  1.20983e-11
      1298.99  4.75098e-09  1.14075e-11
      1299.33  7.92966e-09  1.59332e-11
      1299.66  1.65270e-08  2.79869e-11
      1300.00  1.69554e-08  2.73030e-11
      1300.34  1.51238e-08  2.07061e-11
      1300.68  1.06695e-08  1.66433e-11
      1301.02  1.08228e-08  1.61920e-11
      1301.35  1.83699e-08  2.16021e-11
      1301.69  2.23726e-08  2.36417e-11
      1302.03  2.16126e-08  2.37548e-11
      1302.37  1.93441e-08  2.28569e-11
      1302.71  2.19385e-08  2.55447e-11
      1303.05  2.41775e-08  2.63470e-11
      1303.39  2.75830e-08  2.75601e-11
      1303.73  2.98320e-08  2.83273e-11
      1304.07  2.77190e-08  2.66328e-11
      1304.41  2.80788e-08  2.68242e-11
      1304.75  2.91314e-08  2.50700e-11
      1305.09  2.95306e-08  2.66586e-11
      1305.43  3.44714e-08  2.83097e-11
      1305.77  4.03591e-08  3.25870e-11
      1306.11  3.12927e-08  3.52009e-11
      1306.46  2.45888e-08  3.02209e-11
      1306.80  1.38714e-08  1.82475e-11
      1307.14  7.37088e-09  1.35450e-11
      1307.48  5.02706e-09  1.18708e-11
      1307.82  3.96350e-09  1.09262e-11
      1308.16  3.93966e-09  1.10903e-11
      1308.51  4.63473e-09  1.21336e-11
      1308.85  3.92395e-09  1.11030e-11
      1309.19  2.75453e-09  9.63590e-12
      1309.53  2.44193e-09  9.44436e-12
      1309.88  2.41024e-09  9.27186e-12
      1310.22  2.61568e-09  9.68340e-12
      1310.56  3.41013e-09  1.05690e-11
      1310.91  6.21417e-09  1.37927e-11
      1311.25  1.15411e-08  1.71445e-11
      1311.60  1.07651e-08  2.19133e-11
      1311.94  6.99237e-09  1.52363e-11
      1312.28  2.82384e-09  9.54321e-12
      1312.63  2.12711e-09  1.12113e-11
      1312.97  2.01451e-09  8.56867e-12
      1313.32  2.77858e-09  9.35374e-12
      1313.66  4.76525e-09  1.23732e-11
      1314.01  3.99896e-09  1.16383e-11
      1314.35  2.21168e-09  9.01691e-12
      1314.70  1.61463e-09  8.15562e-12
      1315.05  1.58857e-09  7.94575e-12
      1315.39  1.80622e-09  7.95202e-12
      1315.74  2.37444e-09  9.02010e-12
      1316.08  3.73964e-09  1.09382e-11
      1316.43  7.54517e-09  1.49387e-11
      1316.78  1.32671e-08  2.06873e-11
      1317.12  1.17343e-08  1.99945e-11
      1317.47  7.64276e-09  2.14728e-11
      1317.82  2.79559e-09  1.38377e-11
      1318.17  4.58924e-09  1.47693e-11
      1318.51  5.65910e-09  1.51404e-11
      1318.86  6.27808e-09  1.33197e-11
      1319.21  4.31562e-09  1.11073e-11
      1319.56  2.42280e-09  9.02607e-12
      1319.91  2.38477e-09  9.27424e-12
      1320.25  2.43335e-09  9.14060e-12
      1320.60  2.41057e-09  8.86770e-12
      1320.95  2.93499e-09  9.15406e-12
      1321.30  4.25928e-09  1.00935e-11
      1321.65  8.33108e-09  1.37994e-11
      1322.00  1.61395e-08  2.12949e-11
      1322.35  1.48591e-08  2.07067e-11
      1322.70  7.88042e-09  1.55263e-11
      1323.05  4.86638e-09  1.68278e-11
      1323.40  5.17945e-09  1.36980e-11
      1323.75  6.34309e-09  1.92875e-11
      1324.10  6.00320e-09  1.75836e-11
      1324.45  4.47975e-09  1.13552e-11
      1324.80  3.21705e-09  9.71624e-12
      