227
      1249.95  1.12444e-08  1.19619e-11
      1250.27  5.52315e-09  8.67111e-12
      1250.58  1.87934e-09  6.23765e-12
      1250.89  1.36913e-09  5.54822e-12
      1251.20  1.73745e-09  5.68504e-12
      1251.52  2.63493e-09  6.45394e-12
      1251.83  4.61758e-09  8.25351e-12
      1252.14  6.05459e-09  9.43182e-12
      1252.46  5.82463e-09  9.37498e-12
      1252.77  5.39122e-09  8.90943e-12
      1253.09  8.82330e-09  1.09331e-11
      1253.40  1.67276e-08  1.45672e-11
      1253.71  2.07789e-08  1.59365e-11
      1254.03  1.31307e-08  1.21782e-11
      1254.34  6.37748e-09  8.54034e-12
      1254.66  7.70274e-09  9.48361e-12
      1254.97  1.20158e-08  1.22876e-11
      1255.29  8.23990e-09  1.00678e-11
      1255.60  3.72358e-09  7.10505e-12
      1255.92  4.04475e-09  7.50279e-12
      1256.23  6.94748e-09  8.74042e-12
      1256.55  1.15405e-08  1.11167e-11
      1256.87  8.22194e-09  8.77828e-12
      1257.18  3.65432e-09  6.06128e-12
      1257.50  2.63796e-09  5.52979e-12
      1257.81  2.91828e-09  5.90499e-12
      1258.13  3.80143e-09  6.77704e-12
      1258.45  3.81258e-09  6.40770e-12
      1258.76  4.02744e-09  6.29254e-12
      1259.08  7.16084e-09  7.63843e-12
      1259.40  1.47156e-08  1.04185e-11
      1259.72  2.00219e-08  1.19943e-11
      1260.03  1.53058e-08  1.01701e-11
      1260.35  1.11320e-08  8.69014e-12
      1260.67  1.40953e-08  1.04571e-11
      1260.99  1.31808e-08  1.02914e-11
      1261.30  1.05171e-08  9.28433e-12
      1261.62  1.30681e-08  1.08369e-11
      1261.94  1.37016e-08  1.07473e-11
      1262.26  1.41717e-08  1.20394e-11
      1262.58  9.84994e-09  9.57719e-12
      1262.90  1.06085e-08  9.28428e-12
      1263.22  1.69213e-08  1.24197e-11
      1263.54  1.40157e-08  1.11492e-11
      1263.86  8.71139e-09  9.13364e-12
      1264.17  6.93477e-09  8.96512e-12
      1264.49  4.74663e-09  7.35742e-12
      1264.81  5.30027e-09  7.29449e-12
      1265.13  1.06604e-08  9.83875e-12
      1265.45  1.67400e-08  1.21058e-11
      1265.77  1.50841e-08  1.12009e-11
      1266.10  8.18291e-09  8.24059e-12
      1266.42  4.13608e-09  6.15995e-12
      1266.74  3.49345e-09  5.89052e-12
      1267.06  4.72026e-09  6.58454e-12
      1267.38  9.93021e-09  8.86470e-12
      1267.70  1.86652e-08  1.20894e-11
      1268.02  1.98715e-08  1.15270e-11
      1268.34  1.96864e-08  1.12853e-11
      1268.67  1.76759e-08  1.01866e-11
      1268.99  1.77329e-08  1.05165e-11
      1269.31  1.36753e-08  9.20979e-12
      1269.63  8.88254e-09  7.64128e-12
      1269.95  7.32659e-09  7.23713e-12
      1270.28  8.82002e-09  7.77196e-12
      1270.60  1.51224e-08  1.04782e-11
      1270.92  1.81075e-08  1.10807e-11
      1271.25  1.96462e-08  1.14427e-11
      1271.57  1.94412e-08  1.15930e-11
      1271.89  1.16695e-08  8.97658e-12
      1272.22  5.12653e-09  6.37759e-12
      1272.54  3.13107e-09  5.56022e-12
      1272.86  2.55487e-09  5.42251e-12
      1273.19  2.41214e-09  5.39433e-12
      1273.51  2.94542e-09  5.69423e-12
      1273.84  4.59108e-09  6.66208e-12
      1274.16  6.10734e-09  7.27269e-12
      1274.49  8.01407e-09  7.82920e-12
      1274.81  1.41875e-08  1.04045e-11
      1275.14  1.96018e-08  1.24544e-11
      1275.46  1.77399e-08  1.18482e-11
      1275.79  1.17123e-08  9.65096e-12
      1276.11  7.62022e-09  7.76702e-12
      1276.44  9.84703e-09  8.31317e-12
      1276.76  1.68793e-08  1.09507e-11
      1277.09  1.73213e-08  1.02402e-11
      1277.42  1.79852e-08  1.06619e-11
      1277.74  1.23747e-08  8.64734e-12
      1278.07  5.73867e-09  6.09974e-12
      1278.40  3.40609e-09  5.25220e-12
      1278.72  2.62671e-09  4.90434e-12
      1279.05  2.58030e-09  4.89788e-12
      1279.38  3.44795e-09  5.48732e-12
      1279.71  5.18831e-09  6.39263e-12
      1280.03  6.89239e-09  7.29528e-12
      1280.36  6.31221e-09  6.79316e-12
      1280.69  6.61669e-09  7.22465e-12
      1281.02  8.69689e-09  8.37191e-12
      1281.34  1.27550e-08  1.03887e-11
      1281.67  1.54233e-08  1.19413e-11
      1282.00  1.22068e-08  1.03754e-11
      1282.33  1.25520e-08  1.01291e-11
      1282.66  1.90705e-08  1.22739e-11
      1282.99  2.42005e-08  1.34007e-11
      1283.32  2.41560e-08  1.31474e-11
      1283.65  1.71139e-08  1.09174e-11
      1283.98  9.12372e-09  8.12320e-12
      1284.31  5.23225e-09  6.52374e-12
      1284.64  3.88908e-09  5.83551e-12
      1284.97  3.82104e-09  5.66353e-12
      1285.30  4.54320e-09  6.14340e-12
      1285.63  3.89525e-09  5.42160e-12
      1285.96  3.54748e-09  5.02971e-12
      1286.29  5.40346e-09  6.10160e-12
      1286.62  7.64486e-09  7.43029e-12
      1286.95  7.20419e-09  7.20647e-12
      1287.28  8.93364e-09  8.15858e-12
      1287.61  1.56042e-08  1.13337e-11
      1287.95  1.87447e-08  1.22726e-11
      1288.28  1.86699e-08  1.21235e-11
      1288.61  1.86404e-08  1.19084e-11
      1288.94  1.83478e-08  1.18246e-11
      1289.27  1.33187e-08  9.89843e-12
      1289.61  9.71304e-09  8.75481e-12
      1289.94  7.79605e-09  8.16129e-12
      1290.27  5.34706e-09  6.90529e-12
      1290.61  4.48889e-09  6.53039e-12
      1290.94  3.44823e-09  5.69473e-12
      1291.27  2.55238e-09  4.85978e-12
      1291.61  2.94945e-09  4.91453e-12
      1291.94  4.80943e-09  5.82632e-12
      1292.27  8.23265e-09  7.31860e-12
      1292.61  1.19098e-08  9.11688e-12
      1292.94  8.70385e-09  7.67746e-12
      1293.28  6.63917e-09  6.92798e-12
      1293.61  8.81684e-09  8.25402e-12
      1293.95  1.11687e-08  8.86411e-12
      1294.28  1.69589e-08  1.10872e-11
      1294.62  1.90804e-08  1.15804e-11
      1294.95  1.58166e-08  1.03165e-11
      1295.29  1.53830e-08  1.07491e-11
      1295.62  1.31831e-08  1.00799e-11
      1295.96  9.59406e-09  8.79105e-12
      1296.29  8.34020e-09  8.42512e-12
      1296.63  8.73885e-09  8.58550e-12
      1296.97  1.07868e-08  9.01205e-12
      1297.30  1.65205e-08  1.06888e-11
      1297.64  2.21323e-08  1.22640e-11
      1297.98  1.89581e-08  1.09530e-11
      1298.31  1.20489e-08  8.73143e-12
      1298.65  6.85526e-09  6.81031e-12
      1298.99  5.24082e-09  6.05205e-12
      1299.33  8.91394e-09  7.77050e-12
      1299.66  1.57606e-08  1.03827e-11
      1300.00  1.78681e-08  1.07787e-11
      1300.34  1.55617e-08  1.02251e-11
      1300.68  1.07947e-08  8.50198e-12
      1301.02  1.11694e-08  8.60361e-12
      1301.35  1.89182e-08  1.18036e-11
      1301.69  2.27286e-08  1.31585e-11
      1302.03  2.19471e-08  1.33493e-11
      1302.37  1.95666e-08  1.23621e-11
      1302.71  2.24380e-08  1.34359e-11
      1303.05  2.46500e-08  1.33135e-11
      1303.39  2.81089e-08  1.38681e-11
      1303.73  3.01989e-08  1.41008e-11
      1304.07  2.80761e-08  1.33105e-11
      1304.41  2.85797e-08  1.35597e-11
      1304.75  3.03250e-08  1.39861e-11
      1305.09  3.15824e-08  1.40756e-11
      1305.43  3.70995e-08  1.51716e-11
      1305.77  4.37379e-08  1.61764e-11
      1306.11  4.38279e-08  1.62046e-11
      1306.46  2.96249e-08  1.31757e-11
      1306.80  1.43575e-08  9.30737e-12
      1307.14  7.57696e-09  7.37550e-12
      1307.48  5.20584e-09  6.64568e-12
      1307.82  4.14039e-09  6.21769e-12
      1308.16  4.12477e-09  6.30920e-12
      1308.51  4.92848e-09  6.83404e-12
      1308.85  4.04250e-09  6.01027e-12
      1309.19  2.86809e-09  5.08580e-12
      1309.53  2.62555e-09  4.87247e-12
      1309.88  2.60118e-09  4.80442e-12
      1310.22  2.81355e-09  4.90215e-12
      1310.56  3.67432e-09  5.40453e-12
      1310.91  6.69284e-09  6.82036e-12
      1311.25  1.22144e-08  9.10635e-12
      1311.60  1.23403e-08  8.92752e-12
      1311.94  7.36019e-09  6.79880e-12
      1312.28  3.85751e-09  5.14596e-12
      1312.63  2.59687e-09  4.58915e-12
      1312.97  2.26276e-09  4.54673e-12
      1313.32  3.07647e-09  5.39432e-12
      1313.66  4.87127e-09  6.92395e-12
      1314.01  4.12557e-09  6.47446e-12
      1314.35  2.38349e-09  5.19326e-12
      1314.70  1.79515e-09  4.57860e-12
      1315.05  1.78220e-09  4.39228e-12
      1315.39  2.02372e-09  4.61338e-12
      1315.74  2.60954e-09  4.87945e-12
      1316.08  4.05418e-09  5.69752e-12
      1316.43  8.25376e-09  7.62909e-12
      1316.78  1.37213e-08  9.94102e-12
      1317.12  1.09626e-08  8.53936e-12
      1317.47  5.30362e-09  5.83849e-12
      1317.82  3.08856e-09  4.71937e-12
      1318.17  3.15484e-09  4.72693e-12
      1318.51  5.28490e-09  6.17263e-12
      1318.86  6.55114e-09  7.25527e-12
      1319.21  4.38665e-09  6.28543e-12
      1319.56  2.55011e-09  5.73117e-12
      1319.91  2.58458e-09  6.02508e-12
      1320.25  2.58832e-09  5.51725e-12
      1320.60  2.57973e-09  5.13773e-12
      1320.95  3.18132e-09  5.39884e-12
      1321.30  4.53047e-09  5.95488e-12
      1321.65  9.13307e-09  7.78811e-12
      1322.00  1.73415e-08  1.11742e-11
      1322.35  1.47628e-08  9.97233e-12
      1322.70  7.38139e-09  6.98813e-12
      1323.05  4.65485e-09  5.66451e-12
      1323.40  5.19087e-09  5.95289e-12
      1323.75  6.18404e-09  6.39644e-12
      1324.10  6.43473e-09  6.67546e-12
      1324.45  4.68928e-09  5.90644e-12
      1324.80  3.30829e-09  5.43224e-12
      