227
      1249.95  1.10433e-08  1.75328e-11
      1250.27  5.29870e-09  1.20803e-11
      1250.58  1.52241e-09  7.84919e-12
      1250.89  9.54902e-10  7.31812e-12
      1251.20  1.35614e-09  7.88816e-12
      1251.52  2.23572e-09  9.11153e-12
      1251.83  4.23166e-09  1.17004e-11
      1252.14  5.69461e-09  1.32775e-11
      1252.46  5.51023e-09  1.33638e-11
      1252.77  4.85273e-09  1.21213e-11
      1253.09  7.97339e-09  1.37565e-11
      1253.40  1.58879e-08  1.83351e-11
      1253.71  2.07376e-08  2.11840e-11
      1254.03  1.27958e-08  1.63456e-11
      1254.34  5.80045e-09  1.17422e-11
      1254.66  6.94669e-09  1.33489e-11
      1254.97  1.17877e-08  1.85212e-11
      1255.29  8.01304e-09  1.52706e-11
      1255.60  3.32745e-09  1.04798e-11
      1255.92  3.65210e-09  1.09054e-11
      1256.23  6.34821e-09  1.24314e-11
      1256.55  1.10469e-08  1.64968e-11
      1256.87  7.94013e-09  1.37727e-11
      1257.18  3.42105e-09  1.00988e-11
      1257.50  2.36282e-09  9.77066e-12
      1257.81  2.69429e-09  1.06171e-11
      1258.13  3.50948e-09  1.19070e-11
      1258.45  3.51571e-09  1.13591e-11
      1258.76  3.60654e-09  1.07074e-11
      1259.08  6.47537e-09  1.25397e-11
      1259.40  1.39094e-08  1.74568e-11
      1259.72  1.96413e-08  2.07706e-11
      1260.03  1.48759e-08  1.79219e-11
      1260.35  1.04764e-08  1.52792e-11
      1260.67  1.36820e-08  1.84366e-11
      1260.99  1.28649e-08  1.78252e-11
      1261.30  9.98806e-09  1.50074e-11
      1261.62  1.25274e-08  1.65103e-11
      1261.94  1.31929e-08  1.57017e-11
      1262.26  1.37007e-08  1.58792e-11
      1262.58  1.00282e-08  1.31387e-11
      1262.90  1.01517e-08  1.30549e-11
      1263.22  1.60908e-08  1.73919e-11
      1263.54  1.35897e-08  1.58531e-11
      1263.86  8.47713e-09  1.28822e-11
      1264.17  6.56291e-09  1.17158e-11
      1264.49  4.67628e-09  9.78955e-12
      1264.81  4.86161e-09  9.23360e-12
      1265.13  1.00019e-08  1.24149e-11
      1265.45  1.60904e-08  1.56861e-11
      1265.77  1.46694e-08  1.53157e-11
      1266.10  7.94794e-09  1.17393e-11
      1266.42  3.90972e-09  9.27384e-12
      1266.74  3.20619e-09  9.10923e-12
      1267.06  4.31747e-09  1.00602e-11
      1267.38  9.29686e-09  1.31435e-11
      1267.70  1.77332e-08  1.80464e-11
      1268.02  1.92304e-08  1.78782e-11
      1268.34  1.89596e-08  1.80575e-11
      1268.67  1.71994e-08  1.72591e-11
      1268.99  1.69781e-08  1.83477e-11
      1269.31  1.33492e-08  1.67477e-11
      1269.63  8.68291e-09  1.40604e-11
      1269.95  7.03292e-09  1.27718e-11
      1270.28  8.50860e-09  1.32384e-11
      1270.60  1.42301e-08  1.64871e-11
      1270.92  1.73881e-08  1.73814e-11
      1271.25  1.89949e-08  1.78848e-11
      1271.57  1.87982e-08  1.82755e-11
      1271.89  1.15999e-08  1.45636e-11
      1272.22  5.07107e-09  1.05057e-11
      1272.54  2.91384e-09  8.75762e-12
      1272.86  2.30723e-09  8.18674e-12
      1273.19  2.14597e-09  7.56117e-12
      1273.51  2.63459e-09  7.47705e-12
      1273.84  4.19796e-09  8.52663e-12
      1274.16  5.71337e-09  9.39117e-12
      1274.49  7.59763e-09  1.04712e-11
      1274.81  1.33653e-08  1.42092e-11
      1275.14  1.86690e-08  1.72389e-11
      1275.46  1.71767e-08  1.68386e-11
      1275.79  1.14338e-08  1.39939e-11
      1276.11  7.42905e-09  1.11282e-11
      1276.44  9.38284e-09  1.19415e-11
      1276.76  1.57206e-08  1.54236e-11
      1277.09  1.69312e-08  1.56308e-11
      1277.42  1.70141e-08  1.64798e-11
      1277.74  1.22357e-08  1.46965e-11
      1278.07  5.66440e-09  1.07398e-11
      1278.40  3.18284e-09  9.27692e-12
      1278.72  2.38281e-09  8.77947e-12
      1279.05  2.31277e-09  8.37503e-12
      1279.38  3.12776e-09  8.75417e-12
      1279.71  4.78978e-09  9.94232e-12
      1280.03  6.50005e-09  1.13307e-11
      1280.36  6.01520e-09  1.08382e-11
      1280.69  6.21886e-09  1.13027e-11
      1281.02  8.22745e-09  1.31367e-11
      1281.34  1.20730e-08  1.57243e-11
      1281.67  1.50135e-08  1.73881e-11
      1282.00  1.19466e-08  1.47486e-11
      1282.33  1.17135e-08  1.34068e-11
      1282.66  1.81331e-08  1.61925e-11
      1282.99  2.33297e-08  1.78067e-11
      1283.32  2.36035e-08  1.83407e-11
      1283.65  1.69354e-08  1.59075e-11
      1283.98  8.86039e-09  1.20811e-11
      1284.31  4.93704e-09  9.90173e-12
      1284.64  3.60347e-09  8.92380e-12
      1284.97  3.50032e-09  8.61113e-12
      1285.30  4.25185e-09  9.13524e-12
      1285.63  3.64253e-09  8.35520e-12
      1285.96  3.20632e-09  7.86637e-12
      1286.29  4.98232e-09  9.70374e-12
      1286.62  7.33926e-09  1.23486e-11
      1286.95  6.78575e-09  1.22028e-11
      1287.28  8.16928e-09  1.32091e-11
      1287.61  1.51134e-08  1.83570e-11
      1287.95  1.82036e-08  1.91559e-11
      1288.28  1.80956e-08  1.83218e-11
      1288.61  1.79722e-08  1.75270e-11
      1288.94  1.81383e-08  1.79972e-11
      1289.27  1.28098e-08  1.48925e-11
      1289.61  9.37499e-09  1.34187e-11
      1289.94  7.53523e-09  1.24584e-11
      1290.27  5.00475e-09  1.03645e-11
      1290.61  4.25260e-09  9.88691e-12
      1290.94  3.18424e-09  8.28390e-12
      1291.27  2.29456e-09  6.95519e-12
      1291.61  2.64355e-09  6.98219e-12
      1291.94  4.42282e-09  8.45895e-12
      1292.27  7.73202e-09  1.07926e-11
      1292.61  1.13387e-08  1.39198e-11
      1292.94  8.44691e-09  1.21694e-11
      1293.28  6.38547e-09  1.09529e-11
      1293.61  8.35095e-09  1.26289e-11
      1293.95  1.07696e-08  1.35441e-11
      1294.28  1.60324e-08  1.62893e-11
      1294.62  1.82560e-08  1.73812e-11
      1294.95  1.55442e-08  1.61045e-11
      1295.29  1.47634e-08  1.65405e-11
      1295.62  1.27578e-08  1.61056e-11
      1295.96  9.36750e-09  1.42490e-11
      1296.29  8.01552e-09  1.33084e-11
      1296.63  8.31935e-09  1.31786e-11
      1296.97  1.03145e-08  1.36466e-11
      1297.30  1.57981e-08  1.57430e-11
      1297.64  2.12686e-08  1.80548e-11
      1297.98  1.85428e-08  1.67299e-11
      1298.31  1.18225e-08  1.35554e-11
      1298.65  6.64451e-09  1.05955e-11
      1298.99  4.90379e-09  9.38881e-12
      1299.33  8.29122e-09  1.16590e-11
      1299.66  1.50444e-08  1.52390e-11
      1300.00  1.73220e-08  1.57584e-11
      1300.34  1.51263e-08  1.45952e-11
      1300.68  1.05230e-08  1.22719e-11
      1301.02  1.03179e-08  1.23280e-11
      1301.35  1.81636e-08  1.76942e-11
      1301.69  2.21606e-08  2.01333e-11
      1302.03  2.14832e-08  2.03213e-11
      1302.37  1.87427e-08  1.84664e-11
      1302.71  2.16034e-08  1.98099e-11
      1303.05  2.37568e-08  1.99679e-11
      1303.39  2.70383e-08  2.09217e-11
      1303.73  2.95470e-08  2.19576e-11
      1304.07  2.71877e-08  2.10958e-11
      1304.41  2.76272e-08  2.16433e-11
      1304.75  2.94609e-08  2.25891e-11
      1305.09  3.04917e-08  2.21150e-11
      1305.43  3.57797e-08  2.32241e-11
      1305.77  4.23040e-08  2.39061e-11
      1306.11  4.25917e-08  2.35332e-11
      1306.46  2.89925e-08  1.90757e-11
      1306.80  1.42341e-08  1.35494e-11
      1307.14  7.43445e-09  1.07029e-11
      1307.48  4.98178e-09  9.60760e-12
      1307.82  3.90968e-09  9.18873e-12
      1308.16  3.89037e-09  9.09317e-12
      1308.51  4.59983e-09  9.86318e-12
      1308.85  3.79565e-09  8.87486e-12
      1309.19  2.69728e-09  7.68168e-12
      1309.53  2.41577e-09  7.51236e-12
      1309.88  2.37163e-09  7.69682e-12
      1310.22  2.57728e-09  8.47204e-12
      1310.56  3.41103e-09  9.12806e-12
      1310.91  6.30260e-09  1.11934e-11
      1311.25  1.15198e-08  1.46050e-11
      1311.60  1.19542e-08  1.40823e-11
      1311.94  7.23496e-09  1.04686e-11
      1312.28  3.67992e-09  7.70355e-12
      1312.63  2.39307e-09  6.84055e-12
      1312.97  2.00770e-09  6.63864e-12
      1313.32  2.71677e-09  7.54846e-12
      1313.66  4.57264e-09  9.70518e-12
      1314.01  3.99201e-09  9.30273e-12
      1314.35  2.18000e-09  7.33726e-12
      1314.70  1.58511e-09  6.53313e-12
      1315.05  1.56037e-09  6.49684e-12
      1315.39  1.80014e-09  6.97354e-12
      1315.74  2.33699e-09  7.86508e-12
      1316.08  3.63683e-09  9.34791e-12
      1316.43  7.52443e-09  1.27379e-11
      1316.78  1.36101e-08  1.72290e-11
      1317.12  1.08446e-08  1.44952e-11
      1317.47  4.98822e-09  9.87076e-12
      1317.82  2.83326e-09  7.60336e-12
      1318.17  2.86356e-09  7.18650e-12
      1318.51  4.96509e-09  9.17370e-12
      1318.86  6.27947e-09  1.06177e-11
      1319.21  4.17040e-09  8.98502e-12
      1319.56  2.34529e-09  7.39776e-12
      1319.91  2.34641e-09  7.60167e-12
      1320.25  2.38006e-09  7.44081e-12
      1320.60  2.36347e-09  7.10310e-12
      1320.95  2.93262e-09  7.73293e-12
      1321.30  4.31192e-09  9.11071e-12
      1321.65  8.81142e-09  1.28055e-11
      1322.00  1.60298e-08  1.82828e-11
      1322.35  1.43760e-08  1.76728e-11
      1322.70  7.44891e-09  1.25571e-11
      1323.05  4.51197e-09  9.89301e-12
      1323.40  4.87401e-09  9.74479e-12
      1323.75  5.85982e-09  1.00701e-11
      1324.10  6.13492e-09  1.01562e-11
      1324.45  4.54967e-09  8.88405e-12
      1324.80  3.10020e-09  7.87505e-12
      