227
      1249.95  1.07967e-08  1.12036e-11
      1250.27  5.33127e-09  8.01117e-12
      1250.58  1.75639e-09  5.48465e-12
      1250.89  1.20367e-09  5.05477e-12
      1251.20  1.59287e-09  5.36175e-12
      1251.52  2.50729e-09  6.13056e-12
      1251.83  4.44779e-09  7.89182e-12
      1252.14  5.85714e-09  9.05935e-12
      1252.46  5.63777e-09  8.92386e-12
      1252.77  5.23533e-09  8.49513e-12
      1253.09  8.59486e-09  1.03242e-11
      1253.40  1.63231e-08  1.37405e-11
      1253.71  2.02918e-08  1.52285e-11
      1254.03  1.28676e-08  1.18772e-11
      1254.34  6.22682e-09  8.49824e-12
      1254.66  7.50205e-09  9.48559e-12
      1254.97  1.15956e-08  1.22500e-11
      1255.29  8.02208e-09  1.01786e-11
      1255.60  3.63463e-09  7.38585e-12
      1255.92  3.89705e-09  7.59337e-12
      1256.23  6.76102e-09  8.96827e-12
      1256.55  1.11043e-08  1.14402e-11
      1256.87  7.94907e-09  9.26324e-12
      1257.18  3.54074e-09  6.48153e-12
      1257.50  2.53342e-09  5.83531e-12
      1257.81  2.87793e-09  6.22243e-12
      1258.13  3.63025e-09  6.88832e-12
      1258.45  3.64620e-09  6.77161e-12
      1258.76  3.84654e-09  6.59435e-12
      1259.08  6.86438e-09  7.84634e-12
      1259.40  1.41240e-08  1.06024e-11
      1259.72  1.92501e-08  1.20994e-11
      1260.03  1.47640e-08  1.02113e-11
      1260.35  1.07196e-08  8.60178e-12
      1260.67  1.34792e-08  1.01427e-11
      1260.99  1.26768e-08  9.93605e-12
      1261.30  1.01594e-08  8.86104e-12
      1261.62  1.25137e-08  1.00574e-11
      1261.94  1.32173e-08  9.90840e-12
      1262.26  1.35232e-08  1.05316e-11
      1262.58  9.74774e-09  8.71338e-12
      1262.90  1.02747e-08  8.61539e-12
      1263.22  1.62076e-08  1.14725e-11
      1263.54  1.35343e-08  1.05215e-11
      1263.86  8.49158e-09  8.69259e-12
      1264.17  6.69821e-09  8.40281e-12
      1264.49  4.81493e-09  7.25178e-12
      1264.81  5.16686e-09  7.05880e-12
      1265.13  1.04097e-08  9.61278e-12
      1265.45  1.63792e-08  1.20028e-11
      1265.77  1.47961e-08  1.13209e-11
      1266.10  8.01225e-09  8.47495e-12
      1266.42  4.01117e-09  6.39395e-12
      1266.74  3.37769e-09  6.18979e-12
      1267.06  4.58749e-09  6.98002e-12
      1267.38  9.67483e-09  9.41855e-12
      1267.70  1.80082e-08  1.26970e-11
      1268.02  1.93776e-08  1.23710e-11
      1268.34  1.90413e-08  1.19872e-11
      1268.67  1.71849e-08  1.09172e-11
      1268.99  1.70697e-08  1.11419e-11
      1269.31  1.32327e-08  9.72628e-12
      1269.63  8.56138e-09  7.92275e-12
      1269.95  7.01602e-09  7.30052e-12
      1270.28  8.41282e-09  7.57292e-12
      1270.60  1.45124e-08  9.93566e-12
      1270.92  1.73732e-08  1.02815e-11
      1271.25  1.88435e-08  1.05215e-11
      1271.57  1.87484e-08  1.06436e-11
      1271.89  1.12029e-08  8.24214e-12
      1272.22  4.85287e-09  5.85360e-12
      1272.54  2.96021e-09  5.16386e-12
      1272.86  2.42214e-09  5.02317e-12
      1273.19  2.29865e-09  4.94086e-12
      1273.51  2.81169e-09  5.24672e-12
      1273.84  4.42713e-09  6.26357e-12
      1274.16  5.94614e-09  6.98659e-12
      1274.49  7.80136e-09  7.67414e-12
      1274.81  1.38539e-08  1.03798e-11
      1275.14  1.92395e-08  1.26549e-11
      1275.46  1.74059e-08  1.22123e-11
      1275.79  1.14434e-08  1.00391e-11
      1276.11  7.38734e-09  8.09519e-12
      1276.44  9.56838e-09  8.91810e-12
      1276.76  1.65349e-08  1.16873e-11
      1277.09  1.68309e-08  1.08637e-11
      1277.42  1.75296e-08  1.13781e-11
      1277.74  1.19919e-08  9.16708e-12
      1278.07  5.49667e-09  6.39667e-12
      1278.40  3.24454e-09  5.40548e-12
      1278.72  2.48815e-09  4.93189e-12
      1279.05  2.43550e-09  4.82089e-12
      1279.38  3.27186e-09  5.23897e-12
      1279.71  4.92632e-09  5.91919e-12
      1280.03  6.61899e-09  6.75160e-12
      1280.36  6.00324e-09  6.28228e-12
      1280.69  6.29293e-09  6.65834e-12
      1281.02  8.29620e-09  7.78314e-12
      1281.34  1.23192e-08  9.66204e-12
      1281.67  1.50105e-08  1.10110e-11
      1282.00  1.18754e-08  9.69018e-12
      1282.33  1.21512e-08  9.69162e-12
      1282.66  1.85848e-08  1.20485e-11
      1282.99  2.36930e-08  1.33853e-11
      1283.32  2.36304e-08  1.33475e-11
      1283.65  1.67660e-08  1.13951e-11
      1283.98  8.94373e-09  8.73176e-12
      1284.31  5.10596e-09  7.07365e-12
      1284.64  3.77367e-09  6.25263e-12
      1284.97  3.70706e-09  6.08522e-12
      1285.30  4.38201e-09  6.49351e-12
      1285.63  3.73770e-09  5.65194e-12
      1285.96  3.40444e-09  5.19242e-12
      1286.29  5.19577e-09  6.19468e-12
      1286.62  7.36621e-09  7.40580e-12
      1286.95  6.87761e-09  7.11308e-12
      1287.28  8.52047e-09  7.85392e-12
      1287.61  1.49953e-08  1.06807e-11
      1287.95  1.79904e-08  1.14238e-11
      1288.28  1.78969e-08  1.11553e-11
      1288.61  1.79194e-08  1.09470e-11
      1288.94  1.77690e-08  1.09684e-11
      1289.27  1.28885e-08  9.30015e-12
      1289.61  9.37258e-09  8.28947e-12
      1289.94  7.53644e-09  7.91398e-12
      1290.27  5.16703e-09  6.80603e-12
      1290.61  4.32477e-09  6.56304e-12
      1290.94  3.33515e-09  5.86842e-12
      1291.27  2.47361e-09  5.00153e-12
      1291.61  2.86529e-09  5.09257e-12
      1291.94  4.67857e-09  6.05458e-12
      1292.27  8.02140e-09  7.66721e-12
      1292.61  1.14896e-08  9.51440e-12
      1292.94  8.51474e-09  8.11106e-12
      1293.28  6.44093e-09  7.11597e-12
      1293.61  8.48148e-09  8.22870e-12
      1293.95  1.08009e-08  8.67898e-12
      1294.28  1.62574e-08  1.05227e-11
      1294.62  1.83522e-08  1.10101e-11
      1294.95  1.52219e-08  9.80248e-12
      1295.29  1.47480e-08  1.02442e-11
      1295.62  1.26541e-08  9.69963e-12
      1295.96  9.22281e-09  8.42789e-12
      1296.29  8.03163e-09  8.06301e-12
      1296.63  8.40108e-09  8.34334e-12
      1296.97  1.03469e-08  8.90266e-12
      1297.30  1.60032e-08  1.06939e-11
      1297.64  2.16807e-08  1.24914e-11
      1297.98  1.84788e-08  1.12805e-11
      1298.31  1.16911e-08  9.12705e-12
      1298.65  6.61480e-09  7.16213e-12
      1298.99  5.03825e-09  6.36405e-12
      1299.33  8.64587e-09  8.07860e-12
      1299.66  1.54379e-08  1.06953e-11
      1300.00  1.74187e-08  1.08535e-11
      1300.34  1.50955e-08  9.95121e-12
      1300.68  1.04617e-08  8.11995e-12
      1301.02  1.07181e-08  8.23315e-12
      1301.35  1.82346e-08  1.12995e-11
      1301.69  2.18818e-08  1.26147e-11
      1302.03  2.11047e-08  1.27832e-11
      1302.37  1.89272e-08  1.18391e-11
      1302.71  2.17724e-08  1.27933e-11
      1303.05  2.39582e-08  1.28620e-11
      1303.39  2.72890e-08  1.35923e-11
      1303.73  2.92970e-08  1.40121e-11
      1304.07  2.73060e-08  1.34314e-11
      1304.41  2.77672e-08  1.38238e-11
      1304.75  2.94633e-08  1.43145e-11
      1305.09  3.08093e-08  1.45268e-11
      1305.43  3.62184e-08  1.56502e-11
      1305.77  4.27440e-08  1.65295e-11
      1306.11  4.26915e-08  1.61796e-11
      1306.46  2.89905e-08  1.30673e-11
      1306.80  1.41165e-08  9.19927e-12
      1307.14  7.37823e-09  7.18303e-12
      1307.48  5.02235e-09  6.41307e-12
      1307.82  3.98055e-09  6.10178e-12
      1308.16  3.93948e-09  6.08885e-12
      1308.51  4.70158e-09  6.62038e-12
      1308.85  3.87232e-09  5.86436e-12
      1309.19  2.75643e-09  5.01683e-12
      1309.53  2.52200e-09  4.82485e-12
      1309.88  2.48026e-09  4.87439e-12
      1310.22  2.67583e-09  5.09356e-12
      1310.56  3.50712e-09  5.61763e-12
      1310.91  6.39206e-09  7.05989e-12
      1311.25  1.19063e-08  9.47504e-12
      1311.60  1.20770e-08  9.17672e-12
      1311.94  7.10546e-09  6.81490e-12
      1312.28  3.69011e-09  5.04798e-12
      1312.63  2.52183e-09  4.45624e-12
      1312.97  2.41285e-09  4.64512e-12
      1313.32  3.11065e-09  5.27873e-12
      1313.66  4.73574e-09  6.64472e-12
      1314.01  3.96588e-09  6.19759e-12
      1314.35  2.26994e-09  5.09360e-12
      1314.70  1.71068e-09  4.60259e-12
      1315.05  1.70403e-09  4.32415e-12
      1315.39  1.94511e-09  4.53491e-12
      1315.74  2.51434e-09  4.94332e-12
      1316.08  3.91234e-09  5.83698e-12
      1316.43  7.97020e-09  7.91377e-12
      1316.78  1.31821e-08  1.02666e-11
      1317.12  1.05888e-08  8.82880e-12
      1317.47  5.13894e-09  5.95930e-12
      1317.82  2.97095e-09  4.72252e-12
      1318.17  3.04405e-09  4.62504e-12
      1318.51  5.06526e-09  5.90252e-12
      1318.86  6.28052e-09  6.90379e-12
      1319.21  4.26558e-09  6.03289e-12
      1319.56  2.49158e-09  5.36346e-12
      1319.91  2.49134e-09  5.47649e-12
      1320.25  2.47904e-09  5.29224e-12
      1320.60  2.46599e-09  5.13914e-12
      1320.95  3.04347e-09  5.46447e-12
      1321.30  4.36621e-09  6.12018e-12
      1321.65  8.85156e-09  8.13768e-12
      1322.00  1.68460e-08  1.17909e-11
      1322.35  1.43308e-08  1.05376e-11
      1322.70  7.12461e-09  7.33624e-12
      1323.05  4.45635e-09  5.81005e-12
      1323.40  4.97586e-09  5.94283e-12
      1323.75  5.93026e-09  6.17119e-12
      1324.10  6.20246e-09  6.31998e-12
      1324.45  4.49466e-09  5.53413e-12
      1324.80  3.20482e-09  5.14023e-12
      