227
      1249.95  9.39468e-09  1.18067e-11
      1250.27  4.58997e-09  8.41227e-12
      1250.58  1.42059e-09  5.60887e-12
      1250.89  8.97503e-10  5.27919e-12
      1251.20  1.21341e-09  5.61034e-12
      1251.52  1.97403e-09  6.47158e-12
      1251.83  3.60136e-09  8.28813e-12
      1252.14  4.97818e-09  9.65350e-12
      1252.46  4.74899e-09  8.64848e-12
      1252.77  4.50164e-09  7.83235e-12
      1253.09  7.50625e-09  9.34120e-12
      1253.40  1.44816e-08  1.24660e-11
      1253.71  1.81605e-08  1.41452e-11
      1254.03  1.14446e-08  1.09383e-11
      1254.34  5.45991e-09  7.92229e-12
      1254.66  6.61462e-09  8.87612e-12
      1254.97  1.03066e-08  1.15556e-11
      1255.29  7.13331e-09  9.82498e-12
      1255.60  3.19091e-09  7.01956e-12
      1255.92  3.41482e-09  7.31234e-12
      1256.23  6.03026e-09  8.68473e-12
      1256.55  9.90534e-09  1.10240e-11
      1256.87  7.11634e-09  9.20645e-12
      1257.18  3.15910e-09  6.57376e-12
      1257.50  2.22515e-09  6.13419e-12
      1257.81  2.53774e-09  6.60261e-12
      1258.13  3.21859e-09  7.26380e-12
      1258.45  3.24026e-09  7.21160e-12
      1258.76  3.40405e-09  6.94904e-12
      1259.08  6.14178e-09  8.33775e-12
      1259.40  1.28049e-08  1.14056e-11
      1259.72  1.75929e-08  1.32230e-11
      1260.03  1.34842e-08  1.13290e-11
      1260.35  9.67354e-09  9.58289e-12
      1260.67  1.21097e-08  1.12763e-11
      1260.99  1.14345e-08  1.11208e-11
      1261.30  9.29465e-09  1.01811e-11
      1261.62  1.13659e-08  1.13228e-11
      1261.94  1.16999e-08  1.04751e-11
      1262.26  1.18042e-08  1.06422e-11
      1262.58  8.68135e-09  8.87049e-12
      1262.90  8.83193e-09  8.70771e-12
      1263.22  1.38518e-08  1.14423e-11
      1263.54  1.14885e-08  9.96604e-12
      1263.86  7.46289e-09  7.91257e-12
      1264.17  5.83060e-09  7.35293e-12
      1264.49  4.17722e-09  6.34282e-12
      1264.81  4.45817e-09  6.28291e-12
      1265.13  9.15114e-09  8.60272e-12
      1265.45  1.44947e-08  1.08202e-11
      1265.77  1.30643e-08  1.03003e-11
      1266.10  7.02571e-09  7.77111e-12
      1266.42  3.44525e-09  5.98223e-12
      1266.74  2.88946e-09  5.99353e-12
      1267.06  4.00230e-09  6.75223e-12
      1267.38  8.63153e-09  9.13063e-12
      1267.70  1.61226e-08  1.23816e-11
      1268.02  1.75388e-08  1.23790e-11
      1268.34  1.71578e-08  1.22604e-11
      1268.67  1.56095e-08  1.14954e-11
      1268.99  1.53805e-08  1.18046e-11
      1269.31  1.20092e-08  1.05732e-11
      1269.63  7.72304e-09  8.77137e-12
      1269.95  6.27679e-09  8.11945e-12
      1270.28  7.57199e-09  8.40635e-12
      1270.60  1.30328e-08  1.08639e-11
      1270.92  1.58875e-08  1.17636e-11
      1271.25  1.73124e-08  1.20307e-11
      1271.57  1.69374e-08  1.15960e-11
      1271.89  1.01510e-08  9.03982e-12
      1272.22  4.25412e-09  6.37129e-12
      1272.54  2.47757e-09  5.54518e-12
      1272.86  2.00796e-09  4.97129e-12
      1273.19  1.98390e-09  4.64372e-12
      1273.51  2.44644e-09  4.74255e-12
      1273.84  3.87887e-09  5.58395e-12
      1274.16  5.22914e-09  6.40430e-12
      1274.49  6.88124e-09  6.98914e-12
      1274.81  1.22230e-08  9.50871e-12
      1275.14  1.70073e-08  1.16350e-11
      1275.46  1.53992e-08  1.14588e-11
      1275.79  1.00648e-08  9.54733e-12
      1276.11  6.44121e-09  7.85713e-12
      1276.44  8.42129e-09  8.94367e-12
      1276.76  1.54719e-08  1.25840e-11
      1277.09  1.51022e-08  1.11028e-11
      1277.42  1.56864e-08  1.17913e-11
      1277.74  1.08125e-08  9.82537e-12
      1278.07  4.85097e-09  7.00600e-12
      1278.40  2.81128e-09  6.02167e-12
      1278.72  2.13673e-09  5.64025e-12
      1279.05  2.07996e-09  5.40403e-12
      1279.38  2.82495e-09  5.78140e-12
      1279.71  4.29716e-09  6.45084e-12
      1280.03  5.88441e-09  7.36597e-12
      1280.36  5.25600e-09  6.81221e-12
      1280.69  5.45121e-09  7.13976e-12
      1281.02  7.37896e-09  7.99330e-12
      1281.34  1.12969e-08  9.34715e-12
      1281.67  1.38030e-08  1.03376e-11
      1282.00  1.07420e-08  8.88707e-12
      1282.33  1.08390e-08  8.80498e-12
      1282.66  1.68959e-08  1.13544e-11
      1282.99  2.19037e-08  1.27906e-11
      1283.32  2.12910e-08  1.23476e-11
      1283.65  1.49306e-08  1.06382e-11
      1283.98  7.79494e-09  8.12427e-12
      1284.31  4.38093e-09  6.78588e-12
      1284.64  3.21610e-09  6.14755e-12
      1284.97  3.15547e-09  6.06495e-12
      1285.30  3.75531e-09  6.49443e-12
      1285.63  3.20656e-09  5.88489e-12
      1285.96  2.91206e-09  5.49647e-12
      1286.29  4.50650e-09  6.69375e-12
      1286.62  6.49547e-09  8.21007e-12
      1286.95  6.04033e-09  8.00495e-12
      1287.28  7.46734e-09  8.78602e-12
      1287.61  1.32544e-08  1.22996e-11
      1287.95  1.63907e-08  1.41013e-11
      1288.28  1.64314e-08  1.35544e-11
      1288.61  1.64426e-08  1.14479e-11
      1288.94  1.63848e-08  1.05037e-11
      1289.27  1.18261e-08  8.78531e-12
      1289.61  8.54447e-09  7.87982e-12
      1289.94  6.80270e-09  7.52059e-12
      1290.27  4.59610e-09  6.47626e-12
      1290.61  3.80929e-09  6.23365e-12
      1290.94  2.91386e-09  5.56284e-12
      1291.27  2.13509e-09  4.81057e-12
      1291.61  2.46172e-09  4.95839e-12
      1291.94  4.01844e-09  6.02600e-12
      1292.27  6.97373e-09  7.78540e-12
      1292.61  1.00304e-08  9.73440e-12
      1292.94  7.49922e-09  8.60166e-12
      1293.28  5.58262e-09  7.67465e-12
      1293.61  7.35116e-09  8.85102e-12
      1293.95  9.47519e-09  9.43329e-12
      1294.28  1.42641e-08  1.13206e-11
      1294.62  1.62888e-08  1.19533e-11
      1294.95  1.36118e-08  1.07554e-11
      1295.29  1.30051e-08  1.11232e-11
      1295.62  1.11303e-08  1.02756e-11
      1295.96  8.24602e-09  8.35691e-12
      1296.29  7.31736e-09  7.76156e-12
      1296.63  7.64146e-09  7.89320e-12
      1296.97  9.39511e-09  8.37014e-12
      1297.30  1.46337e-08  1.01712e-11
      1297.64  1.98882e-08  1.18761e-11
      1297.98  1.67651e-08  1.07920e-11
      1298.31  1.04237e-08  8.86780e-12
      1298.65  5.77659e-09  6.98932e-12
      1298.99  4.26706e-09  6.29314e-12
      1299.33  7.38887e-09  8.08498e-12
      1299.66  1.35922e-08  1.10659e-11
      1300.00  1.53514e-08  1.13643e-11
      1300.34  1.32831e-08  1.05126e-11
      1300.68  9.04938e-09  8.54725e-12
      1301.02  9.13354e-09  8.67042e-12
      1301.35  1.61234e-08  1.23432e-11
      1301.69  1.94540e-08  1.37424e-11
      1302.03  1.88572e-08  1.38181e-11
      1302.37  1.70524e-08  1.17774e-11
      1302.71  2.01530e-08  1.21841e-11
      1303.05  2.22383e-08  1.22694e-11
      1303.39  2.54071e-08  1.31463e-11
      1303.73  2.72965e-08  1.37393e-11
      1304.07  2.53175e-08  1.32367e-11
      1304.41  2.56025e-08  1.37127e-11
      1304.75  2.70493e-08  1.43791e-11
      1305.09  2.81632e-08  1.47858e-11
      1305.43  3.32333e-08  1.68017e-11
      1305.77  3.98518e-08  1.81553e-11
      1306.11  3.87011e-08  1.71254e-11
      1306.46  2.61546e-08  1.38646e-11
      1306.80  1.25743e-08  9.83506e-12
      1307.14  6.38538e-09  7.63002e-12
      1307.48  4.24073e-09  6.92895e-12
      1307.82  3.31763e-09  6.50076e-12
      1308.16  3.28582e-09  6.56057e-12
      1308.51  3.92009e-09  6.73036e-12
      1308.85  3.31741e-09  5.68710e-12
      1309.19  2.45301e-09  4.80183e-12
      1309.53  2.25594e-09  4.69592e-12
      1309.88  2.22835e-09  4.90799e-12
      1310.22  2.41252e-09  5.12251e-12
      1310.56  3.14293e-09  5.72494e-12
      1310.91  5.69093e-09  7.36702e-12
      1311.25  1.12009e-08  1.02929e-11
      1311.60  1.09607e-08  9.50077e-12
      1311.94  6.31984e-09  7.02933e-12
      1312.28  3.17027e-09  5.23386e-12
      1312.63  2.11303e-09  4.68608e-12
      1312.97  2.01537e-09  4.93726e-12
      1313.32  2.53875e-09  5.51995e-12
      1313.66  3.99323e-09  7.10759e-12
      1314.01  3.33306e-09  6.53966e-12
      1314.35  1.82869e-09  5.23164e-12
      1314.70  1.41293e-09  4.40697e-12
      1315.05  1.48364e-09  4.18600e-12
      1315.39  1.71644e-09  4.46699e-12
      1315.74  2.24405e-09  4.96057e-12
      1316.08  3.53326e-09  5.95150e-12
      1316.43  7.29839e-09  8.13098e-12
      1316.78  1.20973e-08  1.06186e-11
      1317.12  9.69747e-09  9.24660e-12
      1317.47  4.63162e-09  6.34383e-12
      1317.82  2.60080e-09  5.03330e-12
      1318.17  2.62148e-09  4.90199e-12
      1318.51  4.32725e-09  6.21825e-12
      1318.86  5.34051e-09  7.22784e-12
      1319.21  3.70544e-09  7.28870e-12
      1319.56  2.35338e-09  5.90453e-12
      1319.91  2.16559e-09  5.75085e-12
      1320.25  1.99095e-09  5.57870e-12
      1320.60  2.03900e-09  5.12901e-12
      1320.95  2.68081e-09  5.28069e-12
      1321.30  3.93499e-09  5.97091e-12
      1321.65  8.10053e-09  8.17931e-12
      1322.00  1.53663e-08  1.20281e-11
      1322.35  1.32191e-08  1.10763e-11
      1322.70  6.54954e-09  7.76984e-12
      1323.05  3.99994e-09  6.19061e-12
      1323.40  4.41177e-09  6.36478e-12
      1323.75  5.22142e-09  6.56597e-12
      1324.10  5.44429e-09  6.65173e-12
      1324.45  3.91222e-09  5.81195e-12
      1324.80  2.67836e-09  5.35854e-12
      