227
      1249.95  1.10625e-08  1.78536e-11
      1250.27  5.35233e-09  1.23938e-11
      1250.58  1.53057e-09  7.96214e-12
      1250.89  9.68460e-10  7.32980e-12
      1251.20  1.36196e-09  7.85543e-12
      1251.52  2.24981e-09  9.15882e-12
      1251.83  4.23662e-09  1.15623e-11
      1252.14  5.72644e-09  1.32558e-11
      1252.46  5.54447e-09  1.31660e-11
      1252.77  4.92524e-09  1.19279e-11
      1253.09  8.04920e-09  1.34445e-11
      1253.40  1.59128e-08  1.77477e-11
      1253.71  2.07678e-08  2.03591e-11
      1254.03  1.29735e-08  1.58682e-11
      1254.34  5.86388e-09  1.13886e-11
      1254.66  6.98477e-09  1.29091e-11
      1254.97  1.17900e-08  1.77294e-11
      1255.29  8.11912e-09  1.48135e-11
      1255.60  3.33486e-09  1.03111e-11
      1255.92  3.67741e-09  1.04906e-11
      1256.23  6.37691e-09  1.20185e-11
      1256.55  1.11141e-08  1.57319e-11
      1256.87  8.05660e-09  1.33029e-11
      1257.18  3.41212e-09  9.86054e-12
      1257.50  2.36657e-09  9.42044e-12
      1257.81  2.69224e-09  1.02133e-11
      1258.13  3.52931e-09  1.14704e-11
      1258.45  3.54504e-09  1.11669e-11
      1258.76  3.60744e-09  1.05829e-11
      1259.08  6.45455e-09  1.22887e-11
      1259.40  1.39925e-08  1.73044e-11
      1259.72  1.99251e-08  2.07724e-11
      1260.03  1.49990e-08  1.79288e-11
      1260.35  1.03555e-08  1.51855e-11
      1260.67  1.37613e-08  1.87055e-11
      1260.99  1.29672e-08  1.79206e-11
      1261.30  9.90003e-09  1.49889e-11
      1261.62  1.26185e-08  1.69462e-11
      1261.94  1.31987e-08  1.59836e-11
      1262.26  1.38111e-08  1.63203e-11
      1262.58  1.00224e-08  1.33677e-11
      1262.90  1.00255e-08  1.33135e-11
      1263.22  1.62951e-08  1.79779e-11
      1263.54  1.36803e-08  1.62509e-11
      1263.86  8.42443e-09  1.30211e-11
      1264.17  6.60930e-09  1.18055e-11
      1264.49  4.68487e-09  9.72361e-12
      1264.81  4.80230e-09  9.06305e-12
      1265.13  1.00211e-08  1.22629e-11
      1265.45  1.63145e-08  1.54751e-11
      1265.77  1.48447e-08  1.50267e-11
      1266.10  7.90252e-09  1.13177e-11
      1266.42  3.86364e-09  8.92491e-12
      1266.74  3.20330e-09  8.65435e-12
      1267.06  4.29781e-09  9.44117e-12
      1267.38  9.25984e-09  1.23789e-11
      1267.70  1.79937e-08  1.72574e-11
      1268.02  1.92738e-08  1.69198e-11
      1268.34  1.91181e-08  1.72693e-11
      1268.67  1.72074e-08  1.63359e-11
      1268.99  1.71395e-08  1.75590e-11
      1269.31  1.33757e-08  1.59660e-11
      1269.63  8.67189e-09  1.35903e-11
      1269.95  7.04221e-09  1.23719e-11
      1270.28  8.45695e-09  1.27324e-11
      1270.60  1.43672e-08  1.62914e-11
      1270.92  1.74331e-08  1.71056e-11
      1271.25  1.90724e-08  1.76284e-11
      1271.57  1.89487e-08  1.82250e-11
      1271.89  1.15284e-08  1.45585e-11
      1272.22  5.03234e-09  1.04260e-11
      1272.54  2.91590e-09  8.80830e-12
      1272.86  2.31697e-09  8.17870e-12
      1273.19  2.16375e-09  7.68032e-12
      1273.51  2.65141e-09  7.73990e-12
      1273.84  4.24429e-09  8.77259e-12
      1274.16  5.74523e-09  9.57056e-12
      1274.49  7.60128e-09  1.04515e-11
      1274.81  1.34386e-08  1.41509e-11
      1275.14  1.87996e-08  1.72077e-11
      1275.46  1.72738e-08  1.66170e-11
      1275.79  1.14928e-08  1.36943e-11
      1276.11  7.45363e-09  1.08379e-11
      1276.44  9.46708e-09  1.14862e-11
      1276.76  1.58198e-08  1.48241e-11
      1277.09  1.69587e-08  1.49031e-11
      1277.42  1.71385e-08  1.57709e-11
      1277.74  1.21991e-08  1.39124e-11
      1278.07  5.70155e-09  1.03249e-11
      1278.40  3.20913e-09  8.98428e-12
      1278.72  2.40261e-09  8.40996e-12
      1279.05  2.33338e-09  7.97759e-12
      1279.38  3.16814e-09  8.66659e-12
      1279.71  4.83214e-09  9.65621e-12
      1280.03  6.51657e-09  1.11857e-11
      1280.36  6.05203e-09  1.08313e-11
      1280.69  6.25981e-09  1.13499e-11
      1281.02  8.27646e-09  1.32736e-11
      1281.34  1.21347e-08  1.58963e-11
      1281.67  1.49680e-08  1.76019e-11
      1282.00  1.20260e-08  1.49856e-11
      1282.33  1.19016e-08  1.38103e-11
      1282.66  1.82048e-08  1.65247e-11
      1282.99  2.33788e-08  1.82559e-11
      1283.32  2.35307e-08  1.84985e-11
      1283.65  1.69549e-08  1.59959e-11
      1283.98  8.97963e-09  1.21338e-11
      1284.31  5.00777e-09  9.77982e-12
      1284.64  3.64458e-09  8.74082e-12
      1284.97  3.54499e-09  8.37796e-12
      1285.30  4.23704e-09  8.69719e-12
      1285.63  3.68509e-09  7.98595e-12
      1285.96  3.27746e-09  7.55318e-12
      1286.29  5.02517e-09  9.29779e-12
      1286.62  7.30699e-09  1.16191e-11
      1286.95  6.87664e-09  1.16683e-11
      1287.28  8.30083e-09  1.28127e-11
      1287.61  1.50566e-08  1.75769e-11
      1287.95  1.82602e-08  1.85976e-11
      1288.28  1.81594e-08  1.79016e-11
      1288.61  1.80299e-08  1.73118e-11
      1288.94  1.81947e-08  1.78073e-11
      1289.27  1.28796e-08  1.49432e-11
      1289.61  9.37302e-09  1.35099e-11
      1289.94  7.59809e-09  1.27314e-11
      1290.27  5.00345e-09  1.04987e-11
      1290.61  4.28966e-09  1.00149e-11
      1290.94  3.21578e-09  8.48150e-12
      1291.27  2.28957e-09  7.04363e-12
      1291.61  2.63462e-09  7.03716e-12
      1291.94  4.44150e-09  8.48009e-12
      1292.27  7.75831e-09  1.06580e-11
      1292.61  1.15710e-08  1.37640e-11
      1292.94  8.45042e-09  1.17701e-11
      1293.28  6.34370e-09  1.04895e-11
      1293.61  8.41854e-09  1.20965e-11
      1293.95  1.07781e-08  1.28462e-11
      1294.28  1.61782e-08  1.56832e-11
      1294.62  1.83484e-08  1.66117e-11
      1294.95  1.55195e-08  1.53525e-11
      1295.29  1.48944e-08  1.61170e-11
      1295.62  1.28284e-08  1.56746e-11
      1295.96  9.40536e-09  1.39361e-11
      1296.29  8.05687e-09  1.32873e-11
      1296.63  8.36025e-09  1.31815e-11
      1296.97  1.03455e-08  1.36483e-11
      1297.30  1.59270e-08  1.60812e-11
      1297.64  2.13884e-08  1.85028e-11
      1297.98  1.85543e-08  1.71644e-11
      1298.31  1.18606e-08  1.39607e-11
      1298.65  6.66377e-09  1.08583e-11
      1298.99  4.95445e-09  9.57409e-12
      1299.33  8.37994e-09  1.17562e-11
      1299.66  1.50943e-08  1.51362e-11
      1300.00  1.73639e-08  1.54156e-11
      1300.34  1.51612e-08  1.41015e-11
      1300.68  1.06241e-08  1.17405e-11
      1301.02  1.05341e-08  1.18611e-11
      1301.35  1.81244e-08  1.65905e-11
      1301.69  2.21599e-08  1.89943e-11
      1302.03  2.14432e-08  1.92440e-11
      1302.37  1.89653e-08  1.78054e-11
      1302.71  2.15698e-08  1.90724e-11
      1303.05  2.39035e-08  1.95236e-11
      1303.39  2.70420e-08  2.05936e-11
      1303.73  2.95305e-08  2.18444e-11
      1304.07  2.73149e-08  2.11945e-11
      1304.41  2.76849e-08  2.17451e-11
      1304.75  2.95409e-08  2.28685e-11
      1305.09  3.05816e-08  2.25672e-11
      1305.43  3.58405e-08  2.34978e-11
      1305.77  4.25030e-08  2.42748e-11
      1306.11  4.29732e-08  2.36716e-11
      1306.46  2.91928e-08  1.90375e-11
      1306.80  1.41438e-08  1.33314e-11
      1307.14  7.37909e-09  1.03957e-11
      1307.48  4.97646e-09  9.27410e-12
      1307.82  3.90935e-09  8.78759e-12
      1308.16  3.88806e-09  8.73842e-12
      1308.51  4.67044e-09  9.53771e-12
      1308.85  3.81096e-09  8.53404e-12
      1309.19  2.69855e-09  7.34463e-12
      1309.53  2.42840e-09  7.38784e-12
      1309.88  2.38182e-09  7.66649e-12
      1310.22  2.58449e-09  8.22662e-12
      1310.56  3.41051e-09  9.11236e-12
      1310.91  6.33296e-09  1.14401e-11
      1311.25  1.16067e-08  1.49019e-11
      1311.60  1.19514e-08  1.43933e-11
      1311.94  7.22608e-09  1.06856e-11
      1312.28  3.71169e-09  7.85377e-12
      1312.63  2.41147e-09  6.92403e-12
      1312.97  2.02474e-09  6.62979e-12
      1313.32  2.77044e-09  7.58937e-12
      1313.66  4.56814e-09  9.42461e-12
      1314.01  3.97951e-09  8.83832e-12
      1314.35  2.20116e-09  6.97365e-12
      1314.70  1.59695e-09  6.19955e-12
      1315.05  1.56615e-09  6.22799e-12
      1315.39  1.80962e-09  6.62038e-12
      1315.74  2.35763e-09  7.53137e-12
      1316.08  3.69482e-09  9.23540e-12
      1316.43  7.56916e-09  1.25738e-11
      1316.78  1.35242e-08  1.70362e-11
      1317.12  1.09878e-08  1.47327e-11
      1317.47  4.98335e-09  9.64407e-12
      1317.82  2.84635e-09  7.53450e-12
      1318.17  2.84685e-09  7.27503e-12
      1318.51  4.99208e-09  9.44207e-12
      1318.86  6.38474e-09  1.07718e-11
      1319.21  4.18561e-09  8.92868e-12
      1319.56  2.31837e-09  7.25258e-12
      1319.91  2.36747e-09  7.41664e-12
      1320.25  2.38670e-09  7.23384e-12
      1320.60  2.36999e-09  6.85154e-12
      1320.95  2.94232e-09  7.42043e-12
      1321.30  4.30322e-09  8.67649e-12
      1321.65  8.85341e-09  1.26100e-11
      1322.00  1.62165e-08  1.79497e-11
      1322.35  1.43664e-08  1.72112e-11
      1322.70  7.48287e-09  1.25798e-11
      1323.05  4.54668e-09  9.91071e-12
      1323.40  4.90194e-09  9.82215e-12
      1323.75  5.87513e-09  1.02460e-11
      1324.10  6.11264e-09  1.03331e-11
      1324.45  4.56379e-09  9.12319e-12
      1324.80  3.11811e-09  8.02707e-12
      