227
      1249.95  1.08895e-08  1.10241e-11
      1250.27  5.25988e-09  7.68947e-12
      1250.58  1.67571e-09  5.12510e-12
      1250.89  1.15312e-09  4.64212e-12
      1251.20  1.54178e-09  4.92193e-12
      1251.52  2.44950e-09  5.49694e-12
      1251.83  4.34551e-09  6.91359e-12
      1252.14  5.71660e-09  7.93112e-12
      1252.46  5.50478e-09  8.01543e-12
      1252.77  5.06370e-09  7.62663e-12
      1253.09  8.33141e-09  9.26340e-12
      1253.40  1.60433e-08  1.24278e-11
      1253.71  2.02484e-08  1.39277e-11
      1254.03  1.25494e-08  1.06558e-11
      1254.34  5.94481e-09  7.62891e-12
      1254.66  7.24256e-09  8.65367e-12
      1254.97  1.17781e-08  1.17553e-11
      1255.29  7.98165e-09  9.75035e-12
      1255.60  3.48775e-09  6.90328e-12
      1255.92  3.90573e-09  7.40377e-12
      1256.23  6.75402e-09  8.89339e-12
      1256.55  1.09686e-08  1.12171e-11
      1256.87  8.05764e-09  9.30961e-12
      1257.18  3.59458e-09  6.60025e-12
      1257.50  2.55889e-09  6.09097e-12
      1257.81  2.90422e-09  6.64964e-12
      1258.13  3.67037e-09  7.37146e-12
      1258.45  3.68029e-09  7.22668e-12
      1258.76  3.87393e-09  7.12951e-12
      1259.08  6.89747e-09  8.47221e-12
      1259.40  1.42242e-08  1.15409e-11
      1259.72  1.94868e-08  1.31052e-11
      1260.03  1.48153e-08  1.09889e-11
      1260.35  1.06687e-08  9.13518e-12
      1260.67  1.36721e-08  1.08523e-11
      1260.99  1.27718e-08  1.04183e-11
      1261.30  1.00334e-08  8.96873e-12
      1261.62  1.25398e-08  1.00899e-11
      1261.94  1.32449e-08  9.81265e-12
      1262.26  1.33848e-08  1.01103e-11
      1262.58  9.82904e-09  8.19666e-12
      1262.90  1.03381e-08  7.98257e-12
      1263.22  1.58663e-08  1.03408e-11
      1263.54  1.35005e-08  9.58827e-12
      1263.86  8.43328e-09  7.82851e-12
      1264.17  6.52500e-09  7.34336e-12
      1264.49  4.79476e-09  6.40044e-12
      1264.81  5.13900e-09  6.40208e-12
      1265.13  1.02697e-08  8.67506e-12
      1265.45  1.60638e-08  1.09035e-11
      1265.77  1.45322e-08  1.04360e-11
      1266.10  7.92752e-09  7.81562e-12
      1266.42  4.00070e-09  6.06021e-12
      1266.74  3.35826e-09  5.99046e-12
      1267.06  4.55232e-09  6.77381e-12
      1267.38  9.64594e-09  9.25404e-12
      1267.70  1.82196e-08  1.28603e-11
      1268.02  1.94195e-08  1.24760e-11
      1268.34  1.91181e-08  1.22755e-11
      1268.67  1.72805e-08  1.13042e-11
      1268.99  1.69639e-08  1.15183e-11
      1269.31  1.33321e-08  1.02908e-11
      1269.63  8.64724e-09  8.45153e-12
      1269.95  7.10479e-09  7.78930e-12
      1270.28  8.68497e-09  8.16964e-12
      1270.60  1.43032e-08  1.02382e-11
      1270.92  1.74265e-08  1.06547e-11
      1271.25  1.89346e-08  1.07187e-11
      1271.57  1.85499e-08  1.06904e-11
      1271.89  1.13687e-08  8.32190e-12
      1272.22  5.03207e-09  5.86922e-12
      1272.54  3.01216e-09  5.04951e-12
      1272.86  2.43375e-09  4.78187e-12
      1273.19  2.28153e-09  4.62915e-12
      1273.51  2.78137e-09  4.82768e-12
      1273.84  4.36822e-09  5.71324e-12
      1274.16  5.84010e-09  6.35174e-12
      1274.49  7.65392e-09  6.96205e-12
      1274.81  1.36460e-08  9.58840e-12
      1275.14  1.90304e-08  1.17802e-11
      1275.46  1.72502e-08  1.15688e-11
      1275.79  1.13958e-08  9.66982e-12
      1276.11  7.46456e-09  7.90667e-12
      1276.44  9.61256e-09  8.82661e-12
      1276.76  1.61716e-08  1.15327e-11
      1277.09  1.70722e-08  1.11110e-11
      1277.42  1.70815e-08  1.12825e-11
      1277.74  1.20866e-08  9.53418e-12
      1278.07  5.62415e-09  6.74070e-12
      1278.40  3.25180e-09  5.67681e-12
      1278.72  2.48921e-09  5.28385e-12
      1279.05  2.44628e-09  5.10413e-12
      1279.38  3.26667e-09  5.30472e-12
      1279.71  4.92294e-09  5.98934e-12
      1280.03  6.55119e-09  6.68639e-12
      1280.36  6.03806e-09  6.27789e-12
      1280.69  6.32540e-09  6.56343e-12
      1281.02  8.33148e-09  7.54249e-12
      1281.34  1.22946e-08  9.27030e-12
      1281.67  1.50745e-08  1.09564e-11
      1282.00  1.16338e-08  9.33535e-12
      1282.33  1.19622e-08  8.97544e-12
      1282.66  1.85020e-08  1.11217e-11
      1282.99  2.36007e-08  1.24882e-11
      1283.32  2.36547e-08  1.27137e-11
      1283.65  1.67463e-08  1.08357e-11
      1283.98  8.82488e-09  8.22723e-12
      1284.31  5.02379e-09  6.74359e-12
      1284.64  3.74027e-09  6.11949e-12
      1284.97  3.67220e-09  6.04853e-12
      1285.30  4.29982e-09  6.38840e-12
      1285.63  3.74060e-09  5.77758e-12
      1285.96  3.41879e-09  5.29287e-12
      1286.29  5.16732e-09  6.32936e-12
      1286.62  7.24437e-09  7.54692e-12
      1286.95  6.89509e-09  7.31770e-12
      1287.28  8.58010e-09  7.96613e-12
      1287.61  1.49185e-08  1.05923e-11
      1287.95  1.80400e-08  1.12590e-11
      1288.28  1.80116e-08  1.07818e-11
      1288.61  1.80192e-08  1.04679e-11
      1288.94  1.78325e-08  1.05192e-11
      1289.27  1.28814e-08  8.91451e-12
      1289.61  9.44739e-09  8.00737e-12
      1289.94  7.55102e-09  7.55112e-12
      1290.27  5.13322e-09  6.72283e-12
      1290.61  4.36786e-09  6.39246e-12
      1290.94  3.32791e-09  5.53940e-12
      1291.27  2.44386e-09  4.80070e-12
      1291.61  2.81324e-09  4.97055e-12
      1291.94  4.62366e-09  6.00976e-12
      1292.27  7.89435e-09  7.53672e-12
      1292.61  1.15031e-08  9.51487e-12
      1292.94  8.48505e-09  8.11739e-12
      1293.28  6.30872e-09  7.10011e-12
      1293.61  8.42233e-09  8.25936e-12
      1293.95  1.07789e-08  8.76270e-12
      1294.28  1.60159e-08  1.03518e-11
      1294.62  1.82547e-08  1.08014e-11
      1294.95  1.53852e-08  9.62734e-12
      1295.29  1.46880e-08  9.81961e-12
      1295.62  1.27304e-08  9.34038e-12
      1295.96  9.31127e-09  8.16902e-12
      1296.29  8.06633e-09  7.86240e-12
      1296.63  8.46644e-09  8.03742e-12
      1296.97  1.04819e-08  8.54973e-12
      1297.30  1.61278e-08  1.03084e-11
      1297.64  2.17378e-08  1.20631e-11
      1297.98  1.86209e-08  1.10527e-11
      1298.31  1.17994e-08  9.03471e-12
      1298.65  6.60792e-09  7.03545e-12
      1298.99  4.93250e-09  6.26230e-12
      1299.33  8.41727e-09  7.92535e-12
      1299.66  1.53777e-08  1.07024e-11
      1300.00  1.72520e-08  1.07624e-11
      1300.34  1.50421e-08  9.85196e-12
      1300.68  1.01664e-08  7.86386e-12
      1301.02  1.02389e-08  7.84302e-12
      1301.35  1.84705e-08  1.12808e-11
      1301.69  2.19936e-08  1.22796e-11
      1302.03  2.14068e-08  1.23990e-11
      1302.37  1.85742e-08  1.10823e-11
      1302.71  2.19431e-08  1.22478e-11
      1303.05  2.38901e-08  1.22669e-11
      1303.39  2.75196e-08  1.30802e-11
      1303.73  2.98391e-08  1.37601e-11
      1304.07  2.75617e-08  1.32524e-11
      1304.41  2.80730e-08  1.37480e-11
      1304.75  2.98027e-08  1.44693e-11
      1305.09  3.09495e-08  1.46208e-11
      1305.43  3.62015e-08  1.56775e-11
      1305.77  4.25394e-08  1.65787e-11
      1306.11  4.22533e-08  1.62101e-11
      1306.46  2.86847e-08  1.29852e-11
      1306.80  1.40503e-08  9.10003e-12
      1307.14  7.34603e-09  7.05217e-12
      1307.48  4.97519e-09  6.22810e-12
      1307.82  3.95087e-09  5.87084e-12
      1308.16  3.96728e-09  5.86617e-12
      1308.51  4.65329e-09  6.32794e-12
      1308.85  3.86629e-09  5.59564e-12
      1309.19  2.79206e-09  4.77084e-12
      1309.53  2.53597e-09  4.71023e-12
      1309.88  2.51380e-09  4.85306e-12
      1310.22  2.73889e-09  5.10937e-12
      1310.56  3.59232e-09  5.65063e-12
      1310.91  6.58495e-09  7.20666e-12
      1311.25  1.18067e-08  9.49742e-12
      1311.60  1.19389e-08  9.21626e-12
      1311.94  7.15267e-09  6.97466e-12
      1312.28  3.70628e-09  5.13447e-12
      1312.63  2.45466e-09  4.48003e-12
      1312.97  2.08178e-09  4.33891e-12
      1313.32  2.83390e-09  4.97506e-12
      1313.66  4.65068e-09  6.39251e-12
      1314.01  3.93227e-09  5.89354e-12
      1314.35  2.22921e-09  4.65260e-12
      1314.70  1.67929e-09  4.17577e-12
      1315.05  1.68030e-09  4.16252e-12
      1315.39  1.93215e-09  4.34629e-12
      1315.74  2.50186e-09  4.89062e-12
      1316.08  3.87204e-09  5.75842e-12
      1316.43  7.91506e-09  7.89170e-12
      1316.78  1.37670e-08  1.06972e-11
      1317.12  1.08843e-08  9.12215e-12
      1317.47  5.00956e-09  6.02089e-12
      1317.82  2.91277e-09  4.75940e-12
      1318.17  2.95276e-09  4.61983e-12
      1318.51  5.01180e-09  5.90951e-12
      1318.86  6.28817e-09  6.77942e-12
      1319.21  4.17588e-09  5.83758e-12
      1319.56  2.35176e-09  4.90120e-12
      1319.91  2.42695e-09  5.34209e-12
      1320.25  2.46335e-09  5.02687e-12
      1320.60  2.46546e-09  4.80278e-12
      1320.95  3.04433e-09  5.17447e-12
      1321.30  4.43914e-09  5.98611e-12
      1321.65  9.03391e-09  8.16146e-12
      1322.00  1.67090e-08  1.17234e-11
      1322.35  1.45152e-08  1.08233e-11
      1322.70  7.36253e-09  7.57577e-12
      1323.05  4.57151e-09  6.03444e-12
      1323.40  4.98212e-09  6.04173e-12
      1323.75  5.89707e-09  6.21445e-12
      1324.10  6.07840e-09  6.30398e-12
      1324.45  4.48727e-09  5.50865e-12
      1324.80  3.14091e-09  4.98078e-12
      