227
      1249.95  1.14518e-08  1.30117e-11
      1250.27  5.53617e-09  9.14547e-12
      1250.58  1.79766e-09  6.08512e-12
      1250.89  1.26963e-09  5.58547e-12
      1251.20  1.68567e-09  5.80245e-12
      1251.52  2.66985e-09  6.38720e-12
      1251.83  4.65951e-09  7.86630e-12
      1252.14  6.10510e-09  8.83713e-12
      1252.46  5.87138e-09  8.75877e-12
      1252.77  5.43737e-09  8.29373e-12
      1253.09  8.93823e-09  1.00465e-11
      1253.40  1.69293e-08  1.31410e-11
      1253.71  2.10667e-08  1.42156e-11
      1254.03  1.31333e-08  1.05383e-11
      1254.34  6.35900e-09  7.38200e-12
      1254.66  7.71621e-09  8.04978e-12
      1254.97  1.22985e-08  1.06649e-11
      1255.29  8.26757e-09  8.57479e-12
      1255.60  3.67189e-09  6.15655e-12
      1255.92  4.10193e-09  6.62536e-12
      1256.23  7.02334e-09  7.94488e-12
      1256.55  1.15199e-08  1.01757e-11
      1256.87  8.30007e-09  8.30384e-12
      1257.18  3.71498e-09  5.84788e-12
      1257.50  2.67403e-09  5.44427e-12
      1257.81  2.94802e-09  6.08992e-12
      1258.13  3.87080e-09  7.23448e-12
      1258.45  3.87359e-09  6.88119e-12
      1258.76  4.08675e-09  6.94159e-12
      1259.08  7.27681e-09  8.65656e-12
      1259.40  1.49187e-08  1.20382e-11
      1259.72  2.02290e-08  1.38954e-11
      1260.03  1.53504e-08  1.17059e-11
      1260.35  1.12278e-08  9.93664e-12
      1260.67  1.43381e-08  1.19228e-11
      1260.99  1.32983e-08  1.15338e-11
      1261.30  1.05373e-08  1.01413e-11
      1261.62  1.32576e-08  1.18532e-11
      1261.94  1.38123e-08  1.14626e-11
      1262.26  1.42979e-08  1.19182e-11
      1262.58  1.04316e-08  9.46876e-12
      1262.90  1.08139e-08  9.17571e-12
      1263.22  1.68149e-08  1.18209e-11
      1263.54  1.41137e-08  1.05582e-11
      1263.86  8.86535e-09  8.38989e-12
      1264.17  6.91549e-09  7.75399e-12
      1264.49  5.06735e-09  6.58512e-12
      1264.81  5.42815e-09  6.46266e-12
      1265.13  1.08032e-08  8.59961e-12
      1265.45  1.67930e-08  1.04417e-11
      1265.77  1.50893e-08  9.66255e-12
      1266.10  8.24881e-09  7.08411e-12
      1266.42  4.21657e-09  5.41046e-12
      1266.74  3.54037e-09  5.33623e-12
      1267.06  4.77115e-09  6.11181e-12
      1267.38  1.00404e-08  8.67698e-12
      1267.70  1.89115e-08  1.22153e-11
      1268.02  1.99930e-08  1.18458e-11
      1268.34  1.98859e-08  1.20048e-11
      1268.67  1.78359e-08  1.10345e-11
      1268.99  1.78562e-08  1.17436e-11
      1269.31  1.38115e-08  1.03414e-11
      1269.63  9.01844e-09  8.75970e-12
      1269.95  7.45921e-09  8.35640e-12
      1270.28  9.10558e-09  9.09065e-12
      1270.60  1.51297e-08  1.18626e-11
      1270.92  1.82636e-08  1.24700e-11
      1271.25  1.98208e-08  1.25952e-11
      1271.57  1.93815e-08  1.24396e-11
      1271.89  1.18196e-08  9.46035e-12
      1272.22  5.28718e-09  6.54308e-12
      1272.54  3.19611e-09  5.49484e-12
      1272.86  2.60260e-09  5.25449e-12
      1273.19  2.44863e-09  5.04285e-12
      1273.51  2.98088e-09  5.17038e-12
      1273.84  4.63691e-09  5.94026e-12
      1274.16  6.15765e-09  6.38377e-12
      1274.49  8.08271e-09  6.79757e-12
      1274.81  1.42774e-08  9.06200e-12
      1275.14  1.97215e-08  1.08871e-11
      1275.46  1.78573e-08  1.04828e-11
      1275.79  1.17981e-08  8.74829e-12
      1276.11  7.68317e-09  7.28138e-12
      1276.44  9.93420e-09  8.23965e-12
      1276.76  1.69072e-08  1.11803e-11
      1277.09  1.75876e-08  1.07977e-11
      1277.42  1.78781e-08  1.13435e-11
      1277.74  1.25162e-08  9.42390e-12
      1278.07  5.85377e-09  6.75038e-12
      1278.40  3.44865e-09  5.82839e-12
      1278.72  2.66273e-09  5.46065e-12
      1279.05  2.62852e-09  5.63378e-12
      1279.38  3.49430e-09  6.07703e-12
      1279.71  5.24571e-09  6.97693e-12
      1280.03  6.93980e-09  7.71539e-12
      1280.36  6.39684e-09  7.03437e-12
      1280.69  6.69078e-09  7.21999e-12
      1281.02  8.76917e-09  8.04157e-12
      1281.34  1.28273e-08  9.84935e-12
      1281.67  1.57714e-08  1.28231e-11
      1282.00  1.13023e-08  9.93123e-12
      1282.33  1.25496e-08  9.02650e-12
      1282.66  1.91920e-08  1.08224e-11
      1282.99  2.44098e-08  1.18570e-11
      1283.32  2.44242e-08  1.18005e-11
      1283.65  1.72501e-08  9.99278e-12
      1283.98  9.12213e-09  7.54381e-12
      1284.31  5.24450e-09  6.29143e-12
      1284.64  3.92470e-09  5.86241e-12
      1284.97  3.86607e-09  5.94325e-12
      1285.30  4.57045e-09  6.64286e-12
      1285.63  3.94293e-09  5.96481e-12
      1285.96  3.61045e-09  5.61433e-12
      1286.29  5.47436e-09  6.83929e-12
      1286.62  7.67597e-09  8.18012e-12
      1286.95  7.27350e-09  7.87567e-12
      1287.28  9.06641e-09  8.73954e-12
      1287.61  1.54504e-08  1.22156e-11
      1287.95  1.86493e-08  1.13235e-11
      1288.28  1.87945e-08  1.25575e-11
      1288.61  1.87742e-08  1.13917e-11
      1288.94  1.84756e-08  1.09992e-11
      1289.27  1.33539e-08  8.98552e-12
      1289.61  9.83476e-09  7.90765e-12
      1289.94  7.84380e-09  7.24242e-12
      1290.27  5.37547e-09  6.13571e-12
      1290.61  4.55249e-09  5.93476e-12
      1290.94  3.46511e-09  5.28659e-12
      1291.27  2.57086e-09  4.66217e-12
      1291.61  2.97548e-09  4.82628e-12
      1291.94  4.86264e-09  5.93598e-12
      1292.27  8.30442e-09  7.58973e-12
      1292.61  1.20726e-08  9.82734e-12
      1292.94  8.74370e-09  8.28181e-12
      1293.28  6.68604e-09  7.56600e-12
      1293.61  8.93776e-09  9.06730e-12
      1293.95  1.13520e-08  9.64233e-12
      1294.28  1.69561e-08  1.17193e-11
      1294.62  1.91450e-08  1.20630e-11
      1294.95  1.61002e-08  1.04938e-11
      1295.29  1.53865e-08  1.04403e-11
      1295.62  1.32981e-08  9.64383e-12
      1295.96  9.75268e-09  8.23992e-12
      1296.29  8.45083e-09  7.75812e-12
      1296.63  8.82119e-09  7.72971e-12
      1296.97  1.09271e-08  8.19306e-12
      1297.30  1.66708e-08  9.80344e-12
      1297.64  2.21604e-08  1.14085e-11
      1297.98  1.90985e-08  1.05657e-11
      1298.31  1.21767e-08  8.69013e-12
      1298.65  6.92766e-09  6.96042e-12
      1298.99  5.29066e-09  6.43431e-12
      1299.33  8.99368e-09  8.50750e-12
      1299.66  1.59410e-08  1.15373e-11
      1300.00  1.80607e-08  1.20352e-11
      1300.34  1.58859e-08  1.19811e-11
      1300.68  1.05627e-08  9.55047e-12
      1301.02  1.10747e-08  8.86087e-12
      1301.35  1.91795e-08  1.20665e-11
      1301.69  2.29533e-08  1.29537e-11
      1302.03  2.22329e-08  1.27814e-11
      1302.37  1.94678e-08  1.13757e-11
      1302.71  2.26672e-08  1.21617e-11
      1303.05  2.46668e-08  1.19133e-11
      1303.39  2.82932e-08  1.24912e-11
      1303.73  3.06057e-08  1.29394e-11
      1304.07  2.81815e-08  1.24615e-11
      1304.41  2.87475e-08  1.31063e-11
      1304.75  3.06335e-08  1.41407e-11
      1305.09  3.17789e-08  1.46552e-11
      1305.43  3.73850e-08  1.63969e-11
      1305.77  4.40720e-08  1.77676e-11
      1306.11  4.40586e-08  1.77960e-11
      1306.46  2.97671e-08  1.43798e-11
      1306.80  1.44822e-08  9.99128e-12
      1307.14  7.68498e-09  7.63945e-12
      1307.48  5.26691e-09  6.64868e-12
      1307.82  4.18058e-09  6.12528e-12
      1308.16  4.18352e-09  5.98980e-12
      1308.51  4.94324e-09  6.35086e-12
      1308.85  4.06890e-09  5.52583e-12
      1309.19  2.91891e-09  4.62546e-12
      1309.53  2.65553e-09  4.44337e-12
      1309.88  2.61902e-09  4.42778e-12
      1310.22  2.83777e-09  4.67195e-12
      1310.56  3.73301e-09  5.36517e-12
      1310.91  6.83467e-09  7.11139e-12
      1311.25  1.22357e-08  9.72938e-12
      1311.60  1.23556e-08  9.76838e-12
      1311.94  7.45170e-09  7.59501e-12
      1312.28  3.93244e-09  5.67501e-12
      1312.63  2.63300e-09  5.00762e-12
      1312.97  2.25179e-09  4.79335e-12
      1313.32  3.06497e-09  5.46246e-12
      1313.66  4.91184e-09  6.90554e-12
      1314.01  4.16056e-09  6.27883e-12
      1314.35  2.40639e-09  4.73497e-12
      1314.70  1.81226e-09  4.14322e-12
      1315.05  1.79304e-09  3.95047e-12
      1315.39  2.04728e-09  4.06617e-12
      1315.74  2.63668e-09  4.46844e-12
      1316.08  4.05318e-09  5.34339e-12
      1316.43  8.24098e-09  7.54269e-12
      1316.78  1.40472e-08  1.03701e-11
      1317.12  1.10655e-08  9.11794e-12
      1317.47  5.24900e-09  6.47378e-12
      1317.82  3.08346e-09  5.26734e-12
      1318.17  3.14250e-09  5.22548e-12
      1318.51  5.35204e-09  6.70939e-12
      1318.86  6.68671e-09  7.66726e-12
      1319.21  4.52669e-09  6.59290e-12
      1319.56  2.77201e-09  7.25904e-12
      1319.91  2.56470e-09  5.86941e-12
      1320.25  2.58138e-09  5.59624e-12
      1320.60  2.60881e-09  4.60058e-12
      1320.95  3.20029e-09  4.87503e-12
      1321.30  4.62587e-09  5.40863e-12
      1321.65  9.26692e-09  7.40414e-12
      1322.00  1.72427e-08  1.09453e-11
      1322.35  1.48908e-08  1.03362e-11
      1322.70  7.49587e-09  7.56674e-12
      1323.05  4.73101e-09  6.42246e-12
      1323.40  5.23544e-09  6.74513e-12
      1323.75  6.24126e-09  7.24245e-12
      1324.10  6.46899e-09  7.36765e-12
      1324.45  4.76779e-09  6.28403e-12
      1324.80  3.34379e-09  5.51475e-12
      