227
      1249.95  1.13829e-08  1.21449e-11
      1250.27  5.52137e-09  8.47428e-12
      1250.58  1.78693e-09  5.65279e-12
      1250.89  1.24548e-09  5.13849e-12
      1251.20  1.66082e-09  5.28350e-12
      1251.52  2.63568e-09  5.76499e-12
      1251.83  4.61054e-09  7.11642e-12
      1252.14  6.04725e-09  8.03210e-12
      1252.46  5.82991e-09  8.05674e-12
      1252.77  5.39810e-09  7.63754e-12
      1253.09  8.85383e-09  9.19594e-12
      1253.40  1.68308e-08  1.21710e-11
      1253.71  2.10402e-08  1.33986e-11
      1254.03  1.31052e-08  1.01342e-11
      1254.34  6.31406e-09  7.21751e-12
      1254.66  7.66236e-09  8.07492e-12
      1254.97  1.22791e-08  1.08890e-11
      1255.29  8.27839e-09  8.94661e-12
      1255.60  3.66559e-09  6.51525e-12
      1255.92  4.09938e-09  6.97722e-12
      1256.23  7.03446e-09  8.51465e-12
      1256.55  1.13901e-08  1.08495e-11
      1256.87  8.30895e-09  8.99645e-12
      1257.18  3.72835e-09  6.38394e-12
      1257.50  2.66743e-09  5.90058e-12
      1257.81  3.01477e-09  6.65537e-12
      1258.13  3.87747e-09  7.59139e-12
      1258.45  3.84886e-09  7.25339e-12
      1258.76  4.05295e-09  7.25853e-12
      1259.08  7.22505e-09  8.91877e-12
      1259.40  1.48002e-08  1.21607e-11
      1259.72  2.00940e-08  1.39859e-11
      1260.03  1.52936e-08  1.17759e-11
      1260.35  1.11606e-08  9.79088e-12
      1260.67  1.42597e-08  1.16708e-11
      1260.99  1.32647e-08  1.12004e-11
      1261.30  1.04821e-08  9.68147e-12
      1261.62  1.31568e-08  1.11423e-11
      1261.94  1.37995e-08  1.07820e-11
      1262.26  1.39802e-08  1.09489e-11
      1262.58  9.98128e-09  8.61405e-12
      1262.90  1.08169e-08  8.50746e-12
      1263.22  1.66051e-08  1.07728e-11
      1263.54  1.40645e-08  9.77209e-12
      1263.86  8.84201e-09  7.84498e-12
      1264.17  6.86626e-09  7.26213e-12
      1264.49  5.05281e-09  6.23559e-12
      1264.81  5.42481e-09  6.19406e-12
      1265.13  1.07647e-08  8.37660e-12
      1265.45  1.67163e-08  1.03951e-11
      1265.77  1.50540e-08  9.82108e-12
      1266.10  8.24987e-09  7.33846e-12
      1266.42  4.20739e-09  5.71867e-12
      1266.74  3.52400e-09  5.66036e-12
      1267.06  4.76002e-09  6.54357e-12
      1267.38  1.00421e-08  9.05971e-12
      1267.70  1.87679e-08  1.27846e-11
      1268.02  1.99602e-08  1.25134e-11
      1268.34  1.97713e-08  1.25773e-11
      1268.67  1.78049e-08  1.15564e-11
      1268.99  1.76572e-08  1.19244e-11
      1269.31  1.37947e-08  1.05837e-11
      1269.63  8.99912e-09  8.77122e-12
      1269.95  7.42614e-09  8.25687e-12
      1270.28  9.08766e-09  8.79542e-12
      1270.60  1.49680e-08  1.12182e-11
      1270.92  1.81544e-08  1.16953e-11
      1271.25  1.97301e-08  1.17198e-11
      1271.57  1.92868e-08  1.15271e-11
      1271.89  1.18206e-08  8.80967e-12
      1272.22  5.28637e-09  6.10011e-12
      1272.54  3.18643e-09  5.17844e-12
      1272.86  2.58142e-09  4.84673e-12
      1273.19  2.42488e-09  4.70114e-12
      1273.51  2.95036e-09  4.84974e-12
      1273.84  4.60158e-09  5.64579e-12
      1274.16  6.12012e-09  6.18578e-12
      1274.49  8.01986e-09  6.74152e-12
      1274.81  1.42157e-08  9.21578e-12
      1275.14  1.97064e-08  1.12817e-11
      1275.46  1.78283e-08  1.10280e-11
      1275.79  1.17716e-08  9.26124e-12
      1276.11  7.70092e-09  7.79509e-12
      1276.44  9.88429e-09  8.83666e-12
      1276.76  1.68262e-08  1.19289e-11
      1277.09  1.75955e-08  1.13575e-11
      1277.42  1.77258e-08  1.16905e-11
      1277.74  1.25070e-08  9.80854e-12
      1278.07  5.85345e-09  6.96977e-12
      1278.40  3.42223e-09  5.89697e-12
      1278.72  2.63915e-09  5.48656e-12
      1279.05  2.60053e-09  5.42664e-12
      1279.38  3.46611e-09  5.80601e-12
      1279.71  5.20131e-09  6.51742e-12
      1280.03  6.88584e-09  7.17737e-12
      1280.36  6.35566e-09  6.57028e-12
      1280.69  6.65467e-09  6.74242e-12
      1281.02  8.71484e-09  7.55255e-12
      1281.34  1.27638e-08  9.27375e-12
      1281.67  1.56840e-08  1.15896e-11
      1282.00  1.15745e-08  9.52332e-12
      1282.33  1.24644e-08  8.81655e-12
      1282.66  1.91493e-08  1.08260e-11
      1282.99  2.43593e-08  1.21091e-11
      1283.32  2.43909e-08  1.22686e-11
      1283.65  1.72259e-08  1.04755e-11
      1283.98  9.07467e-09  7.95235e-12
      1284.31  5.20154e-09  6.61898e-12
      1284.64  3.89897e-09  6.15535e-12
      1284.97  3.84352e-09  6.12611e-12
      1285.30  4.52209e-09  6.70948e-12
      1285.63  3.91805e-09  6.06967e-12
      1285.96  3.59672e-09  5.64085e-12
      1286.29  5.43992e-09  6.72580e-12
      1286.62  7.60835e-09  8.00126e-12
      1286.95  7.23879e-09  7.55199e-12
      1287.28  9.02042e-09  8.30214e-12
      1287.61  1.54881e-08  1.12270e-11
      1287.95  1.87168e-08  1.24524e-11
      1288.28  1.87413e-08  1.13815e-11
      1288.61  1.87160e-08  1.06109e-11
      1288.94  1.84230e-08  1.04344e-11
      1289.27  1.33212e-08  8.72742e-12
      1289.61  9.80907e-09  7.80079e-12
      1289.94  7.81614e-09  7.33125e-12
      1290.27  5.34731e-09  6.58259e-12
      1290.61  4.53474e-09  6.17708e-12
      1290.94  3.45502e-09  5.50580e-12
      1291.27  2.55633e-09  4.91082e-12
      1291.61  2.95064e-09  4.98878e-12
      1291.94  4.82643e-09  6.16318e-12
      1292.27  8.23286e-09  7.82565e-12
      1292.61  1.20218e-08  1.00299e-11
      1292.94  8.78314e-09  8.38135e-12
      1293.28  6.62391e-09  7.42780e-12
      1293.61  8.86118e-09  8.80423e-12
      1293.95  1.13173e-08  9.32518e-12
      1294.28  1.67907e-08  1.10107e-11
      1294.62  1.90579e-08  1.12881e-11
      1294.95  1.60824e-08  9.87014e-12
      1295.29  1.53068e-08  9.80041e-12
      1295.62  1.32548e-08  9.16760e-12
      1295.96  9.71464e-09  7.99114e-12
      1296.29  8.40240e-09  7.60273e-12
      1296.63  8.79392e-09  7.71974e-12
      1296.97  1.08804e-08  8.33102e-12
      1297.30  1.66149e-08  1.01423e-11
      1297.64  2.21776e-08  1.19276e-11
      1297.98  1.90911e-08  1.10492e-11
      1298.31  1.21593e-08  9.06832e-12
      1298.65  6.88479e-09  7.21000e-12
      1298.99  5.21077e-09  6.53136e-12
      1299.33  8.85324e-09  8.42368e-12
      1299.66  1.59173e-08  1.13497e-11
      1300.00  1.79652e-08  1.15225e-11
      1300.34  1.56998e-08  1.07119e-11
      1300.68  1.06805e-08  8.49780e-12
      1301.02  1.08583e-08  8.17997e-12
      1301.35  1.92114e-08  1.14030e-11
      1301.69  2.28886e-08  1.22201e-11
      1302.03  2.22034e-08  1.21659e-11
      1302.37  1.92671e-08  1.08428e-11
      1302.71  2.26630e-08  1.19575e-11
      1303.05  2.45878e-08  1.19323e-11
      1303.39  2.82554e-08  1.28101e-11
      1303.73  3.06077e-08  1.35584e-11
      1304.07  2.81458e-08  1.31847e-11
      1304.41  2.87059e-08  1.38739e-11
      1304.75  3.05567e-08  1.48297e-11
      1305.09  3.17523e-08  1.52312e-11
      1305.43  3.72683e-08  1.66796e-11
      1305.77  4.38865e-08  1.78080e-11
      1306.11  4.37405e-08  1.74685e-11
      1306.46  2.96828e-08  1.39748e-11
      1306.80  1.45709e-08  9.60254e-12
      1307.14  7.70650e-09  7.26324e-12
      1307.48  5.25317e-09  6.31100e-12
      1307.82  4.17019e-09  5.78267e-12
      1308.16  4.17351e-09  5.69888e-12
      1308.51  4.89795e-09  6.10514e-12
      1308.85  4.04468e-09  5.37063e-12
      1309.19  2.91412e-09  4.63369e-12
      1309.53  2.64482e-09  4.56245e-12
      1309.88  2.60815e-09  4.62657e-12
      1310.22  2.82781e-09  4.96076e-12
      1310.56  3.71094e-09  5.64740e-12
      1310.91  6.80300e-09  7.37500e-12
      1311.25  1.21693e-08  9.94848e-12
      1311.60  1.23130e-08  9.80686e-12
      1311.94  7.43412e-09  7.48014e-12
      1312.28  3.90408e-09  5.52747e-12
      1312.63  2.61036e-09  4.75817e-12
      1312.97  2.22715e-09  4.63576e-12
      1313.32  3.03137e-09  5.10644e-12
      1313.66  4.90676e-09  6.46481e-12
      1314.01  4.13910e-09  5.80219e-12
      1314.35  2.37724e-09  4.51139e-12
      1314.70  1.79216e-09  4.05629e-12
      1315.05  1.77634e-09  3.96404e-12
      1315.39  2.02952e-09  4.23965e-12
      1315.74  2.61578e-09  4.73424e-12
      1316.08  4.02021e-09  5.69528e-12
      1316.43  8.16903e-09  8.01044e-12
      1316.78  1.40902e-08  1.10006e-11
      1317.12  1.11064e-08  9.52078e-12
      1317.47  5.20175e-09  6.52800e-12
      1317.82  3.06086e-09  5.19145e-12
      1318.17  3.11721e-09  5.01716e-12
      1318.51  5.28791e-09  6.36632e-12
      1318.86  6.62883e-09  7.13833e-12
      1319.21  4.51922e-09  6.14342e-12
      1319.56  2.65225e-09  5.66188e-12
      1319.91  2.60863e-09  6.14552e-12
      1320.25  2.59168e-09  5.11432e-12
      1320.60  2.58957e-09  4.55459e-12
      1320.95  3.17757e-09  4.90556e-12
      1321.30  4.61040e-09  5.69718e-12
      1321.65  9.26339e-09  7.89529e-12
      1322.00  1.71561e-08  1.16355e-11
      1322.35  1.48584e-08  1.08684e-11
      1322.70  7.50309e-09  7.78945e-12
      1323.05  4.72444e-09  6.43085e-12
      1323.40  5.20326e-09  6.61688e-12
      1323.75  6.19715e-09  6.88579e-12
      1324.10  6.41590e-09  6.89809e-12
      1324.45  4.74825e-09  5.85198e-12
      1324.80  3.33116e-09  5.10539e-12
      