227
      1249.95  1.15846e-08  1.61513e-11
      1250.27  5.84866e-09  1.18401e-11
      1250.58  2.11501e-09  8.11485e-12
      1250.89  1.51330e-09  7.15071e-12
      1251.20  1.92274e-09  7.26207e-12
      1251.52  2.93060e-09  7.87521e-12
      1251.83  5.02598e-09  9.58887e-12
      1252.14  6.48786e-09  1.04940e-11
      1252.46  6.22770e-09  1.04928e-11
      1252.77  5.65231e-09  1.00985e-11
      1253.09  9.31056e-09  1.28004e-11
      1253.40  1.76560e-08  1.74047e-11
      1253.71  2.18692e-08  1.96491e-11
      1254.03  1.35425e-08  1.46875e-11
      1254.34  6.67423e-09  1.01282e-11
      1254.66  8.27143e-09  1.11997e-11
      1254.97  1.24029e-08  1.45028e-11
      1255.29  8.62005e-09  1.22807e-11
      1255.60  4.10122e-09  9.07388e-12
      1255.92  4.45356e-09  1.01420e-11
      1256.23  7.60354e-09  1.25767e-11
      1256.55  1.19567e-08  1.62873e-11
      1256.87  8.47196e-09  1.32108e-11
      1257.18  3.99600e-09  9.53895e-12
      1257.50  2.93401e-09  8.38852e-12
      1257.81  3.31727e-09  8.79010e-12
      1258.13  4.16903e-09  1.00152e-11
      1258.45  4.14720e-09  1.01490e-11
      1258.76  4.36483e-09  1.03061e-11
      1259.08  7.69794e-09  1.29930e-11
      1259.40  1.55531e-08  1.81509e-11
      1259.72  2.08643e-08  2.04489e-11
      1260.03  1.59417e-08  1.68965e-11
      1260.35  1.17984e-08  1.37848e-11
      1260.67  1.46858e-08  1.57995e-11
      1260.99  1.37494e-08  1.53219e-11
      1261.30  1.12167e-08  1.34366e-11
      1261.62  1.36813e-08  1.54019e-11
      1261.94  1.44172e-08  1.51257e-11
      1262.26  1.47911e-08  1.53130e-11
      1262.58  1.07691e-08  1.21048e-11
      1262.90  1.13559e-08  1.15963e-11
      1263.22  1.78236e-08  1.49830e-11
      1263.54  1.45221e-08  1.29075e-11
      1263.86  9.09076e-09  1.03256e-11
      1264.17  7.25268e-09  9.73769e-12
      1264.49  5.31617e-09  8.47678e-12
      1264.81  5.74154e-09  8.87761e-12
      1265.13  1.13499e-08  1.23791e-11
      1265.45  1.74514e-08  1.54024e-11
      1265.77  1.55935e-08  1.42267e-11
      1266.10  8.53901e-09  1.04383e-11
      1266.42  4.45352e-09  7.97224e-12
      1266.74  3.81652e-09  7.80802e-12
      1267.06  5.14585e-09  9.18019e-12
      1267.38  1.07042e-08  1.32784e-11
      1267.70  1.94250e-08  1.88414e-11
      1268.02  2.06844e-08  1.88561e-11
      1268.34  2.05089e-08  1.90114e-11
      1268.67  1.84173e-08  1.70335e-11
      1268.99  1.85057e-08  1.72748e-11
      1269.31  1.41998e-08  1.47464e-11
      1269.63  9.30113e-09  1.20336e-11
      1269.95  7.75800e-09  1.14875e-11
      1270.28  9.42783e-09  1.22976e-11
      1270.60  1.57674e-08  1.62430e-11
      1270.92  1.89166e-08  1.69647e-11
      1271.25  2.04664e-08  1.67886e-11
      1271.57  1.99993e-08  1.60865e-11
      1271.89  1.22018e-08  1.18884e-11
      1272.22  5.51454e-09  7.87727e-12
      1272.54  3.42138e-09  6.54305e-12
      1272.86  2.82219e-09  6.28133e-12
      1273.19  2.67853e-09  6.21837e-12
      1273.51  3.24565e-09  6.73299e-12
      1273.84  4.96001e-09  8.19587e-12
      1274.16  6.49620e-09  9.01670e-12
      1274.49  8.51698e-09  9.79632e-12
      1274.81  1.49550e-08  1.31349e-11
      1275.14  2.04974e-08  1.59591e-11
      1275.46  1.84259e-08  1.56652e-11
      1275.79  1.21258e-08  1.32459e-11
      1276.11  7.92343e-09  1.10615e-11
      1276.44  1.03604e-08  1.29582e-11
      1276.76  1.76338e-08  1.78687e-11
      1277.09  1.82542e-08  1.71432e-11
      1277.42  1.84275e-08  1.72199e-11
      1277.74  1.29004e-08  1.40900e-11
      1278.07  6.10053e-09  9.63457e-12
      1278.40  3.69284e-09  8.00506e-12
      1278.72  2.89724e-09  7.38606e-12
      1279.05  2.85601e-09  7.40640e-12
      1279.38  3.75111e-09  8.06139e-12
      1279.71  5.56250e-09  9.23581e-12
      1280.03  7.25979e-09  1.02016e-11
      1280.36  6.65088e-09  8.95590e-12
      1280.69  7.01716e-09  8.84156e-12
      1281.02  9.14840e-09  9.78855e-12
      1281.34  1.34103e-08  1.20205e-11
      1281.67  1.62785e-08  1.38915e-11
      1282.00  1.25851e-08  1.20833e-11
      1282.33  1.29429e-08  1.25708e-11
      1282.66  2.00585e-08  1.60971e-11
      1282.99  2.53386e-08  1.80315e-11
      1283.32  2.51917e-08  1.81261e-11
      1283.65  1.76828e-08  1.50506e-11
      1283.98  9.35896e-09  1.12370e-11
      1284.31  5.47989e-09  9.28901e-12
      1284.64  4.18754e-09  8.77605e-12
      1284.97  4.13517e-09  8.94031e-12
      1285.30  4.79712e-09  9.82660e-12
      1285.63  4.19154e-09  9.04782e-12
      1285.96  3.89154e-09  8.17561e-12
      1286.29  5.79154e-09  9.45124e-12
      1286.62  7.96172e-09  1.09063e-11
      1286.95  7.56636e-09  1.01190e-11
      1287.28  9.53937e-09  1.10133e-11
      1287.61  1.62856e-08  1.47307e-11
      1287.95  1.94272e-08  1.57796e-11
      1288.28  1.94423e-08  1.53446e-11
      1288.61  1.93968e-08  1.47554e-11
      1288.94  1.92606e-08  1.47387e-11
      1289.27  1.35943e-08  1.18090e-11
      1289.61  1.02361e-08  1.05627e-11
      1289.94  8.17861e-09  9.86818e-12
      1290.27  5.53199e-09  8.51337e-12
      1290.61  4.83010e-09  8.81475e-12
      1290.94  3.69390e-09  8.13570e-12
      1291.27  2.76578e-09  7.27529e-12
      1291.61  3.21103e-09  7.67177e-12
      1291.94  5.18550e-09  9.42566e-12
      1292.27  8.72198e-09  1.16911e-11
      1292.61  1.22611e-08  1.42055e-11
      1292.94  9.23919e-09  1.20648e-11
      1293.28  7.08134e-09  1.07523e-11
      1293.61  9.23942e-09  1.23270e-11
      1293.95  1.19840e-08  1.34411e-11
      1294.28  1.74721e-08  1.56872e-11
      1294.62  1.95747e-08  1.58667e-11
      1294.95  1.66970e-08  1.34895e-11
      1295.29  1.59395e-08  1.29530e-11
      1295.62  1.36569e-08  1.19737e-11
      1295.96  1.01146e-08  1.03434e-11
      1296.29  8.78168e-09  1.00726e-11
      1296.63  9.15309e-09  1.06886e-11
      1296.97  1.12850e-08  1.18874e-11
      1297.30  1.73600e-08  1.49405e-11
      1297.64  2.32697e-08  1.76545e-11
      1297.98  1.95928e-08  1.60815e-11
      1298.31  1.24902e-08  1.31418e-11
      1298.65  7.01493e-09  1.01799e-11
      1298.99  5.35940e-09  9.27065e-12
      1299.33  9.22967e-09  1.22060e-11
      1299.66  1.67436e-08  1.67588e-11
      1300.00  1.86958e-08  1.71360e-11
      1300.34  1.61455e-08  1.52727e-11
      1300.68  1.12906e-08  1.19850e-11
      1301.02  1.15846e-08  1.14272e-11
      1301.35  1.97046e-08  1.49747e-11
      1301.69  2.36649e-08  1.60895e-11
      1302.03  2.27004e-08  1.57495e-11
      1302.37  2.04406e-08  1.47536e-11
      1302.71  2.31826e-08  1.61160e-11
      1303.05  2.56765e-08  1.68239e-11
      1303.39  2.91376e-08  1.82301e-11
      1303.73  3.11974e-08  1.91639e-11
      1304.07  2.91942e-08  1.88461e-11
      1304.41  2.97363e-08  2.00606e-11
      1304.75  3.14114e-08  2.14676e-11
      1305.09  3.28437e-08  2.24857e-11
      1305.43  3.85847e-08  2.49825e-11
      1305.77  4.52990e-08  2.68002e-11
      1306.11  4.50861e-08  2.64198e-11
      1306.46  3.03707e-08  2.07529e-11
      1306.80  1.49525e-08  1.38156e-11
      1307.14  8.00294e-09  1.01434e-11
      1307.48  5.50666e-09  8.46297e-12
      1307.82  4.40841e-09  7.82838e-12
      1308.16  4.40528e-09  7.65788e-12
      1308.51  5.27728e-09  8.23281e-12
      1308.85  4.28302e-09  7.29261e-12
      1309.19  3.08440e-09  6.36704e-12
      1309.53  2.85312e-09  6.21312e-12
      1309.88  2.82548e-09  6.40251e-12
      1310.22  3.05166e-09  6.91439e-12
      1310.56  4.00199e-09  7.98238e-12
      1310.91  7.16232e-09  1.05913e-11
      1311.25  1.26363e-08  1.46662e-11
      1311.60  1.27894e-08  1.47555e-11
      1311.94  7.70910e-09  1.11652e-11
      1312.28  4.10383e-09  8.12163e-12
      1312.63  2.81690e-09  6.83689e-12
      1312.97  2.45133e-09  6.26275e-12
      1313.32  3.30355e-09  6.92418e-12
      1313.66  5.14087e-09  8.56445e-12
      1314.01  4.36827e-09  7.68444e-12
      1314.35  2.59819e-09  6.03061e-12
      1314.70  1.99228e-09  5.50835e-12
      1315.05  1.98385e-09  5.52259e-12
      1315.39  2.24240e-09  5.75284e-12
      1315.74  2.84275e-09  6.39179e-12
      1316.08  4.32632e-09  7.89715e-12
      1316.43  8.71473e-09  1.13798e-11
      1316.78  1.45170e-08  1.57215e-11
      1317.12  1.13132e-08  1.39029e-11
      1317.47  5.51502e-09  9.82375e-12
      1317.82  3.30267e-09  7.71575e-12
      1318.17  3.36587e-09  7.29798e-12
      1318.51  5.63648e-09  9.19349e-12
      1318.86  6.98140e-09  1.01139e-11
      1319.21  4.57283e-09  7.96152e-12
      1319.56  2.66968e-09  6.39327e-12
      1319.91  2.80569e-09  6.63701e-12
      1320.25  2.82277e-09  6.29964e-12
      1320.60  2.80709e-09  6.16089e-12
      1320.95  3.43094e-09  6.72918e-12
      1321.30  4.93242e-09  7.75995e-12
      1321.65  9.76345e-09  1.09802e-11
      1322.00  1.77344e-08  1.64130e-11
      1322.35  1.52965e-08  1.54945e-11
      1322.70  7.78623e-09  1.13089e-11
      1323.05  4.99725e-09  9.53593e-12
      1323.40  5.47785e-09  9.81212e-12
      1323.75  6.48950e-09  1.02764e-11
      1324.10  6.68578e-09  1.01272e-11
      1324.45  5.01647e-09  8.37777e-12
      1324.80  3.55176e-09  6.97303e-12
      