227
      1249.95  1.14677e-08  1.88831e-11
      1250.27  5.76064e-09  1.40523e-11
      1250.58  2.05941e-09  9.63957e-12
      1250.89  1.48670e-09  9.01429e-12
      1251.20  1.89962e-09  9.06878e-12
      1251.52  2.91798e-09  9.94205e-12
      1251.83  4.95193e-09  1.22731e-11
      1252.14  6.35252e-09  1.38543e-11
      1252.46  6.07800e-09  1.36264e-11
      1252.77  5.50427e-09  1.29332e-11
      1253.09  9.07592e-09  1.62255e-11
      1253.40  1.74711e-08  2.22245e-11
      1253.71  2.18718e-08  2.48651e-11
      1254.03  1.33545e-08  1.82536e-11
      1254.34  6.51182e-09  1.21379e-11
      1254.66  8.08062e-09  1.32578e-11
      1254.97  1.22585e-08  1.64776e-11
      1255.29  8.55744e-09  1.35814e-11
      1255.60  4.04221e-09  9.61377e-12
      1255.92  4.42146e-09  1.03198e-11
      1256.23  7.58839e-09  1.25863e-11
      1256.55  1.17853e-08  1.57441e-11
      1256.87  8.47270e-09  1.24749e-11
      1257.18  4.01838e-09  8.46171e-12
      1257.50  2.92343e-09  7.50619e-12
      1257.81  3.29740e-09  7.95640e-12
      1258.13  4.13942e-09  8.95334e-12
      1258.45  4.09919e-09  8.98273e-12
      1258.76  4.27829e-09  9.28399e-12
      1259.08  7.57155e-09  1.20013e-11
      1259.40  1.54877e-08  1.72387e-11
      1259.72  2.08890e-08  1.99955e-11
      1260.03  1.57406e-08  1.67359e-11
      1260.35  1.15878e-08  1.41238e-11
      1260.67  1.45734e-08  1.68535e-11
      1260.99  1.36212e-08  1.66121e-11
      1261.30  1.10923e-08  1.50335e-11
      1261.62  1.34496e-08  1.78062e-11
      1261.94  1.43165e-08  1.82356e-11
      1262.26  1.44857e-08  1.87900e-11
      1262.58  1.07338e-08  1.53143e-11
      1262.90  1.14033e-08  1.50429e-11
      1263.22  1.74253e-08  1.93744e-11
      1263.54  1.42332e-08  1.69271e-11
      1263.86  9.02824e-09  1.35534e-11
      1264.17  7.18382e-09  1.27513e-11
      1264.49  5.18264e-09  1.09108e-11
      1264.81  5.57125e-09  1.08454e-11
      1265.13  1.11743e-08  1.48933e-11
      1265.45  1.73560e-08  1.80229e-11
      1265.77  1.55202e-08  1.61111e-11
      1266.10  8.45856e-09  1.12827e-11
      1266.42  4.39462e-09  8.09475e-12
      1266.74  3.79345e-09  7.77364e-12
      1267.06  5.15754e-09  8.88175e-12
      1267.38  1.07129e-08  1.23902e-11
      1267.70  1.91679e-08  1.70254e-11
      1268.02  2.05817e-08  1.69437e-11
      1268.34  2.02713e-08  1.68940e-11
      1268.67  1.83590e-08  1.54655e-11
      1268.99  1.83228e-08  1.59712e-11
      1269.31  1.40600e-08  1.40023e-11
      1269.63  9.26174e-09  1.18285e-11
      1269.95  7.66142e-09  1.14820e-11
      1270.28  9.20831e-09  1.27936e-11
      1270.60  1.57793e-08  1.77504e-11
      1270.92  1.87175e-08  1.88955e-11
      1271.25  2.02513e-08  1.95199e-11
      1271.57  1.98701e-08  1.91999e-11
      1271.89  1.20070e-08  1.44823e-11
      1272.22  5.35802e-09  9.83266e-12
      1272.54  3.35792e-09  8.52021e-12
      1272.86  2.77742e-09  8.13690e-12
      1273.19  2.63294e-09  8.02886e-12
      1273.51  3.21262e-09  8.68323e-12
      1273.84  4.87980e-09  1.01738e-11
      1274.16  6.39321e-09  1.10473e-11
      1274.49  8.44471e-09  1.14727e-11
      1274.81  1.47436e-08  1.45423e-11
      1275.14  2.02186e-08  1.68767e-11
      1275.46  1.82503e-08  1.58470e-11
      1275.79  1.20728e-08  1.28336e-11
      1276.11  7.89954e-09  1.04069e-11
      1276.44  1.02359e-08  1.17768e-11
      1276.76  1.77185e-08  1.62628e-11
      1277.09  1.79673e-08  1.53082e-11
      1277.42  1.84256e-08  1.59244e-11
      1277.74  1.27199e-08  1.30360e-11
      1278.07  5.94211e-09  9.08469e-12
      1278.40  3.63521e-09  7.86308e-12
      1278.72  2.85026e-09  7.54843e-12
      1279.05  2.82600e-09  8.01127e-12
      1279.38  3.73257e-09  9.39137e-12
      1279.71  5.51996e-09  1.08872e-11
      1280.03  7.16784e-09  1.23277e-11
      1280.36  6.59749e-09  1.12288e-11
      1280.69  6.94134e-09  1.13911e-11
      1281.02  9.05814e-09  1.28077e-11
      1281.34  1.32279e-08  1.56785e-11
      1281.67  1.59535e-08  1.78933e-11
      1282.00  1.24602e-08  1.54161e-11
      1282.33  1.28588e-08  1.52437e-11
      1282.66  1.97698e-08  1.85860e-11
      1282.99  2.50595e-08  1.98958e-11
      1283.32  2.51161e-08  1.88640e-11
      1283.65  1.75697e-08  1.50213e-11
      1283.98  9.21621e-09  1.07641e-11
      1284.31  5.38784e-09  8.62005e-12
      1284.64  4.14001e-09  7.85277e-12
      1284.97  4.10943e-09  8.16151e-12
      1285.30  4.79329e-09  9.06691e-12
      1285.63  4.16092e-09  8.52382e-12
      1285.96  3.85410e-09  8.12520e-12
      1286.29  5.75173e-09  9.81060e-12
      1286.62  7.88925e-09  1.17209e-11
      1286.95  7.52331e-09  1.13864e-11
      1287.28  9.51153e-09  1.29707e-11
      1287.61  1.61138e-08  1.78840e-11
      1287.95  1.91954e-08  1.98577e-11
      1288.28  1.91603e-08  1.96855e-11
      1288.61  1.91465e-08  1.92186e-11
      1288.94  1.88661e-08  1.90135e-11
      1289.27  1.34390e-08  1.50089e-11
      1289.61  1.01108e-08  1.29653e-11
      1289.94  8.04860e-09  1.14486e-11
      1290.27  5.50225e-09  9.31434e-12
      1290.61  4.80835e-09  9.14537e-12
      1290.94  3.65042e-09  7.86945e-12
      1291.27  2.73378e-09  6.88179e-12
      1291.61  3.17416e-09  6.97677e-12
      1291.94  5.15273e-09  8.41791e-12
      1292.27  8.64528e-09  1.05031e-11
      1292.61  1.22892e-08  1.31557e-11
      1292.94  9.11334e-09  1.13058e-11
      1293.28  6.98366e-09  1.05987e-11
      1293.61  9.18730e-09  1.31554e-11
      1293.95  1.18604e-08  1.48724e-11
      1294.28  1.72713e-08  1.82664e-11
      1294.62  1.93394e-08  1.92842e-11
      1294.95  1.64781e-08  1.70293e-11
      1295.29  1.56659e-08  1.67316e-11
      1295.62  1.34607e-08  1.56995e-11
      1295.96  9.97605e-09  1.33682e-11
      1296.29  8.65644e-09  1.26787e-11
      1296.63  9.03078e-09  1.28138e-11
      1296.97  1.11823e-08  1.35165e-11
      1297.30  1.72385e-08  1.59890e-11
      1297.64  2.29459e-08  1.76967e-11
      1297.98  1.94252e-08  1.54040e-11
      1298.31  1.24522e-08  1.21561e-11
      1298.65  7.00616e-09  9.23237e-12
      1298.99  5.32694e-09  8.38554e-12
      1299.33  9.13898e-09  1.12848e-11
      1299.66  1.67558e-08  1.62975e-11
      1300.00  1.85171e-08  1.72096e-11
      1300.34  1.60402e-08  1.63172e-11
      1300.68  1.10107e-08  1.32845e-11
      1301.02  1.13379e-08  1.35015e-11
      1301.35  1.96751e-08  1.86807e-11
      1301.69  2.34306e-08  2.04259e-11
      1302.03  2.24581e-08  2.03225e-11
      1302.37  2.00860e-08  1.89576e-11
      1302.71  2.28097e-08  2.02534e-11
      1303.05  2.53688e-08  2.02680e-11
      1303.39  2.87060e-08  2.06376e-11
      1303.73  3.08807e-08  2.03137e-11
      1304.07  2.89759e-08  1.87256e-11
      1304.41  2.95412e-08  1.88399e-11
      1304.75  3.12449e-08  1.94388e-11
      1305.09  3.27145e-08  2.01733e-11
      1305.43  3.83168e-08  2.24922e-11
      1305.77  4.49998e-08  2.51645e-11
      1306.11  4.44821e-08  2.57266e-11
      1306.46  3.00073e-08  2.11270e-11
      1306.80  1.48731e-08  1.49616e-11
      1307.14  7.96345e-09  1.16760e-11
      1307.48  5.44767e-09  1.02095e-11
      1307.82  4.35322e-09  9.67899e-12
      1308.16  4.35020e-09  9.79268e-12
      1308.51  5.23041e-09  1.09056e-11
      1308.85  4.20605e-09  9.36838e-12
      1309.19  3.03302e-09  7.69346e-12
      1309.53  2.79919e-09  7.11670e-12
      1309.88  2.78698e-09  6.83148e-12
      1310.22  3.02824e-09  6.83106e-12
      1310.56  3.94210e-09  7.60214e-12
      1310.91  7.04998e-09  9.71601e-12
      1311.25  1.27070e-08  1.34984e-11
      1311.60  1.27692e-08  1.35558e-11
      1311.94  7.59128e-09  1.04390e-11
      1312.28  4.02017e-09  8.02202e-12
      1312.63  2.76617e-09  7.22215e-12
      1312.97  2.40822e-09  7.07523e-12
      1313.32  3.26253e-09  8.29672e-12
      1313.66  5.03876e-09  1.05238e-11
      1314.01  4.32328e-09  9.87992e-12
      1314.35  2.55656e-09  7.87021e-12
      1314.70  1.95679e-09  6.95991e-12
      1315.05  1.94376e-09  6.57063e-12
      1315.39  2.20170e-09  6.56493e-12
      1315.74  2.81151e-09  6.74588e-12
      1316.08  4.32695e-09  7.86415e-12
      1316.43  8.71206e-09  1.07336e-11
      1316.78  1.42425e-08  1.42246e-11
      1317.12  1.12034e-08  1.25769e-11
      1317.47  5.52252e-09  9.40368e-12
      1317.82  3.28479e-09  7.78586e-12
      1318.17  3.38677e-09  7.61336e-12
      1318.51  5.60157e-09  9.95217e-12
      1318.86  6.83345e-09  1.16111e-11
      1319.21  4.49275e-09  9.58250e-12
      1319.56  2.67985e-09  7.80404e-12
      1319.91  2.77395e-09  8.42358e-12
      1320.25  2.76786e-09  8.20396e-12
      1320.60  2.75807e-09  7.81681e-12
      1320.95  3.35893e-09  7.91637e-12
      1321.30  4.76623e-09  8.59262e-12
      1321.65  9.50577e-09  1.10711e-11
      1322.00  1.79972e-08  1.59002e-11
      1322.35  1.52341e-08  1.42074e-11
      1322.70  7.58241e-09  1.00630e-11
      1323.05  4.87759e-09  8.54050e-12
      1323.40  5.44522e-09  9.36187e-12
      1323.75  6.43667e-09  1.02904e-11
      1324.10  6.63539e-09  1.08219e-11
      1324.45  4.90646e-09  9.42689e-12
      1324.80  3.46961e-09  8.44963e-12
      