227
      1249.95  2.09512e-08  1.80593e-11
      1250.27  1.09167e-08  1.28285e-11
      1250.58  4.28678e-09  8.67696e-12
      1250.89  3.14757e-09  7.83226e-12
      1251.20  3.96378e-09  8.08845e-12
      1251.52  5.72390e-09  8.72107e-12
      1251.83  9.55869e-09  1.10872e-11
      1252.14  1.23449e-08  1.27042e-11
      1252.46  1.20618e-08  1.28988e-11
      1252.77  1.13488e-08  1.26491e-11
      1253.09  1.75269e-08  1.61757e-11
      1253.40  3.09582e-08  2.19693e-11
      1253.71  3.71148e-08  2.42348e-11
      1254.03  2.42510e-08  1.89035e-11
      1254.34  1.32854e-08  1.35583e-11
      1254.66  1.59067e-08  1.49391e-11
      1254.97  2.29504e-08  1.90464e-11
      1255.29  1.60757e-08  1.59154e-11
      1255.60  8.42137e-09  1.20473e-11
      1255.92  9.18430e-09  1.33557e-11
      1256.23  1.45098e-08  1.63389e-11
      1256.55  2.28135e-08  2.12792e-11
      1256.87  1.64692e-08  1.69896e-11
      1257.18  8.24974e-09  1.18471e-11
      1257.50  6.31547e-09  1.04917e-11
      1257.81  7.02205e-09  1.09808e-11
      1258.13  8.53122e-09  1.23028e-11
      1258.45  8.65488e-09  1.24344e-11
      1258.76  9.22320e-09  1.26423e-11
      1259.08  1.50809e-08  1.57017e-11
      1259.40  2.80203e-08  2.09877e-11
      1259.72  3.64424e-08  2.35112e-11
      1260.03  2.82234e-08  1.91883e-11
      1260.35  2.15622e-08  1.56312e-11
      1260.67  2.68002e-08  1.80124e-11
      1260.99  2.48651e-08  1.70921e-11
      1261.30  2.00288e-08  1.48547e-11
      1261.62  2.46202e-08  1.72464e-11
      1261.94  2.53331e-08  1.68503e-11
      1262.26  2.57315e-08  1.70656e-11
      1262.58  1.96918e-08  1.40171e-11
      1262.90  2.04436e-08  1.36887e-11
      1263.22  2.96269e-08  1.68195e-11
      1263.54  2.53866e-08  1.52983e-11
      1263.86  1.71456e-08  1.27847e-11
      1264.17  1.38546e-08  1.23114e-11
      1264.49  1.05987e-08  1.10680e-11
      1264.81  1.13636e-08  1.15962e-11
      1265.13  2.07834e-08  1.59803e-11
      1265.45  3.09036e-08  1.96844e-11
      1265.77  2.78418e-08  1.85219e-11
      1266.10  1.60678e-08  1.36883e-11
      1266.42  9.16124e-09  1.06018e-11
      1266.74  8.06095e-09  1.04063e-11
      1267.06  1.04987e-08  1.21612e-11
      1267.38  1.97664e-08  1.68555e-11
      1267.70  3.42573e-08  2.30956e-11
      1268.02  3.66452e-08  2.32429e-11
      1268.34  3.60478e-08  2.24748e-11
      1268.67  3.30968e-08  2.05099e-11
      1268.99  3.23463e-08  2.00487e-11
      1269.31  2.59536e-08  1.75136e-11
      1269.63  1.80029e-08  1.45658e-11
      1269.95  1.52208e-08  1.35821e-11
      1270.28  1.78697e-08  1.44137e-11
      1270.60  2.74629e-08  1.81858e-11
      1270.92  3.24175e-08  1.89648e-11
      1271.25  3.51718e-08  1.89226e-11
      1271.57  3.45438e-08  1.82028e-11
      1271.89  2.11788e-08  1.32836e-11
      1272.22  1.03286e-08  9.18373e-12
      1272.54  6.86262e-09  7.87969e-12
      1272.86  5.82115e-09  7.59275e-12
      1273.19  5.53492e-09  7.68493e-12
      1273.51  6.51891e-09  8.57983e-12
      1273.84  9.57244e-09  1.03785e-11
      1274.16  1.24432e-08  1.17548e-11
      1274.49  1.60104e-08  1.28612e-11
      1274.81  2.64332e-08  1.67513e-11
      1275.14  3.53418e-08  1.98078e-11
      1275.46  3.23304e-08  1.94898e-11
      1275.79  2.24857e-08  1.69200e-11
      1276.11  1.58271e-08  1.45598e-11
      1276.44  1.97400e-08  1.66465e-11
      1276.76  3.09218e-08  2.16440e-11
      1277.09  3.19738e-08  2.05481e-11
      1277.42  3.27905e-08  2.09403e-11
      1277.74  2.30411e-08  1.65514e-11
      1278.07  1.16902e-08  1.14289e-11
      1278.40  7.49112e-09  9.44134e-12
      1278.72  5.95394e-09  8.56895e-12
      1279.05  5.83922e-09  8.60383e-12
      1279.38  7.51198e-09  9.53415e-12
      1279.71  1.05745e-08  1.08248e-11
      1280.03  1.34661e-08  1.17649e-11
      1280.36  1.24349e-08  1.04864e-11
      1280.69  1.30293e-08  1.04188e-11
      1281.02  1.67316e-08  1.17007e-11
      1281.34  2.34767e-08  1.43914e-11
      1281.67  2.77635e-08  1.64545e-11
      1282.00  2.24262e-08  1.49844e-11
      1282.33  2.33477e-08  1.60002e-11
      1282.66  3.42818e-08  2.00854e-11
      1282.99  4.24743e-08  2.24779e-11
      1283.32  4.23237e-08  2.23724e-11
      1283.65  3.08617e-08  1.89576e-11
      1283.98  1.75598e-08  1.44175e-11
      1284.31  1.09758e-08  1.20277e-11
      1284.64  8.56604e-09  1.11862e-11
      1284.97  8.40493e-09  1.12215e-11
      1285.30  9.65971e-09  1.22533e-11
      1285.63  8.47485e-09  1.11999e-11
      1285.96  7.86283e-09  1.00717e-11
      1286.29  1.10910e-08  1.14112e-11
      1286.62  1.47470e-08  1.27169e-11
      1286.95  1.40897e-08  1.18778e-11
      1287.28  1.71434e-08  1.27412e-11
      1287.61  2.78157e-08  1.66064e-11
      1287.95  3.27879e-08  1.78903e-11
      1288.28  3.26429e-08  1.75577e-11
      1288.61  3.26477e-08  1.72887e-11
      1288.94  3.23233e-08  1.73982e-11
      1289.27  2.35849e-08  1.42805e-11
      1289.61  1.85857e-08  1.32506e-11
      1289.94  1.53567e-08  1.25922e-11
      1290.27  1.08316e-08  1.09447e-11
      1290.61  9.58866e-09  1.13506e-11
      1290.94  7.44870e-09  1.03366e-11
      1291.27  5.71293e-09  9.30644e-12
      1291.61  6.66030e-09  9.78059e-12
      1291.94  1.04204e-08  1.17632e-11
      1292.27  1.65767e-08  1.42649e-11
      1292.61  2.21586e-08  1.65660e-11
      1292.94  1.72442e-08  1.41395e-11
      1293.28  1.38639e-08  1.27300e-11
      1293.61  1.74641e-08  1.45068e-11
      1293.95  2.16863e-08  1.55599e-11
      1294.28  3.01277e-08  1.77937e-11
      1294.62  3.33763e-08  1.78985e-11
      1294.95  2.88412e-08  1.55179e-11
      1295.29  2.76675e-08  1.49748e-11
      1295.62  2.41433e-08  1.41035e-11
      1295.96  1.84966e-08  1.26720e-11
      1296.29  1.63613e-08  1.25649e-11
      1296.63  1.70868e-08  1.35979e-11
      1296.97  2.05446e-08  1.51955e-11
      1297.30  3.01696e-08  1.88540e-11
      1297.64  3.99276e-08  2.21721e-11
      1297.98  3.46355e-08  2.02680e-11
      1298.31  2.32800e-08  1.68054e-11
      1298.65  1.41883e-08  1.32734e-11
      1298.99  1.12601e-08  1.19423e-11
      1299.33  1.75518e-08  1.50908e-11
      1299.66  2.89503e-08  1.95436e-11
      1300.00  3.23012e-08  1.99981e-11
      1300.34  2.82515e-08  1.79096e-11
      1300.68  2.05470e-08  1.41316e-11
      1301.02  2.08431e-08  1.33439e-11
      1301.35  3.29823e-08  1.68303e-11
      1301.69  3.90606e-08  1.81282e-11
      1302.03  3.72420e-08  1.79698e-11
      1302.37  3.36726e-08  1.71310e-11
      1302.71  3.79291e-08  1.91168e-11
      1303.05  4.15208e-08  2.00245e-11
      1303.39  4.70992e-08  2.18287e-11
      1303.73  5.02267e-08  2.28821e-11
      1304.07  4.76618e-08  2.24512e-11
      1304.41  4.91038e-08  2.37309e-11
      1304.75  5.17859e-08  2.52535e-11
      1305.09  5.34453e-08  2.60458e-11
      1305.43  6.11484e-08  2.84283e-11
      1305.77  6.99768e-08  2.97655e-11
      1306.11  6.92088e-08  2.86613e-11
      1306.46  4.81183e-08  2.27206e-11
      1306.80  2.55237e-08  1.55966e-11
      1307.14  1.48419e-08  1.17052e-11
      1307.48  1.06654e-08  1.00194e-11
      1307.82  8.68349e-09  9.01907e-12
      1308.16  8.56415e-09  9.00422e-12
      1308.51  9.69921e-09  9.83200e-12
      1308.85  8.23052e-09  9.06219e-12
      1309.19  6.19823e-09  7.95006e-12
      1309.53  5.71202e-09  7.81966e-12
      1309.88  5.69711e-09  8.05791e-12
      1310.22  6.18459e-09  8.74430e-12
      1310.56  7.93235e-09  1.01764e-11
      1310.91  1.34259e-08  1.34389e-11
      1311.25  2.24980e-08  1.80343e-11
      1311.60  2.25680e-08  1.77585e-11
      1311.94  1.42202e-08  1.35641e-11
      1312.28  8.07193e-09  9.81161e-12
      1312.63  5.63273e-09  8.05180e-12
      1312.97  4.83830e-09  7.60343e-12
      1313.32  6.26737e-09  7.91036e-12
      1313.66  9.85522e-09  1.02247e-11
      1314.01  8.19832e-09  9.05552e-12
      1314.35  4.95645e-09  7.11598e-12
      1314.70  3.93420e-09  6.49594e-12
      1315.05  3.93898e-09  6.58158e-12
      1315.39  4.45372e-09  7.00304e-12
      1315.74  5.64738e-09  8.12705e-12
      1316.08  8.40757e-09  1.00740e-11
      1316.43  1.56649e-08  1.42317e-11
      1316.78  2.51291e-08  1.91160e-11
      1317.12  2.04306e-08  1.71376e-11
      1317.47  1.04948e-08  1.19691e-11
      1317.82  6.62560e-09  9.41242e-12
      1318.17  6.78189e-09  8.89466e-12
      1318.51  1.05203e-08  1.07874e-11
      1318.86  1.26189e-08  1.15615e-11
      1319.21  8.82615e-09  9.38602e-12
      1319.56  5.41210e-09  7.39766e-12
      1319.91  5.36204e-09  7.48471e-12
      1320.25  5.46905e-09  7.61485e-12
      1320.60  5.54801e-09  7.90454e-12
      1320.95  6.67120e-09  8.39075e-12
      1321.30  9.39219e-09  9.99530e-12
      1321.65  1.75108e-08  1.38781e-11
      1322.00  2.94823e-08  1.94061e-11
      1322.35  2.59194e-08  1.86383e-11
      1322.70  1.46306e-08  1.42363e-11
      1323.05  9.84753e-09  1.17580e-11
      1323.40  1.06772e-08  1.21966e-11
      1323.75  1.23820e-08  1.24502e-11
      1324.10  1.27678e-08  1.20421e-11
      1324.45  9.43485e-09  9.75495e-12
      1324.80  6.91915e-09  8.29931e-12
      