227
      1249.95  1.16075e-08  1.89629e-11
      1250.27  5.84876e-09  1.37587e-11
      1250.58  2.10470e-09  1.04172e-11
      1250.89  1.51560e-09  9.12239e-12
      1251.20  1.92497e-09  9.63629e-12
      1251.52  2.93836e-09  9.85002e-12
      1251.83  5.02300e-09  1.13646e-11
      1252.14  6.47084e-09  1.25173e-11
      1252.46  6.20106e-09  1.22608e-11
      1252.77  5.61576e-09  1.16103e-11
      1253.09  9.23994e-09  1.45549e-11
      1253.40  1.76697e-08  1.94486e-11
      1253.71  2.20071e-08  2.16144e-11
      1254.03  1.35596e-08  1.58277e-11
      1254.34  6.65149e-09  1.05940e-11
      1254.66  8.22865e-09  1.14848e-11
      1254.97  1.23837e-08  1.45369e-11
      1255.29  8.63441e-09  1.21372e-11
      1255.60  4.09260e-09  8.80495e-12
      1255.92  4.45312e-09  9.66208e-12
      1256.23  7.62037e-09  1.20190e-11
      1256.55  1.18910e-08  1.54349e-11
      1256.87  8.48064e-09  1.25051e-11
      1257.18  4.02354e-09  8.82299e-12
      1257.50  2.93605e-09  7.94219e-12
      1257.81  3.30520e-09  8.40859e-12
      1258.13  4.15894e-09  9.69066e-12
      1258.45  4.12935e-09  9.77971e-12
      1258.76  4.33943e-09  1.01808e-11
      1259.08  7.67471e-09  1.31295e-11
      1259.40  1.55882e-08  1.87523e-11
      1259.72  2.09385e-08  2.14574e-11
      1260.03  1.58825e-08  1.78563e-11
      1260.35  1.17366e-08  1.49273e-11
      1260.67  1.46845e-08  1.74278e-11
      1260.99  1.37338e-08  1.70352e-11
      1261.30  1.12232e-08  1.52500e-11
      1261.62  1.36185e-08  1.76833e-11
      1261.94  1.44231e-08  1.75792e-11
      1262.26  1.47052e-08  1.80046e-11
      1262.58  1.08011e-08  1.44593e-11
      1262.90  1.14302e-08  1.38278e-11
      1263.22  1.77174e-08  1.76910e-11
      1263.54  1.44582e-08  1.51958e-11
      1263.86  9.09704e-09  1.19257e-11
      1264.17  7.27030e-09  1.10812e-11
      1264.49  5.28874e-09  9.41787e-12
      1264.81  5.69093e-09  9.47223e-12
      1265.13  1.13168e-08  1.29491e-11
      1265.45  1.74914e-08  1.57583e-11
      1265.77  1.56393e-08  1.42327e-11
      1266.10  8.54394e-09  1.02016e-11
      1266.42  4.43744e-09  7.57793e-12
      1266.74  3.81008e-09  7.44319e-12
      1267.06  5.16939e-09  8.83634e-12
      1267.38  1.07546e-08  1.27494e-11
      1267.70  1.93414e-08  1.79951e-11
      1268.02  2.06788e-08  1.81737e-11
      1268.34  2.04533e-08  1.84179e-11
      1268.67  1.84280e-08  1.68850e-11
      1268.99  1.84992e-08  1.75466e-11
      1269.31  1.41927e-08  1.52374e-11
      1269.63  9.33672e-09  1.28514e-11
      1269.95  7.76786e-09  1.24476e-11
      1270.28  9.37670e-09  1.33669e-11
      1270.60  1.58611e-08  1.82569e-11
      1270.92  1.89328e-08  1.92780e-11
      1271.25  2.04896e-08  1.94657e-11
      1271.57  2.00356e-08  1.88296e-11
      1271.89  1.22063e-08  1.40023e-11
      1272.22  5.49827e-09  9.38848e-12
      1272.54  3.42274e-09  7.89744e-12
      1272.86  2.82355e-09  7.37662e-12
      1273.19  2.67804e-09  7.13746e-12
      1273.51  3.25475e-09  7.61038e-12
      1273.84  4.94961e-09  8.95331e-12
      1274.16  6.48359e-09  9.54304e-12
      1274.49  8.52351e-09  1.00310e-11
      1274.81  1.49187e-08  1.30016e-11
      1275.14  2.04369e-08  1.54183e-11
      1275.46  1.83894e-08  1.48973e-11
      1275.79  1.21190e-08  1.24735e-11
      1276.11  7.90792e-09  1.04690e-11
      1276.44  1.03028e-08  1.22950e-11
      1276.76  1.77569e-08  1.72956e-11
      1277.09  1.81613e-08  1.66227e-11
      1277.42  1.84306e-08  1.71635e-11
      1277.74  1.28464e-08  1.41823e-11
      1278.07  6.04180e-09  9.81821e-12
      1278.40  3.67547e-09  8.36484e-12
      1278.72  2.88968e-09  7.95426e-12
      1279.05  2.86536e-09  8.35608e-12
      1279.38  3.76430e-09  9.13203e-12
      1279.71  5.56600e-09  1.06168e-11
      1280.03  7.25484e-09  1.19148e-11
      1280.36  6.66655e-09  1.05952e-11
      1280.69  7.02153e-09  1.05129e-11
      1281.02  9.14599e-09  1.15746e-11
      1281.34  1.33773e-08  1.38544e-11
      1281.67  1.62066e-08  1.55744e-11
      1282.00  1.25813e-08  1.31771e-11
      1282.33  1.29513e-08  1.31602e-11
      1282.66  2.00061e-08  1.62964e-11
      1282.99  2.53200e-08  1.78111e-11
      1283.32  2.52504e-08  1.74553e-11
      1283.65  1.76513e-08  1.43928e-11
      1283.98  9.28895e-09  1.07742e-11
      1284.31  5.43266e-09  9.00142e-12
      1284.64  4.16989e-09  8.45121e-12
      1284.97  4.14640e-09  8.86035e-12
      1285.30  4.81726e-09  9.90987e-12
      1285.63  4.20446e-09  9.33419e-12
      1285.96  3.90490e-09  8.85951e-12
      1286.29  5.81510e-09  1.04675e-11
      1286.62  7.96960e-09  1.21807e-11
      1286.95  7.58523e-09  1.16495e-11
      1287.28  9.57828e-09  1.28570e-11
      1287.61  1.62662e-08  1.72779e-11
      1287.95  1.94214e-08  1.87928e-11
      1288.28  1.94383e-08  1.82824e-11
      1288.61  1.93971e-08  1.74480e-11
      1288.94  1.92035e-08  1.69551e-11
      1289.27  1.36199e-08  1.31871e-11
      1289.61  1.02511e-08  1.12728e-11
      1289.94  8.17397e-09  1.00949e-11
      1290.27  5.54681e-09  8.38245e-12
      1290.61  4.84655e-09  8.42503e-12
      1290.94  3.68129e-09  7.61386e-12
      1291.27  2.75209e-09  6.88373e-12
      1291.61  3.20339e-09  7.23967e-12
      1291.94  5.19464e-09  9.01992e-12
      1292.27  8.71635e-09  1.14572e-11
      1292.61  1.22837e-08  1.41970e-11
      1292.94  9.19294e-09  1.22339e-11
      1293.28  7.04712e-09  1.12052e-11
      1293.61  9.24379e-09  1.34557e-11
      1293.95  1.19720e-08  1.49973e-11
      1294.28  1.74277e-08  1.79021e-11
      1294.62  1.95314e-08  1.85105e-11
      1294.95  1.66753e-08  1.60048e-11
      1295.29  1.58882e-08  1.52970e-11
      1295.62  1.36469e-08  1.39764e-11
      1295.96  1.01172e-08  1.17338e-11
      1296.29  8.77837e-09  1.09951e-11
      1296.63  9.15081e-09  1.11635e-11
      1296.97  1.12998e-08  1.19243e-11
      1297.30  1.73817e-08  1.45512e-11
      1297.64  2.31962e-08  1.68437e-11
      1297.98  1.95617e-08  1.52797e-11
      1298.31  1.25086e-08  1.26257e-11
      1298.65  7.02590e-09  9.99679e-12
      1298.99  5.35215e-09  9.22864e-12
      1299.33  9.23081e-09  1.24645e-11
      1299.66  1.68521e-08  1.77569e-11
      1300.00  1.87098e-08  1.85463e-11
      1300.34  1.61813e-08  1.70252e-11
      1300.68  1.12143e-08  1.35324e-11
      1301.02  1.15220e-08  1.32853e-11
      1301.35  1.97711e-08  1.78343e-11
      1301.69  2.36935e-08  1.92095e-11
      1302.03  2.26964e-08  1.86450e-11
      1302.37  2.03836e-08  1.69410e-11
      1302.71  2.31139e-08  1.77981e-11
      1303.05  2.56629e-08  1.77584e-11
      1303.39  2.90513e-08  1.82958e-11
      1303.73  3.11488e-08  1.85393e-11
      1304.07  2.91663e-08  1.78140e-11
      1304.41  2.97036e-08  1.88083e-11
      1304.75  3.13883e-08  2.02985e-11
      1305.09  3.28545e-08  2.16249e-11
      1305.43  3.85229e-08  2.44173e-11
      1305.77  4.52244e-08  2.71199e-11
      1306.11  4.48375e-08  2.75364e-11
      1306.46  3.02096e-08  2.20625e-11
      1306.80  1.49688e-08  1.52216e-11
      1307.14  8.04458e-09  1.14976e-11
      1307.48  5.52108e-09  9.91345e-12
      1307.82  4.41263e-09  8.98316e-12
      1308.16  4.40047e-09  8.75818e-12
      1308.51  5.30166e-09  9.50293e-12
      1308.85  4.28475e-09  8.14297e-12
      1309.19  3.07684e-09  6.67382e-12
      1309.53  2.84530e-09  6.24420e-12
      1309.88  2.82438e-09  6.21905e-12
      1310.22  3.05526e-09  6.54881e-12
      1310.56  3.98688e-09  7.66440e-12
      1310.91  7.14562e-09  1.03016e-11
      1311.25  1.27316e-08  1.45679e-11
      1311.60  1.28256e-08  1.48482e-11
      1311.94  7.68581e-09  1.15867e-11
      1312.28  4.08778e-09  8.78229e-12
      1312.63  2.80927e-09  7.55155e-12
      1312.97  2.44273e-09  7.12098e-12
      1313.32  3.29557e-09  8.13287e-12
      1313.66  5.10080e-09  1.00525e-11
      1314.01  4.36881e-09  9.05550e-12
      1314.35  2.59860e-09  7.15649e-12
      1314.70  1.98949e-09  6.24514e-12
      1315.05  1.98091e-09  5.95092e-12
      1315.39  2.23928e-09  5.83930e-12
      1315.74  2.84418e-09  6.16009e-12
      1316.08  4.34790e-09  7.47884e-12
      1316.43  8.74438e-09  1.07518e-11
      1316.78  1.43916e-08  1.49913e-11
      1317.12  1.12495e-08  1.35171e-11
      1317.47  5.53786e-09  9.84615e-12
      1317.82  3.30056e-09  7.97520e-12
      1318.17  3.38719e-09  8.16125e-12
      1318.51  5.64346e-09  1.02352e-11
      1318.86  6.93377e-09  1.15309e-11
      1319.21  4.54264e-09  9.27823e-12
      1319.56  2.68465e-09  7.34550e-12
      1319.91  2.81614e-09  7.66961e-12
      1320.25  2.81783e-09  7.19738e-12
      1320.60  2.80207e-09  6.76547e-12
      1320.95  3.41979e-09  6.96053e-12
      1321.30  4.87808e-09  7.66684e-12
      1321.65  9.67874e-09  1.04619e-11
      1322.00  1.79282e-08  1.56926e-11
      1322.35  1.53037e-08  1.47660e-11
      1322.70  7.69216e-09  1.08676e-11
      1323.05  4.95849e-09  9.44518e-12
      1323.40  5.49296e-09  1.03263e-11
      1323.75  6.51116e-09  1.11089e-11
      1324.10  6.69420e-09  1.12745e-11
      1324.45  4.99507e-09  9.60545e-12
      1324.80  3.54205e-09  8.31019e-12
      