227
      1249.95  1.21289e-08  1.71192e-11
      1250.27  5.57656e-09  1.20505e-11
      1250.58  1.71181e-09  8.23239e-12
      1250.89  1.22355e-09  7.45356e-12
      1251.20  1.74806e-09  7.82673e-12
      1251.52  2.88882e-09  8.47233e-12
      1251.83  5.14930e-09  1.03171e-11
      1252.14  6.70278e-09  1.14230e-11
      1252.46  6.35932e-09  1.11995e-11
      1252.77  6.00406e-09  1.09312e-11
      1253.09  1.01412e-08  1.38956e-11
      1253.40  1.89833e-08  1.89662e-11
      1253.71  2.28841e-08  2.11533e-11
      1254.03  1.35304e-08  1.58345e-11
      1254.34  6.71033e-09  1.08745e-11
      1254.66  8.54660e-09  1.21704e-11
      1254.97  1.33929e-08  1.60896e-11
      1255.29  8.42981e-09  1.27421e-11
      1255.60  3.73119e-09  9.38163e-12
      1255.92  4.41845e-09  1.07677e-11
      1256.23  7.73357e-09  1.34206e-11
      1256.55  1.21161e-08  1.72123e-11
      1256.87  8.43130e-09  1.40042e-11
      1257.18  3.72347e-09  9.72485e-12
      1257.50  2.68683e-09  8.51724e-12
      1257.81  3.11019e-09  9.20322e-12
      1258.13  3.88694e-09  1.00899e-11
      1258.45  3.85269e-09  1.02517e-11
      1258.76  4.15808e-09  1.07573e-11
      1259.08  7.66958e-09  1.36098e-11
      1259.40  1.60152e-08  1.89678e-11
      1259.72  2.15861e-08  2.17479e-11
      1260.03  1.56794e-08  1.74230e-11
      1260.35  1.16459e-08  1.43778e-11
      1260.67  1.54752e-08  1.70314e-11
      1260.99  1.41610e-08  1.58483e-11
      1261.30  1.14402e-08  1.40446e-11
      1261.62  1.43085e-08  1.62253e-11
      1261.94  1.51974e-08  1.62167e-11
      1262.26  1.52412e-08  1.63813e-11
      1262.58  1.14738e-08  1.32162e-11
      1262.90  1.24468e-08  1.29123e-11
      1263.22  1.83311e-08  1.57137e-11
      1263.54  1.49947e-08  1.36946e-11
      1263.86  9.62945e-09  1.12183e-11
      1264.17  7.52560e-09  1.11229e-11
      1264.49  5.32588e-09  9.26489e-12
      1264.81  5.90458e-09  9.77946e-12
      1265.13  1.21124e-08  1.39589e-11
      1265.45  1.82632e-08  1.73111e-11
      1265.77  1.53899e-08  1.63315e-11
      1266.10  8.30814e-09  1.10291e-11
      1266.42  4.23792e-09  8.43542e-12
      1266.74  3.71194e-09  8.40728e-12
      1267.06  5.25244e-09  9.77350e-12
      1267.38  1.11798e-08  1.41491e-11
      1267.70  1.97600e-08  1.95108e-11
      1268.02  2.11364e-08  1.98024e-11
      1268.34  2.05997e-08  1.95187e-11
      1268.67  1.87577e-08  1.79437e-11
      1268.99  1.84152e-08  1.79343e-11
      1269.31  1.40558e-08  1.52957e-11
      1269.63  9.31651e-09  1.26674e-11
      1269.95  7.75573e-09  1.18944e-11
      1270.28  9.65084e-09  1.29419e-11
      1270.60  1.66312e-08  1.74975e-11
      1270.92  1.96630e-08  1.82361e-11
      1271.25  2.14891e-08  1.83295e-11
      1271.57  2.09722e-08  1.73758e-11
      1271.89  1.22710e-08  1.25632e-11
      1272.22  5.40917e-09  8.49036e-12
      1272.54  3.35687e-09  7.17517e-12
      1272.86  2.74394e-09  6.73940e-12
      1273.19  2.60056e-09  6.74054e-12
      1273.51  3.26206e-09  7.44534e-12
      1273.84  5.10275e-09  8.88134e-12
      1274.16  6.73427e-09  9.82120e-12
      1274.49  9.05717e-09  1.07633e-11
      1274.81  1.57966e-08  1.41342e-11
      1275.14  2.12274e-08  1.67397e-11
      1275.46  1.87859e-08  1.61568e-11
      1275.79  1.22116e-08  1.35847e-11
      1276.11  7.99509e-09  1.15570e-11
      1276.44  1.06638e-08  1.36210e-11
      1276.76  1.81362e-08  1.88312e-11
      1277.09  1.82966e-08  1.77920e-11
      1277.42  1.86351e-08  1.82087e-11
      1277.74  1.25546e-08  1.44498e-11
      1278.07  5.74323e-09  9.85453e-12
      1278.40  3.42743e-09  8.32733e-12
      1278.72  2.65053e-09  7.77783e-12
      1279.05  2.69589e-09  7.83713e-12
      1279.38  3.73989e-09  8.81679e-12
      1279.71  5.74100e-09  1.02048e-11
      1280.03  7.52425e-09  1.13442e-11
      1280.36  6.85793e-09  9.91819e-12
      1280.69  7.37216e-09  9.73249e-12
      1281.02  9.72928e-09  1.06322e-11
      1281.34  1.43225e-08  1.29483e-11
      1281.67  1.72101e-08  1.47222e-11
      1282.00  1.31195e-08  1.27485e-11
      1282.33  1.37863e-08  1.35152e-11
      1282.66  2.12738e-08  1.72254e-11
      1282.99  2.64932e-08  1.91873e-11
      1283.32  2.59945e-08  1.97206e-11
      1283.65  1.77412e-08  1.60829e-11
      1283.98  9.31216e-09  1.17144e-11
      1284.31  5.35291e-09  9.64874e-12
      1284.64  4.00271e-09  9.07996e-12
      1284.97  3.98053e-09  9.44423e-12
      1285.30  4.60921e-09  1.02673e-11
      1285.63  3.94846e-09  9.50841e-12
      1285.96  3.76752e-09  9.25041e-12
      1286.29  5.88675e-09  1.05734e-11
      1286.62  8.12166e-09  1.18204e-11
      1286.95  7.64680e-09  1.08147e-11
      1287.28  9.95447e-09  1.18517e-11
      1287.61  1.74231e-08  1.61008e-11
      1287.95  2.05311e-08  1.70141e-11
      1288.28  2.05591e-08  1.67981e-11
      1288.61  2.04819e-08  1.67979e-11
      1288.94  2.00614e-08  1.69162e-11
      1289.27  1.37887e-08  1.31303e-11
      1289.61  1.05711e-08  1.12033e-11
      1289.94  8.40293e-09  1.04534e-11
      1290.27  5.65008e-09  8.94061e-12
      1290.61  4.79500e-09  9.09626e-12
      1290.94  3.56403e-09  8.33519e-12
      1291.27  2.61116e-09  7.67312e-12
      1291.61  3.11295e-09  8.13766e-12
      1291.94  5.17842e-09  9.80823e-12
      1292.27  8.86538e-09  1.23398e-11
      1292.61  1.21016e-08  1.52493e-11
      1292.94  8.83147e-09  1.24624e-11
      1293.28  7.15800e-09  1.12224e-11
      1293.61  9.49118e-09  1.30601e-11
      1293.95  1.23198e-08  1.42706e-11
      1294.28  1.76324e-08  1.88276e-11
      1294.62  1.97055e-08  1.75416e-11
      1294.95  1.72457e-08  1.49487e-11
      1295.29  1.70208e-08  1.43411e-11
      1295.62  1.44131e-08  1.28504e-11
      1295.96  1.05341e-08  1.10481e-11
      1296.29  9.21981e-09  1.06913e-11
      1296.63  9.65117e-09  1.15070e-11
      1296.97  1.17691e-08  1.33950e-11
      1297.30  1.97902e-08  1.81770e-11
      1297.64  2.40706e-08  1.89323e-11
      1297.98  2.00488e-08  1.70693e-11
      1298.31  1.25590e-08  1.37254e-11
      1298.65  7.08776e-09  1.07428e-11
      1298.99  5.54454e-09  9.79585e-12
      1299.33  9.59957e-09  1.31741e-11
      1299.66  1.67553e-08  1.75097e-11
      1300.00  1.88660e-08  1.82525e-11
      1300.34  1.64583e-08  1.67057e-11
      1300.68  1.14846e-08  1.31137e-11
      1301.02  1.23157e-08  1.26683e-11
      1301.35  2.11268e-08  1.65403e-11
      1301.69  2.49385e-08  1.73111e-11
      1302.03  2.40710e-08  1.71217e-11
      1302.37  2.12146e-08  1.56159e-11
      1302.71  2.48764e-08  1.74699e-11
      1303.05  2.67809e-08  1.77279e-11
      1303.39  3.06709e-08  1.91095e-11
      1303.73  3.26286e-08  1.99558e-11
      1304.07  2.99927e-08  1.92360e-11
      1304.41  3.05832e-08  2.02788e-11
      1304.75  3.22777e-08  2.18693e-11
      1305.09  3.35530e-08  2.29137e-11
      1305.43  3.91585e-08  2.55596e-11
      1305.77  4.55802e-08  2.77165e-11
      1306.11  4.46554e-08  2.70863e-11
      1306.46  3.03371e-08  2.15290e-11
      1306.80  1.51496e-08  1.46810e-11
      1307.14  8.16579e-09  1.07573e-11
      1307.48  5.63826e-09  9.25760e-12
      1307.82  4.53411e-09  8.33862e-12
      1308.16  4.61671e-09  8.30917e-12
      1308.51  5.38011e-09  8.95107e-12
      1308.85  4.35161e-09  7.97055e-12
      1309.19  3.13760e-09  6.79561e-12
      1309.53  2.81728e-09  6.56164e-12
      1309.88  2.75014e-09  6.67812e-12
      1310.22  2.98658e-09  7.22966e-12
      1310.56  3.92964e-09  8.24994e-12
      1310.91  7.27604e-09  1.10444e-11
      1311.25  1.33605e-08  1.58118e-11
      1311.60  1.29366e-08  1.55344e-11
      1311.94  7.37993e-09  1.15887e-11
      1312.28  3.85596e-09  8.71771e-12
      1312.63  2.65533e-09  7.38644e-12
      1312.97  2.29590e-09  6.74399e-12
      1313.32  3.25113e-09  7.40812e-12
      1313.66  5.44506e-09  9.59821e-12
      1314.01  4.47352e-09  8.47763e-12
      1314.35  2.48889e-09  6.60884e-12
      1314.70  1.87943e-09  5.91268e-12
      1315.05  1.88278e-09  5.74392e-12
      1315.39  2.16273e-09  6.19734e-12
      1315.74  2.84580e-09  6.73649e-12
      1316.08  4.49833e-09  8.26595e-12
      1316.43  9.10789e-09  1.18619e-11
      1316.78  1.45355e-08  1.60796e-11
      1317.12  1.13417e-08  1.45226e-11
      1317.47  5.38611e-09  1.01242e-11
      1317.82  3.13253e-09  8.15099e-12
      1318.17  3.38130e-09  8.13607e-12
      1318.51  5.73087e-09  1.00631e-11
      1318.86  6.94601e-09  1.08010e-11
      1319.21  4.60604e-09  8.60750e-12
      1319.56  2.73463e-09  6.94764e-12
      1319.91  2.80412e-09  7.12446e-12
      1320.25  2.81707e-09  7.02154e-12
      1320.60  2.83326e-09  6.75803e-12
      1320.95  3.48811e-09  7.20994e-12
      1321.30  5.06668e-09  8.29071e-12
      1321.65  1.03639e-08  1.15893e-11
      1322.00  1.87484e-08  1.68977e-11
      1322.35  1.53195e-08  1.55735e-11
      1322.70  7.57376e-09  1.14956e-11
      1323.05  4.82527e-09  9.77463e-12
      1323.40  5.58839e-09  1.06605e-11
      1323.75  6.59136e-09  1.10938e-11
      1324.10  6.85130e-09  1.10167e-11
      1324.45  4.96026e-09  9.05572e-12
      1324.80  3.52628e-09  7.81109e-12
      