227
      1249.95  1.10981e-08  1.63302e-11
      1250.27  5.11969e-09  1.16788e-11
      1250.58  1.54005e-09  8.07048e-12
      1250.89  1.04225e-09  7.32280e-12
      1251.20  1.50345e-09  7.75681e-12
      1251.52  2.51453e-09  8.05500e-12
      1251.83  4.60210e-09  9.79650e-12
      1252.14  6.00751e-09  1.08712e-11
      1252.46  5.69065e-09  1.06391e-11
      1252.77  5.34760e-09  1.01927e-11
      1253.09  9.13980e-09  1.27743e-11
      1253.40  1.71833e-08  1.73759e-11
      1253.71  2.08215e-08  2.01599e-11
      1254.03  1.20102e-08  1.44397e-11
      1254.34  6.06202e-09  9.39098e-12
      1254.66  7.81450e-09  1.02962e-11
      1254.97  1.21581e-08  1.32802e-11
      1255.29  7.67588e-09  1.04168e-11
      1255.60  3.38752e-09  7.73178e-12
      1255.92  3.97840e-09  8.72023e-12
      1256.23  7.04037e-09  1.07504e-11
      1256.55  1.13655e-08  1.39532e-11
      1256.87  7.74025e-09  1.12852e-11
      1257.18  3.36869e-09  8.38292e-12
      1257.50  2.48965e-09  7.13984e-12
      1257.81  2.91999e-09  7.68355e-12
      1258.13  3.68595e-09  8.55641e-12
      1258.45  3.68981e-09  8.83425e-12
      1258.76  3.97461e-09  9.28983e-12
      1259.08  7.42781e-09  1.20730e-11
      1259.40  1.54035e-08  1.69222e-11
      1259.72  2.05576e-08  1.95054e-11
      1260.03  1.49688e-08  1.58605e-11
      1260.35  1.10854e-08  1.31630e-11
      1260.67  1.47081e-08  1.59366e-11
      1260.99  1.32463e-08  1.49386e-11
      1261.30  1.04925e-08  1.31380e-11
      1261.62  1.33782e-08  1.55532e-11
      1261.94  1.40100e-08  1.58780e-11
      1262.26  1.40825e-08  1.61138e-11
      1262.58  1.04778e-08  1.28416e-11
      1262.90  1.12872e-08  1.25732e-11
      1263.22  1.67572e-08  1.52942e-11
      1263.54  1.37344e-08  1.32759e-11
      1263.86  8.70370e-09  1.06329e-11
      1264.17  6.72163e-09  1.05557e-11
      1264.49  4.77869e-09  8.50435e-12
      1264.81  5.33662e-09  9.04871e-12
      1265.13  1.12057e-08  1.22291e-11
      1265.45  1.65534e-08  1.45599e-11
      1265.77  1.41549e-08  1.32752e-11
      1266.10  7.56542e-09  8.90352e-12
      1266.42  3.79685e-09  6.67333e-12
      1266.74  3.31654e-09  6.69248e-12
      1267.06  4.76811e-09  8.30763e-12
      1267.38  1.04705e-08  1.16583e-11
      1267.70  1.85891e-08  1.59612e-11
      1268.02  1.99247e-08  1.63078e-11
      1268.34  1.96891e-08  1.61868e-11
      1268.67  1.81533e-08  1.52369e-11
      1268.99  1.77772e-08  1.54560e-11
      1269.31  1.36471e-08  1.35573e-11
      1269.63  8.92745e-09  1.13398e-11
      1269.95  7.36597e-09  1.06795e-11
      1270.28  9.23399e-09  1.19937e-11
      1270.60  1.55656e-08  1.59192e-11
      1270.92  1.83407e-08  1.68692e-11
      1271.25  2.01148e-08  1.72855e-11
      1271.57  1.97005e-08  1.67527e-11
      1271.89  1.12231e-08  1.20031e-11
      1272.22  4.81427e-09  8.10303e-12
      1272.54  2.94852e-09  6.82995e-12
      1272.86  2.40324e-09  6.47399e-12
      1273.19  2.27308e-09  6.37089e-12
      1273.51  2.87823e-09  6.90278e-12
      1273.84  4.56057e-09  7.96868e-12
      1274.16  6.08379e-09  8.60491e-12
      1274.49  8.27289e-09  9.20924e-12
      1274.81  1.44756e-08  1.17729e-11
      1275.14  1.95006e-08  1.36433e-11
      1275.46  1.73306e-08  1.30463e-11
      1275.79  1.12936e-08  1.10593e-11
      1276.11  7.43760e-09  9.39323e-12
      1276.44  1.00386e-08  1.12301e-11
      1276.76  1.69002e-08  1.55503e-11
      1277.09  1.71592e-08  1.49693e-11
      1277.42  1.81216e-08  1.59704e-11
      1277.74  1.20342e-08  1.25381e-11
      1278.07  5.41354e-09  8.62020e-12
      1278.40  3.20976e-09  7.54931e-12
      1278.72  2.47652e-09  7.32207e-12
      1279.05  2.48114e-09  7.40140e-12
      1279.38  3.42837e-09  8.32155e-12
      1279.71  5.26016e-09  9.71217e-12
      1280.03  6.88343e-09  1.07932e-11
      1280.36  6.27600e-09  9.70598e-12
      1280.69  6.67015e-09  9.49034e-12
      1281.02  8.87340e-09  1.03542e-11
      1281.34  1.30651e-08  1.23947e-11
      1281.67  1.56011e-08  1.36872e-11
      1282.00  1.20447e-08  1.15843e-11
      1282.33  1.26849e-08  1.18137e-11
      1282.66  1.95312e-08  1.45359e-11
      1282.99  2.45039e-08  1.58164e-11
      1283.32  2.41438e-08  1.58699e-11
      1283.65  1.64409e-08  1.28862e-11
      1283.98  8.53678e-09  9.38704e-12
      1284.31  4.90015e-09  7.83224e-12
      1284.64  3.68167e-09  7.51579e-12
      1284.97  3.68088e-09  7.93147e-12
      1285.30  4.32698e-09  8.91787e-12
      1285.63  3.72102e-09  8.40611e-12
      1285.96  3.55096e-09  7.96295e-12
      1286.29  5.54924e-09  9.35902e-12
      1286.62  7.65984e-09  1.07245e-11
      1286.95  7.20471e-09  1.00961e-11
      1287.28  9.33667e-09  1.13183e-11
      1287.61  1.60810e-08  1.53648e-11
      1287.95  1.89953e-08  1.65341e-11
      1288.28  1.89513e-08  1.63284e-11
      1288.61  1.87702e-08  1.63598e-11
      1288.94  1.75552e-08  1.30187e-11
      1289.27  1.23942e-08  1.21869e-11
      1289.61  9.65986e-09  1.00185e-11
      1289.94  7.61773e-09  8.97730e-12
      1290.27  5.07846e-09  7.42529e-12
      1290.61  4.35826e-09  7.46457e-12
      1290.94  3.21659e-09  6.77914e-12
      1291.27  2.36259e-09  6.20958e-12
      1291.61  2.85171e-09  6.73514e-12
      1291.94  4.80123e-09  8.20662e-12
      1292.27  8.23598e-09  1.06529e-11
      1292.61  1.12233e-08  1.38716e-11
      1292.94  8.25848e-09  1.13258e-11
      1293.28  6.77679e-09  1.01472e-11
      1293.61  8.98307e-09  1.19694e-11
      1293.95  1.17009e-08  1.34225e-11
      1294.28  1.72903e-08  1.66032e-11
      1294.62  1.90887e-08  1.72646e-11
      1294.95  1.60965e-08  1.45142e-11
      1295.29  1.55513e-08  1.39279e-11
      1295.62  1.31338e-08  1.24205e-11
      1295.96  9.57476e-09  1.04675e-11
      1296.29  8.33957e-09  9.77643e-12
      1296.63  8.71617e-09  1.00398e-11
      1296.97  1.05459e-08  1.11575e-11
      1297.30  1.75712e-08  1.42134e-11
      1297.64  2.24429e-08  1.52079e-11
      1297.98  1.86035e-08  1.35339e-11
      1298.31  1.15970e-08  1.10026e-11
      1298.65  6.50698e-09  8.72392e-12
      1298.99  5.10073e-09  8.23284e-12
      1299.33  9.01016e-09  1.13256e-11
      1299.66  1.58948e-08  1.57179e-11
      1300.00  1.79807e-08  1.64549e-11
      1300.34  1.56220e-08  1.51255e-11
      1300.68  1.08084e-08  1.20953e-11
      1301.02  1.14709e-08  1.20165e-11
      1301.35  1.95682e-08  1.57212e-11
      1301.69  2.31338e-08  1.67652e-11
      1302.03  2.22144e-08  1.65499e-11
      1302.37  1.96626e-08  1.48583e-11
      1302.71  2.28993e-08  1.61594e-11
      1303.05  2.48034e-08  1.58685e-11
      1303.39  2.84841e-08  1.64575e-11
      1303.73  3.03469e-08  1.66200e-11
      1304.07  2.79950e-08  1.57033e-11
      1304.41  2.86509e-08  1.65357e-11
      1304.75  3.03122e-08  1.78404e-11
      1305.09  3.15895e-08  1.90793e-11
      1305.43  3.72409e-08  2.21873e-11
      1305.77  4.35275e-08  2.47386e-11
      1306.11  4.26920e-08  2.49319e-11
      1306.46  2.87634e-08  1.99666e-11
      1306.80  1.41726e-08  1.35482e-11
      1307.14  7.55853e-09  1.01861e-11
      1307.48  5.16896e-09  8.81366e-12
      1307.82  4.11208e-09  8.08158e-12
      1308.16  4.15422e-09  8.03614e-12
      1308.51  4.82146e-09  8.57912e-12
      1308.85  3.91241e-09  7.46891e-12
      1309.19  2.78471e-09  6.10405e-12
      1309.53  2.49985e-09  5.64747e-12
      1309.88  2.46156e-09  5.52898e-12
      1310.22  2.70093e-09  5.81834e-12
      1310.56  3.61540e-09  6.59362e-12
      1310.91  6.81467e-09  9.08574e-12
      1311.25  1.23403e-08  1.28749e-11
      1311.60  1.20402e-08  1.30971e-11
      1311.94  6.96826e-09  1.03423e-11
      1312.28  3.60372e-09  8.00090e-12
      1312.63  2.42809e-09  6.73917e-12
      1312.97  2.09294e-09  6.25153e-12
      1313.32  2.96256e-09  7.02303e-12
      1313.66  5.06980e-09  9.26944e-12
      1314.01  4.04846e-09  8.21106e-12
      1314.35  2.19259e-09  6.31828e-12
      1314.70  1.65151e-09  5.52809e-12
      1315.05  1.65111e-09  5.24176e-12
      1315.39  1.91084e-09  5.35858e-12
      1315.74  2.54525e-09  5.62842e-12
      1316.08  4.08472e-09  6.69324e-12
      1316.43  8.39462e-09  9.57617e-12
      1316.78  1.37044e-08  1.35806e-11
      1317.12  1.04729e-08  1.26752e-11
      1317.47  4.93325e-09  8.77011e-12
      1317.82  2.91738e-09  7.45266e-12
      1318.17  3.16050e-09  7.61737e-12
      1318.51  5.37738e-09  9.39184e-12
      1318.86  6.44802e-09  1.01851e-11
      1319.21  4.28081e-09  8.35016e-12
      1319.56  2.48035e-09  6.78298e-12
      1319.91  2.48689e-09  6.94384e-12
      1320.25  2.49462e-09  6.73786e-12
      1320.60  2.51982e-09  6.30605e-12
      1320.95  3.12532e-09  6.35614e-12
      1321.30  4.61654e-09  6.98069e-12
      1321.65  9.63797e-09  9.50667e-12
      1322.00  1.72205e-08  1.34215e-11
      1322.35  1.41851e-08  1.25243e-11
      1322.70  7.14918e-09  9.52545e-12
      1323.05  4.52623e-09  8.34505e-12
      1323.40  5.14221e-09  9.44674e-12
      1323.75  6.09547e-09  1.02668e-11
      1324.10  6.41256e-09  1.02074e-11
      1324.45  4.55299e-09  8.26564e-12
      1324.80  3.22952e-09  7.32470e-12
      