227
      1249.95  9.16714e-09  1.09145e-11
      1250.27  4.47616e-09  7.79460e-12
      1250.58  1.41106e-09  5.45644e-12
      1250.89  9.55213e-10  5.07190e-12
      1251.20  1.28569e-09  5.22769e-12
      1251.52  2.07324e-09  5.91715e-12
      1251.83  3.66939e-09  7.41152e-12
      1252.14  4.82926e-09  8.38086e-12
      1252.46  4.61965e-09  8.24935e-12
      1252.77  4.26731e-09  7.80177e-12
      1253.09  7.12034e-09  9.23455e-12
      1253.40  1.37928e-08  1.21748e-11
      1253.71  1.73416e-08  1.34886e-11
      1254.03  1.08135e-08  1.03793e-11
      1254.34  5.06949e-09  7.39470e-12
      1254.66  6.15081e-09  8.25781e-12
      1254.97  9.93841e-09  1.08569e-11
      1255.29  6.74941e-09  8.96217e-12
      1255.60  2.89446e-09  6.37516e-12
      1255.92  3.18438e-09  6.54613e-12
      1256.23  5.61081e-09  7.56499e-12
      1256.55  9.32550e-09  9.59203e-12
      1256.87  6.74385e-09  7.98507e-12
      1257.18  2.92484e-09  5.73697e-12
      1257.50  2.06708e-09  5.31602e-12
      1257.81  2.35817e-09  5.69583e-12
      1258.13  2.97442e-09  6.31014e-12
      1258.45  2.99405e-09  6.27733e-12
      1258.76  3.15739e-09  6.13179e-12
      1259.08  5.73266e-09  7.33660e-12
      1259.40  1.20737e-08  1.00877e-11
      1259.72  1.66465e-08  1.18307e-11
      1260.03  1.26590e-08  1.01616e-11
      1260.35  9.06136e-09  8.63068e-12
      1260.67  1.15164e-08  1.03092e-11
      1260.99  1.08086e-08  1.00600e-11
      1261.30  8.66462e-09  9.20776e-12
      1261.62  1.10952e-08  1.08491e-11
      1261.94  1.12710e-08  9.81842e-12
      1262.26  1.14372e-08  1.03165e-11
      1262.58  8.05287e-09  8.27393e-12
      1262.90  8.64982e-09  8.12268e-12
      1263.22  1.39246e-08  1.08322e-11
      1263.54  1.15577e-08  9.74848e-12
      1263.86  7.04722e-09  7.84067e-12
      1264.17  5.48397e-09  7.34317e-12
      1264.49  3.93845e-09  6.17788e-12
      1264.81  4.20931e-09  5.99615e-12
      1265.13  8.68243e-09  8.05335e-12
      1265.45  1.38779e-08  1.00809e-11
      1265.77  1.25978e-08  9.58345e-12
      1266.10  6.72220e-09  7.19750e-12
      1266.42  3.26295e-09  5.47494e-12
      1266.74  2.73654e-09  5.30623e-12
      1267.06  3.76449e-09  5.93947e-12
      1267.38  8.17930e-09  7.91502e-12
      1267.70  1.55084e-08  1.08386e-11
      1268.02  1.67195e-08  1.07241e-11
      1268.34  1.63673e-08  1.06346e-11
      1268.67  1.47688e-08  1.00004e-11
      1268.99  1.46231e-08  1.05017e-11
      1269.31  1.13068e-08  9.40781e-12
      1269.63  7.20610e-09  7.76939e-12
      1269.95  5.86564e-09  7.25979e-12
      1270.28  7.13666e-09  7.58606e-12
      1270.60  1.24810e-08  1.00170e-11
      1270.92  1.50251e-08  1.06183e-11
      1271.25  1.63563e-08  1.07646e-11
      1271.57  1.63150e-08  1.08044e-11
      1271.89  9.54611e-09  8.14953e-12
      1272.22  4.00778e-09  5.71678e-12
      1272.54  2.40881e-09  4.98707e-12
      1272.86  1.95687e-09  4.65434e-12
      1273.19  1.83739e-09  4.49051e-12
      1273.51  2.25283e-09  4.55536e-12
      1273.84  3.61165e-09  5.27794e-12
      1274.16  4.88875e-09  5.86061e-12
      1274.49  6.43736e-09  6.34050e-12
      1274.81  1.16972e-08  8.67182e-12
      1275.14  1.64430e-08  1.05469e-11
      1275.46  1.48659e-08  1.01968e-11
      1275.79  9.67813e-09  8.37563e-12
      1276.11  6.19895e-09  6.73140e-12
      1276.44  8.12332e-09  7.46571e-12
      1276.76  1.40327e-08  9.89713e-12
      1277.09  1.45835e-08  9.71660e-12
      1277.42  1.49581e-08  1.02943e-11
      1277.74  1.02859e-08  8.65299e-12
      1278.07  4.69425e-09  6.24952e-12
      1278.40  2.69722e-09  5.39542e-12
      1278.72  2.04428e-09  5.07823e-12
      1279.05  1.99828e-09  5.00262e-12
      1279.38  2.69778e-09  5.30795e-12
      1279.71  4.13226e-09  5.98232e-12
      1280.03  5.61642e-09  6.86893e-12
      1280.36  4.99583e-09  6.28760e-12
      1280.69  5.26893e-09  6.58036e-12
      1281.02  6.91622e-09  7.31927e-12
      1281.34  1.03639e-08  8.90072e-12
      1281.67  1.28733e-08  1.00509e-11
      1282.00  9.94909e-09  8.41583e-12
      1282.33  1.00634e-08  8.03328e-12
      1282.66  1.57710e-08  9.79744e-12
      1282.99  2.03339e-08  1.08283e-11
      1283.32  2.04106e-08  1.09804e-11
      1283.65  1.44197e-08  9.43792e-12
      1283.98  7.54196e-09  7.18668e-12
      1284.31  4.23079e-09  5.88893e-12
      1284.64  3.11023e-09  5.45206e-12
      1284.97  3.06540e-09  5.39332e-12
      1285.30  3.58795e-09  5.70930e-12
      1285.63  3.11384e-09  5.24923e-12
      1285.96  2.86265e-09  5.03165e-12
      1286.29  4.38658e-09  6.10672e-12
      1286.62  6.17549e-09  7.35282e-12
      1286.95  5.84186e-09  7.24416e-12
      1287.28  7.34246e-09  7.96654e-12
      1287.61  1.29111e-08  1.06675e-11
      1287.95  1.55484e-08  1.13329e-11
      1288.28  1.54855e-08  1.08393e-11
      1288.61  1.54194e-08  1.03621e-11
      1288.94  1.52433e-08  1.02934e-11
      1289.27  1.08814e-08  8.42653e-12
      1289.61  7.86734e-09  7.37104e-12
      1289.94  6.25529e-09  6.78923e-12
      1290.27  4.21814e-09  5.71790e-12
      1290.61  3.57633e-09  5.43495e-12
      1290.94  2.73662e-09  4.74993e-12
      1291.27  2.00453e-09  4.12434e-12
      1291.61  2.32326e-09  4.25721e-12
      1291.94  3.86591e-09  5.20616e-12
      1292.27  6.73426e-09  6.76798e-12
      1292.61  9.98288e-09  8.80176e-12
      1292.94  7.26919e-09  7.55605e-12
      1293.28  5.33910e-09  6.79573e-12
      1293.61  7.19819e-09  8.08800e-12
      1293.95  9.22504e-09  8.62672e-12
      1294.28  1.40096e-08  1.05058e-11
      1294.62  1.59302e-08  1.10726e-11
      1294.95  1.31537e-08  9.76176e-12
      1295.29  1.25939e-08  9.89205e-12
      1295.62  1.08103e-08  9.25962e-12
      1295.96  7.74841e-09  7.84501e-12
      1296.29  6.66324e-09  7.26504e-12
      1296.63  6.96118e-09  7.20910e-12
      1296.97  8.67404e-09  7.46638e-12
      1297.30  1.36227e-08  8.82355e-12
      1297.64  1.85686e-08  1.02269e-11
      1297.98  1.57958e-08  9.33774e-12
      1298.31  9.89334e-09  7.62029e-12
      1298.65  5.51634e-09  6.02330e-12
      1298.99  4.16604e-09  5.52943e-12
      1299.33  7.32755e-09  7.26628e-12
      1299.66  1.33335e-08  9.94749e-12
      1300.00  1.50467e-08  1.02926e-11
      1300.34  1.30286e-08  9.70630e-12
      1300.68  8.89683e-09  7.96917e-12
      1301.02  9.14478e-09  8.09218e-12
      1301.35  1.59425e-08  1.12195e-11
      1301.69  1.91175e-08  1.23045e-11
      1302.03  1.85129e-08  1.22960e-11
      1302.37  1.63420e-08  1.10778e-11
      1302.71  1.89101e-08  1.17661e-11
      1303.05  2.07191e-08  1.15318e-11
      1303.39  2.37583e-08  1.19302e-11
      1303.73  2.56078e-08  1.22111e-11
      1304.07  2.37403e-08  1.14820e-11
      1304.41  2.42236e-08  1.17528e-11
      1304.75  2.58348e-08  1.23350e-11
      1305.09  2.70656e-08  1.26429e-11
      1305.43  3.20884e-08  1.39224e-11
      1305.77  3.82429e-08  1.52756e-11
      1306.11  3.84120e-08  1.55583e-11
      1306.46  2.57986e-08  1.27044e-11
      1306.80  1.22143e-08  8.95590e-12
      1307.14  6.23475e-09  6.96024e-12
      1307.48  4.22559e-09  6.33066e-12
      1307.82  3.31054e-09  5.82260e-12
      1308.16  3.27502e-09  5.75362e-12
      1308.51  3.92373e-09  6.08247e-12
      1308.85  3.20617e-09  5.33424e-12
      1309.19  2.23959e-09  4.50037e-12
      1309.53  2.03479e-09  4.31512e-12
      1309.88  2.00845e-09  4.29451e-12
      1310.22  2.17654e-09  4.40213e-12
      1310.56  2.87453e-09  4.82676e-12
      1310.91  5.36902e-09  6.03347e-12
      1311.25  1.02300e-08  8.27264e-12
      1311.60  1.03716e-08  8.18678e-12
      1311.94  6.01702e-09  6.20833e-12
      1312.28  3.06725e-09  4.75434e-12
      1312.63  2.05787e-09  4.36791e-12
      1312.97  1.77782e-09  4.42847e-12
      1313.32  2.43145e-09  5.05225e-12
      1313.66  3.94892e-09  6.39592e-12
      1314.01  3.32649e-09  5.90062e-12
      1314.35  1.88420e-09  4.73221e-12
      1314.70  1.40106e-09  4.32310e-12
      1315.05  1.38447e-09  4.06525e-12
      1315.39  1.57603e-09  4.11046e-12
      1315.74  2.04483e-09  4.44988e-12
      1316.08  3.23170e-09  5.13976e-12
      1316.43  6.74850e-09  6.88156e-12
      1316.78  1.13267e-08  9.03085e-12
      1317.12  9.14168e-09  7.96508e-12
      1317.47  4.32379e-09  5.44627e-12
      1317.82  2.47251e-09  4.40411e-12
      1318.17  2.54970e-09  4.44882e-12
      1318.51  4.25401e-09  5.81159e-12
      1318.86  5.28353e-09  6.66937e-12
      1319.21  3.58344e-09  5.79019e-12
      1319.56  2.05084e-09  5.05128e-12
      1319.91  2.04653e-09  5.07732e-12
      1320.25  2.05007e-09  4.90685e-12
      1320.60  2.02836e-09  4.70971e-12
      1320.95  2.49596e-09  4.82127e-12
      1321.30  3.62401e-09  5.34879e-12
      1321.65  7.56700e-09  7.11189e-12
      1322.00  1.44330e-08  1.02676e-11
      1322.35  1.23220e-08  9.35751e-12
      1322.70  6.10155e-09  6.63911e-12
      1323.05  3.75121e-09  5.36711e-12
      1323.40  4.15469e-09  5.56840e-12
      1323.75  4.97595e-09  5.94308e-12
      1324.10  5.17921e-09  6.16611e-12
      1324.45  3.76774e-09  5.38456e-12
      1324.80  2.65456e-09  4.94912e-12
      