227
      1249.95  9.71425e-09  1.13461e-11
      1250.27  4.76945e-09  8.07843e-12
      1250.58  1.49298e-09  5.57166e-12
      1250.89  1.00575e-09  5.12221e-12
      1251.20  1.34974e-09  5.39996e-12
      1251.52  2.17597e-09  6.12232e-12
      1251.83  3.88104e-09  7.67143e-12
      1252.14  5.13162e-09  8.78375e-12
      1252.46  4.93487e-09  8.71226e-12
      1252.77  4.53078e-09  8.15012e-12
      1253.09  7.51156e-09  9.48919e-12
      1253.40  1.45855e-08  1.24836e-11
      1253.71  1.84765e-08  1.40052e-11
      1254.03  1.15424e-08  1.09905e-11
      1254.34  5.37421e-09  7.82323e-12
      1254.66  6.47331e-09  8.78631e-12
      1254.97  1.05840e-08  1.17015e-11
      1255.29  7.22925e-09  9.76649e-12
      1255.60  3.07185e-09  6.78358e-12
      1255.92  3.38677e-09  6.92706e-12
      1256.23  5.90796e-09  7.97172e-12
      1256.55  9.87232e-09  1.01990e-11
      1256.87  7.19396e-09  8.56172e-12
      1257.18  3.10455e-09  6.20002e-12
      1257.50  2.18921e-09  5.74815e-12
      1257.81  2.47521e-09  6.22250e-12
      1258.13  3.16043e-09  6.86636e-12
      1258.45  3.18429e-09  6.73831e-12
      1258.76  3.32917e-09  6.40297e-12
      1259.08  5.99228e-09  7.55750e-12
      1259.40  1.26656e-08  1.04041e-11
      1259.72  1.75717e-08  1.22319e-11
      1260.03  1.33580e-08  1.04978e-11
      1260.35  9.47372e-09  8.84181e-12
      1260.67  1.21874e-08  1.06202e-11
      1260.99  1.14632e-08  1.03547e-11
      1261.30  9.08397e-09  9.50606e-12
      1261.62  1.17745e-08  1.09549e-11
      1261.94  1.18696e-08  9.84120e-12
      1262.26  1.19478e-08  1.07023e-11
      1262.58  7.97994e-09  8.25407e-12
      1262.90  9.06111e-09  8.22030e-12
      1263.22  1.47801e-08  1.10709e-11
      1263.54  1.23159e-08  1.01607e-11
      1263.86  7.49680e-09  8.20765e-12
      1264.17  5.85430e-09  7.80927e-12
      1264.49  4.16885e-09  6.54493e-12
      1264.81  4.44666e-09  6.14051e-12
      1265.13  9.17654e-09  8.34855e-12
      1265.45  1.47020e-08  1.06359e-11
      1265.77  1.33297e-08  1.02974e-11
      1266.10  7.11239e-09  7.87634e-12
      1266.42  3.47161e-09  6.02311e-12
      1266.74  2.90391e-09  5.81244e-12
      1267.06  3.93995e-09  6.42793e-12
      1267.38  8.43642e-09  8.59708e-12
      1267.70  1.64072e-08  1.19262e-11
      1268.02  1.74628e-08  1.14752e-11
      1268.34  1.72261e-08  1.14526e-11
      1268.67  1.54382e-08  1.06584e-11
      1268.99  1.54244e-08  1.11807e-11
      1269.31  1.18899e-08  9.97961e-12
      1269.63  7.61052e-09  8.23328e-12
      1269.95  6.20580e-09  7.58242e-12
      1270.28  7.49248e-09  7.76790e-12
      1270.60  1.31267e-08  1.01929e-11
      1270.92  1.62573e-08  1.09472e-11
      1271.25  1.75565e-08  1.12175e-11
      1271.57  1.72034e-08  1.08085e-11
      1271.89  1.01756e-08  8.27137e-12
      1272.22  4.33838e-09  5.82669e-12
      1272.54  2.60839e-09  5.07948e-12
      1272.86  2.11670e-09  4.77561e-12
      1273.19  1.98445e-09  4.57179e-12
      1273.51  2.43228e-09  4.64981e-12
      1273.84  3.88080e-09  5.49366e-12
      1274.16  5.22342e-09  6.12610e-12
      1274.49  6.86458e-09  6.70923e-12
      1274.81  1.23289e-08  9.29931e-12
      1275.14  1.72063e-08  1.14860e-11
      1275.46  1.55910e-08  1.12363e-11
      1275.79  1.02177e-08  9.31214e-12
      1276.11  6.59711e-09  7.55779e-12
      1276.44  8.57334e-09  8.13473e-12
      1276.76  1.45617e-08  1.06463e-11
      1277.09  1.52456e-08  1.04573e-11
      1277.42  1.56255e-08  1.10967e-11
      1277.74  1.07998e-08  9.33471e-12
      1278.07  4.99339e-09  6.74870e-12
      1278.40  2.87424e-09  5.74131e-12
      1278.72  2.18117e-09  5.27291e-12
      1279.05  2.12685e-09  4.99449e-12
      1279.38  2.85655e-09  5.32149e-12
      1279.71  4.37451e-09  5.92152e-12
      1280.03  5.93952e-09  6.72760e-12
      1280.36  5.36060e-09  6.18310e-12
      1280.69  5.63503e-09  6.46722e-12
      1281.02  7.42916e-09  7.38523e-12
      1281.34  1.10451e-08  8.97775e-12
      1281.67  1.36114e-08  1.00780e-11
      1282.00  1.07247e-08  8.57952e-12
      1282.33  1.08297e-08  8.22599e-12
      1282.66  1.67035e-08  1.00712e-11
      1282.99  2.13899e-08  1.13981e-11
      1283.32  2.13836e-08  1.18000e-11
      1283.65  1.51695e-08  1.03662e-11
      1283.98  7.98070e-09  7.95560e-12
      1284.31  4.48024e-09  6.54496e-12
      1284.64  3.29105e-09  6.09443e-12
      1284.97  3.23141e-09  5.84017e-12
      1285.30  3.78275e-09  6.14500e-12
      1285.63  3.29263e-09  5.63861e-12
      1285.96  2.99965e-09  5.28492e-12
      1286.29  4.57962e-09  6.40181e-12
      1286.62  6.49642e-09  7.73871e-12
      1286.95  6.18186e-09  7.52182e-12
      1287.28  7.69634e-09  8.14930e-12
      1287.61  1.35841e-08  1.08008e-11
      1287.95  1.64368e-08  1.12551e-11
      1288.28  1.64046e-08  1.06210e-11
      1288.61  1.63455e-08  1.01201e-11
      1288.94  1.62653e-08  1.01215e-11
      1289.27  1.16528e-08  8.43292e-12
      1289.61  8.43221e-09  7.45995e-12
      1289.94  6.76059e-09  7.07043e-12
      1290.27  4.53228e-09  6.07385e-12
      1290.61  3.84209e-09  5.82901e-12
      1290.94  2.92404e-09  5.15473e-12
      1291.27  2.11670e-09  4.52543e-12
      1291.61  2.44215e-09  4.68103e-12
      1291.94  4.05488e-09  5.74762e-12
      1292.27  7.01427e-09  7.43715e-12
      1292.61  1.04556e-08  9.64463e-12
      1292.94  7.59853e-09  8.23577e-12
      1293.28  5.57828e-09  7.26600e-12
      1293.61  7.55634e-09  8.62441e-12
      1293.95  9.63634e-09  8.92459e-12
      1294.28  1.47071e-08  1.07602e-11
      1294.62  1.67286e-08  1.11905e-11
      1294.95  1.39056e-08  9.85330e-12
      1295.29  1.33847e-08  9.91324e-12
      1295.62  1.15019e-08  9.25726e-12
      1295.96  8.31702e-09  7.92347e-12
      1296.29  7.17738e-09  7.30814e-12
      1296.63  7.50979e-09  7.24561e-12
      1296.97  9.32925e-09  7.56691e-12
      1297.30  1.45022e-08  9.11764e-12
      1297.64  1.95434e-08  1.07385e-11
      1297.98  1.66611e-08  1.00377e-11
      1298.31  1.05107e-08  8.37538e-12
      1298.65  5.86872e-09  6.72053e-12
      1298.99  4.40866e-09  6.13544e-12
      1299.33  7.63543e-09  7.94736e-12
      1299.66  1.37975e-08  1.07496e-11
      1300.00  1.56396e-08  1.10191e-11
      1300.34  1.35964e-08  1.02595e-11
      1300.68  9.36788e-09  8.40305e-12
      1301.02  9.59326e-09  8.38348e-12
      1301.35  1.66473e-08  1.15580e-11
      1301.69  2.00936e-08  1.26326e-11
      1302.03  1.95066e-08  1.24351e-11
      1302.37  1.72740e-08  1.10984e-11
      1302.71  1.99358e-08  1.16144e-11
      1303.05  2.19356e-08  1.14265e-11
      1303.39  2.50465e-08  1.19225e-11
      1303.73  2.70391e-08  1.25386e-11
      1304.07  2.50205e-08  1.20531e-11
      1304.41  2.54166e-08  1.24913e-11
      1304.75  2.70377e-08  1.33136e-11
      1305.09  2.81699e-08  1.36984e-11
      1305.43  3.32064e-08  1.49778e-11
      1305.77  3.93968e-08  1.63064e-11
      1306.11  3.96128e-08  1.64809e-11
      1306.46  2.67313e-08  1.35064e-11
      1306.80  1.27156e-08  9.53999e-12
      1307.14  6.60653e-09  8.21736e-12
      1307.48  4.65490e-09  1.21353e-11
      1307.82  3.51492e-09  6.08775e-12
      1308.16  3.47742e-09  5.89428e-12
      1308.51  4.21476e-09  6.20898e-12
      1308.85  3.45675e-09  5.36094e-12
      1309.19  2.41767e-09  4.52153e-12
      1309.53  2.19509e-09  4.40591e-12
      1309.88  2.17360e-09  4.40035e-12
      1310.22  2.35841e-09  4.60485e-12
      1310.56  3.08748e-09  5.10678e-12
      1310.91  5.72155e-09  6.46680e-12
      1311.25  1.06682e-08  8.85867e-12
      1311.60  1.07961e-08  8.85122e-12
      1311.94  6.37857e-09  6.70352e-12
      1312.28  3.27653e-09  5.13880e-12
      1312.63  2.16962e-09  4.67783e-12
      1312.97  1.85287e-09  4.60321e-12
      1313.32  2.55525e-09  5.27630e-12
      1313.66  4.13847e-09  6.71957e-12
      1314.01  3.53226e-09  6.16671e-12
      1314.35  2.01638e-09  4.79945e-12
      1314.70  1.49384e-09  4.18080e-12
      1315.05  1.48070e-09  4.01583e-12
      1315.39  1.69120e-09  4.18084e-12
      1315.74  2.19804e-09  4.59776e-12
      1316.08  3.46602e-09  5.48738e-12
      1316.43  7.13670e-09  7.26681e-12
      1316.78  1.19873e-08  9.54956e-12
      1317.12  9.68893e-09  8.44154e-12
      1317.47  4.56163e-09  5.73701e-12
      1317.82  2.59849e-09  4.66611e-12
      1318.17  2.64224e-09  4.66013e-12
      1318.51  4.46155e-09  6.13824e-12
      1318.86  5.61260e-09  7.09727e-12
      1319.21  3.75705e-09  6.12774e-12
      1319.56  2.11724e-09  5.13909e-12
      1319.91  2.15921e-09  5.31532e-12
      1320.25  2.18028e-09  4.97325e-12
      1320.60  2.17286e-09  4.69380e-12
      1320.95  2.70091e-09  4.92510e-12
      1321.30  3.88166e-09  5.54088e-12
      1321.65  8.03940e-09  7.41276e-12
      1322.00  1.52280e-08  1.07515e-11
      1322.35  1.29634e-08  9.86797e-12
      1322.70  6.50566e-09  7.13325e-12
      1323.05  4.01042e-09  5.69847e-12
      1323.40  4.40735e-09  5.87426e-12
      1323.75  5.26612e-09  6.23982e-12
      1324.10  5.47544e-09  6.48612e-12
      1324.45  3.99841e-09  5.72058e-12
      1324.80  2.80998e-09  5.28368e-12
      