227
      1249.95  8.29545e-09  1.05665e-11
      1250.27  3.94663e-09  7.56751e-12
      1250.58  1.22102e-09  5.30810e-12
      1250.89  8.30812e-10  5.07303e-12
      1251.20  1.12965e-09  5.24331e-12
      1251.52  1.84822e-09  5.97858e-12
      1251.83  3.25439e-09  7.55468e-12
      1252.14  4.33178e-09  8.61772e-12
      1252.46  4.09755e-09  8.24845e-12
      1252.77  3.81978e-09  7.99397e-12
      1253.09  6.47102e-09  9.49830e-12
      1253.40  1.26185e-08  1.27223e-11
      1253.71  1.58309e-08  1.41953e-11
      1254.03  9.79624e-09  1.07620e-11
      1254.34  4.59533e-09  7.66498e-12
      1254.66  5.71806e-09  8.09392e-12
      1254.97  9.13977e-09  1.03985e-11
      1255.29  6.08836e-09  8.49681e-12
      1255.60  2.61660e-09  6.23108e-12
      1255.92  2.89627e-09  6.58912e-12
      1256.23  5.15614e-09  7.32687e-12
      1256.55  8.67784e-09  9.31584e-12
      1256.87  6.13401e-09  7.49360e-12
      1257.18  2.63589e-09  5.32660e-12
      1257.50  1.87619e-09  4.97890e-12
      1257.81  2.15117e-09  5.31153e-12
      1258.13  2.71203e-09  5.80984e-12
      1258.45  2.71949e-09  5.75785e-12
      1258.76  2.88225e-09  5.61059e-12
      1259.08  5.30617e-09  6.86867e-12
      1259.40  1.12379e-08  9.48845e-12
      1259.72  1.54561e-08  1.10887e-11
      1260.03  1.16640e-08  9.50744e-12
      1260.35  8.36444e-09  8.12231e-12
      1260.67  1.06031e-08  9.68921e-12
      1260.99  9.88344e-09  9.54890e-12
      1261.30  7.91046e-09  9.02917e-12
      1261.62  9.90348e-09  1.03512e-11
      1261.94  1.03369e-08  9.69732e-12
      1262.26  1.05649e-08  9.97436e-12
      1262.58  7.68840e-09  8.14905e-12
      1262.90  7.99564e-09  8.18956e-12
      1263.22  1.27360e-08  1.10792e-11
      1263.54  1.05001e-08  9.83348e-12
      1263.86  6.39621e-09  7.97102e-12
      1264.17  4.94348e-09  7.39034e-12
      1264.49  3.53012e-09  6.33476e-12
      1264.81  3.79562e-09  6.30219e-12
      1265.13  7.94994e-09  8.58172e-12
      1265.45  1.27631e-08  1.03453e-11
      1265.77  1.14437e-08  9.22373e-12
      1266.10  6.04974e-09  6.72407e-12
      1266.42  2.91397e-09  5.04379e-12
      1266.74  2.44766e-09  4.92757e-12
      1267.06  3.43365e-09  5.50002e-12
      1267.38  7.59487e-09  7.38935e-12
      1267.70  1.42588e-08  1.00260e-11
      1268.02  1.54520e-08  9.91003e-12
      1268.34  1.50452e-08  9.72168e-12
      1268.67  1.36487e-08  9.09882e-12
      1268.99  1.34074e-08  9.45687e-12
      1269.31  1.03460e-08  8.47872e-12
      1269.63  6.57985e-09  7.07953e-12
      1269.95  5.34018e-09  6.66601e-12
      1270.28  6.61081e-09  7.12804e-12
      1270.60  1.15191e-08  9.52977e-12
      1270.92  1.38648e-08  1.02883e-11
      1271.25  1.51612e-08  1.07247e-11
      1271.57  1.50353e-08  1.07619e-11
      1271.89  8.77086e-09  8.31538e-12
      1272.22  3.65246e-09  5.77689e-12
      1272.54  2.18045e-09  5.11414e-12
      1272.86  1.76496e-09  4.85341e-12
      1273.19  1.66119e-09  4.73517e-12
      1273.51  2.05721e-09  4.93935e-12
      1273.84  3.29778e-09  5.75981e-12
      1274.16  4.46495e-09  6.32618e-12
      1274.49  6.00693e-09  6.86367e-12
      1274.81  1.09051e-08  8.79530e-12
      1275.14  1.50904e-08  1.01845e-11
      1275.46  1.35968e-08  9.68312e-12
      1275.79  8.78651e-09  7.83770e-12
      1276.11  5.58898e-09  6.30403e-12
      1276.44  7.33751e-09  7.13240e-12
      1276.76  1.31566e-08  9.49551e-12
      1277.09  1.33947e-08  8.85680e-12
      1277.42  1.36512e-08  9.18963e-12
      1277.74  9.38689e-09  7.71741e-12
      1278.07  4.19845e-09  5.52907e-12
      1278.40  2.39665e-09  4.82007e-12
      1278.72  1.82549e-09  4.66006e-12
      1279.05  1.79526e-09  4.60546e-12
      1279.38  2.44692e-09  4.99806e-12
      1279.71  3.78205e-09  5.85992e-12
      1280.03  5.14419e-09  6.77977e-12
      1280.36  4.55863e-09  6.25669e-12
      1280.69  4.83085e-09  6.63405e-12
      1281.02  6.37459e-09  7.66679e-12
      1281.34  9.67900e-09  9.40718e-12
      1281.67  1.21334e-08  1.09036e-11
      1282.00  9.19123e-09  9.08578e-12
      1282.33  9.27609e-09  8.90493e-12
      1282.66  1.47475e-08  1.13490e-11
      1282.99  1.92599e-08  1.18286e-11
      1283.32  1.90621e-08  1.10196e-11
      1283.65  1.32584e-08  9.04268e-12
      1283.98  6.77811e-09  6.62730e-12
      1284.31  3.75763e-09  5.33383e-12
      1284.64  2.76116e-09  4.82894e-12
      1284.97  2.72774e-09  4.80112e-12
      1285.30  3.20073e-09  5.11988e-12
      1285.63  2.76017e-09  4.77219e-12
      1285.96  2.54207e-09  4.48695e-12
      1286.29  3.95304e-09  5.50334e-12
      1286.62  5.60377e-09  6.79065e-12
      1286.95  5.26452e-09  6.69680e-12
      1287.28  6.70755e-09  7.58140e-12
      1287.61  1.18483e-08  1.05711e-11
      1287.95  1.43381e-08  1.19663e-11
      1288.28  1.43420e-08  1.18068e-11
      1288.61  1.43619e-08  1.12303e-11
      1288.94  1.42672e-08  1.10363e-11
      1289.27  1.01698e-08  9.08618e-12
      1289.61  7.37072e-09  8.07781e-12
      1289.94  5.83034e-09  7.46843e-12
      1290.27  3.91966e-09  6.27945e-12
      1290.61  3.28165e-09  5.78889e-12
      1290.94  2.49088e-09  4.75437e-12
      1291.27  1.83141e-09  4.03644e-12
      1291.61  2.10859e-09  4.06114e-12
      1291.94  3.47844e-09  4.83133e-12
      1292.27  6.10630e-09  6.10817e-12
      1292.61  9.04770e-09  7.83127e-12
      1292.94  6.50358e-09  6.59774e-12
      1293.28  4.78736e-09  6.03429e-12
      1293.61  6.44907e-09  7.23724e-12
      1293.95  8.32962e-09  7.88008e-12
      1294.28  1.27488e-08  9.90293e-12
      1294.62  1.45020e-08  1.06219e-11
      1294.95  1.20355e-08  9.58314e-12
      1295.29  1.15409e-08  9.86902e-12
      1295.62  9.92635e-09  9.40142e-12
      1295.96  7.16156e-09  8.10961e-12
      1296.29  6.19264e-09  7.73770e-12
      1296.63  6.50063e-09  7.83739e-12
      1296.97  8.13926e-09  8.36162e-12
      1297.30  1.29287e-08  9.91484e-12
      1297.64  1.75595e-08  1.07596e-11
      1297.98  1.47714e-08  9.34200e-12
      1298.31  9.10955e-09  7.32629e-12
      1298.65  5.01415e-09  5.61485e-12
      1298.99  3.74393e-09  5.01273e-12
      1299.33  6.61298e-09  6.53713e-12
      1299.66  1.21125e-08  8.94560e-12
      1300.00  1.36473e-08  9.34882e-12
      1300.34  1.17444e-08  8.86428e-12
      1300.68  7.95503e-09  7.29737e-12
      1301.02  8.24119e-09  7.61518e-12
      1301.35  1.46227e-08  1.08044e-11
      1301.69  1.75832e-08  1.20126e-11
      1302.03  1.71041e-08  1.23443e-11
      1302.37  1.51460e-08  1.13611e-11
      1302.71  1.78105e-08  1.25390e-11
      1303.05  1.96135e-08  1.25410e-11
      1303.39  2.26734e-08  1.33616e-11
      1303.73  2.44756e-08  1.38089e-11
      1304.07  2.24795e-08  1.22321e-11
      1304.41  2.29284e-08  1.18561e-11
      1304.75  2.43974e-08  1.21411e-11
      1305.09  2.54944e-08  1.21902e-11
      1305.43  3.01548e-08  1.36224e-11
      1305.77  3.61685e-08  1.47976e-11
      1306.11  3.58151e-08  1.44919e-11
      1306.46  2.37208e-08  1.16500e-11
      1306.80  1.10420e-08  8.13656e-12
      1307.14  5.54228e-09  6.34001e-12
      1307.48  3.71602e-09  5.76627e-12
      1307.82  2.91945e-09  5.48486e-12
      1308.16  2.92979e-09  5.66755e-12
      1308.51  3.53716e-09  6.19225e-12
      1308.85  2.90178e-09  5.55031e-12
      1309.19  2.05072e-09  4.80967e-12
      1309.53  1.88836e-09  4.71063e-12
      1309.88  1.87188e-09  4.77797e-12
      1310.22  2.04404e-09  4.81774e-12
      1310.56  2.70515e-09  4.95451e-12
      1310.91  4.98166e-09  6.04376e-12
      1311.25  9.73547e-09  8.31525e-12
      1311.60  9.67427e-09  7.86076e-12
      1311.94  5.49609e-09  5.80340e-12
      1312.28  2.74162e-09  4.43468e-12
      1312.63  1.81998e-09  4.01560e-12
      1312.97  1.55968e-09  4.05635e-12
      1313.32  2.13014e-09  4.72246e-12
      1313.66  3.52760e-09  6.09504e-12
      1314.01  2.96578e-09  5.69986e-12
      1314.35  1.65373e-09  4.66774e-12
      1314.70  1.24435e-09  4.28760e-12
      1315.05  1.24823e-09  4.24283e-12
      1315.39  1.43730e-09  4.39824e-12
      1315.74  1.88498e-09  4.87894e-12
      1316.08  3.03379e-09  5.60841e-12
      1316.43  6.55326e-09  7.17239e-12
      1316.78  1.06849e-08  8.87909e-12
      1317.12  8.51767e-09  7.67348e-12
      1317.47  3.97690e-09  5.22072e-12
      1317.82  2.24878e-09  4.17371e-12
      1318.17  2.32951e-09  4.19742e-12
      1318.51  3.85324e-09  5.44460e-12
      1318.86  4.70290e-09  6.16688e-12
      1319.21  3.19982e-09  5.71133e-12
      1319.56  1.89125e-09  5.24582e-12
      1319.91  1.85060e-09  5.32587e-12
      1320.25  1.82274e-09  4.99150e-12
      1320.60  1.82110e-09  4.90935e-12
      1320.95  2.26914e-09  5.02270e-12
      1321.30  3.35314e-09  5.70189e-12
      1321.65  7.09478e-09  7.80066e-12
      1322.00  1.35356e-08  1.08540e-11
      1322.35  1.13924e-08  9.31569e-12
      1322.70  5.66127e-09  6.34264e-12
      1323.05  3.45420e-09  5.13223e-12
      1323.40  3.81985e-09  5.28855e-12
      1323.75  4.55109e-09  5.63889e-12
      1324.10  4.70534e-09  5.88220e-12
      1324.45  3.40056e-09  5.11472e-12
      1324.80  2.36054e-09  4.72543e-12
      