227
      1249.95  1.02125e-08  1.20274e-11
      1250.27  4.98786e-09  8.46068e-12
      1250.58  1.54053e-09  5.72019e-12
      1250.89  1.03905e-09  5.40890e-12
      1251.20  1.39940e-09  5.71329e-12
      1251.52  2.25956e-09  6.63992e-12
      1251.83  4.07377e-09  8.27943e-12
      1252.14  5.41184e-09  9.55584e-12
      1252.46  5.21041e-09  9.47079e-12
      1252.77  4.72680e-09  8.75791e-12
      1253.09  7.80364e-09  1.01040e-11
      1253.40  1.51960e-08  1.32668e-11
      1253.71  1.94048e-08  1.50268e-11
      1254.03  1.20218e-08  1.16649e-11
      1254.34  5.55527e-09  8.27344e-12
      1254.66  6.70355e-09  9.30133e-12
      1254.97  1.11571e-08  1.26811e-11
      1255.29  7.56978e-09  1.04919e-11
      1255.60  3.18079e-09  7.20762e-12
      1255.92  3.54793e-09  7.31925e-12
      1256.23  6.14294e-09  8.34777e-12
      1256.55  1.03949e-08  1.07481e-11
      1256.87  7.52621e-09  8.91969e-12
      1257.18  3.23322e-09  6.37968e-12
      1257.50  2.28214e-09  5.96503e-12
      1257.81  2.56821e-09  6.56756e-12
      1258.13  3.31905e-09  7.24963e-12
      1258.45  3.34291e-09  6.88566e-12
      1258.76  3.46541e-09  6.51013e-12
      1259.08  6.20222e-09  7.63829e-12
      1259.40  1.31869e-08  1.05109e-11
      1259.72  1.83821e-08  1.24242e-11
      1260.03  1.38751e-08  1.06339e-11
      1260.35  9.78502e-09  8.93499e-12
      1260.67  1.27720e-08  1.10076e-11
      1260.99  1.19603e-08  1.07591e-11
      1261.30  9.33816e-09  9.67273e-12
      1261.62  1.22162e-08  1.12139e-11
      1261.94  1.23302e-08  1.01249e-11
      1262.26  1.26122e-08  1.04808e-11
      1262.58  8.64986e-09  8.52187e-12
      1262.90  9.46669e-09  8.66946e-12
      1263.22  1.54676e-08  1.19642e-11
      1263.54  1.28890e-08  1.10462e-11
      1263.86  7.88595e-09  8.97651e-12
      1264.17  6.18254e-09  8.34266e-12
      1264.49  4.42937e-09  6.92767e-12
      1264.81  4.64533e-09  6.62670e-12
      1265.13  9.57494e-09  9.04198e-12
      1265.45  1.53292e-08  1.15369e-11
      1265.77  1.38601e-08  1.11513e-11
      1266.10  7.41318e-09  8.49731e-12
      1266.42  3.65872e-09  6.48918e-12
      1266.74  3.05972e-09  6.28472e-12
      1267.06  4.07173e-09  6.95221e-12
      1267.38  8.17719e-09  8.43984e-12
      1267.70  1.75641e-08  1.31084e-11
      1268.02  1.81097e-08  1.19450e-11
      1268.34  1.79428e-08  1.18413e-11
      1268.67  1.60652e-08  1.09616e-11
      1268.99  1.60793e-08  1.14590e-11
      1269.31  1.23896e-08  1.01804e-11
      1269.63  7.97803e-09  8.37064e-12
      1269.95  6.50716e-09  7.66051e-12
      1270.28  7.85094e-09  7.80047e-12
      1270.60  1.35787e-08  1.00786e-11
      1270.92  1.67982e-08  1.11912e-11
      1271.25  1.82287e-08  1.12875e-11
      1271.57  1.77720e-08  1.09540e-11
      1271.89  1.06727e-08  8.59647e-12
      1272.22  4.63672e-09  6.20166e-12
      1272.54  2.77195e-09  5.45544e-12
      1272.86  2.24108e-09  5.17385e-12
      1273.19  2.10190e-09  4.95899e-12
      1273.51  2.56973e-09  5.04004e-12
      1273.84  4.06354e-09  5.92680e-12
      1274.16  5.45751e-09  6.62865e-12
      1274.49  7.21637e-09  7.36327e-12
      1274.81  1.28204e-08  1.02203e-11
      1275.14  1.78007e-08  1.25961e-11
      1275.46  1.61852e-08  1.22278e-11
      1275.79  1.06896e-08  1.01270e-11
      1276.11  6.92843e-09  8.10975e-12
      1276.44  8.92429e-09  8.69284e-12
      1276.76  1.50599e-08  1.11679e-11
      1277.09  1.58535e-08  1.09853e-11
      1277.42  1.61559e-08  1.14659e-11
      1277.74  1.12901e-08  9.72727e-12
      1278.07  5.24797e-09  7.01659e-12
      1278.40  3.00633e-09  5.88086e-12
      1278.72  2.27539e-09  5.33287e-12
      1279.05  2.22169e-09  4.99286e-12
      1279.38  2.98686e-09  5.25418e-12
      1279.71  4.56627e-09  5.90775e-12
      1280.03  6.16816e-09  6.74524e-12
      1280.36  5.65751e-09  6.34550e-12
      1280.69  5.91757e-09  6.67244e-12
      1281.02  7.82160e-09  7.76646e-12
      1281.34  1.15288e-08  9.54999e-12
      1281.67  1.41187e-08  1.10049e-11
      1282.00  1.11405e-08  9.49819e-12
      1282.33  1.12984e-08  8.93218e-12
      1282.66  1.73376e-08  1.10151e-11
      1282.99  2.22022e-08  1.25264e-11
      1283.32  2.22128e-08  1.29946e-11
      1283.65  1.58122e-08  1.14959e-11
      1283.98  8.32988e-09  8.82534e-12
      1284.31  4.67101e-09  7.16267e-12
      1284.64  3.43959e-09  6.45068e-12
      1284.97  3.37118e-09  6.25418e-12
      1285.30  3.96899e-09  6.55147e-12
      1285.63  3.44959e-09  5.89732e-12
      1285.96  3.12278e-09  5.48470e-12
      1286.29  4.76469e-09  6.63746e-12
      1286.62  6.80059e-09  7.94709e-12
      1286.95  6.42944e-09  7.65579e-12
      1287.28  7.94162e-09  8.20144e-12
      1287.61  1.41505e-08  1.09705e-11
      1287.95  1.71220e-08  1.14736e-11
      1288.28  1.70878e-08  1.07698e-11
      1288.61  1.70110e-08  1.02983e-11
      1288.94  1.70404e-08  1.04836e-11
      1289.27  1.21218e-08  8.83661e-12
      1289.61  8.80940e-09  8.00599e-12
      1289.94  7.09072e-09  7.69934e-12
      1290.27  4.72189e-09  6.61821e-12
      1290.61  4.03968e-09  6.41019e-12
      1290.94  3.05500e-09  5.62700e-12
      1291.27  2.20361e-09  4.89856e-12
      1291.61  2.53805e-09  5.05153e-12
      1291.94  4.22825e-09  6.21313e-12
      1292.27  7.30897e-09  7.93529e-12
      1292.61  1.08818e-08  1.03249e-11
      1292.94  7.88223e-09  8.78071e-12
      1293.28  5.86740e-09  7.78663e-12
      1293.61  7.87207e-09  8.87450e-12
      1293.95  1.00391e-08  9.12175e-12
      1294.28  1.52408e-08  1.08011e-11
      1294.62  1.73106e-08  1.11738e-11
      1294.95  1.45213e-08  9.93231e-12
      1295.29  1.39512e-08  9.97800e-12
      1295.62  1.20012e-08  9.41415e-12
      1295.96  8.75877e-09  8.17453e-12
      1296.29  7.55010e-09  7.68096e-12
      1296.63  7.86351e-09  7.59346e-12
      1296.97  9.76479e-09  8.04971e-12
      1297.30  1.50781e-08  9.75394e-12
      1297.64  2.01781e-08  1.15048e-11
      1297.98  1.73274e-08  1.09415e-11
      1298.31  1.09917e-08  9.19101e-12
      1298.65  6.17223e-09  7.41481e-12
      1298.99  4.63273e-09  6.71767e-12
      1299.33  7.92877e-09  8.54773e-12
      1299.66  1.42497e-08  1.13372e-11
      1300.00  1.62213e-08  1.15708e-11
      1300.34  1.41306e-08  1.08157e-11
      1300.68  9.71111e-09  8.86317e-12
      1301.02  9.92447e-09  8.64589e-12
      1301.35  1.72246e-08  1.17949e-11
      1301.69  2.08886e-08  1.29728e-11
      1302.03  2.02925e-08  1.26643e-11
      1302.37  1.79207e-08  1.13048e-11
      1302.71  2.06347e-08  1.17784e-11
      1303.05  2.26839e-08  1.16878e-11
      1303.39  2.58803e-08  1.23528e-11
      1303.73  2.80564e-08  1.30555e-11
      1304.07  2.59103e-08  1.27691e-11
      1304.41  2.62878e-08  1.34274e-11
      1304.75  2.79888e-08  1.43914e-11
      1305.09  2.90587e-08  1.47054e-11
      1305.43  3.41940e-08  1.59929e-11
      1305.77  4.05329e-08  1.73002e-11
      1306.11  4.07867e-08  1.73870e-11
      1306.46  2.75456e-08  1.42148e-11
      1306.80  1.31334e-08  9.97973e-12
      1307.14  6.82007e-09  7.77027e-12
      1307.48  4.68099e-09  7.23583e-12
      1307.82  3.67848e-09  6.28748e-12
      1308.16  3.67331e-09  6.10093e-12
      1308.51  4.42065e-09  6.39924e-12
      1308.85  3.62424e-09  5.52855e-12
      1309.19  2.55653e-09  4.65960e-12
      1309.53  2.30721e-09  4.58510e-12
      1309.88  2.27923e-09  4.57306e-12
      1310.22  2.47750e-09  4.84567e-12
      1310.56  3.24763e-09  5.41321e-12
      1310.91  6.01041e-09  6.87551e-12
      1311.25  1.10152e-08  9.47887e-12
      1311.60  1.11862e-08  9.56947e-12
      1311.94  6.69081e-09  7.21179e-12
      1312.28  3.44967e-09  5.57693e-12
      1312.63  2.27055e-09  4.97981e-12
      1312.97  1.93581e-09  4.89839e-12
      1313.32  2.67074e-09  5.57767e-12
      1313.66  4.30581e-09  7.00849e-12
      1314.01  3.72039e-09  6.41025e-12
      1314.35  2.12047e-09  5.06752e-12
      1314.70  1.56411e-09  4.37180e-12
      1315.05  1.55117e-09  4.16093e-12
      1315.39  1.76448e-09  4.34758e-12
      1315.74  2.29474e-09  4.81825e-12
      1316.08  3.59505e-09  5.65585e-12
      1316.43  7.35741e-09  7.54968e-12
      1316.78  1.25762e-08  1.00829e-11
      1317.12  1.01278e-08  8.86397e-12
      1317.47  4.71717e-09  5.99425e-12
      1317.82  2.69516e-09  4.88406e-12
      1318.17  2.71588e-09  4.88580e-12
      1318.51  4.67267e-09  6.46109e-12
      1318.86  5.91516e-09  7.60610e-12
      1319.21  3.89959e-09  6.50302e-12
      1319.56  2.18796e-09  5.77774e-12
      1319.91  2.24037e-09  5.97410e-12
      1320.25  2.27731e-09  5.30498e-12
      1320.60  2.27494e-09  4.83719e-12
      1320.95  2.81578e-09  5.08718e-12
      1321.30  4.07016e-09  5.74956e-12
      1321.65  8.38775e-09  7.77420e-12
      1322.00  1.56409e-08  1.10476e-11
      1322.35  1.34388e-08  1.02448e-11
      1322.70  6.83354e-09  7.40977e-12
      1323.05  4.21431e-09  5.90995e-12
      1323.40  4.59776e-09  6.03015e-12
      1323.75  5.48374e-09  6.49194e-12
      1324.10  5.70491e-09  6.79407e-12
      1324.45  4.20028e-09  6.09130e-12
      1324.80  2.94346e-09  5.67354e-12
      