227
      1249.95  1.07473e-08  1.30838e-11
      1250.27  5.29907e-09  9.16377e-12
      1250.58  1.70507e-09  6.02951e-12
      1250.89  1.12217e-09  5.44432e-12
      1251.20  1.49116e-09  5.85761e-12
      1251.52  2.41237e-09  6.76397e-12
      1251.83  4.30950e-09  8.46381e-12
      1252.14  5.68768e-09  9.70027e-12
      1252.46  5.48787e-09  9.53420e-12
      1252.77  5.03595e-09  8.75311e-12
      1253.09  8.27198e-09  1.00520e-11
      1253.40  1.59562e-08  1.31248e-11
      1253.71  2.02364e-08  1.46130e-11
      1254.03  1.26082e-08  1.12879e-11
      1254.34  6.00441e-09  8.07981e-12
      1254.66  7.20755e-09  8.99772e-12
      1254.97  1.16564e-08  1.19747e-11
      1255.29  7.96727e-09  9.86096e-12
      1255.60  3.52428e-09  6.92847e-12
      1255.92  3.83309e-09  7.12302e-12
      1256.23  6.65196e-09  8.27930e-12
      1256.55  1.08401e-08  1.05070e-11
      1256.87  7.99711e-09  8.88470e-12
      1257.18  3.61245e-09  6.42333e-12
      1257.50  2.52117e-09  5.95783e-12
      1257.81  2.83818e-09  6.36146e-12
      1258.13  3.58922e-09  7.09387e-12
      1258.45  3.63024e-09  7.08106e-12
      1258.76  3.80604e-09  6.90232e-12
      1259.08  6.77977e-09  8.21002e-12
      1259.40  1.40705e-08  1.13642e-11
      1259.72  1.93379e-08  1.34241e-11
      1260.03  1.47323e-08  1.16792e-11
      1260.35  1.06333e-08  1.00455e-11
      1260.67  1.36020e-08  1.21022e-11
      1260.99  1.27127e-08  1.17839e-11
      1261.30  9.99869e-09  1.02623e-11
      1261.62  1.24348e-08  1.15363e-11
      1261.94  1.31539e-08  1.12899e-11
      1262.26  1.33094e-08  1.19923e-11
      1262.58  9.79169e-09  9.98653e-12
      1262.90  1.02492e-08  9.63592e-12
      1263.22  1.57503e-08  1.25134e-11
      1263.54  1.34771e-08  1.17194e-11
      1263.86  8.46955e-09  9.53585e-12
      1264.17  6.52501e-09  8.63038e-12
      1264.49  4.78183e-09  7.24832e-12
      1264.81  5.08724e-09  6.92976e-12
      1265.13  1.01737e-08  9.18148e-12
      1265.45  1.59834e-08  1.15065e-11
      1265.77  1.45251e-08  1.10202e-11
      1266.10  7.96531e-09  8.27406e-12
      1266.42  4.00457e-09  6.36471e-12
      1266.74  3.32005e-09  6.13919e-12
      1267.06  4.48056e-09  6.71527e-12
      1267.38  9.50884e-09  8.83300e-12
      1267.70  1.79644e-08  1.20008e-11
      1268.02  1.93408e-08  1.17886e-11
      1268.34  1.90202e-08  1.16557e-11
      1268.67  1.72232e-08  1.09443e-11
      1268.99  1.69229e-08  1.13559e-11
      1269.31  1.33275e-08  1.03207e-11
      1269.63  8.63123e-09  8.59500e-12
      1269.95  7.05679e-09  7.99356e-12
      1270.28  8.57238e-09  8.40190e-12
      1270.60  1.41928e-08  1.06062e-11
      1270.92  1.73384e-08  1.13427e-11
      1271.25  1.88097e-08  1.16843e-11
      1271.57  1.85177e-08  1.20404e-11
      1271.89  1.14082e-08  9.70288e-12
      1272.22  5.00908e-09  6.99130e-12
      1272.54  2.97376e-09  6.07014e-12
      1272.86  2.39056e-09  5.63798e-12
      1273.19  2.24294e-09  5.45557e-12
      1273.51  2.73495e-09  5.45814e-12
      1273.84  4.29799e-09  6.37263e-12
      1274.16  5.78798e-09  7.13952e-12
      1274.49  7.58444e-09  7.79889e-12
      1274.81  1.34812e-08  1.05863e-11
      1275.14  1.89014e-08  1.28870e-11
      1275.46  1.72526e-08  1.25061e-11
      1275.79  1.14036e-08  1.01494e-11
      1276.11  7.38889e-09  8.02214e-12
      1276.44  9.21130e-09  8.78162e-12
      1276.76  1.62648e-08  1.17950e-11
      1277.09  1.69469e-08  1.09648e-11
      1277.42  1.71672e-08  1.11576e-11
      1277.74  1.21595e-08  9.50634e-12
      1278.07  5.56520e-09  6.71196e-12
      1278.40  3.22470e-09  5.71407e-12
      1278.72  2.46669e-09  5.23578e-12
      1279.05  2.40061e-09  5.09499e-12
      1279.38  3.21263e-09  5.37171e-12
      1279.71  4.85545e-09  6.16120e-12
      1280.03  6.58173e-09  7.14527e-12
      1280.36  5.96798e-09  6.80434e-12
      1280.69  6.23591e-09  7.27440e-12
      1281.02  8.19876e-09  8.48339e-12
      1281.34  1.21445e-08  1.05019e-11
      1281.67  1.51225e-08  1.21395e-11
      1282.00  1.17012e-08  1.01697e-11
      1282.33  1.16968e-08  9.67139e-12
      1282.66  1.83366e-08  1.20189e-11
      1282.99  2.34870e-08  1.34963e-11
      1283.32  2.36595e-08  1.38651e-11
      1283.65  1.67417e-08  1.18894e-11
      1283.98  8.77273e-09  8.97537e-12
      1284.31  4.98978e-09  7.25237e-12
      1284.64  3.69891e-09  6.49647e-12
      1284.97  3.61892e-09  6.13575e-12
      1285.30  4.30827e-09  6.47528e-12
      1285.63  3.70478e-09  5.73081e-12
      1285.96  3.34980e-09  5.29153e-12
      1286.29  5.11294e-09  6.33836e-12
      1286.62  7.28306e-09  7.68343e-12
      1286.95  6.80877e-09  7.40697e-12
      1287.28  8.43720e-09  8.04025e-12
      1287.61  1.49205e-08  1.09004e-11
      1287.95  1.79444e-08  1.16135e-11
      1288.28  1.79234e-08  1.13254e-11
      1288.61  1.78788e-08  1.10456e-11
      1288.94  1.77928e-08  1.14660e-11
      1289.27  1.27571e-08  9.79043e-12
      1289.61  9.39415e-09  9.08692e-12
      1289.94  7.46688e-09  8.64431e-12
      1290.27  5.09375e-09  7.41082e-12
      1290.61  4.32593e-09  7.11424e-12
      1290.94  3.28306e-09  6.13258e-12
      1291.27  2.41248e-09  5.20548e-12
      1291.61  2.78116e-09  5.36778e-12
      1291.94  4.57655e-09  6.49321e-12
      1292.27  7.86168e-09  8.18047e-12
      1292.61  1.13573e-08  1.01911e-11
      1292.94  8.52699e-09  8.73844e-12
      1293.28  6.36943e-09  7.48237e-12
      1293.61  8.36179e-09  8.41926e-12
      1293.95  1.07862e-08  8.82689e-12
      1294.28  1.59080e-08  1.02557e-11
      1294.62  1.81398e-08  1.07858e-11
      1294.95  1.54156e-08  9.79368e-12
      1295.29  1.45963e-08  9.99652e-12
      1295.62  1.26803e-08  9.72540e-12
      1295.96  9.30394e-09  8.64656e-12
      1296.29  8.00777e-09  8.35092e-12
      1296.63  8.36404e-09  8.49314e-12
      1296.97  1.03429e-08  9.04960e-12
      1297.30  1.58611e-08  1.09812e-11
      1297.64  2.13982e-08  1.30495e-11
      1297.98  1.85148e-08  1.22790e-11
      1298.31  1.17825e-08  1.01554e-11
      1298.65  6.62595e-09  7.98390e-12
      1298.99  4.89370e-09  7.04912e-12
      1299.33  8.32117e-09  8.69507e-12
      1299.66  1.52739e-08  1.14934e-11
      1300.00  1.72667e-08  1.15026e-11
      1300.34  1.51083e-08  1.03929e-11
      1300.68  1.02080e-08  8.24184e-12
      1301.02  1.01450e-08  7.99161e-12
      1301.35  1.83554e-08  1.13914e-11
      1301.69  2.19279e-08  1.23098e-11
      1302.03  2.13601e-08  1.23390e-11
      1302.37  1.84673e-08  1.10653e-11
      1302.71  2.17259e-08  1.21630e-11
      1303.05  2.36634e-08  1.23162e-11
      1303.39  2.71610e-08  1.34021e-11
      1303.73  2.94620e-08  1.44680e-11
      1304.07  2.72471e-08  1.42866e-11
      1304.41  2.77696e-08  1.51120e-11
      1304.75  2.95525e-08  1.61550e-11
      1305.09  3.07899e-08  1.64004e-11
      1305.43  3.59909e-08  1.74149e-11
      1305.77  4.23050e-08  1.82747e-11
      1306.11  4.20928e-08  1.79211e-11
      1306.46  2.88691e-08  1.44419e-11
      1306.80  1.42584e-08  1.01038e-11
      1307.14  7.40683e-09  7.58473e-12
      1307.48  4.96991e-09  6.55564e-12
      1307.82  3.93762e-09  5.97746e-12
      1308.16  3.94523e-09  5.77648e-12
      1308.51  4.60544e-09  6.11480e-12
      1308.85  3.84916e-09  5.38990e-12
      1309.19  2.74906e-09  4.79409e-12
      1309.53  2.48431e-09  4.74080e-12
      1309.88  2.46031e-09  5.00824e-12
      1310.22  2.67446e-09  5.35119e-12
      1310.56  3.51230e-09  6.11906e-12
      1310.91  6.43187e-09  7.83729e-12
      1311.25  1.17055e-08  1.04747e-11
      1311.60  1.19926e-08  1.03441e-11
      1311.94  7.17465e-09  7.86482e-12
      1312.28  3.68871e-09  5.84410e-12
      1312.63  2.44512e-09  5.15812e-12
      1312.97  2.05416e-09  4.87903e-12
      1313.32  2.76080e-09  5.37686e-12
      1313.66  4.69829e-09  6.84175e-12
      1314.01  3.98267e-09  6.16122e-12
      1314.35  2.21871e-09  4.65727e-12
      1314.70  1.65520e-09  4.08894e-12
      1315.05  1.64659e-09  3.95749e-12
      1315.39  1.89311e-09  4.25024e-12
      1315.74  2.44672e-09  4.90102e-12
      1316.08  3.78295e-09  5.94129e-12
      1316.43  7.80100e-09  8.20358e-12
      1316.78  1.36121e-08  1.13170e-11
      1317.12  1.07275e-08  9.86478e-12
      1317.47  5.05412e-09  6.82745e-12
      1317.82  2.92496e-09  5.46713e-12
      1318.17  2.96193e-09  5.43058e-12
      1318.51  4.98816e-09  6.91920e-12
      1318.86  6.20645e-09  7.82386e-12
      1319.21  4.19870e-09  6.60824e-12
      1319.56  2.40181e-09  5.36133e-12
      1319.91  2.41082e-09  5.20782e-12
      1320.25  2.44959e-09  4.86294e-12
      1320.60  2.44501e-09  4.64629e-12
      1320.95  2.99252e-09  4.90539e-12
      1321.30  4.38265e-09  5.68613e-12
      1321.65  8.88524e-09  7.95769e-12
      1322.00  1.63105e-08  1.15832e-11
      1322.35  1.44737e-08  1.12387e-11
      1322.70  7.34951e-09  8.07604e-12
      1323.05  4.51867e-09  6.62272e-12
      1323.40  4.94250e-09  6.76261e-12
      1323.75  5.88832e-09  7.15256e-12
      1324.10  6.12780e-09  7.45066e-12
      1324.45  4.48986e-09  6.53371e-12
      1324.80  3.10867e-09  5.80621e-12
      