227
      1249.95  9.80069e-09  1.18919e-11
      1250.27  4.85564e-09  8.42016e-12
      1250.58  1.55171e-09  5.65029e-12
      1250.89  1.01113e-09  5.09081e-12
      1251.20  1.35256e-09  5.46540e-12
      1251.52  2.20892e-09  6.21585e-12
      1251.83  3.93615e-09  7.72984e-12
      1252.14  5.18982e-09  8.76436e-12
      1252.46  4.99181e-09  8.71721e-12
      1252.77  4.58536e-09  8.11021e-12
      1253.09  7.57174e-09  9.51728e-12
      1253.40  1.46838e-08  1.24731e-11
      1253.71  1.86416e-08  1.39200e-11
      1254.03  1.16070e-08  1.07505e-11
      1254.34  5.43332e-09  7.70792e-12
      1254.66  6.51887e-09  8.66752e-12
      1254.97  1.05362e-08  1.13715e-11
      1255.29  7.27259e-09  9.48459e-12
      1255.60  3.15661e-09  6.68792e-12
      1255.92  3.41066e-09  6.96145e-12
      1256.23  5.97342e-09  8.17401e-12
      1256.55  9.68585e-09  1.02426e-11
      1256.87  7.17876e-09  8.64912e-12
      1257.18  3.16794e-09  6.19823e-12
      1257.50  2.18721e-09  5.74212e-12
      1257.81  2.48127e-09  6.12215e-12
      1258.13  3.13863e-09  6.83780e-12
      1258.45  3.16993e-09  6.78825e-12
      1258.76  3.32862e-09  6.61498e-12
      1259.08  5.99830e-09  7.89532e-12
      1259.40  1.26587e-08  1.08479e-11
      1259.72  1.76004e-08  1.28377e-11
      1260.03  1.34033e-08  1.11199e-11
      1260.35  9.57891e-09  9.48109e-12
      1260.67  1.23550e-08  1.14388e-11
      1260.99  1.16088e-08  1.11724e-11
      1261.30  9.12284e-09  9.75485e-12
      1261.62  1.13406e-08  1.08311e-11
      1261.94  1.21122e-08  1.06348e-11
      1262.26  1.23190e-08  1.06973e-11
      1262.58  9.30021e-09  9.07692e-12
      1262.90  9.42756e-09  9.06166e-12
      1263.22  1.44941e-08  1.16979e-11
      1263.54  1.24402e-08  1.09685e-11
      1263.86  7.72976e-09  8.85672e-12
      1264.17  5.91680e-09  8.08553e-12
      1264.49  4.30962e-09  6.82644e-12
      1264.81  4.57658e-09  6.60375e-12
      1265.13  9.23195e-09  8.79050e-12
      1265.45  1.46085e-08  1.09784e-11
      1265.77  1.32640e-08  1.04411e-11
      1266.10  7.16125e-09  7.77513e-12
      1266.42  3.52167e-09  5.99820e-12
      1266.74  2.90438e-09  5.73916e-12
      1267.06  3.91870e-09  6.31354e-12
      1267.38  8.43090e-09  8.29924e-12
      1267.70  1.62444e-08  1.13920e-11
      1268.02  1.74929e-08  1.11535e-11
      1268.34  1.71790e-08  1.10030e-11
      1268.67  1.55840e-08  1.03205e-11
      1268.99  1.53032e-08  1.06743e-11
      1269.31  1.20551e-08  9.69616e-12
      1269.63  7.73080e-09  8.06262e-12
      1269.95  6.32903e-09  7.57191e-12
      1270.28  7.74557e-09  7.96754e-12
      1270.60  1.30286e-08  1.01340e-11
      1270.92  1.59500e-08  1.07788e-11
      1271.25  1.73379e-08  1.11096e-11
      1271.57  1.71705e-08  1.14878e-11
      1271.89  1.04595e-08  9.15194e-12
      1272.22  4.50747e-09  6.54850e-12
      1272.54  2.66512e-09  5.70407e-12
      1272.86  2.14477e-09  5.36444e-12
      1273.19  2.00824e-09  5.13094e-12
      1273.51  2.43742e-09  5.18542e-12
      1273.84  3.87871e-09  6.06554e-12
      1274.16  5.23310e-09  6.78209e-12
      1274.49  6.76980e-09  7.27260e-12
      1274.81  1.22449e-08  1.00469e-11
      1275.14  1.72592e-08  1.20998e-11
      1275.46  1.56454e-08  1.16472e-11
      1275.79  1.02051e-08  9.38972e-12
      1276.11  6.50006e-09  7.35762e-12
      1276.44  8.33592e-09  7.90073e-12
      1276.76  1.45980e-08  1.04574e-11
      1277.09  1.53351e-08  1.00473e-11
      1277.42  1.56847e-08  1.04243e-11
      1277.74  1.10327e-08  8.79849e-12
      1278.07  5.00154e-09  6.28652e-12
      1278.40  2.88549e-09  5.37243e-12
      1278.72  2.20143e-09  4.90768e-12
      1279.05  2.14979e-09  4.77459e-12
      1279.38  2.90509e-09  5.17762e-12
      1279.71  4.43038e-09  5.96885e-12
      1280.03  6.03674e-09  6.96002e-12
      1280.36  5.41664e-09  6.57556e-12
      1280.69  5.67851e-09  7.06802e-12
      1281.02  7.45229e-09  8.21225e-12
      1281.34  1.11348e-08  1.01787e-11
      1281.67  1.38669e-08  1.17069e-11
      1282.00  1.06288e-08  9.80212e-12
      1282.33  1.06482e-08  9.47737e-12
      1282.66  1.67308e-08  1.16737e-11
      1282.99  2.14347e-08  1.30454e-11
      1283.32  2.14945e-08  1.31544e-11
      1283.65  1.51130e-08  1.11436e-11
      1283.98  7.85393e-09  8.34838e-12
      1284.31  4.41287e-09  6.74542e-12
      1284.64  3.25902e-09  5.92648e-12
      1284.97  3.20807e-09  5.72961e-12
      1285.30  3.80978e-09  5.94977e-12
      1285.63  3.31543e-09  5.27344e-12
      1285.96  3.04007e-09  4.86289e-12
      1286.29  4.66288e-09  5.83930e-12
      1286.62  6.63400e-09  7.09521e-12
      1286.95  6.26058e-09  6.93886e-12
      1287.28  7.82026e-09  7.69451e-12
      1287.61  1.37632e-08  1.04345e-11
      1287.95  1.66024e-08  1.12697e-11
      1288.28  1.65507e-08  1.10317e-11
      1288.61  1.64832e-08  1.08869e-11
      1288.94  1.63102e-08  1.12018e-11
      1289.27  1.16835e-08  9.59247e-12
      1289.61  8.48687e-09  8.73846e-12
      1289.94  6.71340e-09  8.24686e-12
      1290.27  4.53460e-09  7.02966e-12
      1290.61  3.81771e-09  6.72983e-12
      1290.94  2.90538e-09  5.80873e-12
      1291.27  2.12219e-09  4.96516e-12
      1291.61  2.44100e-09  5.01164e-12
      1291.94  4.04323e-09  5.90000e-12
      1292.27  7.04596e-09  7.39065e-12
      1292.61  1.02969e-08  9.12599e-12
      1292.94  7.78780e-09  7.85846e-12
      1293.28  5.76347e-09  6.75443e-12
      1293.61  7.64488e-09  7.67979e-12
      1293.95  9.93345e-09  8.14812e-12
      1294.28  1.47887e-08  9.65901e-12
      1294.62  1.69039e-08  1.02835e-11
      1294.95  1.42252e-08  9.41977e-12
      1295.29  1.34508e-08  9.76216e-12
      1295.62  1.16074e-08  9.52498e-12
      1295.96  8.41583e-09  8.46271e-12
      1296.29  7.20836e-09  8.15544e-12
      1296.63  7.49156e-09  8.30327e-12
      1296.97  9.22816e-09  8.81525e-12
      1297.30  1.43309e-08  1.06764e-11
      1297.64  1.95027e-08  1.26169e-11
      1297.98  1.66666e-08  1.15999e-11
      1298.31  1.04625e-08  9.44384e-12
      1298.65  5.79570e-09  7.34595e-12
      1298.99  4.27888e-09  6.36184e-12
      1299.33  7.49101e-09  7.84553e-12
      1299.66  1.40949e-08  1.04913e-11
      1300.00  1.59225e-08  1.03941e-11
      1300.34  1.39657e-08  9.43938e-12
      1300.68  9.38216e-09  7.50230e-12
      1301.02  9.42962e-09  7.42921e-12
      1301.35  1.71746e-08  1.07678e-11
      1301.69  2.04468e-08  1.17927e-11
      1302.03  1.98289e-08  1.20200e-11
      1302.37  1.71792e-08  1.10169e-11
      1302.71  2.00385e-08  1.22221e-11
      1303.05  2.18584e-08  1.24627e-11
      1303.39  2.49352e-08  1.34310e-11
      1303.73  2.69614e-08  1.43327e-11
      1304.07  2.49049e-08  1.39792e-11
      1304.41  2.51853e-08  1.44478e-11
      1304.75  2.68328e-08  1.51942e-11
      1305.09  2.81981e-08  1.53803e-11
      1305.43  3.32369e-08  1.61779e-11
      1305.77  3.94349e-08  1.68791e-11
      1306.11  3.94183e-08  1.64471e-11
      1306.46  2.70784e-08  1.31440e-11
      1306.80  1.32500e-08  9.12329e-12
      1307.14  6.80379e-09  6.86604e-12
      1307.48  4.55894e-09  6.01254e-12
      1307.82  3.59978e-09  5.56737e-12
      1308.16  3.59131e-09  5.50753e-12
      1308.51  4.18922e-09  5.95136e-12
      1308.85  3.48003e-09  5.38387e-12
      1309.19  2.45226e-09  4.88058e-12
      1309.53  2.19429e-09  4.70965e-12
      1309.88  2.15680e-09  4.92554e-12
      1310.22  2.33202e-09  5.22749e-12
      1310.56  3.05132e-09  5.87107e-12
      1310.91  5.65539e-09  7.39367e-12
      1311.25  1.06315e-08  9.95505e-12
      1311.60  1.09182e-08  9.68694e-12
      1311.94  6.45041e-09  7.18126e-12
      1312.28  3.30112e-09  5.31064e-12
      1312.63  2.19695e-09  4.63209e-12
      1312.97  1.85451e-09  4.46111e-12
      1313.32  2.52542e-09  4.86670e-12
      1313.66  4.36421e-09  6.36967e-12
      1314.01  3.63740e-09  5.70442e-12
      1314.35  2.01793e-09  4.53142e-12
      1314.70  1.50085e-09  4.14814e-12
      1315.05  1.47909e-09  3.98386e-12
      1315.39  1.68200e-09  4.18921e-12
      1315.74  2.16388e-09  4.79672e-12
      1316.08  3.35493e-09  5.82066e-12
      1316.43  6.94609e-09  8.06402e-12
      1316.78  1.20919e-08  1.08013e-11
      1317.12  9.66680e-09  9.41818e-12
      1317.47  4.54961e-09  6.41617e-12
      1317.82  2.61537e-09  5.05709e-12
      1318.17  2.68069e-09  5.00069e-12
      1318.51  4.53108e-09  6.28358e-12
      1318.86  5.67142e-09  7.08702e-12
      1319.21  3.85940e-09  6.01165e-12
      1319.56  2.19141e-09  4.83688e-12
      1319.91  2.18035e-09  4.80142e-12
      1320.25  2.21474e-09  4.64342e-12
      1320.60  2.20366e-09  4.47059e-12
      1320.95  2.68782e-09  4.81482e-12
      1321.30  3.90467e-09  5.56904e-12
      1321.65  7.94796e-09  7.79670e-12
      1322.00  1.48243e-08  1.14092e-11
      1322.35  1.30806e-08  1.08643e-11
      1322.70  6.51210e-09  7.70882e-12
      1323.05  3.98842e-09  6.59924e-12
      1323.40  4.43181e-09  6.39774e-12
      1323.75  5.32516e-09  6.67950e-12
      1324.10  5.59146e-09  6.86682e-12
      1324.45  4.09078e-09  5.94535e-12
      1324.80  2.86076e-09  5.38987e-12
      