227
      1249.95  7.56608e-09  1.07275e-11
      1250.27  3.67337e-09  7.92386e-12
      1250.58  1.14052e-09  5.59662e-12
      1250.89  7.44549e-10  4.92309e-12
      1251.20  9.90971e-10  4.99589e-12
      1251.52  1.63244e-09  5.37230e-12
      1251.83  2.97926e-09  6.59219e-12
      1252.14  3.93756e-09  7.39339e-12
      1252.46  3.73657e-09  7.25347e-12
      1252.77  3.33900e-09  6.85483e-12
      1253.09  5.75244e-09  8.18450e-12
      1253.40  1.16358e-08  1.08373e-11
      1253.71  1.50188e-08  1.21246e-11
      1254.03  9.03239e-09  8.95296e-12
      1254.34  4.02266e-09  6.16102e-12
      1254.66  5.02117e-09  6.87948e-12
      1254.97  8.24232e-09  9.02862e-12
      1255.29  5.61048e-09  7.57164e-12
      1255.60  2.34211e-09  5.49101e-12
      1255.92  2.54473e-09  5.84463e-12
      1256.23  4.62879e-09  7.07142e-12
      1256.55  7.70815e-09  8.95912e-12
      1256.87  5.51669e-09  7.46192e-12
      1257.18  2.36332e-09  5.29284e-12
      1257.50  1.63259e-09  4.89018e-12
      1257.81  1.87777e-09  5.31251e-12
      1258.13  2.39974e-09  5.94092e-12
      1258.45  2.38515e-09  5.91115e-12
      1258.76  2.45230e-09  5.96501e-12
      1259.08  4.55056e-09  7.25179e-12
      1259.40  1.01889e-08  1.02886e-11
      1259.72  1.44572e-08  1.20505e-11
      1260.03  1.06076e-08  9.96483e-12
      1260.35  7.36260e-09  8.25951e-12
      1260.67  9.71827e-09  1.00228e-11
      1260.99  9.03327e-09  9.60302e-12
      1261.30  7.04424e-09  8.47026e-12
      1261.62  8.88486e-09  9.68272e-12
      1261.94  9.48096e-09  9.60371e-12
      1262.26  9.68367e-09  9.60256e-12
      1262.58  7.08627e-09  7.76639e-12
      1262.90  7.35350e-09  7.50647e-12
      1263.22  1.16777e-08  9.69306e-12
      1263.54  9.67741e-09  8.63203e-12
      1263.86  5.86533e-09  6.85341e-12
      1264.17  4.45590e-09  6.30572e-12
      1264.49  3.14057e-09  5.37860e-12
      1264.81  3.36309e-09  5.30201e-12
      1265.13  7.23715e-09  7.17814e-12
      1265.45  1.18278e-08  8.95059e-12
      1265.77  1.05732e-08  8.39914e-12
      1266.10  5.40875e-09  6.14375e-12
      1266.42  2.55031e-09  4.70286e-12
      1266.74  2.13104e-09  4.71842e-12
      1267.06  2.94814e-09  5.32003e-12
      1267.38  6.62182e-09  7.78247e-12
      1267.70  1.32124e-08  1.13616e-11
      1268.02  1.40395e-08  1.09316e-11
      1268.34  1.37746e-08  1.07572e-11
      1268.67  1.24158e-08  9.99896e-12
      1268.99  1.22605e-08  9.98970e-12
      1269.31  9.44028e-09  8.86296e-12
      1269.63  5.94480e-09  7.36879e-12
      1269.95  4.78983e-09  6.84963e-12
      1270.28  6.03700e-09  7.53188e-12
      1270.60  1.04839e-08  9.79263e-12
      1270.92  1.27073e-08  1.03443e-11
      1271.25  1.39194e-08  1.04386e-11
      1271.57  1.37836e-08  1.03107e-11
      1271.89  8.01873e-09  7.60345e-12
      1272.22  3.33723e-09  5.23296e-12
      1272.54  1.93764e-09  4.44859e-12
      1272.86  1.55299e-09  4.23361e-12
      1273.19  1.45654e-09  4.14657e-12
      1273.51  1.80647e-09  4.39300e-12
      1273.84  2.94691e-09  4.90608e-12
      1274.16  4.00336e-09  5.33570e-12
      1274.49  5.32029e-09  5.71368e-12
      1274.81  9.77075e-09  7.78034e-12
      1275.14  1.37814e-08  9.44082e-12
      1275.46  1.24574e-08  9.25022e-12
      1275.79  8.02447e-09  7.74263e-12
      1276.11  5.09422e-09  6.40530e-12
      1276.44  6.77998e-09  7.32467e-12
      1276.76  1.16614e-08  9.74267e-12
      1277.09  1.23100e-08  9.67541e-12
      1277.42  1.25267e-08  9.95866e-12
      1277.74  8.63434e-09  8.29319e-12
      1278.07  3.85294e-09  5.87633e-12
      1278.40  2.14894e-09  4.99928e-12
      1278.72  1.62118e-09  4.72162e-12
      1279.05  1.58853e-09  4.66058e-12
      1279.38  2.17891e-09  5.01748e-12
      1279.71  3.41080e-09  5.65622e-12
      1280.03  4.66843e-09  6.31505e-12
      1280.36  4.11230e-09  5.60531e-12
      1280.69  4.32327e-09  5.77779e-12
      1281.02  5.74041e-09  6.44178e-12
      1281.34  8.74039e-09  7.85335e-12
      1281.67  1.09967e-08  9.01685e-12
      1282.00  8.42762e-09  7.60354e-12
      1282.33  8.43541e-09  7.39945e-12
      1282.66  1.34499e-08  9.27118e-12
      1282.99  1.74390e-08  1.03506e-11
      1283.32  1.75127e-08  1.05285e-11
      1283.65  1.22311e-08  9.00016e-12
      1283.98  6.20748e-09  6.75853e-12
      1284.31  3.38480e-09  5.61002e-12
      1284.64  2.47106e-09  5.18215e-12
      1284.97  2.43121e-09  5.33766e-12
      1285.30  2.88213e-09  5.71907e-12
      1285.63  2.48384e-09  5.30275e-12
      1285.96  2.27882e-09  4.90595e-12
      1286.29  3.58996e-09  5.78577e-12
      1286.62  5.17936e-09  6.87630e-12
      1286.95  4.77105e-09  6.46791e-12
      1287.28  6.01104e-09  7.09126e-12
      1287.61  1.10886e-08  9.61872e-12
      1287.95  1.33087e-08  1.01324e-11
      1288.28  1.32224e-08  9.81667e-12
      1288.61  1.30942e-08  9.19131e-12
      1288.94  1.32477e-08  9.25182e-12
      1289.27  9.13976e-09  7.39148e-12
      1289.61  6.62733e-09  6.57304e-12
      1289.94  5.27382e-09  6.08367e-12
      1290.27  3.44572e-09  5.19091e-12
      1290.61  2.91586e-09  5.22730e-12
      1290.94  2.21391e-09  4.66520e-12
      1291.27  1.61310e-09  4.21580e-12
      1291.61  1.87364e-09  4.38679e-12
      1291.94  3.12952e-09  5.27285e-12
      1292.27  5.56241e-09  6.75404e-12
      1292.61  8.19174e-09  8.41165e-12
      1292.94  6.08557e-09  7.32159e-12
      1293.28  4.45663e-09  6.50888e-12
      1293.61  5.85283e-09  7.47544e-12
      1293.95  7.70416e-09  8.07776e-12
      1294.28  1.17189e-08  9.56020e-12
      1294.62  1.32682e-08  9.75549e-12
      1294.95  1.11492e-08  8.51450e-12
      1295.29  1.05856e-08  8.28731e-12
      1295.62  8.98999e-09  7.67374e-12
      1295.96  6.49606e-09  6.58320e-12
      1296.29  5.55167e-09  6.22420e-12
      1296.63  5.76149e-09  6.31739e-12
      1296.97  7.25638e-09  6.83598e-12
      1297.30  1.16741e-08  8.56844e-12
      1297.64  1.59256e-08  1.01744e-11
      1297.98  1.33892e-08  9.36480e-12
      1298.31  8.25586e-09  7.76971e-12
      1298.65  4.46549e-09  6.04913e-12
      1298.99  3.27338e-09  5.46448e-12
      1299.33  5.91716e-09  7.23421e-12
      1299.66  1.12973e-08  1.01247e-11
      1300.00  1.27496e-08  1.02759e-11
      1300.34  1.09588e-08  9.49898e-12
      1300.68  7.33819e-09  7.53424e-12
      1301.02  7.47767e-09  7.30835e-12
      1301.35  1.35468e-08  9.86164e-12
      1301.69  1.64865e-08  1.06671e-11
      1302.03  1.59464e-08  1.03044e-11
      1302.37  1.41052e-08  9.29564e-12
      1302.71  1.62587e-08  9.90476e-12
      1303.05  1.81398e-08  1.00321e-11
      1303.39  2.06988e-08  1.06855e-11
      1303.73  2.25253e-08  1.13870e-11
      1304.07  2.07661e-08  1.12338e-11
      1304.41  2.09995e-08  1.18330e-11
      1304.75  2.24733e-08  1.27886e-11
      1305.09  2.36558e-08  1.34795e-11
      1305.43  2.81701e-08  1.48969e-11
      1305.77  3.37533e-08  1.62533e-11
      1306.11  3.37857e-08  1.61591e-11
      1306.46  2.26089e-08  1.27312e-11
      1306.80  1.04983e-08  8.57171e-12
      1307.14  5.13122e-09  6.32875e-12
      1307.48  3.35150e-09  5.44117e-12
      1307.82  2.62641e-09  4.90723e-12
      1308.16  2.64437e-09  4.82768e-12
      1308.51  3.20193e-09  5.13624e-12
      1308.85  2.59345e-09  4.44303e-12
      1309.19  1.81125e-09  3.77999e-12
      1309.53  1.63785e-09  3.79432e-12
      1309.88  1.62010e-09  3.86255e-12
      1310.22  1.75676e-09  4.17451e-12
      1310.56  2.31798e-09  4.78942e-12
      1310.91  4.43171e-09  6.23714e-12
      1311.25  8.75277e-09  8.99710e-12
      1311.60  8.77792e-09  8.91815e-12
      1311.94  4.96460e-09  6.53326e-12
      1312.28  2.46795e-09  4.92361e-12
      1312.63  1.63528e-09  4.33726e-12
      1312.97  1.38441e-09  4.14822e-12
      1313.32  1.89897e-09  4.54688e-12
      1313.66  3.25397e-09  5.65218e-12
      1314.01  2.72604e-09  5.04336e-12
      1314.35  1.49021e-09  3.96440e-12
      1314.70  1.10702e-09  3.44114e-12
      1315.05  1.09501e-09  3.32795e-12
      1315.39  1.25633e-09  3.46257e-12
      1315.74  1.64707e-09  3.82196e-12
      1316.08  2.63466e-09  4.68598e-12
      1316.43  5.61685e-09  6.68666e-12
      1316.78  9.76034e-09  9.23507e-12
      1317.12  7.79234e-09  8.35020e-12
      1317.47  3.51318e-09  5.80746e-12
      1317.82  1.98531e-09  4.68728e-12
      1318.17  2.04794e-09  4.59825e-12
      1318.51  3.46923e-09  5.68449e-12
      1318.86  4.32084e-09  6.31021e-12
      1319.21  2.90821e-09  5.22463e-12
      1319.56  1.64529e-09  4.31577e-12
      1319.91  1.62882e-09  4.28012e-12
      1320.25  1.64910e-09  4.02839e-12
      1320.60  1.64304e-09  3.82798e-12
      1320.95  2.02486e-09  3.99327e-12
      1321.30  3.02447e-09  4.60107e-12
      1321.65  6.57240e-09  6.58604e-12
      1322.00  1.22481e-08  9.59385e-12
      1322.35  1.05596e-08  9.16602e-12
      1322.70  5.20668e-09  6.74545e-12
      1323.05  3.11138e-09  5.64854e-12
      1323.40  3.40358e-09  5.91954e-12
      1323.75  4.07150e-09  6.19066e-12
      1324.10  4.23589e-09  6.22091e-12
      1324.45  3.08532e-09  5.24801e-12
      1324.80  2.12855e-09  4.58481e-12
      