227
      1249.95  7.61422e-09  1.08000e-11
      1250.27  3.68111e-09  7.98093e-12
      1250.58  1.13225e-09  5.63737e-12
      1250.89  7.52394e-10  5.13725e-12
      1251.20  1.00466e-09  5.12919e-12
      1251.52  1.64786e-09  5.68377e-12
      1251.83  3.00481e-09  6.98369e-12
      1252.14  3.95207e-09  7.82382e-12
      1252.46  3.74257e-09  7.69776e-12
      1252.77  3.35373e-09  7.18702e-12
      1253.09  5.76620e-09  8.78763e-12
      1253.40  1.16794e-08  1.17424e-11
      1253.71  1.51455e-08  1.30148e-11
      1254.03  9.06265e-09  9.45054e-12
      1254.34  4.00319e-09  6.49874e-12
      1254.66  5.01788e-09  7.19012e-12
      1254.97  8.33146e-09  9.43331e-12
      1255.29  5.65678e-09  7.80421e-12
      1255.60  2.32997e-09  5.55142e-12
      1255.92  2.56101e-09  5.84144e-12
      1256.23  4.62826e-09  6.88537e-12
      1256.55  7.75438e-09  8.67309e-12
      1256.87  5.57356e-09  7.15546e-12
      1257.18  2.35683e-09  5.01562e-12
      1257.50  1.63341e-09  4.67054e-12
      1257.81  1.87545e-09  5.04120e-12
      1258.13  2.41148e-09  5.66817e-12
      1258.45  2.40763e-09  5.67587e-12
      1258.76  2.46062e-09  5.76526e-12
      1259.08  4.56182e-09  7.07671e-12
      1259.40  1.02289e-08  9.86856e-12
      1259.72  1.45916e-08  1.16778e-11
      1260.03  1.06657e-08  9.71635e-12
      1260.35  7.33335e-09  8.10288e-12
      1260.67  9.84619e-09  1.01164e-11
      1260.99  9.13398e-09  9.71910e-12
      1261.30  7.02692e-09  8.53486e-12
      1261.62  8.96376e-09  9.96932e-12
      1261.94  9.52858e-09  9.87072e-12
      1262.26  9.76433e-09  1.00407e-11
      1262.58  7.13208e-09  8.21472e-12
      1262.90  7.32647e-09  8.01122e-12
      1263.22  1.17625e-08  1.03328e-11
      1263.54  9.77669e-09  9.26120e-12
      1263.86  5.87467e-09  7.34402e-12
      1264.17  4.47693e-09  6.78347e-12
      1264.49  3.16267e-09  5.81401e-12
      1264.81  3.36992e-09  5.63373e-12
      1265.13  7.26563e-09  7.55866e-12
      1265.45  1.18895e-08  9.27369e-12
      1265.77  1.06605e-08  8.57906e-12
      1266.10  5.43788e-09  6.16951e-12
      1266.42  2.55112e-09  4.60819e-12
      1266.74  2.13000e-09  4.52701e-12
      1267.06  2.95261e-09  5.06215e-12
      1267.38  6.67058e-09  7.12930e-12
      1267.70  1.34588e-08  1.00983e-11
      1268.02  1.41849e-08  9.80248e-12
      1268.34  1.38821e-08  9.71503e-12
      1268.67  1.24934e-08  9.07490e-12
      1268.99  1.23391e-08  9.43440e-12
      1269.31  9.50914e-09  8.47417e-12
      1269.63  5.95619e-09  7.14436e-12
      1269.95  4.80104e-09  6.75182e-12
      1270.28  6.03875e-09  7.46291e-12
      1270.60  1.05368e-08  9.87768e-12
      1270.92  1.27858e-08  1.05253e-11
      1271.25  1.40070e-08  1.07712e-11
      1271.57  1.38593e-08  1.07306e-11
      1271.89  8.09086e-09  8.04310e-12
      1272.22  3.36657e-09  5.57622e-12
      1272.54  1.95721e-09  4.80891e-12
      1272.86  1.56672e-09  4.55288e-12
      1273.19  1.46466e-09  4.40267e-12
      1273.51  1.81411e-09  4.60115e-12
      1273.84  2.97098e-09  5.26189e-12
      1274.16  4.02534e-09  5.61102e-12
      1274.49  5.31981e-09  5.86979e-12
      1274.81  9.80764e-09  7.82432e-12
      1275.14  1.38749e-08  9.30179e-12
      1275.46  1.25352e-08  8.95531e-12
      1275.79  8.05644e-09  7.36252e-12
      1276.11  5.10180e-09  6.02315e-12
      1276.44  6.78042e-09  6.81455e-12
      1276.76  1.17300e-08  9.02816e-12
      1277.09  1.24003e-08  8.97514e-12
      1277.42  1.25777e-08  9.28292e-12
      1277.74  8.68422e-09  7.85503e-12
      1278.07  3.87332e-09  5.71036e-12
      1278.40  2.16748e-09  4.88804e-12
      1278.72  1.63327e-09  4.72554e-12
      1279.05  1.60600e-09  4.79097e-12
      1279.38  2.19608e-09  5.33773e-12
      1279.71  3.42003e-09  5.95360e-12
      1280.03  4.65210e-09  6.72601e-12
      1280.36  4.12451e-09  6.09168e-12
      1280.69  4.34417e-09  6.25211e-12
      1281.02  5.77194e-09  6.97169e-12
      1281.34  8.80281e-09  8.55835e-12
      1281.67  1.10927e-08  9.79084e-12
      1282.00  8.48105e-09  8.15895e-12
      1282.33  8.45209e-09  7.75447e-12
      1282.66  1.34998e-08  9.47822e-12
      1282.99  1.75184e-08  1.02855e-11
      1283.32  1.75923e-08  1.01728e-11
      1283.65  1.22917e-08  8.51601e-12
      1283.98  6.22203e-09  6.30944e-12
      1284.31  3.38146e-09  5.17729e-12
      1284.64  2.47281e-09  4.77871e-12
      1284.97  2.44472e-09  4.91778e-12
      1285.30  2.89821e-09  5.33006e-12
      1285.63  2.50603e-09  4.91775e-12
      1285.96  2.29426e-09  4.72197e-12
      1286.29  3.61095e-09  5.71163e-12
      1286.62  5.19428e-09  6.87106e-12
      1286.95  4.82326e-09  6.65282e-12
      1287.28  6.06978e-09  7.45736e-12
      1287.61  1.10955e-08  1.01688e-11
      1287.95  1.33616e-08  1.09351e-11
      1288.28  1.32871e-08  1.06845e-11
      1288.61  1.31776e-08  1.01046e-11
      1288.94  1.33113e-08  1.00230e-11
      1289.27  9.21254e-09  7.94625e-12
      1289.61  6.63095e-09  6.92689e-12
      1289.94  5.25294e-09  6.25547e-12
      1290.27  3.42145e-09  5.15630e-12
      1290.61  2.93601e-09  5.09913e-12
      1290.94  2.22314e-09  4.47076e-12
      1291.27  1.60998e-09  3.93719e-12
      1291.61  1.87634e-09  4.11553e-12
      1291.94  3.14105e-09  4.95413e-12
      1292.27  5.55987e-09  6.25356e-12
      1292.61  8.28752e-09  8.01388e-12
      1292.94  6.09293e-09  7.00924e-12
      1293.28  4.44465e-09  6.37714e-12
      1293.61  5.90354e-09  7.56247e-12
      1293.95  7.73582e-09  8.25310e-12
      1294.28  1.18134e-08  1.00152e-11
      1294.62  1.33758e-08  1.04429e-11
      1294.95  1.11883e-08  9.25757e-12
      1295.29  1.06504e-08  9.14277e-12
      1295.62  9.03533e-09  8.44910e-12
      1295.96  6.51554e-09  7.24708e-12
      1296.29  5.57153e-09  6.74064e-12
      1296.63  5.79060e-09  6.64316e-12
      1296.97  7.28798e-09  6.94822e-12
      1297.30  1.17311e-08  8.40076e-12
      1297.64  1.59894e-08  9.66810e-12
      1297.98  1.34257e-08  8.74439e-12
      1298.31  8.29227e-09  7.15281e-12
      1298.65  4.48944e-09  5.61541e-12
      1298.99  3.30180e-09  5.15076e-12
      1299.33  5.95375e-09  6.82578e-12
      1299.66  1.13710e-08  9.71214e-12
      1300.00  1.28028e-08  1.00232e-11
      1300.34  1.10250e-08  9.35603e-12
      1300.68  7.38928e-09  7.48300e-12
      1301.02  7.51737e-09  7.42358e-12
      1301.35  1.36657e-08  1.05619e-11
      1301.69  1.65772e-08  1.15360e-11
      1302.03  1.60235e-08  1.12973e-11
      1302.37  1.41609e-08  1.02171e-11
      1302.71  1.63250e-08  1.07535e-11
      1303.05  1.82187e-08  1.06933e-11
      1303.39  2.07681e-08  1.09902e-11
      1303.73  2.26214e-08  1.13043e-11
      1304.07  2.09151e-08  1.08228e-11
      1304.41  2.11041e-08  1.11490e-11
      1304.75  2.25868e-08  1.19205e-11
      1305.09  2.37746e-08  1.25149e-11
      1305.43  2.82787e-08  1.39138e-11
      1305.77  3.38676e-08  1.54259e-11
      1306.11  3.38812e-08  1.55927e-11
      1306.46  2.27282e-08  1.26226e-11
      1306.80  1.05579e-08  8.70711e-12
      1307.14  5.16163e-09  6.54790e-12
      1307.48  3.38212e-09  5.77713e-12
      1307.82  2.65675e-09  5.37011e-12
      1308.16  2.67356e-09  5.37388e-12
      1308.51  3.21147e-09  5.64120e-12
      1308.85  2.60230e-09  4.88495e-12
      1309.19  1.82326e-09  4.04455e-12
      1309.53  1.64668e-09  3.88664e-12
      1309.88  1.62343e-09  3.83901e-12
      1310.22  1.76229e-09  4.00537e-12
      1310.56  2.33495e-09  4.47155e-12
      1310.91  4.47584e-09  5.76936e-12
      1311.25  8.74950e-09  8.25457e-12
      1311.60  8.78130e-09  8.13614e-12
      1311.94  4.99339e-09  6.19750e-12
      1312.28  2.47867e-09  4.70283e-12
      1312.63  1.63056e-09  4.25165e-12
      1312.97  1.38018e-09  4.17151e-12
      1313.32  1.90097e-09  4.61539e-12
      1313.66  3.29184e-09  6.02225e-12
      1314.01  2.75097e-09  5.43664e-12
      1314.35  1.50351e-09  4.27009e-12
      1314.70  1.11462e-09  3.74610e-12
      1315.05  1.10643e-09  3.53141e-12
      1315.39  1.26962e-09  3.59227e-12
      1315.74  1.65693e-09  3.87228e-12
      1316.08  2.64019e-09  4.56259e-12
      1316.43  5.61636e-09  6.37950e-12
      1316.78  9.82257e-09  8.67389e-12
      1317.12  7.84862e-09  7.76761e-12
      1317.47  3.51821e-09  5.38900e-12
      1317.82  1.98506e-09  4.44615e-12
      1318.17  2.04535e-09  4.47548e-12
      1318.51  3.48374e-09  5.74536e-12
      1318.86  4.35482e-09  6.43431e-12
      1319.21  2.91326e-09  5.50515e-12
      1319.56  1.62738e-09  4.67810e-12
      1319.91  1.64566e-09  4.59731e-12
      1320.25  1.66876e-09  4.45487e-12
      1320.60  1.64900e-09  4.14728e-12
      1320.95  2.03233e-09  4.24259e-12
      1321.30  3.02623e-09  4.64443e-12
      1321.65  6.56648e-09  6.39086e-12
      1322.00  1.22836e-08  9.15258e-12
      1322.35  1.05699e-08  8.63623e-12
      1322.70  5.21603e-09  6.32866e-12
      1323.05  3.13458e-09  5.29877e-12
      1323.40  3.41802e-09  5.59192e-12
      1323.75  4.09150e-09  6.00942e-12
      1324.10  4.24071e-09  6.17351e-12
      1324.45  3.10135e-09  5.42401e-12
      1324.80  2.14396e-09  4.80026e-12
      