227
      1249.95  8.98321e-09  1.24771e-11
      1250.27  4.43161e-09  9.30121e-12
      1250.58  1.54534e-09  6.60964e-12
      1250.89  1.09966e-09  6.09808e-12
      1251.20  1.41038e-09  6.17271e-12
      1251.52  2.17595e-09  6.72761e-12
      1251.83  3.76464e-09  8.24519e-12
      1252.14  4.84996e-09  9.28830e-12
      1252.46  4.60140e-09  9.27809e-12
      1252.77  4.18897e-09  8.86040e-12
      1253.09  7.06456e-09  1.11054e-11
      1253.40  1.37757e-08  1.51735e-11
      1253.71  1.73380e-08  1.67691e-11
      1254.03  1.05492e-08  1.24966e-11
      1254.34  4.99170e-09  8.42652e-12
      1254.66  6.28696e-09  9.32399e-12
      1254.97  9.76561e-09  1.18878e-11
      1255.29  6.78700e-09  9.91223e-12
      1255.60  3.12659e-09  7.12805e-12
      1255.92  3.41061e-09  7.74291e-12
      1256.23  5.99575e-09  9.22279e-12
      1256.55  9.52107e-09  1.14917e-11
      1256.87  6.79043e-09  9.13009e-12
      1257.18  3.13242e-09  6.23570e-12
      1257.50  2.26419e-09  5.60916e-12
      1257.81  2.56360e-09  5.94136e-12
      1258.13  3.22499e-09  6.54427e-12
      1258.45  3.19016e-09  6.51814e-12
      1258.76  3.29129e-09  6.51509e-12
      1259.08  5.90783e-09  8.18238e-12
      1259.40  1.24508e-08  1.15185e-11
      1259.72  1.70152e-08  1.32409e-11
      1260.03  1.26896e-08  1.10029e-11
      1260.35  9.12617e-09  9.21301e-12
      1260.67  1.15678e-08  1.10824e-11
      1260.99  1.07645e-08  1.08971e-11
      1261.30  8.63934e-09  9.91744e-12
      1261.62  1.05617e-08  1.16123e-11
      1261.94  1.12694e-08  1.18283e-11
      1262.26  1.13716e-08  1.21997e-11
      1262.58  8.38961e-09  9.97448e-12
      1262.90  8.90374e-09  9.92126e-12
      1263.22  1.37226e-08  1.35349e-11
      1263.54  1.12247e-08  1.13048e-11
      1263.86  6.98589e-09  9.09444e-12
      1264.17  5.45993e-09  8.54025e-12
      1264.49  3.88150e-09  7.50677e-12
      1264.81  4.16417e-09  7.47252e-12
      1265.13  8.78065e-09  1.02108e-11
      1265.45  1.40465e-08  1.24814e-11
      1265.77  1.25410e-08  1.13932e-11
      1266.10  6.65600e-09  8.05037e-12
      1266.42  3.36998e-09  5.91896e-12
      1266.74  2.92491e-09  5.73825e-12
      1267.06  4.03440e-09  6.50525e-12
      1267.38  8.62864e-09  9.10972e-12
      1267.70  1.57578e-08  1.24690e-11
      1268.02  1.70119e-08  1.23317e-11
      1268.34  1.65480e-08  1.19340e-11
      1268.67  1.50313e-08  1.08364e-11
      1268.99  1.47372e-08  1.09484e-11
      1269.31  1.12998e-08  9.60738e-12
      1269.63  7.30777e-09  7.96318e-12
      1269.95  5.94222e-09  7.64889e-12
      1270.28  7.30453e-09  8.50939e-12
      1270.60  1.25795e-08  1.15710e-11
      1270.92  1.49192e-08  1.22954e-11
      1271.25  1.62722e-08  1.26965e-11
      1271.57  1.61108e-08  1.26688e-11
      1271.89  9.31731e-09  9.39000e-12
      1272.22  3.95579e-09  6.54413e-12
      1272.54  2.46695e-09  5.71613e-12
      1272.86  2.04375e-09  5.58327e-12
      1273.19  1.95503e-09  5.52148e-12
      1273.51  2.38689e-09  5.95787e-12
      1273.84  3.70198e-09  6.92359e-12
      1274.16  4.94796e-09  7.47400e-12
      1274.49  6.66950e-09  7.97798e-12
      1274.81  1.18448e-08  1.04213e-11
      1275.14  1.64093e-08  1.22710e-11
      1275.46  1.48890e-08  1.16667e-11
      1275.79  9.80261e-09  9.59860e-12
      1276.11  6.41492e-09  7.79265e-12
      1276.44  8.44275e-09  8.75732e-12
      1276.76  1.42814e-08  1.14527e-11
      1277.09  1.47502e-08  1.08175e-11
      1277.42  1.51390e-08  1.10535e-11
      1277.74  1.02739e-08  8.93493e-12
      1278.07  4.70762e-09  6.29681e-12
      1278.40  2.77822e-09  5.42725e-12
      1278.72  2.15155e-09  5.32862e-12
      1279.05  2.10684e-09  5.43137e-12
      1279.38  2.79903e-09  6.15687e-12
      1279.71  4.21242e-09  7.02279e-12
      1280.03  5.62660e-09  8.02736e-12
      1280.36  5.02634e-09  7.29377e-12
      1280.69  5.28010e-09  7.50223e-12
      1281.02  6.98002e-09  8.61029e-12
      1281.34  1.03529e-08  1.06476e-11
      1281.67  1.26513e-08  1.21599e-11
      1282.00  9.94934e-09  1.05571e-11
      1282.33  1.02267e-08  1.04751e-11
      1282.66  1.59732e-08  1.28587e-11
      1282.99  2.05529e-08  1.39159e-11
      1283.32  2.06404e-08  1.34889e-11
      1283.65  1.45121e-08  1.10217e-11
      1283.98  7.56657e-09  7.94466e-12
      1284.31  4.31393e-09  6.40289e-12
      1284.64  3.24995e-09  5.86532e-12
      1284.97  3.20589e-09  5.92249e-12
      1285.30  3.71939e-09  6.33913e-12
      1285.63  3.19615e-09  5.78476e-12
      1285.96  2.95383e-09  5.41162e-12
      1286.29  4.49224e-09  6.44844e-12
      1286.62  6.27807e-09  7.81442e-12
      1286.95  5.76957e-09  7.50339e-12
      1287.28  7.22359e-09  8.45562e-12
      1287.61  1.29821e-08  1.21860e-11
      1287.95  1.53902e-08  1.32089e-11
      1288.28  1.52480e-08  1.30989e-11
      1288.61  1.51695e-08  1.26077e-11
      1288.94  1.51595e-08  1.26011e-11
      1289.27  1.07082e-08  1.01177e-11
      1289.61  7.82495e-09  8.73801e-12
      1289.94  6.30596e-09  8.04711e-12
      1290.27  4.32647e-09  6.77861e-12
      1290.61  3.74137e-09  6.66727e-12
      1290.94  2.89967e-09  5.88483e-12
      1291.27  2.16804e-09  5.12260e-12
      1291.61  2.51354e-09  5.13657e-12
      1291.94  4.07409e-09  5.95498e-12
      1292.27  6.94552e-09  7.38222e-12
      1292.61  9.84138e-09  9.16131e-12
      1292.94  7.28618e-09  7.88373e-12
      1293.28  5.47975e-09  7.21329e-12
      1293.61  7.11749e-09  8.60254e-12
      1293.95  9.26248e-09  9.70249e-12
      1294.28  1.37724e-08  1.19578e-11
      1294.62  1.54020e-08  1.25040e-11
      1294.95  1.29589e-08  1.11377e-11
      1295.29  1.23690e-08  1.11337e-11
      1295.62  1.05100e-08  1.04232e-11
      1295.96  7.67234e-09  8.98960e-12
      1296.29  6.66428e-09  8.57627e-12
      1296.63  7.00561e-09  8.75124e-12
      1296.97  8.79202e-09  9.35964e-12
      1297.30  1.40182e-08  1.12347e-11
      1297.64  1.92021e-08  1.28348e-11
      1297.98  1.60720e-08  1.12188e-11
      1298.31  1.00205e-08  8.89699e-12
      1298.65  5.55346e-09  6.68837e-12
      1298.99  4.18634e-09  6.00796e-12
      1299.33  7.29535e-09  7.94627e-12
      1299.66  1.34473e-08  1.11140e-11
      1300.00  1.49648e-08  1.16070e-11
      1300.34  1.28040e-08  1.07726e-11
      1300.68  8.71400e-09  8.79585e-12
      1301.02  8.94678e-09  8.89148e-12
      1301.35  1.57012e-08  1.24870e-11
      1301.69  1.88604e-08  1.39152e-11
      1302.03  1.81364e-08  1.37923e-11
      1302.37  1.62383e-08  1.28571e-11
      1302.71  1.86404e-08  1.40203e-11
      1303.05  2.08871e-08  1.40507e-11
      1303.39  2.39915e-08  1.45723e-11
      1303.73  2.60507e-08  1.47301e-11
      1304.07  2.43943e-08  1.37984e-11
      1304.41  2.48229e-08  1.39974e-11
      1304.75  2.63080e-08  1.44905e-11
      1305.09  2.75946e-08  1.49162e-11
      1305.43  3.25270e-08  1.63273e-11
      1305.77  3.84367e-08  1.78689e-11
      1306.11  3.80638e-08  1.80737e-11
      1306.46  2.52980e-08  1.44809e-11
      1306.80  1.20351e-08  1.00675e-11
      1307.14  6.14681e-09  7.73297e-12
      1307.48  4.10758e-09  6.84075e-12
      1307.82  3.24720e-09  6.42171e-12
      1308.16  3.26255e-09  6.48425e-12
      1308.51  3.95697e-09  7.13858e-12
      1308.85  3.17713e-09  6.20538e-12
      1309.19  2.29572e-09  5.19688e-12
      1309.53  2.15431e-09  4.97718e-12
      1309.88  2.15936e-09  4.90834e-12
      1310.22  2.35604e-09  4.95052e-12
      1310.56  3.07399e-09  5.55390e-12
      1310.91  5.59962e-09  7.07861e-12
      1311.25  1.04620e-08  9.82796e-12
      1311.60  1.04659e-08  9.67603e-12
      1311.94  6.04438e-09  7.25215e-12
      1312.28  3.08778e-09  5.45190e-12
      1312.63  2.09198e-09  4.82871e-12
      1312.97  1.80755e-09  4.78457e-12
      1313.32  2.44877e-09  5.59243e-12
      1313.66  3.88014e-09  7.13201e-12
      1314.01  3.31094e-09  6.77960e-12
      1314.35  1.91169e-09  5.42573e-12
      1314.70  1.46476e-09  4.92972e-12
      1315.05  1.46992e-09  4.85712e-12
      1315.39  1.69295e-09  4.56905e-12
      1315.74  2.19067e-09  4.91193e-12
      1316.08  3.43960e-09  5.78560e-12
      1316.43  7.07030e-09  7.88241e-12
      1316.78  1.16453e-08  1.04429e-11
      1317.12  9.23598e-09  9.24233e-12
      1317.47  4.40406e-09  6.39137e-12
      1317.82  2.54377e-09  5.21652e-12
      1318.17  2.62604e-09  5.21130e-12
      1318.51  4.28887e-09  6.67263e-12
      1318.86  5.18370e-09  7.63764e-12
      1319.21  3.45939e-09  6.53600e-12
      1319.56  2.05229e-09  5.50828e-12
      1319.91  2.07448e-09  5.68928e-12
      1320.25  2.07249e-09  5.55239e-12
      1320.60  2.07458e-09  5.23707e-12
      1320.95  2.57626e-09  5.48451e-12
      1321.30  3.76392e-09  6.02943e-12
      1321.65  7.88076e-09  8.00560e-12
      1322.00  1.49369e-08  1.14799e-11
      1322.35  1.25360e-08  1.03821e-11
      1322.70  6.19060e-09  7.37368e-12
      1323.05  3.84978e-09  6.04821e-12
      1323.40  4.24520e-09  6.49649e-12
      1323.75  4.99345e-09  6.91739e-12
      1324.10  5.18111e-09  7.23630e-12
      1324.45  3.71456e-09  6.27200e-12
      1324.80  2.61970e-09  5.68650e-12
      