227
      1249.95  1.78675e-08  2.38426e-11
      1250.27  9.27697e-09  1.73075e-11
      1250.58  3.54551e-09  1.16723e-11
      1250.89  2.57648e-09  1.05313e-11
      1251.20  3.25827e-09  1.11015e-11
      1251.52  4.79999e-09  1.20690e-11
      1251.83  8.17348e-09  1.53386e-11
      1252.14  1.06127e-08  1.73536e-11
      1252.46  1.03625e-08  1.73080e-11
      1252.77  9.67513e-09  1.67055e-11
      1253.09  1.50658e-08  2.04927e-11
      1253.40  2.70369e-08  2.71488e-11
      1253.71  3.27795e-08  2.93990e-11
      1254.03  2.13526e-08  2.23823e-11
      1254.34  1.13768e-08  1.53237e-11
      1254.66  1.35754e-08  1.63909e-11
      1254.97  1.96602e-08  2.03096e-11
      1255.29  1.38545e-08  1.66245e-11
      1255.60  7.06814e-09  1.19528e-11
      1255.92  7.53221e-09  1.29082e-11
      1256.23  1.18800e-08  1.52969e-11
      1256.55  1.86976e-08  1.94679e-11
      1256.87  1.33571e-08  1.53527e-11
      1257.18  6.52684e-09  1.04135e-11
      1257.50  4.93610e-09  9.25720e-12
      1257.81  5.52761e-09  9.86573e-12
      1258.13  6.81945e-09  1.12971e-11
      1258.45  6.90507e-09  1.15184e-11
      1258.76  7.32593e-09  1.19917e-11
      1259.08  1.22336e-08  1.54089e-11
      1259.40  2.32345e-08  2.14778e-11
      1259.72  3.05154e-08  2.48061e-11
      1260.03  2.37871e-08  2.10474e-11
      1260.35  1.81106e-08  1.79481e-11
      1260.67  2.21525e-08  2.10815e-11
      1260.99  2.06708e-08  2.08630e-11
      1261.30  1.69539e-08  1.88725e-11
      1261.62  2.06911e-08  2.22777e-11
      1261.94  2.16076e-08  2.22808e-11
      1262.26  2.25121e-08  2.32096e-11
      1262.58  1.66381e-08  1.87059e-11
      1262.90  1.73856e-08  1.84472e-11
      1263.22  2.65402e-08  2.37299e-11
      1263.54  2.23954e-08  2.09691e-11
      1263.86  1.47487e-08  1.69628e-11
      1264.17  1.19711e-08  1.59187e-11
      1264.49  9.13380e-09  1.37889e-11
      1264.81  9.74038e-09  1.38195e-11
      1265.13  1.79292e-08  1.81534e-11
      1265.45  2.67622e-08  2.17234e-11
      1265.77  2.41598e-08  1.96045e-11
      1266.10  1.39266e-08  1.40490e-11
      1266.42  7.76362e-09  1.04928e-11
      1266.74  6.63235e-09  9.91093e-12
      1267.06  8.43470e-09  1.10347e-11
      1267.38  1.61590e-08  1.50873e-11
      1267.70  2.86032e-08  2.12002e-11
      1268.02  3.02113e-08  2.08715e-11
      1268.34  3.03433e-08  2.10675e-11
      1268.67  2.71528e-08  1.91002e-11
      1268.99  2.72506e-08  1.98138e-11
      1269.31  2.15166e-08  1.76363e-11
      1269.63  1.46133e-08  1.50930e-11
      1269.95  1.24084e-08  1.50220e-11
      1270.28  1.47118e-08  1.64790e-11
      1270.60  2.29564e-08  2.17247e-11
      1270.92  2.75237e-08  2.36184e-11
      1271.25  2.98213e-08  2.40719e-11
      1271.57  2.91555e-08  2.37048e-11
      1271.89  1.84725e-08  1.83460e-11
      1272.22  9.04179e-09  1.29790e-11
      1272.54  5.86633e-09  1.11997e-11
      1272.86  4.93934e-09  1.04776e-11
      1273.19  4.68358e-09  1.03854e-11
      1273.51  5.52760e-09  1.08933e-11
      1273.84  8.24002e-09  1.27960e-11
      1274.16  1.06957e-08  1.37533e-11
      1274.49  1.33894e-08  1.38925e-11
      1274.81  2.29226e-08  1.78158e-11
      1275.14  3.11443e-08  2.06208e-11
      1275.46  2.80392e-08  1.94827e-11
      1275.79  1.90035e-08  1.60389e-11
      1276.11  1.29015e-08  1.32610e-11
      1276.44  1.60152e-08  1.48554e-11
      1276.76  2.54152e-08  1.93769e-11
      1277.09  2.68950e-08  1.91415e-11
      1277.42  2.66928e-08  1.92177e-11
      1277.74  1.92050e-08  1.63126e-11
      1278.07  9.75962e-09  1.17426e-11
      1278.40  6.08256e-09  1.00930e-11
      1278.72  4.77802e-09  9.63986e-12
      1279.05  4.68046e-09  1.00370e-11
      1279.38  6.04564e-09  1.15917e-11
      1279.71  8.72599e-09  1.36430e-11
      1280.03  1.13837e-08  1.55599e-11
      1280.36  1.04249e-08  1.39646e-11
      1280.69  1.11680e-08  1.42210e-11
      1281.02  1.43175e-08  1.58955e-11
      1281.34  2.05337e-08  1.93256e-11
      1281.67  2.50529e-08  2.20385e-11
      1282.00  1.96352e-08  1.87567e-11
      1282.33  2.00642e-08  1.85675e-11
      1282.66  3.00575e-08  2.22055e-11
      1282.99  3.72630e-08  2.33121e-11
      1283.32  3.67572e-08  2.22821e-11
      1283.65  2.66183e-08  1.81778e-11
      1283.98  1.48207e-08  1.33447e-11
      1284.31  8.91774e-09  1.09687e-11
      1284.64  6.84828e-09  1.02339e-11
      1284.97  6.75210e-09  1.03354e-11
      1285.30  7.70256e-09  1.14014e-11
      1285.63  6.76649e-09  1.09519e-11
      1285.96  6.31408e-09  1.03788e-11
      1286.29  9.06783e-09  1.23255e-11
      1286.62  1.22361e-08  1.48338e-11
      1286.95  1.15182e-08  1.50357e-11
      1287.28  1.41968e-08  1.64168e-11
      1287.61  2.40156e-08  2.22521e-11
      1287.95  2.84647e-08  2.43502e-11
      1288.28  2.87443e-08  2.43804e-11
      1288.61  2.87668e-08  2.34170e-11
      1288.94  2.90304e-08  2.33725e-11
      1289.27  2.07892e-08  1.84455e-11
      1289.61  1.60036e-08  1.59970e-11
      1289.94  1.33239e-08  1.44626e-11
      1290.27  9.30446e-09  1.19192e-11
      1290.61  7.97416e-09  1.12774e-11
      1290.94  6.23370e-09  1.01769e-11
      1291.27  4.65320e-09  8.58585e-12
      1291.61  5.31874e-09  8.71202e-12
      1291.94  8.30957e-09  1.04861e-11
      1292.27  1.34852e-08  1.32885e-11
      1292.61  1.81393e-08  1.61142e-11
      1292.94  1.40518e-08  1.43391e-11
      1293.28  1.13026e-08  1.35902e-11
      1293.61  1.43079e-08  1.63068e-11
      1293.95  1.79216e-08  1.83468e-11
      1294.28  2.55741e-08  2.24254e-11
      1294.62  2.85381e-08  2.32562e-11
      1294.95  2.47045e-08  2.06623e-11
      1295.29  2.41909e-08  2.06366e-11
      1295.62  2.11076e-08  1.92330e-11
      1295.96  1.60308e-08  1.66484e-11
      1296.29  1.41813e-08  1.57124e-11
      1296.63  1.47658e-08  1.59095e-11
      1296.97  1.76811e-08  1.64334e-11
      1297.30  2.60520e-08  1.89721e-11
      1297.64  3.44931e-08  2.14253e-11
      1297.98  2.95943e-08  1.88734e-11
      1298.31  1.92377e-08  1.51085e-11
      1298.65  1.14064e-08  1.19131e-11
      1298.99  8.97495e-09  1.09998e-11
      1299.33  1.43263e-08  1.45617e-11
      1299.66  2.41233e-08  1.99918e-11
      1300.00  2.71474e-08  2.15998e-11
      1300.34  2.36969e-08  2.03468e-11
      1300.68  1.70869e-08  1.71158e-11
      1301.02  1.75153e-08  1.70652e-11
      1301.35  2.83976e-08  2.26394e-11
      1301.69  3.40662e-08  2.50813e-11
      1302.03  3.29575e-08  2.50144e-11
      1302.37  2.99078e-08  2.30737e-11
      1302.71  3.37890e-08  2.44891e-11
      1303.05  3.69777e-08  2.40980e-11
      1303.39  4.17868e-08  2.43571e-11
      1303.73  4.44278e-08  2.40581e-11
      1304.07  4.17300e-08  2.22893e-11
      1304.41  4.23526e-08  2.26605e-11
      1304.75  4.38329e-08  2.33474e-11
      1305.09  4.51526e-08  2.41433e-11
      1305.43  5.21290e-08  2.71861e-11
      1305.77  6.03036e-08  2.98340e-11
      1306.11  6.02159e-08  3.06738e-11
      1306.46  4.13037e-08  2.53604e-11
      1306.80  2.12403e-08  1.80843e-11
      1307.14  1.21190e-08  1.44788e-11
      1307.48  8.75271e-09  1.29163e-11
      1307.82  7.20731e-09  1.20701e-11
      1308.16  7.24846e-09  1.21706e-11
      1308.51  8.39670e-09  1.30742e-11
      1308.85  7.09958e-09  1.16297e-11
      1309.19  5.27579e-09  9.41728e-12
      1309.53  4.84923e-09  8.70365e-12
      1309.88  4.79083e-09  8.37895e-12
      1310.22  5.14280e-09  8.50615e-12
      1310.56  6.51901e-09  9.42315e-12
      1310.91  1.09585e-08  1.21089e-11
      1311.25  1.84412e-08  1.64276e-11
      1311.60  1.86446e-08  1.70989e-11
      1311.94  1.16633e-08  1.34264e-11
      1312.28  6.51156e-09  1.04103e-11
      1312.63  4.52818e-09  9.29177e-12
      1312.97  3.92424e-09  9.18337e-12
      1313.32  5.22902e-09  1.03902e-11
      1313.66  8.09869e-09  1.34731e-11
      1314.01  6.91087e-09  1.22958e-11
      1314.35  4.27412e-09  9.62466e-12
      1314.70  3.37947e-09  8.42459e-12
      1315.05  3.36611e-09  8.02431e-12
      1315.39  3.76454e-09  8.02822e-12
      1315.74  4.71551e-09  8.98300e-12
      1316.08  6.91901e-09  9.73163e-12
      1316.43  1.29952e-08  1.30029e-11
      1316.78  2.13542e-08  1.74878e-11
      1317.12  1.67290e-08  1.53366e-11
      1317.47  8.30595e-09  1.12156e-11
      1317.82  5.19893e-09  9.16768e-12
      1318.17  5.32726e-09  9.39314e-12
      1318.51  8.65345e-09  1.23957e-11
      1318.86  1.05972e-08  1.43175e-11
      1319.21  7.21800e-09  1.19658e-11
      1319.56  4.37739e-09  9.77242e-12
      1319.91  4.54601e-09  1.02416e-11
      1320.25  4.69769e-09  1.01144e-11
      1320.60  4.73516e-09  9.50210e-12
      1320.95  5.69767e-09  9.69242e-12
      1321.30  8.05528e-09  1.06700e-11
      1321.65  1.49445e-08  1.37672e-11
      1322.00  2.51417e-08  1.85986e-11
      1322.35  2.19579e-08  1.73832e-11
      1322.70  1.19620e-08  1.28474e-11
      1323.05  7.95592e-09  1.11592e-11
      1323.40  8.60990e-09  1.19226e-11
      1323.75  1.01114e-08  1.31065e-11
      1324.10  1.03225e-08  1.37257e-11
      1324.45  7.80642e-09  1.21027e-11
      1324.80  5.72392e-09  1.08199e-11
      