227
      1249.95  1.16046e-08  1.61766e-11
      1250.27  5.84276e-09  1.14810e-11
      1250.58  2.11524e-09  7.76600e-12
      1250.89  1.51208e-09  7.06279e-12
      1251.20  1.92137e-09  7.12148e-12
      1251.52  2.89579e-09  7.67137e-12
      1251.83  5.01825e-09  9.59869e-12
      1252.14  6.49218e-09  1.07762e-11
      1252.46  6.22659e-09  1.07712e-11
      1252.77  5.68461e-09  1.04223e-11
      1253.09  9.32193e-09  1.32218e-11
      1253.40  1.75717e-08  1.82261e-11
      1253.71  2.17304e-08  2.05789e-11
      1254.03  1.35847e-08  1.55633e-11
      1254.34  6.69702e-09  1.08830e-11
      1254.66  8.25738e-09  1.21272e-11
      1254.97  1.23934e-08  1.56264e-11
      1255.29  8.59844e-09  1.31538e-11
      1255.60  4.08542e-09  9.69288e-12
      1255.92  4.41568e-09  1.07864e-11
      1256.23  7.54340e-09  1.33621e-11
      1256.55  1.20111e-08  1.73667e-11
      1256.87  8.46751e-09  1.39601e-11
      1257.18  3.96544e-09  9.49093e-12
      1257.50  2.91169e-09  8.48327e-12
      1257.81  3.29868e-09  8.94642e-12
      1258.13  4.14526e-09  1.03300e-11
      1258.45  4.13699e-09  1.02273e-11
      1258.76  4.36248e-09  1.04231e-11
      1259.08  7.69121e-09  1.31516e-11
      1259.40  1.54893e-08  1.79940e-11
      1259.72  2.08095e-08  2.03729e-11
      1260.03  1.59854e-08  1.66976e-11
      1260.35  1.17900e-08  1.35129e-11
      1260.67  1.46609e-08  1.54148e-11
      1260.99  1.37343e-08  1.48318e-11
      1261.30  1.11920e-08  1.30048e-11
      1261.62  1.36657e-08  1.49687e-11
      1261.94  1.43860e-08  1.46707e-11
      1262.26  1.48247e-08  1.49607e-11
      1262.58  1.07600e-08  1.18475e-11
      1262.90  1.12727e-08  1.14807e-11
      1263.22  1.78817e-08  1.51425e-11
      1263.54  1.45558e-08  1.31450e-11
      1263.86  9.09544e-09  1.06412e-11
      1264.17  7.25080e-09  1.01658e-11
      1264.49  5.32831e-09  8.98537e-12
      1264.81  5.74906e-09  9.53116e-12
      1265.13  1.13130e-08  1.32163e-11
      1265.45  1.74198e-08  1.65166e-11
      1265.77  1.56091e-08  1.53697e-11
      1266.10  8.56281e-09  1.12336e-11
      1266.42  4.46042e-09  8.60009e-12
      1266.74  3.82308e-09  8.36832e-12
      1267.06  5.14214e-09  9.72092e-12
      1267.38  1.06774e-08  1.40340e-11
      1267.70  1.93759e-08  1.98363e-11
      1268.02  2.06516e-08  1.95975e-11
      1268.34  2.05362e-08  1.94629e-11
      1268.67  1.83859e-08  1.77447e-11
      1268.99  1.85730e-08  1.75884e-11
      1269.31  1.42080e-08  1.47774e-11
      1269.63  9.27282e-09  1.19453e-11
      1269.95  7.77894e-09  1.18797e-11
      1270.28  9.45495e-09  1.37781e-11
      1270.60  1.57510e-08  1.58722e-11
      1270.92  1.89051e-08  1.65213e-11
      1271.25  2.04668e-08  1.63361e-11
      1271.57  1.99960e-08  1.56356e-11
      1271.89  1.22041e-08  1.16072e-11
      1272.22  5.50779e-09  7.81100e-12
      1272.54  3.42354e-09  6.66787e-12
      1272.86  2.82539e-09  6.44991e-12
      1273.19  2.67220e-09  6.40970e-12
      1273.51  3.23073e-09  7.00302e-12
      1273.84  4.94951e-09  8.62455e-12
      1274.16  6.48163e-09  9.60434e-12
      1274.49  8.44633e-09  1.04208e-11
      1274.81  1.49183e-08  1.40926e-11
      1275.14  2.05525e-08  1.71496e-11
      1275.46  1.84782e-08  1.67529e-11
      1275.79  1.21315e-08  1.39499e-11
      1276.11  7.95077e-09  1.16646e-11
      1276.44  1.03514e-08  1.35674e-11
      1276.76  1.74777e-08  1.82948e-11
      1277.09  1.82117e-08  1.74588e-11
      1277.42  1.83198e-08  1.73479e-11
      1277.74  1.29158e-08  1.41660e-11
      1278.07  6.12291e-09  9.60301e-12
      1278.40  3.68054e-09  7.84434e-12
      1278.72  2.88452e-09  7.21589e-12
      1279.05  2.84879e-09  7.19634e-12
      1279.38  3.73569e-09  7.88376e-12
      1279.71  5.55078e-09  9.03925e-12
      1280.03  7.27753e-09  1.00162e-11
      1280.36  6.64019e-09  8.79367e-12
      1280.69  7.01326e-09  8.83517e-12
      1281.02  9.12597e-09  9.95901e-12
      1281.34  1.34092e-08  1.24211e-11
      1281.67  1.63855e-08  1.46796e-11
      1282.00  1.25893e-08  1.29189e-11
      1282.33  1.28681e-08  1.34725e-11
      1282.66  2.00402e-08  1.73806e-11
      1282.99  2.53044e-08  1.94043e-11
      1283.32  2.51271e-08  1.94436e-11
      1283.65  1.77301e-08  1.61687e-11
      1283.98  9.43830e-09  1.20309e-11
      1284.31  5.51213e-09  9.96788e-12
      1284.64  4.18517e-09  9.14352e-12
      1284.97  4.14982e-09  9.14206e-12
      1285.30  4.79906e-09  9.92301e-12
      1285.63  4.19973e-09  9.20400e-12
      1285.96  3.89326e-09  8.26258e-12
      1286.29  5.79013e-09  9.37031e-12
      1286.62  7.97636e-09  1.08003e-11
      1286.95  7.54110e-09  9.95273e-12
      1287.28  9.47054e-09  1.07801e-11
      1287.61  1.63387e-08  1.44864e-11
      1287.95  1.94333e-08  1.55650e-11
      1288.28  1.94557e-08  1.54814e-11
      1288.61  1.93822e-08  1.50071e-11
      1288.94  1.93701e-08  1.52367e-11
      1289.27  1.35680e-08  1.23517e-11
      1289.61  1.01726e-08  1.11748e-11
      1289.94  8.18528e-09  1.04949e-11
      1290.27  5.53438e-09  9.06645e-12
      1290.61  4.78820e-09  9.42278e-12
      1290.94  3.69466e-09  8.54778e-12
      1291.27  2.78147e-09  7.73261e-12
      1291.61  3.22476e-09  7.98354e-12
      1291.94  5.16852e-09  9.55894e-12
      1292.27  8.70908e-09  1.17698e-11
      1292.61  1.21471e-08  1.39922e-11
      1292.94  9.25550e-09  1.18373e-11
      1293.28  7.12902e-09  1.04583e-11
      1293.61  9.20163e-09  1.19407e-11
      1293.95  1.19282e-08  1.29054e-11
      1294.28  1.74643e-08  1.50776e-11
      1294.62  1.95558e-08  1.52874e-11
      1294.95  1.66494e-08  1.31856e-11
      1295.29  1.59661e-08  1.29696e-11
      1295.62  1.36501e-08  1.22368e-11
      1295.96  1.00934e-08  1.07855e-11
      1296.29  8.77116e-09  1.06809e-11
      1296.63  9.13868e-09  1.14175e-11
      1296.97  1.11984e-08  1.27288e-11
      1297.30  1.72749e-08  1.59792e-11
      1297.64  2.33883e-08  1.90293e-11
      1297.98  1.96548e-08  1.76412e-11
      1298.31  1.24344e-08  1.41463e-11
      1298.65  7.04533e-09  1.07135e-11
      1298.99  5.41125e-09  9.59169e-12
      1299.33  9.25988e-09  1.24084e-11
      1299.66  1.65529e-08  1.66048e-11
      1300.00  1.86329e-08  1.69617e-11
      1300.34  1.61512e-08  1.53251e-11
      1300.68  1.13072e-08  1.20502e-11
      1301.02  1.16355e-08  1.11770e-11
      1301.35  1.96399e-08  1.47271e-11
      1301.69  2.36285e-08  1.60267e-11
      1302.03  2.26980e-08  1.59837e-11
      1302.37  2.04673e-08  1.52808e-11
      1302.71  2.32109e-08  1.69642e-11
      1303.05  2.56203e-08  1.78086e-11
      1303.39  2.91254e-08  1.94928e-11
      1303.73  3.11598e-08  2.04138e-11
      1304.07  2.91351e-08  1.99356e-11
      1304.41  2.96812e-08  2.11368e-11
      1304.75  3.13398e-08  2.23227e-11
      1305.09  3.27398e-08  2.30858e-11
      1305.43  3.84613e-08  2.52391e-11
      1305.77  4.51951e-08  2.67483e-11
      1306.11  4.51504e-08  2.61247e-11
      1306.46  3.03698e-08  2.01973e-11
      1306.80  1.48661e-08  1.32478e-11
      1307.14  7.95509e-09  9.70961e-12
      1307.48  5.48907e-09  8.20888e-12
      1307.82  4.38992e-09  7.69887e-12
      1308.16  4.39434e-09  7.66278e-12
      1308.51  5.25145e-09  8.49042e-12
      1308.85  4.28206e-09  7.65477e-12
      1309.19  3.09603e-09  7.02499e-12
      1309.53  2.84948e-09  6.82423e-12
      1309.88  2.81907e-09  6.89645e-12
      1310.22  3.05760e-09  7.38485e-12
      1310.56  3.97185e-09  8.57611e-12
      1310.91  7.06712e-09  1.15094e-11
      1311.25  1.26830e-08  1.57674e-11
      1311.60  1.27993e-08  1.52372e-11
      1311.94  7.74031e-09  1.13299e-11
      1312.28  4.11586e-09  8.07320e-12
      1312.63  2.81764e-09  6.82818e-12
      1312.97  2.45224e-09  6.23140e-12
      1313.32  3.30043e-09  6.84370e-12
      1313.66  5.15093e-09  8.78319e-12
      1314.01  4.37531e-09  7.81235e-12
      1314.35  2.59607e-09  6.15351e-12
      1314.70  1.99012e-09  5.70833e-12
      1315.05  1.97474e-09  5.61479e-12
      1315.39  2.23305e-09  5.96690e-12
      1315.74  2.83259e-09  6.80498e-12
      1316.08  4.30420e-09  8.43052e-12
      1316.43  8.67383e-09  1.19123e-11
      1316.78  1.45242e-08  1.63596e-11
      1317.12  1.13206e-08  1.42320e-11
      1317.47  5.51314e-09  9.92364e-12
      1317.82  3.28044e-09  7.68143e-12
      1318.17  3.32797e-09  7.19312e-12
      1318.51  5.62550e-09  8.98457e-12
      1318.86  7.01531e-09  9.91604e-12
      1319.21  4.58559e-09  7.77763e-12
      1319.56  2.65856e-09  6.28802e-12
      1319.91  2.78599e-09  6.62880e-12
      1320.25  2.81211e-09  6.52471e-12
      1320.60  2.80447e-09  6.52824e-12
      1320.95  3.42465e-09  7.17645e-12
      1321.30  4.92403e-09  8.41763e-12
      1321.65  9.74275e-09  1.19349e-11
      1322.00  1.76638e-08  1.75013e-11
      1322.35  1.53112e-08  1.63958e-11
      1322.70  7.81099e-09  1.21136e-11
      1323.05  4.99187e-09  9.78903e-12
      1323.40  5.47670e-09  9.81645e-12
      1323.75  6.50000e-09  1.01352e-11
      1324.10  6.71320e-09  9.93453e-12
      1324.45  5.02149e-09  8.18124e-12
      1324.80  3.56347e-09  6.86782e-12
      