227
      1249.95  1.35622e-08  1.87984e-11
      1250.27  6.90120e-09  1.38371e-11
      1250.58  2.55170e-09  9.50600e-12
      1250.89  1.84912e-09  8.76697e-12
      1251.20  2.33393e-09  9.32881e-12
      1251.52  3.48203e-09  1.02988e-11
      1251.83  6.05560e-09  1.33697e-11
      1252.14  7.87351e-09  1.48444e-11
      1252.46  7.60873e-09  1.50561e-11
      1252.77  7.04790e-09  1.44724e-11
      1253.09  1.13525e-08  1.84851e-11
      1253.40  2.09680e-08  2.50460e-11
      1253.71  2.57430e-08  2.76541e-11
      1254.03  1.64841e-08  2.10712e-11
      1254.34  8.45098e-09  1.43448e-11
      1254.66  1.02636e-08  1.56462e-11
      1254.97  1.51967e-08  1.97737e-11
      1255.29  1.06433e-08  1.63902e-11
      1255.60  5.25416e-09  1.17448e-11
      1255.92  5.67184e-09  1.28675e-11
      1256.23  9.38288e-09  1.52548e-11
      1256.55  1.49992e-08  1.94064e-11
      1256.87  1.06191e-08  1.53025e-11
      1257.18  5.05259e-09  1.01461e-11
      1257.50  3.77518e-09  8.79662e-12
      1257.81  4.24423e-09  9.07459e-12
      1258.13  5.25299e-09  1.01847e-11
      1258.45  5.27727e-09  1.01150e-11
      1258.76  5.54161e-09  1.01816e-11
      1259.08  9.44868e-09  1.27540e-11
      1259.40  1.83847e-08  1.75218e-11
      1259.72  2.43244e-08  1.99782e-11
      1260.03  1.86741e-08  1.66202e-11
      1260.35  1.38884e-08  1.38853e-11
      1260.67  1.71076e-08  1.63352e-11
      1260.99  1.59176e-08  1.61432e-11
      1261.30  1.29988e-08  1.48033e-11
      1261.62  1.59507e-08  1.78486e-11
      1261.94  1.66825e-08  1.79209e-11
      1262.26  1.73609e-08  1.91410e-11
      1262.58  1.26039e-08  1.54446e-11
      1262.90  1.32572e-08  1.55668e-11
      1263.22  2.08440e-08  2.07306e-11
      1263.54  1.72454e-08  1.82907e-11
      1263.86  1.10198e-08  1.48589e-11
      1264.17  8.87165e-09  1.41940e-11
      1264.49  6.67414e-09  1.24508e-11
      1264.81  7.21053e-09  1.28004e-11
      1265.13  1.38116e-08  1.73317e-11
      1265.45  2.09968e-08  2.10672e-11
      1265.77  1.89416e-08  1.91832e-11
      1266.10  1.07005e-08  1.37831e-11
      1266.42  5.77288e-09  1.02450e-11
      1266.74  4.94328e-09  9.73342e-12
      1267.06  6.51239e-09  1.08453e-11
      1267.38  1.30110e-08  1.47755e-11
      1267.70  2.34822e-08  2.04765e-11
      1268.02  2.47811e-08  1.95733e-11
      1268.34  2.47683e-08  1.91187e-11
      1268.67  2.19942e-08  1.67623e-11
      1268.99  2.20538e-08  1.67961e-11
      1269.31  1.70280e-08  1.43953e-11
      1269.63  1.11896e-08  1.19068e-11
      1269.95  9.34884e-09  1.14680e-11
      1270.28  1.11963e-08  1.26205e-11
      1270.60  1.79945e-08  1.69914e-11
      1270.92  2.16183e-08  1.85205e-11
      1271.25  2.34356e-08  1.92401e-11
      1271.57  2.28545e-08  1.91853e-11
      1271.89  1.41766e-08  1.48829e-11
      1272.22  6.64271e-09  1.04923e-11
      1272.54  4.22414e-09  9.06581e-12
      1272.86  3.53707e-09  8.86437e-12
      1273.19  3.35570e-09  8.94578e-12
      1273.51  4.02177e-09  9.77770e-12
      1273.84  6.12068e-09  1.16640e-11
      1274.16  8.01988e-09  1.27750e-11
      1274.49  1.02526e-08  1.32713e-11
      1274.81  1.80108e-08  1.74123e-11
      1275.14  2.48003e-08  2.05810e-11
      1275.46  2.23585e-08  1.94185e-11
      1275.79  1.49672e-08  1.57986e-11
      1276.11  1.00953e-08  1.28737e-11
      1276.44  1.28230e-08  1.42264e-11
      1276.76  2.08765e-08  1.82097e-11
      1277.09  2.19717e-08  1.73324e-11
      1277.42  2.17600e-08  1.67663e-11
      1277.74  1.54282e-08  1.37131e-11
      1278.07  7.48908e-09  9.49407e-12
      1278.40  4.50959e-09  7.90415e-12
      1278.72  3.49670e-09  7.56582e-12
      1279.05  3.42076e-09  7.80613e-12
      1279.38  4.46370e-09  9.05068e-12
      1279.71  6.55603e-09  1.09096e-11
      1280.03  8.60590e-09  1.25931e-11
      1280.36  7.85176e-09  1.20971e-11
      1280.69  8.37982e-09  1.24410e-11
      1281.02  1.08314e-08  1.36943e-11
      1281.34  1.58508e-08  1.72020e-11
      1281.67  1.95438e-08  2.02772e-11
      1282.00  1.51316e-08  1.74413e-11
      1282.33  1.55031e-08  1.77120e-11
      1282.66  2.38698e-08  2.18797e-11
      1282.99  3.00281e-08  2.34546e-11
      1283.32  2.98075e-08  2.26345e-11
      1283.65  2.13944e-08  1.82499e-11
      1283.98  1.17512e-08  1.31846e-11
      1284.31  6.99546e-09  1.05791e-11
      1284.64  5.31844e-09  9.58460e-12
      1284.97  5.22400e-09  9.18503e-12
      1285.30  5.94437e-09  9.72058e-12
      1285.63  5.16205e-09  8.91225e-12
      1285.96  4.75289e-09  8.19738e-12
      1286.29  6.87894e-09  9.54029e-12
      1286.62  9.32090e-09  1.14277e-11
      1286.95  8.77056e-09  1.12500e-11
      1287.28  1.09477e-08  1.28561e-11
      1287.61  1.88132e-08  1.81822e-11
      1287.95  2.23166e-08  2.03067e-11
      1288.28  2.24715e-08  2.08010e-11
      1288.61  2.24844e-08  2.04289e-11
      1288.94  2.27808e-08  2.09415e-11
      1289.27  1.60935e-08  1.67434e-11
      1289.61  1.22409e-08  1.47910e-11
      1289.94  1.01180e-08  1.37129e-11
      1290.27  6.98666e-09  1.13429e-11
      1290.61  6.03134e-09  1.10552e-11
      1290.94  4.72946e-09  9.82273e-12
      1291.27  3.56152e-09  8.35335e-12
      1291.61  4.12160e-09  8.28939e-12
      1291.94  6.48546e-09  9.58536e-12
      1292.27  1.06578e-08  1.16305e-11
      1292.61  1.44814e-08  1.36230e-11
      1292.94  1.10235e-08  1.16675e-11
      1293.28  8.55114e-09  1.06023e-11
      1293.61  1.08195e-08  1.26272e-11
      1293.95  1.37626e-08  1.44794e-11
      1294.28  2.00104e-08  1.80008e-11
      1294.62  2.24257e-08  1.92246e-11
      1294.95  1.92261e-08  1.72846e-11
      1295.29  1.86762e-08  1.76571e-11
      1295.62  1.61395e-08  1.68933e-11
      1295.96  1.21383e-08  1.50632e-11
      1296.29  1.06872e-08  1.46574e-11
      1296.63  1.11824e-08  1.50603e-11
      1296.97  1.36472e-08  1.60724e-11
      1297.30  2.07071e-08  1.90621e-11
      1297.64  2.79643e-08  2.16760e-11
      1297.98  2.38278e-08  1.88209e-11
      1298.31  1.53346e-08  1.45954e-11
      1298.65  8.92971e-09  1.09885e-11
      1298.99  6.88601e-09  9.55698e-12
      1299.33  1.12208e-08  1.20799e-11
      1299.66  1.92518e-08  1.61403e-11
      1300.00  2.14907e-08  1.69195e-11
      1300.34  1.84746e-08  1.57484e-11
      1300.68  1.30762e-08  1.31233e-11
      1301.02  1.34890e-08  1.35122e-11
      1301.35  2.24212e-08  1.87046e-11
      1301.69  2.69605e-08  2.12611e-11
      1302.03  2.60483e-08  2.17210e-11
      1302.37  2.36640e-08  2.06878e-11
      1302.71  2.69801e-08  2.28448e-11
      1303.05  2.97894e-08  2.31211e-11
      1303.39  3.39877e-08  2.40344e-11
      1303.73  3.64123e-08  2.41365e-11
      1304.07  3.42255e-08  2.24663e-11
      1304.41  3.49818e-08  2.25142e-11
      1304.75  3.68421e-08  2.27047e-11
      1305.09  3.81247e-08  2.24560e-11
      1305.43  4.41861e-08  2.40818e-11
      1305.77  5.12136e-08  2.53760e-11
      1306.11  5.08215e-08  2.53166e-11
      1306.46  3.40039e-08  2.03788e-11
      1306.80  1.67061e-08  1.42758e-11
      1307.14  9.15234e-09  1.13736e-11
      1307.48  6.48489e-09  1.03571e-11
      1307.82  5.27886e-09  1.00626e-11
      1308.16  5.31829e-09  1.02984e-11
      1308.51  6.28949e-09  1.15791e-11
      1308.85  5.28295e-09  1.04584e-11
      1309.19  3.88560e-09  8.83980e-12
      1309.53  3.58595e-09  8.35160e-12
      1309.88  3.57683e-09  8.19571e-12
      1310.22  3.87214e-09  8.60542e-12
      1310.56  5.01440e-09  9.27867e-12
      1310.91  8.76135e-09  1.14690e-11
      1311.25  1.50552e-08  1.49409e-11
      1311.60  1.51612e-08  1.47074e-11
      1311.94  9.23742e-09  1.09557e-11
      1312.28  4.93975e-09  8.04936e-12
      1312.63  3.33977e-09  7.00744e-12
      1312.97  2.88201e-09  6.94515e-12
      1313.32  3.89356e-09  8.30006e-12
      1313.66  6.07837e-09  1.10529e-11
      1314.01  5.15716e-09  1.03513e-11
      1314.35  3.12396e-09  8.42721e-12
      1314.70  2.45566e-09  7.64430e-12
      1315.05  2.46764e-09  7.45563e-12
      1315.39  2.79933e-09  7.62135e-12
      1315.74  3.55706e-09  8.25556e-12
      1316.08  5.32361e-09  9.61311e-12
      1316.43  1.04076e-08  1.26677e-11
      1316.78  1.75538e-08  1.68122e-11
      1317.12  1.36759e-08  1.41055e-11
      1317.47  6.60420e-09  9.62793e-12
      1317.82  3.96445e-09  7.51446e-12
      1318.17  3.97540e-09  7.35483e-12
      1318.51  6.56833e-09  9.72583e-12
      1318.86  8.10367e-09  1.15399e-11
      1319.21  5.37983e-09  9.71591e-12
      1319.56  3.18810e-09  8.20842e-12
      1319.91  3.35088e-09  9.15157e-12
      1320.25  3.44343e-09  9.17624e-12
      1320.60  3.49537e-09  8.85771e-12
      1320.95  4.27413e-09  9.44862e-12
      1321.30  6.14391e-09  1.05415e-11
      1321.65  1.18297e-08  1.39283e-11
      1322.00  2.06817e-08  1.88105e-11
      1322.35  1.82230e-08  1.70125e-11
      1322.70  9.63485e-09  1.18018e-11
      1323.05  6.19358e-09  9.50760e-12
      1323.40  6.62106e-09  9.57141e-12
      1323.75  7.69057e-09  1.01312e-11
      1324.10  7.78050e-09  1.05436e-11
      1324.45  5.82403e-09  9.40697e-12
      1324.80  4.20923e-09  8.62253e-12
      