227
      1249.95  1.11201e-08  1.81794e-11
      1250.27  5.22723e-09  1.29840e-11
      1250.58  1.57322e-09  9.02445e-12
      1250.89  1.06546e-09  8.17719e-12
      1251.20  1.49599e-09  8.14722e-12
      1251.52  2.54657e-09  8.67880e-12
      1251.83  4.60834e-09  1.05278e-11
      1252.14  6.01638e-09  1.16948e-11
      1252.46  5.71312e-09  1.15920e-11
      1252.77  5.26825e-09  1.09669e-11
      1253.09  8.99735e-09  1.37566e-11
      1253.40  1.73997e-08  1.88815e-11
      1253.71  2.22057e-08  2.35933e-11
      1254.03  1.13064e-08  1.55868e-11
      1254.34  5.88250e-09  1.08116e-11
      1254.66  7.78184e-09  1.19682e-11
      1254.97  1.22272e-08  1.58635e-11
      1255.29  8.01276e-09  1.28250e-11
      1255.60  3.53761e-09  9.53601e-12
      1255.92  4.05632e-09  1.06815e-11
      1256.23  7.27174e-09  1.35648e-11
      1256.55  1.13007e-08  1.69330e-11
      1256.87  7.96011e-09  1.37531e-11
      1257.18  3.54071e-09  9.70784e-12
      1257.50  2.51283e-09  8.81479e-12
      1257.81  2.91658e-09  9.24727e-12
      1258.13  3.70775e-09  1.03765e-11
      1258.45  3.67383e-09  1.06058e-11
      1258.76  3.87995e-09  1.09248e-11
      1259.08  7.20028e-09  1.37474e-11
      1259.40  1.53162e-08  1.94897e-11
      1259.72  2.06859e-08  2.21349e-11
      1260.03  1.50954e-08  1.79390e-11
      1260.35  1.10655e-08  1.49285e-11
      1260.67  1.43398e-08  1.74623e-11
      1260.99  1.32113e-08  1.64042e-11
      1261.30  1.06990e-08  1.45466e-11
      1261.62  1.31501e-08  1.67018e-11
      1261.94  1.40639e-08  1.66634e-11
      1262.26  1.41074e-08  1.66500e-11
      1262.58  1.04561e-08  1.35244e-11
      1262.90  1.12920e-08  1.31104e-11
      1263.22  1.69539e-08  1.60852e-11
      1263.54  1.38046e-08  1.40476e-11
      1263.86  8.72621e-09  1.14686e-11
      1264.17  6.82101e-09  1.05750e-11
      1264.49  4.78902e-09  9.20130e-12
      1264.81  5.22525e-09  9.86369e-12
      1265.13  1.19235e-08  1.48084e-11
      1265.45  1.73363e-08  1.66255e-11
      1265.77  1.50496e-08  1.51523e-11
      1266.10  7.82924e-09  1.09084e-11
      1266.42  3.91389e-09  8.26450e-12
      1266.74  3.42500e-09  8.79558e-12
      1267.06  4.86815e-09  1.08357e-11
      1267.38  1.05398e-08  1.43398e-11
      1267.70  1.88347e-08  1.97146e-11
      1268.02  2.02531e-08  1.99925e-11
      1268.34  1.98171e-08  1.97294e-11
      1268.67  1.80775e-08  1.82054e-11
      1268.99  1.77880e-08  1.82993e-11
      1269.31  1.35731e-08  1.59259e-11
      1269.63  8.89687e-09  1.32308e-11
      1269.95  7.31917e-09  1.24143e-11
      1270.28  9.04606e-09  1.33471e-11
      1270.60  1.55737e-08  1.77989e-11
      1270.92  1.83764e-08  1.83473e-11
      1271.25  2.00953e-08  1.85535e-11
      1271.57  1.96726e-08  1.79419e-11
      1271.89  1.13840e-08  1.28176e-11
      1272.22  4.89609e-09  8.60188e-12
      1272.54  2.99653e-09  7.37704e-12
      1272.86  2.43269e-09  6.96380e-12
      1273.19  2.29288e-09  6.83956e-12
      1273.51  2.89223e-09  7.33126e-12
      1273.84  4.59489e-09  8.68302e-12
      1274.16  6.12116e-09  9.65642e-12
      1274.49  8.32868e-09  1.06017e-11
      1274.81  1.46554e-08  1.40117e-11
      1275.14  1.98609e-08  1.67644e-11
      1275.46  1.77412e-08  1.62646e-11
      1275.79  1.15886e-08  1.38028e-11
      1276.11  7.60509e-09  1.18501e-11
      1276.44  1.01964e-08  1.38472e-11
      1276.76  1.73091e-08  1.87958e-11
      1277.09  1.74710e-08  1.78609e-11
      1277.42  1.82318e-08  1.87992e-11
      1277.74  1.21185e-08  1.47168e-11
      1278.07  5.43674e-09  1.01254e-11
      1278.40  3.21111e-09  8.60910e-12
      1278.72  2.46080e-09  7.99859e-12
      1279.05  2.47320e-09  8.04511e-12
      1279.38  3.40077e-09  8.94185e-12
      1279.71  5.21680e-09  1.02362e-11
      1280.03  6.87456e-09  1.10921e-11
      1280.36  6.28052e-09  9.80344e-12
      1280.69  6.66064e-09  9.82285e-12
      1281.02  8.89893e-09  1.09118e-11
      1281.34  1.31212e-08  1.31813e-11
      1281.67  1.56597e-08  1.47038e-11
      1282.00  1.22581e-08  1.29722e-11
      1282.33  1.28754e-08  1.34763e-11
      1282.66  1.97167e-08  1.70118e-11
      1282.99  2.48331e-08  1.92959e-11
      1283.32  2.49284e-08  2.06813e-11
      1283.65  1.53911e-08  1.69137e-11
      1283.98  8.73512e-09  1.20615e-11
      1284.31  5.03280e-09  9.88724e-12
      1284.64  3.73892e-09  9.33628e-12
      1284.97  3.72335e-09  9.72104e-12
      1285.30  4.47522e-09  1.07547e-11
      1285.63  3.81128e-09  1.02265e-11
      1285.96  3.59756e-09  9.43175e-12
      1286.29  5.88958e-09  1.24890e-11
      1286.62  7.65244e-09  1.21950e-11
      1286.95  7.24763e-09  1.12764e-11
      1287.28  9.30659e-09  1.23785e-11
      1287.61  1.59901e-08  1.63849e-11
      1287.95  1.90666e-08  1.75122e-11
      1288.28  1.89903e-08  1.69085e-11
      1288.61  1.90322e-08  1.63340e-11
      1288.94  1.85592e-08  1.59299e-11
      1289.27  1.32124e-08  1.28159e-11
      1289.61  9.81576e-09  1.17418e-11
      1289.94  7.69329e-09  1.03661e-11
      1290.27  5.22294e-09  8.99593e-12
      1290.61  4.46442e-09  9.09425e-12
      1290.94  3.27668e-09  8.36783e-12
      1291.27  2.39767e-09  7.68920e-12
      1291.61  2.84111e-09  8.02690e-12
      1291.94  4.85006e-09  9.87696e-12
      1292.27  8.11814e-09  1.27124e-11
      1292.61  1.03116e-08  1.50101e-11
      1292.94  7.27162e-09  1.37176e-11
      1293.28  6.58139e-09  1.12939e-11
      1293.61  8.97669e-09  1.34176e-11
      1293.95  1.15863e-08  1.44586e-11
      1294.28  1.70742e-08  1.72750e-11
      1294.62  1.90829e-08  1.76344e-11
      1294.95  1.62259e-08  1.49666e-11
      1295.29  1.54658e-08  1.42978e-11
      1295.62  1.32312e-08  1.30141e-11
      1295.96  9.69476e-09  1.11827e-11
      1296.29  8.44427e-09  1.08806e-11
      1296.63  8.86438e-09  1.15210e-11
      1296.97  1.10967e-08  1.27929e-11
      1297.30  1.71774e-08  1.60437e-11
      1297.64  2.25130e-08  1.86009e-11
      1297.98  1.89245e-08  1.70860e-11
      1298.31  1.20080e-08  1.40559e-11
      1298.65  6.67877e-09  1.13382e-11
      1298.99  5.14036e-09  9.99586e-12
      1299.33  9.03527e-09  1.34561e-11
      1299.66  1.64110e-08  1.84542e-11
      1300.00  1.81050e-08  1.84528e-11
      1300.34  1.58236e-08  1.69294e-11
      1300.68  1.05712e-08  1.29741e-11
      1301.02  1.10282e-08  1.25956e-11
      1301.35  1.98210e-08  1.71424e-11
      1301.69  2.32838e-08  1.77905e-11
      1302.03  2.23895e-08  1.73873e-11
      1302.37  1.97377e-08  1.57804e-11
      1302.71  2.29002e-08  1.72239e-11
      1303.05  2.52451e-08  1.78380e-11
      1303.39  2.86852e-08  1.90940e-11
      1303.73  3.07392e-08  1.99564e-11
      1304.07  2.86232e-08  1.96889e-11
      1304.41  2.91715e-08  2.06656e-11
      1304.75  3.09033e-08  2.23543e-11
      1305.09  3.24211e-08  2.35793e-11
      1305.43  3.79744e-08  2.59907e-11
      1305.77  4.43399e-08  2.83879e-11
      1306.11  4.33758e-08  2.79540e-11
      1306.46  2.92818e-08  2.19390e-11
      1306.80  1.44869e-08  1.49214e-11
      1307.14  7.66207e-09  1.10658e-11
      1307.48  5.18239e-09  9.38059e-12
      1307.82  4.10151e-09  8.33427e-12
      1308.16  4.12968e-09  8.24935e-12
      1308.51  4.91355e-09  9.00911e-12
      1308.85  3.90244e-09  7.84664e-12
      1309.19  2.78935e-09  6.69697e-12
      1309.53  2.54603e-09  6.60375e-12
      1309.88  2.50438e-09  6.75776e-12
      1310.22  2.75508e-09  7.36332e-12
      1310.56  3.69319e-09  8.43013e-12
      1310.91  6.85549e-09  1.12959e-11
      1311.25  1.27756e-08  1.64756e-11
      1311.60  1.24980e-08  1.59343e-11
      1311.94  7.13838e-09  1.18388e-11
      1312.28  3.65269e-09  8.78216e-12
      1312.63  2.46542e-09  7.44113e-12
      1312.97  2.12594e-09  6.93756e-12
      1313.32  2.98752e-09  7.67211e-12
      1313.66  4.88272e-09  9.41939e-12
      1314.01  4.06510e-09  8.54984e-12
      1314.35  2.25125e-09  6.59571e-12
      1314.70  1.68739e-09  5.88065e-12
      1315.05  1.67087e-09  5.75330e-12
      1315.39  1.94161e-09  6.07990e-12
      1315.74  2.58291e-09  6.88954e-12
      1316.08  4.15060e-09  8.35779e-12
      1316.43  8.59175e-09  1.20940e-11
      1316.78  1.38653e-08  1.65233e-11
      1317.12  1.08092e-08  1.50363e-11
      1317.47  5.16358e-09  1.03855e-11
      1317.82  2.99391e-09  8.34490e-12
      1318.17  3.17034e-09  8.21313e-12
      1318.51  5.35397e-09  1.00299e-11
      1318.86  6.48107e-09  1.10140e-11
      1319.21  4.23861e-09  8.74719e-12
      1319.56  2.45549e-09  6.92342e-12
      1319.91  2.50725e-09  7.14139e-12
      1320.25  2.50873e-09  6.87394e-12
      1320.60  2.52720e-09  6.76726e-12
      1320.95  3.15251e-09  7.24735e-12
      1321.30  4.62672e-09  8.51099e-12
      1321.65  9.61327e-09  1.17087e-11
      1322.00  1.78079e-08  1.73370e-11
      1322.35  1.46237e-08  1.60351e-11
      1322.70  7.22052e-09  1.18294e-11
      1323.05  4.57996e-09  1.02743e-11
      1323.40  5.22227e-09  1.08488e-11
      1323.75  6.21143e-09  1.13626e-11
      1324.10  6.46298e-09  1.20583e-11
      1324.45  4.59017e-09  9.91095e-12
      1324.80  3.21956e-09  7.84147e-12
      