227
      1249.95  1.18662e-08  1.43089e-11
      1250.27  5.63563e-09  1.05202e-11
      1250.58  1.76327e-09  7.25188e-12
      1250.89  1.18989e-09  7.01535e-12
      1251.20  1.64189e-09  7.21070e-12
      1251.52  2.74397e-09  7.97771e-12
      1251.83  4.96508e-09  9.84659e-12
      1252.14  6.49002e-09  1.13313e-11
      1252.46  6.19298e-09  1.14006e-11
      1252.77  5.66899e-09  1.11621e-11
      1253.09  9.64755e-09  1.40750e-11
      1253.40  1.84477e-08  1.95516e-11
      1253.71  2.26547e-08  2.19872e-11
      1254.03  1.35897e-08  1.62996e-11
      1254.34  6.61808e-09  1.13459e-11
      1254.66  8.45776e-09  1.26598e-11
      1254.97  1.28199e-08  1.61414e-11
      1255.29  8.59434e-09  1.32003e-11
      1255.60  3.93097e-09  9.55089e-12
      1255.92  4.38651e-09  1.05244e-11
      1256.23  7.80953e-09  1.28625e-11
      1256.55  1.22355e-08  1.62101e-11
      1256.87  8.49354e-09  1.27787e-11
      1257.18  3.83429e-09  8.80379e-12
      1257.50  2.73553e-09  7.77069e-12
      1257.81  3.16283e-09  7.91414e-12
      1258.13  4.07052e-09  8.92279e-12
      1258.45  4.04288e-09  8.82354e-12
      1258.76  4.31018e-09  8.81181e-12
      1259.08  7.94402e-09  1.09472e-11
      1259.40  1.63216e-08  1.50650e-11
      1259.72  2.17306e-08  1.68138e-11
      1260.03  1.62901e-08  1.38000e-11
      1260.35  1.21473e-08  1.14434e-11
      1260.67  1.52899e-08  1.32290e-11
      1260.99  1.41027e-08  1.27120e-11
      1261.30  1.15575e-08  1.15257e-11
      1261.62  1.41353e-08  1.35186e-11
      1261.94  1.49332e-08  1.40399e-11
      1262.26  1.51534e-08  1.44541e-11
      1262.58  1.09919e-08  1.17606e-11
      1262.90  1.18678e-08  1.19674e-11
      1263.22  1.83300e-08  1.56137e-11
      1263.54  1.46982e-08  1.37418e-11
      1263.86  9.22155e-09  1.13708e-11
      1264.17  7.32314e-09  1.08865e-11
      1264.49  5.24889e-09  9.56798e-12
      1264.81  5.83032e-09  1.01358e-11
      1265.13  1.18461e-08  1.40045e-11
      1265.45  1.81192e-08  1.71219e-11
      1265.77  1.59464e-08  1.56097e-11
      1266.10  8.55225e-09  1.12486e-11
      1266.42  4.35836e-09  8.44072e-12
      1266.74  3.74571e-09  8.31148e-12
      1267.06  5.21702e-09  9.19780e-12
      1267.38  1.11861e-08  1.28078e-11
      1267.70  2.01163e-08  1.75682e-11
      1268.02  2.13937e-08  1.70121e-11
      1268.34  2.12346e-08  1.67231e-11
      1268.67  1.90523e-08  1.46970e-11
      1268.99  1.91906e-08  1.47321e-11
      1269.31  1.45237e-08  1.23301e-11
      1269.63  9.49716e-09  9.98631e-12
      1269.95  7.94512e-09  9.38517e-12
      1270.28  9.78826e-09  1.02324e-11
      1270.60  1.64886e-08  1.37244e-11
      1270.92  1.96175e-08  1.44143e-11
      1271.25  2.12348e-08  1.48337e-11
      1271.57  2.05400e-08  1.47181e-11
      1271.89  1.22432e-08  1.11402e-11
      1272.22  5.38894e-09  7.82136e-12
      1272.54  3.27751e-09  6.86146e-12
      1272.86  2.66029e-09  6.66889e-12
      1273.19  2.51297e-09  6.84265e-12
      1273.51  3.14092e-09  7.53069e-12
      1273.84  4.98125e-09  9.23952e-12
      1274.16  6.57198e-09  1.01909e-11
      1274.49  8.71646e-09  1.08622e-11
      1274.81  1.55833e-08  1.43660e-11
      1275.14  2.12694e-08  1.69815e-11
      1275.46  1.89156e-08  1.59872e-11
      1275.79  1.23420e-08  1.30977e-11
      1276.11  8.10980e-09  1.07447e-11
      1276.44  1.08023e-08  1.21948e-11
      1276.76  1.82922e-08  1.61355e-11
      1277.09  1.88568e-08  1.50649e-11
      1277.42  1.89653e-08  1.48460e-11
      1277.74  1.30922e-08  1.17515e-11
      1278.07  6.08097e-09  7.92354e-12
      1278.40  3.57506e-09  6.59624e-12
      1278.72  2.73581e-09  6.13130e-12
      1279.05  2.73301e-09  6.23538e-12
      1279.38  3.71799e-09  7.10740e-12
      1279.71  5.65656e-09  8.36955e-12
      1280.03  7.44125e-09  9.63524e-12
      1280.36  6.71753e-09  8.93023e-12
      1280.69  7.17994e-09  9.30321e-12
      1281.02  9.46164e-09  1.06612e-11
      1281.34  1.39626e-08  1.33891e-11
      1281.67  1.68225e-08  1.55281e-11
      1282.00  1.29249e-08  1.35963e-11
      1282.33  1.35077e-08  1.42775e-11
      1282.66  2.09136e-08  1.79374e-11
      1282.99  2.62688e-08  1.94947e-11
      1283.32  2.59486e-08  1.90264e-11
      1283.65  1.80694e-08  1.53237e-11
      1283.98  9.47653e-09  1.10573e-11
      1284.31  5.47020e-09  8.83805e-12
      1284.64  4.12058e-09  8.06076e-12
      1284.97  4.10507e-09  8.07898e-12
      1285.30  4.80786e-09  8.53788e-12
      1285.63  4.13614e-09  7.59147e-12
      1285.96  3.85916e-09  6.95107e-12
      1286.29  5.92506e-09  8.01460e-12
      1286.62  8.21451e-09  9.17057e-12
      1286.95  7.71055e-09  8.77480e-12
      1287.28  9.89131e-09  9.96131e-12
      1287.61  1.70754e-08  1.37947e-11
      1287.95  2.01220e-08  1.54191e-11
      1288.28  2.00781e-08  1.57968e-11
      1288.61  2.00588e-08  1.58665e-11
      1288.94  1.97935e-08  1.62238e-11
      1289.27  1.38805e-08  1.31089e-11
      1289.61  1.04430e-08  1.19029e-11
      1289.94  8.28399e-09  1.08330e-11
      1290.27  5.56820e-09  9.08503e-12
      1290.61  4.80499e-09  9.09882e-12
      1290.94  3.58116e-09  7.99930e-12
      1291.27  2.63243e-09  7.14019e-12
      1291.61  3.14216e-09  7.26126e-12
      1291.94  5.27190e-09  8.45822e-12
      1292.27  9.06791e-09  1.01028e-11
      1292.61  1.27136e-08  1.18640e-11
      1292.94  9.34732e-09  9.85955e-12
      1293.28  7.27908e-09  8.65838e-12
      1293.61  9.62469e-09  1.01784e-11
      1293.95  1.24670e-08  1.13492e-11
      1294.28  1.82910e-08  1.38209e-11
      1294.62  2.03110e-08  1.46148e-11
      1294.95  1.72248e-08  1.33365e-11
      1295.29  1.64861e-08  1.35339e-11
      1295.62  1.40399e-08  1.29578e-11
      1295.96  1.03611e-08  1.15416e-11
      1296.29  9.05338e-09  1.13391e-11
      1296.63  9.45241e-09  1.19209e-11
      1296.97  1.17615e-08  1.31364e-11
      1297.30  1.81634e-08  1.61893e-11
      1297.64  2.40718e-08  1.84570e-11
      1297.98  2.02147e-08  1.61386e-11
      1298.31  1.28597e-08  1.26341e-11
      1298.65  7.18885e-09  9.41565e-12
      1298.99  5.55207e-09  8.17813e-12
      1299.33  9.70110e-09  1.03708e-11
      1299.66  1.74920e-08  1.40208e-11
      1300.00  1.93760e-08  1.41375e-11
      1300.34  1.67653e-08  1.28645e-11
      1300.68  1.14940e-08  1.03075e-11
      1301.02  1.14954e-08  1.04480e-11
      1301.35  2.21136e-08  1.61520e-11
      1301.69  2.45945e-08  1.64117e-11
      1302.03  2.34732e-08  1.66624e-11
      1302.37  2.09796e-08  1.61371e-11
      1302.71  2.40286e-08  1.81045e-11
      1303.05  2.65726e-08  1.87909e-11
      1303.39  3.01675e-08  1.99031e-11
      1303.73  3.21964e-08  2.02654e-11
      1304.07  3.01439e-08  1.91777e-11
      1304.41  3.07403e-08  1.93412e-11
      1304.75  3.25110e-08  1.97478e-11
      1305.09  3.40778e-08  1.99977e-11
      1305.43  3.99074e-08  2.13080e-11
      1305.77  4.66479e-08  2.23249e-11
      1306.11  4.60079e-08  2.17713e-11
      1306.46  3.09291e-08  1.68089e-11
      1306.80  1.53060e-08  1.14710e-11
      1307.14  8.17680e-09  8.86006e-12
      1307.48  5.56246e-09  7.78982e-12
      1307.82  4.41039e-09  7.52882e-12
      1308.16  4.43666e-09  7.94449e-12
      1308.51  5.34319e-09  9.08845e-12
      1308.85  4.22932e-09  8.20117e-12
      1309.19  3.00463e-09  7.40910e-12
      1309.53  2.75872e-09  7.04293e-12
      1309.88  2.73167e-09  6.82025e-12
      1310.22  2.99625e-09  7.08218e-12
      1310.56  4.00510e-09  7.84983e-12
      1310.91  7.35788e-09  9.94383e-12
      1311.25  1.32520e-08  1.31821e-11
      1311.60  1.32456e-08  1.28291e-11
      1311.94  7.80726e-09  9.40551e-12
      1312.28  4.05463e-09  6.75970e-12
      1312.63  2.72577e-09  5.72035e-12
      1312.97  2.35545e-09  5.43993e-12
      1313.32  3.28538e-09  6.25482e-12
      1313.66  5.20317e-09  8.16944e-12
      1314.01  4.33354e-09  7.79996e-12
      1314.35  2.44172e-09  6.39966e-12
      1314.70  1.84131e-09  6.11204e-12
      1315.05  1.82474e-09  6.02415e-12
      1315.39  2.10185e-09  6.26894e-12
      1315.74  2.78383e-09  6.90827e-12
      1316.08  4.40610e-09  8.21320e-12
      1316.43  9.10399e-09  1.10845e-11
      1316.78  1.49421e-08  1.43585e-11
      1317.12  1.15460e-08  1.22316e-11
      1317.47  5.58419e-09  8.32824e-12
      1317.82  3.24919e-09  6.46093e-12
      1318.17  3.38447e-09  6.17528e-12
      1318.51  5.80667e-09  7.74532e-12
      1318.86  7.12247e-09  8.77287e-12
      1319.21  4.53177e-09  7.27433e-12
      1319.56  2.58671e-09  6.20151e-12
      1319.91  2.73192e-09  6.88259e-12
      1320.25  2.72158e-09  6.91753e-12
      1320.60  2.71900e-09  7.05199e-12
      1320.95  3.39305e-09  7.56844e-12
      1321.30  4.99937e-09  8.58863e-12
      1321.65  1.01125e-08  1.16098e-11
      1322.00  1.85513e-08  1.63516e-11
      1322.35  1.57135e-08  1.48063e-11
      1322.70  7.85809e-09  1.03149e-11
      1323.05  5.04383e-09  8.13613e-12
      1323.40  5.63797e-09  8.31606e-12
      1323.75  6.72398e-09  8.70726e-12
      1324.10  6.89696e-09  8.48434e-12
      1324.45  5.03778e-09  7.24489e-12
      1324.80  3.51176e-09  6.66139e-12
      