227
      1249.95  1.21585e-08  1.44775e-11
      1250.27  5.80724e-09  1.06031e-11
      1250.58  1.84023e-09  7.44758e-12
      1250.89  1.24581e-09  6.88745e-12
      1251.20  1.70201e-09  7.45677e-12
      1251.52  2.81697e-09  8.28257e-12
      1251.83  5.11552e-09  9.96985e-12
      1252.14  6.67629e-09  1.11589e-11
      1252.46  6.34763e-09  1.11322e-11
      1252.77  5.80577e-09  1.07893e-11
      1253.09  9.81858e-09  1.36167e-11
      1253.40  1.86705e-08  1.83427e-11
      1253.71  2.28540e-08  2.04242e-11
      1254.03  1.38288e-08  1.51883e-11
      1254.34  6.74552e-09  1.04432e-11
      1254.66  8.54111e-09  1.13742e-11
      1254.97  1.28755e-08  1.41421e-11
      1255.29  8.65589e-09  1.15313e-11
      1255.60  3.97147e-09  8.50978e-12
      1255.92  4.38904e-09  9.07767e-12
      1256.23  7.76676e-09  1.08663e-11
      1256.55  1.23656e-08  1.37317e-11
      1256.87  8.49803e-09  1.06855e-11
      1257.18  3.81722e-09  7.23788e-12
      1257.50  2.74506e-09  6.45938e-12
      1257.81  3.18174e-09  6.61744e-12
      1258.13  4.08004e-09  7.35640e-12
      1258.45  4.06257e-09  7.39037e-12
      1258.76  4.37114e-09  7.47935e-12
      1259.08  8.05974e-09  9.51785e-12
      1259.40  1.64497e-08  1.32986e-11
      1259.72  2.18271e-08  1.50994e-11
      1260.03  1.64618e-08  1.26453e-11
      1260.35  1.23807e-08  1.07776e-11
      1260.67  1.55549e-08  1.26829e-11
      1260.99  1.43525e-08  1.23944e-11
      1261.30  1.17948e-08  1.14374e-11
      1261.62  1.45025e-08  1.35809e-11
      1261.94  1.52217e-08  1.37738e-11
      1262.26  1.56116e-08  1.44449e-11
      1262.58  1.11699e-08  1.17510e-11
      1262.90  1.19978e-08  1.18579e-11
      1263.22  1.88171e-08  1.54867e-11
      1263.54  1.50503e-08  1.34609e-11
      1263.86  9.39278e-09  1.09750e-11
      1264.17  7.45199e-09  1.03456e-11
      1264.49  5.39022e-09  8.96053e-12
      1264.81  5.96117e-09  9.30814e-12
      1265.13  1.19519e-08  1.26336e-11
      1265.45  1.81972e-08  1.52201e-11
      1265.77  1.60247e-08  1.36321e-11
      1266.10  8.62947e-09  9.63108e-12
      1266.42  4.40746e-09  7.07504e-12
      1266.74  3.75363e-09  6.76744e-12
      1267.06  5.17182e-09  7.53247e-12
      1267.38  1.11145e-08  1.05161e-11
      1267.70  2.03259e-08  1.44936e-11
      1268.02  2.13917e-08  1.39680e-11
      1268.34  2.13833e-08  1.38349e-11
      1268.67  1.90653e-08  1.22910e-11
      1268.99  1.92659e-08  1.25315e-11
      1269.31  1.46345e-08  1.07368e-11
      1269.63  9.57468e-09  8.93920e-12
      1269.95  8.07658e-09  8.70297e-12
      1270.28  1.00680e-08  9.81844e-12
      1270.60  1.66728e-08  1.33447e-11
      1270.92  1.99934e-08  1.44085e-11
      1271.25  2.16873e-08  1.49232e-11
      1271.57  2.09319e-08  1.48338e-11
      1271.89  1.25675e-08  1.13397e-11
      1272.22  5.60457e-09  7.90520e-12
      1272.54  3.38655e-09  6.75524e-12
      1272.86  2.72985e-09  6.56863e-12
      1273.19  2.56275e-09  6.71724e-12
      1273.51  3.17162e-09  7.25316e-12
      1273.84  5.04932e-09  8.76898e-12
      1274.16  6.69548e-09  9.48456e-12
      1274.49  8.74034e-09  9.75073e-12
      1274.81  1.56911e-08  1.26924e-11
      1275.14  2.14384e-08  1.46746e-11
      1275.46  1.90498e-08  1.36664e-11
      1275.79  1.24235e-08  1.10579e-11
      1276.11  8.22338e-09  9.03055e-12
      1276.44  1.09314e-08  1.01747e-11
      1276.76  1.81133e-08  1.31893e-11
      1277.09  1.89841e-08  1.25590e-11
      1277.42  1.89847e-08  1.25146e-11
      1277.74  1.31511e-08  1.01153e-11
      1278.07  6.17278e-09  7.04648e-12
      1278.40  3.63124e-09  6.02819e-12
      1278.72  2.78399e-09  5.82400e-12
      1279.05  2.78501e-09  6.03886e-12
      1279.38  3.80867e-09  7.09601e-12
      1279.71  5.80265e-09  8.37743e-12
      1280.03  7.68267e-09  9.63877e-12
      1280.36  6.83047e-09  8.78622e-12
      1280.69  7.34471e-09  9.14216e-12
      1281.02  9.65296e-09  1.03153e-11
      1281.34  1.41958e-08  1.27165e-11
      1281.67  1.71711e-08  1.46618e-11
      1282.00  1.31665e-08  1.25084e-11
      1282.33  1.36364e-08  1.27437e-11
      1282.66  2.09938e-08  1.57424e-11
      1282.99  2.63335e-08  1.68547e-11
      1283.32  2.59342e-08  1.60964e-11
      1283.65  1.81482e-08  1.29047e-11
      1283.98  9.60645e-09  9.18056e-12
      1284.31  5.52602e-09  7.24104e-12
      1284.64  4.13396e-09  6.56464e-12
      1284.97  4.11878e-09  6.60137e-12
      1285.30  4.83968e-09  7.22687e-12
      1285.63  4.14749e-09  6.62737e-12
      1285.96  3.89435e-09  6.25541e-12
      1286.29  6.01975e-09  7.54240e-12
      1286.62  8.40661e-09  8.90952e-12
      1286.95  7.84757e-09  8.66247e-12
      1287.28  1.00788e-08  9.99440e-12
      1287.61  1.75062e-08  1.40117e-11
      1287.95  2.06031e-08  1.55455e-11
      1288.28  2.05350e-08  1.58121e-11
      1288.61  2.04680e-08  1.57855e-11
      1288.94  2.02350e-08  1.57397e-11
      1289.27  1.41791e-08  1.25250e-11
      1289.61  1.05567e-08  1.08477e-11
      1289.94  8.41744e-09  9.86828e-12
      1290.27  5.67368e-09  8.19389e-12
      1290.61  4.82922e-09  8.05854e-12
      1290.94  3.61752e-09  6.88675e-12
      1291.27  2.64802e-09  5.91818e-12
      1291.61  3.15269e-09  6.03756e-12
      1291.94  5.27905e-09  7.00279e-12
      1292.27  9.09851e-09  8.50456e-12
      1292.61  1.27991e-08  1.02162e-11
      1292.94  9.37041e-09  8.68816e-12
      1293.28  7.36810e-09  8.01216e-12
      1293.61  9.78617e-09  9.71934e-12
      1293.95  1.26672e-08  1.11583e-11
      1294.28  1.86930e-08  1.38989e-11
      1294.62  2.07432e-08  1.47023e-11
      1294.95  1.75823e-08  1.33316e-11
      1295.29  1.68459e-08  1.33262e-11
      1295.62  1.43477e-08  1.25007e-11
      1295.96  1.05665e-08  1.09282e-11
      1296.29  9.18791e-09  1.04619e-11
      1296.63  9.57643e-09  1.07462e-11
      1296.97  1.18251e-08  1.15229e-11
      1297.30  1.81870e-08  1.37719e-11
      1297.64  2.41587e-08  1.53794e-11
      1297.98  2.02953e-08  1.32719e-11
      1298.31  1.28631e-08  1.03420e-11
      1298.65  7.22739e-09  7.70218e-12
      1298.99  5.61233e-09  6.84283e-12
      1299.33  9.80493e-09  8.94830e-12
      1299.66  1.75509e-08  1.24136e-11
      1300.00  1.95231e-08  1.30445e-11
      1300.34  1.69482e-08  1.23522e-11
      1300.68  1.17296e-08  1.01638e-11
      1301.02  1.23080e-08  1.05383e-11
      1301.35  2.12051e-08  1.47004e-11
      1301.69  2.50474e-08  1.63526e-11
      1302.03  2.39378e-08  1.63730e-11
      1302.37  2.14109e-08  1.54722e-11
      1302.71  2.43961e-08  1.70148e-11
      1303.05  2.68723e-08  1.72261e-11
      1303.39  3.04507e-08  1.77901e-11
      1303.73  3.24475e-08  1.77096e-11
      1304.07  3.03025e-08  1.69567e-11
      1304.41  3.08423e-08  1.64314e-11
      1304.75  3.25819e-08  1.64281e-11
      1305.09  3.41012e-08  1.65388e-11
      1305.43  4.00211e-08  1.79702e-11
      1305.77  4.68704e-08  1.93051e-11
      1306.11  4.63939e-08  1.95260e-11
      1306.46  3.11037e-08  1.56460e-11
      1306.80  1.53890e-08  1.10750e-11
      1307.14  8.30797e-09  8.81049e-12
      1307.48  5.71513e-09  7.82401e-12
      1307.82  4.54834e-09  7.47755e-12
      1308.16  4.55869e-09  7.73938e-12
      1308.51  5.44208e-09  8.67332e-12
      1308.85  4.35500e-09  7.75730e-12
      1309.19  3.06299e-09  6.54541e-12
      1309.53  2.79363e-09  6.09349e-12
      1309.88  2.75745e-09  5.86012e-12
      1310.22  3.00241e-09  5.87604e-12
      1310.56  4.00995e-09  6.45861e-12
      1310.91  7.40475e-09  8.22172e-12
      1311.25  1.31994e-08  1.08704e-11
      1311.60  1.32326e-08  1.07668e-11
      1311.94  7.86012e-09  8.16654e-12
      1312.28  4.10744e-09  6.11773e-12
      1312.63  2.76960e-09  5.43846e-12
      1312.97  2.40770e-09  5.40233e-12
      1313.32  3.37073e-09  6.29303e-12
      1313.66  5.33980e-09  8.33396e-12
      1314.01  4.44800e-09  7.83923e-12
      1314.35  2.53555e-09  6.41806e-12
      1314.70  1.89016e-09  6.75981e-12
      1315.05  1.86911e-09  5.66632e-12
      1315.39  2.14207e-09  5.67996e-12
      1315.74  2.80078e-09  6.07990e-12
      1316.08  4.38666e-09  6.99471e-12
      1316.43  9.03465e-09  9.21199e-12
      1316.78  1.51392e-08  1.20098e-11
      1317.12  1.15960e-08  1.01935e-11
      1317.47  5.53551e-09  7.04217e-12
      1317.82  3.24614e-09  5.69071e-12
      1318.17  3.39551e-09  5.83204e-12
      1318.51  5.90962e-09  7.49602e-12
      1318.86  7.31143e-09  8.73454e-12
      1319.21  4.64214e-09  7.23519e-12
      1319.56  2.63885e-09  6.08973e-12
      1319.91  2.79632e-09  6.61538e-12
      1320.25  2.79778e-09  6.61206e-12
      1320.60  2.78096e-09  6.50202e-12
      1320.95  3.45667e-09  6.79359e-12
      1321.30  5.09966e-09  7.49145e-12
      1321.65  1.02530e-08  9.82103e-12
      1322.00  1.82791e-08  1.33350e-11
      1322.35  1.57122e-08  1.20326e-11
      1322.70  7.98447e-09  8.33896e-12
      1323.05  5.11101e-09  6.84450e-12
      1323.40  5.67523e-09  7.26602e-12
      1323.75  6.79185e-09  8.00112e-12
      1324.10  6.97559e-09  8.22505e-12
      1324.45  5.15235e-09  7.29017e-12
      1324.80  3.62954e-09  7.00843e-12
      