227
      1249.95  1.09646e-08  2.37566e-11
      1250.27  5.00188e-09  1.67266e-11
      1250.58  1.44497e-09  1.16172e-11
      1250.89  9.97777e-10  1.09544e-11
      1251.20  1.42423e-09  1.10465e-11
      1251.52  2.42027e-09  1.21289e-11
      1251.83  4.34394e-09  1.46619e-11
      1252.14  5.73187e-09  1.65650e-11
      1252.46  5.45983e-09  1.56099e-11
      1252.77  5.08329e-09  1.36907e-11
      1253.09  8.54353e-09  1.70547e-11
      1253.40  1.53319e-08  2.55009e-11
      1253.71  1.80666e-08  2.36784e-11
      1254.03  9.14128e-09  1.92662e-11
      1254.34  5.74863e-09  1.29088e-11
      1254.66  7.27629e-09  1.36098e-11
      1254.97  1.19161e-08  1.81433e-11
      1255.29  7.88800e-09  1.43383e-11
      1255.60  3.37563e-09  1.00492e-11
      1255.92  3.80562e-09  1.10499e-11
      1256.23  6.75088e-09  1.33585e-11
      1256.55  1.09393e-08  1.67036e-11
      1256.87  7.86061e-09  1.34482e-11
      1257.18  2.81262e-09  1.06991e-11
      1257.50  2.38581e-09  1.41950e-11
      1257.81  2.80337e-09  1.14999e-11
      1258.13  3.53097e-09  1.26910e-11
      1258.45  3.54511e-09  1.28208e-11
      1258.76  3.81974e-09  1.30362e-11
      1259.08  7.00963e-09  1.64675e-11
      1259.40  1.46666e-08  2.29901e-11
      1259.72  1.98514e-08  2.65228e-11
      1260.03  1.45651e-08  2.18227e-11
      1260.35  1.05368e-08  1.80559e-11
      1260.67  1.41035e-08  2.20295e-11
      1260.99  1.28534e-08  2.08325e-11
      1261.30  1.00156e-08  1.82238e-11
      1261.62  1.27142e-08  2.16006e-11
      1261.94  1.34655e-08  2.17589e-11
      1262.26  1.35641e-08  2.21861e-11
      1262.58  1.02291e-08  1.83587e-11
      1262.90  1.06557e-08  1.80255e-11
      1263.22  1.60194e-08  2.23543e-11
      1263.54  1.32895e-08  1.88871e-11
      1263.86  8.52763e-09  1.51747e-11
      1264.17  6.55141e-09  1.32389e-11
      1264.49  4.67779e-09  1.14657e-11
      1264.81  5.02159e-09  1.14649e-11
      1265.13  1.14633e-08  1.77167e-11
      1265.45  1.65625e-08  1.87936e-11
      1265.77  1.47878e-08  1.70427e-11
      1266.10  7.75373e-09  1.20123e-11
      1266.42  3.81785e-09  8.86918e-12
      1266.74  3.22621e-09  9.46064e-12
      1267.06  4.50079e-09  1.03906e-11
      1267.38  1.05457e-08  1.49984e-11
      1267.70  1.79807e-08  1.64274e-11
      1268.02  1.87122e-08  3.29644e-11
      1268.34  1.88577e-08  2.55726e-11
      1268.67  1.74246e-08  2.20815e-11
      1268.99  1.68505e-08  2.65896e-11
      1269.31  1.14118e-08  2.21578e-11
      1269.63  8.56340e-09  1.61918e-11
      1269.95  7.10637e-09  1.51116e-11
      1270.28  8.88153e-09  1.66626e-11
      1270.60  1.47082e-08  2.19175e-11
      1270.92  1.76393e-08  2.34244e-11
      1271.25  1.93754e-08  2.38961e-11
      1271.57  1.91324e-08  2.35985e-11
      1271.89  1.11944e-08  1.74247e-11
      1272.22  4.82100e-09  1.19156e-11
      1272.54  2.86788e-09  1.02880e-11
      1272.86  2.30404e-09  9.82403e-12
      1273.19  2.17036e-09  8.73290e-12
      1273.51  2.70567e-09  9.13436e-12
      1273.84  4.32339e-09  1.05589e-11
      1274.16  5.86542e-09  1.15202e-11
      1274.49  7.83144e-09  1.21271e-11
      1274.81  1.36770e-08  1.55240e-11
      1275.14  1.89156e-08  1.80602e-11
      1275.46  1.72758e-08  1.72186e-11
      1275.79  1.14854e-08  1.41795e-11
      1276.11  7.46098e-09  1.15195e-11
      1276.44  9.51136e-09  1.27046e-11
      1276.76  1.61202e-08  1.67151e-11
      1277.09  1.66844e-08  1.49698e-11
      1277.42  1.54254e-08  2.89656e-11
      1277.74  1.11925e-08  1.85293e-11
      1278.07  5.49281e-09  1.24621e-11
      1278.40  3.15740e-09  1.04812e-11
      1278.72  2.37172e-09  9.91781e-12
      1279.05  2.32793e-09  1.00342e-11
      1279.38  3.21085e-09  1.13105e-11
      1279.71  4.93013e-09  1.31572e-11
      1280.03  6.70268e-09  1.49465e-11
      1280.36  6.04855e-09  1.35140e-11
      1280.69  6.33139e-09  1.35795e-11
      1281.02  8.49983e-09  1.50249e-11
      1281.34  1.24261e-08  1.65548e-11
      1281.67  1.49994e-08  1.79742e-11
      1282.00  1.20601e-08  1.59261e-11
      1282.33  1.21781e-08  1.56541e-11
      1282.66  1.84713e-08  1.90558e-11
      1282.99  2.35809e-08  2.06874e-11
      1283.32  2.36447e-08  1.99749e-11
      1283.65  1.68824e-08  1.64216e-11
      1283.98  8.98857e-09  1.19556e-11
      1284.31  5.03915e-09  9.41856e-12
      1284.64  3.67458e-09  8.51912e-12
      1284.97  3.56301e-09  8.37644e-12
      1285.30  3.51702e-09  1.02566e-11
      1285.63  2.88529e-09  1.47473e-11
      1285.96  3.23412e-09  1.10757e-11
      1286.29  5.15883e-09  1.28184e-11
      1286.62  7.49136e-09  1.62397e-11
      1286.95  6.90544e-09  1.44967e-11
      1287.28  8.55942e-09  1.56681e-11
      1287.61  1.52709e-08  2.20263e-11
      1287.95  1.84430e-08  2.38546e-11
      1288.28  1.83338e-08  2.36077e-11
      1288.61  1.82557e-08  2.20405e-11
      1288.94  1.78971e-08  1.97375e-11
      1289.27  1.30707e-08  1.59460e-11
      1289.61  9.43969e-09  1.35684e-11
      1289.94  7.56755e-09  1.22099e-11
      1290.27  5.14900e-09  1.02285e-11
      1290.61  4.28466e-09  9.85071e-12
      1290.94  3.27232e-09  8.85859e-12
      1291.27  2.36117e-09  7.56984e-12
      1291.61  2.68752e-09  7.67405e-12
      1291.94  4.45414e-09  8.87669e-12
      1292.27  7.57505e-09  1.10182e-11
      1292.61  1.03944e-08  1.34834e-11
      1292.94  6.62350e-09  1.74130e-11
      1293.28  6.72369e-09  1.90601e-11
      1293.61  8.59431e-09  1.69399e-11
      1293.95  1.07902e-08  1.80625e-11
      1294.28  1.65409e-08  2.25526e-11
      1294.62  1.87700e-08  2.32676e-11
      1294.95  1.55963e-08  2.03481e-11
      1295.29  1.49188e-08  2.03024e-11
      1295.62  1.28216e-08  1.83776e-11
      1295.96  9.27916e-09  1.42577e-11
      1296.29  8.07987e-09  1.30779e-11
      1296.63  8.42787e-09  1.32400e-11
      1296.97  1.04035e-08  1.42555e-11
      1297.30  1.59373e-08  1.68687e-11
      1297.64  2.15294e-08  1.90294e-11
      1297.98  1.88077e-08  1.70946e-11
      1298.31  1.23412e-08  1.41736e-11
      1298.65  7.18946e-09  1.28998e-11
      1298.99  5.13482e-09  1.14528e-11
      1299.33  8.70252e-09  1.22038e-11
      1299.66  1.60425e-08  2.29322e-11
      1300.00  1.65380e-08  3.08108e-11
      1300.34  1.50761e-08  2.17783e-11
      1300.68  1.04483e-08  1.70598e-11
      1301.02  1.06195e-08  1.65227e-11
      1301.35  1.87338e-08  2.28651e-11
      1301.69  2.22857e-08  2.45433e-11
      1302.03  2.17789e-08  2.47564e-11
      1302.37  1.86556e-08  2.05637e-11
      1302.71  2.19113e-08  2.11867e-11
      1303.05  2.40837e-08  2.12938e-11
      1303.39  2.73013e-08  2.18695e-11
      1303.73  2.97425e-08  2.21121e-11
      1304.07  2.76588e-08  2.06556e-11
      1304.41  2.78739e-08  2.05145e-11
      1304.75  2.96577e-08  2.11830e-11
      1305.09  3.09649e-08  2.16032e-11
      1305.43  3.59843e-08  2.30220e-11
      1305.77  4.23883e-08  2.55006e-11
      1306.11  3.99517e-08  3.03448e-11
      1306.46  1.31628e-08  2.94891e-11
      1306.80  1.13472e-08  2.12980e-11
      1307.14  7.43650e-09  1.44178e-11
      1307.48  5.05946e-09  1.25268e-11
      1307.82  3.99033e-09  1.14723e-11
      1308.16  3.95633e-09  1.16239e-11
      1308.51  4.61954e-09  1.25606e-11
      1308.85  3.77632e-09  1.02057e-11
      1309.19  2.71572e-09  8.19689e-12
      1309.53  2.43919e-09  7.67740e-12
      1309.88  2.39979e-09  7.40478e-12
      1310.22  2.58066e-09  7.41385e-12
      1310.56  3.36103e-09  8.15754e-12
      1310.91  6.10462e-09  1.01608e-11
      1311.25  1.17749e-08  1.41884e-11
      1311.60  1.23567e-08  1.41149e-11
      1311.94  7.51245e-09  1.07828e-11
      1312.28  2.57715e-09  1.12767e-11
      1312.63  2.01867e-09  1.23508e-11
      1312.97  1.98053e-09  9.05746e-12
      1313.32  2.75281e-09  9.90191e-12
      1313.66  4.80483e-09  1.31994e-11
      1314.01  4.02338e-09  1.23491e-11
      1314.35  2.17692e-09  1.05981e-11
      1314.70  1.74930e-09  8.07385e-12
      1315.05  1.69249e-09  7.14803e-12
      1315.39  1.82877e-09  6.96925e-12
      1315.74  2.38805e-09  7.50968e-12
      1316.08  3.77650e-09  8.54835e-12
      1316.43  7.69643e-09  1.15745e-11
      1316.78  1.31098e-08  1.67688e-11
      1317.12  1.01864e-08  1.32331e-11
      1317.47  5.05202e-09  9.89409e-12
      1317.82  3.08269e-09  7.75063e-12
      1318.17  5.23544e-09  1.89023e-11
      1318.51  5.79480e-09  1.69701e-11
      1318.86  6.21243e-09  1.41576e-11
      1319.21  4.27446e-09  1.18835e-11
      1319.56  2.41609e-09  9.68727e-12
      1319.91  2.36676e-09  1.00087e-11
      1320.25  2.41446e-09  9.93569e-12
      1320.60  2.43530e-09  9.47175e-12
      1320.95  2.98277e-09  8.74238e-12
      1321.30  4.27808e-09  9.20032e-12
      1321.65  8.69249e-09  1.19493e-11
      1322.00  1.64688e-08  1.67267e-11
      1322.35  1.46959e-08  1.54880e-11
      1322.70  7.61024e-09  1.11472e-11
      1323.05  4.54682e-09  8.79399e-12
      1323.40  4.87621e-09  9.58803e-12
      1323.75  6.22656e-09  1.89222e-11
      1324.10  5.97563e-09  1.90321e-11
      1324.45  4.43304e-09  1.22543e-11
      1324.80  3.16730e-09  1.05604e-11
      