227
      1249.95  1.13737e-08  1.55795e-11
      1250.27  5.37797e-09  1.12886e-11
      1250.58  1.64930e-09  7.73090e-12
      1250.89  1.10871e-09  7.29169e-12
      1251.20  1.54334e-09  7.27384e-12
      1251.52  2.60716e-09  7.91291e-12
      1251.83  4.72946e-09  9.75393e-12
      1252.14  6.17430e-09  1.10843e-11
      1252.46  5.87357e-09  1.11463e-11
      1252.77  5.38486e-09  1.08012e-11
      1253.09  9.20762e-09  1.38445e-11
      1253.40  1.77744e-08  1.91547e-11
      1253.71  2.20064e-08  2.21413e-11
      1254.03  1.29276e-08  1.62484e-11
      1254.34  6.22692e-09  1.13515e-11
      1254.66  8.03423e-09  1.27329e-11
      1254.97  1.23663e-08  1.66702e-11
      1255.29  8.24792e-09  1.36341e-11
      1255.60  3.69796e-09  1.00460e-11
      1255.92  4.17541e-09  1.12438e-11
      1256.23  7.51001e-09  1.40192e-11
      1256.55  1.16913e-08  1.76135e-11
      1256.87  8.18367e-09  1.42156e-11
      1257.18  3.67433e-09  9.86022e-12
      1257.50  2.60340e-09  8.75957e-12
      1257.81  3.00944e-09  9.21126e-12
      1258.13  3.86076e-09  1.04909e-11
      1258.45  3.82573e-09  1.01505e-11
      1258.76  4.05481e-09  1.03080e-11
      1259.08  7.53580e-09  1.29034e-11
      1259.40  1.57544e-08  1.79720e-11
      1259.72  2.11018e-08  2.00019e-11
      1260.03  1.56310e-08  1.62922e-11
      1260.35  1.15372e-08  1.33565e-11
      1260.67  1.46801e-08  1.53113e-11
      1260.99  1.35497e-08  1.44510e-11
      1261.30  1.10552e-08  1.27945e-11
      1261.62  1.35231e-08  1.46537e-11
      1261.94  1.43852e-08  1.48994e-11
      1262.26  1.44910e-08  1.49434e-11
      1262.58  1.06251e-08  1.20023e-11
      1262.90  1.14789e-08  1.19464e-11
      1263.22  1.74514e-08  1.51592e-11
      1263.54  1.40751e-08  1.33746e-11
      1263.86  8.86473e-09  1.11995e-11
      1264.17  6.98139e-09  1.05930e-11
      1264.49  4.93368e-09  9.22287e-12
      1264.81  5.47377e-09  9.92379e-12
      1265.13  1.14040e-08  1.40340e-11
      1265.45  1.75431e-08  1.72172e-11
      1265.77  1.53443e-08  1.59347e-11
      1266.10  8.10267e-09  1.16750e-11
      1266.42  4.07534e-09  8.67547e-12
      1266.74  3.54424e-09  8.56598e-12
      1267.06  5.00179e-09  9.89906e-12
      1267.38  1.07879e-08  1.42382e-11
      1267.70  1.93121e-08  1.94485e-11
      1268.02  2.07215e-08  1.93792e-11
      1268.34  2.03977e-08  1.90198e-11
      1268.67  1.84877e-08  1.70883e-11
      1268.99  1.83918e-08  1.71011e-11
      1269.31  1.39581e-08  1.45474e-11
      1269.63  9.14892e-09  1.18397e-11
      1269.95  7.56044e-09  1.09597e-11
      1270.28  9.27904e-09  1.17575e-11
      1270.60  1.59346e-08  1.56145e-11
      1270.92  1.88625e-08  1.59761e-11
      1271.25  2.04936e-08  1.61002e-11
      1271.57  1.99203e-08  1.56367e-11
      1271.89  1.17070e-08  1.14145e-11
      1272.22  5.08554e-09  7.81342e-12
      1272.54  3.09904e-09  6.86782e-12
      1272.86  2.51202e-09  6.66964e-12
      1273.19  2.36679e-09  6.77707e-12
      1273.51  2.97789e-09  7.53014e-12
      1273.84  4.72637e-09  9.08158e-12
      1274.16  6.27037e-09  1.02134e-11
      1274.49  8.46800e-09  1.12264e-11
      1274.81  1.50047e-08  1.49664e-11
      1275.14  2.04004e-08  1.78471e-11
      1275.46  1.82031e-08  1.71915e-11
      1275.79  1.18510e-08  1.43194e-11
      1276.11  7.75283e-09  1.19619e-11
      1276.44  1.03742e-08  1.36016e-11
      1276.76  1.78992e-08  1.86173e-11
      1277.09  1.81018e-08  1.74120e-11
      1277.42  1.85163e-08  1.76516e-11
      1277.74  1.25787e-08  1.38942e-11
      1278.07  5.72454e-09  9.34417e-12
      1278.40  3.36632e-09  7.76875e-12
      1278.72  2.57241e-09  7.03428e-12
      1279.05  2.57834e-09  7.12476e-12
      1279.38  3.52030e-09  7.84305e-12
      1279.71  5.38162e-09  8.99868e-12
      1280.03  7.07647e-09  9.97417e-12
      1280.36  6.44575e-09  8.96327e-12
      1280.69  6.84585e-09  9.14155e-12
      1281.02  9.08574e-09  1.04143e-11
      1281.34  1.34065e-08  1.29892e-11
      1281.67  1.60382e-08  1.49465e-11
      1282.00  1.24185e-08  1.33457e-11
      1282.33  1.30460e-08  1.41160e-11
      1282.66  2.01123e-08  1.78901e-11
      1282.99  2.53067e-08  2.00519e-11
      1283.32  2.51308e-08  2.01825e-11
      1283.65  1.72914e-08  1.65681e-11
      1283.98  8.99668e-09  1.20003e-11
      1284.31  5.17973e-09  9.69645e-12
      1284.64  3.88436e-09  8.94827e-12
      1284.97  3.87974e-09  9.05401e-12
      1285.30  4.60664e-09  9.98387e-12
      1285.63  3.95395e-09  8.90134e-12
      1285.96  3.69603e-09  8.78147e-12
      1286.29  5.75638e-09  9.70276e-12
      1286.62  7.84203e-09  1.05546e-11
      1286.95  7.41724e-09  9.80497e-12
      1287.28  9.52396e-09  1.07537e-11
      1287.61  1.63786e-08  1.43894e-11
      1287.95  1.94126e-08  1.56720e-11
      1288.28  1.93573e-08  1.56807e-11
      1288.61  1.93702e-08  1.56165e-11
      1288.94  1.90136e-08  1.58146e-11
      1289.27  1.34133e-08  1.31487e-11
      1289.61  1.00385e-08  1.29086e-11
      1289.94  7.89538e-09  1.10833e-11
      1290.27  5.31758e-09  9.52311e-12
      1290.61  4.59157e-09  9.69826e-12
      1290.94  3.38019e-09  8.91614e-12
      1291.27  2.48551e-09  8.50444e-12
      1291.61  2.96505e-09  8.02837e-12
      1291.94  5.04708e-09  9.74154e-12
      1292.27  8.66082e-09  1.19773e-11
      1292.61  1.21644e-08  1.50146e-11
      1292.94  8.77572e-09  1.19526e-11
      1293.28  6.91011e-09  1.01815e-11
      1293.61  9.22842e-09  1.18069e-11
      1293.95  1.19614e-08  1.27330e-11
      1294.28  1.75162e-08  1.50718e-11
      1294.62  1.95134e-08  1.54665e-11
      1294.95  1.65998e-08  1.34818e-11
      1295.29  1.58282e-08  1.33103e-11
      1295.62  1.34829e-08  1.25311e-11
      1295.96  9.91563e-09  1.11738e-11
      1296.29  8.64104e-09  1.11491e-11
      1296.63  9.05455e-09  1.18308e-11
      1296.97  1.13304e-08  1.33543e-11
      1297.30  1.75108e-08  1.67353e-11
      1297.64  2.31006e-08  1.92945e-11
      1297.98  1.93800e-08  1.73390e-11
      1298.31  1.23463e-08  1.39483e-11
      1298.65  6.87114e-09  1.04804e-11
      1298.99  5.25988e-09  9.29455e-12
      1299.33  9.24610e-09  1.20700e-11
      1299.66  1.69305e-08  1.66406e-11
      1300.00  1.86937e-08  1.65058e-11
      1300.34  1.61988e-08  1.47682e-11
      1300.68  1.09573e-08  1.14394e-11
      1301.02  1.08145e-08  1.14275e-11
      1301.35  2.12962e-08  1.68579e-11
      1301.69  2.37814e-08  1.64175e-11
      1302.03  2.27184e-08  1.64862e-11
      1302.37  2.02035e-08  1.57469e-11
      1302.71  2.32477e-08  1.77557e-11
      1303.05  2.57097e-08  1.88212e-11
      1303.39  2.91769e-08  2.03150e-11
      1303.73  3.12422e-08  2.12313e-11
      1304.07  2.91927e-08  2.06091e-11
      1304.41  2.97766e-08  2.13167e-11
      1304.75  3.15586e-08  2.24431e-11
      1305.09  3.31759e-08  2.31717e-11
      1305.43  3.88796e-08  2.48414e-11
      1305.77  4.54426e-08  2.64552e-11
      1306.11  4.46241e-08  2.57233e-11
      1306.46  3.00647e-08  1.96961e-11
      1306.80  1.48570e-08  1.31432e-11
      1307.14  7.86590e-09  9.72415e-12
      1307.48  5.31776e-09  8.22099e-12
      1307.82  4.20653e-09  7.54837e-12
      1308.16  4.22514e-09  7.75682e-12
      1308.51  5.06672e-09  8.80109e-12
      1308.85  3.99683e-09  7.98785e-12
      1309.19  2.84902e-09  7.05980e-12
      1309.53  2.61274e-09  7.02334e-12
      1309.88  2.57590e-09  6.99678e-12
      1310.22  2.82296e-09  7.48619e-12
      1310.56  3.78102e-09  8.53123e-12
      1310.91  7.02506e-09  1.10332e-11
      1311.25  1.29427e-08  1.52211e-11
      1311.60  1.28372e-08  1.48529e-11
      1311.94  7.45324e-09  1.09112e-11
      1312.28  3.82979e-09  7.92924e-12
      1312.63  2.57106e-09  6.62041e-12
      1312.97  2.21848e-09  6.02927e-12
      1313.32  3.11223e-09  6.68841e-12
      1313.66  4.98575e-09  8.36715e-12
      1314.01  4.15582e-09  7.83305e-12
      1314.35  2.31946e-09  6.34474e-12
      1314.70  1.74418e-09  5.95690e-12
      1315.05  1.72398e-09  6.03691e-12
      1315.39  1.99416e-09  6.40508e-12
      1315.74  2.65284e-09  7.30391e-12
      1316.08  4.24775e-09  8.89846e-12
      1316.43  8.80956e-09  1.22752e-11
      1316.78  1.42869e-08  1.62773e-11
      1317.12  1.11490e-08  1.42611e-11
      1317.47  5.38360e-09  9.81399e-12
      1317.82  3.11349e-09  7.64266e-12
      1318.17  3.26716e-09  7.35025e-12
      1318.51  5.54353e-09  8.89534e-12
      1318.86  6.74499e-09  9.65792e-12
      1319.21  4.34473e-09  7.70902e-12
      1319.56  2.49611e-09  6.27878e-12
      1319.91  2.59035e-09  6.68473e-12
      1320.25  2.57936e-09  6.71389e-12
      1320.60  2.58289e-09  6.87002e-12
      1320.95  3.22106e-09  7.59449e-12
      1321.30  4.71293e-09  8.82257e-12
      1321.65  9.68571e-09  1.20339e-11
      1322.00  1.82552e-08  1.77549e-11
      1322.35  1.51289e-08  1.60900e-11
      1322.70  7.42045e-09  1.13740e-11
      1323.05  4.75689e-09  9.33322e-12
      1323.40  5.40250e-09  9.71214e-12
      1323.75  6.42914e-09  1.00719e-11
      1324.10  6.62465e-09  9.82719e-12
      1324.45  4.78029e-09  8.06822e-12
      1324.80  3.33318e-09  6.91078e-12
      