227
      1249.95  1.12427e-08  1.41958e-11
      1250.27  5.33689e-09  1.03600e-11
      1250.58  1.64422e-09  7.15990e-12
      1250.89  1.08731e-09  6.51927e-12
      1251.20  1.51499e-09  6.68832e-12
      1251.52  2.55385e-09  7.36047e-12
      1251.83  4.72278e-09  9.04618e-12
      1252.14  6.19345e-09  1.00438e-11
      1252.46  5.89835e-09  9.90922e-12
      1252.77  5.42721e-09  9.51314e-12
      1253.09  9.30107e-09  1.18801e-11
      1253.40  1.78026e-08  1.59549e-11
      1253.71  2.17780e-08  1.74955e-11
      1254.03  1.32670e-08  1.29263e-11
      1254.34  6.45815e-09  8.72276e-12
      1254.66  8.19102e-09  9.43049e-12
      1254.97  1.24058e-08  1.17879e-11
      1255.29  8.29765e-09  9.52819e-12
      1255.60  3.78920e-09  6.98471e-12
      1255.92  4.20975e-09  7.61357e-12
      1256.23  7.48371e-09  9.19798e-12
      1256.55  1.21088e-08  1.18311e-11
      1256.87  8.21669e-09  9.29957e-12
      1257.18  3.63048e-09  6.40715e-12
      1257.50  2.62413e-09  5.89871e-12
      1257.81  3.04669e-09  6.18407e-12
      1258.13  3.88833e-09  7.02641e-12
      1258.45  3.85767e-09  7.12794e-12
      1258.76  4.15649e-09  7.36013e-12
      1259.08  7.69291e-09  9.56389e-12
      1259.40  1.56654e-08  1.35006e-11
      1259.72  2.07063e-08  1.54713e-11
      1260.03  1.55194e-08  1.29514e-11
      1260.35  1.15702e-08  1.09530e-11
      1260.67  1.45309e-08  1.28609e-11
      1260.99  1.33055e-08  1.25017e-11
      1261.30  1.08291e-08  1.13417e-11
      1261.62  1.35283e-08  1.34780e-11
      1261.94  1.40746e-08  1.34494e-11
      1262.26  1.46782e-08  1.40950e-11
      1262.58  1.03749e-08  1.11321e-11
      1262.90  1.11153e-08  1.10602e-11
      1263.22  1.76098e-08  1.42050e-11
      1263.54  1.42569e-08  1.22700e-11
      1263.86  8.86656e-09  9.73396e-12
      1264.17  6.96831e-09  9.06011e-12
      1264.49  5.07393e-09  7.81163e-12
      1264.81  5.66356e-09  7.98822e-12
      1265.13  1.14594e-08  1.07303e-11
      1265.45  1.75268e-08  1.28962e-11
      1265.77  1.54659e-08  1.15258e-11
      1266.10  8.30917e-09  8.13640e-12
      1266.42  4.22937e-09  6.01924e-12
      1266.74  3.58138e-09  5.74756e-12
      1267.06  4.92866e-09  6.51746e-12
      1267.38  1.06964e-08  9.27265e-12
      1267.70  1.99968e-08  1.32692e-11
      1268.02  2.07671e-08  1.30271e-11
      1268.34  2.07105e-08  1.32146e-11
      1268.67  1.84158e-08  1.19508e-11
      1268.99  1.83754e-08  1.22853e-11
      1269.31  1.40171e-08  1.07468e-11
      1269.63  9.07323e-09  9.04084e-12
      1269.95  7.55229e-09  8.78164e-12
      1270.28  9.44790e-09  9.90686e-12
      1270.60  1.54940e-08  1.32295e-11
      1270.92  1.86337e-08  1.43102e-11
      1271.25  2.02887e-08  1.46704e-11
      1271.57  1.95876e-08  1.44089e-11
      1271.89  1.16561e-08  1.07870e-11
      1272.22  5.16069e-09  7.33787e-12
      1272.54  3.09491e-09  6.21543e-12
      1272.86  2.50171e-09  5.84288e-12
      1273.19  2.33158e-09  5.85073e-12
      1273.51  2.91456e-09  6.14268e-12
      1273.84  4.74871e-09  7.34986e-12
      1274.16  6.37497e-09  7.95959e-12
      1274.49  8.37770e-09  8.21501e-12
      1274.81  1.51069e-08  1.06356e-11
      1275.14  2.07105e-08  1.22070e-11
      1275.46  1.84671e-08  1.14760e-11
      1275.79  1.20745e-08  9.45225e-12
      1276.11  8.03019e-09  7.90690e-12
      1276.44  1.06996e-08  9.21646e-12
      1276.76  1.74731e-08  1.21649e-11
      1277.09  1.83955e-08  1.20247e-11
      1277.42  1.83780e-08  1.22802e-11
      1277.74  1.25705e-08  1.00344e-11
      1278.07  5.84726e-09  7.12418e-12
      1278.40  3.37721e-09  6.07088e-12
      1278.72  2.53456e-09  5.86254e-12
      1279.05  2.50333e-09  6.12871e-12
      1279.38  3.44839e-09  7.09940e-12
      1279.71  5.30384e-09  8.21078e-12
      1280.03  7.12241e-09  9.40552e-12
      1280.36  6.32363e-09  8.35306e-12
      1280.69  6.79106e-09  8.46148e-12
      1281.02  9.01019e-09  9.32930e-12
      1281.34  1.33584e-08  1.12568e-11
      1281.67  1.62595e-08  1.27680e-11
      1282.00  1.26494e-08  1.09252e-11
      1282.33  1.31357e-08  1.09155e-11
      1282.66  2.02310e-08  1.33812e-11
      1282.99  2.55074e-08  1.42865e-11
      1283.32  2.51697e-08  1.36461e-11
      1283.65  1.76379e-08  1.10429e-11
      1283.98  9.35622e-09  8.06493e-12
      1284.31  5.35456e-09  6.49951e-12
      1284.64  3.96525e-09  6.16236e-12
      1284.97  3.93326e-09  6.31106e-12
      1285.30  4.64766e-09  7.11985e-12
      1285.63  3.91169e-09  6.57702e-12
      1285.96  3.63268e-09  6.29996e-12
      1286.29  5.62245e-09  7.62422e-12
      1286.62  7.84034e-09  9.01483e-12
      1286.95  7.25585e-09  8.56415e-12
      1287.28  9.29988e-09  9.66451e-12
      1287.61  1.63303e-08  1.33922e-11
      1287.95  1.93252e-08  1.45351e-11
      1288.28  1.92985e-08  1.44686e-11
      1288.61  1.93133e-08  1.40478e-11
      1288.94  1.91070e-08  1.37104e-11
      1289.27  1.35082e-08  1.08274e-11
      1289.61  1.00181e-08  9.19413e-12
      1289.94  8.01717e-09  8.20581e-12
      1290.27  5.44336e-09  6.79771e-12
      1290.61  4.62515e-09  6.59960e-12
      1290.94  3.47135e-09  5.87970e-12
      1291.27  2.54537e-09  5.19434e-12
      1291.61  3.03143e-09  5.44047e-12
      1291.94  5.08204e-09  6.60024e-12
      1292.27  8.76590e-09  8.23199e-12
      1292.61  1.23976e-08  1.02615e-11
      1292.94  8.91267e-09  8.73822e-12
      1293.28  6.90379e-09  8.23668e-12
      1293.61  9.15098e-09  9.97636e-12
      1293.95  1.17857e-08  1.12202e-11
      1294.28  1.74604e-08  1.38839e-11
      1294.62  1.94260e-08  1.45050e-11
      1294.95  1.64426e-08  1.27333e-11
      1295.29  1.58209e-08  1.24610e-11
      1295.62  1.35123e-08  1.13685e-11
      1295.96  9.94336e-09  9.68268e-12
      1296.29  8.67674e-09  9.11760e-12
      1296.63  9.12399e-09  9.24648e-12
      1296.97  1.13684e-08  9.78648e-12
      1297.30  1.76139e-08  1.16869e-11
      1297.64  2.34581e-08  1.31535e-11
      1297.98  1.97162e-08  1.15420e-11
      1298.31  1.24683e-08  9.25781e-12
      1298.65  6.97580e-09  7.14210e-12
      1298.99  5.37916e-09  6.60557e-12
      1299.33  9.39232e-09  8.87359e-12
      1299.66  1.67883e-08  1.25354e-11
      1300.00  1.85591e-08  1.32117e-11
      1300.34  1.59354e-08  1.24746e-11
      1300.68  1.09194e-08  1.00938e-11
      1301.02  1.14764e-08  1.01538e-11
      1301.35  1.97349e-08  1.37381e-11
      1301.69  2.35495e-08  1.50437e-11
      1302.03  2.26237e-08  1.49699e-11
      1302.37  2.03332e-08  1.37175e-11
      1302.71  2.33069e-08  1.47404e-11
      1303.05  2.57974e-08  1.46245e-11
      1303.39  2.94672e-08  1.49930e-11
      1303.73  3.15488e-08  1.49233e-11
      1304.07  2.94911e-08  1.39557e-11
      1304.41  3.01259e-08  1.40342e-11
      1304.75  3.18500e-08  1.46775e-11
      1305.09  3.32614e-08  1.54449e-11
      1305.43  3.90489e-08  1.73927e-11
      1305.77  4.56476e-08  1.92733e-11
      1306.11  4.50665e-08  1.99455e-11
      1306.46  2.98201e-08  1.60373e-11
      1306.80  1.44174e-08  1.11441e-11
      1307.14  7.64257e-09  8.67553e-12
      1307.48  5.23705e-09  7.57709e-12
      1307.82  4.16912e-09  7.09014e-12
      1308.16  4.18998e-09  7.21436e-12
      1308.51  5.02512e-09  7.90978e-12
      1308.85  4.08378e-09  6.92934e-12
      1309.19  2.88894e-09  5.65941e-12
      1309.53  2.65216e-09  5.22338e-12
      1309.88  2.62954e-09  5.09549e-12
      1310.22  2.88052e-09  5.04470e-12
      1310.56  3.87976e-09  5.62265e-12
      1310.91  7.22402e-09  7.43902e-12
      1311.25  1.27888e-08  1.02837e-11
      1311.60  1.27257e-08  1.04752e-11
      1311.94  7.52041e-09  8.13996e-12
      1312.28  3.87008e-09  6.18342e-12
      1312.63  2.54740e-09  5.50207e-12
      1312.97  2.17216e-09  5.31275e-12
      1313.32  3.07291e-09  6.15420e-12
      1313.66  4.95783e-09  7.96729e-12
      1314.01  4.08297e-09  7.17653e-12
      1314.35  2.31671e-09  5.73749e-12
      1314.70  1.74102e-09  5.07724e-12
      1315.05  1.73891e-09  4.75179e-12
      1315.39  2.01548e-09  4.79236e-12
      1315.74  2.65110e-09  5.00009e-12
      1316.08  4.18281e-09  5.79261e-12
      1316.43  8.71084e-09  7.93440e-12
      1316.78  1.49189e-08  1.08932e-11
      1317.12  1.12941e-08  9.53609e-12
      1317.47  5.22176e-09  6.86478e-12
      1317.82  3.05657e-09  5.76356e-12
      1318.17  3.17371e-09  6.21770e-12
      1318.51  5.48580e-09  7.71278e-12
      1318.86  6.72803e-09  8.60416e-12
      1319.21  4.32651e-09  7.16567e-12
      1319.56  2.45564e-09  5.98762e-12
      1319.91  2.56468e-09  6.18058e-12
      1320.25  2.60139e-09  6.17870e-12
      1320.60  2.61985e-09  5.73563e-12
      1320.95  3.27400e-09  5.89883e-12
      1321.30  4.89920e-09  6.50543e-12
      1321.65  1.00397e-08  8.43941e-12
      1322.00  1.76779e-08  1.14703e-11
      1322.35  1.52191e-08  1.06735e-11
      1322.70  7.78025e-09  7.74875e-12
      1323.05  4.92832e-09  7.13702e-12
      1323.40  5.39832e-09  7.33855e-12
      1323.75  6.38739e-09  7.99016e-12
      1324.10  6.47569e-09  8.20078e-12
      1324.45  4.72620e-09  7.11233e-12
      1324.80  3.32671e-09  6.33141e-12
      