227
      1249.95  9.34880e-09  1.39150e-11
      1250.27  4.31287e-09  1.01084e-11
      1250.58  1.28631e-09  7.10806e-12
      1250.89  9.01684e-10  6.71132e-12
      1251.20  1.28483e-09  7.07392e-12
      1251.52  2.16225e-09  7.75823e-12
      1251.83  3.89270e-09  9.56244e-12
      1252.14  5.11539e-09  1.05880e-11
      1252.46  4.88104e-09  1.05622e-11
      1252.77  4.55648e-09  1.02667e-11
      1253.09  7.75175e-09  1.27624e-11
      1253.40  1.48471e-08  1.72594e-11
      1253.71  1.81724e-08  1.89123e-11
      1254.03  1.09590e-08  1.39756e-11
      1254.34  5.18627e-09  9.40414e-12
      1254.66  6.54091e-09  9.23688e-12
      1254.97  1.01425e-08  1.09243e-11
      1255.29  6.31648e-09  8.15667e-12
      1255.60  2.68958e-09  5.81620e-12
      1255.92  3.06709e-09  6.39017e-12
      1256.23  5.46226e-09  7.67103e-12
      1256.55  8.98806e-09  9.75938e-12
      1256.87  6.20581e-09  7.86312e-12
      1257.18  2.63575e-09  5.49910e-12
      1257.50  1.89527e-09  5.05116e-12
      1257.81  2.20518e-09  5.36599e-12
      1258.13  2.79663e-09  6.08653e-12
      1258.45  2.78468e-09  6.27269e-12
      1258.76  2.97061e-09  6.55550e-12
      1259.08  5.60336e-09  8.34863e-12
      1259.40  1.20715e-08  1.20674e-11
      1259.72  1.66344e-08  1.42317e-11
      1260.03  1.22048e-08  1.19018e-11
      1260.35  8.81492e-09  9.98013e-12
      1260.67  1.17753e-08  1.24201e-11
      1260.99  1.08542e-08  1.20804e-11
      1261.30  8.67789e-09  1.09434e-11
      1261.62  1.09751e-08  1.30400e-11
      1261.94  1.17638e-08  1.34162e-11
      1262.26  1.19038e-08  1.39916e-11
      1262.58  8.93265e-09  1.17567e-11
      1262.90  9.57069e-09  1.16706e-11
      1263.22  1.46056e-08  1.45806e-11
      1263.54  1.21117e-08  1.29989e-11
      1263.86  7.59804e-09  1.05966e-11
      1264.17  5.83942e-09  9.89392e-12
      1264.49  4.09132e-09  8.51939e-12
      1264.81  4.40376e-09  8.61546e-12
      1265.13  9.29369e-09  1.18653e-11
      1265.45  1.45864e-08  1.35750e-11
      1265.77  1.20651e-08  1.05955e-11
      1266.10  6.09639e-09  6.91986e-12
      1266.42  3.01051e-09  5.05152e-12
      1266.74  2.55829e-09  4.92015e-12
      1267.06  3.59620e-09  5.57174e-12
      1267.38  7.99163e-09  7.90216e-12
      1267.70  1.50102e-08  1.10894e-11
      1268.02  1.59947e-08  1.12148e-11
      1268.34  1.56459e-08  1.12710e-11
      1268.67  1.42017e-08  1.05608e-11
      1268.99  1.40708e-08  1.09629e-11
      1269.31  1.07723e-08  9.72447e-12
      1269.63  6.95492e-09  8.25760e-12
      1269.95  5.74785e-09  8.03631e-12
      1270.28  7.25045e-09  9.13857e-12
      1270.60  1.27676e-08  1.27823e-11
      1270.92  1.53095e-08  1.38366e-11
      1271.25  1.68288e-08  1.45182e-11
      1271.57  1.66515e-08  1.45333e-11
      1271.89  9.80151e-09  1.08991e-11
      1272.22  4.18247e-09  7.54043e-12
      1272.54  2.53437e-09  6.49000e-12
      1272.86  2.05690e-09  6.31873e-12
      1273.19  1.93868e-09  6.39343e-12
      1273.51  2.43627e-09  6.86948e-12
      1273.84  3.86743e-09  8.21268e-12
      1274.16  5.15017e-09  8.89571e-12
      1274.49  6.99007e-09  9.13204e-12
      1274.81  1.22283e-08  1.06468e-11
      1275.14  1.62204e-08  1.13124e-11
      1275.46  1.41028e-08  9.95750e-12
      1275.79  9.08091e-09  7.98571e-12
      1276.11  5.78191e-09  6.58911e-12
      1276.44  7.77584e-09  7.66085e-12
      1276.76  1.36078e-08  1.06169e-11
      1277.09  1.39392e-08  1.02941e-11
      1277.42  1.44317e-08  1.09914e-11
      1277.74  9.78358e-09  9.04005e-12
      1278.07  4.35553e-09  6.35369e-12
      1278.40  2.52984e-09  5.62248e-12
      1278.72  1.95071e-09  5.86956e-12
      1279.05  1.96524e-09  5.90820e-12
      1279.38  2.74536e-09  6.80950e-12
      1279.71  4.29305e-09  8.14680e-12
      1280.03  5.76300e-09  9.42671e-12
      1280.36  5.25375e-09  8.66239e-12
      1280.69  5.64059e-09  8.84245e-12
      1281.02  7.53412e-09  9.98705e-12
      1281.34  1.13400e-08  1.23823e-11
      1281.67  1.39534e-08  1.42501e-11
      1282.00  1.05225e-08  1.19600e-11
      1282.33  1.07272e-08  1.21293e-11
      1282.66  1.69057e-08  1.49436e-11
      1282.99  2.09850e-08  1.47938e-11
      1283.32  2.00527e-08  1.28770e-11
      1283.65  1.34808e-08  9.67037e-12
      1283.98  6.92770e-09  6.87634e-12
      1284.31  3.84978e-09  5.55024e-12
      1284.64  2.85629e-09  5.22737e-12
      1284.97  2.85592e-09  5.48170e-12
      1285.30  3.35620e-09  6.10455e-12
      1285.63  2.90715e-09  5.82780e-12
      1285.96  2.75308e-09  5.73697e-12
      1286.29  4.34311e-09  7.04458e-12
      1286.62  6.15103e-09  8.44948e-12
      1286.95  5.81191e-09  8.24590e-12
      1287.28  7.59506e-09  9.44436e-12
      1287.61  1.36134e-08  1.34106e-11
      1287.95  1.63281e-08  1.50136e-11
      1288.28  1.64561e-08  1.54055e-11
      1288.61  1.65168e-08  1.52191e-11
      1288.94  1.66677e-08  1.54073e-11
      1289.27  1.15027e-08  1.21228e-11
      1289.61  8.33231e-09  1.02687e-11
      1289.94  6.57386e-09  9.20890e-12
      1290.27  4.32499e-09  7.56913e-12
      1290.61  3.54192e-09  6.94805e-12
      1290.94  2.57677e-09  5.53191e-12
      1291.27  1.85777e-09  4.58534e-12
      1291.61  2.20413e-09  4.66669e-12
      1291.94  3.68159e-09  5.59661e-12
      1292.27  6.51652e-09  7.15359e-12
      1292.61  9.46302e-09  9.02842e-12
      1292.94  6.85533e-09  7.79452e-12
      1293.28  5.28305e-09  7.43286e-12
      1293.61  7.10456e-09  9.13782e-12
      1293.95  9.33445e-09  1.05618e-11
      1294.28  1.44519e-08  1.36022e-11
      1294.62  1.63073e-08  1.44450e-11
      1294.95  1.36567e-08  1.29630e-11
      1295.29  1.34422e-08  1.31728e-11
      1295.62  1.14909e-08  1.21572e-11
      1295.96  8.29721e-09  1.05517e-11
      1296.29  7.16929e-09  1.00151e-11
      1296.63  7.47652e-09  1.02221e-11
      1296.97  9.27577e-09  1.10179e-11
      1297.30  1.44604e-08  1.30074e-11
      1297.64  1.88336e-08  1.33511e-11
      1297.98  1.49266e-08  1.04710e-11
      1298.31  9.20041e-09  7.87355e-12
      1298.65  5.12926e-09  6.11604e-12
      1298.99  3.95960e-09  5.70996e-12
      1299.33  7.12602e-09  7.84783e-12
      1299.66  1.28957e-08  1.10110e-11
      1300.00  1.47057e-08  1.20683e-11
      1300.34  1.27499e-08  1.17415e-11
      1300.68  8.86336e-09  9.72349e-12
      1301.02  9.45931e-09  1.00086e-11
      1301.35  1.66349e-08  1.40063e-11
      1301.69  2.00640e-08  1.54250e-11
      1302.03  1.96232e-08  1.58431e-11
      1302.37  1.73538e-08  1.47609e-11
      1302.71  2.04187e-08  1.65473e-11
      1303.05  2.19617e-08  1.63330e-11
      1303.39  2.51808e-08  1.69165e-11
      1303.73  2.69601e-08  1.69131e-11
      1304.07  2.41329e-08  1.44373e-11
      1304.41  2.42946e-08  1.36742e-11
      1304.75  2.53675e-08  1.35823e-11
      1305.09  2.63324e-08  1.34918e-11
      1305.43  3.13483e-08  1.53247e-11
      1305.77  3.73832e-08  1.74489e-11
      1306.11  3.71923e-08  1.79331e-11
      1306.46  2.50081e-08  1.49003e-11
      1306.80  1.20072e-08  1.06564e-11
      1307.14  6.22178e-09  8.27380e-12
      1307.48  4.26890e-09  7.57830e-12
      1307.82  3.40759e-09  7.26738e-12
      1308.16  3.49239e-09  7.55729e-12
      1308.51  4.12794e-09  8.29415e-12
      1308.85  3.37025e-09  7.56085e-12
      1309.19  2.37676e-09  6.36474e-12
      1309.53  2.11423e-09  5.82061e-12
      1309.88  2.04031e-09  5.60374e-12
      1310.22  2.19590e-09  5.48387e-12
      1310.56  2.91191e-09  5.46446e-12
      1310.91  5.46728e-09  6.65941e-12
      1311.25  9.94445e-09  9.03654e-12
      1311.60  9.86292e-09  9.08763e-12
      1311.94  5.66248e-09  7.05273e-12
      1312.28  2.89359e-09  5.61503e-12
      1312.63  1.94607e-09  5.00361e-12
      1312.97  1.69032e-09  5.05997e-12
      1313.32  2.40328e-09  5.93535e-12
      1313.66  4.12260e-09  7.94365e-12
      1314.01  3.45217e-09  7.40372e-12
      1314.35  1.92030e-09  6.13207e-12
      1314.70  1.44645e-09  5.51323e-12
      1315.05  1.41678e-09  5.35906e-12
      1315.39  1.60599e-09  5.31417e-12
      1315.74  2.09257e-09  5.63257e-12
      1316.08  3.37378e-09  6.46547e-12
      1316.43  7.16065e-09  8.37059e-12
      1316.78  1.12745e-08  9.94074e-12
      1317.12  8.58064e-09  8.33856e-12
      1317.47  4.01253e-09  5.98186e-12
      1317.82  2.30938e-09  5.16066e-12
      1318.17  2.47922e-09  5.54828e-12
      1318.51  4.26392e-09  6.99171e-12
      1318.86  5.25105e-09  8.18974e-12
      1319.21  3.51577e-09  7.10228e-12
      1319.56  2.11053e-09  6.39701e-12
      1319.91  2.14442e-09  6.88677e-12
      1320.25  2.14506e-09  6.62787e-12
      1320.60  2.13656e-09  6.33181e-12
      1320.95  2.61094e-09  6.46177e-12
      1321.30  3.76611e-09  6.97303e-12
      1321.65  7.88339e-09  9.08403e-12
      1322.00  1.50520e-08  1.29383e-11
      1322.35  1.17143e-08  1.03123e-11
      1322.70  5.44492e-09  6.75313e-12
      1323.05  3.50012e-09  5.75148e-12
      1323.40  4.00523e-09  6.45576e-12
      1323.75  4.85231e-09  7.14425e-12
      1324.10  5.11122e-09  7.59573e-12
      1324.45  3.71325e-09  6.67356e-12
      1324.80  2.64230e-09  6.17570e-12
      