227
      1249.95  8.79292e-09  1.01325e-11
      1250.27  4.06350e-09  7.24977e-12
      1250.58  1.22321e-09  5.04451e-12
      1250.89  8.56954e-10  4.68992e-12
      1251.20  1.17463e-09  4.88725e-12
      1251.52  1.94860e-09  5.29677e-12
      1251.83  3.45075e-09  6.31392e-12
      1252.14  4.46289e-09  7.06639e-12
      1252.46  4.20146e-09  7.00072e-12
      1252.77  3.89274e-09  6.81978e-12
      1253.09  6.69413e-09  8.61512e-12
      1253.40  1.30564e-08  1.17747e-11
      1253.71  1.62310e-08  1.32668e-11
      1254.03  9.59721e-09  9.89308e-12
      1254.34  4.42395e-09  6.89013e-12
      1254.66  5.65153e-09  7.61263e-12
      1254.97  9.31291e-09  1.02752e-11
      1255.29  5.97998e-09  8.23206e-12
      1255.60  2.50286e-09  6.11759e-12
      1255.92  2.90151e-09  6.73846e-12
      1256.23  5.27001e-09  8.37784e-12
      1256.55  8.64949e-09  1.06216e-11
      1256.87  6.04943e-09  8.69478e-12
      1257.18  2.59120e-09  5.93391e-12
      1257.50  1.85837e-09  5.31911e-12
      1257.81  2.17004e-09  5.63892e-12
      1258.13  2.76143e-09  6.27074e-12
      1258.45  2.75626e-09  6.38666e-12
      1258.76  2.91530e-09  6.53730e-12
      1259.08  5.49370e-09  7.99721e-12
      1259.40  1.19113e-08  1.12591e-11
      1259.72  1.63434e-08  1.27493e-11
      1260.03  1.20632e-08  1.03948e-11
      1260.35  8.72433e-09  8.54134e-12
      1260.67  1.12643e-08  9.87337e-12
      1260.99  1.04035e-08  9.38682e-12
      1261.30  8.39458e-09  8.81648e-12
      1261.62  1.06282e-08  1.03511e-11
      1261.94  1.09794e-08  9.58355e-12
      1262.26  1.11223e-08  9.71632e-12
      1262.58  8.00135e-09  7.83020e-12
      1262.90  8.52317e-09  7.70300e-12
      1263.22  1.33964e-08  9.87514e-12
      1263.54  1.07313e-08  8.56261e-12
      1263.86  6.48954e-09  6.94727e-12
      1264.17  4.90155e-09  6.84872e-12
      1264.49  3.34678e-09  5.82670e-12
      1264.81  3.82708e-09  5.91699e-12
      1265.13  8.18748e-09  8.39371e-12
      1265.45  1.29595e-08  1.04433e-11
      1265.77  1.14313e-08  9.61491e-12
      1266.10  5.93111e-09  6.96861e-12
      1266.42  2.85347e-09  5.22039e-12
      1266.74  2.42943e-09  5.21414e-12
      1267.06  3.46309e-09  5.96251e-12
      1267.38  7.85742e-09  8.64394e-12
      1267.70  1.47564e-08  1.20691e-11
      1268.02  1.57828e-08  1.19902e-11
      1268.34  1.55402e-08  1.19339e-11
      1268.67  1.40085e-08  1.07043e-11
      1268.99  1.40479e-08  1.07826e-11
      1269.31  1.06472e-08  9.14371e-12
      1269.63  6.80363e-09  7.42130e-12
      1269.95  5.60711e-09  6.95566e-12
      1270.28  7.02370e-09  7.57495e-12
      1270.60  1.22697e-08  1.01744e-11
      1270.92  1.47539e-08  1.08409e-11
      1271.25  1.60133e-08  1.07947e-11
      1271.57  1.55857e-08  1.03341e-11
      1271.89  9.07230e-09  7.53920e-12
      1272.22  3.79711e-09  5.09681e-12
      1272.54  2.24206e-09  4.39998e-12
      1272.86  1.79526e-09  4.20725e-12
      1273.19  1.67736e-09  4.23385e-12
      1273.51  2.08320e-09  4.57757e-12
      1273.84  3.33797e-09  5.50012e-12
      1274.16  4.45919e-09  6.05262e-12
      1274.49  5.97439e-09  6.53651e-12
      1274.81  1.09623e-08  8.85948e-12
      1275.14  1.52591e-08  1.06554e-11
      1275.46  1.35898e-08  1.02076e-11
      1275.79  8.69978e-09  8.41562e-12
      1276.11  5.61123e-09  7.06621e-12
      1276.44  7.69570e-09  8.42469e-12
      1276.76  1.32435e-08  1.12649e-11
      1277.09  1.38691e-08  1.09303e-11
      1277.42  1.41002e-08  1.09280e-11
      1277.74  9.64317e-09  8.79062e-12
      1278.07  4.35110e-09  6.03018e-12
      1278.40  2.50253e-09  5.02048e-12
      1278.72  1.90983e-09  4.67302e-12
      1279.05  1.90087e-09  4.65413e-12
      1279.38  2.60720e-09  5.22627e-12
      1279.71  4.03390e-09  5.89928e-12
      1280.03  5.40932e-09  6.63859e-12
      1280.36  4.74989e-09  5.84701e-12
      1280.69  5.03934e-09  5.92758e-12
      1281.02  6.62453e-09  6.51696e-12
      1281.34  9.93611e-09  8.06002e-12
      1281.67  1.22485e-08  9.40269e-12
      1282.00  9.22379e-09  8.11562e-12
      1282.33  9.39634e-09  8.33108e-12
      1282.66  1.49041e-08  1.06982e-11
      1282.99  1.90852e-08  1.20120e-11
      1283.32  1.89542e-08  1.19759e-11
      1283.65  1.31859e-08  9.94937e-12
      1283.98  6.76451e-09  7.27191e-12
      1284.31  3.76797e-09  5.92671e-12
      1284.64  2.79612e-09  5.50971e-12
      1284.97  2.81267e-09  5.65877e-12
      1285.30  3.31893e-09  6.18030e-12
      1285.63  2.86565e-09  5.60992e-12
      1285.96  2.68921e-09  5.19919e-12
      1286.29  4.23741e-09  6.04109e-12
      1286.62  6.01117e-09  6.96730e-12
      1286.95  5.53042e-09  6.39140e-12
      1287.28  7.08116e-09  6.94508e-12
      1287.61  1.28231e-08  9.60625e-12
      1287.95  1.51572e-08  1.02345e-11
      1288.28  1.49747e-08  1.01554e-11
      1288.61  1.47859e-08  9.83177e-12
      1288.94  1.45481e-08  9.89749e-12
      1289.27  1.00817e-08  8.00479e-12
      1289.61  7.23972e-09  7.03129e-12
      1289.94  5.68196e-09  6.53612e-12
      1290.27  3.79282e-09  5.65776e-12
      1290.61  3.22465e-09  5.70906e-12
      1290.94  2.42872e-09  5.32858e-12
      1291.27  1.78286e-09  4.85070e-12
      1291.61  2.12652e-09  5.04630e-12
      1291.94  3.60077e-09  5.90420e-12
      1292.27  6.42145e-09  7.32382e-12
      1292.61  9.45959e-09  9.04841e-12
      1292.94  6.73682e-09  7.36188e-12
      1293.28  5.13277e-09  6.51804e-12
      1293.61  6.92150e-09  7.70584e-12
      1293.95  8.90625e-09  8.25153e-12
      1294.28  1.37655e-08  1.01859e-11
      1294.62  1.54122e-08  1.03143e-11
      1294.95  1.26109e-08  8.79310e-12
      1295.29  1.20795e-08  8.68770e-12
      1295.62  1.01736e-08  7.95338e-12
      1295.96  7.21654e-09  6.89774e-12
      1296.29  6.18429e-09  6.66613e-12
      1296.63  6.46127e-09  6.96722e-12
      1296.97  8.18378e-09  7.93078e-12
      1297.30  1.29374e-08  9.87669e-12
      1297.64  1.73144e-08  1.15890e-11
      1297.98  1.46245e-08  1.05374e-11
      1298.31  9.06629e-09  8.30595e-12
      1298.65  5.03274e-09  6.46299e-12
      1298.99  3.89095e-09  5.81118e-12
      1299.33  7.04818e-09  7.75975e-12
      1299.66  1.27983e-08  1.04979e-11
      1300.00  1.44234e-08  1.07104e-11
      1300.34  1.24843e-08  9.78548e-12
      1300.68  8.42807e-09  7.56043e-12
      1301.02  8.82559e-09  7.26709e-12
      1301.35  1.57205e-08  9.96737e-12
      1301.69  1.85586e-08  1.05428e-11
      1302.03  1.78937e-08  1.06311e-11
      1302.37  1.54576e-08  9.73845e-12
      1302.71  1.81304e-08  1.11271e-11
      1303.05  1.96789e-08  1.14269e-11
      1303.39  2.26209e-08  1.23840e-11
      1303.73  2.41629e-08  1.33383e-11
      1304.07  2.23235e-08  1.26392e-11
      1304.41  2.30177e-08  1.29226e-11
      1304.75  2.46905e-08  1.38698e-11
      1305.09  2.60862e-08  1.44566e-11
      1305.43  3.11584e-08  1.59216e-11
      1305.77  3.72337e-08  1.72881e-11
      1306.11  3.70784e-08  1.68469e-11
      1306.46  2.46921e-08  1.30967e-11
      1306.80  1.16695e-08  8.72949e-12
      1307.14  5.95399e-09  6.39426e-12
      1307.48  4.12090e-09  5.79721e-12
      1307.82  3.15143e-09  4.98224e-12
      1308.16  3.09956e-09  4.98265e-12
      1308.51  3.66037e-09  5.50142e-12
      1308.85  2.89702e-09  4.90383e-12
      1309.19  2.02182e-09  4.26571e-12
      1309.53  1.82572e-09  4.14547e-12
      1309.88  1.79646e-09  4.21922e-12
      1310.22  1.96566e-09  4.51462e-12
      1310.56  2.63343e-09  5.04763e-12
      1310.91  5.08844e-09  6.71181e-12
      1311.25  9.80478e-09  9.63814e-12
      1311.60  9.78088e-09  9.36415e-12
      1311.94  5.60459e-09  6.88394e-12
      1312.28  2.83059e-09  5.03651e-12
      1312.63  1.90533e-09  4.33853e-12
      1312.97  1.65161e-09  4.12002e-12
      1313.32  2.31229e-09  4.49445e-12
      1313.66  3.73946e-09  5.51553e-12
      1314.01  3.11361e-09  5.10053e-12
      1314.35  1.71363e-09  4.09352e-12
      1314.70  1.25841e-09  3.72527e-12
      1315.05  1.23711e-09  3.72853e-12
      1315.39  1.40699e-09  3.87684e-12
      1315.74  1.84746e-09  4.59246e-12
      1316.08  2.98441e-09  5.22967e-12
      1316.43  6.42838e-09  7.34671e-12
      1316.78  1.08407e-08  1.00293e-11
      1317.12  8.47051e-09  8.88301e-12
      1317.47  3.97736e-09  6.22771e-12
      1317.82  2.29045e-09  4.94325e-12
      1318.17  2.41096e-09  4.72643e-12
      1318.51  4.14314e-09  5.81977e-12
      1318.86  5.08418e-09  6.37347e-12
      1319.21  3.28915e-09  5.12467e-12
      1319.56  1.87259e-09  4.23704e-12
      1319.91  1.90804e-09  4.42127e-12
      1320.25  1.87660e-09  4.34144e-12
      1320.60  1.83628e-09  4.27372e-12
      1320.95  2.26409e-09  4.52872e-12
      1321.30  3.35126e-09  5.15041e-12
      1321.65  7.18480e-09  7.19214e-12
      1322.00  1.37292e-08  1.07324e-11
      1322.35  1.15094e-08  9.85991e-12
      1322.70  5.58536e-09  7.09060e-12
      1323.05  3.49119e-09  5.92526e-12
      1323.40  3.94640e-09  6.20981e-12
      1323.75  4.77088e-09  6.50420e-12
      1324.10  4.95384e-09  6.38500e-12
      1324.45  3.58596e-09  5.27674e-12
      1324.80  2.48243e-09  4.49737e-12
      