227
      1249.95  1.09830e-08  1.40957e-11
      1250.27  5.17040e-09  1.00892e-11
      1250.58  1.57472e-09  7.05550e-12
      1250.89  1.04837e-09  6.39683e-12
      1251.20  1.46709e-09  6.57006e-12
      1251.52  2.46265e-09  7.19521e-12
      1251.83  4.56892e-09  8.76579e-12
      1252.14  5.95404e-09  9.67883e-12
      1252.46  5.64372e-09  9.70036e-12
      1252.77  5.22398e-09  9.35970e-12
      1253.09  8.93177e-09  1.22153e-11
      1253.40  1.69714e-08  1.67846e-11
      1253.71  2.06118e-08  1.87263e-11
      1254.03  1.26237e-08  1.43321e-11
      1254.34  6.12181e-09  1.00327e-11
      1254.66  7.77215e-09  1.13700e-11
      1254.97  1.18165e-08  1.43482e-11
      1255.29  7.72826e-09  1.17589e-11
      1255.60  3.48032e-09  8.89839e-12
      1255.92  3.90466e-09  9.89618e-12
      1256.23  6.93906e-09  1.22256e-11
      1256.55  1.15823e-08  1.61013e-11
      1256.87  7.75987e-09  1.26323e-11
      1257.18  3.33660e-09  8.77546e-12
      1257.50  2.44131e-09  7.90040e-12
      1257.81  2.84502e-09  8.45270e-12
      1258.13  3.61378e-09  9.13565e-12
      1258.45  3.64067e-09  9.28889e-12
      1258.76  3.94933e-09  9.59709e-12
      1259.08  7.35891e-09  1.21236e-11
      1259.40  1.50841e-08  1.65538e-11
      1259.72  2.00979e-08  1.87139e-11
      1260.03  1.49856e-08  1.51929e-11
      1260.35  1.11579e-08  1.22672e-11
      1260.67  1.44292e-08  1.41670e-11
      1260.99  1.30719e-08  1.32103e-11
      1261.30  1.03373e-08  1.14170e-11
      1261.62  1.33577e-08  1.35035e-11
      1261.94  1.37558e-08  1.32968e-11
      1262.26  1.41412e-08  1.43139e-11
      1262.58  9.63350e-09  1.11172e-11
      1262.90  1.09606e-08  1.08573e-11
      1263.22  1.67429e-08  1.34542e-11
      1263.54  1.37923e-08  1.19211e-11
      1263.86  8.59097e-09  9.64276e-12
      1264.17  6.62553e-09  9.09921e-12
      1264.49  4.79450e-09  8.15685e-12
      1264.81  5.34592e-09  8.62344e-12
      1265.13  1.09043e-08  1.21696e-11
      1265.45  1.67615e-08  1.51934e-11
      1265.77  1.46647e-08  1.40654e-11
      1266.10  7.70090e-09  1.01826e-11
      1266.42  3.86264e-09  7.77167e-12
      1266.74  3.28294e-09  7.56658e-12
      1267.06  4.57959e-09  8.73607e-12
      1267.38  1.00647e-08  1.25033e-11
      1267.70  1.90585e-08  1.79626e-11
      1268.02  2.00001e-08  1.77626e-11
      1268.34  1.96007e-08  1.74381e-11
      1268.67  1.78406e-08  1.59459e-11
      1268.99  1.74226e-08  1.55094e-11
      1269.31  1.35387e-08  1.33991e-11
      1269.63  8.83169e-09  1.08594e-11
      1269.95  7.30791e-09  1.00853e-11
      1270.28  9.20209e-09  1.09645e-11
      1270.60  1.52089e-08  1.42354e-11
      1270.92  1.82068e-08  1.50281e-11
      1271.25  2.00095e-08  1.50873e-11
      1271.57  1.95595e-08  1.45492e-11
      1271.89  1.12992e-08  1.04438e-11
      1272.22  4.89222e-09  7.09298e-12
      1272.54  2.94303e-09  6.00309e-12
      1272.86  2.36822e-09  5.80338e-12
      1273.19  2.22300e-09  5.84420e-12
      1273.51  2.78884e-09  6.43784e-12
      1273.84  4.50009e-09  7.94696e-12
      1274.16  6.04644e-09  9.02580e-12
      1274.49  8.12078e-09  9.87873e-12
      1274.81  1.43302e-08  1.30664e-11
      1275.14  1.94906e-08  1.54447e-11
      1275.46  1.74295e-08  1.49194e-11
      1275.79  1.14215e-08  1.26209e-11
      1276.11  7.56791e-09  1.07107e-11
      1276.44  1.01717e-08  1.25689e-11
      1276.76  1.67867e-08  1.66902e-11
      1277.09  1.74219e-08  1.59767e-11
      1277.42  1.80096e-08  1.64624e-11
      1277.74  1.20306e-08  1.27845e-11
      1278.07  5.47463e-09  8.64573e-12
      1278.40  3.20012e-09  7.06173e-12
      1278.72  2.45060e-09  6.49816e-12
      1279.05  2.42821e-09  6.59352e-12
      1279.38  3.36187e-09  7.36239e-12
      1279.71  5.16053e-09  8.44697e-12
      1280.03  6.87132e-09  9.18958e-12
      1280.36  6.21246e-09  8.18530e-12
      1280.69  6.60159e-09  8.14732e-12
      1281.02  8.78865e-09  9.11121e-12
      1281.34  1.29109e-08  1.11661e-11
      1281.67  1.54254e-08  1.26617e-11
      1282.00  1.20849e-08  1.15086e-11
      1282.33  1.26249e-08  1.22688e-11
      1282.66  1.93057e-08  1.57098e-11
      1282.99  2.43718e-08  1.77086e-11
      1283.32  2.41074e-08  1.75574e-11
      1283.65  1.67259e-08  1.45396e-11
      1283.98  8.72764e-09  1.07860e-11
      1284.31  4.95233e-09  8.75042e-12
      1284.64  3.67697e-09  8.15307e-12
      1284.97  3.68036e-09  8.31767e-12
      1285.30  4.40294e-09  9.23173e-12
      1285.63  3.73785e-09  8.38377e-12
      1285.96  3.46270e-09  7.69553e-12
      1286.29  5.41372e-09  8.77032e-12
      1286.62  7.58856e-09  9.83592e-12
      1286.95  7.13848e-09  9.02462e-12
      1287.28  9.15397e-09  9.84029e-12
      1287.61  1.58992e-08  1.30814e-11
      1287.95  1.89229e-08  1.40949e-11
      1288.28  1.88859e-08  1.40311e-11
      1288.61  1.88218e-08  1.38423e-11
      1288.94  1.84031e-08  1.38044e-11
      1289.27  1.29324e-08  1.12299e-11
      1289.61  9.60551e-09  1.01337e-11
      1289.94  7.56629e-09  9.40224e-12
      1290.27  5.05996e-09  8.14166e-12
      1290.61  4.35733e-09  8.38035e-12
      1290.94  3.22549e-09  7.58831e-12
      1291.27  2.36244e-09  7.07344e-12
      1291.61  2.82598e-09  7.37868e-12
      1291.94  4.79550e-09  8.94332e-12
      1292.27  8.32511e-09  1.08639e-11
      1292.61  1.17718e-08  1.30237e-11
      1292.94  8.63863e-09  1.08971e-11
      1293.28  6.66672e-09  9.40524e-12
      1293.61  8.83589e-09  1.10024e-11
      1293.95  1.15406e-08  1.20216e-11
      1294.28  1.70685e-08  1.42786e-11
      1294.62  1.90052e-08  1.44206e-11
      1294.95  1.60806e-08  1.24514e-11
      1295.29  1.54277e-08  1.19537e-11
      1295.62  1.30503e-08  1.09495e-11
      1295.96  9.52837e-09  9.59846e-12
      1296.29  8.26671e-09  9.47261e-12
      1296.63  8.63224e-09  1.01417e-11
      1296.97  1.07532e-08  1.15805e-11
      1297.30  1.68334e-08  1.47235e-11
      1297.64  2.25184e-08  1.72299e-11
      1297.98  1.87663e-08  1.55273e-11
      1298.31  1.17617e-08  1.25541e-11
      1298.65  6.54013e-09  9.46895e-12
      1298.99  5.06894e-09  8.65337e-12
      1299.33  9.00003e-09  1.13667e-11
      1299.66  1.61073e-08  1.53547e-11
      1300.00  1.80059e-08  1.56732e-11
      1300.34  1.54811e-08  1.40595e-11
      1300.68  1.07927e-08  1.09156e-11
      1301.02  1.13501e-08  1.03898e-11
      1301.35  1.92751e-08  1.34344e-11
      1301.69  2.30407e-08  1.46279e-11
      1302.03  2.19948e-08  1.48927e-11
      1302.37  1.96930e-08  1.37473e-11
      1302.71  2.26220e-08  1.54226e-11
      1303.05  2.47502e-08  1.62168e-11
      1303.39  2.83639e-08  1.77966e-11
      1303.73  3.03060e-08  1.87571e-11
      1304.07  2.81458e-08  1.80568e-11
      1304.41  2.88501e-08  1.90236e-11
      1304.75  3.05746e-08  2.00697e-11
      1305.09  3.18873e-08  2.09422e-11
      1305.43  3.77281e-08  2.30893e-11
      1305.77  4.44125e-08  2.46854e-11
      1306.11  4.41667e-08  2.43124e-11
      1306.46  2.92963e-08  1.86858e-11
      1306.80  1.41002e-08  1.23388e-11
      1307.14  7.44842e-09  9.04809e-12
      1307.48  5.10818e-09  7.57106e-12
      1307.82  4.07315e-09  6.86645e-12
      1308.16  4.09909e-09  6.95629e-12
      1308.51  4.76752e-09  7.56374e-12
      1308.85  3.87335e-09  6.90606e-12
      1309.19  2.72628e-09  6.10718e-12
      1309.53  2.47124e-09  5.95797e-12
      1309.88  2.45392e-09  6.14875e-12
      1310.22  2.68572e-09  6.51615e-12
      1310.56  3.61987e-09  7.44105e-12
      1310.91  6.84499e-09  1.00292e-11
      1311.25  1.22384e-08  1.37795e-11
      1311.60  1.21776e-08  1.36449e-11
      1311.94  7.20748e-09  1.03527e-11
      1312.28  3.73383e-09  7.48825e-12
      1312.63  2.45857e-09  6.19781e-12
      1312.97  2.08347e-09  5.59672e-12
      1313.32  2.93417e-09  6.13519e-12
      1313.66  4.95104e-09  7.96862e-12
      1314.01  3.97643e-09  6.95385e-12
      1314.35  2.19065e-09  5.48768e-12
      1314.70  1.63576e-09  5.17303e-12
      1315.05  1.61697e-09  5.17683e-12
      1315.39  1.87745e-09  5.41079e-12
      1315.74  2.48474e-09  6.11788e-12
      1316.08  3.96579e-09  7.53172e-12
      1316.43  8.23564e-09  1.07706e-11
      1316.78  1.40358e-08  1.48948e-11
      1317.12  1.09060e-08  1.29930e-11
      1317.47  5.00960e-09  9.05057e-12
      1317.82  2.93231e-09  7.14210e-12
      1318.17  3.10901e-09  6.96902e-12
      1318.51  5.25526e-09  8.47637e-12
      1318.86  6.41348e-09  9.02542e-12
      1319.21  4.27156e-09  7.23690e-12
      1319.56  2.44472e-09  5.75071e-12
      1319.91  2.46234e-09  5.99731e-12
      1320.25  2.48071e-09  6.01611e-12
      1320.60  2.48697e-09  5.95737e-12
      1320.95  3.09188e-09  6.48469e-12
      1321.30  4.59108e-09  7.64562e-12
      1321.65  9.70977e-09  1.09693e-11
      1322.00  1.69581e-08  1.52406e-11
      1322.35  1.43469e-08  1.43863e-11
      1322.70  7.39018e-09  1.05539e-11
      1323.05  4.65712e-09  8.88540e-12
      1323.40  5.15493e-09  9.31248e-12
      1323.75  6.15013e-09  9.48371e-12
      1324.10  6.38321e-09  9.19243e-12
      1324.45  4.55319e-09  7.44834e-12
      1324.80  3.22052e-09  6.31477e-12
      