227
      1249.95  9.85349e-09  1.42054e-11
      1250.27  4.57967e-09  1.04334e-11
      1250.58  1.35471e-09  7.60810e-12
      1250.89  8.97885e-10  7.03268e-12
      1251.20  1.28715e-09  7.37004e-12
      1251.52  2.20613e-09  8.14634e-12
      1251.83  4.15998e-09  1.02613e-11
      1252.14  5.45164e-09  1.14344e-11
      1252.46  5.18248e-09  1.15061e-11
      1252.77  4.83152e-09  1.12655e-11
      1253.09  8.31513e-09  1.46482e-11
      1253.40  1.58908e-08  2.00575e-11
      1253.71  1.93029e-08  2.22833e-11
      1254.03  1.17774e-08  1.68112e-11
      1254.34  5.65000e-09  1.16715e-11
      1254.66  7.11818e-09  1.26621e-11
      1254.97  1.10202e-08  1.61553e-11
      1255.29  7.06613e-09  1.28836e-11
      1255.60  3.05806e-09  9.31669e-12
      1255.92  3.44534e-09  1.05826e-11
      1256.23  6.14062e-09  1.26420e-11
      1256.55  1.03799e-08  1.64435e-11
      1256.87  7.02359e-09  1.29464e-11
      1257.18  2.92427e-09  8.62154e-12
      1257.50  2.09872e-09  7.70629e-12
      1257.81  2.44400e-09  7.93440e-12
      1258.13  3.09701e-09  8.52330e-12
      1258.45  3.10049e-09  8.59532e-12
      1258.76  3.34143e-09  8.57299e-12
      1259.08  6.32893e-09  1.06781e-11
      1259.40  1.33209e-08  1.47267e-11
      1259.72  1.79629e-08  1.67094e-11
      1260.03  1.32242e-08  1.35237e-11
      1260.35  9.69962e-09  1.09213e-11
      1260.67  1.28583e-08  1.29844e-11
      1260.99  1.16147e-08  1.22851e-11
      1261.30  9.12003e-09  1.08345e-11
      1261.62  1.19611e-08  1.32713e-11
      1261.94  1.24456e-08  1.35913e-11
      1262.26  1.23109e-08  1.49569e-11
      1262.58  8.39209e-09  1.21761e-11
      1262.90  1.01260e-08  1.23351e-11
      1263.22  1.54269e-08  1.54827e-11
      1263.54  1.27919e-08  1.41675e-11
      1263.86  7.98978e-09  1.17636e-11
      1264.17  6.12715e-09  1.09723e-11
      1264.49  4.37982e-09  9.83593e-12
      1264.81  4.88155e-09  1.02438e-11
      1265.13  1.01308e-08  1.43699e-11
      1265.45  1.57269e-08  1.75272e-11
      1265.77  1.36971e-08  1.59294e-11
      1266.10  7.03583e-09  1.12041e-11
      1266.42  3.42445e-09  8.39784e-12
      1266.74  2.90843e-09  7.91654e-12
      1267.06  4.11377e-09  9.11442e-12
      1267.38  9.07569e-09  1.27536e-11
      1267.70  1.70033e-08  1.75237e-11
      1268.02  1.80363e-08  1.71869e-11
      1268.34  1.74756e-08  1.65004e-11
      1268.67  1.59489e-08  1.48631e-11
      1268.99  1.54868e-08  1.42486e-11
      1269.31  1.19198e-08  1.20250e-11
      1269.63  7.69097e-09  9.65925e-12
      1269.95  6.31361e-09  9.03314e-12
      1270.28  8.02306e-09  9.88705e-12
      1270.60  1.36667e-08  1.32706e-11
      1270.92  1.63532e-08  1.42765e-11
      1271.25  1.80928e-08  1.48309e-11
      1271.57  1.78865e-08  1.48809e-11
      1271.89  1.02030e-08  1.10048e-11
      1272.22  4.32619e-09  7.63867e-12
      1272.54  2.62438e-09  6.73002e-12
      1272.86  2.13171e-09  6.59847e-12
      1273.19  2.00886e-09  6.92458e-12
      1273.51  2.55570e-09  7.60108e-12
      1273.84  4.13109e-09  9.35411e-12
      1274.16  5.55550e-09  1.05634e-11
      1274.49  7.54273e-09  1.14761e-11
      1274.81  1.32765e-08  1.46243e-11
      1275.14  1.80435e-08  1.70661e-11
      1275.46  1.60432e-08  1.60107e-11
      1275.79  1.03776e-08  1.31752e-11
      1276.11  6.71740e-09  1.08665e-11
      1276.44  8.96080e-09  1.22557e-11
      1276.76  1.52214e-08  1.62831e-11
      1277.09  1.54848e-08  1.50409e-11
      1277.42  1.61895e-08  1.53723e-11
      1277.74  1.07195e-08  1.16309e-11
      1278.07  4.70690e-09  7.60136e-12
      1278.40  2.71032e-09  6.32633e-12
      1278.72  2.07308e-09  5.84663e-12
      1279.05  2.07259e-09  6.02262e-12
      1279.38  2.91481e-09  6.96360e-12
      1279.71  4.57313e-09  8.34509e-12
      1280.03  6.11288e-09  9.44742e-12
      1280.36  5.60710e-09  8.84130e-12
      1280.69  6.00940e-09  9.20447e-12
      1281.02  8.08484e-09  1.06265e-11
      1281.34  1.20233e-08  1.33193e-11
      1281.67  1.44636e-08  1.54055e-11
      1282.00  1.12300e-08  1.38360e-11
      1282.33  1.17073e-08  1.44539e-11
      1282.66  1.80747e-08  1.82075e-11
      1282.99  2.28193e-08  2.01484e-11
      1283.32  2.25787e-08  1.95900e-11
      1283.65  1.54502e-08  1.56583e-11
      1283.98  7.81773e-09  1.10982e-11
      1284.31  4.35930e-09  8.67086e-12
      1284.64  3.21091e-09  7.82333e-12
      1284.97  3.16972e-09  7.80504e-12
      1285.30  3.76519e-09  8.55369e-12
      1285.63  3.22248e-09  7.70238e-12
      1285.96  2.97771e-09  6.98094e-12
      1286.29  4.71310e-09  7.95063e-12
      1286.62  6.65946e-09  8.92055e-12
      1286.95  6.29737e-09  8.43349e-12
      1287.28  8.23466e-09  9.62613e-12
      1287.61  1.44842e-08  1.34389e-11
      1287.95  1.73542e-08  1.51977e-11
      1288.28  1.74411e-08  1.58171e-11
      1288.61  1.74938e-08  1.61177e-11
      1288.94  1.73063e-08  1.66065e-11
      1289.27  1.20524e-08  1.34251e-11
      1289.61  8.95710e-09  1.20475e-11
      1289.94  7.02953e-09  1.09576e-11
      1290.27  4.60988e-09  9.15255e-12
      1290.61  3.93909e-09  9.27237e-12
      1290.94  2.89527e-09  8.26822e-12
      1291.27  2.08131e-09  7.28551e-12
      1291.61  2.47940e-09  7.50840e-12
      1291.94  4.18108e-09  8.44161e-12
      1292.27  7.32073e-09  1.00934e-11
      1292.61  1.03531e-08  1.17959e-11
      1292.94  7.62542e-09  9.70069e-12
      1293.28  5.83510e-09  8.46322e-12
      1293.61  7.72505e-09  9.86239e-12
      1293.95  1.02226e-08  1.10738e-11
      1294.28  1.53934e-08  1.37381e-11
      1294.62  1.72395e-08  1.46036e-11
      1294.95  1.46495e-08  1.33344e-11
      1295.29  1.42213e-08  1.35083e-11
      1295.62  1.20609e-08  1.28200e-11
      1295.96  8.82055e-09  1.15513e-11
      1296.29  7.65026e-09  1.13689e-11
      1296.63  8.00314e-09  1.20886e-11
      1296.97  9.92447e-09  1.33285e-11
      1297.30  1.55577e-08  1.65512e-11
      1297.64  2.08924e-08  1.89550e-11
      1297.98  1.72635e-08  1.63866e-11
      1298.31  1.06184e-08  1.26665e-11
      1298.65  5.83582e-09  9.36805e-12
      1298.99  4.43760e-09  8.11684e-12
      1299.33  7.92404e-09  1.05283e-11
      1299.66  1.42450e-08  1.37543e-11
      1300.00  1.60558e-08  1.41039e-11
      1300.34  1.37800e-08  1.28012e-11
      1300.68  9.58469e-09  1.01973e-11
      1301.02  1.02416e-08  1.02378e-11
      1301.35  1.76675e-08  1.39957e-11
      1301.69  2.12698e-08  1.58928e-11
      1302.03  2.05681e-08  1.65422e-11
      1302.37  1.84338e-08  1.61476e-11
      1302.71  2.14095e-08  1.86422e-11
      1303.05  2.32995e-08  1.92388e-11
      1303.39  2.67518e-08  2.05392e-11
      1303.73  2.84923e-08  2.11265e-11
      1304.07  2.61170e-08  1.94553e-11
      1304.41  2.65871e-08  1.96951e-11
      1304.75  2.80715e-08  2.03533e-11
      1305.09  2.91000e-08  2.02758e-11
      1305.43  3.44604e-08  2.18831e-11
      1305.77  4.06881e-08  2.30042e-11
      1306.11  4.03661e-08  2.20602e-11
      1306.46  2.67258e-08  1.68818e-11
      1306.80  1.26894e-08  1.12464e-11
      1307.14  6.58169e-09  8.47314e-12
      1307.48  4.50855e-09  7.52984e-12
      1307.82  3.62606e-09  7.34437e-12
      1308.16  3.71973e-09  7.90013e-12
      1308.51  4.36366e-09  8.92412e-12
      1308.85  3.56764e-09  8.33401e-12
      1309.19  2.50867e-09  7.32685e-12
      1309.53  2.25642e-09  7.01779e-12
      1309.88  2.21444e-09  7.16863e-12
      1310.22  2.39440e-09  7.18016e-12
      1310.56  3.19976e-09  7.88642e-12
      1310.91  6.07116e-09  1.01036e-11
      1311.25  1.10661e-08  1.35943e-11
      1311.60  1.09351e-08  1.29825e-11
      1311.94  6.33719e-09  9.52485e-12
      1312.28  3.20889e-09  6.70978e-12
      1312.63  2.09467e-09  5.58368e-12
      1312.97  1.77388e-09  5.21610e-12
      1313.32  2.55207e-09  5.98981e-12
      1313.66  4.47589e-09  8.32991e-12
      1314.01  3.58714e-09  7.67596e-12
      1314.35  1.96225e-09  6.39725e-12
      1314.70  1.48393e-09  6.24907e-12
      1315.05  1.47666e-09  6.19741e-12
      1315.39  1.70617e-09  6.28569e-12
      1315.74  2.25458e-09  6.98191e-12
      1316.08  3.60526e-09  8.11048e-12
      1316.43  7.47467e-09  1.11556e-11
      1316.78  1.25346e-08  1.48578e-11
      1317.12  9.85653e-09  1.28086e-11
      1317.47  4.47847e-09  8.43351e-12
      1317.82  2.55469e-09  6.68981e-12
      1318.17  2.69665e-09  6.25798e-12
      1318.51  4.58605e-09  7.53186e-12
      1318.86  5.62889e-09  8.37379e-12
      1319.21  3.76320e-09  7.10617e-12
      1319.56  2.17672e-09  6.19160e-12
      1319.91  2.21911e-09  6.92461e-12
      1320.25  2.26324e-09  7.17339e-12
      1320.60  2.28458e-09  7.23660e-12
      1320.95  2.83614e-09  7.74873e-12
      1321.30  4.14025e-09  8.83875e-12
      1321.65  8.89203e-09  1.22894e-11
      1322.00  1.58533e-08  1.63696e-11
      1322.35  1.31703e-08  1.46815e-11
      1322.70  6.57558e-09  1.02821e-11
      1323.05  4.03070e-09  8.26420e-12
      1323.40  4.47228e-09  8.46397e-12
      1323.75  5.35421e-09  8.48870e-12
      1324.10  5.62098e-09  8.35485e-12
      1324.45  3.97793e-09  6.98307e-12
      1324.80  2.81786e-09  6.26836e-12
      