227
      1249.95  8.25877e-09  1.09964e-11
      1250.27  4.05873e-09  7.92346e-12
      1250.58  1.27070e-09  5.50056e-12
      1250.89  8.17098e-10  5.07924e-12
      1251.20  1.09425e-09  5.25539e-12
      1251.52  1.80075e-09  5.93392e-12
      1251.83  3.25732e-09  7.48817e-12
      1252.14  4.29095e-09  8.19047e-12
      1252.46  4.10216e-09  8.14558e-12
      1252.77  3.70522e-09  7.59930e-12
      1253.09  6.26942e-09  8.93942e-12
      1253.40  1.25162e-08  1.17484e-11
      1253.71  1.60501e-08  1.31335e-11
      1254.03  9.86151e-09  1.00139e-11
      1254.34  4.46646e-09  6.90906e-12
      1254.66  5.49145e-09  7.77662e-12
      1254.97  8.88512e-09  1.00379e-11
      1255.29  6.17533e-09  8.38265e-12
      1255.60  2.61115e-09  5.96953e-12
      1255.92  2.83540e-09  6.00779e-12
      1256.23  5.10498e-09  7.08454e-12
      1256.55  8.39597e-09  8.82956e-12
      1256.87  6.17506e-09  7.41224e-12
      1257.18  2.66883e-09  5.29623e-12
      1257.50  1.85265e-09  4.95512e-12
      1257.81  2.12689e-09  5.31823e-12
      1258.13  2.70366e-09  5.92499e-12
      1258.45  2.71172e-09  5.87947e-12
      1258.76  2.83462e-09  5.84730e-12
      1259.08  5.18749e-09  6.96090e-12
      1259.40  1.11883e-08  9.73315e-12
      1259.72  1.56855e-08  1.15460e-11
      1260.03  1.17548e-08  1.00323e-11
      1260.35  8.22215e-09  8.60819e-12
      1260.67  1.07993e-08  1.04108e-11
      1260.99  1.00492e-08  1.02039e-11
      1261.30  7.73717e-09  8.83734e-12
      1261.62  9.80702e-09  1.01720e-11
      1261.94  1.04002e-08  9.95668e-12
      1262.26  1.06386e-08  1.01277e-11
      1262.58  7.89597e-09  8.45694e-12
      1262.90  7.97991e-09  8.43734e-12
      1263.22  1.25909e-08  1.10377e-11
      1263.54  1.06577e-08  1.01064e-11
      1263.86  6.43608e-09  8.07805e-12
      1264.17  4.88527e-09  7.34438e-12
      1264.49  3.52515e-09  6.31098e-12
      1264.81  3.77407e-09  6.02382e-12
      1265.13  7.84327e-09  8.00769e-12
      1265.45  1.25776e-08  9.85395e-12
      1265.77  1.13841e-08  9.23392e-12
      1266.10  6.01924e-09  6.79803e-12
      1266.42  2.88215e-09  5.15705e-12
      1266.74  2.38060e-09  4.91501e-12
      1267.06  3.26056e-09  5.38260e-12
      1267.38  7.28303e-09  7.10875e-12
      1267.70  1.44395e-08  9.90524e-12
      1268.02  1.53202e-08  9.60356e-12
      1268.34  1.51816e-08  9.67340e-12
      1268.67  1.35664e-08  8.98220e-12
      1268.99  1.35692e-08  9.54227e-12
      1269.31  1.04928e-08  8.64046e-12
      1269.63  6.57435e-09  7.19760e-12
      1269.95  5.38645e-09  6.82741e-12
      1270.28  6.63342e-09  7.27489e-12
      1270.60  1.15270e-08  9.68557e-12
      1270.92  1.40181e-08  1.02746e-11
      1271.25  1.52268e-08  1.06124e-11
      1271.57  1.50981e-08  1.09060e-11
      1271.89  8.98422e-09  8.50416e-12
      1272.22  3.74227e-09  6.08188e-12
      1272.54  2.19140e-09  5.29361e-12
      1272.86  1.75222e-09  4.99879e-12
      1273.19  1.64317e-09  4.84218e-12
      1273.51  2.02414e-09  4.81343e-12
      1273.84  3.25092e-09  5.56407e-12
      1274.16  4.38907e-09  6.07017e-12
      1274.49  5.78302e-09  6.43505e-12
      1274.81  1.05915e-08  8.74004e-12
      1275.14  1.49591e-08  1.05461e-11
      1275.46  1.35233e-08  9.99625e-12
      1275.79  8.72195e-09  8.02465e-12
      1276.11  5.48114e-09  6.31497e-12
      1276.44  7.19264e-09  6.73181e-12
      1276.76  1.29080e-08  9.12568e-12
      1277.09  1.32429e-08  8.62586e-12
      1277.42  1.38976e-08  9.33384e-12
      1277.74  9.46929e-09  7.73889e-12
      1278.07  4.16491e-09  5.58833e-12
      1278.40  2.39817e-09  4.83559e-12
      1278.72  1.83332e-09  4.56331e-12
      1279.05  1.80268e-09  4.56695e-12
      1279.38  2.46012e-09  5.00817e-12
      1279.71  3.79529e-09  5.78363e-12
      1280.03  5.14557e-09  6.65062e-12
      1280.36  4.64206e-09  6.28922e-12
      1280.69  4.84941e-09  6.58233e-12
      1281.02  6.44609e-09  7.56165e-12
      1281.34  9.63435e-09  9.34441e-12
      1281.67  1.18689e-08  1.04953e-11
      1282.00  9.29713e-09  8.90259e-12
      1282.33  9.36043e-09  8.52861e-12
      1282.66  1.45748e-08  1.03041e-11
      1282.99  1.87858e-08  1.13586e-11
      1283.32  1.88132e-08  1.12976e-11
      1283.65  1.31885e-08  9.56761e-12
      1283.98  6.82384e-09  7.09855e-12
      1284.31  3.76351e-09  5.73226e-12
      1284.64  2.73491e-09  5.08478e-12
      1284.97  2.68485e-09  4.94663e-12
      1285.30  3.18694e-09  5.20150e-12
      1285.63  2.74706e-09  4.71170e-12
      1285.96  2.51694e-09  4.48747e-12
      1286.29  3.94132e-09  5.45898e-12
      1286.62  5.70781e-09  6.76317e-12
      1286.95  5.30188e-09  6.52904e-12
      1287.28  6.63284e-09  7.23879e-12
      1287.61  1.21214e-08  1.01563e-11
      1287.95  1.46077e-08  1.08827e-11
      1288.28  1.45089e-08  1.06050e-11
      1288.61  1.44132e-08  1.03529e-11
      1288.94  1.43616e-08  1.05543e-11
      1289.27  1.02304e-08  8.82888e-12
      1289.61  7.27173e-09  7.75299e-12
      1289.94  5.79229e-09  7.25737e-12
      1290.27  3.86092e-09  6.09671e-12
      1290.61  3.22536e-09  5.79072e-12
      1290.94  2.46715e-09  5.02867e-12
      1291.27  1.78571e-09  4.25941e-12
      1291.61  2.06651e-09  4.26792e-12
      1291.94  3.42535e-09  5.10146e-12
      1292.27  6.03627e-09  6.47022e-12
      1292.61  8.84477e-09  8.01383e-12
      1292.94  6.64530e-09  6.95746e-12
      1293.28  4.85334e-09  6.16061e-12
      1293.61  6.43907e-09  7.14798e-12
      1293.95  8.44076e-09  7.73660e-12
      1294.28  1.28137e-08  9.49350e-12
      1294.62  1.46310e-08  1.00942e-11
      1294.95  1.22487e-08  9.16429e-12
      1295.29  1.16978e-08  9.37890e-12
      1295.62  1.00147e-08  8.96175e-12
      1295.96  7.20008e-09  7.94204e-12
      1296.29  6.16539e-09  7.35364e-12
      1296.63  6.43113e-09  7.42894e-12
      1296.97  7.99338e-09  7.81286e-12
      1297.30  1.27247e-08  9.31535e-12
      1297.64  1.74901e-08  1.09361e-11
      1297.98  1.46628e-08  9.86738e-12
      1298.31  9.05301e-09  7.92145e-12
      1298.65  4.90834e-09  6.15450e-12
      1298.99  3.60060e-09  5.48835e-12
      1299.33  6.43786e-09  6.85501e-12
      1299.66  1.22746e-08  9.44765e-12
      1300.00  1.37735e-08  9.58677e-12
      1300.34  1.19495e-08  8.90765e-12
      1300.68  7.95476e-09  7.15670e-12
      1301.02  8.09057e-09  7.21547e-12
      1301.35  1.48156e-08  1.04601e-11
      1301.69  1.78417e-08  1.14077e-11
      1302.03  1.73440e-08  1.14810e-11
      1302.37  1.52544e-08  1.04571e-11
      1302.71  1.77331e-08  1.13757e-11
      1303.05  1.96356e-08  1.14805e-11
      1303.39  2.24270e-08  1.21258e-11
      1303.73  2.43484e-08  1.26239e-11
      1304.07  2.25341e-08  1.21682e-11
      1304.41  2.27538e-08  1.24432e-11
      1304.75  2.42428e-08  1.30235e-11
      1305.09  2.54468e-08  1.32565e-11
      1305.43  3.00163e-08  1.41053e-11
      1305.77  3.57140e-08  1.51636e-11
      1306.11  3.56654e-08  1.51026e-11
      1306.46  2.41164e-08  1.23019e-11
      1306.80  1.13485e-08  8.54929e-12
      1307.14  5.63238e-09  6.45608e-12
      1307.48  3.73795e-09  5.69281e-12
      1307.82  2.93907e-09  5.30756e-12
      1308.16  2.95452e-09  5.28903e-12
      1308.51  3.52009e-09  5.70000e-12
      1308.85  2.93204e-09  5.07053e-12
      1309.19  2.05906e-09  4.31354e-12
      1309.53  1.85673e-09  4.24590e-12
      1309.88  1.83730e-09  4.33023e-12
      1310.22  2.00159e-09  4.49945e-12
      1310.56  2.63814e-09  5.00934e-12
      1310.91  4.99150e-09  6.25299e-12
      1311.25  9.46496e-09  8.52844e-12
      1311.60  9.51540e-09  8.31947e-12
      1311.94  5.49926e-09  6.25674e-12
      1312.28  2.77311e-09  4.79409e-12
      1312.63  1.81262e-09  4.25992e-12
      1312.97  1.52199e-09  4.19254e-12
      1313.32  2.11693e-09  4.77492e-12
      1313.66  3.58471e-09  6.11538e-12
      1314.01  2.97755e-09  5.41890e-12
      1314.35  1.67022e-09  4.33029e-12
      1314.70  1.23441e-09  3.98813e-12
      1315.05  1.22785e-09  3.76345e-12
      1315.39  1.41972e-09  3.88918e-12
      1315.74  1.85040e-09  4.25753e-12
      1316.08  2.92428e-09  5.10185e-12
      1316.43  6.21191e-09  6.88084e-12
      1316.78  1.08195e-08  9.22026e-12
      1317.12  8.54691e-09  8.07016e-12
      1317.47  3.93014e-09  5.58274e-12
      1317.82  2.20764e-09  4.52099e-12
      1318.17  2.23566e-09  4.53456e-12
      1318.51  3.82968e-09  5.85083e-12
      1318.86  4.81943e-09  6.62676e-12
      1319.21  3.17456e-09  5.59934e-12
      1319.56  1.75550e-09  4.55530e-12
      1319.91  1.79813e-09  4.70228e-12
      1320.25  1.82217e-09  4.49100e-12
      1320.60  1.80880e-09  4.28321e-12
      1320.95  2.24575e-09  4.45159e-12
      1321.30  3.29111e-09  5.00976e-12
      1321.65  6.91238e-09  6.77403e-12
      1322.00  1.37273e-08  1.00997e-11
      1322.35  1.17968e-08  9.32396e-12
      1322.70  5.63370e-09  6.51392e-12
      1323.05  3.39943e-09  5.40009e-12
      1323.40  3.79277e-09  5.61488e-12
      1323.75  4.54401e-09  5.98847e-12
      1324.10  4.74658e-09  6.24733e-12
      1324.45  3.41183e-09  5.48195e-12
      1324.80  2.34933e-09  4.94626e-12
      