227
      1249.95  7.68333e-09  1.09596e-11
      1250.27  3.74154e-09  7.79959e-12
      1250.58  1.12233e-09  5.48839e-12
      1250.89  7.15589e-10  5.02259e-12
      1251.20  9.68174e-10  5.23142e-12
      1251.52  1.61218e-09  5.86656e-12
      1251.83  2.97595e-09  7.16278e-12
      1252.14  3.96089e-09  8.02970e-12
      1252.46  3.78324e-09  7.83337e-12
      1252.77  3.39725e-09  7.18176e-12
      1253.09  5.79763e-09  8.29734e-12
      1253.40  1.17120e-08  1.08329e-11
      1253.71  1.51645e-08  1.21476e-11
      1254.03  9.28773e-09  9.35902e-12
      1254.34  4.07710e-09  6.56101e-12
      1254.66  5.01693e-09  7.33734e-12
      1254.97  8.29908e-09  9.69820e-12
      1255.29  5.73213e-09  8.16666e-12
      1255.60  2.31893e-09  5.75065e-12
      1255.92  2.51348e-09  5.86205e-12
      1256.23  4.57083e-09  6.73201e-12
      1256.55  7.69234e-09  8.53809e-12
      1256.87  5.60480e-09  7.27694e-12
      1257.18  2.33546e-09  5.33836e-12
      1257.50  1.60293e-09  5.11998e-12
      1257.81  1.85223e-09  5.54138e-12
      1258.13  2.38666e-09  6.17532e-12
      1258.45  2.38282e-09  6.12440e-12
      1258.76  2.45761e-09  5.99740e-12
      1259.08  4.57298e-09  6.99471e-12
      1259.40  1.01572e-08  9.78659e-12
      1259.72  1.45003e-08  1.17068e-11
      1260.03  1.07680e-08  1.00970e-11
      1260.35  7.36422e-09  8.65193e-12
      1260.67  9.87581e-09  1.05061e-11
      1260.99  9.21694e-09  1.02351e-11
      1261.30  7.01942e-09  8.73749e-12
      1261.62  9.01190e-09  9.89416e-12
      1261.94  9.57372e-09  9.60455e-12
      1262.26  9.87143e-09  9.72037e-12
      1262.58  7.26923e-09  8.03889e-12
      1262.90  7.30859e-09  7.97948e-12
      1263.22  1.18537e-08  1.07138e-11
      1263.54  9.97941e-09  9.73243e-12
      1263.86  5.93387e-09  7.65603e-12
      1264.17  4.51223e-09  6.93628e-12
      1264.49  3.20893e-09  5.87248e-12
      1264.81  3.39897e-09  5.51755e-12
      1265.13  7.28014e-09  7.36812e-12
      1265.45  1.18909e-08  9.21605e-12
      1265.77  1.07421e-08  8.74444e-12
      1266.10  5.56403e-09  6.47677e-12
      1266.42  2.60200e-09  4.96658e-12
      1266.74  2.13239e-09  4.78659e-12
      1267.06  2.92017e-09  5.27029e-12
      1267.38  6.63983e-09  6.96553e-12
      1267.70  1.34558e-08  9.87111e-12
      1268.02  1.41092e-08  9.52728e-12
      1268.34  1.39461e-08  9.66540e-12
      1268.67  1.23808e-08  8.99495e-12
      1268.99  1.24216e-08  9.66556e-12
      1269.31  9.53769e-09  8.74076e-12
      1269.63  5.89809e-09  7.24598e-12
      1269.95  4.78436e-09  6.77990e-12
      1270.28  5.95433e-09  7.19934e-12
      1270.60  1.05628e-08  9.67386e-12
      1270.92  1.28631e-08  1.00504e-11
      1271.25  1.40175e-08  1.03583e-11
      1271.57  1.39435e-08  1.07056e-11
      1271.89  8.22778e-09  8.26839e-12
      1272.22  3.39311e-09  5.92220e-12
      1272.54  1.95515e-09  5.12586e-12
      1272.86  1.55525e-09  4.85776e-12
      1273.19  1.45659e-09  4.58113e-12
      1273.51  1.81363e-09  4.52209e-12
      1273.84  2.97241e-09  5.17824e-12
      1274.16  4.02889e-09  5.65246e-12
      1274.49  5.34969e-09  6.11672e-12
      1274.81  9.90429e-09  8.31829e-12
      1275.14  1.40296e-08  1.01048e-11
      1275.46  1.26881e-08  9.66770e-12
      1275.79  8.16133e-09  7.84947e-12
      1276.11  5.08737e-09  6.18019e-12
      1276.44  6.69683e-09  6.62506e-12
      1276.76  1.19769e-08  8.97067e-12
      1277.09  1.23354e-08  8.61405e-12
      1277.42  1.27764e-08  9.27529e-12
      1277.74  8.70395e-09  7.79564e-12
      1278.07  3.79744e-09  5.64373e-12
      1278.40  2.12744e-09  4.94643e-12
      1278.72  1.60602e-09  4.67844e-12
      1279.05  1.57716e-09  4.56822e-12
      1279.38  2.16127e-09  4.88906e-12
      1279.71  3.39566e-09  5.59815e-12
      1280.03  4.60546e-09  6.40066e-12
      1280.36  4.18321e-09  6.09875e-12
      1280.69  4.36975e-09  6.34911e-12
      1281.02  5.85243e-09  7.32510e-12
      1281.34  8.83400e-09  9.00121e-12
      1281.67  1.09581e-08  1.00604e-11
      1282.00  8.62484e-09  8.47856e-12
      1282.33  8.65057e-09  7.94270e-12
      1282.66  1.35556e-08  9.68649e-12
      1282.99  1.76377e-08  1.08591e-11
      1283.32  1.77357e-08  1.09363e-11
      1283.65  1.24541e-08  9.41172e-12
      1283.98  6.37011e-09  7.05823e-12
      1284.31  3.45546e-09  5.75520e-12
      1284.64  2.49814e-09  5.07945e-12
      1284.97  2.44960e-09  4.94382e-12
      1285.30  2.90047e-09  5.16588e-12
      1285.63  2.49105e-09  4.73128e-12
      1285.96  2.25761e-09  4.46037e-12
      1286.29  3.54759e-09  5.43481e-12
      1286.62  5.17244e-09  6.70173e-12
      1286.95  4.80000e-09  6.53732e-12
      1287.28  5.98467e-09  7.19355e-12
      1287.61  1.10694e-08  9.88851e-12
      1287.95  1.34318e-08  1.05298e-11
      1288.28  1.33108e-08  1.01101e-11
      1288.61  1.32385e-08  9.81000e-12
      1288.94  1.32561e-08  9.97760e-12
      1289.27  9.41927e-09  8.46221e-12
      1289.61  6.63794e-09  7.44483e-12
      1289.94  5.29606e-09  6.97965e-12
      1290.27  3.49588e-09  5.93350e-12
      1290.61  2.93759e-09  5.56202e-12
      1290.94  2.24321e-09  4.94000e-12
      1291.27  1.60948e-09  4.21137e-12
      1291.61  1.87205e-09  4.26615e-12
      1291.94  3.14321e-09  5.06726e-12
      1292.27  5.58786e-09  6.42677e-12
      1292.61  8.36013e-09  8.13058e-12
      1292.94  6.17005e-09  7.00726e-12
      1293.28  4.42874e-09  6.10029e-12
      1293.61  5.90442e-09  7.07419e-12
      1293.95  7.67447e-09  7.47519e-12
      1294.28  1.18001e-08  9.17714e-12
      1294.62  1.34505e-08  9.69149e-12
      1294.95  1.11531e-08  8.71090e-12
      1295.29  1.07076e-08  9.00519e-12
      1295.62  9.09236e-09  8.53573e-12
      1295.96  6.49879e-09  7.52571e-12
      1296.29  5.56422e-09  7.03335e-12
      1296.63  5.81223e-09  7.10899e-12
      1296.97  7.28613e-09  7.38084e-12
      1297.30  1.17630e-08  9.01351e-12
      1297.64  1.62250e-08  1.05886e-11
      1297.98  1.36294e-08  9.74899e-12
      1298.31  8.40668e-09  7.96978e-12
      1298.65  4.53450e-09  6.23473e-12
      1298.99  3.31650e-09  5.59352e-12
      1299.33  6.00231e-09  6.95268e-12
      1299.66  1.14687e-08  9.52226e-12
      1300.00  1.29320e-08  9.51897e-12
      1300.34  1.11461e-08  8.71531e-12
      1300.68  7.44801e-09  7.03863e-12
      1301.02  7.52149e-09  7.04266e-12
      1301.35  1.36454e-08  9.98202e-12
      1301.69  1.65232e-08  1.09283e-11
      1302.03  1.60336e-08  1.09636e-11
      1302.37  1.41512e-08  1.00212e-11
      1302.71  1.63763e-08  1.07762e-11
      1303.05  1.82489e-08  1.09590e-11
      1303.39  2.08294e-08  1.15749e-11
      1303.73  2.27167e-08  1.22498e-11
      1304.07  2.10453e-08  1.19852e-11
      1304.41  2.12481e-08  1.23947e-11
      1304.75  2.27338e-08  1.30635e-11
      1305.09  2.39306e-08  1.32917e-11
      1305.43  2.84146e-08  1.41500e-11
      1305.77  3.40375e-08  1.52077e-11
      1306.11  3.41405e-08  1.50331e-11
      1306.46  2.30153e-08  1.21683e-11
      1306.80  1.06799e-08  8.34191e-12
      1307.14  5.20687e-09  6.26607e-12
      1307.48  3.40570e-09  5.50767e-12
      1307.82  2.65317e-09  5.09802e-12
      1308.16  2.64784e-09  5.07264e-12
      1308.51  3.17956e-09  5.31484e-12
      1308.85  2.60361e-09  4.79571e-12
      1309.19  1.80510e-09  4.14958e-12
      1309.53  1.62597e-09  4.09354e-12
      1309.88  1.60813e-09  4.27092e-12
      1310.22  1.75792e-09  4.59472e-12
      1310.56  2.34961e-09  5.09315e-12
      1310.91  4.53680e-09  6.32543e-12
      1311.25  8.73423e-09  8.62719e-12
      1311.60  8.79321e-09  8.36066e-12
      1311.94  5.09681e-09  6.30394e-12
      1312.28  2.55403e-09  4.81914e-12
      1312.63  1.65309e-09  4.28199e-12
      1312.97  1.38598e-09  4.18935e-12
      1313.32  1.93624e-09  4.68599e-12
      1313.66  3.28699e-09  5.86912e-12
      1314.01  2.73411e-09  5.21712e-12
      1314.35  1.50770e-09  4.11427e-12
      1314.70  1.09334e-09  3.68673e-12
      1315.05  1.07542e-09  3.56414e-12
      1315.39  1.24459e-09  3.73156e-12
      1315.74  1.63158e-09  4.23902e-12
      1316.08  2.60501e-09  5.03419e-12
      1316.43  5.61919e-09  6.91345e-12
      1316.78  9.95910e-09  9.31967e-12
      1317.12  7.90724e-09  8.23438e-12
      1317.47  3.54702e-09  5.58505e-12
      1317.82  1.98173e-09  4.48456e-12
      1318.17  2.01462e-09  4.53884e-12
      1318.51  3.51055e-09  5.68852e-12
      1318.86  4.47585e-09  6.50557e-12
      1319.21  2.92827e-09  5.46797e-12
      1319.56  1.58259e-09  4.45676e-12
      1319.91  1.63853e-09  4.47675e-12
      1320.25  1.65858e-09  4.24283e-12
      1320.60  1.62462e-09  3.96124e-12
      1320.95  2.00303e-09  4.21239e-12
      1321.30  2.94304e-09  4.79230e-12
      1321.65  6.32006e-09  6.62051e-12
      1322.00  1.26154e-08  1.00406e-11
      1322.35  1.07604e-08  9.33816e-12
      1322.70  5.13250e-09  6.61476e-12
      1323.05  3.07828e-09  5.48791e-12
      1323.40  3.42215e-09  5.68576e-12
      1323.75  4.13022e-09  6.10923e-12
      1324.10  4.32649e-09  6.40206e-12
      1324.45  3.14480e-09  5.53159e-12
      1324.80  2.15472e-09  4.95186e-12
      