227
      1249.95  7.51605e-09  1.08909e-11
      1250.27  3.59327e-09  7.98752e-12
      1250.58  1.11136e-09  5.70026e-12
      1250.89  7.26009e-10  5.22890e-12
      1251.20  9.69395e-10  5.49855e-12
      1251.52  1.58584e-09  6.32651e-12
      1251.83  2.93496e-09  7.78607e-12
      1252.14  3.87037e-09  8.88348e-12
      1252.46  3.66763e-09  8.84550e-12
      1252.77  3.25761e-09  8.26975e-12
      1253.09  5.61140e-09  9.61888e-12
      1253.40  1.13642e-08  1.27343e-11
      1253.71  1.46918e-08  1.46752e-11
      1254.03  8.87892e-09  1.14034e-11
      1254.34  3.94320e-09  8.40198e-12
      1254.66  4.88315e-09  9.41269e-12
      1254.97  8.06094e-09  1.25547e-11
      1255.29  5.45469e-09  1.04404e-11
      1255.60  2.25528e-09  7.68775e-12
      1255.92  2.42819e-09  7.78125e-12
      1256.23  4.45680e-09  8.92953e-12
      1256.55  7.54635e-09  1.14216e-11
      1256.87  5.38954e-09  9.77093e-12
      1257.18  2.27989e-09  7.39279e-12
      1257.50  1.54636e-09  7.00122e-12
      1257.81  1.78385e-09  7.44268e-12
      1258.13  2.29711e-09  8.08875e-12
      1258.45  2.32042e-09  7.94254e-12
      1258.76  2.36337e-09  7.53952e-12
      1259.08  4.40640e-09  8.59188e-12
      1259.40  9.85708e-09  1.19741e-11
      1259.72  1.42017e-08  1.51283e-11
      1260.03  1.12263e-08  1.02333e-11
      1260.35  7.45908e-09  7.99432e-12
      1260.67  9.80112e-09  9.69394e-12
      1260.99  9.07090e-09  9.31557e-12
      1261.30  7.09681e-09  8.16418e-12
      1261.62  8.91847e-09  9.37670e-12
      1261.94  9.48258e-09  9.32078e-12
      1262.26  9.65664e-09  1.00311e-11
      1262.58  6.84231e-09  8.36600e-12
      1262.90  7.34647e-09  8.01312e-12
      1263.22  1.15707e-08  1.05474e-11
      1263.54  9.58877e-09  9.71721e-12
      1263.86  5.80990e-09  7.92434e-12
      1264.17  4.37960e-09  7.31566e-12
      1264.49  3.09030e-09  6.33526e-12
      1264.81  3.33206e-09  6.23765e-12
      1265.13  7.12039e-09  8.55196e-12
      1265.45  1.15221e-08  1.08727e-11
      1265.77  1.02899e-08  1.05761e-11
      1266.10  5.32996e-09  8.10926e-12
      1266.42  2.50829e-09  6.41442e-12
      1266.74  2.06764e-09  6.54623e-12
      1267.06  2.85520e-09  7.00935e-12
      1267.38  6.21801e-09  9.63969e-12
      1267.70  1.22526e-08  1.46713e-11
      1268.02  1.35422e-08  1.32985e-11
      1268.34  1.33975e-08  1.32290e-11
      1268.67  1.20525e-08  1.24873e-11
      1268.99  1.19511e-08  1.24109e-11
      1269.31  9.25852e-09  1.11319e-11
      1269.63  5.79305e-09  9.16275e-12
      1269.95  4.65169e-09  8.35536e-12
      1270.28  5.85801e-09  8.68472e-12
      1270.60  1.00895e-08  1.09693e-11
      1270.92  1.22795e-08  1.24170e-11
      1271.25  1.38099e-08  9.44282e-12
      1271.57  1.37647e-08  9.76575e-12
      1271.89  8.06514e-09  7.49298e-12
      1272.22  3.36872e-09  5.30871e-12
      1272.54  1.95966e-09  4.63253e-12
      1272.86  1.56982e-09  4.39366e-12
      1273.19  1.47041e-09  4.45209e-12
      1273.51  1.82212e-09  4.60547e-12
      1273.84  2.93008e-09  5.41980e-12
      1274.16  3.94547e-09  6.19970e-12
      1274.49  5.29287e-09  6.88525e-12
      1274.81  9.65410e-09  9.50001e-12
      1275.14  1.35335e-08  1.16854e-11
      1275.46  1.22085e-08  1.14552e-11
      1275.79  7.85319e-09  9.51898e-12
      1276.11  4.95770e-09  7.70542e-12
      1276.44  6.56604e-09  8.40700e-12
      1276.76  1.14132e-08  1.11535e-11
      1277.09  1.20839e-08  1.12557e-11
      1277.42  1.22396e-08  1.17869e-11
      1277.74  8.51833e-09  1.02046e-11
      1278.07  3.73092e-09  7.39275e-12
      1278.40  2.05476e-09  6.29196e-12
      1278.72  1.53282e-09  5.85382e-12
      1279.05  1.49506e-09  5.64197e-12
      1279.38  2.06458e-09  5.95017e-12
      1279.71  3.25866e-09  6.73552e-12
      1280.03  4.47014e-09  7.74572e-12
      1280.36  4.04126e-09  7.78048e-12
      1280.69  4.27972e-09  5.60293e-12
      1281.02  5.84884e-09  6.53052e-12
      1281.34  8.78255e-09  8.20214e-12
      1281.67  1.08594e-08  1.00600e-11
      1282.00  8.22117e-09  8.62381e-12
      1282.33  8.47307e-09  8.02843e-12
      1282.66  1.33645e-08  1.01798e-11
      1282.99  1.72749e-08  1.16849e-11
      1283.32  1.72963e-08  1.22393e-11
      1283.65  1.20342e-08  1.06729e-11
      1283.98  6.05456e-09  8.09887e-12
      1284.31  3.27998e-09  6.69703e-12
      1284.64  2.38854e-09  6.19971e-12
      1284.97  2.34271e-09  5.98693e-12
      1285.30  2.83075e-09  6.39360e-12
      1285.63  2.39896e-09  5.88392e-12
      1285.96  2.14267e-09  5.68820e-12
      1286.29  3.44171e-09  6.98901e-12
      1286.62  5.07062e-09  8.62760e-12
      1286.95  4.60042e-09  8.16429e-12
      1287.28  5.72452e-09  8.72696e-12
      1287.61  1.08157e-08  1.17984e-11
      1287.95  1.30090e-08  1.22719e-11
      1288.28  1.29007e-08  1.19369e-11
      1288.61  1.26635e-08  1.19417e-11
      1288.94  1.30252e-08  9.89047e-12
      1289.27  9.19977e-09  7.65900e-12
      1289.61  6.70675e-09  7.16705e-12
      1289.94  5.41376e-09  6.86439e-12
      1290.27  3.51778e-09  5.89308e-12
      1290.61  2.89332e-09  5.82542e-12
      1290.94  2.18942e-09  5.28149e-12
      1291.27  1.59192e-09  4.66125e-12
      1291.61  1.84304e-09  4.86257e-12
      1291.94  3.08003e-09  5.94201e-12
      1292.27  5.48811e-09  7.67058e-12
      1292.61  8.00943e-09  9.82746e-12
      1292.94  5.91807e-09  8.53877e-12
      1293.28  4.36926e-09  7.65076e-12
      1293.61  5.68939e-09  8.60220e-12
      1293.95  7.51420e-09  9.26312e-12
      1294.28  1.14310e-08  1.11597e-11
      1294.62  1.29595e-08  1.18235e-11
      1294.95  1.09078e-08  1.09605e-11
      1295.29  1.03427e-08  1.11287e-11
      1295.62  8.80369e-09  1.06032e-11
      1295.96  6.32354e-09  9.12624e-12
      1296.29  5.37046e-09  8.62037e-12
      1296.63  5.55312e-09  8.49773e-12
      1296.97  7.24366e-09  7.01212e-12
      1297.30  1.17288e-08  9.02182e-12
      1297.64  1.59826e-08  1.08308e-11
      1297.98  1.33054e-08  1.00889e-11
      1298.31  8.13455e-09  8.49599e-12
      1298.65  4.38100e-09  6.74997e-12
      1298.99  3.22120e-09  6.17585e-12
      1299.33  5.83212e-09  7.91564e-12
      1299.66  1.10652e-08  1.06768e-11
      1300.00  1.25236e-08  1.11910e-11
      1300.34  1.10048e-08  1.08917e-11
      1300.68  6.81472e-09  8.60322e-12
      1301.02  7.23280e-09  8.76587e-12
      1301.35  1.32465e-08  1.24198e-11
      1301.69  1.61047e-08  1.37187e-11
      1302.03  1.56486e-08  1.36415e-11
      1302.37  1.36440e-08  1.20920e-11
      1302.71  1.59290e-08  1.30445e-11
      1303.05  1.76019e-08  1.31006e-11
      1303.39  2.00682e-08  1.43632e-11
      1303.73  2.22981e-08  1.33659e-11
      1304.07  2.07897e-08  1.17040e-11
      1304.41  2.10034e-08  1.24504e-11
      1304.75  2.23689e-08  1.33631e-11
      1305.09  2.34488e-08  1.38788e-11
      1305.43  2.79425e-08  1.52262e-11
      1305.77  3.34176e-08  1.66309e-11
      1306.11  3.33340e-08  1.69358e-11
      1306.46  2.20496e-08  1.38197e-11
      1306.80  1.02132e-08  9.75770e-12
      1307.14  5.01791e-09  7.62853e-12
      1307.48  3.26645e-09  6.75535e-12
      1307.82  2.54294e-09  6.30366e-12
      1308.16  2.55282e-09  6.19297e-12
      1308.51  3.07181e-09  6.60700e-12
      1308.85  2.50549e-09  6.01990e-12
      1309.19  1.74563e-09  5.39763e-12
      1309.53  1.56141e-09  5.27403e-12
      1309.88  1.54817e-09  5.47902e-12
      1310.22  1.66693e-09  5.76081e-12
      1310.56  2.16421e-09  5.85411e-12
      1310.91  4.49161e-09  6.27587e-12
      1311.25  8.69062e-09  8.87621e-12
      1311.60  8.63067e-09  8.74622e-12
      1311.94  4.92317e-09  6.62047e-12
      1312.28  2.45019e-09  5.17444e-12
      1312.63  1.60186e-09  4.84386e-12
      1312.97  1.34965e-09  4.76110e-12
      1313.32  1.85820e-09  5.41329e-12
      1313.66  3.14591e-09  6.88236e-12
      1314.01  2.64346e-09  6.44416e-12
      1314.35  1.42457e-09  5.18763e-12
      1314.70  1.03993e-09  4.67323e-12
      1315.05  1.02887e-09  4.71110e-12
      1315.39  1.18018e-09  5.03887e-12
      1315.74  1.55704e-09  5.60087e-12
      1316.08  2.48001e-09  6.43273e-12
      1316.43  5.29520e-09  8.42556e-12
      1316.78  9.47573e-09  1.13696e-11
      1317.12  7.83864e-09  8.02830e-12
      1317.47  3.43778e-09  5.81560e-12
      1317.82  1.96331e-09  4.66081e-12
      1318.17  2.00790e-09  4.65290e-12
      1318.51  3.45089e-09  6.10701e-12
      1318.86  4.27250e-09  7.12056e-12
      1319.21  2.82750e-09  6.31755e-12
      1319.56  1.68491e-09  5.11409e-12
      1319.91  1.62344e-09  5.77220e-12
      1320.25  1.57157e-09  5.33910e-12
      1320.60  1.57101e-09  5.08169e-12
      1320.95  1.94540e-09  5.56668e-12
      1321.30  2.91052e-09  6.42876e-12
      1321.65  6.30849e-09  8.71620e-12
      1322.00  1.19235e-08  1.23323e-11
      1322.35  1.04065e-08  1.16029e-11
      1322.70  5.16191e-09  8.36179e-12
      1323.05  3.17516e-09  5.94574e-12
      1323.40  3.41783e-09  5.63625e-12
      1323.75  4.07339e-09  6.05349e-12
      1324.10  4.20684e-09  6.40590e-12
      1324.45  3.04057e-09  5.75231e-12
      1324.80  2.08437e-09  5.24361e-12
      