227
      1249.95  7.53339e-09  1.08223e-11
      1250.27  3.60948e-09  7.66902e-12
      1250.58  1.04295e-09  5.27650e-12
      1250.89  6.68642e-10  4.73633e-12
      1251.20  9.14699e-10  5.08802e-12
      1251.52  1.52221e-09  5.74813e-12
      1251.83  2.87384e-09  6.95933e-12
      1252.14  3.85466e-09  7.89525e-12
      1252.46  3.67111e-09  7.70004e-12
      1252.77  3.24079e-09  7.01665e-12
      1253.09  5.56086e-09  8.03985e-12
      1253.40  1.13909e-08  1.04987e-11
      1253.71  1.49265e-08  1.19928e-11
      1254.03  9.06616e-09  9.25282e-12
      1254.34  3.91388e-09  6.60400e-12
      1254.66  4.83674e-09  7.39397e-12
      1254.97  8.21400e-09  1.00969e-11
      1255.29  5.61563e-09  8.46423e-12
      1255.60  2.23227e-09  5.91503e-12
      1255.92  2.43213e-09  6.12791e-12
      1256.23  4.43074e-09  6.92260e-12
      1256.55  7.65718e-09  9.12886e-12
      1256.87  5.52281e-09  7.74485e-12
      1257.18  2.27302e-09  5.71480e-12
      1257.50  1.55650e-09  5.54804e-12
      1257.81  1.79290e-09  5.93301e-12
      1258.13  2.32595e-09  6.60594e-12
      1258.45  2.31769e-09  6.48138e-12
      1258.76  2.35174e-09  6.19513e-12
      1259.08  4.40050e-09  7.31230e-12
      1259.40  9.97843e-09  1.01878e-11
      1259.72  1.43857e-08  1.22609e-11
      1260.03  1.05673e-08  1.04585e-11
      1260.35  7.14448e-09  8.71053e-12
      1260.67  9.67685e-09  1.07977e-11
      1260.99  9.02654e-09  1.03346e-11
      1261.30  6.83410e-09  8.66133e-12
      1261.62  8.82118e-09  9.97690e-12
      1261.94  9.31177e-09  9.45985e-12
      1262.26  9.64154e-09  9.65612e-12
      1262.58  7.00303e-09  7.86077e-12
      1262.90  7.07333e-09  7.79857e-12
      1263.22  1.16035e-08  1.06159e-11
      1263.54  9.70330e-09  9.57455e-12
      1263.86  5.76150e-09  7.58289e-12
      1264.17  4.37220e-09  6.84999e-12
      1264.49  3.08011e-09  5.70883e-12
      1264.81  3.25505e-09  5.39307e-12
      1265.13  7.05949e-09  7.22621e-12
      1265.45  1.16158e-08  9.13975e-12
      1265.77  1.04843e-08  8.78004e-12
      1266.10  5.40814e-09  6.58560e-12
      1266.42  2.51845e-09  5.13735e-12
      1266.74  2.05723e-09  4.98992e-12
      1267.06  2.80547e-09  5.52308e-12
      1267.38  6.34705e-09  7.35796e-12
      1267.70  1.35250e-08  1.07678e-11
      1268.02  1.39413e-08  9.98385e-12
      1268.34  1.37574e-08  1.01592e-11
      1268.67  1.22659e-08  9.58774e-12
      1268.99  1.22360e-08  1.02505e-11
      1269.31  9.40230e-09  9.26443e-12
      1269.63  5.84690e-09  7.74191e-12
      1269.95  4.69928e-09  7.11064e-12
      1270.28  5.86078e-09  7.43647e-12
      1270.60  1.03199e-08  9.66975e-12
      1270.92  1.25915e-08  1.01814e-11
      1271.25  1.37559e-08  1.05458e-11
      1271.57  1.36052e-08  1.07773e-11
      1271.89  8.06939e-09  8.49667e-12
      1272.22  3.33011e-09  6.02527e-12
      1272.54  1.88216e-09  5.22388e-12
      1272.86  1.48520e-09  4.94397e-12
      1273.19  1.39248e-09  4.61624e-12
      1273.51  1.73947e-09  4.52920e-12
      1273.84  2.85327e-09  5.13522e-12
      1274.16  3.88085e-09  5.70980e-12
      1274.49  5.21225e-09  6.17651e-12
      1274.81  9.62070e-09  8.39208e-12
      1275.14  1.36235e-08  1.02128e-11
      1275.46  1.23707e-08  9.85585e-12
      1275.79  7.97328e-09  8.03643e-12
      1276.11  4.97525e-09  6.33077e-12
      1276.44  6.55608e-09  6.76056e-12
      1276.76  1.16259e-08  9.03886e-12
      1277.09  1.21728e-08  8.92643e-12
      1277.42  1.24629e-08  9.50133e-12
      1277.74  8.61717e-09  8.20572e-12
      1278.07  3.78531e-09  5.99629e-12
      1278.40  2.09212e-09  5.19429e-12
      1278.72  1.56388e-09  4.85050e-12
      1279.05  1.53362e-09  4.74232e-12
      1279.38  2.10143e-09  5.02803e-12
      1279.71  3.30579e-09  5.70331e-12
      1280.03  4.47841e-09  6.40627e-12
      1280.36  4.07810e-09  6.14780e-12
      1280.69  4.23391e-09  6.47421e-12
      1281.02  5.68200e-09  7.41390e-12
      1281.34  8.59487e-09  9.05069e-12
      1281.67  1.07024e-08  1.01802e-11
      1282.00  8.42296e-09  8.59565e-12
      1282.33  8.38058e-09  7.96134e-12
      1282.66  1.31966e-08  9.73012e-12
      1282.99  1.72118e-08  1.09052e-11
      1283.32  1.73402e-08  1.11005e-11
      1283.65  1.21937e-08  9.54256e-12
      1283.98  6.18768e-09  7.13973e-12
      1284.31  3.32882e-09  5.79699e-12
      1284.64  2.40663e-09  5.18285e-12
      1284.97  2.35394e-09  4.97948e-12
      1285.30  2.81568e-09  5.21230e-12
      1285.63  2.42997e-09  4.77538e-12
      1285.96  2.18677e-09  4.53352e-12
      1286.29  3.46888e-09  5.50955e-12
      1286.62  5.11184e-09  6.86174e-12
      1286.95  4.73066e-09  6.78029e-12
      1287.28  5.83722e-09  7.37989e-12
      1287.61  1.08886e-08  1.00971e-11
      1287.95  1.32187e-08  1.07317e-11
      1288.28  1.30834e-08  1.02988e-11
      1288.61  1.29769e-08  9.99713e-12
      1288.94  1.30755e-08  1.03503e-11
      1289.27  9.18053e-09  8.72836e-12
      1289.61  6.50270e-09  7.83249e-12
      1289.94  5.21040e-09  7.35567e-12
      1290.27  3.38700e-09  6.15604e-12
      1290.61  2.85092e-09  5.91699e-12
      1290.94  2.16045e-09  4.97686e-12
      1291.27  1.54471e-09  4.25188e-12
      1291.61  1.79417e-09  4.27367e-12
      1291.94  3.02837e-09  5.08548e-12
      1292.27  5.42863e-09  6.47496e-12
      1292.61  8.18725e-09  8.30294e-12
      1292.94  5.98851e-09  7.14460e-12
      1293.28  4.33254e-09  6.20464e-12
      1293.61  5.76614e-09  7.08369e-12
      1293.95  7.52972e-09  7.48728e-12
      1294.28  1.16391e-08  9.21672e-12
      1294.62  1.32396e-08  9.74054e-12
      1294.95  1.10009e-08  8.83126e-12
      1295.29  1.05204e-08  9.19531e-12
      1295.62  8.91793e-09  8.82807e-12
      1295.96  6.40115e-09  7.77363e-12
      1296.29  5.45647e-09  7.32945e-12
      1296.63  5.67190e-09  7.32408e-12
      1296.97  7.11711e-09  7.62517e-12
      1297.30  1.14816e-08  9.23828e-12
      1297.64  1.57815e-08  1.08596e-11
      1297.98  1.33083e-08  1.00308e-11
      1298.31  8.19810e-09  8.13485e-12
      1298.65  4.41926e-09  6.33420e-12
      1298.99  3.22019e-09  5.62305e-12
      1299.33  5.82600e-09  6.92196e-12
      1299.66  1.11168e-08  9.13230e-12
      1300.00  1.26396e-08  9.31026e-12
      1300.34  1.08831e-08  8.57973e-12
      1300.68  7.34129e-09  7.00743e-12
      1301.02  7.39365e-09  7.04217e-12
      1301.35  1.33742e-08  9.95766e-12
      1301.69  1.63336e-08  1.12127e-11
      1302.03  1.58257e-08  1.12874e-11
      1302.37  1.39684e-08  1.03854e-11
      1302.71  1.60767e-08  1.10949e-11
      1303.05  1.79560e-08  1.13649e-11
      1303.39  2.04825e-08  1.21292e-11
      1303.73  2.23821e-08  1.29433e-11
      1304.07  2.06321e-08  1.26299e-11
      1304.41  2.07877e-08  1.29639e-11
      1304.75  2.22902e-08  1.36137e-11
      1305.09  2.33919e-08  1.36151e-11
      1305.43  2.78344e-08  1.43808e-11
      1305.77  3.34514e-08  1.52089e-11
      1306.11  3.37381e-08  1.49729e-11
      1306.46  2.26097e-08  1.19986e-11
      1306.80  1.03883e-08  8.18162e-12
      1307.14  5.05188e-09  6.20852e-12
      1307.48  3.30114e-09  5.47120e-12
      1307.82  2.57463e-09  5.10034e-12
      1308.16  2.58464e-09  5.17490e-12
      1308.51  3.13362e-09  5.47652e-12
      1308.85  2.53740e-09  4.92217e-12
      1309.19  1.76498e-09  4.33886e-12
      1309.53  1.58338e-09  4.30071e-12
      1309.88  1.56300e-09  4.51513e-12
      1310.22  1.69444e-09  4.85291e-12
      1310.56  2.26256e-09  5.32679e-12
      1310.91  4.41106e-09  6.56900e-12
      1311.25  8.47785e-09  8.78167e-12
      1311.60  8.57289e-09  8.44105e-12
      1311.94  4.97698e-09  6.35334e-12
      1312.28  2.46932e-09  4.80526e-12
      1312.63  1.59101e-09  4.26665e-12
      1312.97  1.32833e-09  4.08804e-12
      1313.32  1.85411e-09  4.56995e-12
      1313.66  3.16463e-09  5.68637e-12
      1314.01  2.67408e-09  5.17730e-12
      1314.35  1.46522e-09  4.05763e-12
      1314.70  1.05946e-09  3.67463e-12
      1315.05  1.04463e-09  3.71332e-12
      1315.39  1.20539e-09  3.97475e-12
      1315.74  1.58741e-09  4.54308e-12
      1316.08  2.53215e-09  5.39967e-12
      1316.43  5.43961e-09  7.36469e-12
      1316.78  9.79236e-09  9.91751e-12
      1317.12  7.79655e-09  8.69082e-12
      1317.47  3.42063e-09  5.75311e-12
      1317.82  1.90233e-09  4.52977e-12
      1318.17  1.92528e-09  4.49410e-12
      1318.51  3.41368e-09  5.64379e-12
      1318.86  4.38154e-09  6.41727e-12
      1319.21  2.84193e-09  5.34903e-12
      1319.56  1.52898e-09  4.36837e-12
      1319.91  1.58654e-09  4.45463e-12
      1320.25  1.60579e-09  4.21738e-12
      1320.60  1.57358e-09  4.01532e-12
      1320.95  1.95460e-09  4.49356e-12
      1321.30  2.90230e-09  5.05589e-12
      1321.65  6.29163e-09  7.13352e-12
      1322.00  1.22566e-08  1.06868e-11
      1322.35  1.05210e-08  1.00257e-11
      1322.70  5.10320e-09  7.16735e-12
      1323.05  3.03856e-09  5.71985e-12
      1323.40  3.31871e-09  5.74707e-12
      1323.75  4.00352e-09  6.02226e-12
      1324.10  4.17700e-09  6.08503e-12
      1324.45  3.05589e-09  5.38271e-12
      1324.80  2.07744e-09  4.77697e-12
      