227
      1249.95  7.79899e-09  1.19909e-11
      1250.27  3.84553e-09  8.72029e-12
      1250.58  1.31987e-09  6.26299e-12
      1250.89  9.23482e-10  5.49471e-12
      1251.20  1.18111e-09  5.39815e-12
      1251.52  1.83410e-09  5.86630e-12
      1251.83  3.24590e-09  7.26383e-12
      1252.14  4.19322e-09  8.03051e-12
      1252.46  3.96618e-09  8.13269e-12
      1252.77  3.56240e-09  7.77718e-12
      1253.09  6.11309e-09  9.63218e-12
      1253.40  1.21430e-08  1.30623e-11
      1253.71  1.53728e-08  1.46935e-11
      1254.03  9.30037e-09  1.09559e-11
      1254.34  4.25407e-09  7.55880e-12
      1254.66  5.35547e-09  8.52239e-12
      1254.97  8.43049e-09  1.11072e-11
      1255.29  5.78015e-09  9.44206e-12
      1255.60  2.54544e-09  6.98458e-12
      1255.92  2.74742e-09  7.57608e-12
      1256.23  4.92501e-09  9.07544e-12
      1256.55  7.94322e-09  1.14452e-11
      1256.87  5.63647e-09  9.17143e-12
      1257.18  2.49810e-09  6.41235e-12
      1257.50  1.75830e-09  5.89395e-12
      1257.81  2.00292e-09  6.25817e-12
      1258.13  2.52633e-09  6.88781e-12
      1258.45  2.50561e-09  6.85069e-12
      1258.76  2.56561e-09  6.70484e-12
      1259.08  4.72986e-09  8.08364e-12
      1259.40  1.03852e-08  1.13279e-11
      1259.72  1.46554e-08  1.34795e-11
      1260.03  1.12017e-08  1.17124e-11
      1260.35  7.75112e-09  9.82849e-12
      1260.67  1.00597e-08  1.15495e-11
      1260.99  9.36776e-09  1.10083e-11
      1261.30  7.43596e-09  9.59623e-12
      1261.62  9.22740e-09  1.09976e-11
      1261.94  9.89460e-09  1.09686e-11
      1262.26  1.00184e-08  1.13371e-11
      1262.58  7.28558e-09  9.15897e-12
      1262.90  7.80083e-09  8.65647e-12
      1263.22  1.20954e-08  1.11002e-11
      1263.54  9.98985e-09  9.90606e-12
      1263.86  6.13056e-09  8.07525e-12
      1264.17  4.69720e-09  7.60197e-12
      1264.49  3.34167e-09  6.72338e-12
      1264.81  3.60087e-09  6.86722e-12
      1265.13  7.62626e-09  9.53430e-12
      1265.45  1.23014e-08  1.19498e-11
      1265.77  1.08729e-08  1.10718e-11
      1266.10  5.57456e-09  7.89510e-12
      1266.42  2.71610e-09  5.98499e-12
      1266.74  2.32015e-09  5.95872e-12
      1267.06  3.20640e-09  6.83556e-12
      1267.38  7.03315e-09  9.83872e-12
      1267.70  1.34562e-08  1.40737e-11
      1268.02  1.44471e-08  1.33542e-11
      1268.34  1.40710e-08  1.27844e-11
      1268.67  1.27321e-08  1.15781e-11
      1268.99  1.24624e-08  1.12496e-11
      1269.31  9.59354e-09  9.73688e-12
      1269.63  6.06776e-09  7.86338e-12
      1269.95  4.91574e-09  7.26468e-12
      1270.28  6.20425e-09  7.81083e-12
      1270.60  1.06345e-08  1.00497e-11
      1270.92  1.28324e-08  1.09906e-11
      1271.25  1.43450e-08  1.16022e-11
      1271.57  1.42915e-08  1.16990e-11
      1271.89  8.28803e-09  8.54305e-12
      1272.22  3.50593e-09  5.80914e-12
      1272.54  2.11880e-09  5.09347e-12
      1272.86  1.74122e-09  4.88281e-12
      1273.19  1.65127e-09  5.04424e-12
      1273.51  2.02116e-09  5.38107e-12
      1273.84  3.18223e-09  6.37086e-12
      1274.16  4.23995e-09  7.01733e-12
      1274.49  5.67040e-09  7.65552e-12
      1274.81  1.02322e-08  1.04557e-11
      1275.14  1.42196e-08  1.25329e-11
      1275.46  1.27821e-08  1.22135e-11
      1275.79  8.25629e-09  1.01929e-11
      1276.11  5.29291e-09  8.41110e-12
      1276.44  7.06100e-09  9.44771e-12
      1276.76  1.20327e-08  1.21794e-11
      1277.09  1.26636e-08  1.16944e-11
      1277.42  1.28774e-08  1.16781e-11
      1277.74  8.79998e-09  9.26480e-12
      1278.07  3.95992e-09  6.39105e-12
      1278.40  2.24800e-09  5.31353e-12
      1278.72  1.71383e-09  4.89278e-12
      1279.05  1.68459e-09  4.86179e-12
      1279.38  2.27571e-09  5.12997e-12
      1279.71  3.50831e-09  5.73139e-12
      1280.03  4.76060e-09  6.51419e-12
      1280.36  4.22774e-09  6.22282e-12
      1280.69  4.53821e-09  6.41053e-12
      1281.02  6.11755e-09  7.63174e-12
      1281.34  9.16610e-09  9.70256e-12
      1281.67  1.13486e-08  1.20163e-11
      1282.00  8.65943e-09  1.05825e-11
      1282.33  8.92173e-09  1.02688e-11
      1282.66  1.40133e-08  1.28919e-11
      1282.99  1.80490e-08  1.43445e-11
      1283.32  1.79504e-08  1.43054e-11
      1283.65  1.25078e-08  1.20035e-11
      1283.98  6.41843e-09  8.76276e-12
      1284.31  3.56455e-09  7.12872e-12
      1284.64  2.63678e-09  6.44607e-12
      1284.97  2.60448e-09  6.46014e-12
      1285.30  3.05671e-09  6.93666e-12
      1285.63  2.62091e-09  6.04793e-12
      1285.96  2.41313e-09  5.48666e-12
      1286.29  3.76090e-09  6.09446e-12
      1286.62  5.37663e-09  7.12823e-12
      1286.95  4.88739e-09  6.54145e-12
      1287.28  6.14683e-09  7.11485e-12
      1287.61  1.13886e-08  9.79774e-12
      1287.95  1.35202e-08  1.03801e-11
      1288.28  1.33807e-08  1.02927e-11
      1288.61  1.31864e-08  1.03282e-11
      1288.94  1.35370e-08  1.11108e-11
      1289.27  9.50696e-09  9.61385e-12
      1289.61  6.80343e-09  8.61897e-12
      1289.94  5.43584e-09  8.16715e-12
      1290.27  3.64557e-09  7.10191e-12
      1290.61  3.09591e-09  7.12301e-12
      1290.94  2.39367e-09  6.53205e-12
      1291.27  1.79032e-09  5.64362e-12
      1291.61  2.06426e-09  5.78076e-12
      1291.94  3.35063e-09  6.57473e-12
      1292.27  5.84846e-09  8.13675e-12
      1292.61  8.36314e-09  9.81321e-12
      1292.94  6.27575e-09  8.26334e-12
      1293.28  4.68018e-09  7.10574e-12
      1293.61  6.05867e-09  7.95417e-12
      1293.95  7.96417e-09  8.44386e-12
      1294.28  1.20426e-08  9.92999e-12
      1294.62  1.35274e-08  1.00502e-11
      1294.95  1.13430e-08  8.86096e-12
      1295.29  1.08215e-08  8.89802e-12
      1295.62  9.11521e-09  8.48559e-12
      1295.96  6.56198e-09  7.56556e-12
      1296.29  5.61172e-09  7.50348e-12
      1296.63  5.86347e-09  8.23519e-12
      1296.97  7.52460e-09  9.52255e-12
      1297.30  1.21559e-08  1.21732e-11
      1297.64  1.67640e-08  1.43177e-11
      1297.98  1.38577e-08  1.26778e-11
      1298.31  8.45434e-09  1.01226e-11
      1298.65  4.58316e-09  7.66725e-12
      1298.99  3.41205e-09  6.74597e-12
      1299.33  6.16610e-09  8.59759e-12
      1299.66  1.16644e-08  1.15510e-11
      1300.00  1.30970e-08  1.15038e-11
      1300.34  1.12596e-08  1.03519e-11
      1300.68  7.55823e-09  7.94530e-12
      1301.02  7.78410e-09  7.50578e-12
      1301.35  1.39460e-08  1.02414e-11
      1301.69  1.68340e-08  1.12374e-11
      1302.03  1.62119e-08  1.11721e-11
      1302.37  1.43449e-08  1.04685e-11
      1302.71  1.65558e-08  1.17138e-11
      1303.05  1.83220e-08  1.21316e-11
      1303.39  2.08790e-08  1.34128e-11
      1303.73  2.29467e-08  1.50279e-11
      1304.07  2.14504e-08  1.54823e-11
      1304.41  2.17263e-08  1.60328e-11
      1304.75  2.31320e-08  1.67861e-11
      1305.09  2.43704e-08  1.72301e-11
      1305.43  2.89589e-08  1.84282e-11
      1305.77  3.46000e-08  1.94127e-11
      1306.11  3.44524e-08  1.87298e-11
      1306.46  2.28779e-08  1.41502e-11
      1306.80  1.07077e-08  9.18614e-12
      1307.14  5.33059e-09  6.67270e-12
      1307.48  3.51651e-09  5.67174e-12
      1307.82  2.76924e-09  5.24801e-12
      1308.16  2.78496e-09  5.28013e-12
      1308.51  3.33608e-09  6.01771e-12
      1308.85  2.67906e-09  5.27513e-12
      1309.19  1.90350e-09  4.54874e-12
      1309.53  1.72319e-09  4.60390e-12
      1309.88  1.69122e-09  4.71847e-12
      1310.22  1.81798e-09  5.12088e-12
      1310.56  2.37440e-09  6.14040e-12
      1310.91  4.67215e-09  8.20028e-12
      1311.25  9.08574e-09  1.14313e-11
      1311.60  9.04850e-09  1.09196e-11
      1311.94  5.15172e-09  7.80531e-12
      1312.28  2.61116e-09  5.58723e-12
      1312.63  1.77074e-09  4.66430e-12
      1312.97  1.52957e-09  4.29623e-12
      1313.32  2.07613e-09  4.74074e-12
      1313.66  3.42459e-09  6.04788e-12
      1314.01  2.85766e-09  5.54061e-12
      1314.35  1.59377e-09  4.44317e-12
      1314.70  1.21093e-09  4.12406e-12
      1315.05  1.20003e-09  4.22446e-12
      1315.39  1.35705e-09  4.26916e-12
      1315.74  1.74052e-09  4.76319e-12
      1316.08  2.72711e-09  5.75494e-12
      1316.43  5.70593e-09  7.97291e-12
      1316.78  9.83260e-09  1.12967e-11
      1317.12  8.05955e-09  1.06004e-11
      1317.47  3.68587e-09  7.19635e-12
      1317.82  2.12053e-09  5.42746e-12
      1318.17  2.20649e-09  5.15201e-12
      1318.51  3.66772e-09  6.23396e-12
      1318.86  4.48109e-09  6.72638e-12
      1319.21  3.00508e-09  5.62348e-12
      1319.56  1.76219e-09  4.69174e-12
      1319.91  1.76320e-09  4.87423e-12
      1320.25  1.76494e-09  4.77883e-12
      1320.60  1.75868e-09  4.72340e-12
      1320.95  2.15135e-09  5.04301e-12
      1321.30  3.16600e-09  5.92914e-12
      1321.65  6.76462e-09  8.10215e-12
      1322.00  1.25211e-08  1.14365e-11
      1322.35  1.05972e-08  1.05894e-11
      1322.70  5.23974e-09  7.76952e-12
      1323.05  3.27181e-09  6.58560e-12
      1323.40  3.59381e-09  7.09443e-12
      1323.75  4.27658e-09  7.04998e-12
      1324.10  4.43484e-09  6.85362e-12
      1324.45  3.20142e-09  5.59624e-12
      1324.80  2.26039e-09  4.90598e-12
      