227
      1249.95  8.71548e-09  1.48167e-11
      1250.27  4.28428e-09  1.10451e-11
      1250.58  1.47553e-09  7.83218e-12
      1250.89  1.03758e-09  7.25246e-12
      1251.20  1.33284e-09  7.38601e-12
      1251.52  2.03929e-09  8.12130e-12
      1251.83  3.57116e-09  1.00259e-11
      1252.14  4.60565e-09  1.13427e-11
      1252.46  4.34302e-09  1.14337e-11
      1252.77  3.93625e-09  1.09557e-11
      1253.09  6.64859e-09  1.37836e-11
      1253.40  1.29360e-08  1.88495e-11
      1253.71  1.62062e-08  2.07860e-11
      1254.03  9.93765e-09  1.56569e-11
      1254.34  4.64864e-09  1.06043e-11
      1254.66  5.81796e-09  1.17660e-11
      1254.97  9.04392e-09  1.50376e-11
      1255.29  6.29292e-09  1.26564e-11
      1255.60  2.87317e-09  9.19692e-12
      1255.92  3.10477e-09  9.97527e-12
      1256.23  5.52084e-09  1.17384e-11
      1256.55  8.90957e-09  1.45805e-11
      1256.87  6.32684e-09  1.15801e-11
      1257.18  2.89992e-09  7.96288e-12
      1257.50  2.10092e-09  7.20009e-12
      1257.81  2.38969e-09  7.47248e-12
      1258.13  3.02809e-09  8.24004e-12
      1258.45  3.01231e-09  8.14058e-12
      1258.76  3.12421e-09  8.04953e-12
      1259.08  5.65255e-09  9.93515e-12
      1259.40  1.19943e-08  1.37538e-11
      1259.72  1.64810e-08  1.57543e-11
      1260.03  1.23206e-08  1.30882e-11
      1260.35  8.83413e-09  1.09347e-11
      1260.67  1.12188e-08  1.31280e-11
      1260.99  1.04634e-08  1.29398e-11
      1261.30  8.36417e-09  1.17715e-11
      1261.62  1.02378e-08  1.37670e-11
      1261.94  1.09094e-08  1.40518e-11
      1262.26  1.09850e-08  1.45499e-11
      1262.58  8.08894e-09  1.19500e-11
      1262.90  8.51893e-09  1.20158e-11
      1263.22  1.31307e-08  1.67007e-11
      1263.54  1.07273e-08  1.39334e-11
      1263.86  6.60519e-09  1.12964e-11
      1264.17  5.10925e-09  1.06731e-11
      1264.49  3.60554e-09  9.42884e-12
      1264.81  3.82904e-09  9.42980e-12
      1265.13  8.14688e-09  1.28540e-11
      1265.45  1.31569e-08  1.57698e-11
      1265.77  1.17481e-08  1.44498e-11
      1266.10  6.17290e-09  1.02732e-11
      1266.42  3.07798e-09  7.60897e-12
      1266.74  2.66619e-09  7.34287e-12
      1267.06  3.70614e-09  8.32680e-12
      1267.38  8.06158e-09  1.16068e-11
      1267.70  1.49938e-08  1.57363e-11
      1268.02  1.62465e-08  1.54070e-11
      1268.34  1.58188e-08  1.46881e-11
      1268.67  1.44453e-08  1.32800e-11
      1268.99  1.41507e-08  1.32329e-11
      1269.31  1.09373e-08  1.15493e-11
      1269.63  7.06624e-09  9.54137e-12
      1269.95  5.74323e-09  9.09331e-12
      1270.28  7.12282e-09  1.01111e-11
      1270.60  1.21754e-08  1.36735e-11
      1270.92  1.44890e-08  1.45275e-11
      1271.25  1.58396e-08  1.50350e-11
      1271.57  1.57040e-08  1.51080e-11
      1271.89  8.97868e-09  1.12418e-11
      1272.22  3.76502e-09  7.92328e-12
      1272.54  2.32759e-09  7.02319e-12
      1272.86  1.91043e-09  6.90929e-12
      1273.19  1.81443e-09  6.89838e-12
      1273.51  2.19795e-09  7.48326e-12
      1273.84  3.42037e-09  8.67135e-12
      1274.16  4.58210e-09  9.38014e-12
      1274.49  6.16516e-09  1.00761e-11
      1274.81  1.10198e-08  1.32696e-11
      1275.14  1.53538e-08  1.56884e-11
      1275.46  1.39686e-08  1.49605e-11
      1275.79  9.18005e-09  1.22890e-11
      1276.11  6.03022e-09  9.92675e-12
      1276.44  8.03605e-09  1.09771e-11
      1276.76  1.34532e-08  1.39628e-11
      1277.09  1.41488e-08  1.31855e-11
      1277.42  1.45330e-08  1.33539e-11
      1277.74  9.91049e-09  1.06668e-11
      1278.07  4.57592e-09  7.54531e-12
      1278.40  2.67239e-09  6.46903e-12
      1278.72  2.06441e-09  6.34359e-12
      1279.05  2.01534e-09  6.44052e-12
      1279.38  2.68004e-09  7.29998e-12
      1279.71  4.04395e-09  8.33577e-12
      1280.03  5.45315e-09  9.61001e-12
      1280.36  4.80023e-09  8.79538e-12
      1280.69  5.01413e-09  9.17561e-12
      1281.02  6.60892e-09  1.06690e-11
      1281.34  9.77021e-09  1.33136e-11
      1281.67  1.19565e-08  1.53580e-11
      1282.00  9.39684e-09  1.34242e-11
      1282.33  9.54705e-09  1.32804e-11
      1282.66  1.49390e-08  1.63434e-11
      1282.99  1.93048e-08  1.77192e-11
      1283.32  1.93668e-08  1.71727e-11
      1283.65  1.36838e-08  1.40802e-11
      1283.98  7.18005e-09  1.01484e-11
      1284.31  4.07355e-09  8.12308e-12
      1284.64  3.06079e-09  7.36467e-12
      1284.97  3.03683e-09  7.26967e-12
      1285.30  3.54394e-09  7.63655e-12
      1285.63  3.04597e-09  6.86146e-12
      1285.96  2.81871e-09  6.38033e-12
      1286.29  4.33125e-09  7.58202e-12
      1286.62  6.12516e-09  9.26333e-12
      1286.95  5.53944e-09  8.90000e-12
      1287.28  6.86812e-09  1.00815e-11
      1287.61  1.26273e-08  1.47141e-11
      1287.95  1.48745e-08  1.60314e-11
      1288.28  1.46414e-08  1.60874e-11
      1288.61  1.44340e-08  1.55811e-11
      1288.94  1.44274e-08  1.57097e-11
      1289.27  1.01079e-08  1.27003e-11
      1289.61  7.23906e-09  1.09982e-11
      1289.94  5.86196e-09  1.02460e-11
      1290.27  4.01565e-09  8.69821e-12
      1290.61  3.43413e-09  8.43639e-12
      1290.94  2.69633e-09  7.56544e-12
      1291.27  2.02387e-09  6.45479e-12
      1291.61  2.36754e-09  6.32334e-12
      1291.94  3.84986e-09  7.21489e-12
      1292.27  6.66241e-09  8.91503e-12
      1292.61  9.40196e-09  1.09267e-11
      1292.94  7.03567e-09  9.40365e-12
      1293.28  5.32474e-09  8.57457e-12
      1293.61  6.86343e-09  1.01598e-11
      1293.95  8.94793e-09  1.14887e-11
      1294.28  1.33760e-08  1.42469e-11
      1294.62  1.49021e-08  1.49897e-11
      1294.95  1.24342e-08  1.34911e-11
      1295.29  1.18706e-08  1.37513e-11
      1295.62  9.98384e-09  1.30422e-11
      1295.96  7.19093e-09  1.13389e-11
      1296.29  6.19774e-09  1.08583e-11
      1296.63  6.49118e-09  1.11559e-11
      1296.97  8.11623e-09  1.18685e-11
      1297.30  1.30978e-08  1.42624e-11
      1297.64  1.82742e-08  1.64106e-11
      1297.98  1.52514e-08  1.41730e-11
      1298.31  9.42369e-09  1.11055e-11
      1298.65  5.24376e-09  8.25353e-12
      1298.99  3.98340e-09  7.31417e-12
      1299.33  7.02113e-09  9.49694e-12
      1299.66  1.29352e-08  1.31085e-11
      1300.00  1.45350e-08  1.36861e-11
      1300.34  1.24120e-08  1.27162e-11
      1300.68  8.50211e-09  1.04587e-11
      1301.02  8.69383e-09  1.06800e-11
      1301.35  1.50909e-08  1.51179e-11
      1301.69  1.81432e-08  1.71135e-11
      1302.03  1.73708e-08  1.71807e-11
      1302.37  1.54943e-08  1.61859e-11
      1302.71  1.76614e-08  1.77145e-11
      1303.05  1.97434e-08  1.78978e-11
      1303.39  2.27065e-08  1.85983e-11
      1303.73  2.46908e-08  1.88334e-11
      1304.07  2.31147e-08  1.75679e-11
      1304.41  2.35932e-08  1.76556e-11
      1304.75  2.51496e-08  1.80045e-11
      1305.09  2.65211e-08  1.82040e-11
      1305.43  3.15169e-08  1.95928e-11
      1305.77  3.74685e-08  2.11176e-11
      1306.11  3.72752e-08  2.13211e-11
      1306.46  2.47562e-08  1.70623e-11
      1306.80  1.17048e-08  1.19318e-11
      1307.14  5.93387e-09  9.25549e-12
      1307.48  3.93684e-09  8.28485e-12
      1307.82  3.08580e-09  7.87150e-12
      1308.16  3.07151e-09  8.07257e-12
      1308.51  3.70903e-09  8.97760e-12
      1308.85  2.96088e-09  7.85769e-12
      1309.19  2.11700e-09  6.64558e-12
      1309.53  1.98555e-09  6.41848e-12
      1309.88  1.99080e-09  6.34383e-12
      1310.22  2.17279e-09  6.31067e-12
      1310.56  2.85275e-09  6.97883e-12
      1310.91  5.27152e-09  8.76982e-12
      1311.25  1.00100e-08  1.19662e-11
      1311.60  1.00836e-08  1.16163e-11
      1311.94  5.83121e-09  8.61076e-12
      1312.28  2.97282e-09  6.45340e-12
      1312.63  2.00944e-09  5.72710e-12
      1312.97  1.73149e-09  5.71874e-12
      1313.32  2.33595e-09  6.75275e-12
      1313.66  3.72855e-09  8.71963e-12
      1314.01  3.15726e-09  8.41381e-12
      1314.35  1.79584e-09  6.81510e-12
      1314.70  1.35484e-09  6.16799e-12
      1315.05  1.35044e-09  6.01490e-12
      1315.39  1.55576e-09  5.79896e-12
      1315.74  2.01229e-09  6.29505e-12
      1316.08  3.17856e-09  7.35113e-12
      1316.43  6.62248e-09  9.78743e-12
      1316.78  1.10811e-08  1.28322e-11
      1317.12  8.87192e-09  1.12168e-11
      1317.47  4.20342e-09  7.51511e-12
      1317.82  2.43222e-09  6.07749e-12
      1318.17  2.52839e-09  6.15048e-12
      1318.51  4.12685e-09  7.93317e-12
      1318.86  4.98052e-09  9.14753e-12
      1319.21  3.33483e-09  7.93112e-12
      1319.56  1.95542e-09  6.80415e-12
      1319.91  1.94857e-09  7.09365e-12
      1320.25  1.93475e-09  7.03693e-12
      1320.60  1.91623e-09  6.68356e-12
      1320.95  2.37693e-09  7.04664e-12
      1321.30  3.50948e-09  7.74789e-12
      1321.65  7.46712e-09  1.02700e-11
      1322.00  1.40277e-08  1.43795e-11
      1322.35  1.18924e-08  1.28457e-11
      1322.70  5.96068e-09  8.99082e-12
      1323.05  3.69852e-09  7.22127e-12
      1323.40  4.07964e-09  7.68441e-12
      1323.75  4.81366e-09  8.14388e-12
      1324.10  5.01674e-09  8.56181e-12
      1324.45  3.56439e-09  7.47416e-12
      1324.80  2.50699e-09  6.90403e-12
      