227
      1249.95  1.13897e-08  1.99250e-11
      1250.27  5.69468e-09  1.42542e-11
      1250.58  2.02458e-09  9.65266e-12
      1250.89  1.44178e-09  8.65480e-12
      1251.20  1.83205e-09  8.97985e-12
      1251.52  2.76982e-09  9.61424e-12
      1251.83  4.88506e-09  1.19015e-11
      1252.14  6.35062e-09  1.31698e-11
      1252.46  6.06377e-09  1.31080e-11
      1252.77  5.54289e-09  1.23191e-11
      1253.09  9.10391e-09  1.52248e-11
      1253.40  1.72141e-08  1.99829e-11
      1253.71  2.14103e-08  2.18014e-11
      1254.03  1.35177e-08  1.63612e-11
      1254.34  6.65809e-09  1.10358e-11
      1254.66  8.12743e-09  1.21014e-11
      1254.97  1.22204e-08  1.54000e-11
      1255.29  8.53258e-09  1.29089e-11
      1255.60  4.04800e-09  9.27455e-12
      1255.92  4.32906e-09  1.01166e-11
      1256.23  7.41148e-09  1.39094e-11
      1256.55  1.18016e-08  1.66730e-11
      1256.87  8.36860e-09  1.27414e-11
      1257.18  3.91832e-09  8.94496e-12
      1257.50  2.85075e-09  8.21868e-12
      1257.81  3.22994e-09  8.92021e-12
      1258.13  4.09585e-09  1.03730e-11
      1258.45  4.04799e-09  1.05440e-11
      1258.76  4.22807e-09  1.07111e-11
      1259.08  7.47421e-09  1.35915e-11
      1259.40  1.52117e-08  1.89500e-11
      1259.72  2.05734e-08  2.18590e-11
      1260.03  1.56943e-08  1.83025e-11
      1260.35  1.14986e-08  1.54870e-11
      1260.67  1.43755e-08  1.82545e-11
      1260.99  1.35301e-08  1.80224e-11
      1261.30  1.10015e-08  1.62336e-11
      1261.62  1.33073e-08  1.84414e-11
      1261.94  1.41751e-08  1.83629e-11
      1262.26  1.43478e-08  1.83238e-11
      1262.58  1.06808e-08  1.46457e-11
      1262.90  1.12676e-08  1.42232e-11
      1263.22  1.71779e-08  1.80936e-11
      1263.54  1.41841e-08  1.57850e-11
      1263.86  9.02552e-09  1.26455e-11
      1264.17  7.16902e-09  1.17778e-11
      1264.49  5.13798e-09  1.00075e-11
      1264.81  5.47896e-09  9.76709e-12
      1265.13  1.11305e-08  1.31712e-11
      1265.45  1.74627e-08  1.60461e-11
      1265.77  1.56074e-08  1.46056e-11
      1266.10  8.40838e-09  1.05632e-11
      1266.42  4.31776e-09  7.97955e-12
      1266.74  3.72619e-09  7.94192e-12
      1267.06  5.07098e-09  9.18823e-12
      1267.38  1.04989e-08  1.31828e-11
      1267.70  1.88709e-08  1.83210e-11
      1268.02  2.04917e-08  1.86351e-11
      1268.34  2.00302e-08  1.85450e-11
      1268.67  1.83061e-08  1.72846e-11
      1268.99  1.79748e-08  1.78628e-11
      1269.31  1.39987e-08  1.58529e-11
      1269.63  9.27239e-09  1.34302e-11
      1269.95  7.61462e-09  1.27512e-11
      1270.28  9.19435e-09  1.38608e-11
      1270.60  1.54981e-08  1.84835e-11
      1270.92  1.84157e-08  1.93025e-11
      1271.25  2.01408e-08  1.94473e-11
      1271.57  2.00856e-08  1.90456e-11
      1271.89  1.17796e-08  1.39245e-11
      1272.22  5.19448e-09  9.49061e-12
      1272.54  3.29969e-09  8.12958e-12
      1272.86  2.73533e-09  7.78563e-12
      1273.19  2.59987e-09  7.62841e-12
      1273.51  3.15247e-09  7.85938e-12
      1273.84  4.84088e-09  9.03701e-12
      1274.16  6.42625e-09  9.60669e-12
      1274.49  8.50368e-09  1.02477e-11
      1274.81  1.46269e-08  1.35098e-11
      1275.14  1.99557e-08  1.61525e-11
      1275.46  1.80869e-08  1.57889e-11
      1275.79  1.20586e-08  1.34593e-11
      1276.11  8.05526e-09  1.14196e-11
      1276.44  1.04405e-08  1.31089e-11
      1276.76  1.70888e-08  1.72633e-11
      1277.09  1.78421e-08  1.69370e-11
      1277.42  1.83249e-08  1.76874e-11
      1277.74  1.25844e-08  1.46070e-11
      1278.07  5.98548e-09  1.05380e-11
      1278.40  3.58198e-09  8.99074e-12
      1278.72  2.77904e-09  8.47101e-12
      1279.05  2.72839e-09  8.49294e-12
      1279.38  3.63451e-09  9.72878e-12
      1279.71  5.37601e-09  1.08352e-11
      1280.03  7.20813e-09  1.19055e-11
      1280.36  6.49408e-09  1.06604e-11
      1280.69  6.79879e-09  1.06641e-11
      1281.02  8.96807e-09  1.19699e-11
      1281.34  1.30725e-08  1.44863e-11
      1281.67  1.59023e-08  1.60903e-11
      1282.00  1.27691e-08  1.39629e-11
      1282.33  1.29686e-08  1.35801e-11
      1282.66  1.96276e-08  1.65184e-11
      1282.99  2.48521e-08  1.80518e-11
      1283.32  2.46561e-08  1.78598e-11
      1283.65  1.75653e-08  1.51594e-11
      1283.98  9.45398e-09  1.15169e-11
      1284.31  5.47028e-09  9.56975e-12
      1284.64  4.08987e-09  8.95346e-12
      1284.97  4.04799e-09  9.39750e-12
      1285.30  4.73957e-09  1.03559e-11
      1285.63  4.06039e-09  9.48219e-12
      1285.96  3.75507e-09  8.92479e-12
      1286.29  5.65003e-09  1.05439e-11
      1286.62  7.96865e-09  1.27694e-11
      1286.95  7.25427e-09  1.18634e-11
      1287.28  8.87930e-09  1.28225e-11
      1287.61  1.62053e-08  1.80758e-11
      1287.95  1.91936e-08  1.90531e-11
      1288.28  1.90458e-08  1.83045e-11
      1288.61  1.89759e-08  1.71630e-11
      1288.94  1.89590e-08  1.66716e-11
      1289.27  1.36548e-08  1.34245e-11
      1289.61  9.96357e-09  1.14130e-11
      1289.94  8.09698e-09  1.05934e-11
      1290.27  5.58076e-09  9.06291e-12
      1290.61  4.69796e-09  9.02315e-12
      1290.94  3.65233e-09  8.29994e-12
      1291.27  2.74917e-09  7.31172e-12
      1291.61  3.18240e-09  7.60417e-12
      1291.94  5.07086e-09  9.31409e-12
      1292.27  8.58954e-09  1.21052e-11
      1292.61  1.19368e-08  1.50725e-11
      1292.94  9.01008e-09  1.30525e-11
      1293.28  6.99819e-09  1.19416e-11
      1293.61  9.01522e-09  1.39906e-11
      1293.95  1.15879e-08  1.51782e-11
      1294.28  1.71925e-08  1.82878e-11
      1294.62  1.92539e-08  1.84360e-11
      1294.95  1.62406e-08  1.59372e-11
      1295.29  1.57369e-08  1.55829e-11
      1295.62  1.34537e-08  1.41746e-11
      1295.96  9.91782e-09  1.21660e-11
      1296.29  8.64039e-09  1.12994e-11
      1296.63  8.99606e-09  1.14639e-11
      1296.97  1.09587e-08  1.21190e-11
      1297.30  1.69818e-08  1.48971e-11
      1297.64  2.31016e-08  1.75121e-11
      1297.98  1.94597e-08  1.60425e-11
      1298.31  1.22576e-08  1.33792e-11
      1298.65  6.98341e-09  1.06677e-11
      1298.99  5.36235e-09  9.86184e-12
      1299.33  9.08528e-09  1.31411e-11
      1299.66  1.61555e-08  1.78553e-11
      1300.00  1.82822e-08  1.87210e-11
      1300.34  1.58192e-08  1.72161e-11
      1300.68  1.11166e-08  1.38740e-11
      1301.02  1.13573e-08  1.33413e-11
      1301.35  1.91648e-08  1.77836e-11
      1301.69  2.31306e-08  1.92758e-11
      1302.03  2.23183e-08  1.87250e-11
      1302.37  2.01225e-08  1.69903e-11
      1302.71  2.28858e-08  1.79427e-11
      1303.05  2.53544e-08  1.77995e-11
      1303.39  2.87538e-08  1.85730e-11
      1303.73  3.08489e-08  1.94254e-11
      1304.07  2.88237e-08  1.90166e-11
      1304.41  2.92959e-08  2.02279e-11
      1304.75  3.09967e-08  2.19467e-11
      1305.09  3.24127e-08  2.32567e-11
      1305.43  3.80481e-08  2.60091e-11
      1305.77  4.46812e-08  2.83518e-11
      1306.11  4.44466e-08  2.86674e-11
      1306.46  2.99921e-08  2.28346e-11
      1306.80  1.47728e-08  1.57245e-11
      1307.14  7.87571e-09  1.19382e-11
      1307.48  5.39370e-09  1.02059e-11
      1307.82  4.30415e-09  9.21436e-12
      1308.16  4.27888e-09  8.83286e-12
      1308.51  5.20420e-09  9.56559e-12
      1308.85  4.20778e-09  8.15043e-12
      1309.19  3.03231e-09  6.70578e-12
      1309.53  2.80864e-09  6.49763e-12
      1309.88  2.76658e-09  6.52906e-12
      1310.22  2.97611e-09  6.96949e-12
      1310.56  3.86508e-09  8.19716e-12
      1310.91  6.90555e-09  1.09723e-11
      1311.25  1.25693e-08  1.55362e-11
      1311.60  1.27210e-08  1.57144e-11
      1311.94  7.58010e-09  1.19135e-11
      1312.28  3.98057e-09  8.87096e-12
      1312.63  2.72625e-09  7.81302e-12
      1312.97  2.36427e-09  7.28783e-12
      1313.32  3.17845e-09  8.20281e-12
      1313.66  5.01078e-09  1.01996e-11
      1314.01  4.33342e-09  9.22939e-12
      1314.35  2.52984e-09  7.10670e-12
      1314.70  1.94506e-09  6.08912e-12
      1315.05  1.93076e-09  5.91404e-12
      1315.39  2.18429e-09  5.96463e-12
      1315.74  2.79309e-09  6.65046e-12
      1316.08  4.28447e-09  8.22634e-12
      1316.43  8.58033e-09  1.18044e-11
      1316.78  1.39121e-08  1.62150e-11
      1317.12  1.11836e-08  1.48846e-11
      1317.47  5.51113e-09  1.05207e-11
      1317.82  3.26742e-09  8.47836e-12
      1318.17  3.35544e-09  8.43249e-12
      1318.51  5.45750e-09  1.05832e-11
      1318.86  6.63777e-09  1.17108e-11
      1319.21  4.53022e-09  9.61540e-12
      1319.56  2.70634e-09  7.77709e-12
      1319.91  2.71313e-09  7.83603e-12
      1320.25  2.74091e-09  7.56862e-12
      1320.60  2.75325e-09  6.75526e-12
      1320.95  3.34387e-09  7.00948e-12
      1321.30  4.75982e-09  8.06027e-12
      1321.65  9.58386e-09  1.12039e-11
      1322.00  1.76066e-08  1.65941e-11
      1322.35  1.49094e-08  1.57531e-11
      1322.70  7.60698e-09  1.18102e-11
      1323.05  4.83693e-09  1.00128e-11
      1323.40  5.37178e-09  1.07099e-11
      1323.75  6.35860e-09  1.14105e-11
      1324.10  6.68413e-09  1.15554e-11
      1324.45  4.79833e-09  9.49035e-12
      1324.80  3.42567e-09  8.25322e-12
      