227
      1249.95  1.22356e-08  1.62291e-11
      1250.27  6.11347e-09  1.17366e-11
      1250.58  2.18209e-09  8.12521e-12
      1250.89  1.55802e-09  7.31920e-12
      1251.20  1.99731e-09  7.56469e-12
      1251.52  3.00833e-09  8.45822e-12
      1251.83  5.25476e-09  1.10219e-11
      1252.14  6.78341e-09  1.25576e-11
      1252.46  6.51314e-09  1.27428e-11
      1252.77  6.00463e-09  1.24545e-11
      1253.09  9.68385e-09  1.55873e-11
      1253.40  1.81088e-08  2.10308e-11
      1253.71  2.23161e-08  2.30753e-11
      1254.03  1.41444e-08  1.76241e-11
      1254.34  7.01892e-09  1.21919e-11
      1254.66  8.47514e-09  1.34649e-11
      1254.97  1.27377e-08  1.73785e-11
      1255.29  8.87310e-09  1.45254e-11
      1255.60  4.22561e-09  1.06755e-11
      1255.92  4.50965e-09  1.13291e-11
      1256.23  7.63118e-09  1.34258e-11
      1256.55  1.23024e-08  1.69506e-11
      1256.87  8.69802e-09  1.35314e-11
      1257.18  4.04996e-09  9.14647e-12
      1257.50  2.95198e-09  8.02926e-12
      1257.81  3.30990e-09  8.51866e-12
      1258.13  4.17226e-09  9.58248e-12
      1258.45  4.17418e-09  9.52285e-12
      1258.76  4.41075e-09  9.45875e-12
      1259.08  7.77346e-09  1.15002e-11
      1259.40  1.57859e-08  1.56736e-11
      1259.72  2.13894e-08  1.76378e-11
      1260.03  1.65009e-08  1.46492e-11
      1260.35  1.22330e-08  1.22124e-11
      1260.67  1.52292e-08  1.43269e-11
      1260.99  1.43350e-08  1.42363e-11
      1261.30  1.17243e-08  1.28468e-11
      1261.62  1.42313e-08  1.49916e-11
      1261.94  1.50872e-08  1.51727e-11
      1262.26  1.54058e-08  1.56582e-11
      1262.58  1.13671e-08  1.28175e-11
      1262.90  1.18982e-08  1.28736e-11
      1263.22  1.83772e-08  1.70830e-11
      1263.54  1.51430e-08  1.53534e-11
      1263.86  9.57496e-09  1.26771e-11
      1264.17  7.62031e-09  1.20940e-11
      1264.49  5.51144e-09  1.04608e-11
      1264.81  5.81620e-09  1.11441e-11
      1265.13  1.15647e-08  1.49729e-11
      1265.45  1.79787e-08  1.80404e-11
      1265.77  1.61396e-08  1.66823e-11
      1266.10  8.81221e-09  1.20574e-11
      1266.42  4.56520e-09  9.01230e-12
      1266.74  3.89179e-09  8.75563e-12
      1267.06  5.22160e-09  9.90603e-12
      1267.38  1.07500e-08  1.35905e-11
      1267.70  1.93932e-08  1.82389e-11
      1268.02  2.10083e-08  1.78403e-11
      1268.34  2.05851e-08  1.69701e-11
      1268.67  1.87859e-08  1.53077e-11
      1268.99  1.86660e-08  1.52574e-11
      1269.31  1.45930e-08  1.32701e-11
      1269.63  9.72860e-09  1.09548e-11
      1269.95  8.06003e-09  1.02507e-11
      1270.28  9.70237e-09  1.10905e-11
      1270.60  1.64371e-08  1.48100e-11
      1270.92  1.95796e-08  1.55340e-11
      1271.25  2.13484e-08  1.60087e-11
      1271.57  2.12153e-08  1.60702e-11
      1271.89  1.26597e-08  1.22495e-11
      1272.22  5.65123e-09  8.73157e-12
      1272.54  3.57377e-09  7.71540e-12
      1272.86  2.95569e-09  7.53157e-12
      1273.19  2.79266e-09  7.63567e-12
      1273.51  3.36785e-09  8.44510e-12
      1273.84  5.08352e-09  9.83575e-12
      1274.16  6.71253e-09  1.07123e-11
      1274.49  8.82417e-09  1.15797e-11
      1274.81  1.51252e-08  1.52369e-11
      1275.14  2.06133e-08  1.80697e-11
      1275.46  1.87078e-08  1.73330e-11
      1275.79  1.24852e-08  1.44201e-11
      1276.11  8.28088e-09  1.16962e-11
      1276.44  1.06148e-08  1.27476e-11
      1276.76  1.75252e-08  1.63279e-11
      1277.09  1.82467e-08  1.51606e-11
      1277.42  1.88916e-08  1.53495e-11
      1277.74  1.31126e-08  1.22801e-11
      1278.07  6.26649e-09  8.63068e-12
      1278.40  3.81208e-09  7.23869e-12
      1278.72  2.98490e-09  6.81631e-12
      1279.05  2.94403e-09  6.88797e-12
      1279.38  3.91297e-09  7.73474e-12
      1279.71  5.77604e-09  8.92087e-12
      1280.03  7.69098e-09  1.02141e-11
      1280.36  6.99544e-09  9.58335e-12
      1280.69  7.30396e-09  9.96987e-12
      1281.02  9.55554e-09  1.17720e-11
      1281.34  1.38136e-08  1.48221e-11
      1281.67  1.66394e-08  1.71612e-11
      1282.00  1.32901e-08  1.53319e-11
      1282.33  1.34526e-08  1.52388e-11
      1282.66  2.02762e-08  1.86837e-11
      1282.99  2.55915e-08  2.01162e-11
      1283.32  2.53879e-08  1.95638e-11
      1283.65  1.80724e-08  1.63737e-11
      1283.98  9.78390e-09  1.20070e-11
      1284.31  5.66397e-09  9.50983e-12
      1284.64  4.22013e-09  8.41049e-12
      1284.97  4.16225e-09  8.21766e-12
      1285.30  4.92079e-09  8.83616e-12
      1285.63  4.26715e-09  7.80866e-12
      1285.96  3.95798e-09  7.05662e-12
      1286.29  5.96677e-09  8.24600e-12
      1286.62  8.49415e-09  1.01580e-11
      1286.95  7.78747e-09  9.62132e-12
      1287.28  9.55302e-09  1.08387e-11
      1287.61  1.71453e-08  1.56779e-11
      1287.95  2.03365e-08  1.71849e-11
      1288.28  2.01605e-08  1.72947e-11
      1288.61  2.00239e-08  1.70740e-11
      1288.94  1.98001e-08  1.71134e-11
      1289.27  1.42501e-08  1.44221e-11
      1289.61  1.03784e-08  1.26225e-11
      1289.94  8.41533e-09  1.19250e-11
      1290.27  5.79881e-09  1.01768e-11
      1290.61  4.88112e-09  1.01752e-11
      1290.94  3.79230e-09  8.73503e-12
      1291.27  2.84160e-09  7.30229e-12
      1291.61  3.25712e-09  7.32645e-12
      1291.94  5.18853e-09  8.41392e-12
      1292.27  8.81288e-09  1.03338e-11
      1292.61  1.24145e-08  1.25615e-11
      1292.94  9.46652e-09  1.05772e-11
      1293.28  7.41607e-09  9.49645e-12
      1293.61  9.58267e-09  1.11668e-11
      1293.95  1.22987e-08  1.22222e-11
      1294.28  1.82765e-08  1.51674e-11
      1294.62  2.04606e-08  1.59782e-11
      1294.95  1.71897e-08  1.44729e-11
      1295.29  1.66824e-08  1.49886e-11
      1295.62  1.42426e-08  1.43473e-11
      1295.96  1.04208e-08  1.29033e-11
      1296.29  9.03330e-09  1.25319e-11
      1296.63  9.39079e-09  1.29821e-11
      1296.97  1.14172e-08  1.37081e-11
      1297.30  1.74814e-08  1.64136e-11
      1297.64  2.36324e-08  1.88200e-11
      1297.98  2.00845e-08  1.66458e-11
      1298.31  1.27235e-08  1.30619e-11
      1298.65  7.28517e-09  9.94294e-12
      1298.99  5.57529e-09  8.60462e-12
      1299.33  9.45546e-09  1.09287e-11
      1299.66  1.68262e-08  1.43836e-11
      1300.00  1.92103e-08  1.49260e-11
      1300.34  1.72454e-08  1.51788e-11
      1300.68  1.13150e-08  1.16797e-11
      1301.02  1.21154e-08  1.15335e-11
      1301.35  2.02631e-08  1.59875e-11
      1301.69  2.43980e-08  1.83351e-11
      1302.03  2.34131e-08  1.87917e-11
      1302.37  2.09965e-08  1.79053e-11
      1302.71  2.37141e-08  1.96168e-11
      1303.05  2.61335e-08  1.99364e-11
      1303.39  2.96098e-08  2.08857e-11
      1303.73  3.16384e-08  2.14155e-11
      1304.07  2.95024e-08  2.00894e-11
      1304.41  2.99742e-08  2.03968e-11
      1304.75  3.16652e-08  2.07721e-11
      1305.09  3.29762e-08  2.06231e-11
      1305.43  3.87569e-08  2.17846e-11
      1305.77  4.58687e-08  2.28720e-11
      1306.11  4.60618e-08  2.25944e-11
      1306.46  3.12483e-08  1.79708e-11
      1306.80  1.54954e-08  1.26026e-11
      1307.14  8.35315e-09  1.00010e-11
      1307.48  5.78000e-09  9.05799e-12
      1307.82  4.63170e-09  8.72825e-12
      1308.16  4.57772e-09  8.93455e-12
      1308.51  5.48849e-09  9.95902e-12
      1308.85  4.46342e-09  8.87315e-12
      1309.19  3.19061e-09  7.54873e-12
      1309.53  2.91605e-09  7.40123e-12
      1309.88  2.87504e-09  7.30058e-12
      1310.22  3.10205e-09  7.57891e-12
      1310.56  3.98397e-09  8.33843e-12
      1310.91  6.85738e-09  1.07712e-11
      1311.25  1.30934e-08  1.44498e-11
      1311.60  1.31245e-08  1.31212e-11
      1311.94  7.96969e-09  9.62284e-12
      1312.28  4.25205e-09  7.11156e-12
      1312.63  2.93508e-09  6.23437e-12
      1312.97  2.56470e-09  6.02891e-12
      1313.32  3.42382e-09  7.16826e-12
      1313.66  5.30966e-09  9.37939e-12
      1314.01  4.57443e-09  8.94070e-12
      1314.35  2.70239e-09  7.36522e-12
      1314.70  2.06394e-09  6.56309e-12
      1315.05  2.02818e-09  6.49160e-12
      1315.39  2.27389e-09  6.64156e-12
      1315.74  2.88855e-09  7.27182e-12
      1316.08  4.39526e-09  8.57052e-12
      1316.43  8.73593e-09  1.14306e-11
      1316.78  1.43284e-08  1.47607e-11
      1317.12  1.15204e-08  1.27229e-11
      1317.47  5.73505e-09  8.52113e-12
      1317.82  3.43370e-09  6.61353e-12
      1318.17  3.54308e-09  6.54708e-12
      1318.51  5.82973e-09  8.48746e-12
      1318.86  7.14461e-09  9.88262e-12
      1319.21  4.82444e-09  8.53064e-12
      1319.56  2.86911e-09  7.19648e-12
      1319.91  2.90137e-09  7.68428e-12
      1320.25  2.91415e-09  7.65709e-12
      1320.60  2.89626e-09  7.55559e-12
      1320.95  3.47907e-09  7.96613e-12
      1321.30  4.89611e-09  8.79566e-12
      1321.65  9.70142e-09  1.17310e-11
      1322.00  1.80926e-08  1.67007e-11
      1322.35  1.54315e-08  1.48850e-11
      1322.70  7.86603e-09  1.02927e-11
      1323.05  5.04007e-09  8.17944e-12
      1323.40  5.67068e-09  8.52701e-12
      1323.75  6.73676e-09  8.91046e-12
      1324.10  7.11657e-09  9.31717e-12
      1324.45  5.15292e-09  8.02271e-12
      1324.80  3.67574e-09  7.45265e-12
      