227
      1249.95  1.86463e-08  1.91612e-11
      1250.27  9.63791e-09  1.37189e-11
      1250.58  3.67236e-09  9.08087e-12
      1250.89  2.67175e-09  7.97884e-12
      1251.20  3.40477e-09  8.45010e-12
      1251.52  4.98259e-09  9.45702e-12
      1251.83  8.45339e-09  1.20388e-11
      1252.14  1.10002e-08  1.36799e-11
      1252.46  1.07604e-08  1.37456e-11
      1252.77  1.00593e-08  1.32121e-11
      1253.09  1.55752e-08  1.60692e-11
      1253.40  2.78809e-08  2.10625e-11
      1253.71  3.38506e-08  2.26253e-11
      1254.03  2.21584e-08  1.71997e-11
      1254.34  1.18376e-08  1.19123e-11
      1254.66  1.40094e-08  1.28440e-11
      1254.97  2.02764e-08  1.60449e-11
      1255.29  1.44171e-08  1.32679e-11
      1255.60  7.37880e-09  9.59717e-12
      1255.92  7.74180e-09  1.02067e-11
      1256.23  1.22964e-08  1.20658e-11
      1256.55  1.92245e-08  1.51837e-11
      1256.87  1.38926e-08  1.21132e-11
      1257.18  6.86870e-09  8.34601e-12
      1257.50  5.13223e-09  7.43389e-12
      1257.81  5.72642e-09  7.98976e-12
      1258.13  7.10484e-09  9.25216e-12
      1258.45  7.16779e-09  9.38194e-12
      1258.76  7.54522e-09  9.62361e-12
      1259.08  1.25110e-08  1.21518e-11
      1259.40  2.37072e-08  1.66231e-11
      1259.72  3.12479e-08  1.91928e-11
      1260.03  2.44171e-08  1.64380e-11
      1260.35  1.85387e-08  1.41272e-11
      1260.67  2.26583e-08  1.66184e-11
      1260.99  2.14046e-08  1.66533e-11
      1261.30  1.77212e-08  1.51723e-11
      1261.62  2.13079e-08  1.75678e-11
      1261.94  2.25167e-08  1.75989e-11
      1262.26  2.31513e-08  1.80139e-11
      1262.58  1.74037e-08  1.45552e-11
      1262.90  1.82135e-08  1.42797e-11
      1263.22  2.74042e-08  1.83821e-11
      1263.54  2.30757e-08  1.63559e-11
      1263.86  1.53036e-08  1.33835e-11
      1264.17  1.25146e-08  1.27086e-11
      1264.49  9.39445e-09  1.07904e-11
      1264.81  9.91206e-09  1.06168e-11
      1265.13  1.84294e-08  1.40393e-11
      1265.45  2.77626e-08  1.67908e-11
      1265.77  2.51172e-08  1.52044e-11
      1266.10  1.44186e-08  1.10145e-11
      1266.42  8.00792e-09  8.35750e-12
      1266.74  6.81901e-09  7.98193e-12
      1267.06  8.79662e-09  8.96530e-12
      1267.38  1.67865e-08  1.22560e-11
      1267.70  2.90823e-08  1.64882e-11
      1268.02  3.13828e-08  1.64742e-11
      1268.34  3.10806e-08  1.62890e-11
      1268.67  2.82684e-08  1.51387e-11
      1268.99  2.79181e-08  1.55888e-11
      1269.31  2.20458e-08  1.40222e-11
      1269.63  1.51058e-08  1.20958e-11
      1269.95  1.26843e-08  1.17110e-11
      1270.28  1.48806e-08  1.27562e-11
      1270.60  2.38942e-08  1.70476e-11
      1270.92  2.83820e-08  1.79474e-11
      1271.25  3.08449e-08  1.83871e-11
      1271.57  3.05649e-08  1.82635e-11
      1271.89  1.91088e-08  1.39952e-11
      1272.22  9.25632e-09  9.96804e-12
      1272.54  6.08457e-09  8.63040e-12
      1272.86  5.11623e-09  8.16901e-12
      1273.19  4.86513e-09  8.03660e-12
      1273.51  5.75316e-09  8.40749e-12
      1273.84  8.49698e-09  9.71943e-12
      1274.16  1.10850e-08  1.04472e-11
      1274.49  1.41698e-08  1.08927e-11
      1274.81  2.35630e-08  1.38951e-11
      1275.14  3.16816e-08  1.61740e-11
      1275.46  2.87794e-08  1.55680e-11
      1275.79  1.96027e-08  1.30183e-11
      1276.11  1.34142e-08  1.07263e-11
      1276.44  1.66160e-08  1.18078e-11
      1276.76  2.63019e-08  1.52502e-11
      1277.09  2.75561e-08  1.48362e-11
      1277.42  2.79916e-08  1.54587e-11
      1277.74  1.97081e-08  1.28827e-11
      1278.07  9.90631e-09  9.39847e-12
      1278.40  6.22256e-09  8.19353e-12
      1278.72  4.90396e-09  7.88659e-12
      1279.05  4.82430e-09  8.03702e-12
      1279.38  6.30171e-09  9.06502e-12
      1279.71  9.03711e-09  1.05203e-11
      1280.03  1.18226e-08  1.18168e-11
      1280.36  1.09272e-08  1.08356e-11
      1280.69  1.15831e-08  1.11348e-11
      1281.02  1.49646e-08  1.26195e-11
      1281.34  2.11487e-08  1.52320e-11
      1281.67  2.53910e-08  1.70200e-11
      1282.00  2.05659e-08  1.48066e-11
      1282.33  2.09869e-08  1.44176e-11
      1282.66  3.08054e-08  1.69930e-11
      1282.99  3.82164e-08  1.79127e-11
      1283.32  3.76914e-08  1.72943e-11
      1283.65  2.72145e-08  1.44256e-11
      1283.98  1.53577e-08  1.08562e-11
      1284.31  9.30894e-09  8.91958e-12
      1284.64  7.10955e-09  8.16665e-12
      1284.97  6.98287e-09  8.31927e-12
      1285.30  8.03187e-09  9.23398e-12
      1285.63  6.91586e-09  8.38753e-12
      1285.96  6.36949e-09  7.87719e-12
      1286.29  9.23115e-09  9.50575e-12
      1286.62  1.27574e-08  1.16379e-11
      1286.95  1.18811e-08  1.13859e-11
      1287.28  1.44264e-08  1.26486e-11
      1287.61  2.48321e-08  1.76020e-11
      1287.95  2.95032e-08  1.88999e-11
      1288.28  2.96165e-08  1.85018e-11
      1288.61  2.96775e-08  1.77378e-11
      1288.94  2.95528e-08  1.73016e-11
      1289.27  2.17403e-08  1.41567e-11
      1289.61  1.65847e-08  1.22774e-11
      1289.94  1.38009e-08  1.12983e-11
      1290.27  9.75380e-09  9.46304e-12
      1290.61  8.24476e-09  8.98042e-12
      1290.94  6.43439e-09  7.95150e-12
      1291.27  4.81430e-09  6.71413e-12
      1291.61  5.50620e-09  6.91456e-12
      1291.94  8.58080e-09  8.34237e-12
      1292.27  1.38801e-08  1.06193e-11
      1292.61  1.87120e-08  1.32059e-11
      1292.94  1.43780e-08  1.16491e-11
      1293.28  1.15831e-08  1.09452e-11
      1293.61  1.47247e-08  1.30093e-11
      1293.95  1.84227e-08  1.42571e-11
      1294.28  2.64893e-08  1.73281e-11
      1294.62  2.96375e-08  1.79609e-11
      1294.95  2.55384e-08  1.60361e-11
      1295.29  2.51219e-08  1.61309e-11
      1295.62  2.19736e-08  1.50675e-11
      1295.96  1.66405e-08  1.31457e-11
      1296.29  1.46702e-08  1.22744e-11
      1296.63  1.52855e-08  1.23507e-11
      1296.97  1.82698e-08  1.27303e-11
      1297.30  2.67113e-08  1.47155e-11
      1297.64  3.51616e-08  1.66508e-11
      1297.98  3.02138e-08  1.48868e-11
      1298.31  1.98804e-08  1.21410e-11
      1298.65  1.19028e-08  9.67070e-12
      1298.99  9.29368e-09  8.89652e-12
      1299.33  1.46138e-08  1.16656e-11
      1299.66  2.45113e-08  1.56616e-11
      1300.00  2.76698e-08  1.66542e-11
      1300.34  2.42937e-08  1.56566e-11
      1300.68  1.76812e-08  1.30658e-11
      1301.02  1.80923e-08  1.31570e-11
      1301.35  2.92163e-08  1.75080e-11
      1301.69  3.51146e-08  1.94237e-11
      1302.03  3.39499e-08  1.91562e-11
      1302.37  3.08105e-08  1.76610e-11
      1302.71  3.46364e-08  1.85100e-11
      1303.05  3.80083e-08  1.81530e-11
      1303.39  4.28017e-08  1.84344e-11
      1303.73  4.55281e-08  1.86064e-11
      1304.07  4.25887e-08  1.76268e-11
      1304.41  4.30694e-08  1.81397e-11
      1304.75  4.49558e-08  1.89790e-11
      1305.09  4.64935e-08  1.97375e-11
      1305.43  5.33653e-08  2.18350e-11
      1305.77  6.13316e-08  2.37214e-11
      1306.11  6.09573e-08  2.42148e-11
      1306.46  4.22416e-08  2.00289e-11
      1306.80  2.21960e-08  1.45340e-11
      1307.14  1.27799e-08  1.16713e-11
      1307.48  9.17028e-09  1.02413e-11
      1307.82  7.50860e-09  9.52085e-12
      1308.16  7.49614e-09  9.41670e-12
      1308.51  8.82593e-09  1.00871e-11
      1308.85  7.36729e-09  8.73319e-12
      1309.19  5.45583e-09  7.14029e-12
      1309.53  5.05078e-09  6.74367e-12
      1309.88  4.96541e-09  6.58067e-12
      1310.22  5.26767e-09  6.78855e-12
      1310.56  6.63711e-09  7.57453e-12
      1310.91  1.11566e-08  9.73745e-12
      1311.25  1.90454e-08  1.32770e-11
      1311.60  1.93285e-08  1.35676e-11
      1311.94  1.19963e-08  1.05402e-11
      1312.28  6.65903e-09  8.11777e-12
      1312.63  4.66846e-09  7.25868e-12
      1312.97  4.10005e-09  7.02492e-12
      1313.32  5.42605e-09  8.12753e-12
      1313.66  8.32379e-09  1.03687e-11
      1314.01  7.26928e-09  9.53552e-12
      1314.35  4.47283e-09  7.39145e-12
      1314.70  3.50898e-09  6.40967e-12
      1315.05  3.48557e-09  6.08126e-12
      1315.39  3.91027e-09  6.13441e-12
      1315.74  4.88580e-09  6.73862e-12
      1316.08  7.15300e-09  7.75288e-12
      1316.43  1.34324e-08  1.05618e-11
      1316.78  2.14535e-08  1.41031e-11
      1317.12  1.72400e-08  1.27348e-11
      1317.47  8.82561e-09  9.12773e-12
      1317.82  5.44135e-09  7.42563e-12
      1318.17  5.57171e-09  7.61102e-12
      1318.51  8.93666e-09  9.89068e-12
      1318.86  1.09273e-08  1.13662e-11
      1319.21  7.54909e-09  9.57104e-12
      1319.56  4.67068e-09  7.76616e-12
      1319.91  4.77556e-09  7.90445e-12
      1320.25  4.86178e-09  7.60122e-12
      1320.60  4.88343e-09  7.13947e-12
      1320.95  5.86389e-09  7.37265e-12
      1321.30  8.13361e-09  8.11850e-12
      1321.65  1.49337e-08  1.05790e-11
      1322.00  2.61068e-08  1.49034e-11
      1322.35  2.26231e-08  1.39413e-11
      1322.70  1.21832e-08  1.04404e-11
      1323.05  8.03299e-09  8.85320e-12
      1323.40  8.81774e-09  9.52945e-12
      1323.75  1.03822e-08  1.04023e-11
      1324.10  1.08652e-08  1.08228e-11
      1324.45  8.09597e-09  9.33393e-12
      1324.80  5.92874e-09  8.35502e-12
      