227
      1249.95  2.39035e-08  2.44141e-11
      1250.27  1.25024e-08  1.77038e-11
      1250.58  5.04164e-09  1.18475e-11
      1250.89  3.84180e-09  1.07934e-11
      1251.20  4.88278e-09  1.15604e-11
      1251.52  7.02567e-09  1.27463e-11
      1251.83  1.16747e-08  1.62747e-11
      1252.14  1.51105e-08  1.86104e-11
      1252.46  1.49182e-08  1.89126e-11
      1252.77  1.42518e-08  1.85738e-11
      1253.09  2.17944e-08  2.31540e-11
      1253.40  3.79175e-08  3.08224e-11
      1253.71  4.53397e-08  3.38561e-11
      1254.03  3.01491e-08  2.64941e-11
      1254.34  1.71494e-08  1.91669e-11
      1254.66  2.04151e-08  2.08079e-11
      1254.97  2.88139e-08  2.59472e-11
      1255.29  2.06947e-08  2.18012e-11
      1255.60  1.12525e-08  1.68409e-11
      1255.92  1.09744e-08  2.28451e-11
      1256.23  1.25805e-08  3.11761e-11
      1256.55  2.11922e-08  2.02962e-11
      1256.87  1.52070e-08  1.66042e-11
      1257.18  7.76177e-09  1.15928e-11
      1257.50  6.07976e-09  1.05903e-11
      1257.81  6.91352e-09  1.14025e-11
      1258.13  8.58291e-09  1.29797e-11
      1258.45  8.75496e-09  1.31585e-11
      1258.76  9.54171e-09  1.36683e-11
      1259.08  1.59581e-08  1.71202e-11
      1259.40  2.95719e-08  2.31560e-11
      1259.72  3.79862e-08  2.59307e-11
      1260.03  2.96150e-08  2.17461e-11
      1260.35  2.33817e-08  1.87620e-11
      1260.67  2.86959e-08  2.17955e-11
      1260.99  2.69462e-08  2.14412e-11
      1261.30  2.27680e-08  1.95376e-11
      1261.62  2.74628e-08  2.27880e-11
      1261.94  2.87919e-08  2.27418e-11
      1262.26  2.98380e-08  2.35365e-11
      1262.58  2.26545e-08  1.92662e-11
      1262.90  2.43102e-08  1.94395e-11
      1263.22  3.56366e-08  2.46499e-11
      1263.54  3.01921e-08  2.22296e-11
      1263.86  2.08567e-08  1.86761e-11
      1264.17  1.74160e-08  1.80625e-11
      1264.49  1.35287e-08  1.60325e-11
      1264.81  1.45947e-08  1.66139e-11
      1265.13  2.62070e-08  2.23380e-11
      1265.45  3.82937e-08  2.68938e-11
      1265.77  3.47325e-08  2.49505e-11
      1266.10  2.08224e-08  1.88774e-11
      1266.42  1.24017e-08  1.51756e-11
      1266.74  1.04473e-08  1.82733e-11
      1267.06  1.03571e-08  2.48382e-11
      1267.38  1.92059e-08  1.65058e-11
      1267.70  3.36089e-08  2.35175e-11
      1268.02  3.58436e-08  2.31900e-11
      1268.34  3.60688e-08  2.31416e-11
      1268.67  3.31024e-08  2.11510e-11
      1268.99  3.32637e-08  2.15481e-11
      1269.31  2.64130e-08  1.89654e-11
      1269.63  1.86957e-08  1.63021e-11
      1269.95  1.61574e-08  1.57314e-11
      1270.28  1.93327e-08  1.71759e-11
      1270.60  3.01938e-08  2.22991e-11
      1270.92  3.56933e-08  2.36224e-11
      1271.25  3.88516e-08  2.40927e-11
      1271.57  3.80044e-08  2.37280e-11
      1271.89  2.40931e-08  1.83348e-11
      1272.22  1.23990e-08  1.33348e-11
      1272.54  8.51907e-09  1.16421e-11
      1272.86  7.33299e-09  1.14156e-11
      1273.19  7.03679e-09  1.15359e-11
      1273.51  8.37494e-09  1.25486e-11
      1273.84  1.22965e-08  1.51733e-11
      1274.16  1.59448e-08  1.68087e-11
      1274.49  2.01604e-08  1.77225e-11
      1274.81  3.33382e-08  2.31312e-11
      1275.14  4.44380e-08  2.71312e-11
      1275.46  4.10933e-08  2.72431e-11
      1275.79  3.02526e-08  2.88100e-11
      1276.11  2.26319e-08  3.62156e-11
      1276.44  2.00375e-08  1.60475e-11
      1276.76  3.05586e-08  2.15683e-11
      1277.09  3.20462e-08  2.08904e-11
      1277.42  3.25757e-08  2.11612e-11
      1277.74  2.29609e-08  1.73841e-11
      1278.07  1.21165e-08  1.26982e-11
      1278.40  7.95913e-09  1.09548e-11
      1278.72  6.42889e-09  1.02655e-11
      1279.05  6.50559e-09  1.06599e-11
      1279.38  8.55452e-09  1.21425e-11
      1279.71  1.21021e-08  1.39564e-11
      1280.03  1.55613e-08  1.59746e-11
      1280.36  1.44217e-08  1.45143e-11
      1280.69  1.57347e-08  1.51438e-11
      1281.02  2.03592e-08  1.73722e-11
      1281.34  2.86061e-08  2.11682e-11
      1281.67  3.39969e-08  2.43195e-11
      1282.00  2.77485e-08  2.18646e-11
      1282.33  2.92087e-08  2.26192e-11
      1282.66  4.25033e-08  2.75835e-11
      1282.99  5.22903e-08  3.00569e-11
      1283.32  5.21691e-08  3.09258e-11
      1283.65  4.04447e-08  3.23437e-11
      1283.98  2.89134e-08  3.91234e-11
      1284.31  1.30842e-08  1.27157e-11
      1284.64  8.38757e-09  1.14846e-11
      1284.97  8.55194e-09  1.17935e-11
      1285.30  9.89453e-09  1.27945e-11
      1285.63  8.63625e-09  1.16710e-11
      1285.96  8.31506e-09  1.10050e-11
      1286.29  1.20594e-08  1.29001e-11
      1286.62  1.62627e-08  1.53396e-11
      1286.95  1.52773e-08  1.46431e-11
      1287.28  1.90975e-08  1.64748e-11
      1287.61  3.19191e-08  2.26607e-11
      1287.95  3.74682e-08  2.45878e-11
      1288.28  3.81277e-08  2.49005e-11
      1288.61  3.86313e-08  2.46866e-11
      1288.94  3.87447e-08  2.50316e-11
      1289.27  2.88441e-08  2.07099e-11
      1289.61  2.31116e-08  1.89164e-11
      1289.94  1.96383e-08  1.79125e-11
      1290.27  1.43575e-08  1.54956e-11
      1290.61  1.25462e-08  1.54381e-11
      1290.94  1.02108e-08  1.56799e-11
      1291.27  7.86598e-09  2.02424e-11
      1291.61  6.86827e-09  9.66898e-12
      1291.94  1.06286e-08  1.20351e-11
      1292.27  1.72566e-08  1.51347e-11
      1292.61  2.26778e-08  1.78595e-11
      1292.94  1.74103e-08  1.53846e-11
      1293.28  1.49452e-08  1.46484e-11
      1293.61  1.90945e-08  1.71446e-11
      1293.95  2.39472e-08  1.88477e-11
      1294.28  3.38024e-08  2.26216e-11
      1294.62  3.72514e-08  2.32941e-11
      1294.95  3.27794e-08  2.12029e-11
      1295.29  3.28520e-08  2.16881e-11
      1295.62  2.90581e-08  2.06630e-11
      1295.96  2.27677e-08  1.86854e-11
      1296.29  2.06547e-08  1.84206e-11
      1296.63  2.18433e-08  1.93010e-11
      1296.97  2.63589e-08  2.09076e-11
      1297.30  3.79385e-08  2.51977e-11
      1297.64  4.91684e-08  3.15517e-11
      1297.98  4.43735e-08  3.62213e-11
      1298.31  3.52064e-08  4.19319e-11
      1298.65  1.53384e-08  1.31081e-11
      1298.99  1.16037e-08  1.26441e-11
      1299.33  1.88035e-08  1.63505e-11
      1299.66  3.05684e-08  2.12149e-11
      1300.00  3.38760e-08  2.20412e-11
      1300.34  2.99134e-08  2.04074e-11
      1300.68  2.22367e-08  1.69310e-11
      1301.02  2.38187e-08  1.74327e-11
      1301.35  3.76465e-08  2.28833e-11
      1301.69  4.46254e-08  2.53958e-11
      1302.03  4.33985e-08  2.58706e-11
      1302.37  4.02132e-08  2.48741e-11
      1302.71  4.58068e-08  2.75102e-11
      1303.05  5.04383e-08  2.82624e-11
      1303.39  5.72246e-08  2.99252e-11
      1303.73  6.09600e-08  3.11946e-11
      1304.07  5.81512e-08  3.40466e-11
      1304.41  5.81025e-08  4.57658e-11
      1304.75  5.68129e-08  4.65579e-11
      1305.09  5.32533e-08  2.65741e-11
      1305.43  6.19621e-08  2.95839e-11
      1305.77  7.13280e-08  3.13309e-11
      1306.11  7.01639e-08  3.10579e-11
      1306.46  4.84793e-08  2.51007e-11
      1306.80  2.65622e-08  1.82832e-11
      1307.14  1.62553e-08  1.48405e-11
      1307.48  1.20940e-08  1.32966e-11
      1307.82  1.02265e-08  1.27038e-11
      1308.16  1.04611e-08  1.30790e-11
      1308.51  1.21879e-08  1.44852e-11
      1308.85  1.03419e-08  1.33564e-11
      1309.19  8.04414e-09  1.16310e-11
      1309.53  7.62662e-09  1.14537e-11
      1309.88  7.61912e-09  1.14865e-11
      1310.22  8.11148e-09  1.35034e-11
      1310.56  9.59897e-09  1.89127e-11
      1310.91  1.13508e-08  2.22406e-11
      1311.25  2.23796e-08  1.79049e-11
      1311.60  2.25482e-08  1.81532e-11
      1311.94  1.41683e-08  1.39087e-11
      1312.28  8.26425e-09  1.05962e-11
      1312.63  6.04905e-09  9.38734e-12
      1312.97  5.50079e-09  9.08163e-12
      1313.32  7.48757e-09  1.07413e-11
      1313.66  1.12742e-08  1.38666e-11
      1314.01  9.60662e-09  1.27547e-11
      1314.35  6.19783e-09  1.04051e-11
      1314.70  5.09390e-09  9.54862e-12
      1315.05  5.21884e-09  9.54591e-12
      1315.39  5.96017e-09  1.01033e-11
      1315.74  7.37752e-09  1.15874e-11
      1316.08  1.03284e-08  1.60916e-11
      1316.43  1.57367e-08  2.64971e-11
      1316.78  2.06419e-08  2.44348e-11
      1317.12  1.92034e-08  1.68035e-11
      1317.47  1.01917e-08  1.22005e-11
      1317.82  6.79195e-09  9.87447e-12
      1318.17  7.38867e-09  1.00545e-11
      1318.51  1.19098e-08  1.30125e-11
      1318.86  1.42067e-08  1.46744e-11
      1319.21  9.73771e-09  1.21992e-11
      1319.56  6.35621e-09  1.02419e-11
      1319.91  6.70509e-09  1.12217e-11
      1320.25  6.96323e-09  1.13450e-11
      1320.60  7.19821e-09  1.11962e-11
      1320.95  8.77112e-09  1.21583e-11
      1321.30  1.19913e-08  1.48115e-11
      1321.65  2.09334e-08  2.21679e-11
      1322.00  3.56298e-08  3.76453e-11
      1322.35  3.58631e-08  3.98178e-11
      1322.70  1.43377e-08  1.39396e-11
      1323.05  9.95314e-09  1.21674e-11
      1323.40  1.13183e-08  1.29360e-11
      1323.75  1.33466e-08  1.37291e-11
      1324.10  1.38736e-08  1.40960e-11
      1324.45  1.04398e-08  1.20946e-11
      1324.80  7.97064e-09  1.09971e-11
      