227
      1249.95  1.10568e-08  1.43499e-11
      1250.27  5.17910e-09  1.03388e-11
      1250.58  1.55917e-09  6.94993e-12
      1250.89  1.04197e-09  6.55629e-12
      1251.20  1.46754e-09  6.50497e-12
      1251.52  2.49565e-09  7.02488e-12
      1251.83  4.55574e-09  8.54474e-12
      1252.14  5.96765e-09  9.65290e-12
      1252.46  5.68033e-09  9.62352e-12
      1252.77  5.22140e-09  9.29863e-12
      1253.09  8.93066e-09  1.16754e-11
      1253.40  1.69048e-08  1.65860e-11
      1253.71  2.10741e-08  2.04034e-11
      1254.03  1.20854e-08  1.38300e-11
      1254.34  6.05650e-09  9.28957e-12
      1254.66  7.78463e-09  1.03698e-11
      1254.97  1.20280e-08  1.35748e-11
      1255.29  7.97718e-09  1.11057e-11
      1255.60  3.54059e-09  8.19809e-12
      1255.92  3.99000e-09  9.21201e-12
      1256.23  7.16259e-09  1.15246e-11
      1256.55  1.14133e-08  1.46181e-11
      1256.87  7.92149e-09  1.18526e-11
      1257.18  3.49537e-09  8.28615e-12
      1257.50  2.47717e-09  7.44438e-12
      1257.81  2.86847e-09  7.91994e-12
      1258.13  3.68417e-09  9.09879e-12
      1258.45  3.66052e-09  8.89025e-12
      1258.76  3.85982e-09  9.22923e-12
      1259.08  7.36456e-09  1.21211e-11
      1259.40  1.53005e-08  1.62304e-11
      1259.72  2.03471e-08  1.79799e-11
      1260.03  1.51537e-08  1.47615e-11
      1260.35  1.12022e-08  1.21979e-11
      1260.67  1.42328e-08  1.40664e-11
      1260.99  1.31074e-08  1.33439e-11
      1261.30  1.06555e-08  1.18326e-11
      1261.62  1.31690e-08  1.35464e-11
      1261.94  1.38966e-08  1.36690e-11
      1262.26  1.41690e-08  1.36276e-11
      1262.58  1.02504e-08  1.07734e-11
      1262.90  1.10153e-08  1.05667e-11
      1263.22  1.70610e-08  1.33746e-11
      1263.54  1.37873e-08  1.16458e-11
      1263.86  8.59552e-09  9.54351e-12
      1264.17  6.74934e-09  8.94080e-12
      1264.49  4.80802e-09  7.78144e-12
      1264.81  5.32571e-09  8.16879e-12
      1265.13  1.10228e-08  1.13830e-11
      1265.45  1.69928e-08  1.39845e-11
      1265.77  1.49274e-08  1.29606e-11
      1266.10  7.93512e-09  9.59535e-12
      1266.42  3.94710e-09  7.26114e-12
      1266.74  3.39060e-09  7.11524e-12
      1267.06  4.77399e-09  8.27269e-12
      1267.38  1.03787e-08  1.19867e-11
      1267.70  1.87995e-08  1.65614e-11
      1268.02  2.00695e-08  1.66570e-11
      1268.34  1.98169e-08  1.65256e-11
      1268.67  1.78358e-08  1.50720e-11
      1268.99  1.77872e-08  1.60984e-11
      1269.31  1.33768e-08  1.38850e-11
      1269.63  8.74764e-09  1.07706e-11
      1269.95  7.27686e-09  9.97683e-12
      1270.28  8.96859e-09  1.07898e-11
      1270.60  1.54149e-08  1.43818e-11
      1270.92  1.83353e-08  1.47346e-11
      1271.25  1.99091e-08  1.47483e-11
      1271.57  1.93593e-08  1.42213e-11
      1271.89  1.14340e-08  1.03698e-11
      1272.22  4.94250e-09  7.01360e-12
      1272.54  2.98431e-09  6.00944e-12
      1272.86  2.41044e-09  5.72486e-12
      1273.19  2.26843e-09  5.72762e-12
      1273.51  2.86015e-09  6.23229e-12
      1273.84  4.55815e-09  7.46300e-12
      1274.16  6.06312e-09  8.30422e-12
      1274.49  8.17461e-09  9.07646e-12
      1274.81  1.45262e-08  1.21861e-11
      1275.14  1.98289e-08  1.48363e-11
      1275.46  1.77087e-08  1.41716e-11
      1275.79  1.15102e-08  1.18746e-11
      1276.11  7.46677e-09  1.00264e-11
      1276.44  9.97733e-09  1.15618e-11
      1276.76  1.73716e-08  1.60019e-11
      1277.09  1.75261e-08  1.51185e-11
      1277.42  1.79646e-08  1.55221e-11
      1277.74  1.21872e-08  1.23373e-11
      1278.07  5.49951e-09  8.38486e-12
      1278.40  3.22186e-09  7.05412e-12
      1278.72  2.45990e-09  6.44818e-12
      1279.05  2.46483e-09  6.57774e-12
      1279.38  3.37932e-09  7.24361e-12
      1279.71  5.18857e-09  8.26012e-12
      1280.03  6.83720e-09  9.10265e-12
      1280.36  6.25626e-09  8.12408e-12
      1280.69  6.63092e-09  8.10575e-12
      1281.02  8.80431e-09  9.05087e-12
      1281.34  1.30246e-08  1.11043e-11
      1281.67  1.56067e-08  1.25893e-11
      1282.00  1.21157e-08  1.10526e-11
      1282.33  1.26816e-08  1.15367e-11
      1282.66  1.95588e-08  1.45679e-11
      1282.99  2.46748e-08  1.63020e-11
      1283.32  2.45208e-08  1.63569e-11
      1283.65  1.69121e-08  1.35953e-11
      1283.98  8.80324e-09  1.02478e-11
      1284.31  4.97586e-09  8.41906e-12
      1284.64  3.72137e-09  7.72794e-12
      1284.97  3.70502e-09  7.90218e-12
      1285.30  4.43076e-09  8.82513e-12
      1285.63  3.78576e-09  7.89352e-12
      1285.96  3.50536e-09  7.65515e-12
      1286.29  5.47786e-09  8.66443e-12
      1286.62  7.57134e-09  9.68937e-12
      1286.95  7.18518e-09  9.05597e-12
      1287.28  9.22824e-09  9.87825e-12
      1287.61  1.58862e-08  1.30784e-11
      1287.95  1.89057e-08  1.40478e-11
      1288.28  1.88603e-08  1.37648e-11
      1288.61  1.88841e-08  1.33957e-11
      1288.94  1.85165e-08  1.32999e-11
      1289.27  1.31020e-08  1.08350e-11
      1289.61  9.76283e-09  1.03180e-11
      1289.94  7.66528e-09  9.01081e-12
      1290.27  5.15551e-09  7.76538e-12
      1290.61  4.42779e-09  7.93164e-12
      1290.94  3.26374e-09  7.35328e-12
      1291.27  2.39346e-09  7.24121e-12
      1291.61  2.85413e-09  7.19312e-12
      1291.94  4.86961e-09  8.52717e-12
      1292.27  8.35883e-09  1.04545e-11
      1292.61  1.18791e-08  1.29785e-11
      1292.94  8.53136e-09  1.05765e-11
      1293.28  6.62886e-09  9.26083e-12
      1293.61  8.90492e-09  1.08461e-11
      1293.95  1.15412e-08  1.17468e-11
      1294.28  1.70924e-08  1.37607e-11
      1294.62  1.90839e-08  1.39436e-11
      1294.95  1.61320e-08  1.21014e-11
      1295.29  1.54110e-08  1.17359e-11
      1295.62  1.31442e-08  1.08598e-11
      1295.96  9.63081e-09  9.45150e-12
      1296.29  8.38038e-09  9.22208e-12
      1296.63  8.77286e-09  9.69507e-12
      1296.97  1.08032e-08  1.14102e-11
      1297.30  1.73763e-08  1.48201e-11
      1297.64  2.25589e-08  1.59712e-11
      1297.98  1.88989e-08  1.44372e-11
      1298.31  1.19764e-08  1.18034e-11
      1298.65  6.64033e-09  9.02757e-12
      1298.99  5.06873e-09  8.15179e-12
      1299.33  8.94605e-09  1.07425e-11
      1299.66  1.63636e-08  1.49524e-11
      1300.00  1.81361e-08  1.50026e-11
      1300.34  1.56808e-08  1.35378e-11
      1300.68  1.06570e-08  1.05688e-11
      1301.02  1.04767e-08  1.01416e-11
      1301.35  2.05567e-08  1.48360e-11
      1301.69  2.31629e-08  1.45727e-11
      1302.03  2.21698e-08  1.43003e-11
      1302.37  1.97335e-08  1.33738e-11
      1302.71  2.27184e-08  1.49472e-11
      1303.05  2.50637e-08  1.57108e-11
      1303.39  2.85599e-08  1.69324e-11
      1303.73  3.05705e-08  1.74132e-11
      1304.07  2.84547e-08  1.69164e-11
      1304.41  2.90391e-08  1.77711e-11
      1304.75  3.07887e-08  1.90681e-11
      1305.09  3.22673e-08  1.99982e-11
      1305.43  3.79088e-08  2.18133e-11
      1305.77  4.44202e-08  2.37211e-11
      1306.11  4.39108e-08  2.49010e-11
      1306.46  2.88516e-08  1.94989e-11
      1306.80  1.41621e-08  1.22323e-11
      1307.14  7.57136e-09  8.95749e-12
      1307.48  5.12726e-09  7.50293e-12
      1307.82  4.05875e-09  6.80939e-12
      1308.16  4.07831e-09  6.81962e-12
      1308.51  4.89433e-09  7.50748e-12
      1308.85  3.88995e-09  6.67053e-12
      1309.19  2.75043e-09  5.81861e-12
      1309.53  2.51525e-09  5.72598e-12
      1309.88  2.48457e-09  5.71978e-12
      1310.22  2.72313e-09  6.16508e-12
      1310.56  3.65595e-09  7.12909e-12
      1310.91  6.82197e-09  9.43069e-12
      1311.25  1.24262e-08  1.31801e-11
      1311.60  1.23800e-08  1.30524e-11
      1311.94  7.22159e-09  9.73702e-12
      1312.28  3.70574e-09  7.17952e-12
      1312.63  2.47131e-09  6.07465e-12
      1312.97  2.12891e-09  5.56128e-12
      1313.32  2.99847e-09  6.13980e-12
      1313.66  4.81623e-09  7.56671e-12
      1314.01  4.01203e-09  6.91197e-12
      1314.35  2.24238e-09  5.44205e-12
      1314.70  1.67551e-09  4.98946e-12
      1315.05  1.65449e-09  4.93082e-12
      1315.39  1.91634e-09  5.19147e-12
      1315.74  2.54790e-09  5.93108e-12
      1316.08  4.07336e-09  7.29170e-12
      1316.43  8.49745e-09  1.02611e-11
      1316.78  1.39693e-08  1.38895e-11
      1317.12  1.08091e-08  1.23263e-11
      1317.47  5.16737e-09  8.62820e-12
      1317.82  2.97453e-09  6.83204e-12
      1318.17  3.11121e-09  6.67343e-12
      1318.51  5.34965e-09  8.18676e-12
      1318.86  6.55616e-09  8.90567e-12
      1319.21  4.19409e-09  7.05095e-12
      1319.56  2.38285e-09  5.61914e-12
      1319.91  2.49888e-09  5.86302e-12
      1320.25  2.48961e-09  5.72352e-12
      1320.60  2.48774e-09  5.68391e-12
      1320.95  3.11293e-09  6.22269e-12
      1321.30  4.56624e-09  7.17218e-12
      1321.65  9.39384e-09  9.88313e-12
      1322.00  1.77369e-08  1.47496e-11
      1322.35  1.47565e-08  1.36180e-11
      1322.70  7.19530e-09  9.82729e-12
      1323.05  4.58016e-09  8.21772e-12
      1323.40  5.19673e-09  8.68974e-12
      1323.75  6.19338e-09  9.13355e-12
      1324.10  6.38595e-09  8.91236e-12
      1324.45  4.61264e-09  7.32516e-12
      1324.80  3.20473e-09  6.27061e-12
      