227
      1249.95  1.10948e-08  1.38956e-11
      1250.27  5.15998e-09  9.97683e-12
      1250.58  1.53570e-09  6.98905e-12
      1250.89  1.04065e-09  6.33385e-12
      1251.20  1.47414e-09  6.33766e-12
      1251.52  2.50543e-09  6.84718e-12
      1251.83  4.55114e-09  8.39025e-12
      1252.14  5.95903e-09  9.38883e-12
      1252.46  5.66348e-09  9.31620e-12
      1252.77  5.24590e-09  8.85822e-12
      1253.09  8.93789e-09  1.11421e-11
      1253.40  1.70728e-08  1.53496e-11
      1253.71  2.13615e-08  1.87324e-11
      1254.03  1.18911e-08  1.29772e-11
      1254.34  6.00455e-09  8.56645e-12
      1254.66  7.75576e-09  9.45775e-12
      1254.97  1.20953e-08  1.23414e-11
      1255.29  7.93716e-09  9.98936e-12
      1255.60  3.51598e-09  7.29505e-12
      1255.92  3.98631e-09  8.07404e-12
      1256.23  7.09691e-09  9.93400e-12
      1256.55  1.14438e-08  1.25618e-11
      1256.87  7.91266e-09  1.00129e-11
      1257.18  3.46464e-09  6.99476e-12
      1257.50  2.48303e-09  6.38040e-12
      1257.81  2.88589e-09  6.74160e-12
      1258.13  3.67349e-09  7.60491e-12
      1258.45  3.66526e-09  7.72422e-12
      1258.76  3.89759e-09  7.94292e-12
      1259.08  7.23279e-09  1.00165e-11
      1259.40  1.51628e-08  1.40022e-11
      1259.72  2.03713e-08  1.59604e-11
      1260.03  1.50942e-08  1.30470e-11
      1260.35  1.11408e-08  1.09697e-11
      1260.67  1.42436e-08  1.29387e-11
      1260.99  1.30995e-08  1.22931e-11
      1261.30  1.06158e-08  1.09968e-11
      1261.62  1.31400e-08  1.27617e-11
      1261.94  1.38947e-08  1.27354e-11
      1262.26  1.41404e-08  1.29166e-11
      1262.58  1.02498e-08  1.04345e-11
      1262.90  1.10080e-08  1.02246e-11
      1263.22  1.69989e-08  1.28486e-11
      1263.54  1.37644e-08  1.12217e-11
      1263.86  8.59945e-09  9.17086e-12
      1264.17  6.79414e-09  8.65792e-12
      1264.49  4.95203e-09  7.78211e-12
      1264.81  5.35106e-09  8.28312e-12
      1265.13  1.13180e-08  1.09396e-11
      1265.45  1.70445e-08  1.26996e-11
      1265.77  1.49530e-08  1.15916e-11
      1266.10  8.16447e-09  8.87570e-12
      1266.42  3.95078e-09  6.46830e-12
      1266.74  3.38092e-09  6.48134e-12
      1267.06  4.77945e-09  7.61186e-12
      1267.38  1.04006e-08  1.03656e-11
      1267.70  1.87814e-08  1.42798e-11
      1268.02  2.00761e-08  1.42684e-11
      1268.34  1.97735e-08  1.41310e-11
      1268.67  1.78557e-08  1.31628e-11
      1268.99  1.74225e-08  1.38916e-11
      1269.31  1.32037e-08  1.19054e-11
      1269.63  8.79970e-09  9.57383e-12
      1269.95  7.27354e-09  9.08108e-12
      1270.28  8.97131e-09  9.87131e-12
      1270.60  1.54556e-08  1.32586e-11
      1270.92  1.83163e-08  1.37907e-11
      1271.25  1.99309e-08  1.40475e-11
      1271.57  1.94659e-08  1.37373e-11
      1271.89  1.13926e-08  1.00011e-11
      1272.22  4.90834e-09  6.79623e-12
      1272.54  2.97223e-09  5.85222e-12
      1272.86  2.40331e-09  5.61402e-12
      1273.19  2.25886e-09  5.53914e-12
      1273.51  2.84955e-09  5.93579e-12
      1273.84  4.53913e-09  6.94508e-12
      1274.16  6.05885e-09  7.61614e-12
      1274.49  8.20123e-09  8.24073e-12
      1274.81  1.42698e-08  1.11010e-11
      1275.14  1.94122e-08  1.29234e-11
      1275.46  1.75207e-08  1.26899e-11
      1275.79  1.15361e-08  1.02945e-11
      1276.11  7.54221e-09  8.68949e-12
      1276.44  1.00421e-08  9.94367e-12
      1276.76  1.72500e-08  1.35099e-11
      1277.09  1.74017e-08  1.27683e-11
      1277.42  1.81497e-08  1.34157e-11
      1277.74  1.21250e-08  1.05987e-11
      1278.07  5.42124e-09  7.33725e-12
      1278.40  3.19592e-09  6.30834e-12
      1278.72  2.45429e-09  5.92293e-12
      1279.05  2.46173e-09  6.00861e-12
      1279.38  3.37780e-09  6.73912e-12
      1279.71  5.17633e-09  7.79512e-12
      1280.03  6.82790e-09  8.55970e-12
      1280.36  6.24037e-09  7.65173e-12
      1280.69  6.60333e-09  7.78404e-12
      1281.02  8.81325e-09  8.74742e-12
      1281.34  1.29806e-08  1.06347e-11
      1281.67  1.55084e-08  1.19035e-11
      1282.00  1.21920e-08  1.04060e-11
      1282.33  1.27523e-08  1.06333e-11
      1282.66  1.95116e-08  1.31591e-11
      1282.99  2.46138e-08  1.45989e-11
      1283.32  2.45205e-08  1.50243e-11
      1283.65  1.62276e-08  1.22338e-11
      1283.98  9.14903e-09  9.48663e-12
      1284.31  4.91835e-09  7.57445e-12
      1284.64  3.71279e-09  6.77436e-12
      1284.97  3.69232e-09  6.93790e-12
      1285.30  4.47083e-09  7.73151e-12
      1285.63  3.78044e-09  7.18368e-12
      1285.96  3.49728e-09  6.36122e-12
      1286.29  5.66165e-09  8.53566e-12
      1286.62  7.63320e-09  9.02003e-12
      1286.95  7.19377e-09  8.47183e-12
      1287.28  9.18530e-09  9.45357e-12
      1287.61  1.58860e-08  1.27646e-11
      1287.95  1.89467e-08  1.37537e-11
      1288.28  1.88578e-08  1.33919e-11
      1288.61  1.88954e-08  1.29809e-11
      1288.94  1.84282e-08  1.26421e-11
      1289.27  1.31898e-08  1.02966e-11
      1289.61  9.73160e-09  9.38270e-12
      1289.94  7.66272e-09  8.28538e-12
      1290.27  5.21280e-09  7.05563e-12
      1290.61  4.41651e-09  6.93799e-12
      1290.94  3.27934e-09  6.27897e-12
      1291.27  2.41669e-09  6.23769e-12
      1291.61  2.94405e-09  6.67948e-12
      1291.94  4.95705e-09  7.51719e-12
      1292.27  8.20309e-09  9.04288e-12
      1292.61  1.11967e-08  1.05722e-11
      1292.94  7.82597e-09  9.45673e-12
      1293.28  6.58476e-09  8.28415e-12
      1293.61  8.91638e-09  9.92710e-12
      1293.95  1.14390e-08  1.08021e-11
      1294.28  1.71197e-08  1.30436e-11
      1294.62  1.91054e-08  1.33628e-11
      1294.95  1.60205e-08  1.16283e-11
      1295.29  1.54008e-08  1.13791e-11
      1295.62  1.31500e-08  1.04419e-11
      1295.96  9.59613e-09  9.00603e-12
      1296.29  8.34743e-09  8.69334e-12
      1296.63  8.76302e-09  9.04866e-12
      1296.97  1.06900e-08  1.03249e-11
      1297.30  1.76167e-08  1.30478e-11
      1297.64  2.24420e-08  1.38861e-11
      1297.98  1.88871e-08  1.24542e-11
      1298.31  1.19552e-08  1.01162e-11
      1298.65  6.74792e-09  8.28871e-12
      1298.99  5.14772e-09  7.76049e-12
      1299.33  9.17985e-09  1.03249e-11
      1299.66  1.63237e-08  1.33573e-11
      1300.00  1.80445e-08  1.34251e-11
      1300.34  1.56753e-08  1.24508e-11
      1300.68  1.06199e-08  9.76682e-12
      1301.02  1.11123e-08  9.73082e-12
      1301.35  1.95715e-08  1.33218e-11
      1301.69  2.30797e-08  1.40655e-11
      1302.03  2.22001e-08  1.39397e-11
      1302.37  1.95531e-08  1.30875e-11
      1302.71  2.22370e-08  1.49807e-11
      1303.05  2.50765e-08  1.65971e-11
      1303.39  2.87062e-08  1.66573e-11
      1303.73  3.05988e-08  1.62307e-11
      1304.07  2.84145e-08  1.47544e-11
      1304.41  2.90265e-08  1.52834e-11
      1304.75  3.07543e-08  1.62613e-11
      1305.09  3.21640e-08  1.69485e-11
      1305.43  3.78198e-08  1.87261e-11
      1305.77  4.42894e-08  2.08184e-11
      1306.11  4.35602e-08  2.37423e-11
      1306.46  2.76927e-08  1.82383e-11
      1306.80  1.39406e-08  1.12558e-11
      1307.14  7.55203e-09  8.38181e-12
      1307.48  5.12849e-09  7.26293e-12
      1307.82  4.06455e-09  6.56575e-12
      1308.16  4.08669e-09  6.57400e-12
      1308.51  4.86227e-09  7.18464e-12
      1308.85  3.89165e-09  6.29729e-12
      1309.19  2.75571e-09  5.33575e-12
      1309.53  2.51947e-09  5.16461e-12
      1309.88  2.49152e-09  5.16145e-12
      1310.22  2.72812e-09  5.42831e-12
      1310.56  3.66292e-09  6.16516e-12
      1310.91  6.83621e-09  8.15856e-12
      1311.25  1.25043e-08  1.15690e-11
      1311.60  1.23745e-08  1.13247e-11
      1311.94  7.18330e-09  8.53868e-12
      1312.28  3.68435e-09  6.38585e-12
      1312.63  2.46528e-09  5.49777e-12
      1312.97  2.11996e-09  5.22236e-12
      1313.32  2.98106e-09  5.92971e-12
      1313.66  4.81883e-09  7.37297e-12
      1314.01  4.02529e-09  6.77848e-12
      1314.35  2.28041e-09  5.36802e-12
      1314.70  1.67931e-09  4.74842e-12
      1315.05  1.65342e-09  4.59358e-12
      1315.39  1.92074e-09  4.81347e-12
      1315.74  2.55349e-09  5.26128e-12
      1316.08  4.08478e-09  6.26672e-12
      1316.43  8.50375e-09  8.83181e-12
      1316.78  1.39067e-08  1.19099e-11
      1317.12  1.07940e-08  1.05999e-11
      1317.47  5.15353e-09  7.42355e-12
      1317.82  2.97447e-09  5.99186e-12
      1318.17  3.13051e-09  5.96435e-12
      1318.51  5.33896e-09  7.44196e-12
      1318.86  6.49238e-09  8.33335e-12
      1319.21  4.19765e-09  6.74636e-12
      1319.56  2.40802e-09  5.44110e-12
      1319.91  2.48815e-09  5.65953e-12
      1320.25  2.48248e-09  5.52973e-12
      1320.60  2.48765e-09  5.34275e-12
      1320.95  3.10849e-09  5.67838e-12
      1321.30  4.55019e-09  6.44004e-12
      1321.65  9.41447e-09  8.65128e-12
      1322.00  1.77319e-08  1.27100e-11
      1322.35  1.46557e-08  1.16272e-11
      1322.70  7.18525e-09  8.46302e-12
      1323.05  4.55550e-09  7.28778e-12
      1323.40  5.19267e-09  7.75467e-12
      1323.75  6.18588e-09  8.23005e-12
      1324.10  6.42543e-09  8.78085e-12
      1324.45  4.57920e-09  7.34300e-12
      1324.80  3.19991e-09  6.02761e-12
      