227
      1249.95  1.10098e-08  1.60976e-11
      1250.27  5.22811e-09  1.17825e-11
      1250.58  1.60573e-09  8.27433e-12
      1250.89  1.05556e-09  7.66252e-12
      1251.20  1.46046e-09  8.37199e-12
      1251.52  2.45662e-09  9.42421e-12
      1251.83  4.59157e-09  1.14191e-11
      1252.14  6.02279e-09  1.28440e-11
      1252.46  5.70819e-09  1.28984e-11
      1252.77  5.23242e-09  1.26533e-11
      1253.09  8.98456e-09  1.60900e-11
      1253.40  1.72070e-08  2.17820e-11
      1253.71  2.10457e-08  2.44109e-11
      1254.03  1.28462e-08  1.83857e-11
      1254.34  6.19578e-09  1.27383e-11
      1254.66  7.84293e-09  1.39908e-11
      1254.97  1.19222e-08  1.75581e-11
      1255.29  7.94600e-09  1.44068e-11
      1255.60  3.59141e-09  1.07912e-11
      1255.92  3.98203e-09  1.15694e-11
      1256.23  7.12396e-09  1.38843e-11
      1256.55  1.15991e-08  1.76600e-11
      1256.87  7.85971e-09  1.37098e-11
      1257.18  3.43544e-09  9.28992e-12
      1257.50  2.46999e-09  8.30920e-12
      1257.81  2.87630e-09  8.51162e-12
      1258.13  3.68548e-09  9.37548e-12
      1258.45  3.67390e-09  9.35944e-12
      1258.76  3.96142e-09  9.29699e-12
      1259.08  7.37450e-09  1.16655e-11
      1259.40  1.51528e-08  1.59876e-11
      1259.72  2.01771e-08  1.79452e-11
      1260.03  1.51662e-08  1.47813e-11
      1260.35  1.13027e-08  1.23289e-11
      1260.67  1.42688e-08  1.43987e-11
      1260.99  1.30955e-08  1.38951e-11
      1261.30  1.06392e-08  1.27222e-11
      1261.62  1.32525e-08  1.51322e-11
      1261.94  1.38472e-08  1.52892e-11
      1262.26  1.42955e-08  1.61418e-11
      1262.58  1.01388e-08  1.31897e-11
      1262.90  1.08596e-08  1.34122e-11
      1263.22  1.72626e-08  1.77356e-11
      1263.54  1.38274e-08  1.55654e-11
      1263.86  8.54172e-09  1.28306e-11
      1264.17  6.73076e-09  1.22069e-11
      1264.49  4.84956e-09  1.06427e-11
      1264.81  5.40093e-09  1.12284e-11
      1265.13  1.10070e-08  1.53740e-11
      1265.45  1.68792e-08  1.87025e-11
      1265.77  1.48775e-08  1.69305e-11
      1266.10  7.95187e-09  1.20749e-11
      1266.42  3.99477e-09  8.93319e-12
      1266.74  3.38976e-09  8.63364e-12
      1267.06  4.71280e-09  9.66341e-12
      1267.38  1.02875e-08  1.35264e-11
      1267.70  1.90443e-08  1.86346e-11
      1268.02  2.00213e-08  1.78723e-11
      1268.34  1.99939e-08  1.75640e-11
      1268.67  1.77336e-08  1.53389e-11
      1268.99  1.79186e-08  1.53666e-11
      1269.31  1.35617e-08  1.29965e-11
      1269.63  8.74909e-09  1.05910e-11
      1269.95  7.32202e-09  1.00656e-11
      1270.28  9.14054e-09  1.11373e-11
      1270.60  1.52867e-08  1.49435e-11
      1270.92  1.83590e-08  1.60105e-11
      1271.25  1.99067e-08  1.65497e-11
      1271.57  1.92409e-08  1.64784e-11
      1271.89  1.15007e-08  1.26829e-11
      1272.22  5.01945e-09  8.91847e-12
      1272.54  2.98194e-09  7.70623e-12
      1272.86  2.39677e-09  7.57826e-12
      1273.19  2.26164e-09  7.86932e-12
      1273.51  2.83569e-09  8.61254e-12
      1273.84  4.56145e-09  1.05055e-11
      1274.16  6.07493e-09  1.14780e-11
      1274.49  7.99764e-09  1.19333e-11
      1274.81  1.45809e-08  1.58083e-11
      1275.14  2.00714e-08  1.85498e-11
      1275.46  1.78104e-08  1.74135e-11
      1275.79  1.15149e-08  1.41852e-11
      1276.11  7.52971e-09  1.16147e-11
      1276.44  1.00815e-08  1.30782e-11
      1276.76  1.70026e-08  1.69151e-11
      1277.09  1.77312e-08  1.59385e-11
      1277.42  1.77180e-08  1.55866e-11
      1277.74  1.22739e-08  1.24182e-11
      1278.07  5.63404e-09  8.45847e-12
      1278.40  3.25271e-09  7.06126e-12
      1278.72  2.46542e-09  6.64701e-12
      1279.05  2.46221e-09  6.82126e-12
      1279.38  3.39108e-09  7.93330e-12
      1279.71  5.22896e-09  9.28307e-12
      1280.03  6.89146e-09  1.06960e-11
      1280.36  6.16954e-09  9.86822e-12
      1280.69  6.61934e-09  1.03979e-11
      1281.02  8.72599e-09  1.18617e-11
      1281.34  1.30229e-08  1.48729e-11
      1281.67  1.59225e-08  1.74275e-11
      1282.00  1.20194e-08  1.49514e-11
      1282.33  1.25000e-08  1.54932e-11
      1282.66  1.95841e-08  1.94295e-11
      1282.99  2.46983e-08  2.10913e-11
      1283.32  2.44145e-08  2.03833e-11
      1283.65  1.70034e-08  1.64938e-11
      1283.98  8.85795e-09  1.17674e-11
      1284.31  5.04281e-09  9.28527e-12
      1284.64  3.76493e-09  8.38042e-12
      1284.97  3.75058e-09  8.28479e-12
      1285.30  4.38326e-09  8.90707e-12
      1285.63  3.77449e-09  8.03755e-12
      1285.96  3.54246e-09  7.37855e-12
      1286.29  5.46603e-09  8.67015e-12
      1286.62  7.57887e-09  1.00207e-11
      1286.95  7.12075e-09  9.68812e-12
      1287.28  9.20053e-09  1.11349e-11
      1287.61  1.60297e-08  1.56165e-11
      1287.95  1.89115e-08  1.75417e-11
      1288.28  1.88888e-08  1.80430e-11
      1288.61  1.88379e-08  1.82253e-11
      1288.94  1.88456e-08  1.85303e-11
      1289.27  1.29994e-08  1.48559e-11
      1289.61  9.69022e-09  1.31382e-11
      1289.94  7.71607e-09  1.21293e-11
      1290.27  5.14309e-09  1.02085e-11
      1290.61  4.41444e-09  1.02848e-11
      1290.94  3.30017e-09  8.79252e-12
      1291.27  2.39501e-09  7.56678e-12
      1291.61  2.86104e-09  7.74505e-12
      1291.94  4.83542e-09  8.87693e-12
      1292.27  8.39642e-09  1.06780e-11
      1292.61  1.17474e-08  1.24971e-11
      1292.94  8.71271e-09  1.04908e-11
      1293.28  6.73847e-09  9.37337e-12
      1293.61  8.85045e-09  1.10149e-11
      1293.95  1.15874e-08  1.25115e-11
      1294.28  1.71148e-08  1.54394e-11
      1294.62  1.90127e-08  1.64072e-11
      1294.95  1.61114e-08  1.50384e-11
      1295.29  1.54545e-08  1.51957e-11
      1295.62  1.31035e-08  1.44781e-11
      1295.96  9.60512e-09  1.28476e-11
      1296.29  8.35306e-09  1.25063e-11
      1296.63  8.73359e-09  1.30701e-11
      1296.97  1.08335e-08  1.42055e-11
      1297.30  1.69347e-08  1.72861e-11
      1297.64  2.28011e-08  1.95962e-11
      1297.98  1.90235e-08  1.69843e-11
      1298.31  1.19146e-08  1.32460e-11
      1298.65  6.63168e-09  9.81988e-12
      1298.99  5.11519e-09  8.59099e-12
      1299.33  9.03157e-09  1.09601e-11
      1299.66  1.62076e-08  1.47307e-11
      1300.00  1.81064e-08  1.51089e-11
      1300.34  1.55699e-08  1.39613e-11
      1300.68  1.08115e-08  1.13666e-11
      1301.02  1.13332e-08  1.17557e-11
      1301.35  1.93705e-08  1.64210e-11
      1301.69  2.31105e-08  1.86331e-11
      1302.03  2.21287e-08  1.88874e-11
      1302.37  1.98836e-08  1.81634e-11
      1302.71  2.27700e-08  2.03347e-11
      1303.05  2.50836e-08  2.08657e-11
      1303.39  2.86487e-08  2.19760e-11
      1303.73  3.05887e-08  2.22463e-11
      1304.07  2.85280e-08  2.18470e-11
      1304.41  2.91025e-08  2.12393e-11
      1304.75  3.07793e-08  2.11723e-11
      1305.09  3.21599e-08  2.11247e-11
      1305.43  3.78788e-08  2.26405e-11
      1305.77  4.45023e-08  2.36527e-11
      1306.11  4.42233e-08  2.33753e-11
      1306.46  2.93241e-08  1.81522e-11
      1306.80  1.41513e-08  1.24745e-11
      1307.14  7.48250e-09  9.79968e-12
      1307.48  5.10907e-09  8.71942e-12
      1307.82  4.05084e-09  8.42925e-12
      1308.16  4.07437e-09  8.86362e-12
      1308.51  4.88129e-09  1.00706e-11
      1308.85  3.93429e-09  9.19381e-12
      1309.19  2.74971e-09  7.91395e-12
      1309.53  2.51367e-09  7.48072e-12
      1309.88  2.49675e-09  7.33234e-12
      1310.22  2.73206e-09  7.45718e-12
      1310.56  3.67769e-09  8.27187e-12
      1310.91  6.88413e-09  1.05659e-11
      1311.25  1.22762e-08  1.37779e-11
      1311.60  1.23106e-08  1.33904e-11
      1311.94  7.28733e-09  9.91076e-12
      1312.28  3.74287e-09  7.15588e-12
      1312.63  2.47831e-09  6.17074e-12
      1312.97  2.13141e-09  6.04504e-12
      1313.32  3.00554e-09  7.01302e-12
      1313.66  4.83465e-09  9.39362e-12
      1314.01  3.99525e-09  8.91129e-12
      1314.35  2.25453e-09  7.43757e-12
      1314.70  1.67746e-09  8.19650e-12
      1315.05  1.66441e-09  6.84855e-12
      1315.39  1.91901e-09  6.96177e-12
      1315.74  2.53819e-09  7.64403e-12
      1316.08  4.01841e-09  8.92483e-12
      1316.43  8.39160e-09  1.18536e-11
      1316.78  1.42513e-08  1.54630e-11
      1317.12  1.08557e-08  1.30218e-11
      1317.47  5.07935e-09  8.75693e-12
      1317.82  2.94065e-09  6.88473e-12
      1318.17  3.05228e-09  7.01109e-12
      1318.51  5.35570e-09  8.57162e-12
      1318.86  6.63667e-09  9.74895e-12
      1319.21  4.19094e-09  8.07991e-12
      1319.56  2.34780e-09  6.90290e-12
      1319.91  2.49259e-09  7.58998e-12
      1320.25  2.49675e-09  7.71417e-12
      1320.60  2.49182e-09  7.73775e-12
      1320.95  3.13498e-09  8.25203e-12
      1321.30  4.67069e-09  9.29469e-12
      1321.65  9.54233e-09  1.24383e-11
      1322.00  1.72066e-08  1.71187e-11
      1322.35  1.47615e-08  1.54348e-11
      1322.70  7.40635e-09  1.05794e-11
      1323.05  4.67715e-09  8.47573e-12
      1323.40  5.18072e-09  8.70656e-12
      1323.75  6.19689e-09  9.23823e-12
      1324.10  6.34870e-09  9.26771e-12
      1324.45  4.65996e-09  8.11979e-12
      1324.80  3.24013e-09  7.88450e-12
      