227
      1249.95  0.00000e+00  0.00000e+00
      1250.27  0.00000e+00  0.00000e+00
      1250.58  0.00000e+00  0.00000e+00
      1250.89  0.00000e+00  0.00000e+00
      1251.20  0.00000e+00  0.00000e+00
      1251.52  0.00000e+00  0.00000e+00
      1251.83  5.40124e-09  2.97309e-11
      1252.14  5.36310e-09  2.85517e-11
      1252.46  5.13611e-09  2.23265e-11
      1252.77  4.99421e-09  1.68015e-11
      1253.09  8.41527e-09  2.05966e-11
      1253.40  1.62452e-08  2.75559e-11
      1253.71  2.02557e-08  3.15071e-11
      1254.03  1.27486e-08  2.33261e-11
      1254.34  6.03804e-09  1.58386e-11
      1254.66  7.37299e-09  1.74271e-11
      1254.97  1.14148e-08  2.23523e-11
      1255.29  7.96834e-09  1.87343e-11
      1255.60  3.57349e-09  1.34283e-11
      1255.92  3.75068e-09  1.44117e-11
      1256.23  6.58887e-09  1.73526e-11
      1256.55  1.10787e-08  2.22986e-11
      1256.87  7.89998e-09  1.81493e-11
      1257.18  3.41783e-09  1.19950e-11
      1257.50  2.36878e-09  8.97825e-12
      1257.81  2.74284e-09  8.39945e-12
      1258.13  3.52355e-09  9.86175e-12
      1258.45  3.73685e-09  1.43978e-11
      1258.76  3.71060e-09  1.99460e-11
      1259.08  3.69050e-09  2.30072e-11
      1259.40  0.00000e+00  0.00000e+00
      1259.72  0.00000e+00  0.00000e+00
      1260.03  0.00000e+00  0.00000e+00
      1260.35  0.00000e+00  0.00000e+00
      1260.67  0.00000e+00  0.00000e+00
      1260.99  0.00000e+00  0.00000e+00
      1261.30  0.00000e+00  0.00000e+00
      1261.62  0.00000e+00  0.00000e+00
      1261.94  0.00000e+00  0.00000e+00
      1262.26  0.00000e+00  0.00000e+00
      1262.58  0.00000e+00  0.00000e+00
      1262.90  1.00739e-08  3.07936e-11
      1263.22  1.00739e-08  3.07936e-11
      1263.54  1.00415e-08  3.04638e-11
      1263.86  8.51042e-09  1.97281e-11
      1264.17  6.48920e-09  1.73638e-11
      1264.49  4.68746e-09  1.37666e-11
      1264.81  4.90127e-09  1.37022e-11
      1265.13  1.01752e-08  1.86783e-11
      1265.45  1.62663e-08  2.30466e-11
      1265.77  1.47810e-08  2.13915e-11
      1266.10  7.97557e-09  1.55985e-11
      1266.42  3.96707e-09  1.23220e-11
      1266.74  3.39693e-09  1.27229e-11
      1267.06  4.64368e-09  1.47403e-11
      1267.38  9.49830e-09  1.78072e-11
      1267.70  1.76351e-08  2.43816e-11
      1268.02  1.92951e-08  2.16826e-11
      1268.34  1.92122e-08  2.42474e-11
      1268.67  1.96595e-08  3.11221e-11
      1268.99  1.99193e-08  3.61154e-11
      1269.31  0.00000e+00  0.00000e+00
      1269.63  0.00000e+00  0.00000e+00
      1269.95  0.00000e+00  0.00000e+00
      1270.28  0.00000e+00  0.00000e+00
      1270.60  0.00000e+00  0.00000e+00
      1270.92  0.00000e+00  0.00000e+00
      1271.25  0.00000e+00  0.00000e+00
      1271.57  0.00000e+00  0.00000e+00
      1271.89  0.00000e+00  0.00000e+00
      1272.22  0.00000e+00  0.00000e+00
      1272.54  2.06010e-09  1.67854e-11
      1272.86  2.06379e-09  1.53060e-11
      1273.19  2.12125e-09  1.09810e-11
      1273.51  2.67100e-09  1.09184e-11
      1273.84  4.27442e-09  1.27639e-11
      1274.16  5.81747e-09  1.45555e-11
      1274.49  7.70575e-09  1.48904e-11
      1274.81  1.34789e-08  1.94741e-11
      1275.14  1.88065e-08  2.33535e-11
      1275.46  1.73599e-08  2.27552e-11
      1275.79  1.16085e-08  1.90540e-11
      1276.11  7.47039e-09  1.55908e-11
      1276.44  9.32371e-09  1.71982e-11
      1276.76  1.60382e-08  2.35170e-11
      1277.09  1.79894e-08  3.31882e-11
      1277.42  1.81208e-08  3.80723e-11
      1277.74  1.81320e-08  3.87826e-11
      1278.07  0.00000e+00  0.00000e+00
      1278.40  0.00000e+00  0.00000e+00
      1278.72  0.00000e+00  0.00000e+00
      1279.05  0.00000e+00  0.00000e+00
      1279.38  0.00000e+00  0.00000e+00
      1279.71  0.00000e+00  0.00000e+00
      1280.03  0.00000e+00  0.00000e+00
      1280.36  0.00000e+00  0.00000e+00
      1280.69  1.14455e-08  3.12724e-11
      1281.02  1.16631e-08  2.96804e-11
      1281.34  1.29881e-08  2.32125e-11
      1281.67  1.49778e-08  2.21220e-11
      1282.00  1.20872e-08  1.96768e-11
      1282.33  1.19866e-08  1.92414e-11
      1282.66  1.82030e-08  2.35358e-11
      1282.99  2.34258e-08  2.59276e-11
      1283.32  2.35943e-08  2.55246e-11
      1283.65  1.70403e-08  2.16225e-11
      1283.98  9.16072e-09  1.61277e-11
      1284.31  5.10457e-09  1.29191e-11
      1284.64  3.69553e-09  1.21607e-11
      1284.97  3.31897e-09  1.64514e-11
      1285.30  3.26295e-09  1.87569e-11
      1285.63  0.00000e+00  0.00000e+00
      1285.96  0.00000e+00  0.00000e+00
      1286.29  0.00000e+00  0.00000e+00
      1286.62  0.00000e+00  0.00000e+00
      1286.95  0.00000e+00  0.00000e+00
      1287.28  0.00000e+00  0.00000e+00
      1287.61  0.00000e+00  0.00000e+00
      1287.95  0.00000e+00  0.00000e+00
      1288.28  1.80587e-08  3.76434e-11
      1288.61  1.81479e-08  3.42313e-11
      1288.94  1.79020e-08  2.44974e-11
      1289.27  1.31451e-08  1.91672e-11
      1289.61  9.36888e-09  1.65344e-11
      1289.94  7.62871e-09  1.56663e-11
      1290.27  5.18073e-09  1.32535e-11
      1290.61  4.24695e-09  1.27446e-11
      1290.94  3.30566e-09  1.15755e-11
      1291.27  2.36126e-09  1.00728e-11
      1291.61  2.65710e-09  1.01111e-11
      1291.94  3.61621e-09  1.46691e-11
      1292.27  3.94297e-09  1.85233e-11
      1292.61  3.98839e-09  1.91465e-11
      1292.94  0.00000e+00  0.00000e+00
      1293.28  0.00000e+00  0.00000e+00
      1293.61  0.00000e+00  0.00000e+00
      1293.95  0.00000e+00  0.00000e+00
      1294.28  0.00000e+00  0.00000e+00
      1294.62  0.00000e+00  0.00000e+00
      1294.95  0.00000e+00  0.00000e+00
      1295.29  8.68554e-09  2.71124e-11
      1295.62  8.65200e-09  2.58825e-11
      1295.96  8.43332e-09  1.96642e-11
      1296.29  8.01483e-09  1.61256e-11
      1296.63  8.34857e-09  1.65248e-11
      1296.97  1.01342e-08  1.75053e-11
      1297.30  1.56025e-08  2.10089e-11
      1297.64  2.17228e-08  2.48666e-11
      1297.98  1.90582e-08  2.26815e-11
      1298.31  1.30334e-08  2.09656e-11
      1298.65  1.12176e-08  2.70520e-11
      1298.99  1.09600e-08  2.87086e-11
      1299.33  0.00000e+00  0.00000e+00
      1299.66  0.00000e+00  0.00000e+00
      1300.00  0.00000e+00  0.00000e+00
      1300.34  0.00000e+00  0.00000e+00
      1300.68  0.00000e+00  0.00000e+00
      1301.02  0.00000e+00  0.00000e+00
      1301.35  0.00000e+00  0.00000e+00
      1301.69  1.69235e-08  3.76422e-11
      1302.03  1.70397e-08  3.68816e-11
      1302.37  1.79583e-08  3.17116e-11
      1302.71  2.15282e-08  2.58753e-11
      1303.05  2.40615e-08  2.60003e-11
      1303.39  2.71390e-08  2.71934e-11
      1303.73  2.94191e-08  2.80392e-11
      1304.07  2.76020e-08  2.67994e-11
      1304.41  2.78485e-08  2.75686e-11
      1304.75  2.95194e-08  2.88336e-11
      1305.09  3.00895e-08  3.23021e-11
      1305.43  3.03109e-08  4.51913e-11
      1305.77  3.03503e-08  4.88178e-11
      1306.11  0.00000e+00  0.00000e+00
      1306.46  0.00000e+00  0.00000e+00
      1306.80  0.00000e+00  0.00000e+00
      1307.14  0.00000e+00  0.00000e+00
      1307.48  0.00000e+00  0.00000e+00
      1307.82  0.00000e+00  0.00000e+00
      1308.16  3.46247e-09  1.86606e-11
      1308.51  3.43127e-09  1.79954e-11
      1308.85  3.20871e-09  1.39734e-11
      1309.19  2.63882e-09  9.99710e-12
      1309.53  2.42265e-09  9.43773e-12
      1309.88  2.38672e-09  9.50622e-12
      1310.22  2.56927e-09  9.75757e-12
      1310.56  3.34054e-09  1.08744e-11
      1310.91  5.73048e-09  1.41655e-11
      1311.25  8.31584e-09  2.37753e-11
      1311.60  8.88771e-09  2.73431e-11
      1311.94  0.00000e+00  0.00000e+00
      1312.28  0.00000e+00  0.00000e+00
      1312.63  0.00000e+00  0.00000e+00
      1312.97  0.00000e+00  0.00000e+00
      1313.32  0.00000e+00  0.00000e+00
      1313.66  0.00000e+00  0.00000e+00
      1314.01  3.29950e-09  1.83172e-11
      1314.35  3.27642e-09  1.80505e-11
      1314.70  3.08353e-09  1.59255e-11
      1315.05  2.23871e-09  9.79095e-12
      1315.39  1.86149e-09  8.88618e-12
      1315.74  2.35639e-09  9.46902e-12
      1316.08  3.69127e-09  1.10910e-11
      1316.43  7.52611e-09  1.51997e-11
      1316.78  1.31587e-08  2.25457e-11
      1317.12  1.53345e-08  3.34197e-11
      1317.47  1.56688e-08  3.61231e-11
      1317.82  0.00000e+00  0.00000e+00
      1318.17  0.00000e+00  0.00000e+00
      1318.51  0.00000e+00  0.00000e+00
      1318.86  0.00000e+00  0.00000e+00
      1319.21  0.00000e+00  0.00000e+00
      1319.56  0.00000e+00  0.00000e+00
      1319.91  0.00000e+00  0.00000e+00
      1320.25  2.71638e-09  1.67625e-11
      1320.60  2.75011e-09  1.59891e-11
      1320.95  3.00714e-09  1.22137e-11
      1321.30  4.16746e-09  1.14855e-11
      1321.65  8.34078e-09  1.50145e-11
      1322.00  1.63309e-08  2.21394e-11
      1322.35  1.49804e-08  2.11720e-11
      1322.70  8.62015e-09  1.84751e-11
      1323.05  6.72457e-09  2.27817e-11
      1323.40  6.47835e-09  2.38153e-11
      1323.75  0.00000e+00  0.00000e+00
      1324.10  0.00000e+00  0.00000e+00
      1324.45  0.00000e+00  0.00000e+00
      1324.80  0.00000e+00  0.00000e+00
      