227
      1249.95  8.29397e-09  1.18186e-11
      1250.27  3.82880e-09  8.38442e-12
      1250.58  1.14791e-09  5.98494e-12
      1250.89  8.05057e-10  5.61522e-12
      1251.20  1.11074e-09  5.89163e-12
      1251.52  1.83841e-09  6.19936e-12
      1251.83  3.26659e-09  7.62538e-12
      1252.14  4.26213e-09  8.61180e-12
      1252.46  4.05166e-09  8.58613e-12
      1252.77  3.75729e-09  8.17101e-12
      1253.09  6.44198e-09  9.95137e-12
      1253.40  1.26060e-08  1.34019e-11
      1253.71  1.57521e-08  1.48054e-11
      1254.03  9.47189e-09  1.10465e-11
      1254.34  4.43541e-09  7.74568e-12
      1254.66  5.87457e-09  8.57518e-12
      1254.97  9.40659e-09  1.07509e-11
      1255.29  5.92954e-09  8.40162e-12
      1255.60  2.53022e-09  6.13822e-12
      1255.92  2.83088e-09  6.49958e-12
      1256.23  5.08240e-09  7.73762e-12
      1256.55  8.39137e-09  9.81431e-12
      1256.87  5.80432e-09  7.95179e-12
      1257.18  2.47046e-09  5.68673e-12
      1257.50  1.76816e-09  5.33228e-12
      1257.81  2.05472e-09  5.69395e-12
      1258.13  2.61859e-09  6.43203e-12
      1258.45  2.61547e-09  6.27596e-12
      1258.76  2.75801e-09  6.40005e-12
      1259.08  5.15120e-09  7.74822e-12
      1259.40  1.11661e-08  1.07919e-11
      1259.72  1.54468e-08  1.25224e-11
      1260.03  1.13234e-08  1.05336e-11
      1260.35  8.04433e-09  9.14597e-12
      1260.67  1.06131e-08  1.08798e-11
      1260.99  9.79198e-09  1.04868e-11
      1261.30  7.73684e-09  9.39361e-12
      1261.62  9.71718e-09  1.07734e-11
      1261.94  1.03515e-08  1.06568e-11
      1262.26  1.04154e-08  1.07753e-11
      1262.58  7.69549e-09  8.90869e-12
      1262.90  8.11821e-09  8.92778e-12
      1263.22  1.25312e-08  1.14378e-11
      1263.54  1.03624e-08  1.02820e-11
      1263.86  6.34387e-09  8.30607e-12
      1264.17  4.81686e-09  7.72587e-12
      1264.49  3.38262e-09  6.69671e-12
      1264.81  3.70065e-09  6.64779e-12
      1265.13  7.93742e-09  9.10928e-12
      1265.45  1.27734e-08  1.12746e-11
      1265.77  1.07468e-08  9.58325e-12
      1266.10  5.51640e-09  6.92246e-12
      1266.42  2.76667e-09  5.27167e-12
      1266.74  2.33889e-09  5.21989e-12
      1267.06  3.25573e-09  5.83653e-12
      1267.38  7.31965e-09  8.04802e-12
      1267.70  1.42632e-08  1.14895e-11
      1268.02  1.49822e-08  1.11471e-11
      1268.34  1.46869e-08  1.11155e-11
      1268.67  1.32930e-08  1.01854e-11
      1268.99  1.31519e-08  1.05664e-11
      1269.31  1.01078e-08  9.41282e-12
      1269.63  6.41528e-09  7.83845e-12
      1269.95  5.26543e-09  7.37349e-12
      1270.28  6.65030e-09  8.01407e-12
      1270.60  1.14186e-08  1.05074e-11
      1270.92  1.37761e-08  1.11299e-11
      1271.25  1.50591e-08  1.14058e-11
      1271.57  1.47834e-08  1.14663e-11
      1271.89  8.60427e-09  8.70134e-12
      1272.22  3.58200e-09  6.03177e-12
      1272.54  2.10403e-09  5.27734e-12
      1272.86  1.69002e-09  5.08203e-12
      1273.19  1.58457e-09  5.10846e-12
      1273.51  1.98836e-09  5.36702e-12
      1273.84  3.20680e-09  6.20498e-12
      1274.16  4.33336e-09  6.70739e-12
      1274.49  5.90102e-09  7.21349e-12
      1274.81  1.07183e-08  9.47452e-12
      1275.14  1.47976e-08  1.05971e-11
      1275.46  1.30701e-08  1.03743e-11
      1275.79  8.50544e-09  8.42025e-12
      1276.11  5.42822e-09  6.85073e-12
      1276.44  7.30734e-09  7.76472e-12
      1276.76  1.26277e-08  1.04216e-11
      1277.09  1.29943e-08  1.00190e-11
      1277.42  1.35912e-08  1.06906e-11
      1277.74  9.09878e-09  8.58649e-12
      1278.07  4.04651e-09  6.10916e-12
      1278.40  2.33324e-09  5.41030e-12
      1278.72  1.78197e-09  5.06932e-12
      1279.05  1.75832e-09  5.07717e-12
      1279.38  2.42923e-09  5.51834e-12
      1279.71  3.75872e-09  6.31361e-12
      1280.03  5.08875e-09  7.20475e-12
      1280.36  4.53959e-09  6.66548e-12
      1280.69  4.76633e-09  6.79039e-12
      1281.02  6.37778e-09  7.80617e-12
      1281.34  9.51373e-09  9.58448e-12
      1281.67  1.16740e-08  1.08326e-11
      1282.00  9.11625e-09  9.43577e-12
      1282.33  9.29884e-09  9.41567e-12
      1282.66  1.46226e-08  1.17240e-11
      1282.99  1.88640e-08  1.27539e-11
      1283.32  1.82862e-08  1.16809e-11
      1283.65  1.24600e-08  9.99894e-12
      1283.98  6.53565e-09  7.21347e-12
      1284.31  3.61497e-09  5.96563e-12
      1284.64  2.66380e-09  5.69617e-12
      1284.97  2.64622e-09  5.71034e-12
      1285.30  3.13988e-09  5.99767e-12
      1285.63  2.69748e-09  5.39760e-12
      1285.96  2.51251e-09  5.10256e-12
      1286.29  3.95374e-09  6.22955e-12
      1286.62  5.62643e-09  7.46900e-12
      1286.95  5.24261e-09  7.19188e-12
      1287.28  6.70172e-09  8.04266e-12
      1287.61  1.19669e-08  1.09726e-11
      1287.95  1.43676e-08  1.18403e-11
      1288.28  1.42724e-08  1.15893e-11
      1288.61  1.42031e-08  1.13263e-11
      1288.94  1.39912e-08  1.12789e-11
      1289.27  9.87021e-09  9.22430e-12
      1289.61  7.10577e-09  8.04496e-12
      1289.94  5.59941e-09  7.35868e-12
      1290.27  3.76142e-09  6.21028e-12
      1290.61  3.17668e-09  6.05867e-12
      1290.94  2.32472e-09  4.99868e-12
      1291.27  1.71553e-09  4.70474e-12
      1291.61  2.03524e-09  4.70345e-12
      1291.94  3.38705e-09  5.65665e-12
      1292.27  6.00493e-09  7.10690e-12
      1292.61  9.03160e-09  9.24071e-12
      1292.94  6.32283e-09  7.49624e-12
      1293.28  4.74455e-09  6.76225e-12
      1293.61  6.47769e-09  8.12437e-12
      1293.95  8.30021e-09  8.69178e-12
      1294.28  1.29339e-08  1.10211e-11
      1294.62  1.45761e-08  1.14074e-11
      1294.95  1.19528e-08  9.96732e-12
      1295.29  1.14857e-08  1.01203e-11
      1295.62  9.77764e-09  9.42177e-12
      1295.96  6.97058e-09  8.07045e-12
      1296.29  6.00040e-09  7.72333e-12
      1296.63  6.30263e-09  7.87344e-12
      1296.97  7.98974e-09  8.56550e-12
      1297.30  1.27254e-08  1.04027e-11
      1297.64  1.71351e-08  1.16934e-11
      1297.98  1.35177e-08  9.98370e-12
      1298.31  8.56331e-09  8.18847e-12
      1298.65  4.79432e-09  6.39745e-12
      1298.99  3.64752e-09  5.87526e-12
      1299.33  6.57899e-09  7.73619e-12
      1299.66  1.21107e-08  1.04419e-11
      1300.00  1.36547e-08  1.08430e-11
      1300.34  1.17495e-08  1.00603e-11
      1300.68  7.96400e-09  8.08639e-12
      1301.02  8.28285e-09  8.15273e-12
      1301.35  1.47941e-08  1.13760e-11
      1301.69  1.77018e-08  1.24636e-11
      1302.03  1.71523e-08  1.25672e-11
      1302.37  1.49469e-08  1.14847e-11
      1302.71  1.75647e-08  1.26777e-11
      1303.05  1.92873e-08  1.27179e-11
      1303.39  2.22443e-08  1.33780e-11
      1303.73  2.42695e-08  1.36928e-11
      1304.07  2.24551e-08  1.28314e-11
      1304.41  2.28545e-08  1.25950e-11
      1304.75  2.39073e-08  1.39627e-11
      1305.09  2.49711e-08  1.40049e-11
      1305.43  2.97315e-08  1.54328e-11
      1305.77  3.54135e-08  1.72588e-11
      1306.11  3.50493e-08  1.69728e-11
      1306.46  2.34788e-08  1.34502e-11
      1306.80  1.11361e-08  9.34657e-12
      1307.14  5.57842e-09  7.11280e-12
      1307.48  3.70017e-09  6.38238e-12
      1307.82  2.90108e-09  6.72120e-12
      1308.16  2.92675e-09  5.94580e-12
      1308.51  3.45116e-09  6.32018e-12
      1308.85  2.79400e-09  5.70877e-12
      1309.19  1.96810e-09  4.92357e-12
      1309.53  1.78072e-09  4.63302e-12
      1309.88  1.75669e-09  4.53019e-12
      1310.22  1.91764e-09  4.64603e-12
      1310.56  2.66680e-09  4.94979e-12
      1310.91  5.24206e-09  7.12221e-12
      1311.25  9.32377e-09  9.22669e-12
      1311.60  9.23933e-09  9.09808e-12
      1311.94  5.30283e-09  6.90395e-12
      1312.28  2.68645e-09  5.30505e-12
      1312.63  1.79076e-09  4.64381e-12
      1312.97  1.52543e-09  4.52400e-12
      1313.32  2.12250e-09  5.04462e-12
      1313.66  3.59584e-09  6.58653e-12
      1314.01  2.94496e-09  5.96082e-12
      1314.35  1.61278e-09  4.79795e-12
      1314.70  1.19572e-09  4.48312e-12
      1315.05  1.18034e-09  4.29027e-12
      1315.39  1.36278e-09  4.28584e-12
      1315.74  1.79178e-09  4.63844e-12
      1316.08  2.89826e-09  5.34434e-12
      1316.43  6.33460e-09  7.15207e-12
      1316.78  1.07607e-08  1.01207e-11
      1317.12  8.07483e-09  8.46768e-12
      1317.47  3.74394e-09  6.01350e-12
      1317.82  2.13554e-09  4.95135e-12
      1318.17  2.25151e-09  5.02726e-12
      1318.51  3.86377e-09  6.21520e-12
      1318.86  4.72622e-09  7.00459e-12
      1319.21  3.12556e-09  6.06179e-12
      1319.56  1.84917e-09  5.16485e-12
      1319.91  1.82546e-09  5.56274e-12
      1320.25  1.78969e-09  5.12008e-12
      1320.60  1.77152e-09  4.84332e-12
      1320.95  2.19787e-09  5.07910e-12
      1321.30  3.25795e-09  5.63228e-12
      1321.65  7.07477e-09  7.52566e-12
      1322.00  1.36211e-08  1.06936e-11
      1322.35  1.08829e-08  8.93722e-12
      1322.70  4.96545e-09  6.99736e-12
      1323.05  3.27533e-09  5.84977e-12
      1323.40  3.69449e-09  6.23970e-12
      1323.75  4.42364e-09  6.59853e-12
      1324.10  4.64206e-09  6.71762e-12
      1324.45  3.30467e-09  5.73186e-12
      1324.80  2.33112e-09  5.21115e-12
      