227
      1249.95  1.10925e-08  1.94397e-11
      1250.27  5.17134e-09  1.39604e-11
      1250.58  1.54743e-09  9.47661e-12
      1250.89  1.01893e-09  8.53941e-12
      1251.20  1.45742e-09  9.00500e-12
      1251.52  2.47339e-09  9.99940e-12
      1251.83  4.56087e-09  1.22579e-11
      1252.14  5.96278e-09  1.34644e-11
      1252.46  5.69764e-09  1.31694e-11
      1252.77  5.33354e-09  1.25740e-11
      1253.09  9.02251e-09  1.56754e-11
      1253.40  1.71388e-08  2.09900e-11
      1253.71  2.08517e-08  2.26729e-11
      1254.03  1.28479e-08  1.68563e-11
      1254.34  6.23475e-09  1.14558e-11
      1254.66  7.82649e-09  1.23344e-11
      1254.97  1.20854e-08  1.56152e-11
      1255.29  7.87877e-09  1.25033e-11
      1255.60  3.51165e-09  9.06775e-12
      1255.92  3.96343e-09  9.99658e-12
      1256.23  7.00737e-09  1.20309e-11
      1256.55  1.17296e-08  1.57580e-11
      1256.87  7.91636e-09  1.24190e-11
      1257.18  3.38372e-09  8.56541e-12
      1257.50  2.47614e-09  7.79257e-12
      1257.81  2.88326e-09  8.34484e-12
      1258.13  3.66464e-09  9.57530e-12
      1258.45  3.67473e-09  9.72284e-12
      1258.76  3.96216e-09  1.01986e-11
      1259.08  7.38085e-09  1.32251e-11
      1259.40  1.51724e-08  1.86128e-11
      1259.72  2.01861e-08  2.13483e-11
      1260.03  1.50943e-08  1.78515e-11
      1260.35  1.12483e-08  1.50791e-11
      1260.67  1.44248e-08  1.78307e-11
      1260.99  1.30986e-08  1.71182e-11
      1261.30  1.04777e-08  1.53689e-11
      1261.62  1.33955e-08  1.83084e-11
      1261.94  1.37389e-08  1.79674e-11
      1262.26  1.43331e-08  1.88659e-11
      1262.58  1.02591e-08  1.50087e-11
      1262.90  1.08579e-08  1.47527e-11
      1263.22  1.69136e-08  1.86439e-11
      1263.54  1.39556e-08  1.63153e-11
      1263.86  8.68609e-09  1.28904e-11
      1264.17  6.73191e-09  1.18534e-11
      1264.49  4.89657e-09  1.02227e-11
      1264.81  5.43699e-09  1.03934e-11
      1265.13  1.10112e-08  1.38504e-11
      1265.45  1.69110e-08  1.67376e-11
      1265.77  1.49194e-08  1.50966e-11
      1266.10  7.95402e-09  1.06929e-11
      1266.42  3.98988e-09  7.94768e-12
      1266.74  3.34964e-09  7.58333e-12
      1267.06  4.61519e-09  8.71450e-12
      1267.38  1.00983e-08  1.24726e-11
      1267.70  1.93459e-08  1.83511e-11
      1268.02  1.99961e-08  1.78684e-11
      1268.34  1.99482e-08  1.82739e-11
      1268.67  1.78356e-08  1.67064e-11
      1268.99  1.76926e-08  1.70994e-11
      1269.31  1.36264e-08  1.51766e-11
      1269.63  8.83781e-09  1.27139e-11
      1269.95  7.36509e-09  1.22574e-11
      1270.28  9.26475e-09  1.38610e-11
      1270.60  1.51947e-08  1.81632e-11
      1270.92  1.83662e-08  1.96444e-11
      1271.25  2.00240e-08  2.00242e-11
      1271.57  1.93457e-08  1.95741e-11
      1271.89  1.14825e-08  1.46527e-11
      1272.22  5.03968e-09  9.88959e-12
      1272.54  2.99296e-09  8.34467e-12
      1272.86  2.40234e-09  7.88332e-12
      1273.19  2.22867e-09  7.70146e-12
      1273.51  2.78032e-09  8.10324e-12
      1273.84  4.55720e-09  9.68238e-12
      1274.16  6.13037e-09  1.03505e-11
      1274.49  7.99709e-09  1.06639e-11
      1274.81  1.44932e-08  1.39357e-11
      1275.14  1.99293e-08  1.61717e-11
      1275.46  1.77493e-08  1.52130e-11
      1275.79  1.15854e-08  1.26354e-11
      1276.11  7.65728e-09  1.06906e-11
      1276.44  1.02004e-08  1.25030e-11
      1276.76  1.67909e-08  1.65823e-11
      1277.09  1.77926e-08  1.65015e-11
      1277.42  1.77014e-08  1.67594e-11
      1277.74  1.21785e-08  1.38780e-11
      1278.07  5.66802e-09  9.87511e-12
      1278.40  3.27251e-09  8.49356e-12
      1278.72  2.45849e-09  8.02870e-12
      1279.05  2.44775e-09  8.21824e-12
      1279.38  3.35980e-09  9.57795e-12
      1279.71  5.16330e-09  1.10554e-11
      1280.03  6.98097e-09  1.26162e-11
      1280.36  6.12317e-09  1.10303e-11
      1280.69  6.59629e-09  1.11688e-11
      1281.02  8.70791e-09  1.22264e-11
      1281.34  1.29676e-08  1.48163e-11
      1281.67  1.59042e-08  1.68236e-11
      1282.00  1.22765e-08  1.43458e-11
      1282.33  1.25997e-08  1.41436e-11
      1282.66  1.94800e-08  1.74106e-11
      1282.99  2.46160e-08  1.86085e-11
      1283.32  2.42457e-08  1.78380e-11
      1283.65  1.70163e-08  1.46589e-11
      1283.98  8.98491e-09  1.09116e-11
      1284.31  5.09264e-09  8.93880e-12
      1284.64  3.77902e-09  9.04846e-12
      1284.97  3.76520e-09  9.13228e-12
      1285.30  4.39983e-09  9.92943e-12
      1285.63  3.74600e-09  9.18385e-12
      1285.96  3.51048e-09  8.73449e-12
      1286.29  5.46501e-09  1.05011e-11
      1286.62  7.68404e-09  1.26005e-11
      1286.95  7.03734e-09  1.17450e-11
      1287.28  8.96669e-09  1.31403e-11
      1287.61  1.61760e-08  1.86340e-11
      1287.95  1.89892e-08  1.95473e-11
      1288.28  1.89122e-08  1.94625e-11
      1288.61  1.88235e-08  1.86146e-11
      1288.94  1.87379e-08  1.81240e-11
      1289.27  1.31479e-08  1.42307e-11
      1289.61  9.60527e-09  1.18971e-11
      1289.94  7.73043e-09  1.07292e-11
      1290.27  5.22674e-09  8.97088e-12
      1290.61  4.38376e-09  8.91519e-12
      1290.94  3.31381e-09  7.85931e-12
      1291.27  2.43187e-09  7.05251e-12
      1291.61  2.90215e-09  7.43904e-12
      1291.94  4.83439e-09  8.94765e-12
      1292.27  8.43326e-09  1.14631e-11
      1292.61  1.17469e-08  1.42243e-11
      1292.94  8.65196e-09  1.22588e-11
      1293.28  6.77811e-09  1.13085e-11
      1293.61  8.87949e-09  1.36205e-11
      1293.95  1.14672e-08  1.52377e-11
      1294.28  1.72161e-08  1.88411e-11
      1294.62  1.91029e-08  1.92703e-11
      1294.95  1.59490e-08  1.66603e-11
      1295.29  1.55913e-08  1.64943e-11
      1295.62  1.31867e-08  1.48480e-11
      1295.96  9.55930e-09  1.25901e-11
      1296.29  8.33077e-09  1.17683e-11
      1296.63  8.76257e-09  1.20084e-11
      1296.97  1.09090e-08  1.26890e-11
      1297.30  1.69216e-08  1.52157e-11
      1297.64  2.25877e-08  1.73549e-11
      1297.98  1.90243e-08  1.55216e-11
      1298.31  1.19086e-08  1.26535e-11
      1298.65  6.70625e-09  9.92279e-12
      1298.99  5.20907e-09  9.52484e-12
      1299.33  9.13663e-09  1.30175e-11
      1299.66  1.60593e-08  1.73464e-11
      1300.00  1.80616e-08  1.84787e-11
      1300.34  1.55238e-08  1.73730e-11
      1300.68  1.08121e-08  1.43715e-11
      1301.02  1.14199e-08  1.40608e-11
      1301.35  1.93483e-08  1.87217e-11
      1301.69  2.29882e-08  2.18562e-11
      1302.03  2.13092e-08  1.77959e-11
      1302.37  1.95033e-08  1.92102e-11
      1302.71  2.29204e-08  1.96195e-11
      1303.05  2.49013e-08  1.89504e-11
      1303.39  2.86683e-08  1.94978e-11
      1303.73  3.07248e-08  1.97008e-11
      1304.07  2.83799e-08  1.81894e-11
      1304.41  2.90622e-08  1.88842e-11
      1304.75  3.08281e-08  2.01354e-11
      1305.09  3.20605e-08  2.11838e-11
      1305.43  3.78793e-08  2.42576e-11
      1305.77  4.46059e-08  2.70295e-11
      1306.11  4.42248e-08  2.76126e-11
      1306.46  2.93698e-08  2.22233e-11
      1306.80  1.41656e-08  1.53892e-11
      1307.14  7.48733e-09  1.18313e-11
      1307.48  5.13399e-09  1.03065e-11
      1307.82  4.07743e-09  9.35011e-12
      1308.16  4.10906e-09  9.47428e-12
      1308.51  4.79408e-09  1.00086e-11
      1308.85  3.93349e-09  8.80274e-12
      1309.19  2.77912e-09  7.32526e-12
      1309.53  2.52059e-09  6.71506e-12
      1309.88  2.49552e-09  6.48104e-12
      1310.22  2.72389e-09  6.66693e-12
      1310.56  3.66027e-09  7.48954e-12
      1310.91  6.90546e-09  1.02543e-11
      1311.25  1.23038e-08  1.45095e-11
      1311.60  1.22432e-08  1.46675e-11
      1311.94  7.22056e-09  1.14898e-11
      1312.28  3.73938e-09  9.38010e-12
      1312.63  2.46902e-09  8.02352e-12
      1312.97  2.10371e-09  7.37849e-12
      1313.32  2.98133e-09  8.42804e-12
      1313.66  4.95821e-09  1.10265e-11
      1314.01  4.00322e-09  9.83190e-12
      1314.35  2.23532e-09  7.56623e-12
      1314.70  1.66975e-09  6.75675e-12
      1315.05  1.66129e-09  6.64670e-12
      1315.39  1.91562e-09  6.49027e-12
      1315.74  2.51840e-09  6.56959e-12
      1316.08  3.97583e-09  7.70074e-12
      1316.43  8.28686e-09  1.06859e-11
      1316.78  1.44031e-08  1.49822e-11
      1317.12  1.09771e-08  1.32000e-11
      1317.47  4.96739e-09  9.41015e-12
      1317.82  2.92456e-09  7.83168e-12
      1318.17  3.09494e-09  8.05568e-12
      1318.51  5.31856e-09  1.04242e-11
      1318.86  6.51656e-09  1.16558e-11
      1319.21  4.26157e-09  9.60517e-12
      1319.56  2.40929e-09  7.78877e-12
      1319.91  2.46468e-09  8.03204e-12
      1320.25  2.51469e-09  7.94759e-12
      1320.60  2.52333e-09  7.37973e-12
      1320.95  3.15016e-09  7.57722e-12
      1321.30  4.68763e-09  8.56934e-12
      1321.65  9.69278e-09  1.11406e-11
      1322.00  1.69857e-08  1.53937e-11
      1322.35  1.46081e-08  1.46872e-11
      1322.70  7.48311e-09  1.08124e-11
      1323.05  4.73904e-09  9.43913e-12
      1323.40  5.19158e-09  1.01953e-11
      1323.75  6.18510e-09  1.11303e-11
      1324.10  6.32418e-09  1.14606e-11
      1324.45  4.61661e-09  1.02674e-11
      1324.80  3.25323e-09  9.08798e-12
      