227
      1249.95  7.92040e-09  1.06100e-11
      1250.27  3.68534e-09  7.58084e-12
      1250.58  1.12328e-09  5.21501e-12
      1250.89  8.00464e-10  4.77487e-12
      1251.20  1.08365e-09  4.99420e-12
      1251.52  1.77310e-09  5.41316e-12
      1251.83  3.14060e-09  6.66672e-12
      1252.14  4.07519e-09  7.50342e-12
      1252.46  3.86600e-09  7.44014e-12
      1252.77  3.60380e-09  7.14402e-12
      1253.09  6.22023e-09  8.63966e-12
      1253.40  1.21535e-08  1.13903e-11
      1253.71  1.51813e-08  1.26460e-11
      1254.03  9.11981e-09  9.63307e-12
      1254.34  4.31296e-09  6.90421e-12
      1254.66  5.81681e-09  8.30033e-12
      1254.97  9.24509e-09  1.07454e-11
      1255.29  5.88644e-09  8.66212e-12
      1255.60  2.46742e-09  6.38346e-12
      1255.92  2.75700e-09  6.66108e-12
      1256.23  4.97897e-09  7.89812e-12
      1256.55  8.32134e-09  1.01400e-11
      1256.87  5.71865e-09  8.09241e-12
      1257.18  2.43781e-09  5.95185e-12
      1257.50  1.75436e-09  5.59133e-12
      1257.81  2.03340e-09  5.96976e-12
      1258.13  2.58314e-09  6.56376e-12
      1258.45  2.56447e-09  6.59711e-12
      1258.76  2.68429e-09  6.51136e-12
      1259.08  5.00032e-09  7.76996e-12
      1259.40  1.08516e-08  1.06859e-11
      1259.72  1.50172e-08  1.21988e-11
      1260.03  1.10220e-08  1.01370e-11
      1260.35  7.82659e-09  8.57668e-12
      1260.67  1.01879e-08  1.01832e-11
      1260.99  9.40000e-09  9.74970e-12
      1261.30  7.47312e-09  8.57160e-12
      1261.62  9.29319e-09  9.63040e-12
      1261.94  9.92446e-09  9.42105e-12
      1262.26  9.98178e-09  9.37621e-12
      1262.58  7.33896e-09  7.67017e-12
      1262.90  7.78677e-09  7.65062e-12
      1263.22  1.20509e-08  9.77522e-12
      1263.54  9.87690e-09  8.81850e-12
      1263.86  6.04310e-09  7.21658e-12
      1264.17  4.60778e-09  6.78225e-12
      1264.49  3.24300e-09  5.84847e-12
      1264.81  3.56220e-09  5.81767e-12
      1265.13  7.64124e-09  7.98819e-12
      1265.45  1.22751e-08  9.99372e-12
      1265.77  1.08189e-08  9.41105e-12
      1266.10  5.57165e-09  6.96288e-12
      1266.42  2.69302e-09  5.44633e-12
      1266.74  2.28915e-09  5.23226e-12
      1267.06  3.21382e-09  5.96764e-12
      1267.38  7.26394e-09  8.19043e-12
      1267.70  1.41009e-08  1.16963e-11
      1268.02  1.48573e-08  1.12354e-11
      1268.34  1.45281e-08  1.10691e-11
      1268.67  1.30635e-08  1.01909e-11
      1268.99  1.28738e-08  1.04880e-11
      1269.31  9.84665e-09  9.27421e-12
      1269.63  6.20582e-09  7.55396e-12
      1269.95  5.07402e-09  7.09134e-12
      1270.28  6.39480e-09  7.50901e-12
      1270.60  1.10542e-08  9.66777e-12
      1270.92  1.33114e-08  1.00718e-11
      1271.25  1.44977e-08  1.01589e-11
      1271.57  1.41703e-08  1.00754e-11
      1271.89  8.24498e-09  7.59745e-12
      1272.22  3.42223e-09  5.30099e-12
      1272.54  2.02004e-09  4.61183e-12
      1272.86  1.62990e-09  4.45155e-12
      1273.19  1.54056e-09  4.40339e-12
      1273.51  1.93851e-09  4.58719e-12
      1273.84  3.10464e-09  5.29835e-12
      1274.16  4.16159e-09  5.84393e-12
      1274.49  5.65844e-09  6.51267e-12
      1274.81  1.02993e-08  8.91244e-12
      1275.14  1.43352e-08  1.08224e-11
      1275.46  1.29391e-08  1.04867e-11
      1275.79  8.33782e-09  8.70000e-12
      1276.11  5.32014e-09  7.07712e-12
      1276.44  7.19369e-09  7.82472e-12
      1276.76  1.25915e-08  1.06208e-11
      1277.09  1.28294e-08  9.95923e-12
      1277.42  1.34566e-08  1.06772e-11
      1277.74  8.92863e-09  8.57714e-12
      1278.07  3.87638e-09  5.99317e-12
      1278.40  2.23603e-09  5.12443e-12
      1278.72  1.71992e-09  4.77702e-12
      1279.05  1.69449e-09  4.75405e-12
      1279.38  2.32588e-09  4.99002e-12
      1279.71  3.60300e-09  5.59970e-12
      1280.03  4.84916e-09  6.25136e-12
      1280.36  4.32171e-09  5.77352e-12
      1280.69  4.53963e-09  5.87070e-12
      1281.02  6.07827e-09  6.70399e-12
      1281.34  9.11541e-09  8.30529e-12
      1281.67  1.12128e-08  9.46724e-12
      1282.00  8.71358e-09  8.26190e-12
      1282.33  8.90695e-09  8.24078e-12
      1282.66  1.40295e-08  1.03725e-11
      1282.99  1.80486e-08  1.15751e-11
      1283.32  1.79773e-08  1.17623e-11
      1283.65  1.25901e-08  1.00446e-11
      1283.98  6.45126e-09  7.49748e-12
      1284.31  3.56158e-09  6.11446e-12
      1284.64  2.62543e-09  5.72247e-12
      1284.97  2.61347e-09  5.64957e-12
      1285.30  3.07793e-09  5.89788e-12
      1285.63  2.63364e-09  5.30828e-12
      1285.96  2.44427e-09  4.92437e-12
      1286.29  3.82527e-09  5.84842e-12
      1286.62  5.40037e-09  6.86714e-12
      1286.95  5.02419e-09  6.52252e-12
      1287.28  6.46582e-09  7.18870e-12
      1287.61  1.15552e-08  9.63821e-12
      1287.95  1.37884e-08  1.02016e-11
      1288.28  1.36804e-08  9.89438e-12
      1288.61  1.36197e-08  9.60539e-12
      1288.94  1.34498e-08  9.68787e-12
      1289.27  9.40015e-09  7.99933e-12
      1289.61  6.81152e-09  7.25190e-12
      1289.94  5.32768e-09  6.76363e-12
      1290.27  3.57453e-09  5.88469e-12
      1290.61  3.06294e-09  5.93064e-12
      1290.94  2.29597e-09  5.32117e-12
      1291.27  1.71145e-09  4.64664e-12
      1291.61  2.00771e-09  4.82895e-12
      1291.94  3.34121e-09  5.73170e-12
      1292.27  5.91268e-09  7.08628e-12
      1292.61  8.92151e-09  9.15403e-12
      1292.94  6.18056e-09  7.48842e-12
      1293.28  4.56979e-09  6.49716e-12
      1293.61  6.25258e-09  7.63033e-12
      1293.95  8.02599e-09  7.97674e-12
      1294.28  1.24481e-08  9.75631e-12
      1294.62  1.39898e-08  9.96595e-12
      1294.95  1.14527e-08  8.62048e-12
      1295.29  1.09979e-08  8.67949e-12
      1295.62  9.31917e-09  8.05875e-12
      1295.96  6.63132e-09  7.00556e-12
      1296.29  5.72934e-09  6.83763e-12
      1296.63  6.01350e-09  7.03823e-12
      1296.97  7.62731e-09  7.68948e-12
      1297.30  1.21689e-08  9.53973e-12
      1297.64  1.64454e-08  1.13861e-11
      1297.98  1.38125e-08  1.03617e-11
      1298.31  8.55834e-09  8.31654e-12
      1298.65  4.72157e-09  6.63207e-12
      1298.99  3.58848e-09  5.91618e-12
      1299.33  6.44208e-09  7.58326e-12
      1299.66  1.17895e-08  1.01182e-11
      1300.00  1.32759e-08  1.03499e-11
      1300.34  1.13677e-08  9.34350e-12
      1300.68  7.65633e-09  7.43889e-12
      1301.02  7.96535e-09  7.28005e-12
      1301.35  1.42732e-08  9.96454e-12
      1301.69  1.70724e-08  1.07779e-11
      1302.03  1.64534e-08  1.07347e-11
      1302.37  1.44723e-08  9.91386e-12
      1302.71  1.68750e-08  1.09185e-11
      1303.05  1.86425e-08  1.11986e-11
      1303.39  2.14365e-08  1.21084e-11
      1303.73  2.32023e-08  1.27988e-11
      1304.07  2.14648e-08  1.26106e-11
      1304.41  2.17924e-08  1.32509e-11
      1304.75  2.33956e-08  1.39638e-11
      1305.09  2.48325e-08  1.43182e-11
      1305.43  2.95586e-08  1.55732e-11
      1305.77  3.51735e-08  1.68061e-11
      1306.11  3.47517e-08  1.63741e-11
      1306.46  2.30843e-08  1.28537e-11
      1306.80  1.07952e-08  8.63682e-12
      1307.14  5.34820e-09  6.36641e-12
      1307.48  3.54643e-09  5.48481e-12
      1307.82  2.76343e-09  5.09145e-12
      1308.16  2.78738e-09  5.00524e-12
      1308.51  3.30667e-09  5.37873e-12
      1308.85  2.66501e-09  4.79810e-12
      1309.19  1.89850e-09  4.31084e-12
      1309.53  1.72777e-09  4.15098e-12
      1309.88  1.70344e-09  4.26012e-12
      1310.22  1.86167e-09  4.66142e-12
      1310.56  2.49545e-09  5.27467e-12
      1310.91  4.85631e-09  6.83737e-12
      1311.25  9.22841e-09  9.33015e-12
      1311.60  9.11259e-09  9.00810e-12
      1311.94  5.17884e-09  6.71965e-12
      1312.28  2.60660e-09  5.01109e-12
      1312.63  1.72414e-09  4.29941e-12
      1312.97  1.46219e-09  4.13288e-12
      1313.32  2.04572e-09  4.53039e-12
      1313.66  3.42021e-09  5.77241e-12
      1314.01  2.80255e-09  5.15696e-12
      1314.35  1.55538e-09  4.13159e-12
      1314.70  1.16368e-09  3.88841e-12
      1315.05  1.15377e-09  3.74250e-12
      1315.39  1.33468e-09  3.93270e-12
      1315.74  1.74468e-09  4.46419e-12
      1316.08  2.77514e-09  5.27710e-12
      1316.43  5.97452e-09  7.43115e-12
      1316.78  1.03529e-08  1.01179e-11
      1317.12  7.98715e-09  8.63222e-12
      1317.47  3.65792e-09  5.95297e-12
      1317.82  2.08115e-09  4.77474e-12
      1318.17  2.16126e-09  4.66174e-12
      1318.51  3.72648e-09  5.79688e-12
      1318.86  4.56370e-09  6.45638e-12
      1319.21  2.95115e-09  5.32570e-12
      1319.56  1.71163e-09  4.52865e-12
      1319.91  1.74099e-09  4.66623e-12
      1320.25  1.71801e-09  4.37001e-12
      1320.60  1.70716e-09  4.18061e-12
      1320.95  2.12026e-09  4.47283e-12
      1321.30  3.12091e-09  5.11834e-12
      1321.65  6.75840e-09  7.20641e-12
      1322.00  1.31573e-08  1.07882e-11
      1322.35  1.07970e-08  9.80489e-12
      1322.70  5.14422e-09  7.00739e-12
      1323.05  3.19619e-09  5.86048e-12
      1323.40  3.62265e-09  6.09043e-12
      1323.75  4.32865e-09  6.36442e-12
      1324.10  4.50738e-09  6.32129e-12
      1324.45  3.17115e-09  5.23025e-12
      1324.80  2.21239e-09  4.71095e-12
      