227
      1249.95  9.79242e-09  1.34778e-11
      1250.27  4.44266e-09  9.72942e-12
      1250.58  1.25910e-09  6.98643e-12
      1250.89  8.62988e-10  6.49026e-12
      1251.20  1.26763e-09  6.95285e-12
      1251.52  2.19465e-09  7.72890e-12
      1251.83  4.00712e-09  9.60902e-12
      1252.14  5.27425e-09  1.10366e-11
      1252.46  5.06160e-09  1.12971e-11
      1252.77  4.77671e-09  1.11207e-11
      1253.09  8.18662e-09  1.42009e-11
      1253.40  1.58127e-08  1.97071e-11
      1253.71  1.94282e-08  2.21262e-11
      1254.03  1.16978e-08  1.65884e-11
      1254.34  5.55068e-09  1.17277e-11
      1254.66  6.95914e-09  1.24876e-11
      1254.97  1.09891e-08  1.52321e-11
      1255.29  6.78665e-09  1.09020e-11
      1255.60  2.89029e-09  7.78304e-12
      1255.92  3.31652e-09  8.57805e-12
      1256.23  5.88972e-09  1.04318e-11
      1256.55  9.65935e-09  1.33297e-11
      1256.87  6.81456e-09  1.08440e-11
      1257.18  2.90419e-09  7.46012e-12
      1257.50  2.05351e-09  6.61858e-12
      1257.81  2.38118e-09  6.94463e-12
      1258.13  3.03124e-09  7.70102e-12
      1258.45  3.04744e-09  7.45465e-12
      1258.76  3.24954e-09  7.41262e-12
      1259.08  6.06194e-09  9.22929e-12
      1259.40  1.29484e-08  1.27730e-11
      1259.72  1.77606e-08  1.47421e-11
      1260.03  1.30232e-08  1.20292e-11
      1260.35  9.34209e-09  1.04199e-11
      1260.67  1.25594e-08  1.21423e-11
      1260.99  1.14914e-08  1.14382e-11
      1261.30  8.98767e-09  1.02087e-11
      1261.62  1.15759e-08  1.23532e-11
      1261.94  1.22401e-08  1.26740e-11
      1262.26  1.24150e-08  1.33288e-11
      1262.58  9.27905e-09  1.12553e-11
      1262.90  9.84824e-09  1.14829e-11
      1263.22  1.50339e-08  1.47902e-11
      1263.54  1.25928e-08  1.36615e-11
      1263.86  7.89716e-09  1.12736e-11
      1264.17  6.07990e-09  1.08133e-11
      1264.49  4.38402e-09  9.79912e-12
      1264.81  4.82531e-09  1.01867e-11
      1265.13  1.00390e-08  1.41135e-11
      1265.45  1.57262e-08  1.74091e-11
      1265.77  1.30620e-08  1.45420e-11
      1266.10  6.55038e-09  9.21462e-12
      1266.42  3.26974e-09  6.80455e-12
      1266.74  2.76351e-09  6.63557e-12
      1267.06  3.85357e-09  7.56400e-12
      1267.38  8.49970e-09  1.05803e-11
      1267.70  1.62995e-08  1.48717e-11
      1268.02  1.73189e-08  1.47163e-11
      1268.34  1.68960e-08  1.41957e-11
      1268.67  1.54420e-08  1.25832e-11
      1268.99  1.51354e-08  1.21932e-11
      1269.31  1.17590e-08  1.06023e-11
      1269.63  7.58446e-09  8.73283e-12
      1269.95  6.21521e-09  8.10154e-12
      1270.28  7.84211e-09  9.05477e-12
      1270.60  1.32635e-08  1.20286e-11
      1270.92  1.60228e-08  1.31072e-11
      1271.25  1.77009e-08  1.37006e-11
      1271.57  1.74458e-08  1.38882e-11
      1271.89  1.01031e-08  1.04842e-11
      1272.22  4.31132e-09  7.51840e-12
      1272.54  2.57702e-09  6.70942e-12
      1272.86  2.09236e-09  6.64386e-12
      1273.19  1.98953e-09  6.86563e-12
      1273.51  2.52834e-09  9.94724e-12
      1273.84  4.11020e-09  1.18538e-11
      1274.16  5.54823e-09  1.04169e-11
      1274.49  7.45988e-09  1.12363e-11
      1274.81  1.31983e-08  1.48232e-11
      1275.14  1.76556e-08  1.60160e-11
      1275.46  1.51929e-08  1.36596e-11
      1275.79  9.93690e-09  1.12192e-11
      1276.11  6.43153e-09  9.16969e-12
      1276.44  8.55828e-09  1.04331e-11
      1276.76  1.44086e-08  1.35777e-11
      1277.09  1.50784e-08  1.30104e-11
      1277.42  1.55235e-08  1.30678e-11
      1277.74  1.05185e-08  1.00707e-11
      1278.07  4.79205e-09  6.85618e-12
      1278.40  2.72939e-09  5.70389e-12
      1278.72  2.06338e-09  5.30944e-12
      1279.05  2.03840e-09  5.56422e-12
      1279.38  2.85391e-09  6.46036e-12
      1279.71  4.45462e-09  7.68529e-12
      1280.03  6.09031e-09  9.00438e-12
      1280.36  5.45911e-09  8.33179e-12
      1280.69  5.84228e-09  8.77787e-12
      1281.02  7.89825e-09  1.03822e-11
      1281.34  1.17918e-08  1.32333e-11
      1281.67  1.43242e-08  1.55190e-11
      1282.00  1.13268e-08  1.39788e-11
      1282.33  1.16716e-08  1.44023e-11
      1282.66  1.78785e-08  1.81978e-11
      1282.99  2.26469e-08  1.98977e-11
      1283.32  2.17448e-08  1.81970e-11
      1283.65  1.45514e-08  1.33110e-11
      1283.98  7.66235e-09  9.46161e-12
      1284.31  4.27425e-09  7.57068e-12
      1284.64  3.12020e-09  6.86461e-12
      1284.97  3.09493e-09  6.95556e-12
      1285.30  3.70132e-09  7.42955e-12
      1285.63  3.13298e-09  6.51655e-12
      1285.96  2.88171e-09  5.87318e-12
      1286.29  4.59499e-09  6.98319e-12
      1286.62  6.67911e-09  8.37941e-12
      1286.95  6.16481e-09  7.93066e-12
      1287.28  7.85604e-09  9.05175e-12
      1287.61  1.42438e-08  1.31412e-11
      1287.95  1.71137e-08  1.47947e-11
      1288.28  1.71193e-08  1.55100e-11
      1288.61  1.72086e-08  1.58809e-11
      1288.94  1.69792e-08  1.62349e-11
      1289.27  1.22070e-08  1.36863e-11
      1289.61  8.86580e-09  1.19456e-11
      1289.94  7.01669e-09  1.11660e-11
      1290.27  4.74020e-09  9.75992e-12
      1290.61  3.92931e-09  9.67869e-12
      1290.94  2.87661e-09  8.15708e-12
      1291.27  2.03416e-09  6.56955e-12
      1291.61  2.37590e-09  6.36732e-12
      1291.94  3.96635e-09  7.27415e-12
      1292.27  7.00525e-09  8.81135e-12
      1292.61  1.03159e-08  1.07983e-11
      1292.94  7.35661e-09  8.46995e-12
      1293.28  5.62712e-09  7.51849e-12
      1293.61  7.61943e-09  9.10688e-12
      1293.95  9.78392e-09  1.00060e-11
      1294.28  1.52407e-08  1.29743e-11
      1294.62  1.72019e-08  1.38444e-11
      1294.95  1.42765e-08  1.24788e-11
      1295.29  1.39149e-08  1.31360e-11
      1295.62  1.19602e-08  1.27206e-11
      1295.96  8.73177e-09  1.15423e-11
      1296.29  7.62906e-09  1.13478e-11
      1296.63  8.00540e-09  1.19465e-11
      1296.97  1.00218e-08  1.34350e-11
      1297.30  1.54936e-08  1.62741e-11
      1297.64  2.03347e-08  1.84455e-11
      1297.98  1.63153e-08  1.49134e-11
      1298.31  1.01191e-08  1.06226e-11
      1298.65  5.68531e-09  8.08605e-12
      1298.99  4.31742e-09  7.18045e-12
      1299.33  7.67381e-09  9.15371e-12
      1299.66  1.39469e-08  1.20084e-11
      1300.00  1.57344e-08  1.22194e-11
      1300.34  1.36836e-08  1.15388e-11
      1300.68  9.34808e-09  9.30699e-12
      1301.02  9.84504e-09  9.50875e-12
      1301.35  1.75446e-08  1.38389e-11
      1301.69  2.09158e-08  1.55678e-11
      1302.03  2.04516e-08  1.66721e-11
      1302.37  1.79033e-08  1.61596e-11
      1302.71  2.14393e-08  1.86274e-11
      1303.05  2.30940e-08  1.90629e-11
      1303.39  2.65893e-08  2.04001e-11
      1303.73  2.86331e-08  2.10962e-11
      1304.07  2.62120e-08  1.98857e-11
      1304.41  2.65418e-08  1.99487e-11
      1304.75  2.73585e-08  1.86507e-11
      1305.09  2.81654e-08  1.74821e-11
      1305.43  3.32618e-08  1.88276e-11
      1305.77  3.94226e-08  2.12960e-11
      1306.11  3.90714e-08  1.95176e-11
      1306.46  2.64645e-08  1.50397e-11
      1306.80  1.28509e-08  1.04387e-11
      1307.14  6.62672e-09  8.08359e-12
      1307.48  4.47642e-09  7.42269e-12
      1307.82  3.56410e-09  7.66020e-12
      1308.16  3.64401e-09  7.74614e-12
      1308.51  4.30929e-09  8.90202e-12
      1308.85  3.53406e-09  8.23179e-12
      1309.19  2.50915e-09  7.23684e-12
      1309.53  2.25845e-09  6.96986e-12
      1309.88  2.21477e-09  7.00838e-12
      1310.22  2.38249e-09  7.16175e-12
      1310.56  3.18914e-09  7.77390e-12
      1310.91  5.93605e-09  8.94014e-12
      1311.25  1.06761e-08  1.15571e-11
      1311.60  1.06592e-08  1.11021e-11
      1311.94  6.17752e-09  8.15190e-12
      1312.28  3.12674e-09  5.95381e-12
      1312.63  2.07587e-09  4.99646e-12
      1312.97  1.76706e-09  4.89376e-12
      1313.32  2.48983e-09  5.86929e-12
      1313.66  4.40893e-09  7.99609e-12
      1314.01  3.56404e-09  7.56395e-12
      1314.35  1.93069e-09  6.38999e-12
      1314.70  1.47602e-09  6.14290e-12
      1315.05  1.48651e-09  6.20071e-12
      1315.39  1.72787e-09  6.79583e-12
      1315.74  2.26412e-09  7.31176e-12
      1316.08  3.61108e-09  8.57233e-12
      1316.43  7.50935e-09  1.13737e-11
      1316.78  1.22941e-08  1.36716e-11
      1317.12  9.45483e-09  1.09031e-11
      1317.47  4.37218e-09  7.39335e-12
      1317.82  2.49861e-09  5.85602e-12
      1318.17  2.64654e-09  5.67687e-12
      1318.51  4.51433e-09  6.86076e-12
      1318.86  5.56328e-09  7.75658e-12
      1319.21  3.73485e-09  6.82803e-12
      1319.56  2.15973e-09  5.96793e-12
      1319.91  2.17572e-09  6.52089e-12
      1320.25  2.23534e-09  6.84986e-12
      1320.60  2.26961e-09  7.08103e-12
      1320.95  2.82112e-09  7.70667e-12
      1321.30  4.14128e-09  8.81723e-12
      1321.65  8.83889e-09  1.22487e-11
      1322.00  1.57704e-08  1.63974e-11
      1322.35  1.29281e-08  1.43735e-11
      1322.70  6.17962e-09  9.05320e-12
      1323.05  3.89255e-09  7.12121e-12
      1323.40  4.32530e-09  7.32720e-12
      1323.75  5.19288e-09  7.55415e-12
      1324.10  5.47415e-09  7.55169e-12
      1324.45  3.94219e-09  6.47550e-12
      1324.80  2.79973e-09  6.03938e-12
      