227
      1249.95  8.12848e-09  1.02753e-11
      1250.27  3.82623e-09  7.41778e-12
      1250.58  1.18549e-09  5.06550e-12
      1250.89  8.38917e-10  4.63266e-12
      1251.20  1.13183e-09  4.88188e-12
      1251.52  1.85418e-09  5.34432e-12
      1251.83  3.25967e-09  6.68398e-12
      1252.14  4.20619e-09  7.71001e-12
      1252.46  3.98241e-09  7.66149e-12
      1252.77  3.71939e-09  7.38376e-12
      1253.09  6.38333e-09  8.91150e-12
      1253.40  1.24647e-08  1.18492e-11
      1253.71  1.55522e-08  1.31585e-11
      1254.03  9.29854e-09  1.00234e-11
      1254.34  4.30343e-09  7.18625e-12
      1254.66  5.49180e-09  8.23941e-12
      1254.97  8.87617e-09  1.09234e-11
      1255.29  5.77383e-09  9.01248e-12
      1255.60  2.46247e-09  6.70229e-12
      1255.92  2.75104e-09  7.02039e-12
      1256.23  4.96020e-09  8.15739e-12
      1256.55  8.33503e-09  1.05187e-11
      1256.87  5.72168e-09  8.42314e-12
      1257.18  2.43142e-09  5.95724e-12
      1257.50  1.76238e-09  5.51333e-12
      1257.81  2.05041e-09  6.12482e-12
      1258.13  2.60764e-09  6.76495e-12
      1258.45  2.58807e-09  6.58063e-12
      1258.76  2.71266e-09  6.47540e-12
      1259.08  5.05977e-09  7.70964e-12
      1259.40  1.09775e-08  1.05084e-11
      1259.72  1.51704e-08  1.19710e-11
      1260.03  1.12484e-08  9.92862e-12
      1260.35  8.04668e-09  8.31398e-12
      1260.67  1.03573e-08  9.74375e-12
      1260.99  9.60808e-09  9.35923e-12
      1261.30  7.69730e-09  8.30710e-12
      1261.62  9.51463e-09  9.40282e-12
      1261.94  1.01906e-08  9.20744e-12
      1262.26  1.02831e-08  9.23616e-12
      1262.58  7.54483e-09  7.59764e-12
      1262.90  8.04035e-09  7.68411e-12
      1263.22  1.24629e-08  9.95054e-12
      1263.54  1.01542e-08  9.04816e-12
      1263.86  6.21735e-09  7.52957e-12
      1264.17  4.71255e-09  7.34678e-12
      1264.49  3.27533e-09  6.21667e-12
      1264.81  3.65144e-09  6.11349e-12
      1265.13  7.82290e-09  8.45891e-12
      1265.45  1.25098e-08  1.05431e-11
      1265.77  1.10171e-08  9.93901e-12
      1266.10  5.62796e-09  7.25904e-12
      1266.42  2.69728e-09  5.77734e-12
      1266.74  2.29665e-09  5.68820e-12
      1267.06  3.22761e-09  6.27994e-12
      1267.38  7.24083e-09  8.60983e-12
      1267.70  1.41252e-08  1.20617e-11
      1268.02  1.49009e-08  1.14069e-11
      1268.34  1.46038e-08  1.11674e-11
      1268.67  1.31528e-08  1.02559e-11
      1268.99  1.30109e-08  1.04107e-11
      1269.31  9.95619e-09  9.12316e-12
      1269.63  6.29984e-09  7.44628e-12
      1269.95  5.17751e-09  6.88909e-12
      1270.28  6.52740e-09  7.36550e-12
      1270.60  1.12695e-08  9.39679e-12
      1270.92  1.36340e-08  9.79519e-12
      1271.25  1.48605e-08  9.89486e-12
      1271.57  1.44910e-08  9.81642e-12
      1271.89  8.52822e-09  7.53080e-12
      1272.22  3.58208e-09  5.31750e-12
      1272.54  2.11418e-09  4.67132e-12
      1272.86  1.70362e-09  4.51447e-12
      1273.19  1.60703e-09  4.48728e-12
      1273.51  2.00591e-09  4.77460e-12
      1273.84  3.20178e-09  5.52659e-12
      1274.16  4.26144e-09  6.09082e-12
      1274.49  5.73639e-09  6.78855e-12
      1274.81  1.04747e-08  9.33242e-12
      1275.14  1.45368e-08  1.12925e-11
      1275.46  1.29854e-08  1.09397e-11
      1275.79  8.30234e-09  8.90850e-12
      1276.11  5.27864e-09  7.20091e-12
      1276.44  7.16847e-09  7.97287e-12
      1276.76  1.26563e-08  1.07649e-11
      1277.09  1.28862e-08  1.00549e-11
      1277.42  1.35075e-08  1.05995e-11
      1277.74  9.01100e-09  8.44973e-12
      1278.07  3.90683e-09  5.78902e-12
      1278.40  2.28361e-09  4.93253e-12
      1278.72  1.76776e-09  4.62154e-12
      1279.05  1.75377e-09  4.55313e-12
      1279.38  2.40089e-09  4.83347e-12
      1279.71  3.70798e-09  5.42923e-12
      1280.03  4.97813e-09  6.16129e-12
      1280.36  4.46467e-09  5.73328e-12
      1280.69  4.70310e-09  5.94073e-12
      1281.02  6.27457e-09  6.87177e-12
      1281.34  9.39769e-09  8.68370e-12
      1281.67  1.15202e-08  9.96738e-12
      1282.00  8.93787e-09  8.75724e-12
      1282.33  9.10355e-09  8.66687e-12
      1282.66  1.42692e-08  1.08884e-11
      1282.99  1.83094e-08  1.21187e-11
      1283.32  1.81954e-08  1.22819e-11
      1283.65  1.26465e-08  1.04670e-11
      1283.98  6.47117e-09  7.75341e-12
      1284.31  3.57448e-09  6.26605e-12
      1284.64  2.63170e-09  5.72730e-12
      1284.97  2.62167e-09  5.62318e-12
      1285.30  3.09366e-09  5.83554e-12
      1285.63  2.66001e-09  5.19773e-12
      1285.96  2.48353e-09  4.82885e-12
      1286.29  3.90138e-09  5.67903e-12
      1286.62  5.53578e-09  6.65620e-12
      1286.95  5.13782e-09  6.29474e-12
      1287.28  6.61190e-09  7.01035e-12
      1287.61  1.19021e-08  9.48656e-12
      1287.95  1.41792e-08  1.01294e-11
      1288.28  1.40722e-08  9.97208e-12
      1288.61  1.39856e-08  9.77242e-12
      1288.94  1.38400e-08  1.00132e-11
      1289.27  9.64032e-09  8.33028e-12
      1289.61  6.99295e-09  7.63324e-12
      1289.94  5.45315e-09  7.15329e-12
      1290.27  3.62899e-09  6.18912e-12
      1290.61  3.11523e-09  6.23606e-12
      1290.94  2.32504e-09  5.41475e-12
      1291.27  1.71037e-09  4.75818e-12
      1291.61  2.00189e-09  4.77731e-12
      1291.94  3.35216e-09  5.69470e-12
      1292.27  5.93869e-09  7.02358e-12
      1292.61  8.96980e-09  8.97912e-12
      1292.94  6.27618e-09  7.29048e-12
      1293.28  4.65415e-09  6.31161e-12
      1293.61  6.37615e-09  7.39398e-12
      1293.95  8.21576e-09  7.74763e-12
      1294.28  1.27078e-08  9.42600e-12
      1294.62  1.43461e-08  9.72062e-12
      1294.95  1.18181e-08  8.56228e-12
      1295.29  1.13223e-08  8.78206e-12
      1295.62  9.60150e-09  8.31365e-12
      1295.96  6.85091e-09  7.39175e-12
      1296.29  5.90093e-09  7.22612e-12
      1296.63  6.16805e-09  7.46238e-12
      1296.97  7.79711e-09  8.11867e-12
      1297.30  1.23672e-08  1.00421e-11
      1297.64  1.66296e-08  1.18370e-11
      1297.98  1.39804e-08  1.07304e-11
      1298.31  8.59291e-09  8.52477e-12
      1298.65  4.73233e-09  6.68527e-12
      1298.99  3.60457e-09  5.85100e-12
      1299.33  6.50428e-09  7.54940e-12
      1299.66  1.19250e-08  9.94779e-12
      1300.00  1.34564e-08  1.00737e-11
      1300.34  1.15766e-08  9.03642e-12
      1300.68  7.82342e-09  7.14487e-12
      1301.02  8.16978e-09  7.11060e-12
      1301.35  1.46072e-08  9.76568e-12
      1301.69  1.75027e-08  1.07518e-11
      1302.03  1.68658e-08  1.08649e-11
      1302.37  1.48752e-08  1.02572e-11
      1302.71  1.72551e-08  1.13151e-11
      1303.05  1.90442e-08  1.17463e-11
      1303.39  2.17912e-08  1.27632e-11
      1303.73  2.33418e-08  1.36589e-11
      1304.07  2.16293e-08  1.31398e-11
      1304.41  2.20554e-08  1.35073e-11
      1304.75  2.35223e-08  1.41295e-11
      1305.09  2.48740e-08  1.44563e-11
      1305.43  2.96321e-08  1.57042e-11
      1305.77  3.54300e-08  1.66646e-11
      1306.11  3.51225e-08  1.60238e-11
      1306.46  2.33663e-08  1.24876e-11
      1306.80  1.10014e-08  8.38146e-12
      1307.14  5.49885e-09  6.16786e-12
      1307.48  3.67579e-09  5.36581e-12
      1307.82  2.87207e-09  5.08640e-12
      1308.16  2.88350e-09  5.06396e-12
      1308.51  3.43526e-09  5.56840e-12
      1308.85  2.75305e-09  5.02682e-12
      1309.19  1.95329e-09  4.51701e-12
      1309.53  1.76791e-09  4.39761e-12
      1309.88  1.73828e-09  4.55335e-12
      1310.22  1.89215e-09  4.87017e-12
      1310.56  2.51243e-09  5.39945e-12
      1310.91  4.82750e-09  6.94453e-12
      1311.25  9.25884e-09  9.51550e-12
      1311.60  9.15695e-09  9.05110e-12
      1311.94  5.22042e-09  6.62247e-12
      1312.28  2.64275e-09  4.95908e-12
      1312.63  1.76360e-09  4.18338e-12
      1312.97  1.50744e-09  4.08135e-12
      1313.32  2.11100e-09  4.41935e-12
      1313.66  3.52384e-09  5.68510e-12
      1314.01  2.89494e-09  5.15832e-12
      1314.35  1.61604e-09  4.14584e-12
      1314.70  1.21377e-09  3.97965e-12
      1315.05  1.20164e-09  3.85639e-12
      1315.39  1.37506e-09  4.06097e-12
      1315.74  1.77775e-09  4.63324e-12
      1316.08  2.80865e-09  5.44213e-12
      1316.43  6.02435e-09  7.49294e-12
      1316.78  1.04680e-08  1.02660e-11
      1317.12  8.01342e-09  8.74947e-12
      1317.47  3.65504e-09  5.96023e-12
      1317.82  2.09966e-09  4.71667e-12
      1318.17  2.18825e-09  4.57084e-12
      1318.51  3.81093e-09  5.63621e-12
      1318.86  4.71764e-09  6.21997e-12
      1319.21  3.03116e-09  5.11478e-12
      1319.56  1.72882e-09  4.30210e-12
      1319.91  1.79708e-09  4.51458e-12
      1320.25  1.78096e-09  4.47839e-12
      1320.60  1.76158e-09  4.37806e-12
      1320.95  2.17441e-09  4.74558e-12
      1321.30  3.17003e-09  5.35421e-12
      1321.65  6.81619e-09  7.52185e-12
      1322.00  1.34026e-08  1.13065e-11
      1322.35  1.10066e-08  1.01301e-11
      1322.70  5.18318e-09  7.20386e-12
      1323.05  3.20415e-09  5.84457e-12
      1323.40  3.65733e-09  6.03436e-12
      1323.75  4.39464e-09  6.17105e-12
      1324.10  4.60660e-09  6.08490e-12
      1324.45  3.26709e-09  5.05479e-12
      1324.80  2.27381e-09  4.49491e-12
      