227
      1249.95  7.73658e-09  1.38499e-11
      1250.27  3.78289e-09  1.00369e-11
      1250.58  1.26563e-09  7.10409e-12
      1250.89  8.63456e-10  6.38535e-12
      1251.20  1.11450e-09  6.27543e-12
      1251.52  1.75190e-09  6.73438e-12
      1251.83  3.14487e-09  8.31453e-12
      1252.14  4.10129e-09  9.34547e-12
      1252.46  3.88303e-09  9.35713e-12
      1252.77  3.48286e-09  8.74755e-12
      1253.09  5.97324e-09  1.09567e-11
      1253.40  1.18871e-08  1.45361e-11
      1253.71  1.51261e-08  1.63040e-11
      1254.03  9.19021e-09  1.22210e-11
      1254.34  4.18839e-09  8.53953e-12
      1254.66  5.22286e-09  9.66606e-12
      1254.97  8.31880e-09  1.25686e-11
      1255.29  5.68395e-09  1.06406e-11
      1255.60  2.45464e-09  7.76833e-12
      1255.92  2.65115e-09  8.33091e-12
      1256.23  4.79483e-09  9.93704e-12
      1256.55  7.83345e-09  1.24381e-11
      1256.87  5.59359e-09  1.01482e-11
      1257.18  2.44346e-09  7.14626e-12
      1257.50  1.71163e-09  6.51450e-12
      1257.81  1.96315e-09  6.86819e-12
      1258.13  2.48422e-09  7.57957e-12
      1258.45  2.46737e-09  7.72634e-12
      1258.76  2.54030e-09  7.39358e-12
      1259.08  4.67284e-09  8.65846e-12
      1259.40  1.03582e-08  1.20187e-11
      1259.72  1.46820e-08  1.41716e-11
      1260.03  1.08494e-08  1.21850e-11
      1260.35  7.48143e-09  1.01049e-11
      1260.67  1.00208e-08  1.20337e-11
      1260.99  9.21681e-09  1.12861e-11
      1261.30  7.14994e-09  9.73679e-12
      1261.62  9.10195e-09  1.12196e-11
      1261.94  9.79306e-09  1.19528e-11
      1262.26  1.00587e-08  1.49888e-11
      1262.58  6.30547e-09  1.05810e-11
      1262.90  7.58468e-09  1.00549e-11
      1263.22  1.18272e-08  1.25754e-11
      1263.54  9.92120e-09  1.14298e-11
      1263.86  6.04730e-09  9.17011e-12
      1264.17  4.58225e-09  8.55219e-12
      1264.49  3.29470e-09  7.44989e-12
      1264.81  3.60852e-09  7.51143e-12
      1265.13  7.53116e-09  1.03157e-11
      1265.45  1.19451e-08  1.28111e-11
      1265.77  1.06190e-08  1.20588e-11
      1266.10  5.54006e-09  8.79427e-12
      1266.42  2.68398e-09  6.72041e-12
      1266.74  2.23702e-09  6.58851e-12
      1267.06  2.96137e-09  7.53216e-12
      1267.38  5.31757e-09  9.71780e-12
      1267.70  1.26720e-08  1.04726e-11
      1268.02  1.38811e-08  1.47499e-11
      1268.34  1.40118e-08  1.34543e-11
      1268.67  1.25333e-08  1.20452e-11
      1268.99  1.23816e-08  1.21028e-11
      1269.31  9.54700e-09  1.05275e-11
      1269.63  5.97174e-09  8.41262e-12
      1269.95  4.85106e-09  7.70966e-12
      1270.28  6.14200e-09  8.19400e-12
      1270.60  1.05334e-08  1.04579e-11
      1270.92  1.28266e-08  1.12375e-11
      1271.25  1.41315e-08  1.19001e-11
      1271.57  1.40179e-08  1.20330e-11
      1271.89  8.73149e-09  9.85926e-12
      1272.22  3.57615e-09  7.01780e-12
      1272.54  2.09274e-09  5.99978e-12
      1272.86  1.69091e-09  5.77666e-12
      1273.19  1.59575e-09  5.64780e-12
      1273.51  1.95703e-09  5.92503e-12
      1273.84  3.10279e-09  7.01395e-12
      1274.16  4.12413e-09  7.76513e-12
      1274.49  5.47791e-09  8.38993e-12
      1274.81  1.00824e-08  1.15182e-11
      1275.14  1.41505e-08  1.41865e-11
      1275.46  1.26802e-08  1.36529e-11
      1275.79  8.08804e-09  1.10563e-11
      1276.11  5.04788e-09  8.84284e-12
      1276.44  6.72537e-09  9.84845e-12
      1276.76  1.21849e-08  1.33929e-11
      1277.09  1.24426e-08  1.24056e-11
      1277.42  1.28164e-08  1.26483e-11
      1277.74  8.76295e-09  1.01172e-11
      1278.07  3.79884e-09  6.88236e-12
      1278.40  2.18352e-09  5.74837e-12
      1278.72  1.66619e-09  5.20993e-12
      1279.05  1.63843e-09  5.10760e-12
      1279.38  2.23080e-09  5.43157e-12
      1279.71  3.45870e-09  6.09647e-12
      1280.03  4.60490e-09  6.65789e-12
      1280.36  4.30105e-09  6.66515e-12
      1280.69  4.51162e-09  7.65469e-12
      1281.02  6.05759e-09  8.99078e-12
      1281.34  9.01786e-09  1.12760e-11
      1281.67  1.10190e-08  1.51783e-11
      1282.00  7.74526e-09  1.25641e-11
      1282.33  8.85348e-09  1.11597e-11
      1282.66  1.38129e-08  1.38592e-11
      1282.99  1.77721e-08  1.55214e-11
      1283.32  1.77813e-08  1.54672e-11
      1283.65  1.23089e-08  1.30219e-11
      1283.98  6.25384e-09  9.51645e-12
      1284.31  3.45442e-09  7.66849e-12
      1284.64  2.54542e-09  6.87565e-12
      1284.97  2.50095e-09  6.71265e-12
      1285.30  3.01707e-09  7.11078e-12
      1285.63  2.53704e-09  6.21635e-12
      1285.96  2.28435e-09  5.60344e-12
      1286.29  3.64550e-09  6.56758e-12
      1286.62  5.31292e-09  7.63899e-12
      1286.95  4.82799e-09  6.94569e-12
      1287.28  6.05649e-09  7.45823e-12
      1287.61  1.12153e-08  1.02313e-11
      1287.95  1.34145e-08  1.10822e-11
      1288.28  1.33501e-08  1.14132e-11
      1288.61  1.32499e-08  1.16336e-11
      1288.94  1.33046e-08  1.25782e-11
      1289.27  9.50286e-09  1.09189e-11
      1289.61  6.75812e-09  9.69223e-12
      1289.94  5.38120e-09  9.16837e-12
      1290.27  3.60858e-09  7.86944e-12
      1290.61  3.01510e-09  7.76894e-12
      1290.94  2.32597e-09  8.01174e-12
      1291.27  1.72130e-09  6.16057e-12
      1291.61  1.99002e-09  6.13117e-12
      1291.94  3.26439e-09  7.46007e-12
      1292.27  5.75890e-09  8.84156e-12
      1292.61  8.26386e-09  1.05981e-11
      1292.94  6.12385e-09  8.78440e-12
      1293.28  4.56666e-09  7.52711e-12
      1293.61  5.92470e-09  8.36605e-12
      1293.95  7.82797e-09  8.81903e-12
      1294.28  1.19244e-08  1.04522e-11
      1294.62  1.33930e-08  1.05545e-11
      1294.95  1.12015e-08  9.54914e-12
      1295.29  1.07676e-08  1.01923e-11
      1295.62  9.11890e-09  9.70783e-12
      1295.96  6.57052e-09  8.48547e-12
      1296.29  5.63304e-09  8.20153e-12
      1296.63  5.87017e-09  9.02341e-12
      1296.97  7.41874e-09  1.03582e-11
      1297.30  1.19875e-08  1.30313e-11
      1297.64  1.65183e-08  1.55652e-11
      1297.98  1.36534e-08  1.37543e-11
      1298.31  8.31781e-09  1.09605e-11
      1298.65  4.47839e-09  8.27791e-12
      1298.99  3.33494e-09  7.26802e-12
      1299.33  6.06958e-09  9.08131e-12
      1299.66  1.15104e-08  1.21347e-11
      1300.00  1.29181e-08  1.20640e-11
      1300.34  1.11116e-08  1.08794e-11
      1300.68  7.38417e-09  8.34763e-12
      1301.02  7.63406e-09  7.86663e-12
      1301.35  1.37578e-08  1.06492e-11
      1301.69  1.65644e-08  1.17233e-11
      1302.03  1.61428e-08  1.23823e-11
      1302.37  1.42335e-08  1.19587e-11
      1302.71  1.64827e-08  1.31280e-11
      1303.05  1.83007e-08  1.36709e-11
      1303.39  2.08848e-08  1.50016e-11
      1303.73  2.28783e-08  1.69119e-11
      1304.07  2.12250e-08  1.71871e-11
      1304.41  2.14617e-08  1.76553e-11
      1304.75  2.28739e-08  1.84204e-11
      1305.09  2.40846e-08  1.85849e-11
      1305.43  2.86838e-08  1.97255e-11
      1305.77  3.42592e-08  2.07576e-11
      1306.11  3.40071e-08  1.98192e-11
      1306.46  2.25879e-08  1.51521e-11
      1306.80  1.05133e-08  9.86989e-12
      1307.14  5.19490e-09  7.04159e-12
      1307.48  3.40879e-09  5.91463e-12
      1307.82  2.67808e-09  5.45009e-12
      1308.16  2.71535e-09  5.77648e-12
      1308.51  3.24438e-09  6.59806e-12
      1308.85  2.66342e-09  5.92359e-12
      1309.19  1.90602e-09  5.22231e-12
      1309.53  1.71621e-09  5.12265e-12
      1309.88  1.69478e-09  5.23772e-12
      1310.22  1.82734e-09  5.61804e-12
      1310.56  2.41602e-09  6.53850e-12
      1310.91  4.71349e-09  8.99041e-12
      1311.25  8.87791e-09  1.21201e-11
      1311.60  8.78739e-09  1.14203e-11
      1311.94  5.05040e-09  8.22900e-12
      1312.28  2.56198e-09  5.96945e-12
      1312.63  1.69715e-09  5.04185e-12
      1312.97  1.43244e-09  4.65287e-12
      1313.32  1.97735e-09  4.95845e-12
      1313.66  3.37905e-09  6.28481e-12
      1314.01  2.82226e-09  5.84398e-12
      1314.35  1.58141e-09  4.91013e-12
      1314.70  1.17724e-09  4.64377e-12
      1315.05  1.17178e-09  4.56188e-12
      1315.39  1.32230e-09  4.91013e-12
      1315.74  1.70561e-09  5.34227e-12
      1316.08  2.64968e-09  6.32841e-12
      1316.43  5.62006e-09  8.70299e-12
      1316.78  1.02471e-08  1.26503e-11
      1317.12  7.94540e-09  1.13094e-11
      1317.47  3.45906e-09  7.53319e-12
      1317.82  2.00851e-09  5.88180e-12
      1318.17  2.07173e-09  5.51432e-12
      1318.51  3.58816e-09  6.76303e-12
      1318.86  4.45881e-09  7.18518e-12
      1319.21  2.92807e-09  5.86726e-12
      1319.56  1.70518e-09  5.27669e-12
      1319.91  1.73021e-09  5.59541e-12
      1320.25  1.71625e-09  5.29036e-12
      1320.60  1.70295e-09  5.15212e-12
      1320.95  2.11012e-09  5.54205e-12
      1321.30  3.12296e-09  6.43415e-12
      1321.65  6.61496e-09  8.92883e-12
      1322.00  1.25263e-08  1.29813e-11
      1322.35  1.07294e-08  1.19495e-11
      1322.70  5.16690e-09  8.35678e-12
      1323.05  3.17640e-09  7.18835e-12
      1323.40  3.50522e-09  7.51655e-12
      1323.75  4.18075e-09  7.62478e-12
      1324.10  4.33360e-09  7.41666e-12
      1324.45  3.14070e-09  6.06709e-12
      1324.80  2.16413e-09  5.12787e-12
      