227
      1249.95  8.47316e-09  9.89808e-12
      1250.27  4.10276e-09  7.15065e-12
      1250.58  1.27956e-09  4.98141e-12
      1250.89  8.46465e-10  4.59755e-12
      1251.20  1.14027e-09  4.60258e-12
      1251.52  1.88449e-09  5.03651e-12
      1251.83  3.40549e-09  6.09324e-12
      1252.14  4.46603e-09  6.67621e-12
      1252.46  4.24582e-09  6.69109e-12
      1252.77  3.86338e-09  6.47700e-12
      1253.09  6.68626e-09  8.25252e-12
      1253.40  1.32385e-08  1.12195e-11
      1253.71  1.66503e-08  1.25939e-11
      1254.03  9.98196e-09  9.37947e-12
      1254.34  4.59519e-09  6.44305e-12
      1254.66  5.84397e-09  7.23796e-12
      1254.97  9.36222e-09  9.48647e-12
      1255.29  6.18713e-09  7.87597e-12
      1255.60  2.64772e-09  5.87510e-12
      1255.92  2.96964e-09  6.52936e-12
      1256.23  5.35312e-09  7.93323e-12
      1256.55  8.91707e-09  1.08536e-11
      1256.87  6.16488e-09  8.40523e-12
      1257.18  2.62999e-09  5.79847e-12
      1257.50  1.86820e-09  5.17078e-12
      1257.81  2.16853e-09  5.48927e-12
      1258.13  2.76038e-09  6.21789e-12
      1258.45  2.75703e-09  6.20306e-12
      1258.76  2.93473e-09  6.33393e-12
      1259.08  5.50775e-09  7.90382e-12
      1259.40  1.16430e-08  1.09939e-11
      1259.72  1.58470e-08  1.24867e-11
      1260.03  1.18812e-08  1.02519e-11
      1260.35  8.58959e-09  8.38619e-12
      1260.67  1.09877e-08  9.66996e-12
      1260.99  1.00821e-08  9.26898e-12
      1261.30  8.04027e-09  8.39866e-12
      1261.62  1.02656e-08  9.78629e-12
      1261.94  1.05798e-08  9.13737e-12
      1262.26  1.08871e-08  9.50243e-12
      1262.58  7.66485e-09  7.48613e-12
      1262.90  8.23568e-09  7.14683e-12
      1263.22  1.32486e-08  9.30430e-12
      1263.54  1.08211e-08  8.16711e-12
      1263.86  6.53768e-09  6.51587e-12
      1264.17  5.04649e-09  6.12344e-12
      1264.49  3.61417e-09  5.42397e-12
      1264.81  3.97052e-09  5.60058e-12
      1265.13  8.37292e-09  7.77685e-12
      1265.45  1.32623e-08  9.78486e-12
      1265.77  1.17491e-08  9.11723e-12
      1266.10  6.13090e-09  6.58373e-12
      1266.42  2.98031e-09  5.01101e-12
      1266.74  2.49359e-09  4.93127e-12
      1267.06  3.46404e-09  5.71434e-12
      1267.38  7.79623e-09  8.24236e-12
      1267.70  1.51782e-08  1.20189e-11
      1268.02  1.58760e-08  1.16722e-11
      1268.34  1.55993e-08  1.15416e-11
      1268.67  1.39887e-08  1.04762e-11
      1268.99  1.37916e-08  1.05109e-11
      1269.31  1.06250e-08  9.16566e-12
      1269.63  6.71882e-09  7.39631e-12
      1269.95  5.50882e-09  6.95977e-12
      1270.28  6.96908e-09  7.57610e-12
      1270.60  1.17780e-08  9.83954e-12
      1270.92  1.42829e-08  1.03583e-11
      1271.25  1.55882e-08  1.03192e-11
      1271.57  1.51869e-08  9.98300e-12
      1271.89  8.92988e-09  7.30748e-12
      1272.22  3.78398e-09  4.88102e-12
      1272.54  2.20955e-09  4.14190e-12
      1272.86  1.78065e-09  3.98411e-12
      1273.19  1.67329e-09  4.09735e-12
      1273.51  2.10078e-09  4.26027e-12
      1273.84  3.41669e-09  5.14130e-12
      1274.16  4.60006e-09  5.72842e-12
      1274.49  6.15250e-09  6.17420e-12
      1274.81  1.12346e-08  8.40746e-12
      1275.14  1.56222e-08  1.01273e-11
      1275.46  1.39896e-08  9.86821e-12
      1275.79  9.01697e-09  8.30740e-12
      1276.11  5.75591e-09  6.96764e-12
      1276.44  7.28483e-09  8.21680e-12
      1276.76  1.37947e-08  1.09989e-11
      1277.09  1.38339e-08  1.08070e-11
      1277.42  1.42008e-08  1.07859e-11
      1277.74  9.60454e-09  8.60284e-12
      1278.07  4.27279e-09  5.95159e-12
      1278.40  2.44475e-09  4.94127e-12
      1278.72  1.85255e-09  4.60132e-12
      1279.05  1.82204e-09  4.63694e-12
      1279.38  2.51376e-09  5.04468e-12
      1279.71  3.88565e-09  5.73557e-12
      1280.03  5.20045e-09  6.33805e-12
      1280.36  4.67954e-09  5.65152e-12
      1280.69  4.94374e-09  5.50646e-12
      1281.02  6.66800e-09  6.16779e-12
      1281.34  9.94957e-09  7.57185e-12
      1281.67  1.21122e-08  8.60161e-12
      1282.00  9.57522e-09  7.65117e-12
      1282.33  9.82115e-09  7.90516e-12
      1282.66  1.52711e-08  1.01075e-11
      1282.99  1.95915e-08  1.14352e-11
      1283.32  1.94766e-08  1.14547e-11
      1283.65  1.35574e-08  9.65309e-12
      1283.98  6.99004e-09  7.14247e-12
      1284.31  3.87603e-09  5.84298e-12
      1284.64  2.82560e-09  5.42892e-12
      1284.97  2.79259e-09  5.56717e-12
      1285.30  3.36034e-09  6.24577e-12
      1285.63  2.83441e-09  5.58830e-12
      1285.96  2.61028e-09  5.06982e-12
      1286.29  4.12752e-09  5.92146e-12
      1286.62  5.88632e-09  6.81004e-12
      1286.95  5.42353e-09  6.30711e-12
      1287.28  6.87985e-09  6.82738e-12
      1287.61  1.24326e-08  9.29968e-12
      1287.95  1.48529e-08  9.85612e-12
      1288.28  1.47426e-08  9.53615e-12
      1288.61  1.47011e-08  9.22038e-12
      1288.94  1.46521e-08  9.19033e-12
      1289.27  1.02412e-08  7.45118e-12
      1289.61  7.45395e-09  6.64793e-12
      1289.94  5.88422e-09  6.16598e-12
      1290.27  3.92118e-09  5.39060e-12
      1290.61  3.36614e-09  5.50027e-12
      1290.94  2.52640e-09  5.07828e-12
      1291.27  1.83939e-09  4.68864e-12
      1291.61  2.14372e-09  4.78575e-12
      1291.94  3.61241e-09  5.79278e-12
      1292.27  6.35787e-09  7.17015e-12
      1292.61  9.39563e-09  8.92170e-12
      1292.94  6.80840e-09  7.33459e-12
      1293.28  5.00982e-09  6.48178e-12
      1293.61  6.70596e-09  7.61108e-12
      1293.95  8.78565e-09  8.16294e-12
      1294.28  1.31715e-08  9.73405e-12
      1294.62  1.48786e-08  9.91877e-12
      1294.95  1.25403e-08  8.49037e-12
      1295.29  1.18415e-08  8.13278e-12
      1295.62  1.01026e-08  7.51633e-12
      1295.96  7.34314e-09  6.44252e-12
      1296.29  6.32927e-09  6.27351e-12
      1296.63  6.62638e-09  6.70382e-12
      1296.97  8.39470e-09  7.43481e-12
      1297.30  1.33201e-08  9.43398e-12
      1297.64  1.78963e-08  1.11114e-11
      1297.98  1.50030e-08  1.01330e-11
      1298.31  9.32423e-09  8.18328e-12
      1298.65  5.07656e-09  6.31700e-12
      1298.99  3.79718e-09  5.74800e-12
      1299.33  6.81858e-09  7.50968e-12
      1299.66  1.27563e-08  1.05083e-11
      1300.00  1.42573e-08  1.07172e-11
      1300.34  1.22314e-08  9.59911e-12
      1300.68  8.25883e-09  7.42580e-12
      1301.02  8.53451e-09  7.11942e-12
      1301.35  1.51984e-08  9.50097e-12
      1301.69  1.82808e-08  1.01715e-11
      1302.03  1.76621e-08  1.00076e-11
      1302.37  1.56899e-08  9.27628e-12
      1302.71  1.82094e-08  1.02848e-11
      1303.05  2.01568e-08  1.07249e-11
      1303.39  2.31568e-08  1.16628e-11
      1303.73  2.49749e-08  1.22750e-11
      1304.07  2.31394e-08  1.19747e-11
      1304.41  2.35472e-08  1.26241e-11
      1304.75  2.50295e-08  1.34947e-11
      1305.09  2.62567e-08  1.41542e-11
      1305.43  3.11895e-08  1.58274e-11
      1305.77  3.70438e-08  1.71295e-11
      1306.11  3.69774e-08  1.69450e-11
      1306.46  2.44377e-08  1.31837e-11
      1306.80  1.13791e-08  8.56218e-12
      1307.14  5.72604e-09  6.22963e-12
      1307.48  3.80987e-09  5.25497e-12
      1307.82  3.00027e-09  4.77365e-12
      1308.16  3.01460e-09  4.72860e-12
      1308.51  3.64752e-09  5.10388e-12
      1308.85  2.95409e-09  4.60933e-12
      1309.19  2.07322e-09  3.95674e-12
      1309.53  1.88800e-09  3.87195e-12
      1309.88  1.87044e-09  3.98253e-12
      1310.22  2.04774e-09  4.28127e-12
      1310.56  2.74376e-09  4.96185e-12
      1310.91  5.24292e-09  6.63941e-12
      1311.25  9.73560e-09  9.20941e-12
      1311.60  9.74103e-09  9.16298e-12
      1311.94  5.62448e-09  6.89995e-12
      1312.28  2.84114e-09  5.09666e-12
      1312.63  1.87608e-09  4.32884e-12
      1312.97  1.58557e-09  3.98403e-12
      1313.32  2.20992e-09  4.37210e-12
      1313.66  3.71139e-09  5.51778e-12
      1314.01  3.04802e-09  4.91524e-12
      1314.35  1.68805e-09  3.89084e-12
      1314.70  1.25541e-09  3.55729e-12
      1315.05  1.25353e-09  3.42359e-12
      1315.39  1.45284e-09  3.90626e-12
      1315.74  1.89886e-09  4.08746e-12
      1316.08  2.99541e-09  4.90302e-12
      1316.43  6.38959e-09  7.14386e-12
      1316.78  1.13744e-08  9.98722e-12
      1317.12  8.70013e-09  8.68615e-12
      1317.47  3.85890e-09  6.03472e-12
      1317.82  2.21637e-09  4.73016e-12
      1318.17  2.30235e-09  4.63444e-12
      1318.51  3.99049e-09  5.71479e-12
      1318.86  4.97644e-09  6.25449e-12
      1319.21  3.30742e-09  5.18912e-12
      1319.56  1.86230e-09  4.22513e-12
      1319.91  1.86402e-09  4.18928e-12
      1320.25  1.87728e-09  4.06527e-12
      1320.60  1.87019e-09  3.91736e-12
      1320.95  2.33216e-09  4.17563e-12
      1321.30  3.49075e-09  4.86138e-12
      1321.65  7.45139e-09  6.97285e-12
      1322.00  1.38923e-08  1.01825e-11
      1322.35  1.17897e-08  9.69430e-12
      1322.70  5.75479e-09  7.03304e-12
      1323.05  3.52534e-09  5.89654e-12
      1323.40  3.91072e-09  6.13186e-12
      1323.75  4.67174e-09  6.41848e-12
      1324.10  4.83769e-09  6.29203e-12
      1324.45  3.47975e-09  5.25189e-12
      1324.80  2.41305e-09  4.48894e-12
      