227
      1249.95  1.10891e-08  1.77790e-11
      1250.27  5.52839e-09  1.28166e-11
      1250.58  1.93109e-09  8.80065e-12
      1250.89  1.35582e-09  8.03820e-12
      1251.20  1.75546e-09  8.21048e-12
      1251.52  2.66055e-09  9.59146e-12
      1251.83  4.65557e-09  1.20298e-11
      1252.14  6.09351e-09  1.36666e-11
      1252.46  5.82174e-09  1.36682e-11
      1252.77  5.27727e-09  1.29221e-11
      1253.09  8.65625e-09  1.56805e-11
      1253.40  1.64723e-08  2.09823e-11
      1253.71  2.05437e-08  2.31019e-11
      1254.03  1.28426e-08  1.74690e-11
      1254.34  6.19148e-09  1.18721e-11
      1254.66  7.51718e-09  1.31731e-11
      1254.97  1.14460e-08  1.68074e-11
      1255.29  8.05359e-09  1.38821e-11
      1255.60  3.74642e-09  9.84638e-12
      1255.92  4.00896e-09  1.02186e-11
      1256.23  6.89294e-09  1.21063e-11
      1256.55  1.08622e-08  1.50368e-11
      1256.87  7.89304e-09  1.21071e-11
      1257.18  3.68181e-09  8.29336e-12
      1257.50  2.63756e-09  7.63492e-12
      1257.81  2.97993e-09  7.97132e-12
      1258.13  3.74838e-09  8.84803e-12
      1258.45  3.73933e-09  8.75486e-12
      1258.76  3.85540e-09  8.77406e-12
      1259.08  6.75249e-09  1.07410e-11
      1259.40  1.44315e-08  1.52899e-11
      1259.72  2.00408e-08  1.79002e-11
      1260.03  1.49017e-08  1.50487e-11
      1260.35  1.07040e-08  1.28597e-11
      1260.67  1.39546e-08  1.58440e-11
      1260.99  1.31652e-08  1.56498e-11
      1261.30  1.04916e-08  1.41294e-11
      1261.62  1.28920e-08  1.63867e-11
      1261.94  1.38134e-08  1.66371e-11
      1262.26  1.38613e-08  1.68600e-11
      1262.58  1.05384e-08  1.40742e-11
      1262.90  1.08717e-08  1.40544e-11
      1263.22  1.62406e-08  1.79266e-11
      1263.54  1.37711e-08  1.64565e-11
      1263.86  8.74957e-09  1.33843e-11
      1264.17  6.76145e-09  1.22893e-11
      1264.49  4.92986e-09  1.05221e-11
      1264.81  5.24830e-09  1.03804e-11
      1265.13  1.04459e-08  1.38665e-11
      1265.45  1.63593e-08  1.69452e-11
      1265.77  1.46474e-08  1.56408e-11
      1266.10  7.88579e-09  1.12092e-11
      1266.42  4.00682e-09  8.27995e-12
      1266.74  3.38874e-09  7.85468e-12
      1267.06  4.50267e-09  8.63188e-12
      1267.38  9.47139e-09  1.16854e-11
      1267.70  1.82748e-08  1.64927e-11
      1268.02  1.92575e-08  1.57470e-11
      1268.34  1.89377e-08  1.53744e-11
      1268.67  1.71776e-08  1.41626e-11
      1268.99  1.69517e-08  1.45505e-11
      1269.31  1.33562e-08  1.31794e-11
      1269.63  8.71951e-09  1.10789e-11
      1269.95  7.25796e-09  1.06105e-11
      1270.28  8.97040e-09  1.17542e-11
      1270.60  1.47766e-08  1.55545e-11
      1270.92  1.79811e-08  1.68885e-11
      1271.25  1.95583e-08  1.74657e-11
      1271.57  1.91130e-08  1.77030e-11
      1271.89  1.16544e-08  1.37781e-11
      1272.22  5.24882e-09  9.64800e-12
      1272.54  3.20698e-09  8.44188e-12
      1272.86  2.61234e-09  8.12432e-12
      1273.19  2.45124e-09  7.82847e-12
      1273.51  2.95276e-09  8.17314e-12
      1273.84  4.53661e-09  9.54957e-12
      1274.16  5.97241e-09  1.02504e-11
      1274.49  7.69879e-09  1.07206e-11
      1274.81  1.37324e-08  1.43430e-11
      1275.14  1.90904e-08  1.69749e-11
      1275.46  1.72223e-08  1.60385e-11
      1275.79  1.12596e-08  1.29145e-11
      1276.11  7.24914e-09  1.02466e-11
      1276.44  9.38642e-09  1.10993e-11
      1276.76  1.62678e-08  1.47835e-11
      1277.09  1.68598e-08  1.39838e-11
      1277.42  1.72116e-08  1.44684e-11
      1277.74  1.21064e-08  1.21792e-11
      1278.07  5.63210e-09  8.61774e-12
      1278.40  3.39180e-09  7.51009e-12
      1278.72  2.66663e-09  7.25237e-12
      1279.05  2.64035e-09  7.36532e-12
      1279.38  3.50678e-09  8.35762e-12
      1279.71  5.23941e-09  9.82141e-12
      1280.03  6.85116e-09  1.11026e-11
      1280.36  6.32856e-09  1.04771e-11
      1280.69  6.58221e-09  1.08884e-11
      1281.02  8.60589e-09  1.25730e-11
      1281.34  1.25242e-08  1.53196e-11
      1281.67  1.50873e-08  1.71979e-11
      1282.00  1.19668e-08  1.48262e-11
      1282.33  1.22031e-08  1.44571e-11
      1282.66  1.84900e-08  1.72706e-11
      1282.99  2.34800e-08  1.86685e-11
      1283.32  2.34478e-08  1.80545e-11
      1283.65  1.65440e-08  1.49498e-11
      1283.98  8.76955e-09  1.08771e-11
      1284.31  5.03259e-09  8.57969e-12
      1284.64  3.76306e-09  7.92091e-12
      1284.97  3.70706e-09  7.59333e-12
      1285.30  4.47829e-09  8.52089e-12
      1285.63  3.80868e-09  7.65979e-12
      1285.96  3.45832e-09  7.03395e-12
      1286.29  5.34734e-09  8.81460e-12
      1286.62  7.67519e-09  1.10336e-11
      1286.95  7.14995e-09  1.07034e-11
      1287.28  8.78967e-09  1.21157e-11
      1287.61  1.55652e-08  1.71261e-11
      1287.95  1.86056e-08  1.84815e-11
      1288.28  1.84441e-08  1.81992e-11
      1288.61  1.83101e-08  1.77602e-11
      1288.94  1.80063e-08  1.75096e-11
      1289.27  1.30413e-08  1.45216e-11
      1289.61  9.42003e-09  1.25214e-11
      1289.94  7.55597e-09  1.14817e-11
      1290.27  5.20776e-09  9.52248e-12
      1290.61  4.36412e-09  8.95582e-12
      1290.94  3.38915e-09  7.82763e-12
      1291.27  2.53345e-09  6.63166e-12
      1291.61  2.91908e-09  6.61450e-12
      1291.94  4.67291e-09  7.92141e-12
      1292.27  8.02269e-09  9.88085e-12
      1292.61  1.13089e-08  1.23034e-11
      1292.94  8.53120e-09  1.07588e-11
      1293.28  6.65933e-09  9.98530e-12
      1293.61  8.64677e-09  1.18909e-11
      1293.95  1.11936e-08  1.32636e-11
      1294.28  1.67406e-08  1.67069e-11
      1294.62  1.87264e-08  1.75949e-11
      1294.95  1.57293e-08  1.57996e-11
      1295.29  1.51743e-08  1.61401e-11
      1295.62  1.29129e-08  1.51417e-11
      1295.96  9.41656e-09  1.30232e-11
      1296.29  8.13153e-09  1.23314e-11
      1296.63  8.44350e-09  1.24129e-11
      1296.97  1.02794e-08  1.27844e-11
      1297.30  1.59605e-08  1.51653e-11
      1297.64  2.18560e-08  1.74277e-11
      1297.98  1.83409e-08  1.51706e-11
      1298.31  1.14778e-08  1.18972e-11
      1298.65  6.45809e-09  9.11096e-12
      1298.99  4.89210e-09  8.04917e-12
      1299.33  8.46550e-09  1.04272e-11
      1299.66  1.55352e-08  1.46046e-11
      1300.00  1.75710e-08  1.55051e-11
      1300.34  1.53083e-08  1.45806e-11
      1300.68  1.06797e-08  1.21684e-11
      1301.02  1.08980e-08  1.26383e-11
      1301.35  1.87700e-08  1.75914e-11
      1301.69  2.25382e-08  1.94695e-11
      1302.03  2.15975e-08  1.93587e-11
      1302.37  1.92644e-08  1.79980e-11
      1302.71  2.17806e-08  1.91529e-11
      1303.05  2.41318e-08  1.93144e-11
      1303.39  2.72329e-08  1.98818e-11
      1303.73  2.93120e-08  2.00119e-11
      1304.07  2.73270e-08  1.87477e-11
      1304.41  2.76366e-08  1.86854e-11
      1304.75  2.93229e-08  1.90506e-11
      1305.09  3.07920e-08  1.92495e-11
      1305.43  3.61454e-08  2.07139e-11
      1305.77  4.26738e-08  2.27482e-11
      1306.11  4.23584e-08  2.29267e-11
      1306.46  2.89839e-08  1.90308e-11
      1306.80  1.44532e-08  1.38361e-11
      1307.14  7.69391e-09  1.08999e-11
      1307.48  5.24858e-09  9.70428e-12
      1307.82  4.18692e-09  9.22550e-12
      1308.16  4.16676e-09  9.32330e-12
      1308.51  4.83906e-09  1.01527e-11
      1308.85  3.96225e-09  8.84201e-12
      1309.19  2.88168e-09  7.53556e-12
      1309.53  2.60666e-09  7.29410e-12
      1309.88  2.55879e-09  6.89990e-12
      1310.22  2.74225e-09  6.93210e-12
      1310.56  3.55184e-09  7.66478e-12
      1310.91  6.45741e-09  9.40194e-12
      1311.25  1.19686e-08  1.28242e-11
      1311.60  1.19712e-08  1.24442e-11
      1311.94  7.07928e-09  9.47189e-12
      1312.28  3.76177e-09  7.44276e-12
      1312.63  2.58486e-09  6.66362e-12
      1312.97  2.22931e-09  6.53685e-12
      1313.32  3.00835e-09  7.51688e-12
      1313.66  5.04911e-09  1.03685e-11
      1314.01  4.13386e-09  9.37607e-12
      1314.35  2.36156e-09  7.45411e-12
      1314.70  1.81860e-09  6.90553e-12
      1315.05  1.79780e-09  6.39960e-12
      1315.39  2.02559e-09  6.49333e-12
      1315.74  2.56056e-09  6.93208e-12
      1316.08  3.86940e-09  7.94461e-12
      1316.43  7.80202e-09  1.04906e-11
      1316.78  1.35873e-08  1.40282e-11
      1317.12  1.07041e-08  1.19695e-11
      1317.47  4.98263e-09  8.17282e-12
      1317.82  3.00577e-09  6.71806e-12
      1318.17  3.12890e-09  6.89692e-12
      1318.51  5.24672e-09  9.19722e-12
      1318.86  6.52393e-09  1.05837e-11
      1319.21  4.39320e-09  9.14487e-12
      1319.56  2.54900e-09  7.50588e-12
      1319.91  2.60044e-09  7.98523e-12
      1320.25  2.62382e-09  8.07034e-12
      1320.60  2.59103e-09  7.54274e-12
      1320.95  3.13060e-09  7.79661e-12
      1321.30  4.52015e-09  8.78477e-12
      1321.65  9.01286e-09  1.14327e-11
      1322.00  1.63561e-08  1.55416e-11
      1322.35  1.42658e-08  1.41167e-11
      1322.70  7.23378e-09  9.82169e-12
      1323.05  4.55754e-09  7.97116e-12
      1323.40  5.02568e-09  8.41825e-12
      1323.75  6.01680e-09  9.28158e-12
      1324.10  6.24104e-09  9.67886e-12
      1324.45  4.69061e-09  8.75472e-12
      1324.80  3.33382e-09  7.93807e-12
      