227
      1249.95  2.43732e-08  3.10848e-11
      1250.27  1.29008e-08  2.21870e-11
      1250.58  5.15952e-09  1.46386e-11
      1250.89  3.81636e-09  1.27269e-11
      1251.20  4.83266e-09  1.35071e-11
      1251.52  6.89140e-09  1.48040e-11
      1251.83  1.13813e-08  1.86594e-11
      1252.14  1.48156e-08  2.10861e-11
      1252.46  1.46428e-08  2.12262e-11
      1252.77  1.37854e-08  2.01575e-11
      1253.09  2.07496e-08  2.42127e-11
      1253.40  3.61326e-08  3.13779e-11
      1253.71  4.34303e-08  3.39951e-11
      1254.03  2.88915e-08  2.62141e-11
      1254.34  1.60345e-08  1.84868e-11
      1254.66  1.87210e-08  1.97265e-11
      1254.97  2.65240e-08  2.43484e-11
      1255.29  1.91619e-08  2.03040e-11
      1255.60  1.00833e-08  1.53479e-11
      1255.92  9.24218e-09  1.67093e-11
      1256.23  1.43331e-08  2.26277e-11
      1256.55  2.21247e-08  2.87333e-11
      1256.87  1.60883e-08  2.29158e-11
      1257.18  8.25676e-09  1.60822e-11
      1257.50  6.31136e-09  1.46222e-11
      1257.81  7.07436e-09  1.55809e-11
      1258.13  8.82335e-09  1.78479e-11
      1258.45  9.04229e-09  1.81247e-11
      1258.76  9.69277e-09  1.84443e-11
      1259.08  1.59504e-08  2.26773e-11
      1259.40  2.96664e-08  3.03442e-11
      1259.72  3.87320e-08  3.40337e-11
      1260.03  3.04568e-08  2.86875e-11
      1260.35  2.34476e-08  2.43327e-11
      1260.67  2.85413e-08  2.80436e-11
      1260.99  2.73135e-08  2.77441e-11
      1261.30  2.29840e-08  2.49501e-11
      1261.62  2.73052e-08  2.82856e-11
      1261.94  2.90456e-08  2.80951e-11
      1262.26  2.97236e-08  2.81626e-11
      1262.58  2.29906e-08  2.30445e-11
      1262.90  2.40184e-08  2.22887e-11
      1263.22  3.50690e-08  2.79661e-11
      1263.54  2.98530e-08  2.48680e-11
      1263.86  2.03882e-08  2.03666e-11
      1264.17  1.69323e-08  1.90737e-11
      1264.49  1.28294e-08  1.64446e-11
      1264.81  1.33364e-08  1.62764e-11
      1265.13  2.40803e-08  2.13102e-11
      1265.45  3.58260e-08  2.54034e-11
      1265.77  3.25608e-08  2.30609e-11
      1266.10  1.91162e-08  1.69924e-11
      1266.42  1.09629e-08  1.34595e-11
      1266.74  8.62603e-09  1.36482e-11
      1267.06  1.05275e-08  1.73152e-11
      1267.38  1.99329e-08  2.40311e-11
      1267.70  3.38352e-08  3.16321e-11
      1268.02  3.70258e-08  3.16425e-11
      1268.34  3.68466e-08  3.10959e-11
      1268.67  3.42844e-08  2.88739e-11
      1268.99  3.40766e-08  2.89734e-11
      1269.31  2.73778e-08  2.57254e-11
      1269.63  1.93366e-08  2.20118e-11
      1269.95  1.63401e-08  2.07456e-11
      1270.28  1.89053e-08  2.18573e-11
      1270.60  3.01226e-08  2.84141e-11
      1270.92  3.56620e-08  2.94290e-11
      1271.25  3.89571e-08  2.97136e-11
      1271.57  3.89072e-08  2.90653e-11
      1271.89  2.46805e-08  2.21311e-11
      1272.22  1.24096e-08  1.58160e-11
      1272.54  8.43047e-09  1.35044e-11
      1272.86  7.16886e-09  1.28089e-11
      1273.19  6.80489e-09  1.23856e-11
      1273.51  7.94771e-09  1.30237e-11
      1273.84  1.14448e-08  1.49241e-11
      1274.16  1.48285e-08  1.61476e-11
      1274.49  1.89243e-08  1.68444e-11
      1274.81  3.03924e-08  2.11941e-11
      1275.14  4.02999e-08  2.44960e-11
      1275.46  3.72132e-08  2.44032e-11
      1275.79  2.52139e-08  2.25499e-11
      1276.11  1.57976e-08  2.05273e-11
      1276.44  1.98277e-08  2.29068e-11
      1276.76  3.11847e-08  2.89663e-11
      1277.09  3.27389e-08  2.78309e-11
      1277.42  3.39579e-08  2.86720e-11
      1277.74  2.41255e-08  2.34854e-11
      1278.07  1.26043e-08  1.71520e-11
      1278.40  8.15915e-09  1.45427e-11
      1278.72  6.48948e-09  1.34116e-11
      1279.05  6.43287e-09  1.37280e-11
      1279.38  8.47491e-09  1.51609e-11
      1279.71  1.19665e-08  1.70326e-11
      1280.03  1.55381e-08  1.86729e-11
      1280.36  1.45721e-08  1.70757e-11
      1280.69  1.54290e-08  1.71983e-11
      1281.02  1.98871e-08  1.93463e-11
      1281.34  2.74522e-08  2.28278e-11
      1281.67  3.23407e-08  2.49488e-11
      1282.00  2.68751e-08  2.23212e-11
      1282.33  2.73792e-08  2.17521e-11
      1282.66  3.91464e-08  2.54669e-11
      1282.99  4.81472e-08  2.69705e-11
      1283.32  4.76806e-08  2.71550e-11
      1283.65  3.39654e-08  2.48596e-11
      1283.98  1.77196e-08  2.08692e-11
      1284.31  1.11359e-08  1.74009e-11
      1284.64  8.73851e-09  1.60043e-11
      1284.97  8.74192e-09  1.61683e-11
      1285.30  1.02448e-08  1.74098e-11
      1285.63  8.93273e-09  1.55712e-11
      1285.96  8.30433e-09  1.42606e-11
      1286.29  1.18412e-08  1.64696e-11
      1286.62  1.64150e-08  1.97570e-11
      1286.95  1.53655e-08  1.87045e-11
      1287.28  1.85037e-08  2.01878e-11
      1287.61  3.14688e-08  2.75360e-11
      1287.95  3.73865e-08  2.91088e-11
      1288.28  3.76453e-08  2.82393e-11
      1288.61  3.78591e-08  2.68486e-11
      1288.94  3.74607e-08  2.57570e-11
      1289.27  2.82920e-08  2.13070e-11
      1289.61  2.18487e-08  1.86612e-11
      1289.94  1.83875e-08  1.72480e-11
      1290.27  1.32544e-08  1.44653e-11
      1290.61  1.12301e-08  1.38241e-11
      1290.94  8.87226e-09  1.32493e-11
      1291.27  6.04196e-09  1.21253e-11
      1291.61  6.77741e-09  1.33104e-11
      1291.94  1.06569e-08  1.60675e-11
      1292.27  1.72786e-08  2.01250e-11
      1292.61  2.33104e-08  2.43416e-11
      1292.94  1.81559e-08  2.09251e-11
      1293.28  1.49881e-08  1.92226e-11
      1293.61  1.89596e-08  2.20841e-11
      1293.95  2.35411e-08  2.35948e-11
      1294.28  3.34500e-08  2.76580e-11
      1294.62  3.74972e-08  2.80112e-11
      1294.95  3.27455e-08  2.47267e-11
      1295.29  3.24649e-08  2.46624e-11
      1295.62  2.87353e-08  2.27666e-11
      1295.96  2.20958e-08  1.97749e-11
      1296.29  1.95361e-08  1.85750e-11
      1296.63  2.02921e-08  1.87102e-11
      1296.97  2.40635e-08  1.93967e-11
      1297.30  3.42144e-08  2.23709e-11
      1297.64  4.34214e-08  2.71724e-11
      1297.98  3.53604e-08  2.69617e-11
      1298.31  2.32804e-08  2.35945e-11
      1298.65  1.44815e-08  1.88032e-11
      1298.99  1.18240e-08  1.72884e-11
      1299.33  1.85516e-08  2.17556e-11
      1299.66  3.05419e-08  2.78714e-11
      1300.00  3.42893e-08  2.85686e-11
      1300.34  3.04071e-08  2.63018e-11
      1300.68  2.26207e-08  2.14745e-11
      1301.02  2.32409e-08  2.10640e-11
      1301.35  3.68252e-08  2.70798e-11
      1301.69  4.41839e-08  2.93433e-11
      1302.03  4.28392e-08  2.87054e-11
      1302.37  3.91048e-08  2.62542e-11
      1302.71  4.35643e-08  2.72935e-11
      1303.05  4.76871e-08  2.70309e-11
      1303.39  5.31906e-08  2.75294e-11
      1303.73  5.62048e-08  2.81027e-11
      1304.07  5.10814e-08  2.91185e-11
      1304.41  4.87616e-08  3.37252e-11
      1304.75  5.15519e-08  3.58499e-11
      1305.09  5.41406e-08  3.67474e-11
      1305.43  6.25746e-08  3.95059e-11
      1305.77  7.20297e-08  4.13608e-11
      1306.11  7.14152e-08  4.06670e-11
      1306.46  5.04645e-08  3.28023e-11
      1306.80  2.78387e-08  2.36868e-11
      1307.14  1.67696e-08  1.87124e-11
      1307.48  1.22871e-08  1.62191e-11
      1307.82  1.01786e-08  1.47836e-11
      1308.16  1.01251e-08  1.43598e-11
      1308.51  1.18885e-08  1.53075e-11
      1308.85  9.98639e-09  1.32430e-11
      1309.19  7.49578e-09  1.10130e-11
      1309.53  6.94420e-09  1.04849e-11
      1309.88  6.77415e-09  1.02876e-11
      1310.22  6.68482e-09  1.14681e-11
      1310.56  7.96365e-09  1.46105e-11
      1310.91  1.35222e-08  1.89061e-11
      1311.25  2.31212e-08  2.51301e-11
      1311.60  2.36797e-08  2.48549e-11
      1311.94  1.50697e-08  1.88764e-11
      1312.28  8.58977e-09  1.40324e-11
      1312.63  6.14947e-09  1.21425e-11
      1312.97  5.49384e-09  1.13827e-11
      1313.32  7.25470e-09  1.28541e-11
      1313.66  1.10140e-08  1.60254e-11
      1314.01  9.77478e-09  1.46633e-11
      1314.35  6.15473e-09  1.12785e-11
      1314.70  4.86934e-09  9.69365e-12
      1315.05  4.82462e-09  9.25437e-12
      1315.39  5.38586e-09  9.38290e-12
      1315.74  6.47368e-09  1.03887e-11
      1316.08  8.41771e-09  1.30210e-11
      1316.43  1.60279e-08  2.03713e-11
      1316.78  2.50834e-08  2.66193e-11
      1317.12  2.05158e-08  2.36567e-11
      1317.47  1.11315e-08  1.66471e-11
      1317.82  7.12728e-09  1.31729e-11
      1318.17  7.35058e-09  1.29858e-11
      1318.51  1.16193e-08  1.61371e-11
      1318.86  1.42252e-08  1.81524e-11
      1319.21  1.00659e-08  1.50724e-11
      1319.56  6.42439e-09  1.18550e-11
      1319.91  6.53657e-09  1.21135e-11
      1320.25  6.66666e-09  1.16241e-11
      1320.60  6.70908e-09  1.08152e-11
      1320.95  7.94153e-09  1.12184e-11
      1321.30  1.03357e-08  1.26319e-11
      1321.65  1.64556e-08  1.74705e-11
      1322.00  3.01718e-08  2.85012e-11
      1322.35  2.61501e-08  2.64066e-11
      1322.70  1.46031e-08  1.96188e-11
      1323.05  1.01668e-08  1.62198e-11
      1323.40  1.13811e-08  1.69595e-11
      1323.75  1.33552e-08  1.77038e-11
      1324.10  1.41887e-08  1.79500e-11
      1324.45  1.06769e-08  1.50183e-11
      1324.80  7.98479e-09  1.31890e-11
      