227
      1249.95  1.95625e-08  2.37933e-11
      1250.27  1.01306e-08  1.70759e-11
      1250.58  3.88144e-09  1.13422e-11
      1250.89  2.82767e-09  9.98141e-12
      1251.20  3.60794e-09  1.06593e-11
      1251.52  5.24970e-09  1.20918e-11
      1251.83  8.85454e-09  1.55163e-11
      1252.14  1.15311e-08  1.78022e-11
      1252.46  1.13098e-08  1.80363e-11
      1252.77  1.05865e-08  1.74304e-11
      1253.09  1.63165e-08  2.12901e-11
      1253.40  2.91132e-08  2.79679e-11
      1253.71  3.53613e-08  3.01164e-11
      1254.03  2.32387e-08  2.29870e-11
      1254.34  1.24888e-08  1.60476e-11
      1254.66  1.47157e-08  1.73863e-11
      1254.97  2.12584e-08  2.17688e-11
      1255.29  1.52377e-08  1.80633e-11
      1255.60  7.85414e-09  1.30866e-11
      1255.92  8.17143e-09  1.37969e-11
      1256.23  1.29823e-08  1.61874e-11
      1256.55  2.01269e-08  2.00807e-11
      1256.87  1.46863e-08  1.59009e-11
      1257.18  7.35357e-09  1.08946e-11
      1257.50  5.47024e-09  9.63972e-12
      1257.81  6.06471e-09  1.01675e-11
      1258.13  7.51917e-09  1.16188e-11
      1258.45  7.58346e-09  1.16819e-11
      1258.76  7.95097e-09  1.18376e-11
      1259.08  1.30807e-08  1.47511e-11
      1259.40  2.46911e-08  1.99986e-11
      1259.72  3.25579e-08  2.29944e-11
      1260.03  2.54097e-08  1.97156e-11
      1260.35  1.92371e-08  1.70238e-11
      1260.67  2.35478e-08  2.01799e-11
      1260.99  2.23885e-08  2.03871e-11
      1261.30  1.85993e-08  1.87315e-11
      1261.62  2.21928e-08  2.17323e-11
      1261.94  2.35841e-08  2.19352e-11
      1262.26  2.40678e-08  2.25641e-11
      1262.58  1.83275e-08  1.83992e-11
      1262.90  1.91747e-08  1.82241e-11
      1263.22  2.84910e-08  2.36876e-11
      1263.54  2.40402e-08  2.13099e-11
      1263.86  1.60750e-08  1.76454e-11
      1264.17  1.32066e-08  1.69302e-11
      1264.49  9.87072e-09  1.44062e-11
      1264.81  1.03591e-08  1.42028e-11
      1265.13  1.92751e-08  1.89021e-11
      1265.45  2.91304e-08  2.26447e-11
      1265.77  2.64123e-08  2.05273e-11
      1266.10  1.51986e-08  1.49089e-11
      1266.42  8.48354e-09  1.13214e-11
      1266.74  7.21429e-09  1.07475e-11
      1267.06  9.31538e-09  1.19440e-11
      1267.38  1.76256e-08  1.60759e-11
      1267.70  3.02656e-08  2.10596e-11
      1268.02  3.29117e-08  2.07857e-11
      1268.34  3.23691e-08  2.01876e-11
      1268.67  2.96637e-08  1.86482e-11
      1268.99  2.90836e-08  1.89402e-11
      1269.31  2.30142e-08  1.69703e-11
      1269.63  1.58483e-08  1.46215e-11
      1269.95  1.32421e-08  1.41016e-11
      1270.28  1.54305e-08  1.54237e-11
      1270.60  2.49484e-08  2.07876e-11
      1270.92  2.95234e-08  2.19163e-11
      1271.25  3.21149e-08  2.26364e-11
      1271.57  3.19907e-08  2.27193e-11
      1271.89  1.99552e-08  1.75350e-11
      1272.22  9.68160e-09  1.26502e-11
      1272.54  6.41567e-09  1.10992e-11
      1272.86  5.39280e-09  1.06595e-11
      1273.19  5.13863e-09  1.05649e-11
      1273.51  6.07695e-09  1.11372e-11
      1273.84  8.91739e-09  1.29237e-11
      1274.16  1.16584e-08  1.39645e-11
      1274.49  1.50288e-08  1.47341e-11
      1274.81  2.46290e-08  1.87447e-11
      1275.14  3.29885e-08  2.17193e-11
      1275.46  3.02182e-08  2.07445e-11
      1275.79  2.06272e-08  1.73063e-11
      1276.11  1.41335e-08  1.40646e-11
      1276.44  1.74438e-08  1.51580e-11
      1276.76  2.75745e-08  1.91192e-11
      1277.09  2.86989e-08  1.82474e-11
      1277.42  2.94178e-08  1.88834e-11
      1277.74  2.05835e-08  1.55822e-11
      1278.07  1.03299e-08  1.13606e-11
      1278.40  6.51482e-09  9.90342e-12
      1278.72  5.14025e-09  9.57612e-12
      1279.05  5.06489e-09  9.84368e-12
      1279.38  6.64164e-09  1.11589e-11
      1279.71  9.47332e-09  1.30235e-11
      1280.03  1.23771e-08  1.47306e-11
      1280.36  1.15190e-08  1.37288e-11
      1280.69  1.21503e-08  1.43351e-11
      1281.02  1.57346e-08  1.65246e-11
      1281.34  2.20710e-08  2.01292e-11
      1281.67  2.62674e-08  2.25670e-11
      1282.00  2.16446e-08  1.98975e-11
      1282.33  2.21026e-08  1.94167e-11
      1282.66  3.20903e-08  2.28345e-11
      1282.99  3.98306e-08  2.40338e-11
      1283.32  3.94013e-08  2.29926e-11
      1283.65  2.84152e-08  1.91353e-11
      1283.98  1.61502e-08  1.43352e-11
      1284.31  9.87120e-09  1.15542e-11
      1284.64  7.52387e-09  1.03634e-11
      1284.97  7.35687e-09  1.03437e-11
      1285.30  8.49542e-09  1.12930e-11
      1285.63  7.25531e-09  1.01128e-11
      1285.96  6.62243e-09  9.43728e-12
      1286.29  9.58226e-09  1.14280e-11
      1286.62  1.33709e-08  1.41744e-11
      1286.95  1.24124e-08  1.39115e-11
      1287.28  1.49542e-08  1.56767e-11
      1287.61  2.58456e-08  2.21762e-11
      1287.95  3.07493e-08  2.40047e-11
      1288.28  3.08064e-08  2.37102e-11
      1288.61  3.08943e-08  2.30439e-11
      1288.94  3.05837e-08  2.25847e-11
      1289.27  2.28574e-08  1.88242e-11
      1289.61  1.74192e-08  1.64488e-11
      1289.94  1.45327e-08  1.52644e-11
      1290.27  1.03644e-08  1.28113e-11
      1290.61  8.75917e-09  1.20228e-11
      1290.94  6.84698e-09  1.04319e-11
      1291.27  5.10820e-09  8.67548e-12
      1291.61  5.82861e-09  8.77955e-12
      1291.94  9.03439e-09  1.03855e-11
      1292.27  1.45355e-08  1.30012e-11
      1292.61  1.95802e-08  1.60524e-11
      1292.94  1.50076e-08  1.40769e-11
      1293.28  1.20906e-08  1.32442e-11
      1293.61  1.53627e-08  1.58589e-11
      1293.95  1.91771e-08  1.75009e-11
      1294.28  2.75824e-08  2.14709e-11
      1294.62  3.08948e-08  2.25194e-11
      1294.95  2.66331e-08  2.04225e-11
      1295.29  2.62549e-08  2.09127e-11
      1295.62  2.30243e-08  1.98330e-11
      1295.96  1.74822e-08  1.75471e-11
      1296.29  1.54119e-08  1.65047e-11
      1296.63  1.60702e-08  1.66740e-11
      1296.97  1.92039e-08  1.71733e-11
      1297.30  2.79801e-08  1.96254e-11
      1297.64  3.66920e-08  2.18908e-11
      1297.98  3.15002e-08  1.94260e-11
      1298.31  2.09042e-08  1.55982e-11
      1298.65  1.25931e-08  1.21747e-11
      1298.99  9.79565e-09  1.09819e-11
      1299.33  1.52290e-08  1.41436e-11
      1299.66  2.54164e-08  1.88168e-11
      1300.00  2.86301e-08  2.00093e-11
      1300.34  2.52122e-08  1.90278e-11
      1300.68  1.84316e-08  1.60568e-11
      1301.02  1.88339e-08  1.64336e-11
      1301.35  3.03472e-08  2.21891e-11
      1301.69  3.65000e-08  2.49799e-11
      1302.03  3.52891e-08  2.49452e-11
      1302.37  3.20571e-08  2.33165e-11
      1302.71  3.59694e-08  2.45894e-11
      1303.05  3.95594e-08  2.42089e-11
      1303.39  4.44360e-08  2.45687e-11
      1303.73  4.73499e-08  2.46835e-11
      1304.07  4.42523e-08  2.30819e-11
      1304.41  4.45155e-08  2.32912e-11
      1304.75  4.66786e-08  2.38961e-11
      1305.09  4.83251e-08  2.42997e-11
      1305.43  5.51785e-08  2.63880e-11
      1305.77  6.30976e-08  2.84252e-11
      1306.11  6.24178e-08  2.90018e-11
      1306.46  4.35381e-08  2.41981e-11
      1306.80  2.32127e-08  1.79062e-11
      1307.14  1.34646e-08  1.46180e-11
      1307.48  9.65687e-09  1.29860e-11
      1307.82  7.90649e-09  1.22661e-11
      1308.16  7.87284e-09  1.23021e-11
      1308.51  9.32242e-09  1.33759e-11
      1308.85  7.76371e-09  1.16116e-11
      1309.19  5.76850e-09  9.58268e-12
      1309.53  5.36408e-09  9.10521e-12
      1309.88  5.27247e-09  8.83353e-12
      1310.22  5.55396e-09  8.96877e-12
      1310.56  6.94682e-09  9.81561e-12
      1310.91  1.16334e-08  1.22055e-11
      1311.25  1.99349e-08  1.62804e-11
      1311.60  2.02286e-08  1.63999e-11
      1311.94  1.25117e-08  1.26661e-11
      1312.28  6.92846e-09  9.77623e-12
      1312.63  4.87739e-09  8.86038e-12
      1312.97  4.30583e-09  8.68861e-12
      1313.32  5.68141e-09  1.02547e-11
      1313.66  8.71217e-09  1.32487e-11
      1314.01  7.67449e-09  1.24065e-11
      1314.35  4.71761e-09  9.76175e-12
      1314.70  3.70595e-09  8.54838e-12
      1315.05  3.68550e-09  8.16741e-12
      1315.39  4.14730e-09  8.23151e-12
      1315.74  5.18536e-09  8.83323e-12
      1316.08  7.52501e-09  1.01092e-11
      1316.43  1.40647e-08  1.34677e-11
      1316.78  2.21800e-08  1.74563e-11
      1317.12  1.80263e-08  1.55843e-11
      1317.47  9.35713e-09  1.10351e-11
      1317.82  5.73559e-09  8.95893e-12
      1318.17  5.84687e-09  9.26197e-12
      1318.51  9.31647e-09  1.22201e-11
      1318.86  1.13912e-08  1.42526e-11
      1319.21  7.93406e-09  1.22050e-11
      1319.56  4.96619e-09  1.00945e-11
      1319.91  5.04906e-09  1.04113e-11
      1320.25  5.12043e-09  1.00920e-11
      1320.60  5.15557e-09  9.57055e-12
      1320.95  6.18918e-09  9.93806e-12
      1321.30  8.50770e-09  1.08016e-11
      1321.65  1.53984e-08  1.37804e-11
      1322.00  2.72904e-08  1.90823e-11
      1322.35  2.36530e-08  1.74079e-11
      1322.70  1.27206e-08  1.27782e-11
      1323.05  8.36660e-09  1.06627e-11
      1323.40  9.19230e-09  1.14850e-11
      1323.75  1.07905e-08  1.26217e-11
      1324.10  1.13993e-08  1.33609e-11
      1324.45  8.46381e-09  1.16726e-11
      1324.80  6.21432e-09  1.06544e-11
      