227
      1249.95  1.50182e-08  1.78351e-11
      1250.27  7.61866e-09  1.29042e-11
      1250.58  2.79470e-09  8.75322e-12
      1250.89  2.01393e-09  7.77892e-12
      1251.20  2.57866e-09  8.11638e-12
      1251.52  3.82105e-09  9.13810e-12
      1251.83  6.58072e-09  1.21557e-11
      1252.14  8.56574e-09  1.39551e-11
      1252.46  8.30571e-09  1.43185e-11
      1252.77  7.69282e-09  1.40057e-11
      1253.09  1.21922e-08  1.73740e-11
      1253.40  2.23528e-08  2.31906e-11
      1253.71  2.74157e-08  2.53435e-11
      1254.03  1.76921e-08  1.93778e-11
      1254.34  9.13255e-09  1.35478e-11
      1254.66  1.09145e-08  1.50085e-11
      1254.97  1.61721e-08  1.92332e-11
      1255.29  1.14896e-08  1.61300e-11
      1255.60  5.66234e-09  1.16764e-11
      1255.92  6.03390e-09  1.24754e-11
      1256.23  9.94668e-09  1.47901e-11
      1256.55  1.57205e-08  1.86723e-11
      1256.87  1.13477e-08  1.48596e-11
      1257.18  5.48770e-09  1.00794e-11
      1257.50  4.02073e-09  8.77990e-12
      1257.81  4.49786e-09  9.28780e-12
      1258.13  5.61785e-09  1.05152e-11
      1258.45  5.60947e-09  1.03188e-11
      1258.76  5.85290e-09  1.01836e-11
      1259.08  9.90071e-09  1.23918e-11
      1259.40  1.94047e-08  1.65883e-11
      1259.72  2.60007e-08  1.86948e-11
      1260.03  2.01000e-08  1.56269e-11
      1260.35  1.49573e-08  1.31338e-11
      1260.67  1.85112e-08  1.54513e-11
      1260.99  1.74826e-08  1.53974e-11
      1261.30  1.43329e-08  1.40013e-11
      1261.62  1.72403e-08  1.63104e-11
      1261.94  1.83001e-08  1.64778e-11
      1262.26  1.86272e-08  1.69797e-11
      1262.58  1.39841e-08  1.40029e-11
      1262.90  1.46187e-08  1.40588e-11
      1263.22  2.20795e-08  1.85282e-11
      1263.54  1.84580e-08  1.67633e-11
      1263.86  1.20143e-08  1.38829e-11
      1264.17  9.71469e-09  1.34029e-11
      1264.49  7.16120e-09  1.16115e-11
      1264.81  7.55412e-09  1.17050e-11
      1265.13  1.45868e-08  1.59500e-11
      1265.45  2.24485e-08  1.95873e-11
      1265.77  2.03394e-08  1.81096e-11
      1266.10  1.14072e-08  1.32507e-11
      1266.42  6.12064e-09  9.96938e-12
      1266.74  5.26642e-09  9.61328e-12
      1267.06  6.96948e-09  1.08956e-11
      1267.38  1.37304e-08  1.47420e-11
      1267.70  2.42690e-08  1.95738e-11
      1268.02  2.62999e-08  1.90853e-11
      1268.34  2.57530e-08  1.81372e-11
      1268.67  2.34666e-08  1.63034e-11
      1268.99  2.30114e-08  1.61910e-11
      1269.31  1.80631e-08  1.41166e-11
      1269.63  1.21872e-08  1.17299e-11
      1269.95  1.01009e-08  1.10273e-11
      1270.28  1.19512e-08  1.19389e-11
      1270.60  1.97415e-08  1.59347e-11
      1270.92  2.34194e-08  1.67565e-11
      1271.25  2.54790e-08  1.73576e-11
      1271.57  2.52811e-08  1.74654e-11
      1271.89  1.54145e-08  1.34200e-11
      1272.22  7.16538e-09  9.70854e-12
      1272.54  4.62819e-09  8.69895e-12
      1272.86  3.85440e-09  8.43349e-12
      1273.19  3.65532e-09  8.48808e-12
      1273.51  4.38125e-09  9.21366e-12
      1273.84  6.56370e-09  1.07007e-11
      1274.16  8.65006e-09  1.18191e-11
      1274.49  1.13025e-08  1.27745e-11
      1274.81  1.90240e-08  1.67591e-11
      1275.14  2.57689e-08  1.98420e-11
      1275.46  2.35574e-08  1.91593e-11
      1275.79  1.60270e-08  1.59835e-11
      1276.11  1.08394e-08  1.29476e-11
      1276.44  1.35862e-08  1.39160e-11
      1276.76  2.19931e-08  1.76184e-11
      1277.09  2.28093e-08  1.63975e-11
      1277.42  2.33930e-08  1.64817e-11
      1277.74  1.62252e-08  1.31768e-11
      1278.07  7.87457e-09  9.24648e-12
      1278.40  4.85395e-09  7.78105e-12
      1278.72  3.81098e-09  7.37183e-12
      1279.05  3.74888e-09  7.43522e-12
      1279.38  4.93846e-09  8.36598e-12
      1279.71  7.16325e-09  9.77452e-12
      1280.03  9.42523e-09  1.11520e-11
      1280.36  8.66398e-09  1.04300e-11
      1280.69  9.08689e-09  1.09345e-11
      1281.02  1.18556e-08  1.28790e-11
      1281.34  1.69073e-08  1.61521e-11
      1281.67  2.03047e-08  1.86315e-11
      1282.00  1.65577e-08  1.66759e-11
      1282.33  1.69210e-08  1.65942e-11
      1282.66  2.50873e-08  2.00772e-11
      1282.99  3.14737e-08  2.15665e-11
      1283.32  3.12805e-08  2.10351e-11
      1283.65  2.26100e-08  1.76335e-11
      1283.98  1.25976e-08  1.30853e-11
      1284.31  7.48600e-09  1.05238e-11
      1284.64  5.61906e-09  9.26170e-12
      1284.97  5.48811e-09  8.99838e-12
      1285.30  6.38823e-09  9.59585e-12
      1285.63  5.44342e-09  8.33101e-12
      1285.96  4.96841e-09  7.51329e-12
      1286.29  7.35195e-09  8.87528e-12
      1286.62  1.03845e-08  1.09391e-11
      1286.95  9.56228e-09  1.05180e-11
      1287.28  1.15912e-08  1.19064e-11
      1287.61  2.04130e-08  1.71446e-11
      1287.95  2.42534e-08  1.88215e-11
      1288.28  2.41775e-08  1.89347e-11
      1288.61  2.41766e-08  1.87271e-11
      1288.94  2.39472e-08  1.87620e-11
      1289.27  1.76339e-08  1.58411e-11
      1289.61  1.31623e-08  1.41027e-11
      1289.94  1.08448e-08  1.33059e-11
      1290.27  7.63443e-09  1.13979e-11
      1290.61  6.42133e-09  1.08251e-11
      1290.94  5.02811e-09  9.52781e-12
      1291.27  3.79738e-09  8.04852e-12
      1291.61  4.34859e-09  8.05601e-12
      1291.94  6.81166e-09  9.25636e-12
      1292.27  1.11725e-08  1.12154e-11
      1292.61  1.53028e-08  1.34482e-11
      1292.94  1.16277e-08  1.13363e-11
      1293.28  9.21087e-09  1.02452e-11
      1293.61  1.18051e-08  1.20475e-11
      1293.95  1.48871e-08  1.31913e-11
      1294.28  2.17531e-08  1.63065e-11
      1294.62  2.43265e-08  1.72120e-11
      1294.95  2.06774e-08  1.57109e-11
      1295.29  2.02465e-08  1.63772e-11
      1295.62  1.75357e-08  1.57441e-11
      1295.96  1.31021e-08  1.41766e-11
      1296.29  1.15064e-08  1.36586e-11
      1296.63  1.20352e-08  1.41923e-11
      1296.97  1.45408e-08  1.50595e-11
      1297.30  2.17759e-08  1.77793e-11
      1297.64  2.91776e-08  2.01414e-11
      1297.98  2.51538e-08  1.78911e-11
      1298.31  1.63209e-08  1.41851e-11
      1298.65  9.54340e-09  1.08214e-11
      1298.99  7.27343e-09  9.34328e-12
      1299.33  1.17158e-08  1.16715e-11
      1299.66  2.01745e-08  1.51607e-11
      1300.00  2.28509e-08  1.57434e-11
      1300.34  1.99982e-08  1.46914e-11
      1300.68  1.43216e-08  1.22139e-11
      1301.02  1.46328e-08  1.25862e-11
      1301.35  2.40821e-08  1.74501e-11
      1301.69  2.89761e-08  2.00349e-11
      1302.03  2.79473e-08  2.05365e-11
      1302.37  2.52587e-08  1.95426e-11
      1302.71  2.85897e-08  2.13779e-11
      1303.05  3.15903e-08  2.15658e-11
      1303.39  3.57707e-08  2.25218e-11
      1303.73  3.83015e-08  2.30118e-11
      1304.07  3.59983e-08  2.17199e-11
      1304.41  3.65648e-08  2.19881e-11
      1304.75  3.84204e-08  2.23025e-11
      1305.09  3.97279e-08  2.19791e-11
      1305.43  4.56825e-08  2.29057e-11
      1305.77  5.28235e-08  2.37341e-11
      1306.11  5.24538e-08  2.34320e-11
      1306.46  3.60439e-08  1.88971e-11
      1306.80  1.84560e-08  1.35635e-11
      1307.14  1.02495e-08  1.08927e-11
      1307.48  7.20422e-09  9.83305e-12
      1307.82  5.82845e-09  9.52607e-12
      1308.16  5.79349e-09  9.75694e-12
      1308.51  6.92265e-09  1.08881e-11
      1308.85  5.71483e-09  9.61803e-12
      1309.19  4.19120e-09  8.23051e-12
      1309.53  3.87958e-09  8.00144e-12
      1309.88  3.83428e-09  7.88050e-12
      1310.22  4.12158e-09  8.16032e-12
      1310.56  5.25260e-09  8.91667e-12
      1310.91  9.02726e-09  1.09865e-11
      1311.25  1.58160e-08  1.42640e-11
      1311.60  1.60093e-08  1.38366e-11
      1311.94  9.73050e-09  1.02214e-11
      1312.28  5.27030e-09  7.59479e-12
      1312.63  3.66742e-09  6.74709e-12
      1312.97  3.19937e-09  6.58090e-12
      1313.32  4.24085e-09  7.81851e-12
      1313.66  6.59835e-09  1.03890e-11
      1314.01  5.72034e-09  9.84463e-12
      1314.35  3.43519e-09  7.96396e-12
      1314.70  2.67512e-09  7.23006e-12
      1315.05  2.67039e-09  7.04147e-12
      1315.39  3.01672e-09  7.34930e-12
      1315.74  3.82652e-09  8.04824e-12
      1316.08  5.74368e-09  9.40817e-12
      1316.43  1.10621e-08  1.24697e-11
      1316.78  1.77955e-08  1.59115e-11
      1317.12  1.43208e-08  1.36397e-11
      1317.47  7.17353e-09  9.11527e-12
      1317.82  4.30095e-09  7.04115e-12
      1318.17  4.40380e-09  7.02529e-12
      1318.51  7.12120e-09  9.13715e-12
      1318.86  8.69373e-09  1.07362e-11
      1319.21  5.94121e-09  9.32066e-12
      1319.56  3.62151e-09  7.86766e-12
      1319.91  3.69559e-09  8.44162e-12
      1320.25  3.74561e-09  8.34482e-12
      1320.60  3.75200e-09  8.16177e-12
      1320.95  4.54710e-09  8.65562e-12
      1321.30  6.37747e-09  9.71914e-12
      1321.65  1.21850e-08  1.27109e-11
      1322.00  2.22071e-08  1.77998e-11
      1322.35  1.91019e-08  1.59044e-11
      1322.70  9.92147e-09  1.10940e-11
      1323.05  6.34809e-09  8.75805e-12
      1323.40  7.01279e-09  9.06811e-12
      1323.75  8.27901e-09  9.59792e-12
      1324.10  8.72022e-09  1.00735e-11
      1324.45  6.39629e-09  8.86112e-12
      1324.80  4.61411e-09  8.26919e-12
      