227
      1249.95  0.00000e+00  0.00000e+00
      1250.27  3.53209e-09  2.50355e-11
      1250.58  3.57612e-09  2.26686e-11
      1250.89  3.91492e-09  1.61727e-11
      1251.20  5.09694e-09  1.62823e-11
      1251.52  7.35570e-09  1.82217e-11
      1251.83  1.21360e-08  2.33713e-11
      1252.14  1.56058e-08  2.66595e-11
      1252.46  1.53587e-08  2.72107e-11
      1252.77  1.47588e-08  2.64626e-11
      1253.09  2.27980e-08  3.29794e-11
      1253.40  3.93587e-08  4.33075e-11
      1253.71  4.63340e-08  4.69120e-11
      1254.03  3.03702e-08  3.62319e-11
      1254.34  1.75303e-08  2.66554e-11
      1254.66  2.13245e-08  2.97359e-11
      1254.97  2.96046e-08  3.69930e-11
      1255.29  2.09848e-08  3.10297e-11
      1255.60  1.14703e-08  2.54023e-11
      1255.92  9.95048e-09  3.49791e-11
      1256.23  9.84754e-09  3.86913e-11
      1256.55  0.00000e+00  0.00000e+00
      1256.87  0.00000e+00  0.00000e+00
      1257.18  0.00000e+00  0.00000e+00
      1257.50  0.00000e+00  0.00000e+00
      1257.81  0.00000e+00  0.00000e+00
      1258.13  0.00000e+00  0.00000e+00
      1258.45  0.00000e+00  0.00000e+00
      1258.76  0.00000e+00  0.00000e+00
      1259.08  0.00000e+00  0.00000e+00
      1259.40  0.00000e+00  0.00000e+00
      1259.72  0.00000e+00  0.00000e+00
      1260.03  0.00000e+00  0.00000e+00
      1260.35  0.00000e+00  0.00000e+00
      1260.67  0.00000e+00  0.00000e+00
      1260.99  0.00000e+00  0.00000e+00
      1261.30  0.00000e+00  0.00000e+00
      1261.62  0.00000e+00  0.00000e+00
      1261.94  2.30037e-08  4.67907e-11
      1262.26  2.26899e-08  4.34938e-11
      1262.58  2.14676e-08  3.04447e-11
      1262.90  2.55541e-08  2.76923e-11
      1263.22  3.67122e-08  3.49264e-11
      1263.54  3.03523e-08  3.11469e-11
      1263.86  2.11501e-08  2.64337e-11
      1264.17  1.78438e-08  2.54600e-11
      1264.49  1.36416e-08  2.23422e-11
      1264.81  1.50381e-08  2.31721e-11
      1265.13  2.73374e-08  3.14011e-11
      1265.45  3.97221e-08  3.78447e-11
      1265.77  3.54274e-08  3.48599e-11
      1266.10  2.09338e-08  2.64103e-11
      1266.42  1.26943e-08  2.29086e-11
      1266.74  1.10277e-08  3.07910e-11
      1267.06  1.08325e-08  3.34040e-11
      1267.38  0.00000e+00  0.00000e+00
      1267.70  0.00000e+00  0.00000e+00
      1268.02  0.00000e+00  0.00000e+00
      1268.34  0.00000e+00  0.00000e+00
      1268.67  0.00000e+00  0.00000e+00
      1268.99  0.00000e+00  0.00000e+00
      1269.31  0.00000e+00  0.00000e+00
      1269.63  0.00000e+00  0.00000e+00
      1269.95  0.00000e+00  0.00000e+00
      1270.28  0.00000e+00  0.00000e+00
      1270.60  0.00000e+00  0.00000e+00
      1270.92  0.00000e+00  0.00000e+00
      1271.25  2.08046e-08  4.06040e-11
      1271.57  2.04584e-08  3.88999e-11
      1271.89  1.81720e-08  2.94341e-11
      1272.22  1.21320e-08  1.89138e-11
      1272.54  8.66446e-09  1.67342e-11
      1272.86  7.52592e-09  1.63273e-11
      1273.19  7.28261e-09  1.63591e-11
      1273.51  8.79592e-09  1.78895e-11
      1273.84  1.28283e-08  2.10325e-11
      1274.16  1.65301e-08  2.33181e-11
      1274.49  2.15837e-08  2.54244e-11
      1274.81  3.48191e-08  3.32473e-11
      1275.14  4.54097e-08  3.89181e-11
      1275.46  4.27400e-08  4.21244e-11
      1275.79  3.91076e-08  5.67631e-11
      1276.11  3.84724e-08  6.09414e-11
      1276.44  0.00000e+00  0.00000e+00
      1276.76  0.00000e+00  0.00000e+00
      1277.09  0.00000e+00  0.00000e+00
      1277.42  0.00000e+00  0.00000e+00
      1277.74  0.00000e+00  0.00000e+00
      1278.07  0.00000e+00  0.00000e+00
      1278.40  0.00000e+00  0.00000e+00
      1278.72  0.00000e+00  0.00000e+00
      1279.05  0.00000e+00  0.00000e+00
      1279.38  1.76318e-08  3.75365e-11
      1279.71  1.75374e-08  3.66727e-11
      1280.03  1.68571e-08  3.09089e-11
      1280.36  1.48747e-08  2.07924e-11
      1280.69  1.63661e-08  2.15043e-11
      1281.02  2.13900e-08  2.49935e-11
      1281.34  2.96845e-08  3.04610e-11
      1281.67  3.41994e-08  3.39301e-11
      1282.00  2.84460e-08  3.08803e-11
      1282.33  3.06816e-08  3.19275e-11
      1282.66  4.40634e-08  3.87710e-11
      1282.99  5.37391e-08  4.21763e-11
      1283.32  5.42723e-08  4.72194e-11
      1283.65  5.26633e-08  6.38271e-11
      1283.98  5.23721e-08  6.78650e-11
      1284.31  0.00000e+00  0.00000e+00
      1284.64  0.00000e+00  0.00000e+00
      1284.97  0.00000e+00  0.00000e+00
      1285.30  0.00000e+00  0.00000e+00
      1285.63  0.00000e+00  0.00000e+00
      1285.96  0.00000e+00  0.00000e+00
      1286.29  0.00000e+00  0.00000e+00
      1286.62  0.00000e+00  0.00000e+00
      1286.95  0.00000e+00  0.00000e+00
      1287.28  3.93732e-08  5.86026e-11
      1287.61  3.92795e-08  5.37469e-11
      1287.95  3.88827e-08  3.79326e-11
      1288.28  3.90452e-08  3.52365e-11
      1288.61  3.96660e-08  3.45472e-11
      1288.94  3.90753e-08  3.43790e-11
      1289.27  2.92516e-08  2.90158e-11
      1289.61  2.36691e-08  2.68291e-11
      1289.94  2.00012e-08  2.55351e-11
      1290.27  1.47793e-08  2.23227e-11
      1290.61  1.29221e-08  2.24948e-11
      1290.94  1.11008e-08  2.64719e-11
      1291.27  1.03425e-08  3.26858e-11
      1291.61  1.02311e-08  3.38255e-11
      1291.94  0.00000e+00  0.00000e+00
      1292.27  0.00000e+00  0.00000e+00
      1292.61  0.00000e+00  0.00000e+00
      1292.94  0.00000e+00  0.00000e+00
      1293.28  0.00000e+00  0.00000e+00
      1293.61  0.00000e+00  0.00000e+00
      1293.95  3.80389e-08  5.35822e-11
      1294.28  3.78677e-08  5.23298e-11
      1294.62  3.66170e-08  4.38448e-11
      1294.95  3.32943e-08  3.04182e-11
      1295.29  3.37687e-08  3.10274e-11
      1295.62  2.94626e-08  2.93374e-11
      1295.96  2.31105e-08  2.66391e-11
      1296.29  2.12341e-08  2.62690e-11
      1296.63  2.26655e-08  2.75697e-11
      1296.97  2.76558e-08  3.00765e-11
      1297.30  3.96505e-08  3.65656e-11
      1297.64  5.02649e-08  5.32559e-11
      1297.98  5.29139e-08  6.67009e-11
      1298.31  5.32657e-08  6.88823e-11
      1298.65  0.00000e+00  0.00000e+00
      1298.99  0.00000e+00  0.00000e+00
      1299.33  0.00000e+00  0.00000e+00
      1299.66  0.00000e+00  0.00000e+00
      1300.00  0.00000e+00  0.00000e+00
      1300.34  0.00000e+00  0.00000e+00
      1300.68  3.39329e-08  5.00936e-11
      1301.02  3.50229e-08  4.58696e-11
      1301.35  4.07572e-08  3.57713e-11
      1301.69  4.58581e-08  3.66559e-11
      1302.03  4.42368e-08  3.68064e-11
      1302.37  4.13349e-08  3.54127e-11
      1302.71  4.72231e-08  3.88753e-11
      1303.05  5.20818e-08  3.98517e-11
      1303.39  5.90952e-08  4.26529e-11
      1303.73  6.22423e-08  4.58700e-11
      1304.07  5.99616e-08  6.24649e-11
      1304.41  5.93330e-08  7.00782e-11
      1304.75  5.92541e-08  7.10944e-11
      1305.09  0.00000e+00  0.00000e+00
      1305.43  0.00000e+00  0.00000e+00
      1305.77  0.00000e+00  0.00000e+00
      1306.11  0.00000e+00  0.00000e+00
      1306.46  0.00000e+00  0.00000e+00
      1306.80  1.12230e-08  3.08584e-11
      1307.14  1.12023e-08  3.02416e-11
      1307.48  1.10372e-08  2.58637e-11
      1307.82  1.04044e-08  1.86110e-11
      1308.16  1.08574e-08  1.86532e-11
      1308.51  1.27626e-08  2.08865e-11
      1308.85  1.04434e-08  1.83491e-11
      1309.19  8.23763e-09  1.62453e-11
      1309.53  7.90958e-09  1.63697e-11
      1309.88  7.86937e-09  1.70722e-11
      1310.22  7.88004e-09  2.42634e-11
      1310.56  7.88487e-09  2.74882e-11
      1310.91  7.88550e-09  2.79143e-11
      1311.25  0.00000e+00  0.00000e+00
      1311.60  0.00000e+00  0.00000e+00
      1311.94  0.00000e+00  0.00000e+00
      1312.28  0.00000e+00  0.00000e+00
      1312.63  7.02986e-09  2.49270e-11
      1312.97  7.23802e-09  2.38619e-11
      1313.32  8.67232e-09  1.92674e-11
      1313.66  1.16765e-08  1.99414e-11
      1314.01  9.73632e-09  1.81921e-11
      1314.35  6.30246e-09  1.47988e-11
      1314.70  5.27760e-09  1.36156e-11
      1315.05  5.44577e-09  1.38426e-11
      1315.39  6.27890e-09  1.46826e-11
      1315.74  7.48907e-09  1.82591e-11
      1316.08  8.03409e-09  2.60642e-11
      1316.43  8.11258e-09  2.77649e-11
      1316.78  0.00000e+00  0.00000e+00
      1317.12  0.00000e+00  0.00000e+00
      1317.47  0.00000e+00  0.00000e+00
      1317.82  0.00000e+00  0.00000e+00
      1318.17  0.00000e+00  0.00000e+00
      1318.51  1.13651e-08  3.11750e-11
      1318.86  1.10009e-08  2.87241e-11
      1319.21  8.99678e-09  1.88416e-11
      1319.56  6.58429e-09  1.48552e-11
      1319.91  7.03609e-09  1.60874e-11
      1320.25  7.20014e-09  1.60737e-11
      1320.60  7.52137e-09  1.60413e-11
      1320.95  9.22881e-09  1.74977e-11
      1321.30  1.16745e-08  2.18942e-11
      1321.65  1.28361e-08  3.16447e-11
      1322.00  1.30065e-08  3.38281e-11
      1322.35  0.00000e+00  0.00000e+00
      1322.70  0.00000e+00  0.00000e+00
      1323.05  0.00000e+00  0.00000e+00
      1323.40  0.00000e+00  0.00000e+00
      1323.75  0.00000e+00  0.00000e+00
      1324.10  8.11444e-09  2.62089e-11
      1324.45  8.09970e-09  2.45053e-11
      1324.80  7.98721e-09  1.77516e-11
      