227
      1249.95  1.11674e-08  1.73299e-11
      1250.27  5.08856e-09  1.22707e-11
      1250.58  1.47728e-09  8.35643e-12
      1250.89  1.01258e-09  7.49716e-12
      1251.20  1.46287e-09  7.58401e-12
      1251.52  2.47749e-09  8.49343e-12
      1251.83  4.51094e-09  1.05865e-11
      1252.14  5.93395e-09  1.20630e-11
      1252.46  5.64737e-09  1.20989e-11
      1252.77  5.29399e-09  1.17892e-11
      1253.09  8.96632e-09  1.49449e-11
      1253.40  1.65699e-08  2.14428e-11
      1253.71  2.02732e-08  2.66378e-11
      1254.03  1.19494e-08  1.79453e-11
      1254.34  6.15907e-09  1.20192e-11
      1254.66  7.77237e-09  1.35666e-11
      1254.97  1.20967e-08  1.78403e-11
      1255.29  7.84742e-09  1.46189e-11
      1255.60  3.47945e-09  1.06926e-11
      1255.92  3.93108e-09  1.19389e-11
      1256.23  6.90399e-09  1.43257e-11
      1256.55  1.16847e-08  1.85949e-11
      1256.87  7.90016e-09  1.45125e-11
      1257.18  3.38308e-09  1.00533e-11
      1257.50  2.47760e-09  9.27968e-12
      1257.81  2.92127e-09  9.89940e-12
      1258.13  3.68514e-09  1.11925e-11
      1258.45  3.68329e-09  1.11838e-11
      1258.76  3.94548e-09  1.13385e-11
      1259.08  7.32131e-09  1.41728e-11
      1259.40  1.50100e-08  1.86375e-11
      1259.72  2.00222e-08  2.08568e-11
      1260.03  1.51282e-08  1.70223e-11
      1260.35  1.12592e-08  1.40768e-11
      1260.67  1.42031e-08  1.63791e-11
      1260.99  1.30196e-08  1.56014e-11
      1261.30  1.05170e-08  1.37252e-11
      1261.62  1.32241e-08  1.58879e-11
      1261.94  1.37223e-08  1.53557e-11
      1262.26  1.42861e-08  1.57397e-11
      1262.58  1.00595e-08  1.23724e-11
      1262.90  1.06931e-08  1.23700e-11
      1263.22  1.71466e-08  1.63565e-11
      1263.54  1.38421e-08  1.44721e-11
      1263.86  8.52086e-09  1.18568e-11
      1264.17  6.80124e-09  1.17684e-11
      1264.49  5.26840e-09  1.07811e-11
      1264.81  5.53277e-09  1.14219e-11
      1265.13  1.08996e-08  1.44497e-11
      1265.45  1.67823e-08  1.78745e-11
      1265.77  1.48671e-08  1.66380e-11
      1266.10  8.67441e-09  1.39712e-11
      1266.42  4.06651e-09  9.58939e-12
      1266.74  3.34857e-09  9.57283e-12
      1267.06  4.70111e-09  1.07747e-11
      1267.38  1.02866e-08  1.51169e-11
      1267.70  1.87989e-08  2.08618e-11
      1268.02  1.99095e-08  2.02104e-11
      1268.34  1.97945e-08  1.99615e-11
      1268.67  1.75928e-08  1.84955e-11
      1268.99  1.65559e-08  1.68267e-11
      1269.31  1.25726e-08  1.69856e-11
      1269.63  8.68969e-09  1.25950e-11
      1269.95  7.24109e-09  1.18424e-11
      1270.28  8.91457e-09  1.25669e-11
      1270.60  1.53063e-08  1.64038e-11
      1270.92  1.83031e-08  1.68675e-11
      1271.25  1.97909e-08  1.67265e-11
      1271.57  1.92857e-08  1.62983e-11
      1271.89  1.14827e-08  1.21988e-11
      1272.22  4.96821e-09  8.45422e-12
      1272.54  2.96644e-09  7.27563e-12
      1272.86  2.38608e-09  7.19778e-12
      1273.19  2.23800e-09  7.25023e-12
      1273.51  2.82453e-09  7.92886e-12
      1273.84  4.51100e-09  9.49084e-12
      1274.16  6.03360e-09  1.05536e-11
      1274.49  8.10753e-09  1.16522e-11
      1274.81  1.38479e-08  1.66432e-11
      1275.14  1.86523e-08  1.70671e-11
      1275.46  1.73018e-08  1.97363e-11
      1275.79  1.15213e-08  1.53996e-11
      1276.11  7.50552e-09  1.28882e-11
      1276.44  9.89336e-09  1.43537e-11
      1276.76  1.72040e-08  1.94169e-11
      1277.09  1.73633e-08  1.79362e-11
      1277.42  1.80665e-08  1.84195e-11
      1277.74  1.21961e-08  1.45474e-11
      1278.07  5.44432e-09  9.87722e-12
      1278.40  3.19600e-09  8.33798e-12
      1278.72  2.45735e-09  7.65252e-12
      1279.05  2.45545e-09  7.54549e-12
      1279.38  3.36526e-09  8.24520e-12
      1279.71  5.14871e-09  9.37195e-12
      1280.03  6.81376e-09  1.02951e-11
      1280.36  6.23365e-09  9.35565e-12
      1280.69  6.58515e-09  9.69816e-12
      1281.02  8.76892e-09  1.12415e-11
      1281.34  1.29016e-08  1.40496e-11
      1281.67  1.54432e-08  1.61720e-11
      1282.00  1.21937e-08  1.44841e-11
      1282.33  1.27022e-08  1.50429e-11
      1282.66  1.93946e-08  1.88634e-11
      1282.99  2.44821e-08  2.10137e-11
      1283.32  2.42673e-08  2.08398e-11
      1283.65  1.70101e-08  1.74962e-11
      1283.98  9.99790e-09  1.56472e-11
      1284.31  4.74660e-09  1.18688e-11
      1284.64  3.70018e-09  9.92133e-12
      1284.97  3.66731e-09  9.71675e-12
      1285.30  4.47916e-09  1.07076e-11
      1285.63  3.75178e-09  9.19395e-12
      1285.96  3.42228e-09  8.29622e-12
      1286.29  5.36542e-09  9.64957e-12
      1286.62  7.62309e-09  1.11009e-11
      1286.95  7.14478e-09  1.03765e-11
      1287.28  9.03946e-09  1.13799e-11
      1287.61  1.58201e-08  1.55575e-11
      1287.95  1.88924e-08  1.67467e-11
      1288.28  1.87994e-08  1.65853e-11
      1288.61  1.88247e-08  1.64380e-11
      1288.94  1.83309e-08  1.63776e-11
      1289.27  1.32061e-08  1.39105e-11
      1289.61  9.67439e-09  1.26651e-11
      1289.94  7.66899e-09  1.20602e-11
      1290.27  5.24018e-09  1.05074e-11
      1290.61  4.38146e-09  1.03234e-11
      1290.94  3.30667e-09  9.38619e-12
      1291.27  2.48050e-09  1.03429e-11
      1291.61  3.43016e-09  7.87675e-12
      1291.94  5.17267e-09  1.17540e-11
      1292.27  8.33795e-09  1.26237e-11
      1292.61  1.19642e-08  1.52671e-11
      1292.94  8.49502e-09  1.22816e-11
      1293.28  6.60680e-09  1.08421e-11
      1293.61  8.85916e-09  1.25036e-11
      1293.95  1.12372e-08  1.31716e-11
      1294.28  1.72086e-08  1.59277e-11
      1294.62  1.92060e-08  1.60654e-11
      1294.95  1.58276e-08  1.39651e-11
      1295.29  1.54290e-08  1.43862e-11
      1295.62  1.31463e-08  1.35671e-11
      1295.96  9.52946e-09  1.20712e-11
      1296.29  8.28809e-09  1.20124e-11
      1296.63  8.70689e-09  1.28605e-11
      1296.97  1.00552e-08  1.61222e-11
      1297.30  1.88517e-08  2.20658e-11
      1297.64  2.24473e-08  2.06763e-11
      1297.98  1.89275e-08  1.82748e-11
      1298.31  1.19293e-08  1.46748e-11
      1298.65  6.83261e-09  1.19123e-11
      1298.99  5.21104e-09  1.15086e-11
      1299.33  9.30547e-09  1.45294e-11
      1299.66  1.60824e-08  1.72552e-11
      1300.00  1.79808e-08  1.70179e-11
      1300.34  1.55077e-08  1.52293e-11
      1300.68  1.07576e-08  1.20407e-11
      1301.02  1.13260e-08  1.17916e-11
      1301.35  1.92546e-08  1.57941e-11
      1301.69  2.29079e-08  1.73227e-11
      1302.03  2.21010e-08  1.78267e-11
      1302.37  1.93844e-08  1.77431e-11
      1302.71  2.11690e-08  1.93577e-11
      1303.05  2.45639e-08  2.08430e-11
      1303.39  2.91957e-08  1.96130e-11
      1303.73  3.05788e-08  2.57693e-11
      1304.07  2.82425e-08  2.19539e-11
      1304.41  2.89536e-08  2.28919e-11
      1304.75  3.06785e-08  2.39888e-11
      1305.09  3.18814e-08  2.43479e-11
      1305.43  3.76504e-08  2.64913e-11
      1305.77  4.42764e-08  2.90459e-11
      1306.11  4.47894e-08  3.50137e-11
      1306.46  2.26977e-08  1.94162e-11
      1306.80  1.30251e-08  1.41769e-11
      1307.14  7.45207e-09  1.01783e-11
      1307.48  5.11292e-09  8.87179e-12
      1307.82  4.05169e-09  8.13908e-12
      1308.16  4.07671e-09  8.37830e-12
      1308.51  4.82659e-09  9.31668e-12
      1308.85  3.91951e-09  8.49505e-12
      1309.19  2.74611e-09  7.48324e-12
      1309.53  2.50930e-09  7.44789e-12
      1309.88  2.49751e-09  7.62177e-12
      1310.22  2.71943e-09  7.96841e-12
      1310.56  3.65167e-09  9.14266e-12
      1310.91  6.85289e-09  1.19331e-11
      1311.25  1.21964e-08  1.58094e-11
      1311.60  1.22420e-08  1.54430e-11
      1311.94  7.27162e-09  1.15862e-11
      1312.28  3.74593e-09  8.26230e-12
      1312.63  2.48059e-09  6.89320e-12
      1312.97  2.12027e-09  6.43995e-12
      1313.32  2.97931e-09  7.29306e-12
      1313.66  4.77931e-09  9.05228e-12
      1314.01  3.99817e-09  8.43132e-12
      1314.35  2.30958e-09  7.02966e-12
      1314.70  1.67272e-09  6.38392e-12
      1315.05  1.64660e-09  6.35726e-12
      1315.39  1.91417e-09  7.00066e-12
      1315.74  2.53927e-09  7.69588e-12
      1316.08  4.03363e-09  9.32589e-12
      1316.43  8.43919e-09  1.30593e-11
      1316.78  1.40303e-08  1.74715e-11
      1317.12  1.07944e-08  1.49474e-11
      1317.47  5.14825e-09  1.02507e-11
      1317.82  2.95857e-09  7.89849e-12
      1318.17  3.07336e-09  7.46131e-12
      1318.51  5.32358e-09  9.19016e-12
      1318.86  6.54580e-09  1.01680e-11
      1319.21  4.17955e-09  8.17250e-12
      1319.56  2.36431e-09  6.65810e-12
      1319.91  2.48562e-09  7.21913e-12
      1320.25  2.47547e-09  7.37946e-12
      1320.60  2.46877e-09  7.25571e-12
      1320.95  3.09132e-09  8.03357e-12
      1321.30  4.51166e-09  9.24672e-12
      1321.65  9.28153e-09  1.26632e-11
      1322.00  1.76849e-08  1.87849e-11
      1322.35  1.47319e-08  1.70605e-11
      1322.70  7.18218e-09  1.20678e-11
      1323.05  4.54651e-09  9.88982e-12
      1323.40  5.16951e-09  1.00872e-11
      1323.75  6.16682e-09  1.02701e-11
      1324.10  6.38838e-09  1.00502e-11
      1324.45  4.59079e-09  8.29911e-12
      1324.80  3.18946e-09  7.16196e-12
      