227
      1249.95  1.12426e-08  1.81975e-11
      1250.27  5.14433e-09  1.30055e-11
      1250.58  1.50489e-09  8.91197e-12
      1250.89  1.02368e-09  8.38458e-12
      1251.20  1.45639e-09  8.79322e-12
      1251.52  2.46851e-09  9.70000e-12
      1251.83  4.48529e-09  1.21696e-11
      1252.14  5.89415e-09  1.38822e-11
      1252.46  5.63724e-09  1.40523e-11
      1252.77  5.29392e-09  1.37057e-11
      1253.09  8.96264e-09  1.71663e-11
      1253.40  1.69346e-08  2.34132e-11
      1253.71  2.07992e-08  2.67800e-11
      1254.03  1.24779e-08  1.89417e-11
      1254.34  6.11964e-09  1.29743e-11
      1254.66  7.62177e-09  1.40237e-11
      1254.97  1.23493e-08  1.86540e-11
      1255.29  7.91785e-09  1.46853e-11
      1255.60  3.37248e-09  1.06095e-11
      1255.92  3.95468e-09  1.13592e-11
      1256.23  6.96267e-09  1.36227e-11
      1256.55  1.14574e-08  1.69763e-11
      1256.87  8.04078e-09  1.34667e-11
      1257.18  3.46485e-09  9.16193e-12
      1257.50  2.45884e-09  8.03598e-12
      1257.81  2.86186e-09  8.52949e-12
      1258.13  3.63393e-09  9.46796e-12
      1258.45  3.65439e-09  9.39170e-12
      1258.76  3.80144e-09  9.83290e-12
      1259.08  7.60679e-09  1.27372e-11
      1259.40  1.53800e-08  1.66789e-11
      1259.72  2.01415e-08  1.83640e-11
      1260.03  1.50338e-08  1.53626e-11
      1260.35  1.11176e-08  1.29987e-11
      1260.67  1.43552e-08  1.57390e-11
      1260.99  1.30600e-08  1.53395e-11
      1261.30  1.03239e-08  1.38123e-11
      1261.62  1.32653e-08  1.67441e-11
      1261.94  1.35962e-08  1.65158e-11
      1262.26  1.42074e-08  1.74725e-11
      1262.58  1.02325e-08  1.41241e-11
      1262.90  1.07693e-08  1.42366e-11
      1263.22  1.68121e-08  1.86885e-11
      1263.54  1.38789e-08  1.68750e-11
      1263.86  8.61756e-09  1.36989e-11
      1264.17  6.67663e-09  1.29789e-11
      1264.49  4.85516e-09  1.12603e-11
      1264.81  5.37484e-09  1.14154e-11
      1265.13  1.08867e-08  1.54628e-11
      1265.45  1.67577e-08  1.86583e-11
      1265.77  1.48847e-08  1.70106e-11
      1266.10  7.98723e-09  1.21671e-11
      1266.42  3.98489e-09  9.01540e-12
      1266.74  3.34355e-09  8.63184e-12
      1267.06  4.59992e-09  9.67835e-12
      1267.38  1.00635e-08  1.32020e-11
      1267.70  1.90087e-08  1.83469e-11
      1268.02  1.98624e-08  1.74406e-11
      1268.34  1.98674e-08  1.70891e-11
      1268.67  1.76242e-08  1.50956e-11
      1268.99  1.80799e-08  1.64823e-11
      1269.31  1.35371e-08  1.40180e-11
      1269.63  8.56658e-09  1.16545e-11
      1269.95  7.28733e-09  1.09330e-11
      1270.28  9.07639e-09  1.21971e-11
      1270.60  1.51594e-08  1.63014e-11
      1270.92  1.83003e-08  1.75189e-11
      1271.25  1.98475e-08  1.81071e-11
      1271.57  1.92004e-08  1.81423e-11
      1271.89  1.15012e-08  1.39952e-11
      1272.22  5.02751e-09  9.89315e-12
      1272.54  2.99189e-09  8.53357e-12
      1272.86  2.39854e-09  8.50506e-12
      1273.19  2.24161e-09  8.42515e-12
      1273.51  2.80474e-09  8.96507e-12
      1273.84  4.50435e-09  1.05044e-11
      1274.16  6.03018e-09  1.13369e-11
      1274.49  7.97374e-09  1.19479e-11
      1274.81  1.43931e-08  1.57550e-11
      1275.14  1.99202e-08  1.85424e-11
      1275.46  1.77888e-08  1.73811e-11
      1275.79  1.15236e-08  1.40308e-11
      1276.11  7.41420e-09  1.15096e-11
      1276.44  9.85849e-09  1.25027e-11
      1276.76  1.70779e-08  1.64869e-11
      1277.09  1.75259e-08  1.53533e-11
      1277.42  1.77740e-08  1.54136e-11
      1277.74  1.22488e-08  1.25150e-11
      1278.07  5.57143e-09  8.81101e-12
      1278.40  3.23472e-09  7.59248e-12
      1278.72  2.45404e-09  7.23738e-12
      1279.05  2.43736e-09  7.68787e-12
      1279.38  3.35022e-09  8.59819e-12
      1279.71  5.13828e-09  1.01993e-11
      1280.03  6.77092e-09  1.14746e-11
      1280.36  6.20889e-09  1.07075e-11
      1280.69  6.58924e-09  1.13424e-11
      1281.02  8.73078e-09  1.29560e-11
      1281.34  1.29241e-08  1.61346e-11
      1281.67  1.55695e-08  1.83792e-11
      1282.00  1.20762e-08  1.58748e-11
      1282.33  1.25429e-08  1.57503e-11
      1282.66  1.93801e-08  1.92007e-11
      1282.99  2.45555e-08  2.06647e-11
      1283.32  2.45072e-08  1.98849e-11
      1283.65  1.70087e-08  1.60163e-11
      1283.98  8.75756e-09  1.15054e-11
      1284.31  4.98213e-09  9.22005e-12
      1284.64  3.70958e-09  8.36217e-12
      1284.97  3.69124e-09  8.21721e-12
      1285.30  4.43258e-09  9.02372e-12
      1285.63  3.77331e-09  8.03510e-12
      1285.96  3.46302e-09  7.53492e-12
      1286.29  5.38333e-09  9.13573e-12
      1286.62  7.55800e-09  1.10378e-11
      1286.95  7.16727e-09  1.08736e-11
      1287.28  9.14106e-09  1.25435e-11
      1287.61  1.57633e-08  1.74926e-11
      1287.95  1.88687e-08  1.93353e-11
      1288.28  1.87930e-08  1.93769e-11
      1288.61  1.88048e-08  1.90300e-11
      1288.94  1.83760e-08  1.86948e-11
      1289.27  1.31772e-08  1.53705e-11
      1289.61  9.72953e-09  1.36191e-11
      1289.94  7.68032e-09  1.24019e-11
      1290.27  5.20985e-09  1.03318e-11
      1290.61  4.40513e-09  9.88922e-12
      1290.94  3.27531e-09  8.55451e-12
      1291.27  2.39628e-09  7.39011e-12
      1291.61  2.80523e-09  7.15229e-12
      1291.94  4.74469e-09  8.48229e-12
      1292.27  8.25374e-09  1.03642e-11
      1292.61  1.22042e-08  1.31461e-11
      1292.94  8.48077e-09  1.08093e-11
      1293.28  6.49233e-09  9.99140e-12
      1293.61  8.91211e-09  1.23524e-11
      1293.95  1.13170e-08  1.35472e-11
      1294.28  1.70905e-08  1.71404e-11
      1294.62  1.91692e-08  1.81248e-11
      1294.95  1.60016e-08  1.61978e-11
      1295.29  1.53591e-08  1.67015e-11
      1295.62  1.31718e-08  1.57581e-11
      1295.96  9.58745e-09  1.37584e-11
      1296.29  8.33682e-09  1.32457e-11
      1296.63  8.76314e-09  1.34740e-11
      1296.97  1.08389e-08  1.48991e-11
      1297.30  1.70675e-08  1.79357e-11
      1297.64  2.22298e-08  1.87668e-11
      1297.98  1.89324e-08  1.64321e-11
      1298.31  1.20148e-08  1.28619e-11
      1298.65  6.74686e-09  9.79072e-12
      1298.99  5.19746e-09  8.69445e-12
      1299.33  9.06788e-09  1.13250e-11
      1299.66  1.60559e-08  1.54115e-11
      1300.00  1.79996e-08  1.61367e-11
      1300.34  1.55760e-08  1.52353e-11
      1300.68  1.06450e-08  1.25940e-11
      1301.02  1.12024e-08  1.30925e-11
      1301.35  1.94731e-08  1.84626e-11
      1301.69  2.29796e-08  2.03454e-11
      1302.03  2.22430e-08  2.09157e-11
      1302.37  1.94525e-08  1.92702e-11
      1302.71  2.29408e-08  2.12591e-11
      1303.05  2.47365e-08  2.10326e-11
      1303.39  2.85502e-08  2.19203e-11
      1303.73  3.06988e-08  2.20666e-11
      1304.07  2.81963e-08  2.03852e-11
      1304.41  2.88537e-08  2.02487e-11
      1304.75  3.07416e-08  2.07584e-11
      1305.09  3.19842e-08  2.07117e-11
      1305.43  3.76356e-08  2.23286e-11
      1305.77  4.42290e-08  2.38563e-11
      1306.11  4.37559e-08  2.38754e-11
      1306.46  2.93697e-08  1.95291e-11
      1306.80  1.42617e-08  1.38093e-11
      1307.14  7.50446e-09  1.08808e-11
      1307.48  5.10365e-09  9.83085e-12
      1307.82  4.05066e-09  9.47393e-12
      1308.16  4.08582e-09  9.62284e-12
      1308.51  4.78478e-09  1.06517e-11
      1308.85  3.92991e-09  9.54781e-12
      1309.19  2.77229e-09  8.15162e-12
      1309.53  2.51186e-09  7.71268e-12
      1309.88  2.48157e-09  7.37265e-12
      1310.22  2.70446e-09  7.40190e-12
      1310.56  3.64145e-09  8.05396e-12
      1310.91  6.84580e-09  1.02480e-11
      1311.25  1.22311e-08  1.35468e-11
      1311.60  1.22344e-08  1.31993e-11
      1311.94  7.25314e-09  1.00952e-11
      1312.28  3.74948e-09  7.56777e-12
      1312.63  2.46934e-09  6.78304e-12
      1312.97  2.10482e-09  6.68338e-12
      1313.32  2.96835e-09  8.03636e-12
      1313.66  4.85627e-09  1.06478e-11
      1314.01  3.94888e-09  1.00087e-11
      1314.35  2.22206e-09  7.87539e-12
      1314.70  1.64153e-09  7.10468e-12
      1315.05  1.64554e-09  6.92951e-12
      1315.39  1.91358e-09  7.09937e-12
      1315.74  2.49937e-09  7.47610e-12
      1316.08  3.93527e-09  8.53170e-12
      1316.43  8.24609e-09  1.14037e-11
      1316.78  1.42655e-08  1.51440e-11
      1317.12  1.08485e-08  1.26843e-11
      1317.47  5.02589e-09  8.71596e-12
      1317.82  2.92625e-09  7.03461e-12
      1318.17  3.02139e-09  7.02680e-12
      1318.51  5.33143e-09  9.27288e-12
      1318.86  6.62936e-09  1.09363e-11
      1319.21  4.17869e-09  9.16524e-12
      1319.56  2.31396e-09  7.52346e-12
      1319.91  2.45363e-09  8.31796e-12
      1320.25  2.48716e-09  8.36952e-12
      1320.60  2.48850e-09  7.98325e-12
      1320.95  3.10896e-09  8.49395e-12
      1321.30  4.59685e-09  9.27129e-12
      1321.65  9.40047e-09  1.21244e-11
      1322.00  1.72458e-08  1.67783e-11
      1322.35  1.47584e-08  1.50173e-11
      1322.70  7.33524e-09  1.04252e-11
      1323.05  4.63358e-09  8.57166e-12
      1323.40  5.15233e-09  8.98314e-12
      1323.75  6.16104e-09  9.72942e-12
      1324.10  6.33338e-09  1.01385e-11
      1324.45  4.62851e-09  8.95120e-12
      1324.80  3.20359e-09  8.20101e-12
      