227
      1249.95  1.10486e-08  1.85081e-11
      1250.27  5.08522e-09  1.32248e-11
      1250.58  1.50061e-09  9.22571e-12
      1250.89  1.01339e-09  7.92242e-12
      1251.20  1.45469e-09  7.91635e-12
      1251.52  2.43341e-09  8.70335e-12
      1251.83  4.46660e-09  1.08417e-11
      1252.14  5.87438e-09  1.20809e-11
      1252.46  5.62258e-09  1.18479e-11
      1252.77  5.28335e-09  1.12265e-11
      1253.09  8.96057e-09  1.40070e-11
      1253.40  1.70277e-08  1.86630e-11
      1253.71  2.07033e-08  2.02820e-11
      1254.03  1.27494e-08  1.53193e-11
      1254.34  6.19382e-09  1.08313e-11
      1254.66  7.76854e-09  1.21086e-11
      1254.97  1.19445e-08  1.56926e-11
      1255.29  7.86222e-09  1.28963e-11
      1255.60  3.52670e-09  9.72145e-12
      1255.92  3.93155e-09  1.06308e-11
      1256.23  6.95598e-09  1.28941e-11
      1256.55  1.16704e-08  1.69676e-11
      1256.87  7.84718e-09  1.34121e-11
      1257.18  3.36794e-09  9.41416e-12
      1257.50  2.47668e-09  8.57019e-12
      1257.81  2.97399e-09  9.28914e-12
      1258.13  3.73917e-09  1.06357e-11
      1258.45  3.67006e-09  1.08974e-11
      1258.76  3.93535e-09  1.11521e-11
      1259.08  7.27739e-09  1.38339e-11
      1259.40  1.49467e-08  1.88814e-11
      1259.72  1.99566e-08  2.13232e-11
      1260.03  1.51047e-08  1.76660e-11
      1260.35  1.12081e-08  1.48154e-11
      1260.67  1.40593e-08  1.72385e-11
      1260.99  1.29218e-08  1.65470e-11
      1261.30  1.05077e-08  1.47075e-11
      1261.62  1.30658e-08  1.69176e-11
      1261.94  1.36490e-08  1.63503e-11
      1262.26  1.40999e-08  1.65765e-11
      1262.58  9.98784e-09  1.29105e-11
      1262.90  1.06388e-08  1.26418e-11
      1263.22  1.70157e-08  1.63910e-11
      1263.54  1.36854e-08  1.41305e-11
      1263.86  8.47558e-09  1.13480e-11
      1264.17  6.87302e-09  1.12607e-11
      1264.49  5.51857e-09  1.09384e-11
      1264.81  5.53725e-09  1.07562e-11
      1265.13  1.09055e-08  1.30635e-11
      1265.45  1.68396e-08  1.60546e-11
      1265.77  1.48903e-08  1.48982e-11
      1266.10  8.15432e-09  1.15574e-11
      1266.42  3.97415e-09  9.24030e-12
      1266.74  3.35243e-09  8.64810e-12
      1267.06  4.72031e-09  9.97725e-12
      1267.38  1.03211e-08  1.43576e-11
      1267.70  1.86987e-08  1.98228e-11
      1268.02  1.99750e-08  1.97957e-11
      1268.34  1.96949e-08  1.95236e-11
      1268.67  1.77424e-08  1.79211e-11
      1268.99  1.76521e-08  1.90773e-11
      1269.31  1.33625e-08  1.60876e-11
      1269.63  8.75092e-09  1.31749e-11
      1269.95  7.18834e-09  1.23582e-11
      1270.28  8.79619e-09  1.32843e-11
      1270.60  1.53225e-08  1.78062e-11
      1270.92  1.81827e-08  1.81230e-11
      1271.25  1.96634e-08  1.79670e-11
      1271.57  1.92446e-08  1.73452e-11
      1271.89  1.13647e-08  1.28288e-11
      1272.22  4.88372e-09  8.67260e-12
      1272.54  2.92231e-09  7.24606e-12
      1272.86  2.36699e-09  6.99707e-12
      1273.19  2.24137e-09  6.86145e-12
      1273.51  2.82733e-09  7.32392e-12
      1273.84  4.50869e-09  8.64072e-12
      1274.16  6.04029e-09  9.48761e-12
      1274.49  8.15537e-09  1.04449e-11
      1274.81  1.42168e-08  1.43063e-11
      1275.14  1.93487e-08  1.85848e-11
      1275.46  1.74417e-08  1.70490e-11
      1275.79  1.15056e-08  1.40830e-11
      1276.11  7.54742e-09  1.19978e-11
      1276.44  1.00144e-08  1.37661e-11
      1276.76  1.70483e-08  1.84158e-11
      1277.09  1.73110e-08  1.74388e-11
      1277.42  1.81553e-08  1.85387e-11
      1277.74  1.20911e-08  1.46535e-11
      1278.07  5.38930e-09  1.01053e-11
      1278.40  3.16740e-09  8.69705e-12
      1278.72  2.43551e-09  8.06450e-12
      1279.05  2.42506e-09  8.00983e-12
      1279.38  3.32942e-09  8.85351e-12
      1279.71  5.09949e-09  9.95764e-12
      1280.03  6.78828e-09  1.08460e-11
      1280.36  6.16729e-09  9.59641e-12
      1280.69  6.49528e-09  9.74159e-12
      1281.02  8.68184e-09  1.09202e-11
      1281.34  1.28557e-08  1.32357e-11
      1281.67  1.54318e-08  1.48617e-11
      1282.00  1.22364e-08  1.31933e-11
      1282.33  1.27128e-08  1.35152e-11
      1282.66  1.93682e-08  1.69284e-11
      1282.99  2.44647e-08  1.88856e-11
      1283.32  2.41787e-08  1.89009e-11
      1283.65  1.69088e-08  1.61118e-11
      1283.98  9.08285e-09  1.32218e-11
      1284.31  5.00630e-09  1.10007e-11
      1284.64  3.72752e-09  9.48775e-12
      1284.97  3.70090e-09  9.64449e-12
      1285.30  4.46733e-09  1.10541e-11
      1285.63  3.71883e-09  9.53255e-12
      1285.96  3.39041e-09  8.69296e-12
      1286.29  5.35017e-09  1.02260e-11
      1286.62  7.65377e-09  1.20552e-11
      1286.95  7.05532e-09  1.11252e-11
      1287.28  8.89478e-09  1.21635e-11
      1287.61  1.57464e-08  1.64103e-11
      1287.95  1.87363e-08  1.71894e-11
      1288.28  1.85978e-08  1.64948e-11
      1288.61  1.86517e-08  1.57595e-11
      1288.94  1.83515e-08  1.52925e-11
      1289.27  1.32016e-08  1.26559e-11
      1289.61  9.62423e-09  1.12692e-11
      1289.94  7.64739e-09  1.07098e-11
      1290.27  5.22521e-09  9.33575e-12
      1290.61  4.36848e-09  9.30515e-12
      1290.94  3.30050e-09  8.74588e-12
      1291.27  2.49348e-09  9.16264e-12
      1291.61  3.12431e-09  1.07443e-11
      1291.94  4.85078e-09  1.00150e-11
      1292.27  8.33402e-09  1.23162e-11
      1292.61  1.18176e-08  1.52245e-11
      1292.94  8.52493e-09  1.27851e-11
      1293.28  6.67454e-09  1.15588e-11
      1293.61  8.79554e-09  1.32852e-11
      1293.95  1.12032e-08  1.39864e-11
      1294.28  1.70615e-08  1.69116e-11
      1294.62  1.89788e-08  1.68244e-11
      1294.95  1.56477e-08  1.42725e-11
      1295.29  1.53078e-08  1.43138e-11
      1295.62  1.29867e-08  1.29923e-11
      1295.96  9.47192e-09  1.11907e-11
      1296.29  8.27874e-09  1.08400e-11
      1296.63  8.70550e-09  1.15127e-11
      1296.97  1.06669e-08  1.35472e-11
      1297.30  1.72989e-08  1.73200e-11
      1297.64  2.24659e-08  1.88834e-11
      1297.98  1.89385e-08  1.71892e-11
      1298.31  1.20028e-08  1.42713e-11
      1298.65  7.66858e-09  1.48457e-11
      1298.99  5.88103e-09  8.97343e-12
      1299.33  1.24083e-08  1.76567e-11
      1299.66  1.66963e-08  1.92441e-11
      1300.00  1.79164e-08  1.80980e-11
      1300.34  1.53968e-08  1.62613e-11
      1300.68  1.07241e-08  1.29166e-11
      1301.02  1.12648e-08  1.26332e-11
      1301.35  1.90220e-08  1.63858e-11
      1301.69  2.26665e-08  1.74764e-11
      1302.03  2.18061e-08  1.72275e-11
      1302.37  1.94432e-08  1.63050e-11
      1302.71  2.19453e-08  1.98717e-11
      1303.05  2.48895e-08  2.34558e-11
      1303.39  2.87298e-08  2.41566e-11
      1303.73  3.04381e-08  2.15445e-11
      1304.07  2.82692e-08  1.99554e-11
      1304.41  2.89182e-08  2.12441e-11
      1304.75  3.05720e-08  2.25872e-11
      1305.09  3.18954e-08  2.36644e-11
      1305.43  3.75935e-08  2.63059e-11
      1305.77  4.40320e-08  2.94266e-11
      1306.11  4.20750e-08  2.75410e-11
      1306.46  2.62785e-08  2.41576e-11
      1306.80  1.38399e-08  1.44882e-11
      1307.14  7.37639e-09  1.08303e-11
      1307.48  5.05180e-09  9.22061e-12
      1307.82  3.99513e-09  8.27882e-12
      1308.16  4.00315e-09  8.18048e-12
      1308.51  4.79600e-09  8.79497e-12
      1308.85  3.89710e-09  7.78817e-12
      1309.19  2.74496e-09  6.75770e-12
      1309.53  2.51247e-09  6.62953e-12
      1309.88  2.49760e-09  6.90390e-12
      1310.22  2.71034e-09  7.49136e-12
      1310.56  3.65629e-09  8.61627e-12
      1310.91  6.84036e-09  1.15337e-11
      1311.25  1.22454e-08  1.58440e-11
      1311.60  1.22669e-08  1.57889e-11
      1311.94  7.24925e-09  1.19690e-11
      1312.28  3.70521e-09  8.69547e-12
      1312.63  2.45699e-09  7.37890e-12
      1312.97  2.10682e-09  6.77861e-12
      1313.32  2.95306e-09  7.64399e-12
      1313.66  4.72583e-09  9.27275e-12
      1314.01  4.11853e-09  8.42743e-12
      1314.35  2.82036e-09  7.31391e-12
      1314.70  1.85166e-09  5.97099e-12
      1315.05  1.67823e-09  5.66285e-12
      1315.39  1.92038e-09  6.15005e-12
      1315.74  2.53718e-09  6.84424e-12
      1316.08  4.04367e-09  8.46309e-12
      1316.43  8.46398e-09  1.22441e-11
      1316.78  1.38566e-08  1.65696e-11
      1317.12  1.07481e-08  1.46292e-11
      1317.47  5.15890e-09  1.02701e-11
      1317.82  2.96010e-09  8.29691e-12
      1318.17  3.10111e-09  8.04997e-12
      1318.51  5.28521e-09  9.76224e-12
      1318.86  6.42236e-09  1.07534e-11
      1319.21  4.15302e-09  8.61220e-12
      1319.56  2.37694e-09  6.87325e-12
      1319.91  2.44695e-09  7.00237e-12
      1320.25  2.44314e-09  6.83727e-12
      1320.60  2.44500e-09  6.61451e-12
      1320.95  3.08858e-09  7.28356e-12
      1321.30  4.54123e-09  8.46055e-12
      1321.65  9.39276e-09  1.17814e-11
      1322.00  1.76796e-08  1.75853e-11
      1322.35  1.46063e-08  1.62004e-11
      1322.70  7.18279e-09  1.18884e-11
      1323.05  4.54223e-09  9.95115e-12
      1323.40  5.18337e-09  1.06087e-11
      1323.75  6.15688e-09  1.09856e-11
      1324.10  6.40008e-09  1.07863e-11
      1324.45  4.54566e-09  8.87394e-12
      1324.80  3.19654e-09  7.55779e-12
      