227
      1249.95  1.11904e-08  1.90187e-11
      1250.27  5.19178e-09  1.34886e-11
      1250.58  1.52883e-09  9.29075e-12
      1250.89  1.03327e-09  8.67767e-12
      1251.20  1.46266e-09  8.73072e-12
      1251.52  2.46972e-09  9.53864e-12
      1251.83  4.48213e-09  1.19423e-11
      1252.14  5.90971e-09  1.34704e-11
      1252.46  5.65047e-09  1.35739e-11
      1252.77  5.24968e-09  1.30326e-11
      1253.09  8.90868e-09  1.60170e-11
      1253.40  1.70741e-08  2.13514e-11
      1253.71  2.10554e-08  2.32358e-11
      1254.03  1.26893e-08  1.69503e-11
      1254.34  6.06505e-09  1.16444e-11
      1254.66  7.56359e-09  1.25741e-11
      1254.97  1.24221e-08  1.67587e-11
      1255.29  7.94548e-09  1.30917e-11
      1255.60  3.36432e-09  9.16590e-12
      1255.92  3.94768e-09  9.94832e-12
      1256.23  6.98883e-09  1.19435e-11
      1256.55  1.13549e-08  1.49304e-11
      1256.87  8.04037e-09  1.19854e-11
      1257.18  3.47996e-09  8.27039e-12
      1257.50  2.45806e-09  7.35281e-12
      1257.81  2.86933e-09  7.97471e-12
      1258.13  3.63394e-09  8.99935e-12
      1258.45  3.65231e-09  9.16885e-12
      1258.76  3.91051e-09  9.47204e-12
      1259.08  7.26995e-09  1.20884e-11
      1259.40  1.50642e-08  1.66960e-11
      1259.72  2.02314e-08  1.93775e-11
      1260.03  1.50091e-08  1.63498e-11
      1260.35  1.10146e-08  1.37367e-11
      1260.67  1.44213e-08  1.68502e-11
      1260.99  1.31204e-08  1.64028e-11
      1261.30  1.02687e-08  1.45433e-11
      1261.62  1.32972e-08  1.76426e-11
      1261.94  1.37052e-08  1.73119e-11
      1262.26  1.41501e-08  1.85319e-11
      1262.58  1.02318e-08  1.49928e-11
      1262.90  1.08299e-08  1.44541e-11
      1263.22  1.67256e-08  1.83627e-11
      1263.54  1.38997e-08  1.64894e-11
      1263.86  8.65297e-09  1.33037e-11
      1264.17  6.67973e-09  1.22862e-11
      1264.49  4.87008e-09  1.05781e-11
      1264.81  5.37747e-09  1.06091e-11
      1265.13  1.08967e-08  1.40143e-11
      1265.45  1.68153e-08  1.67890e-11
      1265.77  1.49105e-08  1.51636e-11
      1266.10  7.98399e-09  1.07636e-11
      1266.42  3.99134e-09  7.96289e-12
      1266.74  3.33959e-09  7.65735e-12
      1267.06  4.57179e-09  8.63800e-12
      1267.38  9.99362e-09  1.19849e-11
      1267.70  1.91443e-08  1.70838e-11
      1268.02  1.98839e-08  1.64833e-11
      1268.34  1.98589e-08  1.65507e-11
      1268.67  1.76592e-08  1.50330e-11
      1268.99  1.77110e-08  1.57068e-11
      1269.31  1.36198e-08  1.40655e-11
      1269.63  8.77124e-09  1.17878e-11
      1269.95  7.29336e-09  1.15189e-11
      1270.28  9.12030e-09  1.29130e-11
      1270.60  1.50973e-08  1.71244e-11
      1270.92  1.82344e-08  1.82976e-11
      1271.25  1.98229e-08  1.87273e-11
      1271.57  1.91949e-08  1.85733e-11
      1271.89  1.15134e-08  1.41471e-11
      1272.22  5.04375e-09  9.86739e-12
      1272.54  2.98806e-09  8.51421e-12
      1272.86  2.40033e-09  8.08563e-12
      1273.19  2.25033e-09  7.98452e-12
      1273.51  2.79771e-09  8.34146e-12
      1273.84  4.50725e-09  9.71511e-12
      1274.16  6.02992e-09  1.02125e-11
      1274.49  7.89759e-09  1.05232e-11
      1274.81  1.43631e-08  1.37771e-11
      1275.14  1.99439e-08  1.61952e-11
      1275.46  1.77777e-08  1.53007e-11
      1275.79  1.15049e-08  1.24473e-11
      1276.11  7.47625e-09  1.03436e-11
      1276.44  9.93610e-09  1.16393e-11
      1276.76  1.69606e-08  1.56271e-11
      1277.09  1.76110e-08  1.50887e-11
      1277.42  1.76910e-08  1.55350e-11
      1277.74  1.22654e-08  1.30029e-11
      1278.07  5.61817e-09  9.33906e-12
      1278.40  3.24504e-09  8.09211e-12
      1278.72  2.46325e-09  7.87499e-12
      1279.05  2.45626e-09  8.23403e-12
      1279.38  3.36203e-09  9.16030e-12
      1279.71  5.16008e-09  1.06262e-11
      1280.03  6.80286e-09  1.18580e-11
      1280.36  6.18366e-09  1.07968e-11
      1280.69  6.58467e-09  1.11588e-11
      1281.02  8.69823e-09  1.24474e-11
      1281.34  1.29197e-08  1.52016e-11
      1281.67  1.57013e-08  1.72619e-11
      1282.00  1.20371e-08  1.45040e-11
      1282.33  1.24619e-08  1.42805e-11
      1282.66  1.93917e-08  1.72488e-11
      1282.99  2.45913e-08  1.84034e-11
      1283.32  2.45184e-08  1.76809e-11
      1283.65  1.69826e-08  1.42772e-11
      1283.98  8.75325e-09  1.04286e-11
      1284.31  4.99071e-09  8.54618e-12
      1284.64  3.72362e-09  7.95318e-12
      1284.97  3.71439e-09  8.14213e-12
      1285.30  4.41511e-09  9.17739e-12
      1285.63  3.77538e-09  8.44348e-12
      1285.96  3.48864e-09  8.03474e-12
      1286.29  5.39727e-09  9.73550e-12
      1286.62  7.52489e-09  1.15559e-11
      1286.95  7.14674e-09  1.12651e-11
      1287.28  9.14665e-09  1.28913e-11
      1287.61  1.57426e-08  1.76826e-11
      1287.95  1.88358e-08  1.91865e-11
      1288.28  1.87423e-08  1.86733e-11
      1288.61  1.87432e-08  1.80364e-11
      1288.94  1.84251e-08  1.75350e-11
      1289.27  1.31341e-08  1.41117e-11
      1289.61  9.74023e-09  1.22392e-11
      1289.94  7.70548e-09  1.09375e-11
      1290.27  5.21002e-09  9.03527e-12
      1290.61  4.41831e-09  8.81626e-12
      1290.94  3.26214e-09  7.53876e-12
      1291.27  2.38044e-09  6.58424e-12
      1291.61  2.79462e-09  6.70266e-12
      1291.94  4.74965e-09  8.24445e-12
      1292.27  8.24298e-09  1.04548e-11
      1292.61  1.21906e-08  1.36726e-11
      1292.94  8.53429e-09  1.14222e-11
      1293.28  6.50474e-09  1.06332e-11
      1293.61  8.88347e-09  1.32391e-11
      1293.95  1.13811e-08  1.45490e-11
      1294.28  1.70326e-08  1.78913e-11
      1294.62  1.91237e-08  1.85414e-11
      1294.95  1.60810e-08  1.63702e-11
      1295.29  1.53269e-08  1.62287e-11
      1295.62  1.31615e-08  1.49563e-11
      1295.96  9.61774e-09  1.28235e-11
      1296.29  8.35374e-09  1.21330e-11
      1296.63  8.76113e-09  1.20556e-11
      1296.97  1.09691e-08  1.26947e-11
      1297.30  1.68327e-08  1.47629e-11
      1297.64  2.22075e-08  1.65237e-11
      1297.98  1.89078e-08  1.47722e-11
      1298.31  1.20006e-08  1.19300e-11
      1298.65  6.71106e-09  9.37146e-12
      1298.99  5.17135e-09  8.67162e-12
      1299.33  9.04615e-09  1.16753e-11
      1299.66  1.60851e-08  1.62667e-11
      1300.00  1.79686e-08  1.70288e-11
      1300.34  1.56006e-08  1.61325e-11
      1300.68  1.05904e-08  1.30770e-11
      1301.02  1.10742e-08  1.32068e-11
      1301.35  1.94744e-08  1.85087e-11
      1301.69  2.29594e-08  1.98288e-11
      1302.03  2.22926e-08  2.00000e-11
      1302.37  1.93186e-08  1.77019e-11
      1302.71  2.28735e-08  1.92492e-11
      1303.05  2.47384e-08  1.87484e-11
      1303.39  2.84672e-08  1.91203e-11
      1303.73  3.06848e-08  1.92134e-11
      1304.07  2.82573e-08  1.79542e-11
      1304.41  2.88560e-08  1.82467e-11
      1304.75  3.07164e-08  1.93513e-11
      1305.09  3.20558e-08  2.01547e-11
      1305.43  3.76762e-08  2.26863e-11
      1305.77  4.42241e-08  2.50440e-11
      1306.11  4.36276e-08  2.52525e-11
      1306.46  2.94684e-08  2.08836e-11
      1306.80  1.43841e-08  1.47964e-11
      1307.14  7.55242e-09  1.14386e-11
      1307.48  5.11335e-09  1.00853e-11
      1307.82  4.04403e-09  9.40967e-12
      1308.16  4.08825e-09  9.52350e-12
      1308.51  4.78410e-09  1.01420e-11
      1308.85  3.94248e-09  8.75895e-12
      1309.19  2.78702e-09  7.17709e-12
      1309.53  2.51989e-09  6.76279e-12
      1309.88  2.49053e-09  6.63841e-12
      1310.22  2.70049e-09  6.63339e-12
      1310.56  3.62763e-09  7.32160e-12
      1310.91  6.85000e-09  9.66691e-12
      1311.25  1.22935e-08  1.33352e-11
      1311.60  1.22380e-08  1.34477e-11
      1311.94  7.23926e-09  1.05835e-11
      1312.28  3.74065e-09  8.07258e-12
      1312.63  2.45867e-09  7.12599e-12
      1312.97  2.07460e-09  6.97312e-12
      1313.32  2.94342e-09  8.13419e-12
      1313.66  4.90516e-09  1.06536e-11
      1314.01  3.97780e-09  9.48167e-12
      1314.35  2.21299e-09  7.41350e-12
      1314.70  1.64693e-09  6.51279e-12
      1315.05  1.64086e-09  6.21159e-12
      1315.39  1.89973e-09  6.14741e-12
      1315.74  2.49274e-09  6.51489e-12
      1316.08  3.92540e-09  7.49340e-12
      1316.43  8.18857e-09  1.02602e-11
      1316.78  1.43174e-08  1.42677e-11
      1317.12  1.08922e-08  1.24228e-11
      1317.47  4.96428e-09  8.86209e-12
      1317.82  2.91547e-09  7.42838e-12
      1318.17  3.03088e-09  7.51874e-12
      1318.51  5.30459e-09  9.91163e-12
      1318.86  6.57324e-09  1.13277e-11
      1319.21  4.22527e-09  9.45403e-12
      1319.56  2.35566e-09  7.93914e-12
      1319.91  2.45505e-09  8.61083e-12
      1320.25  2.49126e-09  7.91000e-12
      1320.60  2.49816e-09  7.38356e-12
      1320.95  3.12336e-09  7.55515e-12
      1321.30  4.63549e-09  8.25468e-12
      1321.65  9.48734e-09  1.07939e-11
      1322.00  1.71092e-08  1.50380e-11
      1322.35  1.47229e-08  1.39315e-11
      1322.70  7.39188e-09  1.00738e-11
      1323.05  4.65965e-09  8.67527e-12
      1323.40  5.12886e-09  9.39063e-12
      1323.75  6.14632e-09  1.02846e-11
      1324.10  6.31241e-09  1.07353e-11
      1324.45  4.64174e-09  9.35889e-12
      1324.80  3.21826e-09  8.31674e-12
      