227
      1249.95  1.19932e-08  1.77013e-11
      1250.27  5.70520e-09  1.26034e-11
      1250.58  1.74062e-09  8.35219e-12
      1250.89  1.17027e-09  7.68417e-12
      1251.20  1.62120e-09  8.04382e-12
      1251.52  2.62989e-09  8.90896e-12
      1251.83  4.75177e-09  1.11096e-11
      1252.14  5.97239e-09  1.25778e-11
      1252.46  5.29514e-09  1.80292e-11
      1252.77  5.10560e-09  1.46981e-11
      1253.09  8.70160e-09  1.83922e-11
      1253.40  1.66217e-08  2.47331e-11
      1253.71  2.03158e-08  2.83311e-11
      1254.03  1.25032e-08  2.07842e-11
      1254.34  6.07130e-09  1.41742e-11
      1254.66  8.22644e-09  1.45777e-11
      1254.97  1.25007e-08  1.76746e-11
      1255.29  8.44196e-09  1.45063e-11
      1255.60  3.89709e-09  1.04923e-11
      1255.92  4.26642e-09  1.13601e-11
      1256.23  7.47638e-09  1.36709e-11
      1256.55  1.23304e-08  1.74002e-11
      1256.87  8.52050e-09  1.38206e-11
      1257.18  3.78437e-09  9.47508e-12
      1257.50  2.72117e-09  8.55290e-12
      1257.81  3.15462e-09  9.10196e-12
      1258.13  4.04661e-09  1.02690e-11
      1258.45  4.04471e-09  1.02485e-11
      1258.76  4.29942e-09  1.02201e-11
      1259.08  7.78046e-09  1.26697e-11
      1259.40  1.58318e-08  1.72658e-11
      1259.72  2.13095e-08  1.96658e-11
      1260.03  1.63756e-08  1.65315e-11
      1260.35  1.20738e-08  1.39487e-11
      1260.67  1.49760e-08  1.62022e-11
      1260.99  1.40428e-08  1.58811e-11
      1261.30  1.13863e-08  1.41840e-11
      1261.62  1.38792e-08  1.62313e-11
      1261.94  1.46305e-08  1.60749e-11
      1262.26  1.50131e-08  1.64165e-11
      1262.58  1.08895e-08  1.32410e-11
      1262.90  1.12612e-08  1.30419e-11
      1263.22  1.64801e-08  1.52471e-11
      1263.54  1.12711e-08  2.26548e-11
      1263.86  8.52693e-09  1.51340e-11
      1264.17  6.53705e-09  1.50703e-11
      1264.49  4.68292e-09  1.25065e-11
      1264.81  5.06315e-09  1.26024e-11
      1265.13  1.05575e-08  1.72839e-11
      1265.45  1.70563e-08  1.99046e-11
      1265.77  1.55934e-08  1.67714e-11
      1266.10  8.44404e-09  1.20666e-11
      1266.42  4.37212e-09  9.51244e-12
      1266.74  4.05862e-09  8.85898e-12
      1267.06  5.34582e-09  1.10057e-11
      1267.38  1.09006e-08  1.39849e-11
      1267.70  1.95816e-08  1.88667e-11
      1268.02  2.13026e-08  1.87634e-11
      1268.34  2.08890e-08  1.83362e-11
      1268.67  1.90759e-08  1.66870e-11
      1268.99  1.87992e-08  1.68887e-11
      1269.31  1.46217e-08  1.47232e-11
      1269.63  9.68459e-09  1.22080e-11
      1269.95  7.92841e-09  1.14546e-11
      1270.28  9.51259e-09  1.22510e-11
      1270.60  1.61528e-08  1.63495e-11
      1270.92  1.92282e-08  1.69611e-11
      1271.25  2.09133e-08  1.72110e-11
      1271.57  2.07860e-08  1.71432e-11
      1271.89  1.24002e-08  1.31159e-11
      1272.22  5.37451e-09  9.04637e-12
      1272.54  3.16420e-09  7.45528e-12
      1272.86  2.23363e-09  1.06172e-11
      1273.19  2.16971e-09  9.50046e-12
      1273.51  2.75264e-09  9.80569e-12
      1273.84  4.39554e-09  1.16063e-11
      1274.16  5.91133e-09  1.33310e-11
      1274.49  8.19708e-09  1.35489e-11
      1274.81  1.51321e-08  1.62116e-11
      1275.14  2.05131e-08  1.83276e-11
      1275.46  1.86359e-08  1.76358e-11
      1275.79  1.24515e-08  1.46079e-11
      1276.11  8.28065e-09  1.19885e-11
      1276.44  1.07362e-08  1.34487e-11
      1276.76  1.77404e-08  1.73819e-11
      1277.09  1.86099e-08  1.64911e-11
      1277.42  1.91301e-08  1.69565e-11
      1277.74  1.32600e-08  1.37183e-11
      1278.07  6.22976e-09  9.64363e-12
      1278.40  3.63346e-09  8.13446e-12
      1278.72  2.75555e-09  7.62979e-12
      1279.05  2.68416e-09  7.53365e-12
      1279.38  3.62457e-09  8.39860e-12
      1279.71  5.46156e-09  9.63159e-12
      1280.03  7.35155e-09  1.08668e-11
      1280.36  6.63727e-09  9.93036e-12
      1280.69  6.97102e-09  1.01831e-11
      1281.02  1.03566e-08  1.58641e-11
      1281.34  1.31502e-08  1.96258e-11
      1281.67  1.51196e-08  1.97587e-11
      1282.00  1.19770e-08  1.76368e-11
      1282.33  1.22581e-08  1.77910e-11
      1282.66  1.88053e-08  2.17233e-11
      1282.99  2.49270e-08  2.16411e-11
      1283.32  2.52710e-08  1.99044e-11
      1283.65  1.80253e-08  1.65531e-11
      1283.98  9.70867e-09  1.22620e-11
      1284.31  5.59417e-09  9.90463e-12
      1284.64  4.17066e-09  8.99709e-12
      1284.97  4.12063e-09  9.00507e-12
      1285.30  4.86139e-09  9.78140e-12
      1285.63  4.16856e-09  8.73194e-12
      1285.96  3.79242e-09  7.89103e-12
      1286.29  5.76854e-09  9.42364e-12
      1286.62  8.22764e-09  1.13696e-11
      1286.95  7.71575e-09  1.07911e-11
      1287.28  9.43662e-09  1.18102e-11
      1287.61  1.64591e-08  1.61534e-11
      1287.95  1.98179e-08  1.76228e-11
      1288.28  1.95814e-08  1.63684e-11
      1288.61  1.85817e-08  2.44028e-11
      1288.94  1.79840e-08  2.12673e-11
      1289.27  1.29044e-08  1.69508e-11
      1289.61  9.35856e-09  1.50475e-11
      1289.94  7.51521e-09  1.43145e-11
      1290.27  5.09817e-09  1.21878e-11
      1290.61  4.38566e-09  1.09697e-11
      1290.94  3.56452e-09  8.93683e-12
      1291.27  2.66795e-09  7.72010e-12
      1291.61  3.13336e-09  7.76062e-12
      1291.94  5.18472e-09  9.24936e-12
      1292.27  8.93662e-09  1.15690e-11
      1292.61  1.28457e-08  1.41114e-11
      1292.94  9.44597e-09  1.18946e-11
      1293.28  7.23282e-09  1.06345e-11
      1293.61  9.58572e-09  1.25612e-11
      1293.95  1.20651e-08  1.33671e-11
      1294.28  1.79891e-08  1.63205e-11
      1294.62  2.03856e-08  1.70331e-11
      1294.95  1.70117e-08  1.50554e-11
      1295.29  1.62137e-08  1.51880e-11
      1295.62  1.13786e-08  1.47276e-11
      1295.96  8.66703e-09  1.65460e-11
      1296.29  8.08746e-09  1.45185e-11
      1296.63  8.46084e-09  1.51486e-11
      1296.97  1.04127e-08  1.62992e-11
      1297.30  1.64587e-08  1.95171e-11
      1297.64  2.33857e-08  2.03959e-11
      1297.98  2.02975e-08  1.72627e-11
      1298.31  1.39518e-08  1.54803e-11
      1298.65  1.06917e-08  1.59060e-11
      1298.99  8.57425e-09  1.51195e-11
      1299.33  1.10288e-08  1.56360e-11
      1299.66  1.69931e-08  1.61392e-11
      1300.00  1.93603e-08  1.68165e-11
      1300.34  1.70814e-08  1.69116e-11
      1300.68  1.11257e-08  1.32738e-11
      1301.02  1.18654e-08  1.25701e-11
      1301.35  1.98721e-08  1.66250e-11
      1301.69  2.40080e-08  1.83962e-11
      1302.03  2.18314e-08  1.66769e-11
      1302.37  1.85886e-08  2.52908e-11
      1302.71  2.19719e-08  2.31590e-11
      1303.05  2.42911e-08  2.36034e-11
      1303.39  2.75224e-08  2.52438e-11
      1303.73  2.94924e-08  2.58376e-11
      1304.07  2.84909e-08  2.25404e-11
      1304.41  3.02578e-08  2.14073e-11
      1304.75  3.21975e-08  2.20409e-11
      1305.09  3.36139e-08  2.23492e-11
      1305.43  3.92953e-08  2.41476e-11
      1305.77  4.60837e-08  2.55571e-11
      1306.11  4.68109e-08  2.68968e-11
      1306.46  2.99587e-08  2.19511e-11
      1306.80  1.51532e-08  1.44671e-11
      1307.14  8.43141e-09  1.08786e-11
      1307.48  5.73098e-09  9.48925e-12
      1307.82  4.46093e-09  8.78512e-12
      1308.16  4.33489e-09  8.80316e-12
      1308.51  4.41788e-09  9.65915e-12
      1308.85  3.33045e-09  1.16567e-11
      1309.19  2.64038e-09  8.98770e-12
      1309.53  2.43503e-09  8.66759e-12
      1309.88  2.40028e-09  8.83697e-12
      1310.22  2.67740e-09  8.95652e-12
      1310.56  3.88413e-09  8.96099e-12
      1310.91  7.13524e-09  1.08442e-11
      1311.25  1.31486e-08  1.47348e-11
      1311.60  1.34917e-08  1.45564e-11
      1311.94  8.11638e-09  1.09399e-11
      1312.28  4.21065e-09  8.07447e-12
      1312.63  2.81582e-09  6.96821e-12
      1312.97  2.38713e-09  6.68152e-12
      1313.32  3.18434e-09  7.58307e-12
      1313.66  5.17488e-09  9.62794e-12
      1314.01  4.64472e-09  9.18621e-12
      1314.35  3.06171e-09  7.17632e-12
      1314.70  2.83198e-09  1.24104e-11
      1315.05  2.12569e-09  8.57576e-12
      1315.39  1.88941e-09  8.14736e-12
      1315.74  2.43163e-09  8.86739e-12
      1316.08  3.96652e-09  1.04920e-11
      1316.43  9.06724e-09  1.33030e-11
      1316.78  1.46010e-08  1.59546e-11
      1317.12  1.19013e-08  1.40342e-11
      1317.47  5.86998e-09  9.69186e-12
      1317.82  3.40845e-09  7.68350e-12
      1318.17  3.47142e-09  7.47789e-12
      1318.51  5.71648e-09  9.43077e-12
      1318.86  7.09173e-09  1.06213e-11
      1319.21  4.86523e-09  9.02101e-12
      1319.56  2.76902e-09  7.49298e-12
      1319.91  2.69536e-09  7.76517e-12
      1320.25  2.71734e-09  7.67260e-12
      1320.60  2.72114e-09  1.00629e-11
      1320.95  3.07435e-09  1.06200e-11
      1321.30  4.36309e-09  1.07425e-11
      1321.65  8.96888e-09  1.44932e-11
      1322.00  1.67840e-08  2.03636e-11
      1322.35  1.48436e-08  1.64975e-11
      1322.70  8.16661e-09  1.13329e-11
      1323.05  5.19628e-09  9.22620e-12
      1323.40  5.71378e-09  9.67746e-12
      1323.75  6.79288e-09  1.01452e-11
      1324.10  7.12986e-09  1.04367e-11
      1324.45  5.21687e-09  8.89092e-12
      1324.80  3.66921e-09  7.86997e-12
      