227
      1249.95  1.10370e-08  1.30100e-11
      1250.27  5.13108e-09  9.20421e-12
      1250.58  1.50782e-09  6.33277e-12
      1250.89  1.01799e-09  5.73758e-12
      1251.20  1.44919e-09  5.91206e-12
      1251.52  2.45664e-09  6.45151e-12
      1251.83  4.45549e-09  7.88176e-12
      1252.14  5.85261e-09  8.89836e-12
      1252.46  5.59466e-09  8.90988e-12
      1252.77  5.18709e-09  8.65944e-12
      1253.09  8.78072e-09  1.08007e-11
      1253.40  1.69082e-08  1.46787e-11
      1253.71  2.09638e-08  1.64681e-11
      1254.03  1.25349e-08  1.21902e-11
      1254.34  5.94266e-09  8.52602e-12
      1254.66  7.49359e-09  9.37768e-12
      1254.97  1.20416e-08  1.25645e-11
      1255.29  7.83735e-09  1.01207e-11
      1255.60  3.34385e-09  7.35795e-12
      1255.92  3.87173e-09  8.26070e-12
      1256.23  6.88968e-09  1.01382e-11
      1256.55  1.11191e-08  1.29814e-11
      1256.87  7.87976e-09  1.05099e-11
      1257.18  3.42488e-09  7.19904e-12
      1257.50  2.42528e-09  6.46865e-12
      1257.81  2.81968e-09  6.97605e-12
      1258.13  3.58435e-09  7.69989e-12
      1258.45  3.60369e-09  7.54955e-12
      1258.76  3.85192e-09  7.68078e-12
      1259.08  7.07778e-09  9.58149e-12
      1259.40  1.48693e-08  1.33599e-11
      1259.72  2.02713e-08  1.54156e-11
      1260.03  1.48927e-08  1.25932e-11
      1260.35  1.07786e-08  1.02728e-11
      1260.67  1.43340e-08  1.24065e-11
      1260.99  1.31161e-08  1.16608e-11
      1261.30  1.02530e-08  1.01666e-11
      1261.62  1.30366e-08  1.19330e-11
      1261.94  1.37046e-08  1.18998e-11
      1262.26  1.39196e-08  1.27044e-11
      1262.58  1.00327e-08  1.01610e-11
      1262.90  1.08571e-08  9.66364e-12
      1263.22  1.64073e-08  1.20328e-11
      1263.54  1.37489e-08  1.09172e-11
      1263.86  8.64728e-09  8.82344e-12
      1264.17  6.64577e-09  8.31630e-12
      1264.49  4.77712e-09  7.35020e-12
      1264.81  5.22784e-09  7.59451e-12
      1265.13  1.07652e-08  1.04044e-11
      1265.45  1.67667e-08  1.28082e-11
      1265.77  1.47573e-08  1.18765e-11
      1266.10  7.71767e-09  8.56392e-12
      1266.42  3.81713e-09  6.45631e-12
      1266.74  3.24838e-09  6.36162e-12
      1267.06  4.52741e-09  7.43635e-12
      1267.38  9.70493e-09  1.06797e-11
      1267.70  1.86627e-08  1.56808e-11
      1268.02  1.97942e-08  1.48546e-11
      1268.34  1.94023e-08  1.42836e-11
      1268.67  1.76895e-08  1.28056e-11
      1268.99  1.72829e-08  1.25418e-11
      1269.31  1.35277e-08  1.11352e-11
      1269.63  8.81416e-09  9.20072e-12
      1269.95  7.25938e-09  8.57830e-12
      1270.28  9.08090e-09  9.48038e-12
      1270.60  1.49681e-08  1.22579e-11
      1270.92  1.80084e-08  1.30106e-11
      1271.25  1.97303e-08  1.31339e-11
      1271.57  1.92505e-08  1.28031e-11
      1271.89  1.12827e-08  9.38351e-12
      1272.22  4.91958e-09  6.47393e-12
      1272.54  2.93260e-09  5.56631e-12
      1272.86  2.35545e-09  5.32739e-12
      1273.19  2.20352e-09  5.32431e-12
      1273.51  2.74030e-09  6.23288e-12
      1273.84  4.45501e-09  7.50716e-12
      1274.16  6.00670e-09  7.67726e-12
      1274.49  7.94490e-09  8.23351e-12
      1274.81  1.41421e-08  1.10029e-11
      1275.14  1.94109e-08  1.30245e-11
      1275.46  1.74062e-08  1.26582e-11
      1275.79  1.14261e-08  1.06435e-11
      1276.11  7.54387e-09  8.98527e-12
      1276.44  1.00174e-08  1.03333e-11
      1276.76  1.64189e-08  1.34192e-11
      1277.09  1.74276e-08  1.31210e-11
      1277.42  1.75145e-08  1.30550e-11
      1277.74  1.20485e-08  1.03470e-11
      1278.07  5.62308e-09  7.26241e-12
      1278.40  3.21965e-09  5.99659e-12
      1278.72  2.43172e-09  5.53923e-12
      1279.05  2.39682e-09  5.64228e-12
      1279.38  3.28350e-09  6.38876e-12
      1279.71  5.04864e-09  7.26918e-12
      1280.03  6.85883e-09  8.17855e-12
      1280.36  6.05521e-09  7.20567e-12
      1280.69  6.46496e-09  7.34663e-12
      1281.02  8.57889e-09  8.35470e-12
      1281.34  1.27529e-08  1.04145e-11
      1281.67  1.55827e-08  1.19281e-11
      1282.00  1.20863e-08  1.04456e-11
      1282.33  1.23941e-08  1.06769e-11
      1282.66  1.91154e-08  1.33812e-11
      1282.99  2.41935e-08  1.47622e-11
      1283.32  2.38896e-08  1.46403e-11
      1283.65  1.67922e-08  1.23395e-11
      1283.98  8.85443e-09  9.16650e-12
      1284.31  5.03779e-09  7.66526e-12
      1284.64  3.68312e-09  7.03656e-12
      1284.97  3.67379e-09  7.14560e-12
      1285.30  4.33263e-09  7.66288e-12
      1285.63  3.67420e-09  6.76253e-12
      1285.96  3.41408e-09  6.23031e-12
      1286.29  5.33237e-09  7.29534e-12
      1286.62  7.60124e-09  8.60541e-12
      1286.95  6.99735e-09  7.93656e-12
      1287.28  8.84794e-09  8.71945e-12
      1287.61  1.57673e-08  1.19830e-11
      1287.95  1.87312e-08  1.28210e-11
      1288.28  1.86565e-08  1.27870e-11
      1288.61  1.86126e-08  1.24753e-11
      1288.94  1.83927e-08  1.24094e-11
      1289.27  1.30046e-08  1.01151e-11
      1289.61  9.54382e-09  8.91624e-12
      1289.94  7.59157e-09  8.30245e-12
      1290.27  5.08968e-09  7.12138e-12
      1290.61  4.30069e-09  7.12683e-12
      1290.94  3.22942e-09  6.47480e-12
      1291.27  2.35843e-09  5.83385e-12
      1291.61  2.80192e-09  6.03100e-12
      1291.94  4.71035e-09  7.26322e-12
      1292.27  8.21479e-09  8.98018e-12
      1292.61  1.17083e-08  1.08932e-11
      1292.94  8.53092e-09  8.83371e-12
      1293.28  6.59333e-09  7.94773e-12
      1293.61  8.74811e-09  9.39778e-12
      1293.95  1.12154e-08  1.00929e-11
      1294.28  1.69185e-08  1.23856e-11
      1294.62  1.89283e-08  1.26072e-11
      1294.95  1.58071e-08  1.08978e-11
      1295.29  1.52261e-08  1.08582e-11
      1295.62  1.30157e-08  1.01511e-11
      1295.96  9.49840e-09  9.02216e-12
      1296.29  8.24074e-09  8.59531e-12
      1296.63  8.63328e-09  8.97154e-12
      1296.97  1.07726e-08  9.94378e-12
      1297.30  1.66367e-08  1.22787e-11
      1297.64  2.20179e-08  1.45508e-11
      1297.98  1.86809e-08  1.29742e-11
      1298.31  1.18117e-08  1.04294e-11
      1298.65  6.60890e-09  8.10062e-12
      1298.99  5.06084e-09  7.29479e-12
      1299.33  8.88273e-09  9.60327e-12
      1299.66  1.60193e-08  1.26241e-11
      1300.00  1.78721e-08  1.28355e-11
      1300.34  1.55446e-08  1.19368e-11
      1300.68  1.05403e-08  9.39327e-12
      1301.02  1.09174e-08  9.04109e-12
      1301.35  1.92633e-08  1.24324e-11
      1301.69  2.27828e-08  1.32685e-11
      1302.03  2.20365e-08  1.34258e-11
      1302.37  1.93242e-08  1.24426e-11
      1302.71  2.26028e-08  1.38385e-11
      1303.05  2.45670e-08  1.41093e-11
      1303.39  2.81242e-08  1.50365e-11
      1303.73  3.02865e-08  1.57182e-11
      1304.07  2.79756e-08  1.51580e-11
      1304.41  2.85201e-08  1.57011e-11
      1304.75  3.03496e-08  1.66913e-11
      1305.09  3.18294e-08  1.72872e-11
      1305.43  3.73619e-08  1.90171e-11
      1305.77  4.38491e-08  2.05222e-11
      1306.11  4.31798e-08  1.98728e-11
      1306.46  2.92945e-08  1.54755e-11
      1306.80  1.44193e-08  1.06146e-11
      1307.14  7.53845e-09  7.86696e-12
      1307.48  5.08571e-09  6.80341e-12
      1307.82  4.02323e-09  6.24556e-12
      1308.16  4.04885e-09  6.34366e-12
      1308.51  4.73245e-09  6.97327e-12
      1308.85  3.86137e-09  6.26014e-12
      1309.19  2.74337e-09  5.41674e-12
      1309.53  2.46949e-09  5.21282e-12
      1309.88  2.43456e-09  5.25114e-12
      1310.22  2.65092e-09  5.59800e-12
      1310.56  3.53146e-09  6.32286e-12
      1310.91  6.65186e-09  8.34556e-12
      1311.25  1.23191e-08  1.16874e-11
      1311.60  1.22478e-08  1.14522e-11
      1311.94  7.13187e-09  8.55994e-12
      1312.28  3.66206e-09  6.27437e-12
      1312.63  2.43056e-09  5.19959e-12
      1312.97  2.04768e-09  4.93534e-12
      1313.32  2.83388e-09  5.62151e-12
      1313.66  4.95286e-09  7.14266e-12
      1314.01  3.97642e-09  6.41507e-12
      1314.35  2.14336e-09  5.01178e-12
      1314.70  1.62762e-09  4.59367e-12
      1315.05  1.62672e-09  4.59298e-12
      1315.39  1.87427e-09  4.78340e-12
      1315.74  2.48096e-09  5.33476e-12
      1316.08  3.96005e-09  6.39208e-12
      1316.43  8.14608e-09  9.01439e-12
      1316.78  1.37315e-08  1.22473e-11
      1317.12  1.08921e-08  1.08277e-11
      1317.47  5.03984e-09  7.43915e-12
      1317.82  2.93185e-09  5.96787e-12
      1318.17  3.09779e-09  5.82131e-12
      1318.51  5.19745e-09  7.07115e-12
      1318.86  6.34453e-09  7.76887e-12
      1319.21  4.24347e-09  6.41506e-12
      1319.56  2.41157e-09  5.14420e-12
      1319.91  2.41048e-09  5.39002e-12
      1320.25  2.46633e-09  5.48233e-12
      1320.60  2.47802e-09  5.34683e-12
      1320.95  3.05457e-09  5.65802e-12
      1321.30  4.37179e-09  6.84224e-12
      1321.65  1.01469e-08  9.73633e-12
      1322.00  1.69837e-08  1.30944e-11
      1322.35  1.43551e-08  1.21114e-11
      1322.70  7.40924e-09  8.89167e-12
      1323.05  4.65127e-09  7.39995e-12
      1323.40  5.12089e-09  7.70208e-12
      1323.75  6.09992e-09  7.98638e-12
      1324.10  6.29819e-09  7.83757e-12
      1324.45  4.54783e-09  6.52179e-12
      1324.80  3.19732e-09  5.69502e-12
      