227
      1249.95  7.67828e-09  9.32743e-12
      1250.27  3.61026e-09  6.86451e-12
      1250.58  1.06169e-09  4.86589e-12
      1250.89  7.08377e-10  4.48524e-12
      1251.20  9.74776e-10  4.45617e-12
      1251.52  1.66759e-09  4.85854e-12
      1251.83  3.04150e-09  5.91495e-12
      1252.14  3.97367e-09  6.68765e-12
      1252.46  3.75072e-09  6.64956e-12
      1252.77  3.41093e-09  6.45383e-12
      1253.09  5.96568e-09  8.08078e-12
      1253.40  1.19905e-08  1.11973e-11
      1253.71  1.51992e-08  1.27367e-11
      1254.03  8.99384e-09  9.45379e-12
      1254.34  4.03731e-09  6.56122e-12
      1254.66  5.17414e-09  7.50620e-12
      1254.97  8.35841e-09  9.86123e-12
      1255.29  5.56296e-09  8.16461e-12
      1255.60  2.32239e-09  5.93443e-12
      1255.92  2.57239e-09  6.55978e-12
      1256.23  4.75362e-09  8.00425e-12
      1256.55  7.90835e-09  1.02421e-11
      1256.87  5.49248e-09  8.20197e-12
      1257.18  2.31091e-09  5.65195e-12
      1257.50  1.61282e-09  5.22029e-12
      1257.81  1.82890e-09  5.94981e-12
      1258.13  2.41503e-09  6.53103e-12
      1258.45  2.38226e-09  6.03414e-12
      1258.76  2.49445e-09  6.02565e-12
      1259.08  4.77785e-09  7.44805e-12
      1259.40  1.05177e-08  1.03718e-11
      1259.72  1.45721e-08  1.17650e-11
      1260.03  1.07918e-08  9.56234e-12
      1260.35  7.66400e-09  7.74686e-12
      1260.67  9.90609e-09  9.03151e-12
      1260.99  9.16535e-09  8.65087e-12
      1261.30  7.26632e-09  7.55273e-12
      1261.62  9.09969e-09  8.71877e-12
      1261.94  9.68692e-09  8.65676e-12
      1262.26  9.90901e-09  8.77649e-12
      1262.58  7.11234e-09  7.04595e-12
      1262.90  7.54406e-09  6.93447e-12
      1263.22  1.20738e-08  9.07847e-12
      1263.54  9.77105e-09  8.07968e-12
      1263.86  5.87680e-09  6.52260e-12
      1264.17  4.51971e-09  6.27792e-12
      1264.49  3.13855e-09  5.55811e-12
      1264.81  3.41726e-09  5.61449e-12
      1265.13  7.46546e-09  7.95595e-12
      1265.45  1.20271e-08  1.00005e-11
      1265.77  1.06297e-08  9.37346e-12
      1266.10  5.41746e-09  6.71735e-12
      1266.42  2.54051e-09  5.01226e-12
      1266.74  2.14891e-09  5.04073e-12
      1267.06  3.05717e-09  5.78343e-12
      1267.38  6.71584e-09  8.56769e-12
      1267.70  1.36029e-08  1.23808e-11
      1268.02  1.44055e-08  1.13972e-11
      1268.34  1.40411e-08  1.11282e-11
      1268.67  1.26689e-08  1.00506e-11
      1268.99  1.25490e-08  1.01004e-11
      1269.31  9.53671e-09  8.64857e-12
      1269.63  5.99200e-09  6.96284e-12
      1269.95  4.85648e-09  6.45832e-12
      1270.28  6.11519e-09  6.91024e-12
      1270.60  1.08495e-08  9.17442e-12
      1270.92  1.30580e-08  9.44834e-12
      1271.25  1.42207e-08  9.46019e-12
      1271.57  1.39470e-08  9.20739e-12
      1271.89  8.14283e-09  6.86412e-12
      1272.22  3.34641e-09  4.66859e-12
      1272.54  1.93376e-09  4.07395e-12
      1272.86  1.54547e-09  4.02406e-12
      1273.19  1.45987e-09  3.99743e-12
      1273.51  1.85151e-09  4.35874e-12
      1273.84  3.01137e-09  5.29205e-12
      1274.16  4.03755e-09  5.82721e-12
      1274.49  5.46638e-09  6.39706e-12
      1274.81  1.00957e-08  8.62129e-12
      1275.14  1.40900e-08  1.04500e-11
      1275.46  1.25935e-08  1.01023e-11
      1275.79  8.03726e-09  8.39507e-12
      1276.11  5.00123e-09  6.88146e-12
      1276.44  6.72920e-09  7.84656e-12
      1276.76  1.23273e-08  1.09560e-11
      1277.09  1.24183e-08  1.00466e-11
      1277.42  1.30063e-08  1.03549e-11
      1277.74  8.74865e-09  8.25216e-12
      1278.07  3.71842e-09  5.48657e-12
      1278.40  2.11377e-09  4.57206e-12
      1278.72  1.60341e-09  4.22993e-12
      1279.05  1.59579e-09  4.27207e-12
      1279.38  2.21878e-09  4.69629e-12
      1279.71  3.47850e-09  5.23439e-12
      1280.03  4.67200e-09  5.79169e-12
      1280.36  4.22998e-09  5.23723e-12
      1280.69  4.44103e-09  5.33877e-12
      1281.02  5.96839e-09  6.13807e-12
      1281.34  9.02100e-09  7.70428e-12
      1281.67  1.10610e-08  8.93101e-12
      1282.00  8.54494e-09  7.90890e-12
      1282.33  8.74023e-09  8.18157e-12
      1282.66  1.38031e-08  1.04138e-11
      1282.99  1.78233e-08  1.17175e-11
      1283.32  1.78722e-08  1.17802e-11
      1283.65  1.22828e-08  9.77861e-12
      1283.98  6.12558e-09  7.12236e-12
      1284.31  3.34702e-09  5.77331e-12
      1284.64  2.46758e-09  5.29448e-12
      1284.97  2.44958e-09  5.41179e-12
      1285.30  2.91134e-09  5.72922e-12
      1285.63  2.50070e-09  5.20766e-12
      1285.96  2.32499e-09  4.74247e-12
      1286.29  3.68167e-09  5.43928e-12
      1286.62  5.21745e-09  6.24962e-12
      1286.95  4.90241e-09  5.82305e-12
      1287.28  6.32727e-09  6.37632e-12
      1287.61  1.13140e-08  8.64422e-12
      1287.95  1.35984e-08  9.36212e-12
      1288.28  1.35292e-08  9.22908e-12
      1288.61  1.34813e-08  9.08923e-12
      1288.94  1.33683e-08  9.31376e-12
      1289.27  9.29055e-09  7.67715e-12
      1289.61  6.73527e-09  6.97232e-12
      1289.94  5.21937e-09  6.47920e-12
      1290.27  3.43183e-09  5.59877e-12
      1290.61  2.96018e-09  5.89996e-12
      1290.94  2.19619e-09  5.12602e-12
      1291.27  1.59323e-09  4.69177e-12
      1291.61  1.87488e-09  4.78601e-12
      1291.94  3.19388e-09  5.61875e-12
      1292.27  5.68568e-09  6.82798e-12
      1292.61  8.48657e-09  8.39775e-12
      1292.94  6.11204e-09  6.89871e-12
      1293.28  4.46501e-09  6.01959e-12
      1293.61  6.02376e-09  7.01203e-12
      1293.95  7.93497e-09  7.47175e-12
      1294.28  1.20804e-08  8.88098e-12
      1294.62  1.36460e-08  9.11946e-12
      1294.95  1.14009e-08  7.94309e-12
      1295.29  1.08077e-08  7.86613e-12
      1295.62  9.15657e-09  7.43611e-12
      1295.96  6.57883e-09  6.59622e-12
      1296.29  5.63711e-09  6.55065e-12
      1296.63  5.88159e-09  6.83987e-12
      1296.97  7.46463e-09  7.74803e-12
      1297.30  1.19981e-08  9.66272e-12
      1297.64  1.62483e-08  1.12530e-11
      1297.98  1.35380e-08  1.01564e-11
      1298.31  8.30302e-09  8.08529e-12
      1298.65  4.47101e-09  6.13284e-12
      1298.99  3.32212e-09  5.46935e-12
      1299.33  6.09608e-09  7.06279e-12
      1299.66  1.16452e-08  9.71995e-12
      1300.00  1.30168e-08  9.71574e-12
      1300.34  1.11628e-08  8.64757e-12
      1300.68  7.44420e-09  6.68718e-12
      1301.02  7.72506e-09  6.50441e-12
      1301.35  1.40567e-08  8.95983e-12
      1301.69  1.68886e-08  9.75513e-12
      1302.03  1.63028e-08  9.87900e-12
      1302.37  1.43882e-08  9.36994e-12
      1302.71  1.67393e-08  1.07186e-11
      1303.05  1.85113e-08  1.10555e-11
      1303.39  2.12433e-08  1.20734e-11
      1303.73  2.29475e-08  1.27228e-11
      1304.07  2.11636e-08  1.22770e-11
      1304.41  2.15165e-08  1.28159e-11
      1304.75  2.29441e-08  1.34738e-11
      1305.09  2.41689e-08  1.39135e-11
      1305.43  2.87877e-08  1.54498e-11
      1305.77  3.46557e-08  1.66053e-11
      1306.11  3.45235e-08  1.57134e-11
      1306.46  2.27469e-08  1.20673e-11
      1306.80  1.05029e-08  7.85697e-12
      1307.14  5.19170e-09  5.73707e-12
      1307.48  3.40011e-09  4.85939e-12
      1307.82  2.65556e-09  4.53373e-12
      1308.16  2.68256e-09  4.59317e-12
      1308.51  3.29101e-09  5.19249e-12
      1308.85  2.59774e-09  4.65717e-12
      1309.19  1.80500e-09  4.09018e-12
      1309.53  1.64007e-09  4.05357e-12
      1309.88  1.61562e-09  4.19933e-12
      1310.22  1.75382e-09  4.41678e-12
      1310.56  2.36556e-09  5.05263e-12
      1310.91  4.58776e-09  6.51802e-12
      1311.25  8.89469e-09  9.10512e-12
      1311.60  8.87800e-09  8.77464e-12
      1311.94  5.02658e-09  6.38578e-12
      1312.28  2.48124e-09  4.62609e-12
      1312.63  1.63013e-09  3.94540e-12
      1312.97  1.38161e-09  3.69181e-12
      1313.32  1.95076e-09  4.05218e-12
      1313.66  3.31233e-09  5.08825e-12
      1314.01  2.73199e-09  4.71991e-12
      1314.35  1.48468e-09  3.89080e-12
      1314.70  1.10143e-09  3.81521e-12
      1315.05  1.09257e-09  4.04495e-12
      1315.39  1.26549e-09  3.86292e-12
      1315.74  1.66321e-09  4.23200e-12
      1316.08  2.66335e-09  5.11663e-12
      1316.43  5.79926e-09  7.27033e-12
      1316.78  1.01619e-08  9.80393e-12
      1317.12  7.79400e-09  8.47142e-12
      1317.47  3.48044e-09  6.07864e-12
      1317.82  1.95712e-09  4.84937e-12
      1318.17  2.03088e-09  4.30248e-12
      1318.51  3.59461e-09  5.20326e-12
      1318.86  4.50333e-09  5.74256e-12
      1319.21  2.92736e-09  4.82035e-12
      1319.56  1.59714e-09  4.15587e-12
      1319.91  1.67354e-09  4.35093e-12
      1320.25  1.64452e-09  4.08029e-12
      1320.60  1.62681e-09  4.00959e-12
      1320.95  2.03117e-09  4.35462e-12
      1321.30  2.98603e-09  5.01599e-12
      1321.65  6.48232e-09  6.92796e-12
      1322.00  1.30794e-08  1.06731e-11
      1322.35  1.08087e-08  9.67420e-12
      1322.70  4.99496e-09  6.79191e-12
      1323.05  3.03701e-09  5.51412e-12
      1323.40  3.45696e-09  5.64357e-12
      1323.75  4.16216e-09  5.78723e-12
      1324.10  4.34796e-09  5.72422e-12
      1324.45  3.10202e-09  4.74534e-12
      1324.80  2.12361e-09  4.08958e-12
      