227
      1249.95  7.73743e-09  1.27158e-11
      1250.27  3.80925e-09  9.13589e-12
      1250.58  1.26021e-09  6.34556e-12
      1250.89  8.72545e-10  5.96856e-12
      1251.20  1.12086e-09  6.12714e-12
      1251.52  1.78341e-09  6.98774e-12
      1251.83  3.13543e-09  8.56399e-12
      1252.14  4.06483e-09  9.72404e-12
      1252.46  3.85975e-09  9.72650e-12
      1252.77  3.52722e-09  9.18654e-12
      1253.09  6.02638e-09  1.12284e-11
      1253.40  1.19534e-08  1.46843e-11
      1253.71  1.52213e-08  1.62815e-11
      1254.03  9.12021e-09  1.19476e-11
      1254.34  4.13011e-09  8.29509e-12
      1254.66  5.14289e-09  9.16450e-12
      1254.97  8.67679e-09  1.24994e-11
      1255.29  5.66633e-09  9.90519e-12
      1255.60  2.34743e-09  7.09834e-12
      1255.92  2.66067e-09  7.16378e-12
      1256.23  4.73900e-09  8.51815e-12
      1256.55  7.98105e-09  1.06270e-11
      1256.87  5.66743e-09  8.47841e-12
      1257.18  2.40905e-09  5.86066e-12
      1257.50  1.72931e-09  5.38057e-12
      1257.81  1.99148e-09  5.75595e-12
      1258.13  2.50598e-09  6.21001e-12
      1258.45  2.48204e-09  6.23686e-12
      1258.76  2.61011e-09  6.01124e-12
      1259.08  4.86315e-09  7.25651e-12
      1259.40  1.04529e-08  9.99196e-12
      1259.72  1.43998e-08  1.16581e-11
      1260.03  1.06748e-08  9.83747e-12
      1260.35  7.60988e-09  8.35280e-12
      1260.67  9.91539e-09  1.00718e-11
      1260.99  9.07814e-09  9.82636e-12
      1261.30  7.10550e-09  8.91022e-12
      1261.62  9.06811e-09  1.08438e-11
      1261.94  9.75389e-09  1.10915e-11
      1262.26  1.00495e-08  1.24165e-11
      1262.58  6.99356e-09  1.02229e-11
      1262.90  7.49713e-09  9.78990e-12
      1263.22  1.21492e-08  1.32863e-11
      1263.54  9.89487e-09  1.18603e-11
      1263.86  5.95413e-09  9.55512e-12
      1264.17  4.63363e-09  8.99691e-12
      1264.49  3.25946e-09  7.56439e-12
      1264.81  3.49751e-09  7.27155e-12
      1265.13  7.49430e-09  9.71444e-12
      1265.45  1.20506e-08  1.19267e-11
      1265.77  1.07335e-08  1.10345e-11
      1266.10  5.56733e-09  7.99886e-12
      1266.42  2.67604e-09  5.95383e-12
      1266.74  2.25268e-09  5.68195e-12
      1267.06  3.11761e-09  6.42718e-12
      1267.38  6.58636e-09  8.95686e-12
      1267.70  1.20792e-08  1.31609e-11
      1268.02  1.38791e-08  1.21833e-11
      1268.34  1.39837e-08  1.10681e-11
      1268.67  1.25560e-08  1.00834e-11
      1268.99  1.23742e-08  9.84555e-12
      1269.31  9.54735e-09  8.74777e-12
      1269.63  6.02143e-09  7.23601e-12
      1269.95  4.87011e-09  6.81366e-12
      1270.28  6.20448e-09  7.51175e-12
      1270.60  1.06616e-08  9.98983e-12
      1270.92  1.28523e-08  1.07946e-11
      1271.25  1.41225e-08  1.13523e-11
      1271.57  1.41221e-08  1.18875e-11
      1271.89  9.03042e-09  9.70797e-12
      1272.22  3.56479e-09  7.01382e-12
      1272.54  2.07727e-09  6.19820e-12
      1272.86  1.68171e-09  5.97192e-12
      1273.19  1.57850e-09  5.72636e-12
      1273.51  1.93559e-09  5.75949e-12
      1273.84  3.09578e-09  6.62468e-12
      1274.16  4.12449e-09  7.17867e-12
      1274.49  5.38054e-09  7.55661e-12
      1274.81  1.00769e-08  1.02963e-11
      1275.14  1.42569e-08  1.23126e-11
      1275.46  1.27249e-08  1.15083e-11
      1275.79  8.11048e-09  9.07467e-12
      1276.11  5.06201e-09  7.25770e-12
      1276.44  6.26656e-09  7.88109e-12
      1276.76  1.30357e-08  1.18126e-11
      1277.09  1.25378e-08  9.67130e-12
      1277.42  1.28448e-08  9.89934e-12
      1277.74  8.76567e-09  8.14898e-12
      1278.07  3.80662e-09  5.70300e-12
      1278.40  2.17740e-09  4.89963e-12
      1278.72  1.66482e-09  4.73013e-12
      1279.05  1.65411e-09  4.86635e-12
      1279.38  2.25020e-09  5.42438e-12
      1279.71  3.49237e-09  6.42054e-12
      1280.03  4.61386e-09  7.37605e-12
      1280.36  4.35923e-09  7.25091e-12
      1280.69  4.53094e-09  7.85712e-12
      1281.02  6.02229e-09  9.06561e-12
      1281.34  8.97970e-09  1.13343e-11
      1281.67  1.09769e-08  1.47425e-11
      1282.00  7.76393e-09  1.18695e-11
      1282.33  8.79522e-09  1.02061e-11
      1282.66  1.37415e-08  1.21589e-11
      1282.99  1.77361e-08  1.31651e-11
      1283.32  1.77606e-08  1.28246e-11
      1283.65  1.23289e-08  1.06364e-11
      1283.98  6.35000e-09  7.75116e-12
      1284.31  3.48498e-09  6.12988e-12
      1284.64  2.55723e-09  5.53438e-12
      1284.97  2.52554e-09  5.32930e-12
      1285.30  2.99917e-09  5.58871e-12
      1285.63  2.53648e-09  4.98114e-12
      1285.96  2.32796e-09  4.77844e-12
      1286.29  3.69084e-09  5.70557e-12
      1286.62  5.29597e-09  6.94716e-12
      1286.95  4.81795e-09  6.69895e-12
      1287.28  6.13618e-09  7.63740e-12
      1287.61  1.13091e-08  1.09058e-11
      1287.95  1.33998e-08  1.25395e-11
      1288.28  1.34570e-08  1.22670e-11
      1288.61  1.33828e-08  1.24961e-11
      1288.94  1.35320e-08  1.27552e-11
      1289.27  9.38974e-09  1.04682e-11
      1289.61  6.70968e-09  9.09010e-12
      1289.94  5.34838e-09  8.26026e-12
      1290.27  3.54615e-09  6.78356e-12
      1290.61  3.02110e-09  6.44675e-12
      1290.94  2.30935e-09  5.51484e-12
      1291.27  1.70090e-09  4.63687e-12
      1291.61  1.98851e-09  4.78729e-12
      1291.94  3.27323e-09  5.48378e-12
      1292.27  5.73491e-09  6.72953e-12
      1292.61  8.29208e-09  8.25835e-12
      1292.94  6.15266e-09  7.13501e-12
      1293.28  4.53033e-09  6.41286e-12
      1293.61  5.96787e-09  7.53093e-12
      1293.95  7.89968e-09  8.44695e-12
      1294.28  1.19407e-08  1.04647e-11
      1294.62  1.34132e-08  1.11822e-11
      1294.95  1.12520e-08  1.07589e-11
      1295.29  1.07918e-08  1.10309e-11
      1295.62  9.23118e-09  1.09060e-11
      1295.96  6.66387e-09  9.37276e-12
      1296.29  5.71266e-09  8.78972e-12
      1296.63  5.95060e-09  8.70028e-12
      1296.97  7.48873e-09  9.11868e-12
      1297.30  1.19533e-08  1.07429e-11
      1297.64  1.61745e-08  1.20125e-11
      1297.98  1.35953e-08  1.05940e-11
      1298.31  8.40090e-09  8.40381e-12
      1298.65  4.57617e-09  6.41551e-12
      1298.99  3.46401e-09  5.64851e-12
      1299.33  6.21056e-09  7.19733e-12
      1299.66  1.14176e-08  9.71676e-12
      1300.00  1.28269e-08  1.00244e-11
      1300.34  1.09669e-08  9.39549e-12
      1300.68  7.41780e-09  7.71395e-12
      1301.02  7.80954e-09  8.05728e-12
      1301.35  1.38152e-08  1.12810e-11
      1301.69  1.64752e-08  1.31289e-11
      1302.03  1.62136e-08  1.34832e-11
      1302.37  1.43067e-08  1.30903e-11
      1302.71  1.67509e-08  1.41591e-11
      1303.05  1.83450e-08  1.39753e-11
      1303.39  2.12253e-08  1.45117e-11
      1303.73  2.29327e-08  1.46411e-11
      1304.07  2.11006e-08  1.34702e-11
      1304.41  2.14320e-08  1.34915e-11
      1304.75  2.28411e-08  1.39223e-11
      1305.09  2.39274e-08  1.37971e-11
      1305.43  2.86883e-08  1.48102e-11
      1305.77  3.43677e-08  1.57449e-11
      1306.11  3.43586e-08  1.57581e-11
      1306.46  2.24103e-08  1.25791e-11
      1306.80  1.02458e-08  8.63988e-12
      1307.14  5.08536e-09  6.70962e-12
      1307.48  3.36632e-09  6.03404e-12
      1307.82  2.64343e-09  6.02780e-12
      1308.16  2.67452e-09  6.26640e-12
      1308.51  3.35510e-09  7.22837e-12
      1308.85  2.70476e-09  6.35190e-12
      1309.19  1.90397e-09  5.30410e-12
      1309.53  1.74695e-09  5.21882e-12
      1309.88  1.71781e-09  5.12676e-12
      1310.22  1.85026e-09  5.07147e-12
      1310.56  2.42872e-09  5.40928e-12
      1310.91  4.59735e-09  6.70418e-12
      1311.25  8.90801e-09  9.03923e-12
      1311.60  8.85858e-09  8.55969e-12
      1311.94  5.00165e-09  6.28720e-12
      1312.28  2.49715e-09  4.77693e-12
      1312.63  1.66712e-09  4.31686e-12
      1312.97  1.41185e-09  4.24925e-12
      1313.32  1.96209e-09  4.97254e-12
      1313.66  3.37287e-09  6.62231e-12
      1314.01  2.89130e-09  6.72596e-12
      1314.35  1.63531e-09  5.32121e-12
      1314.70  1.20051e-09  4.86019e-12
      1315.05  1.19180e-09  4.63428e-12
      1315.39  1.35808e-09  4.68613e-12
      1315.74  1.74608e-09  5.06113e-12
      1316.08  2.72339e-09  5.67796e-12
      1316.43  5.69052e-09  7.51995e-12
      1316.78  1.00966e-08  1.00684e-11
      1317.12  7.93033e-09  8.50479e-12
      1317.47  3.50528e-09  5.61264e-12
      1317.82  2.01387e-09  4.51443e-12
      1318.17  2.09731e-09  4.57035e-12
      1318.51  3.57316e-09  5.81237e-12
      1318.86  4.38447e-09  6.61055e-12
      1319.21  2.93268e-09  5.94616e-12
      1319.56  1.73257e-09  5.63975e-12
      1319.91  1.67315e-09  5.80648e-12
      1320.25  1.71525e-09  6.29038e-12
      1320.60  1.73373e-09  5.58470e-12
      1320.95  2.13741e-09  5.69832e-12
      1321.30  3.15861e-09  6.37421e-12
      1321.65  6.68956e-09  8.12685e-12
      1322.00  1.25682e-08  1.12988e-11
      1322.35  1.08094e-08  1.03127e-11
      1322.70  5.17326e-09  6.94754e-12
      1323.05  3.15184e-09  5.52704e-12
      1323.40  3.48653e-09  5.65260e-12
      1323.75  4.16766e-09  6.01579e-12
      1324.10  4.31250e-09  6.16724e-12
      1324.45  3.09395e-09  5.50687e-12
      1324.80  2.13302e-09  5.18843e-12
      