227
      1249.95  7.63686e-09  1.09294e-11
      1250.27  3.69284e-09  7.83460e-12
      1250.58  1.15172e-09  5.33810e-12
      1250.89  7.71701e-10  4.75002e-12
      1251.20  1.03150e-09  5.01166e-12
      1251.52  1.69123e-09  5.67398e-12
      1251.83  3.06511e-09  6.68258e-12
      1252.14  3.99526e-09  7.52714e-12
      1252.46  3.78778e-09  7.45945e-12
      1252.77  3.47488e-09  7.03299e-12
      1253.09  6.01971e-09  8.39469e-12
      1253.40  1.19465e-08  1.11802e-11
      1253.71  1.50497e-08  1.24360e-11
      1254.03  9.04626e-09  9.30531e-12
      1254.34  4.09788e-09  6.54052e-12
      1254.66  5.14102e-09  7.28148e-12
      1254.97  8.56091e-09  1.00029e-11
      1255.29  5.56884e-09  8.13545e-12
      1255.60  2.29850e-09  6.00001e-12
      1255.92  2.60873e-09  6.50210e-12
      1256.23  4.68940e-09  7.58862e-12
      1256.55  8.03873e-09  9.74550e-12
      1256.87  5.56561e-09  7.95836e-12
      1257.18  2.30403e-09  5.63232e-12
      1257.50  1.65326e-09  5.33732e-12
      1257.81  1.92594e-09  5.70868e-12
      1258.13  2.45513e-09  6.52533e-12
      1258.45  2.44515e-09  6.50367e-12
      1258.76  2.58256e-09  6.37728e-12
      1259.08  4.85920e-09  7.74632e-12
      1259.40  1.04159e-08  1.07985e-11
      1259.72  1.43061e-08  1.24154e-11
      1260.03  1.07845e-08  1.04328e-11
      1260.35  7.74717e-09  8.81333e-12
      1260.67  9.87112e-09  1.03610e-11
      1260.99  9.09544e-09  1.00502e-11
      1261.30  7.22563e-09  8.95660e-12
      1261.62  9.14224e-09  1.01043e-11
      1261.94  9.58139e-09  9.59391e-12
      1262.26  9.94657e-09  9.69539e-12
      1262.58  7.05809e-09  7.71381e-12
      1262.90  7.43310e-09  7.63427e-12
      1263.22  1.21275e-08  1.00242e-11
      1263.54  9.83923e-09  8.85332e-12
      1263.86  5.87837e-09  7.08900e-12
      1264.17  4.52707e-09  6.54752e-12
      1264.49  3.18214e-09  5.60888e-12
      1264.81  3.44552e-09  5.57031e-12
      1265.13  7.44997e-09  7.64949e-12
      1265.45  1.20122e-08  9.62337e-12
      1265.77  1.06691e-08  9.01068e-12
      1266.10  5.48968e-09  6.65385e-12
      1266.42  2.60756e-09  5.22302e-12
      1266.74  2.19189e-09  5.14955e-12
      1267.06  3.07792e-09  5.86103e-12
      1267.38  6.98132e-09  8.14494e-12
      1267.70  1.34656e-08  1.13426e-11
      1268.02  1.43815e-08  1.12431e-11
      1268.34  1.40188e-08  1.10947e-11
      1268.67  1.26683e-08  1.04134e-11
      1268.99  1.24536e-08  1.06631e-11
      1269.31  9.55450e-09  9.51780e-12
      1269.63  5.99525e-09  7.92084e-12
      1269.95  4.88341e-09  7.30375e-12
      1270.28  6.22370e-09  7.82898e-12
      1270.60  1.06696e-08  1.00167e-11
      1270.92  1.29655e-08  1.04083e-11
      1271.25  1.42086e-08  1.04456e-11
      1271.57  1.38990e-08  1.03524e-11
      1271.89  8.13786e-09  7.82876e-12
      1272.22  3.41216e-09  5.36395e-12
      1272.54  1.97882e-09  4.59822e-12
      1272.86  1.59126e-09  4.37564e-12
      1273.19  1.49521e-09  4.23534e-12
      1273.51  1.86428e-09  4.34391e-12
      1273.84  3.02636e-09  5.09009e-12
      1274.16  4.06872e-09  5.59830e-12
      1274.49  5.37692e-09  6.08324e-12
      1274.81  1.00417e-08  8.44943e-12
      1275.14  1.42106e-08  1.04629e-11
      1275.46  1.26690e-08  1.01907e-11
      1275.79  8.02536e-09  8.37062e-12
      1276.11  5.04823e-09  6.88135e-12
      1276.44  6.79786e-09  7.79848e-12
      1276.76  1.20974e-08  1.05834e-11
      1277.09  1.25299e-08  1.01560e-11
      1277.42  1.27933e-08  1.05910e-11
      1277.74  8.77079e-09  8.86663e-12
      1278.07  3.81398e-09  6.15200e-12
      1278.40  2.17104e-09  5.26869e-12
      1278.72  1.66061e-09  4.93090e-12
      1279.05  1.64438e-09  4.87304e-12
      1279.38  2.24641e-09  5.14783e-12
      1279.71  3.49382e-09  5.75491e-12
      1280.03  4.67396e-09  6.31619e-12
      1280.36  4.24495e-09  5.77396e-12
      1280.69  4.44553e-09  5.89619e-12
      1281.02  5.96421e-09  6.71091e-12
      1281.34  8.98791e-09  8.19885e-12
      1281.67  1.10454e-08  9.27516e-12
      1282.00  8.58952e-09  8.02906e-12
      1282.33  8.74648e-09  7.99420e-12
      1282.66  1.37696e-08  9.99094e-12
      1282.99  1.77783e-08  1.12114e-11
      1283.32  1.77747e-08  1.14149e-11
      1283.65  1.22960e-08  9.78667e-12
      1283.98  6.24473e-09  7.36033e-12
      1284.31  3.42754e-09  6.05816e-12
      1284.64  2.51136e-09  5.61936e-12
      1284.97  2.49337e-09  5.69355e-12
      1285.30  2.95699e-09  6.01236e-12
      1285.63  2.52791e-09  5.48780e-12
      1285.96  2.32581e-09  5.07466e-12
      1286.29  3.68465e-09  5.97747e-12
      1286.62  5.30138e-09  7.20660e-12
      1286.95  4.85316e-09  6.76960e-12
      1287.28  6.15996e-09  7.32684e-12
      1287.61  1.13772e-08  9.99907e-12
      1287.95  1.35485e-08  1.03519e-11
      1288.28  1.34520e-08  9.93944e-12
      1288.61  1.33479e-08  9.41480e-12
      1288.94  1.35189e-08  9.58697e-12
      1289.27  9.26832e-09  7.76711e-12
      1289.61  6.67410e-09  6.96491e-12
      1289.94  5.27425e-09  6.58471e-12
      1290.27  3.44759e-09  5.64406e-12
      1290.61  2.96747e-09  5.61346e-12
      1290.94  2.24643e-09  5.11594e-12
      1291.27  1.63707e-09  4.58310e-12
      1291.61  1.91590e-09  4.75501e-12
      1291.94  3.20979e-09  5.67902e-12
      1292.27  5.67115e-09  7.16226e-12
      1292.61  8.32258e-09  8.93306e-12
      1292.94  6.16882e-09  7.75627e-12
      1293.28  4.51854e-09  6.75903e-12
      1293.61  5.98791e-09  7.68863e-12
      1293.95  7.91341e-09  8.31383e-12
      1294.28  1.19639e-08  9.74883e-12
      1294.62  1.35466e-08  1.00348e-11
      1294.95  1.13702e-08  8.76705e-12
      1295.29  1.07766e-08  8.61680e-12
      1295.62  9.16260e-09  8.03247e-12
      1295.96  6.59492e-09  6.92719e-12
      1296.29  5.64013e-09  6.61352e-12
      1296.63  5.88534e-09  6.76724e-12
      1296.97  7.44324e-09  7.40358e-12
      1297.30  1.19390e-08  9.24115e-12
      1297.64  1.62409e-08  1.09964e-11
      1297.98  1.35797e-08  1.01520e-11
      1298.31  8.30772e-09  8.27094e-12
      1298.65  4.52302e-09  6.60848e-12
      1298.99  3.41977e-09  6.01239e-12
      1299.33  6.17143e-09  7.78364e-12
      1299.66  1.13981e-08  1.04033e-11
      1300.00  1.29062e-08  1.05811e-11
      1300.34  1.10598e-08  9.60655e-12
      1300.68  7.51952e-09  7.66046e-12
      1301.02  7.82503e-09  7.48864e-12
      1301.35  1.38432e-08  1.01331e-11
      1301.69  1.67254e-08  1.09160e-11
      1302.03  1.61902e-08  1.08117e-11
      1302.37  1.43543e-08  9.78314e-12
      1302.71  1.67303e-08  1.07328e-11
      1303.05  1.83807e-08  1.08928e-11
      1303.39  2.12308e-08  1.16845e-11
      1303.73  2.29064e-08  1.23966e-11
      1304.07  2.10829e-08  1.20854e-11
      1304.41  2.14583e-08  1.28071e-11
      1304.75  2.28588e-08  1.36777e-11
      1305.09  2.39725e-08  1.41757e-11
      1305.43  2.87382e-08  1.57414e-11
      1305.77  3.44165e-08  1.69085e-11
      1306.11  3.46826e-08  1.68654e-11
      1306.46  2.26926e-08  1.32858e-11
      1306.80  1.03311e-08  8.80996e-12
      1307.14  5.12839e-09  6.58218e-12
      1307.48  3.41125e-09  5.66888e-12
      1307.82  2.67680e-09  5.22491e-12
      1308.16  2.68674e-09  5.02237e-12
      1308.51  3.27947e-09  5.42155e-12
      1308.85  2.63140e-09  4.74669e-12
      1309.19  1.83975e-09  4.12374e-12
      1309.53  1.68105e-09  4.07073e-12
      1309.88  1.65975e-09  4.19342e-12
      1310.22  1.79927e-09  4.48784e-12
      1310.56  2.39093e-09  5.18974e-12
      1310.91  4.57823e-09  6.62524e-12
      1311.25  8.89214e-09  9.52463e-12
      1311.60  8.90059e-09  9.31185e-12
      1311.94  5.04172e-09  6.91754e-12
      1312.28  2.51345e-09  5.24256e-12
      1312.63  1.66115e-09  4.51241e-12
      1312.97  1.41232e-09  4.29835e-12
      1313.32  1.96403e-09  4.80000e-12
      1313.66  3.35941e-09  5.94664e-12
      1314.01  2.76663e-09  5.28764e-12
      1314.35  1.51436e-09  4.11020e-12
      1314.70  1.13657e-09  3.76039e-12
      1315.05  1.12491e-09  3.67209e-12
      1315.39  1.29246e-09  3.74807e-12
      1315.74  1.68626e-09  4.22962e-12
      1316.08  2.67984e-09  5.03408e-12
      1316.43  5.70338e-09  7.06946e-12
      1316.78  1.01521e-08  9.97497e-12
      1317.12  7.89992e-09  8.76203e-12
      1317.47  3.47455e-09  5.93733e-12
      1317.82  1.97351e-09  4.89009e-12
      1318.17  2.04785e-09  4.93146e-12
      1318.51  3.55995e-09  5.98718e-12
      1318.86  4.44678e-09  6.57413e-12
      1319.21  2.91226e-09  5.52821e-12
      1319.56  1.62081e-09  4.55371e-12
      1319.91  1.66691e-09  4.47195e-12
      1320.25  1.68862e-09  4.34630e-12
      1320.60  1.67900e-09  4.15149e-12
      1320.95  2.08180e-09  4.34615e-12
      1321.30  3.10530e-09  4.99743e-12
      1321.65  6.67055e-09  7.01173e-12
      1322.00  1.26148e-08  1.04078e-11
      1322.35  1.07659e-08  9.79383e-12
      1322.70  5.15286e-09  7.01942e-12
      1323.05  3.11706e-09  5.80192e-12
      1323.40  3.45853e-09  6.09205e-12
      1323.75  4.16437e-09  6.43560e-12
      1324.10  4.31116e-09  6.41847e-12
      1324.45  3.13362e-09  5.48677e-12
      1324.80  2.15724e-09  4.84160e-12
      