227
      1249.95  7.55048e-09  1.01888e-11
      1250.27  3.62505e-09  7.29426e-12
      1250.58  1.12294e-09  5.19953e-12
      1250.89  7.33319e-10  4.77236e-12
      1251.20  9.87804e-10  4.78243e-12
      1251.52  1.64238e-09  5.20850e-12
      1251.83  3.02086e-09  6.46842e-12
      1252.14  3.95982e-09  7.28814e-12
      1252.46  3.74897e-09  7.26328e-12
      1252.77  3.43471e-09  6.91254e-12
      1253.09  5.93641e-09  8.51754e-12
      1253.40  1.18251e-08  1.14715e-11
      1253.71  1.49438e-08  1.28255e-11
      1254.03  9.00423e-09  9.62951e-12
      1254.34  4.06496e-09  6.72601e-12
      1254.66  5.09951e-09  7.59734e-12
      1254.97  8.53846e-09  1.05216e-11
      1255.29  5.53770e-09  8.47447e-12
      1255.60  2.26751e-09  6.20764e-12
      1255.92  2.56930e-09  6.50388e-12
      1256.23  4.62925e-09  7.70159e-12
      1256.55  7.97805e-09  9.89527e-12
      1256.87  5.56055e-09  7.99727e-12
      1257.18  2.29935e-09  5.70135e-12
      1257.50  1.63923e-09  5.23915e-12
      1257.81  1.90399e-09  5.70415e-12
      1258.13  2.42383e-09  6.26482e-12
      1258.45  2.40900e-09  6.21181e-12
      1258.76  2.55824e-09  6.11944e-12
      1259.08  4.82268e-09  7.42215e-12
      1259.40  1.03949e-08  1.01096e-11
      1259.72  1.43192e-08  1.16225e-11
      1260.03  1.07011e-08  9.68803e-12
      1260.35  7.64863e-09  7.98684e-12
      1260.67  9.91461e-09  9.50156e-12
      1260.99  9.10414e-09  9.17161e-12
      1261.30  7.04074e-09  8.53987e-12
      1261.62  9.42241e-09  1.03271e-11
      1261.94  9.52389e-09  9.11911e-12
      1262.26  9.81433e-09  9.30149e-12
      1262.58  7.04357e-09  7.59003e-12
      1262.90  7.38794e-09  7.44580e-12
      1263.22  1.19352e-08  9.92340e-12
      1263.54  9.73071e-09  8.89326e-12
      1263.86  5.82131e-09  7.22279e-12
      1264.17  4.46609e-09  6.76950e-12
      1264.49  3.14672e-09  5.89128e-12
      1264.81  3.42169e-09  5.82812e-12
      1265.13  7.37229e-09  8.00513e-12
      1265.45  1.19023e-08  1.00400e-11
      1265.77  1.06035e-08  9.41109e-12
      1266.10  5.45200e-09  6.97687e-12
      1266.42  2.57654e-09  5.35830e-12
      1266.74  2.16977e-09  5.18890e-12
      1267.06  3.06617e-09  5.92284e-12
      1267.38  6.84445e-09  8.20877e-12
      1267.70  1.27301e-08  1.10109e-11
      1268.02  1.40254e-08  1.13964e-11
      1268.34  1.38742e-08  1.10528e-11
      1268.67  1.24061e-08  1.01709e-11
      1268.99  1.23451e-08  9.97429e-12
      1269.31  9.52725e-09  8.72304e-12
      1269.63  5.99371e-09  7.15955e-12
      1269.95  4.85153e-09  6.60342e-12
      1270.28  6.18578e-09  7.12013e-12
      1270.60  1.06506e-08  9.26686e-12
      1270.92  1.29006e-08  9.73503e-12
      1271.25  1.41586e-08  9.90396e-12
      1271.57  1.39425e-08  9.87622e-12
      1271.89  8.06424e-09  7.43598e-12
      1272.22  3.32354e-09  5.20165e-12
      1272.54  1.93391e-09  4.54391e-12
      1272.86  1.55442e-09  4.36861e-12
      1273.19  1.46124e-09  4.36110e-12
      1273.51  1.83363e-09  4.57814e-12
      1273.84  2.99113e-09  5.38969e-12
      1274.16  4.02955e-09  5.91114e-12
      1274.49  5.33125e-09  6.32180e-12
      1274.81  9.95610e-09  8.76416e-12
      1275.14  1.40647e-08  1.06776e-11
      1275.46  1.25982e-08  1.04031e-11
      1275.79  8.03810e-09  8.45577e-12
      1276.11  5.00832e-09  6.93497e-12
      1276.44  6.37898e-09  7.49838e-12
      1276.76  1.26737e-08  1.12864e-11
      1277.09  1.24427e-08  9.65620e-12
      1277.42  1.28003e-08  9.93240e-12
      1277.74  8.72210e-09  8.13123e-12
      1278.07  3.75790e-09  5.57329e-12
      1278.40  2.13226e-09  4.72520e-12
      1278.72  1.62354e-09  4.38339e-12
      1279.05  1.61465e-09  4.44359e-12
      1279.38  2.22252e-09  4.78081e-12
      1279.71  3.46557e-09  5.49956e-12
      1280.03  4.61597e-09  6.10596e-12
      1280.36  4.20024e-09  5.63469e-12
      1280.69  4.38607e-09  5.84595e-12
      1281.02  5.89601e-09  6.77031e-12
      1281.34  8.88102e-09  8.55567e-12
      1281.67  1.08638e-08  1.00894e-11
      1282.00  8.01413e-09  8.79312e-12
      1282.33  8.66628e-09  8.40889e-12
      1282.66  1.36633e-08  1.03770e-11
      1282.99  1.76572e-08  1.15835e-11
      1283.32  1.77247e-08  1.16840e-11
      1283.65  1.22520e-08  9.82570e-12
      1283.98  6.18165e-09  7.24352e-12
      1284.31  3.37981e-09  5.87276e-12
      1284.64  2.47730e-09  5.36894e-12
      1284.97  2.45654e-09  5.27836e-12
      1285.30  2.92253e-09  5.55877e-12
      1285.63  2.49457e-09  5.02786e-12
      1285.96  2.29422e-09  4.64762e-12
      1286.29  3.64981e-09  5.53221e-12
      1286.62  5.25270e-09  6.56300e-12
      1286.95  4.81480e-09  6.17147e-12
      1287.28  6.12858e-09  6.78402e-12
      1287.61  1.13233e-08  9.44100e-12
      1287.95  1.35032e-08  1.00896e-11
      1288.28  1.33418e-08  9.98536e-12
      1288.61  1.32154e-08  9.70482e-12
      1288.94  1.33679e-08  9.99312e-12
      1289.27  9.19482e-09  8.12295e-12
      1289.61  6.61118e-09  7.32207e-12
      1289.94  5.23850e-09  6.88335e-12
      1290.27  3.43489e-09  5.83739e-12
      1290.61  2.94525e-09  5.89517e-12
      1290.94  2.22265e-09  5.24282e-12
      1291.27  1.61912e-09  4.52215e-12
      1291.61  1.90203e-09  4.60283e-12
      1291.94  3.18154e-09  5.39873e-12
      1292.27  5.65072e-09  6.68692e-12
      1292.61  8.25678e-09  8.19384e-12
      1292.94  6.14605e-09  7.01990e-12
      1293.28  4.49424e-09  6.10798e-12
      1293.61  5.94011e-09  7.06711e-12
      1293.95  7.87911e-09  7.73460e-12
      1294.28  1.19192e-08  9.28154e-12
      1294.62  1.34808e-08  9.64285e-12
      1294.95  1.12966e-08  8.59401e-12
      1295.29  1.06758e-08  8.65104e-12
      1295.62  9.05874e-09  8.19340e-12
      1295.96  6.53052e-09  7.18769e-12
      1296.29  5.60593e-09  6.95210e-12
      1296.63  5.84443e-09  7.12690e-12
      1296.97  7.36772e-09  7.77725e-12
      1297.30  1.18527e-08  9.58369e-12
      1297.64  1.61846e-08  1.11893e-11
      1297.98  1.35372e-08  1.01548e-11
      1298.31  8.26485e-09  8.04749e-12
      1298.65  4.50772e-09  6.23263e-12
      1298.99  3.39705e-09  5.56923e-12
      1299.33  6.15538e-09  7.13421e-12
      1299.66  1.13520e-08  9.55563e-12
      1300.00  1.28737e-08  9.80012e-12
      1300.34  1.10189e-08  8.87596e-12
      1300.68  7.46454e-09  7.05643e-12
      1301.02  7.79798e-09  7.01898e-12
      1301.35  1.38067e-08  9.69468e-12
      1301.69  1.66500e-08  1.06971e-11
      1302.03  1.60656e-08  1.09348e-11
      1302.37  1.42011e-08  1.00936e-11
      1302.71  1.65976e-08  1.12246e-11
      1303.05  1.81732e-08  1.13620e-11
      1303.39  2.10948e-08  1.22130e-11
      1303.73  2.28692e-08  1.28706e-11
      1304.07  2.10032e-08  1.22896e-11
      1304.41  2.13404e-08  1.26934e-11
      1304.75  2.27360e-08  1.32669e-11
      1305.09  2.38008e-08  1.34639e-11
      1305.43  2.85828e-08  1.47605e-11
      1305.77  3.43591e-08  1.57344e-11
      1306.11  3.45788e-08  1.55242e-11
      1306.46  2.26088e-08  1.21507e-11
      1306.80  1.02973e-08  8.02858e-12
      1307.14  5.09573e-09  6.00926e-12
      1307.48  3.37903e-09  5.31510e-12
      1307.82  2.64956e-09  4.94649e-12
      1308.16  2.65446e-09  5.03013e-12
      1308.51  3.22348e-09  5.58567e-12
      1308.85  2.60505e-09  5.00045e-12
      1309.19  1.81220e-09  4.29598e-12
      1309.53  1.65422e-09  4.22954e-12
      1309.88  1.64117e-09  4.43434e-12
      1310.22  1.78218e-09  4.53972e-12
      1310.56  2.37020e-09  5.16912e-12
      1310.91  4.56482e-09  6.47627e-12
      1311.25  8.80235e-09  8.98447e-12
      1311.60  8.82469e-09  8.65776e-12
      1311.94  5.02929e-09  6.38566e-12
      1312.28  2.49950e-09  4.68180e-12
      1312.63  1.63972e-09  4.06109e-12
      1312.97  1.38591e-09  4.08508e-12
      1313.32  1.93113e-09  4.38009e-12
      1313.66  3.34808e-09  5.65639e-12
      1314.01  2.75957e-09  5.20149e-12
      1314.35  1.49129e-09  4.25435e-12
      1314.70  1.10377e-09  3.83371e-12
      1315.05  1.10486e-09  3.81474e-12
      1315.39  1.27753e-09  3.92778e-12
      1315.74  1.66860e-09  4.37432e-12
      1316.08  2.66313e-09  5.20722e-12
      1316.43  5.68067e-09  7.09598e-12
      1316.78  1.00294e-08  9.74529e-12
      1317.12  7.90162e-09  8.45063e-12
      1317.47  3.48569e-09  5.70639e-12
      1317.82  1.97828e-09  4.60194e-12
      1318.17  2.05178e-09  4.38547e-12
      1318.51  3.52660e-09  5.40608e-12
      1318.86  4.39837e-09  6.02365e-12
      1319.21  2.96833e-09  5.28516e-12
      1319.56  1.64387e-09  4.67766e-12
      1319.91  1.64348e-09  4.77473e-12
      1320.25  1.66076e-09  4.50990e-12
      1320.60  1.65724e-09  4.38491e-12
      1320.95  2.05711e-09  4.61758e-12
      1321.30  3.07700e-09  5.24156e-12
      1321.65  6.63635e-09  7.24417e-12
      1322.00  1.25302e-08  1.05331e-11
      1322.35  1.07102e-08  9.78262e-12
      1322.70  5.15993e-09  6.86109e-12
      1323.05  3.11301e-09  5.69418e-12
      1323.40  3.44384e-09  5.76662e-12
      1323.75  4.13706e-09  5.95417e-12
      1324.10  4.31245e-09  5.91089e-12
      1324.45  3.11019e-09  5.03723e-12
      1324.80  2.13895e-09  4.50647e-12
      