227
      1249.95  7.60761e-09  1.03705e-11
      1250.27  3.66149e-09  7.45892e-12
      1250.58  1.14166e-09  5.21793e-12
      1250.89  7.58104e-10  4.65646e-12
      1251.20  1.01011e-09  4.88059e-12
      1251.52  1.66706e-09  5.34797e-12
      1251.83  3.05361e-09  6.52387e-12
      1252.14  3.98768e-09  7.33801e-12
      1252.46  3.77115e-09  7.32949e-12
      1252.77  3.45848e-09  6.93013e-12
      1253.09  5.99581e-09  8.47472e-12
      1253.40  1.19249e-08  1.13515e-11
      1253.71  1.50298e-08  1.27294e-11
      1254.03  9.03627e-09  9.60229e-12
      1254.34  4.08999e-09  6.80494e-12
      1254.66  5.12863e-09  7.60106e-12
      1254.97  8.57364e-09  1.04629e-11
      1255.29  5.56706e-09  8.51588e-12
      1255.60  2.28937e-09  6.23961e-12
      1255.92  2.59801e-09  6.66090e-12
      1256.23  4.67037e-09  7.87858e-12
      1256.55  8.03539e-09  1.00991e-11
      1256.87  5.58430e-09  8.17901e-12
      1257.18  2.30565e-09  5.85723e-12
      1257.50  1.65115e-09  5.51497e-12
      1257.81  1.92505e-09  5.96736e-12
      1258.13  2.44877e-09  6.58497e-12
      1258.45  2.44221e-09  6.46616e-12
      1258.76  2.57957e-09  6.42183e-12
      1259.08  4.85422e-09  7.64724e-12
      1259.40  1.04342e-08  1.04757e-11
      1259.72  1.43495e-08  1.20697e-11
      1260.03  1.07713e-08  1.01106e-11
      1260.35  7.72001e-09  8.45481e-12
      1260.67  9.90768e-09  1.00081e-11
      1260.99  9.11479e-09  9.56550e-12
      1261.30  7.12965e-09  8.42050e-12
      1261.62  9.37417e-09  1.01073e-11
      1261.94  9.58056e-09  9.23588e-12
      1262.26  9.91530e-09  9.33425e-12
      1262.58  7.06754e-09  7.51532e-12
      1262.90  7.43459e-09  7.43296e-12
      1263.22  1.20757e-08  9.88287e-12
      1263.54  9.81620e-09  8.80736e-12
      1263.86  5.86395e-09  7.11832e-12
      1264.17  4.50545e-09  6.65857e-12
      1264.49  3.17040e-09  5.72802e-12
      1264.81  3.43262e-09  5.77706e-12
      1265.13  7.41165e-09  7.92886e-12
      1265.45  1.19772e-08  9.95498e-12
      1265.77  1.06594e-08  9.38442e-12
      1266.10  5.48067e-09  6.93857e-12
      1266.42  2.59678e-09  5.30089e-12
      1266.74  2.19358e-09  5.29142e-12
      1267.06  3.08234e-09  6.00052e-12
      1267.38  6.95236e-09  8.34301e-12
      1267.70  1.33773e-08  1.16722e-11
      1268.02  1.43606e-08  1.14142e-11
      1268.34  1.39916e-08  1.11032e-11
      1268.67  1.26512e-08  1.03130e-11
      1268.99  1.24179e-08  1.03658e-11
      1269.31  9.56018e-09  9.14066e-12
      1269.63  6.01263e-09  7.49270e-12
      1269.95  4.88087e-09  6.91590e-12
      1270.28  6.22126e-09  7.39106e-12
      1270.60  1.06764e-08  9.45110e-12
      1270.92  1.29461e-08  9.86174e-12
      1271.25  1.41865e-08  9.92984e-12
      1271.57  1.39177e-08  9.88160e-12
      1271.89  8.10905e-09  7.48268e-12
      1272.22  3.38118e-09  5.19764e-12
      1272.54  1.96354e-09  4.52878e-12
      1272.86  1.57938e-09  4.34199e-12
      1273.19  1.48349e-09  4.29091e-12
      1273.51  1.84917e-09  4.50482e-12
      1273.84  3.01506e-09  5.27270e-12
      1274.16  4.05948e-09  5.82788e-12
      1274.49  5.36195e-09  6.35282e-12
      1274.81  1.00171e-08  8.81314e-12
      1275.14  1.41683e-08  1.08854e-11
      1275.46  1.26631e-08  1.06698e-11
      1275.79  8.04470e-09  8.73122e-12
      1276.11  5.05279e-09  7.04044e-12
      1276.44  6.76026e-09  8.05744e-12
      1276.76  1.21508e-08  1.07941e-11
      1277.09  1.24939e-08  1.00454e-11
      1277.42  1.28040e-08  1.03870e-11
      1277.74  8.77206e-09  8.60867e-12
      1278.07  3.79764e-09  5.92228e-12
      1278.40  2.15579e-09  5.02457e-12
      1278.72  1.64456e-09  4.60351e-12
      1279.05  1.63995e-09  4.63569e-12
      1279.38  2.24651e-09  4.86564e-12
      1279.71  3.48336e-09  5.49393e-12
      1280.03  4.64676e-09  6.07836e-12
      1280.36  4.23186e-09  5.61578e-12
      1280.69  4.42872e-09  5.76680e-12
      1281.02  5.95547e-09  6.66407e-12
      1281.34  8.96253e-09  8.32515e-12
      1281.67  1.09924e-08  9.88530e-12
      1282.00  8.40438e-09  8.59763e-12
      1282.33  8.73321e-09  8.32938e-12
      1282.66  1.37391e-08  1.04015e-11
      1282.99  1.77571e-08  1.16733e-11
      1283.32  1.77872e-08  1.18226e-11
      1283.65  1.23037e-08  1.00343e-11
      1283.98  6.22866e-09  7.47672e-12
      1284.31  3.41630e-09  6.14885e-12
      1284.64  2.49967e-09  5.57902e-12
      1284.97  2.48335e-09  5.55738e-12
      1285.30  2.95017e-09  5.83043e-12
      1285.63  2.51278e-09  5.19242e-12
      1285.96  2.31156e-09  4.90125e-12
      1286.29  3.67209e-09  5.67482e-12
      1286.62  5.28131e-09  6.78145e-12
      1286.95  4.83693e-09  6.32039e-12
      1287.28  6.14839e-09  6.86475e-12
      1287.61  1.13561e-08  9.48250e-12
      1287.95  1.35374e-08  1.00210e-11
      1288.28  1.34314e-08  9.80429e-12
      1288.61  1.33202e-08  9.49387e-12
      1288.94  1.34699e-08  9.80297e-12
      1289.27  9.24842e-09  8.02261e-12
      1289.61  6.66032e-09  7.25474e-12
      1289.94  5.26720e-09  6.90328e-12
      1290.27  3.44528e-09  5.88575e-12
      1290.61  2.95915e-09  5.88984e-12
      1290.94  2.25148e-09  5.25629e-12
      1291.27  1.64083e-09  4.64799e-12
      1291.61  1.91361e-09  4.83887e-12
      1291.94  3.20252e-09  5.63980e-12
      1292.27  5.66410e-09  7.04832e-12
      1292.61  8.29307e-09  8.70178e-12
      1292.94  6.16638e-09  7.40967e-12
      1293.28  4.51632e-09  6.42794e-12
      1293.61  5.97523e-09  7.37959e-12
      1293.95  7.90680e-09  7.86715e-12
      1294.28  1.19463e-08  9.31710e-12
      1294.62  1.35126e-08  9.63599e-12
      1294.95  1.13478e-08  8.53206e-12
      1295.29  1.07516e-08  8.51671e-12
      1295.62  9.13438e-09  8.05391e-12
      1295.96  6.57834e-09  7.07467e-12
      1296.29  5.62867e-09  6.83189e-12
      1296.63  5.87720e-09  7.06079e-12
      1296.97  7.42558e-09  7.76298e-12
      1297.30  1.19145e-08  9.63464e-12
      1297.64  1.62277e-08  1.13081e-11
      1297.98  1.35958e-08  1.03845e-11
      1298.31  8.31478e-09  8.36187e-12
      1298.65  4.52911e-09  6.57182e-12
      1298.99  3.41295e-09  5.88882e-12
      1299.33  6.16983e-09  7.47448e-12
      1299.66  1.13795e-08  9.91785e-12
      1300.00  1.28916e-08  1.00322e-11
      1300.34  1.10396e-08  9.04786e-12
      1300.68  7.49287e-09  7.17684e-12
      1301.02  7.82025e-09  7.03618e-12
      1301.35  1.38291e-08  9.66195e-12
      1301.69  1.66950e-08  1.05994e-11
      1302.03  1.61571e-08  1.07152e-11
      1302.37  1.43073e-08  9.89469e-12
      1302.71  1.66980e-08  1.10507e-11
      1303.05  1.83170e-08  1.13373e-11
      1303.39  2.12079e-08  1.22364e-11
      1303.73  2.29069e-08  1.29230e-11
      1304.07  2.10676e-08  1.25198e-11
      1304.41  2.14480e-08  1.31437e-11
      1304.75  2.28516e-08  1.39019e-11
      1305.09  2.39388e-08  1.41709e-11
      1305.43  2.87162e-08  1.55157e-11
      1305.77  3.44583e-08  1.64828e-11
      1306.11  3.47268e-08  1.63159e-11
      1306.46  2.26566e-08  1.26721e-11
      1306.80  1.03026e-08  8.33115e-12
      1307.14  5.10986e-09  6.20526e-12
      1307.48  3.39638e-09  5.39082e-12
      1307.82  2.66590e-09  4.99059e-12
      1308.16  2.67469e-09  4.94608e-12
      1308.51  3.26098e-09  5.45938e-12
      1308.85  2.62496e-09  4.88260e-12
      1309.19  1.83322e-09  4.24370e-12
      1309.53  1.67190e-09  4.19732e-12
      1309.88  1.65625e-09  4.40392e-12
      1310.22  1.79481e-09  4.63705e-12
      1310.56  2.38401e-09  5.32117e-12
      1310.91  4.58062e-09  6.72092e-12
      1311.25  8.86310e-09  9.42909e-12
      1311.60  8.88019e-09  9.13081e-12
      1311.94  5.04024e-09  6.61391e-12
      1312.28  2.51141e-09  4.95024e-12
      1312.63  1.65392e-09  4.21863e-12
      1312.97  1.40032e-09  4.06838e-12
      1313.32  1.95402e-09  4.46998e-12
      1313.66  3.35089e-09  5.66311e-12
      1314.01  2.76229e-09  5.13597e-12
      1314.35  1.50700e-09  4.13150e-12
      1314.70  1.12234e-09  3.77559e-12
      1315.05  1.11954e-09  3.78326e-12
      1315.39  1.29186e-09  3.91732e-12
      1315.74  1.68278e-09  4.46867e-12
      1316.08  2.68035e-09  5.29299e-12
      1316.43  5.69920e-09  7.33598e-12
      1316.78  1.01254e-08  1.01861e-11
      1317.12  7.93592e-09  8.85961e-12
      1317.47  3.49271e-09  6.00595e-12
      1317.82  1.98503e-09  4.79549e-12
      1318.17  2.05547e-09  4.65572e-12
      1318.51  3.54083e-09  5.66660e-12
      1318.86  4.41737e-09  6.23889e-12
      1319.21  2.91216e-09  5.21868e-12
      1319.56  1.62252e-09  4.31147e-12
      1319.91  1.65338e-09  4.41262e-12
      1320.25  1.67904e-09  4.40009e-12
      1320.60  1.67390e-09  4.38273e-12
      1320.95  2.07789e-09  4.54995e-12
      1321.30  3.10766e-09  5.21217e-12
      1321.65  6.67047e-09  7.29209e-12
      1322.00  1.25745e-08  1.06652e-11
      1322.35  1.07602e-08  1.00106e-11
      1322.70  5.17451e-09  7.09244e-12
      1323.05  3.12755e-09  5.81770e-12
      1323.40  3.45598e-09  5.97119e-12
      1323.75  4.15196e-09  6.19264e-12
      1324.10  4.31322e-09  6.09285e-12
      1324.45  3.12210e-09  5.19388e-12
      1324.80  2.14732e-09  4.55481e-12
      