227
      1249.95  7.60556e-09  1.07511e-11
      1250.27  3.67350e-09  7.73140e-12
      1250.58  1.16415e-09  5.37654e-12
      1250.89  7.79733e-10  5.08517e-12
      1251.20  1.03280e-09  5.12744e-12
      1251.52  1.68946e-09  5.75299e-12
      1251.83  3.04654e-09  7.19104e-12
      1252.14  3.96506e-09  8.10480e-12
      1252.46  3.76099e-09  8.06930e-12
      1252.77  3.44926e-09  7.75378e-12
      1253.09  5.95062e-09  9.58557e-12
      1253.40  1.18090e-08  1.28296e-11
      1253.71  1.48916e-08  1.43561e-11
      1254.03  8.94324e-09  1.07286e-11
      1254.34  4.03539e-09  7.38829e-12
      1254.66  5.06888e-09  8.36146e-12
      1254.97  8.48764e-09  1.14943e-11
      1255.29  5.48081e-09  9.04196e-12
      1255.60  2.23927e-09  6.52866e-12
      1255.92  2.53940e-09  7.04227e-12
      1256.23  4.59309e-09  8.46039e-12
      1256.55  7.90153e-09  1.09671e-11
      1256.87  5.52238e-09  8.77064e-12
      1257.18  2.28753e-09  6.06668e-12
      1257.50  1.62858e-09  5.51672e-12
      1257.81  1.88471e-09  6.05503e-12
      1258.13  2.39555e-09  6.51581e-12
      1258.45  2.37522e-09  6.56221e-12
      1258.76  2.51985e-09  6.43030e-12
      1259.08  4.76657e-09  7.75459e-12
      1259.40  1.03169e-08  1.06264e-11
      1259.72  1.42477e-08  1.21057e-11
      1260.03  1.05942e-08  9.99001e-12
      1260.35  7.52816e-09  8.12823e-12
      1260.67  9.84841e-09  9.61000e-12
      1260.99  9.03103e-09  9.18219e-12
      1261.30  6.98524e-09  8.35536e-12
      1261.62  9.16047e-09  1.00520e-11
      1261.94  9.61933e-09  9.47467e-12
      1262.26  9.87506e-09  1.01182e-11
      1262.58  6.99144e-09  8.39809e-12
      1262.90  7.41658e-09  8.16767e-12
      1263.22  1.19547e-08  1.09793e-11
      1263.54  9.70535e-09  9.85245e-12
      1263.86  5.81504e-09  7.97361e-12
      1264.17  4.47240e-09  7.43123e-12
      1264.49  3.14687e-09  6.42624e-12
      1264.81  3.43218e-09  6.49685e-12
      1265.13  7.38688e-09  8.81721e-12
      1265.45  1.18817e-08  1.09968e-11
      1265.77  1.05337e-08  1.02767e-11
      1266.10  5.38986e-09  7.38070e-12
      1266.42  2.53943e-09  5.54805e-12
      1266.74  2.13902e-09  5.51014e-12
      1267.06  3.02607e-09  6.25884e-12
      1267.38  6.74917e-09  8.80544e-12
      1267.70  1.24997e-08  1.33206e-11
      1268.02  1.38829e-08  1.29340e-11
      1268.34  1.37371e-08  1.26298e-11
      1268.67  1.22787e-08  1.13475e-11
      1268.99  1.22109e-08  1.03494e-11
      1269.31  9.42964e-09  8.98327e-12
      1269.63  5.94236e-09  7.29877e-12
      1269.95  4.79416e-09  6.76378e-12
      1270.28  6.09848e-09  7.31560e-12
      1270.60  1.05708e-08  9.56157e-12
      1270.92  1.27832e-08  1.00587e-11
      1271.25  1.40632e-08  1.02327e-11
      1271.57  1.40542e-08  1.03522e-11
      1271.89  8.63309e-09  8.09014e-12
      1272.22  3.39091e-09  5.78320e-12
      1272.54  1.97078e-09  5.03502e-12
      1272.86  1.58001e-09  4.90278e-12
      1273.19  1.48213e-09  4.89389e-12
      1273.51  1.85514e-09  5.09135e-12
      1273.84  2.99869e-09  6.02067e-12
      1274.16  4.02125e-09  6.57228e-12
      1274.49  5.33927e-09  7.04444e-12
      1274.81  9.94601e-09  9.54750e-12
      1275.14  1.39843e-08  1.14276e-11
      1275.46  1.24889e-08  1.09443e-11
      1275.79  7.96833e-09  8.93466e-12
      1276.11  4.97978e-09  7.42829e-12
      1276.44  6.31438e-09  9.06871e-12
      1276.76  1.25961e-08  1.25768e-11
      1277.09  1.23252e-08  1.04476e-11
      1277.42  1.27622e-08  1.07038e-11
      1277.74  8.64397e-09  8.50162e-12
      1278.07  3.71255e-09  5.77322e-12
      1278.40  2.10542e-09  4.89362e-12
      1278.72  1.60517e-09  4.58362e-12
      1279.05  1.59713e-09  4.63178e-12
      1279.38  2.19343e-09  5.03735e-12
      1279.71  3.44116e-09  5.79140e-12
      1280.03  4.58021e-09  6.40930e-12
      1280.36  4.26594e-09  6.06706e-12
      1280.69  4.42818e-09  6.46931e-12
      1281.02  5.92048e-09  7.52713e-12
      1281.34  8.88875e-09  9.57357e-12
      1281.67  1.08047e-08  1.16744e-11
      1282.00  7.86896e-09  9.90492e-12
      1282.33  8.66355e-09  9.18888e-12
      1282.66  1.36205e-08  1.13415e-11
      1282.99  1.75667e-08  1.25468e-11
      1283.32  1.76115e-08  1.24611e-11
      1283.65  1.21250e-08  1.02962e-11
      1283.98  6.11740e-09  7.57497e-12
      1284.31  3.33328e-09  6.13298e-12
      1284.64  2.45262e-09  5.65376e-12
      1284.97  2.42983e-09  5.63644e-12
      1285.30  2.88703e-09  5.99899e-12
      1285.63  2.46408e-09  5.40485e-12
      1285.96  2.26725e-09  5.00931e-12
      1286.29  3.61118e-09  5.71603e-12
      1286.62  5.20041e-09  6.69040e-12
      1286.95  4.77424e-09  6.29006e-12
      1287.28  6.07579e-09  6.89660e-12
      1287.61  1.12208e-08  9.56654e-12
      1287.95  1.33813e-08  1.05375e-11
      1288.28  1.33306e-08  1.06237e-11
      1288.61  1.32190e-08  1.07571e-11
      1288.94  1.33362e-08  1.11063e-11
      1289.27  9.16060e-09  9.11631e-12
      1289.61  6.58817e-09  8.02907e-12
      1289.94  5.20762e-09  7.48989e-12
      1290.27  3.41491e-09  6.25202e-12
      1290.61  2.92464e-09  6.33189e-12
      1290.94  2.19674e-09  5.93733e-12
      1291.27  1.59949e-09  4.97040e-12
      1291.61  1.88807e-09  5.07439e-12
      1291.94  3.16495e-09  5.81933e-12
      1292.27  5.61396e-09  7.11943e-12
      1292.61  8.16411e-09  8.54711e-12
      1292.94  6.08690e-09  7.25314e-12
      1293.28  4.45506e-09  6.35916e-12
      1293.61  5.88193e-09  7.28761e-12
      1293.95  7.80789e-09  7.98202e-12
      1294.28  1.18346e-08  9.57768e-12
      1294.62  1.33890e-08  9.90467e-12
      1294.95  1.12278e-08  9.07999e-12
      1295.29  1.06774e-08  9.33396e-12
      1295.62  9.05095e-09  9.07534e-12
      1295.96  6.51433e-09  7.94883e-12
      1296.29  5.59221e-09  7.69735e-12
      1296.63  5.82503e-09  7.84902e-12
      1296.97  7.34418e-09  8.42862e-12
      1297.30  1.18176e-08  1.03329e-11
      1297.64  1.60791e-08  1.19604e-11
      1297.98  1.34000e-08  1.06432e-11
      1298.31  8.19751e-09  8.50352e-12
      1298.65  4.46429e-09  6.59123e-12
      1298.99  3.36281e-09  5.83211e-12
      1299.33  6.08923e-09  7.50616e-12
      1299.66  1.12403e-08  9.97365e-12
      1300.00  1.27430e-08  1.02708e-11
      1300.34  1.09083e-08  9.25538e-12
      1300.68  7.41175e-09  7.34207e-12
      1301.02  7.73594e-09  7.27747e-12
      1301.35  1.37053e-08  9.87053e-12
      1301.69  1.64886e-08  1.10628e-11
      1302.03  1.60619e-08  1.16680e-11
      1302.37  1.41883e-08  1.12108e-11
      1302.71  1.66274e-08  1.25088e-11
      1303.05  1.81522e-08  1.25975e-11
      1303.39  2.10408e-08  1.34523e-11
      1303.73  2.27113e-08  1.39272e-11
      1304.07  2.08652e-08  1.30862e-11
      1304.41  2.12166e-08  1.34932e-11
      1304.75  2.25803e-08  1.41887e-11
      1305.09  2.36172e-08  1.43594e-11
      1305.43  2.83628e-08  1.57162e-11
      1305.77  3.40548e-08  1.67135e-11
      1306.11  3.41993e-08  1.63159e-11
      1306.46  2.24467e-08  1.26743e-11
      1306.80  1.02617e-08  8.36136e-12
      1307.14  5.07196e-09  6.17642e-12
      1307.48  3.34721e-09  5.39904e-12
      1307.82  2.62637e-09  5.09038e-12
      1308.16  2.64848e-09  5.31318e-12
      1308.51  3.24463e-09  6.15036e-12
      1308.85  2.60619e-09  5.49826e-12
      1309.19  1.81603e-09  4.70583e-12
      1309.53  1.64748e-09  4.59889e-12
      1309.88  1.62425e-09  4.62417e-12
      1310.22  1.76724e-09  4.82440e-12
      1310.56  2.35345e-09  5.38777e-12
      1310.91  4.53054e-09  6.97833e-12
      1311.25  8.73057e-09  9.41957e-12
      1311.60  8.71435e-09  9.05240e-12
      1311.94  4.95836e-09  6.70317e-12
      1312.28  2.46234e-09  4.88430e-12
      1312.63  1.61938e-09  4.24257e-12
      1312.97  1.36546e-09  4.02494e-12
      1313.32  1.90391e-09  4.47994e-12
      1313.66  3.33089e-09  5.76485e-12
      1314.01  2.82262e-09  5.53472e-12
      1314.35  1.53636e-09  4.58102e-12
      1314.70  1.12481e-09  4.30094e-12
      1315.05  1.11594e-09  4.23233e-12
      1315.39  1.27909e-09  4.31438e-12
      1315.74  1.66718e-09  4.74444e-12
      1316.08  2.65479e-09  5.51358e-12
      1316.43  5.63282e-09  7.54461e-12
      1316.78  9.89176e-09  1.03518e-11
      1317.12  7.81143e-09  9.00143e-12
      1317.47  3.45867e-09  6.03528e-12
      1317.82  1.95691e-09  4.76927e-12
      1318.17  2.03610e-09  4.63857e-12
      1318.51  3.49026e-09  5.58953e-12
      1318.86  4.34713e-09  6.15113e-12
      1319.21  3.00030e-09  5.53218e-12
      1319.56  1.76078e-09  4.48200e-12
      1319.91  1.68159e-09  5.64958e-12
      1320.25  1.66607e-09  5.14071e-12
      1320.60  1.66867e-09  4.79231e-12
      1320.95  2.05991e-09  5.09609e-12
      1321.30  3.06942e-09  5.67820e-12
      1321.65  6.62859e-09  7.75689e-12
      1322.00  1.24580e-08  1.10885e-11
      1322.35  1.06028e-08  1.03097e-11
      1322.70  5.08606e-09  7.24919e-12
      1323.05  3.06029e-09  5.89297e-12
      1323.40  3.40188e-09  6.05310e-12
      1323.75  4.09252e-09  6.22133e-12
      1324.10  4.28027e-09  6.09421e-12
      1324.45  3.07721e-09  5.16393e-12
      1324.80  2.11358e-09  4.62743e-12
      