227
      1249.95  3.10921e-08  3.32035e-11
      1250.27  1.68892e-08  2.39371e-11
      1250.58  6.98452e-09  1.57088e-11
      1250.89  5.12322e-09  1.40491e-11
      1251.20  6.29596e-09  1.46487e-11
      1251.52  8.77355e-09  1.62131e-11
      1251.83  1.41571e-08  2.06773e-11
      1252.14  1.83650e-08  2.32318e-11
      1252.46  1.82025e-08  2.32643e-11
      1252.77  1.68686e-08  2.17199e-11
      1253.09  2.48939e-08  2.57708e-11
      1253.40  4.18363e-08  3.40810e-11
      1253.71  4.81577e-08  3.48986e-11
      1254.03  3.00965e-08  2.30732e-11
      1254.34  1.67244e-08  1.73254e-11
      1254.66  1.99125e-08  1.94819e-11
      1254.97  2.83517e-08  2.49254e-11
      1255.29  2.08233e-08  2.15003e-11
      1255.60  1.13734e-08  1.63023e-11
      1255.92  1.21565e-08  1.92824e-11
      1256.23  1.94196e-08  2.45394e-11
      1256.55  2.85103e-08  2.99865e-11
      1256.87  2.18259e-08  2.51038e-11
      1257.18  1.18855e-08  1.81719e-11
      1257.50  9.12701e-09  1.64438e-11
      1257.81  1.01196e-08  1.75663e-11
      1258.13  1.24715e-08  1.98384e-11
      1258.45  1.28185e-08  2.01739e-11
      1258.76  1.35254e-08  2.01208e-11
      1259.08  2.12372e-08  2.42050e-11
      1259.40  3.88673e-08  3.22336e-11
      1259.72  5.11189e-08  3.65396e-11
      1260.03  3.96505e-08  3.08641e-11
      1260.35  3.01310e-08  2.61557e-11
      1260.67  3.73258e-08  3.07550e-11
      1260.99  3.56508e-08  2.99554e-11
      1261.30  2.93026e-08  2.66524e-11
      1261.62  3.45412e-08  2.97424e-11
      1261.94  3.65881e-08  2.95140e-11
      1262.26  3.66300e-08  2.92038e-11
      1262.58  2.92557e-08  2.46527e-11
      1262.90  2.98487e-08  2.41375e-11
      1263.22  4.14055e-08  2.91493e-11
      1263.54  3.62842e-08  2.69428e-11
      1263.86  2.53691e-08  2.22619e-11
      1264.17  2.07630e-08  2.07476e-11
      1264.49  1.62077e-08  2.02639e-11
      1264.81  1.44264e-08  1.41013e-11
      1265.13  2.55292e-08  1.99426e-11
      1265.45  3.79512e-08  2.51699e-11
      1265.77  3.46159e-08  2.36226e-11
      1266.10  2.06785e-08  1.81211e-11
      1266.42  1.23788e-08  1.48671e-11
      1266.74  1.09437e-08  1.59212e-11
      1267.06  1.40168e-08  1.88128e-11
      1267.38  2.57547e-08  2.50076e-11
      1267.70  4.50653e-08  3.40307e-11
      1268.02  4.82514e-08  3.31025e-11
      1268.34  4.85971e-08  3.29651e-11
      1268.67  4.49556e-08  3.06244e-11
      1268.99  4.43459e-08  3.11015e-11
      1269.31  3.62766e-08  2.82310e-11
      1269.63  2.58254e-08  2.40400e-11
      1269.95  2.21340e-08  2.27101e-11
      1270.28  2.54489e-08  2.39263e-11
      1270.60  3.79245e-08  2.92320e-11
      1270.92  4.49647e-08  3.06606e-11
      1271.25  4.84009e-08  3.07981e-11
      1271.57  4.72841e-08  3.06270e-11
      1271.89  3.10142e-08  2.42849e-11
      1272.22  1.61468e-08  1.75880e-11
      1272.54  1.08861e-08  1.48489e-11
      1272.86  9.16792e-09  1.39607e-11
      1273.19  8.58098e-09  1.33420e-11
      1273.51  9.31136e-09  1.42580e-11
      1273.84  1.15574e-08  1.29731e-11
      1274.16  1.55281e-08  1.47068e-11
      1274.49  1.99164e-08  1.62460e-11
      1274.81  3.28402e-08  2.19493e-11
      1275.14  4.40850e-08  2.67951e-11
      1275.46  4.09474e-08  2.68569e-11
      1275.79  2.92748e-08  2.51040e-11
      1276.11  2.07277e-08  2.20147e-11
      1276.44  2.58912e-08  2.38444e-11
      1276.76  4.13060e-08  3.09403e-11
      1277.09  4.30901e-08  2.98378e-11
      1277.42  4.39855e-08  3.07330e-11
      1277.74  3.20806e-08  2.59874e-11
      1278.07  1.71627e-08  1.89354e-11
      1278.40  1.13029e-08  1.61433e-11
      1278.72  9.07159e-09  1.47667e-11
      1279.05  8.90485e-09  1.47448e-11
      1279.38  1.13459e-08  1.63448e-11
      1279.71  1.55565e-08  1.81867e-11
      1280.03  1.95220e-08  1.98993e-11
      1280.36  1.84187e-08  1.84973e-11
      1280.69  1.92978e-08  1.88015e-11
      1281.02  2.44449e-08  2.09658e-11
      1281.34  3.30977e-08  2.44769e-11
      1281.67  3.85863e-08  2.73422e-11
      1282.00  3.24602e-08  2.45772e-11
      1282.33  2.89998e-08  2.00754e-11
      1282.66  4.16566e-08  2.50286e-11
      1282.99  5.16469e-08  2.80231e-11
      1283.32  5.18356e-08  2.89730e-11
      1283.65  3.89079e-08  2.78239e-11
      1283.98  2.30909e-08  2.26957e-11
      1284.31  1.51247e-08  1.90088e-11
      1284.64  1.20888e-08  1.74547e-11
      1284.97  1.21336e-08  1.72244e-11
      1285.30  1.42327e-08  1.88688e-11
      1285.63  1.22953e-08  1.67009e-11
      1285.96  1.12939e-08  1.54130e-11
      1286.29  1.59133e-08  1.81349e-11
      1286.62  2.15518e-08  2.16339e-11
      1286.95  2.01357e-08  2.03631e-11
      1287.28  2.36450e-08  2.17483e-11
      1287.61  3.86579e-08  2.88257e-11
      1287.95  4.54830e-08  3.03657e-11
      1288.28  4.53913e-08  3.00525e-11
      1288.61  4.53170e-08  2.83626e-11
      1288.94  4.45142e-08  2.74811e-11
      1289.27  3.45600e-08  2.53956e-11
      1289.61  2.43553e-08  1.67809e-11
      1289.94  1.93058e-08  1.70022e-11
      1290.27  1.42740e-08  1.51415e-11
      1290.61  1.24836e-08  1.49460e-11
      1290.94  1.01062e-08  1.41329e-11
      1291.27  7.97093e-09  1.33837e-11
      1291.61  9.43093e-09  1.43682e-11
      1291.94  1.47268e-08  1.76044e-11
      1292.27  2.33718e-08  2.21331e-11
      1292.61  3.08413e-08  2.63228e-11
      1292.94  2.44161e-08  2.28956e-11
      1293.28  2.04432e-08  2.09785e-11
      1293.61  2.52821e-08  2.36675e-11
      1293.95  3.05905e-08  2.49109e-11
      1294.28  4.17322e-08  2.89196e-11
      1294.62  4.61349e-08  2.95504e-11
      1294.95  4.04324e-08  2.66227e-11
      1295.29  3.94452e-08  2.63583e-11
      1295.62  3.48138e-08  2.45021e-11
      1295.96  2.69239e-08  2.16923e-11
      1296.29  2.26313e-08  2.07232e-11
      1296.63  2.13747e-08  1.72099e-11
      1296.97  2.57569e-08  1.93927e-11
      1297.30  3.74741e-08  2.36749e-11
      1297.64  4.92752e-08  2.90196e-11
      1297.98  4.36630e-08  2.95110e-11
      1298.31  3.06982e-08  2.56027e-11
      1298.65  1.95659e-08  2.05083e-11
      1298.99  1.61484e-08  1.87701e-11
      1299.33  2.46468e-08  2.30929e-11
      1299.66  4.01136e-08  2.99044e-11
      1300.00  4.42517e-08  3.03384e-11
      1300.34  3.93200e-08  2.80068e-11
      1300.68  2.89125e-08  2.30930e-11
      1301.02  2.89377e-08  2.25810e-11
      1301.35  4.53407e-08  2.92629e-11
      1301.69  5.34296e-08  3.13729e-11
      1302.03  5.12799e-08  3.02510e-11
      1302.37  4.63589e-08  2.78476e-11
      1302.71  5.05576e-08  2.92865e-11
      1303.05  5.30503e-08  2.98975e-11
      1303.39  5.57671e-08  2.68360e-11
      1303.73  6.00165e-08  2.93473e-11
      1304.07  5.80208e-08  3.16895e-11
      1304.41  6.01515e-08  3.54233e-11
      1304.75  6.43031e-08  3.71390e-11
      1305.09  6.80813e-08  3.82569e-11
      1305.43  7.79061e-08  4.07320e-11
      1305.77  8.82249e-08  4.29971e-11
      1306.11  8.61755e-08  4.16085e-11
      1306.46  6.25012e-08  3.44927e-11
      1306.80  3.59358e-08  2.59219e-11
      1307.14  2.19116e-08  2.04650e-11
      1307.48  1.59472e-08  1.79771e-11
      1307.82  1.30791e-08  1.62038e-11
      1308.16  1.28872e-08  1.57239e-11
      1308.51  1.45076e-08  1.66691e-11
      1308.85  1.22833e-08  1.50880e-11
      1309.19  9.11614e-09  1.26651e-11
      1309.53  7.47583e-09  1.03161e-11
      1309.88  7.48639e-09  1.10388e-11
      1310.22  8.12944e-09  1.27097e-11
      1310.56  1.05200e-08  1.53947e-11
      1310.91  1.77680e-08  1.96512e-11
      1311.25  3.02474e-08  2.65532e-11
      1311.60  3.06373e-08  2.58960e-11
      1311.94  1.96523e-08  2.00123e-11
      1312.28  1.15445e-08  1.55068e-11
      1312.63  8.30997e-09  1.33014e-11
      1312.97  7.25343e-09  1.24400e-11
      1313.32  9.28165e-09  1.38107e-11
      1313.66  1.44049e-08  1.79198e-11
      1314.01  1.21624e-08  1.58256e-11
      1314.35  7.56470e-09  1.21802e-11
      1314.70  6.02832e-09  1.08605e-11
      1315.05  5.65685e-09  1.11411e-11
      1315.39  5.79273e-09  8.80699e-12
      1315.74  7.29137e-09  1.09901e-11
      1316.08  1.07098e-08  1.46849e-11
      1316.43  2.02773e-08  2.09332e-11
      1316.78  3.27098e-08  2.77764e-11
      1317.12  2.66354e-08  2.44621e-11
      1317.47  1.44394e-08  1.75721e-11
      1317.82  9.59339e-09  1.43552e-11
      1318.17  9.82459e-09  1.41318e-11
      1318.51  1.52356e-08  1.77242e-11
      1318.86  1.84873e-08  1.96906e-11
      1319.21  1.29611e-08  1.62485e-11
      1319.56  8.08312e-09  1.29724e-11
      1319.91  8.17608e-09  1.32009e-11
      1320.25  8.35209e-09  1.29499e-11
      1320.60  8.19450e-09  1.25498e-11
      1320.95  8.68252e-09  1.19989e-11
      1321.30  1.17782e-08  1.32323e-11
      1321.65  2.13556e-08  2.01295e-11
      1322.00  3.65789e-08  2.90066e-11
      1322.35  3.27631e-08  2.73211e-11
      1322.70  1.93018e-08  2.05464e-11
      1323.05  1.39558e-08  1.76096e-11
      1323.40  1.52876e-08  1.83823e-11
      1323.75  1.77344e-08  1.93882e-11
      1324.10  1.82291e-08  1.94486e-11
      1324.45  1.40445e-08  1.68402e-11
      1324.80  1.03945e-08  1.46204e-11
      