227
      1249.95  9.53764e-09  1.22287e-11
      1250.27  4.75539e-09  8.75997e-12
      1250.58  1.63314e-09  5.95150e-12
      1250.89  1.13318e-09  5.44913e-12
      1251.20  1.45939e-09  5.61193e-12
      1251.52  2.25329e-09  6.27576e-12
      1251.83  3.96153e-09  8.01165e-12
      1252.14  5.16421e-09  9.05266e-12
      1252.46  4.94400e-09  9.04758e-12
      1252.77  4.52367e-09  8.59998e-12
      1253.09  7.51241e-09  1.03194e-11
      1253.40  1.45321e-08  1.39096e-11
      1253.71  1.83351e-08  1.55658e-11
      1254.03  1.12727e-08  1.17453e-11
      1254.34  5.32084e-09  8.25156e-12
      1254.66  6.52007e-09  9.22910e-12
      1254.97  1.04858e-08  1.22426e-11
      1255.29  7.13840e-09  1.02415e-11
      1255.60  3.16574e-09  7.45292e-12
      1255.92  3.49746e-09  7.69046e-12
      1256.23  6.05868e-09  9.21291e-12
      1256.55  9.78378e-09  1.16210e-11
      1256.87  7.09200e-09  9.50025e-12
      1257.18  3.20673e-09  6.57303e-12
      1257.50  2.30281e-09  6.36105e-12
      1257.81  2.61736e-09  6.55093e-12
      1258.13  3.28296e-09  7.24881e-12
      1258.45  3.28498e-09  7.14277e-12
      1258.76  3.42318e-09  7.15031e-12
      1259.08  6.07709e-09  8.53022e-12
      1259.40  1.28472e-08  1.17587e-11
      1259.72  1.77541e-08  1.35848e-11
      1260.03  1.32870e-08  1.13215e-11
      1260.35  9.53149e-09  9.50131e-12
      1260.67  1.22301e-08  1.13870e-11
      1260.99  1.14165e-08  1.11290e-11
      1261.30  9.05654e-09  9.74319e-12
      1261.62  1.11842e-08  1.11332e-11
      1261.94  1.18900e-08  1.09534e-11
      1262.26  1.21133e-08  1.10542e-11
      1262.58  8.95921e-09  9.04169e-12
      1262.90  9.29002e-09  9.03997e-12
      1263.22  1.44186e-08  1.18798e-11
      1263.54  1.20251e-08  1.08448e-11
      1263.86  7.49329e-09  8.83406e-12
      1264.17  5.82975e-09  8.19161e-12
      1264.49  4.20068e-09  7.15079e-12
      1264.81  4.49560e-09  6.99950e-12
      1265.13  9.22234e-09  9.56335e-12
      1265.45  1.46321e-08  1.19039e-11
      1265.77  1.31270e-08  1.12262e-11
      1266.10  6.98535e-09  8.20819e-12
      1266.42  3.49359e-09  6.25126e-12
      1266.74  2.95755e-09  6.11161e-12
      1267.06  3.99181e-09  6.79611e-12
      1267.38  8.53406e-09  9.26165e-12
      1267.70  1.64034e-08  1.30556e-11
      1268.02  1.74576e-08  1.26184e-11
      1268.34  1.70706e-08  1.22971e-11
      1268.67  1.55080e-08  1.13316e-11
      1268.99  1.52075e-08  1.15006e-11
      1269.31  1.19221e-08  1.02905e-11
      1269.63  7.68529e-09  8.48002e-12
      1269.95  6.31590e-09  7.89166e-12
      1270.28  7.82003e-09  8.46509e-12
      1270.60  1.29656e-08  1.09184e-11
      1270.92  1.57255e-08  1.15337e-11
      1271.25  1.70949e-08  1.16973e-11
      1271.57  1.67222e-08  1.17605e-11
      1271.89  1.00912e-08  9.10716e-12
      1272.22  4.46117e-09  6.37895e-12
      1272.54  2.69002e-09  5.61354e-12
      1272.86  2.19226e-09  5.30538e-12
      1273.19  2.07595e-09  5.24168e-12
      1273.51  2.51407e-09  5.49378e-12
      1273.84  3.93656e-09  6.42005e-12
      1274.16  5.21507e-09  7.10790e-12
      1274.49  6.73821e-09  7.59945e-12
      1274.81  1.22723e-08  1.04666e-11
      1275.14  1.72195e-08  1.27970e-11
      1275.46  1.54958e-08  1.23602e-11
      1275.79  1.00370e-08  1.01000e-11
      1276.11  6.41246e-09  8.06036e-12
      1276.44  8.37823e-09  8.92294e-12
      1276.76  1.47315e-08  1.19433e-11
      1277.09  1.52384e-08  1.12491e-11
      1277.42  1.55317e-08  1.15717e-11
      1277.74  1.08874e-08  9.63347e-12
      1278.07  4.95571e-09  6.71474e-12
      1278.40  2.92676e-09  5.70787e-12
      1278.72  2.27707e-09  5.34704e-12
      1279.05  2.24100e-09  5.29711e-12
      1279.38  2.97299e-09  5.68523e-12
      1279.71  4.46047e-09  6.50887e-12
      1280.03  5.86227e-09  7.25902e-12
      1280.36  5.40612e-09  6.80222e-12
      1280.69  5.63535e-09  7.08647e-12
      1281.02  7.43983e-09  8.19409e-12
      1281.34  1.09591e-08  1.01645e-11
      1281.67  1.33296e-08  1.16230e-11
      1282.00  1.05733e-08  1.01905e-11
      1282.33  1.08138e-08  9.95067e-12
      1282.66  1.65736e-08  1.22566e-11
      1282.99  2.11910e-08  1.36635e-11
      1283.32  2.12004e-08  1.36519e-11
      1283.65  1.49206e-08  1.15551e-11
      1283.98  7.84165e-09  8.49763e-12
      1284.31  4.45950e-09  6.87856e-12
      1284.64  3.32406e-09  6.47522e-12
      1284.97  3.26969e-09  6.11754e-12
      1285.30  3.91718e-09  6.75094e-12
      1285.63  3.33237e-09  5.88045e-12
      1285.96  3.02139e-09  5.33839e-12
      1286.29  4.66556e-09  6.43000e-12
      1286.62  6.69185e-09  7.87443e-12
      1286.95  6.11728e-09  7.44750e-12
      1287.28  7.51950e-09  8.14479e-12
      1287.61  1.36837e-08  1.14258e-11
      1287.95  1.63161e-08  1.20770e-11
      1288.28  1.61757e-08  1.18190e-11
      1288.61  1.60775e-08  1.15223e-11
      1288.94  1.60929e-08  1.16967e-11
      1289.27  1.14498e-08  9.76458e-12
      1289.61  8.27832e-09  8.68165e-12
      1289.94  6.67604e-09  8.17962e-12
      1290.27  4.53347e-09  6.96689e-12
      1290.61  3.83055e-09  6.77409e-12
      1290.94  2.96962e-09  5.99805e-12
      1291.27  2.21578e-09  5.24352e-12
      1291.61  2.55618e-09  5.31077e-12
      1291.94  4.12747e-09  6.39819e-12
      1292.27  7.11801e-09  7.92721e-12
      1292.61  1.01653e-08  9.74633e-12
      1292.94  7.65799e-09  8.38781e-12
      1293.28  5.79345e-09  7.41823e-12
      1293.61  7.51944e-09  8.55401e-12
      1293.95  9.73368e-09  9.19151e-12
      1294.28  1.45131e-08  1.10520e-11
      1294.62  1.63377e-08  1.14822e-11
      1294.95  1.37533e-08  1.02867e-11
      1295.29  1.31467e-08  1.04248e-11
      1295.62  1.12430e-08  9.88650e-12
      1295.96  8.20810e-09  8.64035e-12
      1296.29  7.09175e-09  8.25835e-12
      1296.63  7.40559e-09  8.47714e-12
      1296.97  9.16447e-09  9.11921e-12
      1297.30  1.43779e-08  1.12229e-11
      1297.64  1.95306e-08  1.31273e-11
      1297.98  1.64678e-08  1.17797e-11
      1298.31  1.03008e-08  9.44629e-12
      1298.65  5.77269e-09  7.31390e-12
      1298.99  4.37283e-09  6.51836e-12
      1299.33  7.59307e-09  8.28978e-12
      1299.66  1.38781e-08  1.12192e-11
      1300.00  1.56432e-08  1.14297e-11
      1300.34  1.35266e-08  1.04396e-11
      1300.68  9.27994e-09  8.46117e-12
      1301.02  9.47737e-09  8.68811e-12
      1301.35  1.65355e-08  1.17144e-11
      1301.69  1.98524e-08  1.28163e-11
      1302.03  1.91943e-08  1.28992e-11
      1302.37  1.70308e-08  1.19508e-11
      1302.71  1.96330e-08  1.30805e-11
      1303.05  2.16709e-08  1.33648e-11
      1303.39  2.47859e-08  1.43685e-11
      1303.73  2.67727e-08  1.49895e-11
      1304.07  2.48548e-08  1.44266e-11
      1304.41  2.52401e-08  1.48067e-11
      1304.75  2.68393e-08  1.54211e-11
      1305.09  2.81660e-08  1.56847e-11
      1305.43  3.32984e-08  1.68930e-11
      1305.77  3.94950e-08  1.80331e-11
      1306.11  3.93827e-08  1.77587e-11
      1306.46  2.64673e-08  1.41647e-11
      1306.80  1.27119e-08  9.83236e-12
      1307.14  6.55096e-09  7.43644e-12
      1307.48  4.41541e-09  6.45902e-12
      1307.82  3.50588e-09  6.02279e-12
      1308.16  3.51662e-09  6.06484e-12
      1308.51  4.19077e-09  6.62924e-12
      1308.85  3.41700e-09  5.85846e-12
      1309.19  2.45576e-09  5.16429e-12
      1309.53  2.24208e-09  5.04100e-12
      1309.88  2.21182e-09  5.10489e-12
      1310.22  2.39178e-09  5.34925e-12
      1310.56  3.10994e-09  5.94634e-12
      1310.91  5.70985e-09  7.50873e-12
      1311.25  1.08007e-08  1.03920e-11
      1311.60  1.08345e-08  9.98039e-12
      1311.94  6.30950e-09  7.39310e-12
      1312.28  3.27739e-09  5.60258e-12
      1312.63  2.22518e-09  4.85906e-12
      1312.97  1.89026e-09  4.61681e-12
      1313.32  2.53947e-09  5.19530e-12
      1313.66  4.27591e-09  6.79671e-12
      1314.01  3.54188e-09  6.21567e-12
      1314.35  2.00075e-09  4.95885e-12
      1314.70  1.54185e-09  4.48984e-12
      1315.05  1.54184e-09  4.39851e-12
      1315.39  1.75625e-09  4.68063e-12
      1315.74  2.24390e-09  5.18849e-12
      1316.08  3.42544e-09  6.02953e-12
      1316.43  6.98726e-09  8.23644e-12
      1316.78  1.22430e-08  1.12953e-11
      1317.12  9.69159e-09  9.74945e-12
      1317.47  4.44450e-09  6.57793e-12
      1317.82  2.63961e-09  5.28950e-12
      1318.17  2.71695e-09  5.17226e-12
      1318.51  4.53455e-09  6.53842e-12
      1318.86  5.61393e-09  7.30701e-12
      1319.21  3.74866e-09  6.13576e-12
      1319.56  2.15024e-09  4.92688e-12
      1319.91  2.19897e-09  5.25035e-12
      1320.25  2.22899e-09  5.27817e-12
      1320.60  2.21937e-09  5.10798e-12
      1320.95  2.71701e-09  5.40588e-12
      1321.30  3.97025e-09  6.20756e-12
      1321.65  8.07198e-09  8.47063e-12
      1322.00  1.48516e-08  1.21078e-11
      1322.35  1.29377e-08  1.12360e-11
      1322.70  6.46382e-09  7.95502e-12
      1323.05  4.03288e-09  6.38446e-12
      1323.40  4.43200e-09  6.57464e-12
      1323.75  5.27998e-09  6.92774e-12
      1324.10  5.44558e-09  6.97506e-12
      1324.45  4.04147e-09  6.10767e-12
      1324.80  2.81632e-09  5.36141e-12
      