227
      1249.95  1.34513e-08  2.50812e-11
      1250.27  6.34993e-09  1.76160e-11
      1250.58  1.98196e-09  1.16757e-11
      1250.89  1.36043e-09  1.07995e-11
      1251.20  1.84309e-09  1.12289e-11
      1251.52  2.96209e-09  1.27371e-11
      1251.83  5.17645e-09  1.57433e-11
      1252.14  6.75496e-09  1.79125e-11
      1252.46  6.43013e-09  1.74025e-11
      1252.77  5.94891e-09  1.65776e-11
      1253.09  9.64545e-09  1.97158e-11
      1253.40  1.79795e-08  2.63087e-11
      1253.71  2.18929e-08  2.92677e-11
      1254.03  1.35509e-08  2.18428e-11
      1254.34  7.12260e-09  1.41006e-11
      1254.66  1.09506e-08  1.80101e-11
      1254.97  1.57273e-08  2.02850e-11
      1255.29  1.04535e-08  1.64745e-11
      1255.60  4.96444e-09  1.24144e-11
      1255.92  5.53414e-09  1.37431e-11
      1256.23  9.37177e-09  1.64109e-11
      1256.55  1.53879e-08  2.13916e-11
      1256.87  1.05602e-08  1.69774e-11
      1257.18  4.76989e-09  1.22165e-11
      1257.50  3.55029e-09  1.12897e-11
      1257.81  4.07712e-09  1.21268e-11
      1258.13  5.10358e-09  1.37900e-11
      1258.45  5.09072e-09  1.38300e-11
      1258.76  5.39726e-09  1.38479e-11
      1259.08  9.45286e-09  1.74102e-11
      1259.40  1.85627e-08  2.37746e-11
      1259.72  2.44278e-08  2.70896e-11
      1260.03  1.86347e-08  2.30095e-11
      1260.35  1.38854e-08  1.97385e-11
      1260.67  1.70751e-08  2.30222e-11
      1260.99  1.58210e-08  2.24918e-11
      1261.30  1.27837e-08  2.00178e-11
      1261.62  1.54482e-08  2.28655e-11
      1261.94  1.61322e-08  2.25721e-11
      1262.26  1.63719e-08  2.29764e-11
      1262.58  1.18260e-08  1.85256e-11
      1262.90  1.22455e-08  1.84091e-11
      1263.22  1.89590e-08  2.43598e-11
      1263.54  1.53547e-08  2.11005e-11
      1263.86  9.53915e-09  1.70546e-11
      1264.17  7.48552e-09  1.55267e-11
      1264.49  5.30435e-09  1.31606e-11
      1264.81  5.53252e-09  1.29893e-11
      1265.13  1.14407e-08  1.71032e-11
      1265.45  2.06221e-08  2.20396e-11
      1265.77  1.88256e-08  1.94463e-11
      1266.10  1.04994e-08  1.45112e-11
      1266.42  5.55162e-09  1.12967e-11
      1266.74  4.87565e-09  1.13157e-11
      1267.06  6.66344e-09  1.29534e-11
      1267.38  1.34009e-08  1.78252e-11
      1267.70  2.34401e-08  2.40456e-11
      1268.02  2.53195e-08  2.42242e-11
      1268.34  2.46257e-08  2.39424e-11
      1268.67  2.24675e-08  2.24965e-11
      1268.99  2.17966e-08  2.31776e-11
      1269.31  1.70122e-08  2.07108e-11
      1269.63  1.13687e-08  1.74526e-11
      1269.95  9.31164e-09  1.63575e-11
      1270.28  1.11087e-08  1.74129e-11
      1270.60  1.80870e-08  2.27075e-11
      1270.92  2.12469e-08  2.36827e-11
      1271.25  2.30319e-08  2.41526e-11
      1271.57  2.26625e-08  2.42766e-11
      1271.89  1.33007e-08  1.86101e-11
      1272.22  5.82560e-09  1.28737e-11
      1272.54  3.52616e-09  1.11248e-11
      1272.86  2.81415e-09  1.03404e-11
      1273.19  2.58146e-09  9.83393e-12
      1273.51  3.09407e-09  1.02402e-11
      1273.84  4.82031e-09  1.19911e-11
      1274.16  6.45119e-09  1.31291e-11
      1274.49  1.06650e-08  1.35552e-11
      1274.81  1.95957e-08  2.06989e-11
      1275.14  2.48947e-08  2.16562e-11
      1275.46  2.25696e-08  2.12917e-11
      1275.79  1.52692e-08  1.80599e-11
      1276.11  1.03903e-08  1.53140e-11
      1276.44  1.32570e-08  1.73423e-11
      1276.76  2.09345e-08  2.21268e-11
      1277.09  2.21277e-08  2.19997e-11
      1277.42  2.19600e-08  2.23737e-11
      1277.74  1.53656e-08  1.88742e-11
      1278.07  7.44838e-09  1.36363e-11
      1278.40  4.36550e-09  1.15420e-11
      1278.72  3.30153e-09  1.08679e-11
      1279.05  3.18388e-09  1.06953e-11
      1279.38  4.19237e-09  1.17417e-11
      1279.71  6.15098e-09  1.35458e-11
      1280.03  8.13203e-09  1.54193e-11
      1280.36  7.18162e-09  1.39710e-11
      1280.69  7.52377e-09  1.45504e-11
      1281.02  9.64072e-09  1.64383e-11
      1281.34  1.39190e-08  1.92658e-11
      1281.67  1.70705e-08  2.20546e-11
      1282.00  1.29867e-08  1.86568e-11
      1282.33  1.27648e-08  1.80753e-11
      1282.66  2.10235e-08  2.02926e-11
      1282.99  3.01136e-08  2.69643e-11
      1283.32  3.02427e-08  2.41138e-11
      1283.65  2.16811e-08  2.04842e-11
      1283.98  1.17734e-08  1.57777e-11
      1284.31  6.93735e-09  1.29750e-11
      1284.64  5.23635e-09  1.20697e-11
      1284.97  5.11947e-09  1.21823e-11
      1285.30  5.87816e-09  1.32143e-11
      1285.63  5.08694e-09  1.23181e-11
      1285.96  4.63621e-09  1.13026e-11
      1286.29  6.78543e-09  1.34963e-11
      1286.62  9.23267e-09  1.61517e-11
      1286.95  8.75271e-09  1.55837e-11
      1287.28  1.07371e-08  1.70990e-11
      1287.61  1.79045e-08  2.27486e-11
      1287.95  2.12422e-08  2.48169e-11
      1288.28  2.09775e-08  2.42787e-11
      1288.61  2.06306e-08  2.32990e-11
      1288.94  2.00072e-08  2.26317e-11
      1289.27  1.42777e-08  1.84757e-11
      1289.61  1.04436e-08  1.63244e-11
      1289.94  8.16805e-09  1.48693e-11
      1290.27  5.45191e-09  1.18989e-11
      1290.61  5.22922e-09  1.31175e-11
      1290.94  4.42121e-09  1.08872e-11
      1291.27  3.41435e-09  9.61305e-12
      1291.61  3.95975e-09  1.00124e-11
      1291.94  6.45064e-09  1.25027e-11
      1292.27  1.07393e-08  1.56523e-11
      1292.61  1.54253e-08  1.98448e-11
      1292.94  1.09321e-08  1.64582e-11
      1293.28  8.36262e-09  1.51884e-11
      1293.61  1.10838e-08  1.78675e-11
      1293.95  1.36115e-08  1.88527e-11
      1294.28  1.98657e-08  2.29688e-11
      1294.62  2.21640e-08  2.40547e-11
      1294.95  1.83562e-08  2.12652e-11
      1295.29  1.73199e-08  2.13437e-11
      1295.62  1.48510e-08  1.99111e-11
      1295.96  1.07163e-08  1.66423e-11
      1296.29  9.11611e-09  1.56554e-11
      1296.63  9.26985e-09  1.57104e-11
      1296.97  1.11775e-08  1.66553e-11
      1297.30  1.95954e-08  1.83593e-11
      1297.64  2.81578e-08  2.69755e-11
      1297.98  2.41889e-08  2.18739e-11
      1298.31  1.58838e-08  1.81849e-11
      1298.65  1.02782e-08  1.82772e-11
      1298.99  9.01223e-09  1.50456e-11
      1299.33  1.37915e-08  2.36711e-11
      1299.66  1.97769e-08  2.28935e-11
      1300.00  2.19171e-08  2.35597e-11
      1300.34  2.00814e-08  2.68053e-11
      1300.68  1.19982e-08  1.93974e-11
      1301.02  1.31915e-08  1.82629e-11
      1301.35  2.16550e-08  2.36962e-11
      1301.69  2.56307e-08  2.58264e-11
      1302.03  2.44063e-08  2.58735e-11
      1302.37  2.13453e-08  2.32847e-11
      1302.71  2.39245e-08  2.46906e-11
      1303.05  2.57404e-08  2.45730e-11
      1303.39  2.88676e-08  2.57008e-11
      1303.73  3.09131e-08  2.48843e-11
      1304.07  3.24800e-08  2.87789e-11
      1304.41  3.55864e-08  2.67837e-11
      1304.75  3.76902e-08  2.80259e-11
      1305.09  3.89445e-08  2.90925e-11
      1305.43  4.48795e-08  3.19435e-11
      1305.77  5.16500e-08  3.44707e-11
      1306.11  5.32850e-08  4.03890e-11
      1306.46  3.11045e-08  2.73998e-11
      1306.80  1.60791e-08  2.07431e-11
      1307.14  9.35763e-09  1.53972e-11
      1307.48  6.34769e-09  1.33572e-11
      1307.82  4.90734e-09  1.22692e-11
      1308.16  4.73252e-09  1.23244e-11
      1308.51  5.58470e-09  1.33201e-11
      1308.85  4.44695e-09  1.15119e-11
      1309.19  3.04939e-09  9.67803e-12
      1309.53  2.69521e-09  9.21728e-12
      1309.88  2.56903e-09  9.09868e-12
      1310.22  3.29504e-09  8.78894e-12
      1310.56  5.11726e-09  1.26797e-11
      1310.91  8.84646e-09  1.42601e-11
      1311.25  1.57754e-08  1.99728e-11
      1311.60  1.57691e-08  1.99776e-11
      1311.94  9.36815e-09  1.51005e-11
      1312.28  4.89362e-09  1.15098e-11
      1312.63  3.27178e-09  1.00283e-11
      1312.97  2.75507e-09  9.58923e-12
      1313.32  3.61784e-09  1.08201e-11
      1313.66  5.73273e-09  1.36984e-11
      1314.01  4.86623e-09  1.27061e-11
      1314.35  2.67758e-09  9.98416e-12
      1314.70  1.97341e-09  8.80968e-12
      1315.05  1.88645e-09  8.42584e-12
      1315.39  2.06995e-09  8.51337e-12
      1315.74  2.59498e-09  9.34222e-12
      1316.08  4.89754e-09  1.01921e-11
      1316.43  1.28881e-08  2.01871e-11
      1316.78  1.75425e-08  2.08482e-11
      1317.12  1.40044e-08  1.84860e-11
      1317.47  6.88308e-09  1.31335e-11
      1317.82  4.04707e-09  1.06344e-11
      1318.17  4.12757e-09  1.06303e-11
      1318.51  6.57855e-09  1.35677e-11
      1318.86  7.90636e-09  1.50238e-11
      1319.21  5.36575e-09  1.27038e-11
      1319.56  3.05672e-09  1.04503e-11
      1319.91  2.92974e-09  1.06953e-11
      1320.25  2.90835e-09  1.05733e-11
      1320.60  2.83056e-09  1.02659e-11
      1320.95  3.35350e-09  1.01350e-11
      1321.30  4.70971e-09  1.11631e-11
      1321.65  9.21163e-09  1.48198e-11
      1322.00  1.70973e-08  1.80321e-11
      1322.35  1.60075e-08  2.23284e-11
      1322.70  9.69283e-09  1.51859e-11
      1323.05  6.34787e-09  1.29310e-11
      1323.40  6.81576e-09  1.35854e-11
      1323.75  7.90938e-09  1.45037e-11
      1324.10  8.02670e-09  1.49966e-11
      1324.45  5.82226e-09  1.26646e-11
      1324.80  4.05736e-09  1.10855e-11
      