227
      1249.95  1.11253e-08  1.57347e-11
      1250.27  5.19698e-09  1.12471e-11
      1250.58  1.52145e-09  7.82730e-12
      1250.89  1.03607e-09  7.30441e-12
      1251.20  1.47119e-09  7.54583e-12
      1251.52  2.49886e-09  8.64050e-12
      1251.83  4.51240e-09  1.09321e-11
      1252.14  5.91576e-09  1.24208e-11
      1252.46  5.63904e-09  1.24869e-11
      1252.77  5.28772e-09  1.21283e-11
      1253.09  8.93371e-09  1.50687e-11
      1253.40  1.70618e-08  2.02861e-11
      1253.71  2.09487e-08  2.23646e-11
      1254.03  1.27147e-08  1.67927e-11
      1254.34  6.11347e-09  1.19525e-11
      1254.66  7.65341e-09  1.33773e-11
      1254.97  1.23675e-08  1.78576e-11
      1255.29  7.89495e-09  1.40206e-11
      1255.60  3.36107e-09  9.94995e-12
      1255.92  3.92375e-09  1.09864e-11
      1256.23  6.88940e-09  1.28589e-11
      1256.55  1.14800e-08  1.63497e-11
      1256.87  7.98593e-09  1.29770e-11
      1257.18  3.44778e-09  9.03883e-12
      1257.50  3.24513e-09  8.78985e-12
      1257.81  5.75839e-09  1.20347e-11
      1258.13  5.82417e-09  1.17318e-11
      1258.45  4.10371e-09  9.73609e-12
      1258.76  3.93963e-09  9.18688e-12
      1259.08  7.27539e-09  1.11605e-11
      1259.40  1.49457e-08  1.50665e-11
      1259.72  2.00194e-08  1.71371e-11
      1260.03  1.51192e-08  1.43520e-11
      1260.35  1.12309e-08  1.21372e-11
      1260.67  1.42154e-08  1.43369e-11
      1260.99  1.30501e-08  1.38689e-11
      1261.30  1.05303e-08  1.24551e-11
      1261.62  1.32014e-08  1.47583e-11
      1261.94  1.37278e-08  1.45371e-11
      1262.26  1.42967e-08  1.52168e-11
      1262.58  1.00924e-08  1.23007e-11
      1262.90  1.06849e-08  1.26377e-11
      1263.22  1.72203e-08  1.70777e-11
      1263.54  1.38519e-08  1.51020e-11
      1263.86  8.53176e-09  1.24168e-11
      1264.17  6.75452e-09  1.19075e-11
      1264.49  4.88454e-09  1.06443e-11
      1264.81  5.33028e-09  1.05946e-11
      1265.13  1.08574e-08  1.42527e-11
      1265.45  1.68191e-08  1.74758e-11
      1265.77  1.49456e-08  1.61457e-11
      1266.10  8.04349e-09  1.19005e-11
      1266.42  3.99741e-09  9.22615e-12
      1266.74  3.36503e-09  8.72415e-12
      1267.06  4.70813e-09  9.65061e-12
      1267.38  1.02441e-08  1.31586e-11
      1267.70  1.85677e-08  1.74613e-11
      1268.02  2.00040e-08  1.70430e-11
      1268.34  1.96329e-08  1.64311e-11
      1268.67  1.77935e-08  1.48226e-11
      1268.99  1.76072e-08  1.51406e-11
      1269.31  1.34977e-08  1.31074e-11
      1269.63  8.84561e-09  1.07223e-11
      1269.95  7.25523e-09  9.97329e-12
      1270.28  8.86938e-09  1.06162e-11
      1270.60  1.53292e-08  1.42162e-11
      1270.92  1.81668e-08  1.48964e-11
      1271.25  1.98749e-08  1.54539e-11
      1271.57  1.96815e-08  1.57428e-11
      1271.89  1.13705e-08  1.19439e-11
      1272.22  4.84734e-09  8.58247e-12
      1272.54  2.94833e-09  7.64386e-12
      1272.86  2.38951e-09  7.36130e-12
      1273.19  2.25329e-09  7.38608e-12
      1273.51  2.81822e-09  7.86045e-12
      1273.84  4.50641e-09  9.31427e-12
      1274.16  6.08154e-09  1.04610e-11
      1274.49  8.13920e-09  1.13637e-11
      1274.81  1.42122e-08  1.52854e-11
      1275.14  1.94528e-08  1.86080e-11
      1275.46  1.75589e-08  1.70818e-11
      1275.79  1.15822e-08  1.39158e-11
      1276.11  7.65129e-09  1.12278e-11
      1276.44  1.01264e-08  1.23440e-11
      1276.76  1.66496e-08  1.54568e-11
      1277.09  1.75039e-08  1.47815e-11
      1277.42  1.78187e-08  1.48922e-11
      1277.74  1.21505e-08  1.20486e-11
      1278.07  5.63484e-09  8.47523e-12
      1278.40  3.24310e-09  7.09966e-12
      1278.72  2.44847e-09  6.70166e-12
      1279.05  2.43031e-09  6.66943e-12
      1279.38  3.33536e-09  7.43933e-12
      1279.71  5.11979e-09  8.66870e-12
      1280.03  6.97973e-09  1.01838e-11
      1280.36  6.11846e-09  9.41097e-12
      1280.69  6.55580e-09  1.01810e-11
      1281.02  8.67590e-09  1.15679e-11
      1281.34  1.29025e-08  1.45110e-11
      1281.67  1.58215e-08  1.68822e-11
      1282.00  1.22130e-08  1.46222e-11
      1282.33  1.24770e-08  1.45503e-11
      1282.66  1.93155e-08  1.79242e-11
      1282.99  2.44606e-08  1.95340e-11
      1283.32  2.42359e-08  1.94463e-11
      1283.65  1.70529e-08  1.60968e-11
      1283.98  8.98774e-09  1.18254e-11
      1284.31  5.05703e-09  9.41370e-12
      1284.64  3.75611e-09  8.80240e-12
      1284.97  3.72225e-09  8.20718e-12
      1285.30  4.36734e-09  8.51500e-12
      1285.63  3.76285e-09  7.60945e-12
      1285.96  3.48761e-09  7.01401e-12
      1286.29  5.39687e-09  8.28708e-12
      1286.62  7.55235e-09  9.85129e-12
      1286.95  7.11775e-09  9.57319e-12
      1287.28  9.11344e-09  1.08220e-11
      1287.61  1.58097e-08  1.49871e-11
      1287.95  1.88395e-08  1.65552e-11
      1288.28  1.88262e-08  1.66595e-11
      1288.61  1.87887e-08  1.65170e-11
      1288.94  1.85639e-08  1.69893e-11
      1289.27  1.30937e-08  1.40309e-11
      1289.61  9.78196e-09  1.28176e-11
      1289.94  7.70377e-09  1.17647e-11
      1290.27  5.16052e-09  9.92038e-12
      1290.61  4.43373e-09  9.60366e-12
      1290.94  3.27185e-09  8.23191e-12
      1291.27  2.36808e-09  7.49525e-12
      1291.61  2.81061e-09  7.57380e-12
      1291.94  4.75467e-09  8.57300e-12
      1292.27  8.23038e-09  1.03229e-11
      1292.61  1.20872e-08  1.27210e-11
      1292.94  9.01062e-09  1.11571e-11
      1293.28  6.83020e-09  1.00087e-11
      1293.61  8.91883e-09  1.10056e-11
      1293.95  1.13873e-08  1.18117e-11
      1294.28  1.70045e-08  1.46112e-11
      1294.62  1.91182e-08  1.56022e-11
      1294.95  1.60527e-08  1.42107e-11
      1295.29  1.53578e-08  1.47074e-11
      1295.62  1.32350e-08  1.41036e-11
      1295.96  9.73327e-09  1.25205e-11
      1296.29  8.40877e-09  1.20698e-11
      1296.63  8.75943e-09  1.23891e-11
      1296.97  1.09014e-08  1.36965e-11
      1297.30  1.68266e-08  1.64508e-11
      1297.64  2.21545e-08  1.84468e-11
      1297.98  1.89138e-08  1.66268e-11
      1298.31  1.19923e-08  1.30224e-11
      1298.65  6.83263e-09  1.01598e-11
      1298.99  5.08838e-09  1.03332e-11
      1299.33  9.62294e-09  1.39302e-11
      1299.66  1.64178e-08  1.50689e-11
      1300.00  1.79698e-08  1.44233e-11
      1300.34  1.55758e-08  1.34456e-11
      1300.68  1.07011e-08  1.09131e-11
      1301.02  1.12502e-08  1.11759e-11
      1301.35  1.93272e-08  1.56520e-11
      1301.69  2.29464e-08  1.74220e-11
      1302.03  2.21700e-08  1.79707e-11
      1302.37  1.95827e-08  1.70034e-11
      1302.71  2.27590e-08  1.98072e-11
      1303.05  2.47336e-08  2.03348e-11
      1303.39  2.84639e-08  2.14579e-11
      1303.73  3.04521e-08  2.15487e-11
      1304.07  2.81812e-08  2.00321e-11
      1304.41  2.88768e-08  2.03281e-11
      1304.75  3.06251e-08  2.09203e-11
      1305.09  3.18210e-08  2.06231e-11
      1305.43  3.75266e-08  2.19271e-11
      1305.77  4.42162e-08  2.31272e-11
      1306.11  4.41116e-08  2.33908e-11
      1306.46  2.90868e-08  1.79384e-11
      1306.80  1.40740e-08  1.21454e-11
      1307.14  7.55023e-09  1.01100e-11
      1307.48  5.40888e-09  1.37664e-11
      1307.82  4.08206e-09  8.10121e-12
      1308.16  4.08200e-09  8.38248e-12
      1308.51  4.91543e-09  9.37887e-12
      1308.85  3.99166e-09  8.54306e-12
      1309.19  2.78057e-09  7.45160e-12
      1309.53  2.52265e-09  7.32976e-12
      1309.88  2.48300e-09  7.33467e-12
      1310.22  2.70181e-09  7.49306e-12
      1310.56  3.63286e-09  8.28223e-12
      1310.91  6.77065e-09  1.04365e-11
      1311.25  1.22434e-08  1.36125e-11
      1311.60  1.23496e-08  1.32561e-11
      1311.94  7.28698e-09  9.73012e-12
      1312.28  3.72179e-09  7.04176e-12
      1312.63  2.47034e-09  6.19723e-12
      1312.97  2.11553e-09  5.99964e-12
      1313.32  2.98580e-09  6.91285e-12
      1313.66  4.79359e-09  8.87158e-12
      1314.01  4.04895e-09  8.42331e-12
      1314.35  2.30671e-09  6.84432e-12
      1314.70  1.68746e-09  6.41920e-12
      1315.05  1.66540e-09  6.49357e-12
      1315.39  1.92753e-09  6.79220e-12
      1315.74  2.53934e-09  7.41998e-12
      1316.08  4.03662e-09  8.62041e-12
      1316.43  8.38109e-09  1.16118e-11
      1316.78  1.37044e-08  1.49849e-11
      1317.12  1.08452e-08  1.29638e-11
      1317.47  5.19733e-09  8.73482e-12
      1317.82  2.99631e-09  6.80149e-12
      1318.17  3.14458e-09  6.60563e-12
      1318.51  5.29309e-09  8.38895e-12
      1318.86  6.41635e-09  9.32411e-12
      1319.21  4.26055e-09  7.93368e-12
      1319.56  2.46814e-09  6.98052e-12
      1319.91  2.48049e-09  7.30154e-12
      1320.25  2.49403e-09  7.44409e-12
      1320.60  2.50581e-09  7.55513e-12
      1320.95  3.11901e-09  7.95821e-12
      1321.30  4.60309e-09  9.07959e-12
      1321.65  9.54866e-09  1.22063e-11
      1322.00  1.70856e-08  1.66334e-11
      1322.35  1.44158e-08  1.50530e-11
      1322.70  7.39438e-09  1.07678e-11
      1323.05  4.65676e-09  8.56347e-12
      1323.40  5.18646e-09  8.75962e-12
      1323.75  6.18786e-09  9.01363e-12
      1324.10  6.40383e-09  9.06169e-12
      1324.45  4.58417e-09  7.67681e-12
      1324.80  3.23860e-09  7.00730e-12
      