227
      1249.95  1.35894e-08  2.63509e-11
      1250.27  6.52770e-09  1.86205e-11
      1250.58  2.02688e-09  1.22241e-11
      1250.89  1.35050e-09  1.12154e-11
      1251.20  1.81300e-09  1.16002e-11
      1251.52  2.89894e-09  1.31003e-11
      1251.83  5.08153e-09  1.61313e-11
      1252.14  6.69218e-09  1.83979e-11
      1252.46  6.44421e-09  1.83810e-11
      1252.77  5.91176e-09  1.77033e-11
      1253.09  9.41941e-09  2.09401e-11
      1253.40  1.77303e-08  2.79372e-11
      1253.71  2.20638e-08  3.11043e-11
      1254.03  1.37980e-08  2.30806e-11
      1254.34  9.94884e-09  2.88687e-11
      1254.66  1.26316e-08  2.77038e-11
      1254.97  1.68666e-08  2.67951e-11
      1255.29  1.14803e-08  2.13203e-11
      1255.60  5.51285e-09  1.56587e-11
      1255.92  5.98634e-09  1.68603e-11
      1256.23  9.92374e-09  1.97332e-11
      1256.55  1.63384e-08  2.53940e-11
      1256.87  1.14458e-08  2.01258e-11
      1257.18  5.17629e-09  1.41408e-11
      1257.50  3.77710e-09  1.27975e-11
      1257.81  4.24716e-09  1.35073e-11
      1258.13  5.32452e-09  1.51502e-11
      1258.45  5.34631e-09  1.50819e-11
      1258.76  5.58900e-09  1.48751e-11
      1259.08  9.57976e-09  1.83714e-11
      1259.40  1.88076e-08  2.48669e-11
      1259.72  2.50975e-08  2.84257e-11
      1260.03  1.93228e-08  2.46268e-11
      1260.35  1.39766e-08  2.09989e-11
      1260.67  1.70559e-08  2.42990e-11
      1260.99  1.60158e-08  2.38264e-11
      1261.30  1.27962e-08  2.09899e-11
      1261.62  1.53605e-08  2.38045e-11
      1261.94  1.61047e-08  2.35224e-11
      1262.26  1.63925e-08  2.38720e-11
      1262.58  1.19452e-08  1.93590e-11
      1262.90  1.19922e-08  1.88149e-11
      1263.22  1.87696e-08  2.49479e-11
      1263.54  1.56298e-08  2.22391e-11
      1263.86  9.60617e-09  1.78939e-11
      1264.17  7.52505e-09  1.66231e-11
      1264.49  5.34649e-09  1.41870e-11
      1264.81  5.38644e-09  1.38168e-11
      1265.13  1.76754e-08  2.42138e-11
      1265.45  2.41130e-08  3.96197e-11
      1265.77  2.02238e-08  2.60999e-11
      1266.10  1.15278e-08  1.85960e-11
      1266.42  6.10206e-09  1.40297e-11
      1266.74  5.24062e-09  1.36164e-11
      1267.06  7.01704e-09  1.51379e-11
      1267.38  1.37684e-08  2.02957e-11
      1267.70  2.42333e-08  2.71137e-11
      1268.02  2.63512e-08  2.70384e-11
      1268.34  2.55556e-08  2.63112e-11
      1268.67  2.32866e-08  2.43657e-11
      1268.99  2.25189e-08  2.47528e-11
      1269.31  1.77962e-08  2.20703e-11
      1269.63  1.18091e-08  1.85697e-11
      1269.95  9.43346e-09  1.75095e-11
      1270.28  1.09791e-08  1.83298e-11
      1270.60  1.78926e-08  2.38328e-11
      1270.92  2.12248e-08  2.48607e-11
      1271.25  2.29426e-08  2.51908e-11
      1271.57  2.28292e-08  2.53285e-11
      1271.89  1.37070e-08  1.96044e-11
      1272.22  5.96856e-09  1.34509e-11
      1272.54  3.54600e-09  1.14694e-11
      1272.86  2.81482e-09  1.07551e-11
      1273.19  2.57237e-09  1.04989e-11
      1273.51  3.02956e-09  1.09121e-11
      1273.84  4.70188e-09  1.27375e-11
      1274.16  7.03814e-09  1.35175e-11
      1274.49  1.87448e-08  3.39489e-11
      1274.81  2.18273e-08  2.96789e-11
      1275.14  2.63517e-08  2.76723e-11
      1275.46  2.41023e-08  2.63955e-11
      1275.79  1.64921e-08  2.17337e-11
      1276.11  1.10973e-08  1.78741e-11
      1276.44  1.36292e-08  1.94897e-11
      1276.76  2.15579e-08  2.45163e-11
      1277.09  2.29251e-08  2.41205e-11
      1277.42  2.27387e-08  2.41460e-11
      1277.74  1.62527e-08  2.03356e-11
      1278.07  7.92724e-09  1.45816e-11
      1278.40  4.51850e-09  1.23868e-11
      1278.72  3.35580e-09  1.15818e-11
      1279.05  3.18007e-09  1.12655e-11
      1279.38  4.13229e-09  1.22458e-11
      1279.71  6.03645e-09  1.40307e-11
      1280.03  8.08186e-09  1.59699e-11
      1280.36  7.20656e-09  1.45207e-11
      1280.69  7.41463e-09  1.48828e-11
      1281.02  9.41874e-09  1.68357e-11
      1281.34  1.36048e-08  2.02315e-11
      1281.67  1.70700e-08  2.35952e-11
      1282.00  1.31529e-08  2.02065e-11
      1282.33  1.27002e-08  1.90249e-11
      1282.66  3.02861e-08  4.02634e-11
      1282.99  3.29939e-08  4.05509e-11
      1283.32  3.20480e-08  3.05986e-11
      1283.65  2.33550e-08  2.49996e-11
      1283.98  1.28014e-08  1.86915e-11
      1284.31  7.47324e-09  1.49103e-11
      1284.64  5.56389e-09  1.34861e-11
      1284.97  5.33265e-09  1.32834e-11
      1285.30  6.10484e-09  1.41727e-11
      1285.63  5.34513e-09  1.31407e-11
      1285.96  4.71227e-09  1.19080e-11
      1286.29  6.69068e-09  1.42084e-11
      1286.62  9.21824e-09  1.70550e-11
      1286.95  8.81673e-09  1.64348e-11
      1287.28  1.04687e-08  1.76083e-11
      1287.61  1.75348e-08  2.33825e-11
      1287.95  2.11462e-08  2.56431e-11
      1288.28  2.09160e-08  2.50187e-11
      1288.61  2.05400e-08  2.42453e-11
      1288.94  2.01294e-08  2.42839e-11
      1289.27  1.45655e-08  2.00553e-11
      1289.61  1.05104e-08  1.75350e-11
      1289.94  8.27276e-09  1.61923e-11
      1290.27  5.84588e-09  1.58587e-11
      1290.61  5.78898e-09  2.13321e-11
      1290.94  4.77224e-09  1.37298e-11
      1291.27  3.66952e-09  1.13451e-11
      1291.61  4.13620e-09  1.13263e-11
      1291.94  6.61242e-09  1.37462e-11
      1292.27  1.08849e-08  1.68199e-11
      1292.61  1.58678e-08  2.10581e-11
      1292.94  1.15225e-08  1.73930e-11
      1293.28  8.35759e-09  1.55381e-11
      1293.61  1.09987e-08  1.88063e-11
      1293.95  1.34428e-08  1.97450e-11
      1294.28  1.95136e-08  2.37292e-11
      1294.62  2.22461e-08  2.51236e-11
      1294.95  1.84960e-08  2.21447e-11
      1295.29  1.72433e-08  2.18627e-11
      1295.62  1.50389e-08  2.07143e-11
      1295.96  1.08920e-08  1.77487e-11
      1296.29  9.11859e-09  1.67513e-11
      1296.63  9.17352e-09  1.68438e-11
      1296.97  1.15774e-08  1.75150e-11
      1297.30  3.02085e-08  4.37635e-11
      1297.64  3.05528e-08  3.72872e-11
      1297.98  2.57638e-08  2.65921e-11
      1298.31  1.70913e-08  2.10753e-11
      1298.65  1.11695e-08  2.08124e-11
      1298.99  1.05181e-08  1.94044e-11
      1299.33  1.37814e-08  2.43024e-11
      1299.66  1.98311e-08  2.37254e-11
      1300.00  2.22838e-08  2.50260e-11
      1300.34  2.04462e-08  2.85322e-11
      1300.68  1.23322e-08  2.09519e-11
      1301.02  1.28514e-08  1.89806e-11
      1301.35  2.11460e-08  2.43484e-11
      1301.69  2.55008e-08  2.65574e-11
      1302.03  2.44751e-08  2.66211e-11
      1302.37  2.13629e-08  2.45386e-11
      1302.71  2.36444e-08  2.62379e-11
      1303.05  2.55458e-08  2.63729e-11
      1303.39  2.84960e-08  2.74904e-11
      1303.73  3.35021e-08  3.90927e-11
      1304.07  3.46698e-08  4.32209e-11
      1304.41  3.69764e-08  3.26576e-11
      1304.75  3.90958e-08  3.25583e-11
      1305.09  4.01470e-08  3.24104e-11
      1305.43  4.56975e-08  3.46667e-11
      1305.77  5.24448e-08  3.68490e-11
      1306.11  5.42962e-08  4.29186e-11
      1306.46  3.34955e-08  3.16416e-11
      1306.80  1.65713e-08  2.27497e-11
      1307.14  9.65467e-09  1.63218e-11
      1307.48  6.47478e-09  1.40060e-11
      1307.82  4.94516e-09  1.27416e-11
      1308.16  4.66530e-09  1.26179e-11
      1308.51  5.52646e-09  1.36326e-11
      1308.85  4.57938e-09  1.23514e-11
      1309.19  3.08260e-09  1.04372e-11
      1309.53  2.68559e-09  9.94262e-12
      1309.88  2.74006e-09  1.11133e-11
      1310.22  4.89570e-09  2.04694e-11
      1310.56  5.52213e-09  1.66141e-11
      1310.91  8.98640e-09  1.61983e-11
      1311.25  1.60386e-08  2.20573e-11
      1311.60  1.65081e-08  2.21728e-11
      1311.94  1.00718e-08  1.64816e-11
      1312.28  5.21902e-09  1.23290e-11
      1312.63  3.37246e-09  1.07484e-11
      1312.97  2.77101e-09  1.00885e-11
      1313.32  3.49949e-09  1.11392e-11
      1313.66  5.62680e-09  1.40989e-11
      1314.01  5.00746e-09  1.33011e-11
      1314.35  2.75148e-09  1.03624e-11
      1314.70  1.94527e-09  9.26284e-12
      1315.05  1.84353e-09  8.98408e-12
      1315.39  2.02796e-09  9.10399e-12
      1315.74  2.50724e-09  1.07395e-11
      1316.08  1.31202e-08  3.05080e-11
      1316.43  1.49446e-08  2.90347e-11
      1316.78  1.82687e-08  2.43354e-11
      1317.12  1.50681e-08  2.11197e-11
      1317.47  7.48035e-09  1.45592e-11
      1317.82  4.29259e-09  1.14130e-11
      1318.17  4.13427e-09  1.10739e-11
      1318.51  6.43182e-09  1.41018e-11
      1318.86  7.96849e-09  1.58456e-11
      1319.21  5.60004e-09  1.35522e-11
      1319.56  3.11953e-09  1.08652e-11
      1319.91  2.89759e-09  1.09718e-11
      1320.25  2.89892e-09  1.08712e-11
      1320.60  2.78996e-09  1.05582e-11
      1320.95  3.26859e-09  1.07196e-11
      1321.30  4.48460e-09  1.19098e-11
      1321.65  7.54978e-09  1.66544e-11
      1322.00  1.85998e-08  3.70295e-11
      1322.35  1.66467e-08  2.88413e-11
      1322.70  1.04524e-08  1.76174e-11
      1323.05  6.69807e-09  1.41770e-11
      1323.40  6.99179e-09  1.44392e-11
      1323.75  8.04409e-09  1.53048e-11
      1324.10  8.16104e-09  1.59082e-11
      1324.45  6.02336e-09  1.35350e-11
      1324.80  4.12946e-09  1.16152e-11
      