227
      1249.95  1.10891e-08  1.73432e-11
      1250.27  5.25825e-09  1.25126e-11
      1250.58  1.58209e-09  8.50234e-12
      1250.89  1.04624e-09  7.78847e-12
      1251.20  1.47117e-09  8.07562e-12
      1251.52  2.47546e-09  8.82765e-12
      1251.83  4.49149e-09  1.08540e-11
      1252.14  5.92362e-09  1.22082e-11
      1252.46  5.66567e-09  1.20072e-11
      1252.77  5.21579e-09  1.15820e-11
      1253.09  8.82885e-09  1.42167e-11
      1253.40  1.70434e-08  1.88667e-11
      1253.71  2.12669e-08  2.06420e-11
      1254.03  1.26447e-08  1.48452e-11
      1254.34  5.95569e-09  1.03059e-11
      1254.66  7.49707e-09  1.11377e-11
      1254.97  1.23508e-08  1.47488e-11
      1255.29  8.02073e-09  1.16753e-11
      1255.60  3.40339e-09  8.16864e-12
      1255.92  3.95264e-09  8.94622e-12
      1256.23  7.00824e-09  1.07632e-11
      1256.55  1.11969e-08  1.33470e-11
      1256.87  8.05504e-09  1.08471e-11
      1257.18  3.50802e-09  7.50392e-12
      1257.50  2.46359e-09  6.71504e-12
      1257.81  2.86733e-09  7.25736e-12
      1258.13  3.62345e-09  8.18874e-12
      1258.45  3.63838e-09  8.44500e-12
      1258.76  3.89353e-09  8.72170e-12
      1259.08  7.18542e-09  1.10303e-11
      1259.40  1.50272e-08  1.54499e-11
      1259.72  2.03314e-08  1.78967e-11
      1260.03  1.49600e-08  1.49632e-11
      1260.35  1.08689e-08  1.26335e-11
      1260.67  1.45010e-08  1.55937e-11
      1260.99  1.31825e-08  1.49670e-11
      1261.30  1.02209e-08  1.33276e-11
      1261.62  1.31814e-08  1.59113e-11
      1261.94  1.37435e-08  1.59596e-11
      1262.26  1.39226e-08  1.94216e-11
      1262.58  8.80232e-09  1.42310e-11
      1262.90  1.08435e-08  1.30747e-11
      1263.22  1.65836e-08  1.61304e-11
      1263.54  1.38830e-08  1.44914e-11
      1263.86  8.69119e-09  1.16504e-11
      1264.17  6.70396e-09  1.07527e-11
      1264.49  4.86672e-09  9.29633e-12
      1264.81  5.34613e-09  9.27096e-12
      1265.13  1.08738e-08  1.23174e-11
      1265.45  1.68186e-08  1.46831e-11
      1265.77  1.49129e-08  1.33273e-11
      1266.10  7.93816e-09  9.45650e-12
      1266.42  3.96512e-09  7.10028e-12
      1266.74  3.31702e-09  6.82181e-12
      1267.06  4.49118e-09  7.83578e-12
      1267.38  9.01926e-09  1.14057e-11
      1267.70  1.88903e-08  1.79869e-11
      1268.02  1.97063e-08  1.58889e-11
      1268.34  1.97915e-08  1.52113e-11
      1268.67  1.77232e-08  1.39166e-11
      1268.99  1.76184e-08  1.44517e-11
      1269.31  1.36316e-08  1.29839e-11
      1269.63  8.79551e-09  1.10051e-11
      1269.95  7.29560e-09  1.06489e-11
      1270.28  9.09226e-09  1.19259e-11
      1270.60  1.50636e-08  1.57487e-11
      1270.92  1.82227e-08  1.68511e-11
      1271.25  1.98227e-08  1.70685e-11
      1271.57  1.92140e-08  1.68323e-11
      1271.89  1.15308e-08  1.28516e-11
      1272.22  5.05272e-09  8.84758e-12
      1272.54  2.98511e-09  7.56581e-12
      1272.86  2.39205e-09  7.09534e-12
      1273.19  2.24168e-09  7.07252e-12
      1273.51  2.78216e-09  7.26220e-12
      1273.84  4.49537e-09  8.45376e-12
      1274.16  6.02042e-09  8.97443e-12
      1274.49  7.86221e-09  9.19671e-12
      1274.81  1.43242e-08  1.22160e-11
      1275.14  1.98573e-08  1.43660e-11
      1275.46  1.77402e-08  1.36885e-11
      1275.79  1.15255e-08  1.12480e-11
      1276.11  7.50679e-09  9.40409e-12
      1276.44  9.55255e-09  1.11985e-11
      1276.76  1.72362e-08  1.53787e-11
      1277.09  1.76059e-08  1.40078e-11
      1277.42  1.77216e-08  1.43254e-11
      1277.74  1.22618e-08  1.19784e-11
      1278.07  5.61320e-09  8.58111e-12
      1278.40  3.23937e-09  7.44961e-12
      1278.72  2.46232e-09  7.14405e-12
      1279.05  2.43896e-09  7.47264e-12
      1279.38  3.33402e-09  8.23356e-12
      1279.71  5.12393e-09  9.53575e-12
      1280.03  6.80390e-09  1.05795e-11
      1280.36  6.17606e-09  9.74386e-12
      1280.69  6.56067e-09  9.90796e-12
      1281.02  8.63793e-09  1.10671e-11
      1281.34  1.28437e-08  1.33361e-11
      1281.67  1.57046e-08  1.51027e-11
      1282.00  1.20363e-08  1.26503e-11
      1282.33  1.22961e-08  1.24927e-11
      1282.66  1.84914e-08  1.56343e-11
      1282.99  2.47458e-08  1.72512e-11
      1283.32  2.43562e-08  1.57910e-11
      1283.65  1.69841e-08  1.28495e-11
      1283.98  8.84236e-09  9.54154e-12
      1284.31  5.02968e-09  7.82047e-12
      1284.64  3.74670e-09  7.29458e-12
      1284.97  3.71895e-09  7.63024e-12
      1285.30  4.37756e-09  8.50722e-12
      1285.63  3.75747e-09  7.88750e-12
      1285.96  3.48051e-09  7.44174e-12
      1286.29  5.39049e-09  9.06526e-12
      1286.62  7.52669e-09  1.06866e-11
      1286.95  7.10889e-09  1.04140e-11
      1287.28  9.07040e-09  1.17866e-11
      1287.61  1.56504e-08  1.63628e-11
      1287.95  1.87759e-08  1.78621e-11
      1288.28  1.87726e-08  1.68316e-11
      1288.61  1.87503e-08  1.60562e-11
      1288.94  1.85110e-08  1.56377e-11
      1289.27  1.30782e-08  1.24211e-11
      1289.61  9.79157e-09  1.08280e-11
      1289.94  7.94293e-09  9.83003e-12
      1290.27  5.37276e-09  8.11419e-12
      1290.61  4.45815e-09  7.87684e-12
      1290.94  3.26540e-09  6.80071e-12
      1291.27  2.37412e-09  5.96474e-12
      1291.61  2.79693e-09  6.23759e-12
      1291.94  4.75846e-09  7.65565e-12
      1292.27  8.23363e-09  9.67226e-12
      1292.61  1.19953e-08  1.24379e-11
      1292.94  8.65533e-09  1.05807e-11
      1293.28  6.56464e-09  9.76063e-12
      1293.61  8.83581e-09  1.19803e-11
      1293.95  1.14197e-08  1.32537e-11
      1294.28  1.68831e-08  1.60500e-11
      1294.62  1.90238e-08  1.66583e-11
      1294.95  1.61001e-08  1.46158e-11
      1295.29  1.52799e-08  1.43222e-11
      1295.62  1.31377e-08  1.31766e-11
      1295.96  9.63413e-09  1.12210e-11
      1296.29  8.34076e-09  1.05847e-11
      1296.63  8.71910e-09  1.05114e-11
      1296.97  1.09109e-08  1.10587e-11
      1297.30  1.68048e-08  1.30756e-11
      1297.64  2.22011e-08  1.47883e-11
      1297.98  1.88686e-08  1.33907e-11
      1298.31  1.19836e-08  1.09477e-11
      1298.65  6.69284e-09  8.61176e-12
      1298.99  5.12338e-09  8.00485e-12
      1299.33  8.95294e-09  1.08178e-11
      1299.66  1.61438e-08  1.52100e-11
      1300.00  1.79700e-08  1.58240e-11
      1300.34  1.56980e-08  1.48950e-11
      1300.68  1.05218e-08  1.19268e-11
      1301.02  1.08493e-08  1.19355e-11
      1301.35  1.95769e-08  1.68197e-11
      1301.69  2.30091e-08  1.78630e-11
      1302.03  2.23443e-08  1.77086e-11
      1302.37  1.92667e-08  1.56600e-11
      1302.71  2.27685e-08  1.68888e-11
      1303.05  2.47870e-08  1.65112e-11
      1303.39  2.83701e-08  1.68513e-11
      1303.73  3.06343e-08  1.70309e-11
      1304.07  2.82968e-08  1.60781e-11
      1304.41  2.88106e-08  1.65222e-11
      1304.75  3.06575e-08  1.76939e-11
      1305.09  3.20577e-08  1.85904e-11
      1305.43  3.75516e-08  2.09589e-11
      1305.77  4.40552e-08  2.32080e-11
      1306.11  4.34216e-08  2.33059e-11
      1306.46  2.95168e-08  1.91366e-11
      1306.80  1.45281e-08  1.36019e-11
      1307.14  7.61017e-09  1.04208e-11
      1307.48  5.14577e-09  9.10575e-12
      1307.82  4.07209e-09  8.35831e-12
      1308.16  4.10856e-09  8.35890e-12
      1308.51  4.77678e-09  8.97143e-12
      1308.85  3.91275e-09  7.65549e-12
      1309.19  2.78070e-09  6.33813e-12
      1309.53  2.50793e-09  5.85836e-12
      1309.88  2.47992e-09  5.76154e-12
      1310.22  2.69547e-09  5.93274e-12
      1310.56  3.60281e-09  6.68512e-12
      1310.91  6.81045e-09  8.94994e-12
      1311.25  1.23492e-08  1.24930e-11
      1311.60  1.22689e-08  1.26139e-11
      1311.94  7.22228e-09  9.94103e-12
      1312.28  3.73305e-09  7.55413e-12
      1312.63  2.45734e-09  6.73364e-12
      1312.97  2.07242e-09  6.40853e-12
      1313.32  2.92345e-09  7.26889e-12
      1313.66  4.94424e-09  9.69175e-12
      1314.01  3.98773e-09  8.54416e-12
      1314.35  2.20190e-09  6.97277e-12
      1314.70  1.64549e-09  5.98316e-12
      1315.05  1.63599e-09  5.60873e-12
      1315.39  1.89440e-09  5.40860e-12
      1315.74  2.50178e-09  5.85269e-12
      1316.08  3.93965e-09  6.80690e-12
      1316.43  8.17927e-09  9.45325e-12
      1316.78  1.41960e-08  1.31026e-11
      1317.12  1.09405e-08  1.15461e-11
      1317.47  4.99669e-09  8.18008e-12
      1317.82  2.93138e-09  6.89224e-12
      1318.17  3.05244e-09  6.97207e-12
      1318.51  5.26268e-09  8.98377e-12
      1318.86  6.51508e-09  1.01261e-11
      1319.21  4.27228e-09  8.47490e-12
      1319.56  2.43414e-09  8.21726e-12
      1319.91  2.43188e-09  5.63922e-12
      1320.25  2.44962e-09  7.63512e-12
      1320.60  2.49673e-09  6.44605e-12
      1320.95  3.10649e-09  6.54783e-12
      1321.30  4.61091e-09  7.20500e-12
      1321.65  9.48483e-09  9.65817e-12
      1322.00  1.71067e-08  1.35802e-11
      1322.35  1.46812e-08  1.27861e-11
      1322.70  7.40964e-09  9.36118e-12
      1323.05  4.65968e-09  8.14389e-12
      1323.40  5.14620e-09  8.77955e-12
      1323.75  6.14521e-09  9.53642e-12
      1324.10  6.33088e-09  9.92925e-12
      1324.45  4.63269e-09  8.54969e-12
      1324.80  3.21650e-09  7.46855e-12
      