227
      1249.95  1.10669e-08  1.83789e-11
      1250.27  5.27577e-09  1.32822e-11
      1250.58  1.59057e-09  8.89493e-12
      1250.89  1.04031e-09  8.14342e-12
      1251.20  1.46126e-09  8.16472e-12
      1251.52  2.47909e-09  8.76821e-12
      1251.83  4.48897e-09  1.07012e-11
      1252.14  5.92874e-09  1.22311e-11
      1252.46  5.65075e-09  1.19053e-11
      1252.77  5.19396e-09  1.13318e-11
      1253.09  8.80735e-09  1.39021e-11
      1253.40  1.70539e-08  1.84941e-11
      1253.71  2.13572e-08  2.03883e-11
      1254.03  1.26279e-08  1.47079e-11
      1254.34  5.90780e-09  1.02169e-11
      1254.66  7.49193e-09  1.12209e-11
      1254.97  1.22649e-08  1.49707e-11
      1255.29  8.07121e-09  1.21703e-11
      1255.60  3.44723e-09  8.79478e-12
      1255.92  3.97673e-09  9.77884e-12
      1256.23  7.04676e-09  1.20281e-11
      1256.55  1.11578e-08  1.50612e-11
      1256.87  8.04241e-09  1.24212e-11
      1257.18  3.53090e-09  8.69108e-12
      1257.50  2.47478e-09  7.91203e-12
      1257.81  2.86708e-09  8.57200e-12
      1258.13  3.63261e-09  9.84318e-12
      1258.45  3.64098e-09  1.02057e-11
      1258.76  3.88752e-09  1.04128e-11
      1259.08  7.14112e-09  1.30810e-11
      1259.40  1.50276e-08  1.80823e-11
      1259.72  2.05028e-08  2.09444e-11
      1260.03  1.49999e-08  1.73117e-11
      1260.35  1.07717e-08  1.42871e-11
      1260.67  1.44968e-08  1.75393e-11
      1260.99  1.32261e-08  1.66471e-11
      1261.30  1.02774e-08  1.49129e-11
      1261.62  1.30514e-08  1.71294e-11
      1261.94  1.37804e-08  1.71279e-11
      1262.26  1.40503e-08  2.13964e-11
      1262.58  8.73754e-09  1.51052e-11
      1262.90  1.08860e-08  1.33276e-11
      1263.22  1.65311e-08  1.62035e-11
      1263.54  1.38913e-08  1.44602e-11
      1263.86  8.73299e-09  1.15791e-11
      1264.17  6.72112e-09  1.06666e-11
      1264.49  4.86559e-09  9.19536e-12
      1264.81  5.32789e-09  9.21381e-12
      1265.13  1.08696e-08  1.23624e-11
      1265.45  1.68760e-08  1.50321e-11
      1265.77  1.49367e-08  1.39109e-11
      1266.10  7.88907e-09  1.00444e-11
      1266.42  3.93438e-09  7.74753e-12
      1266.74  3.30622e-09  7.62066e-12
      1267.06  4.41294e-09  9.00726e-12
      1267.38  6.86449e-09  1.34223e-11
      1267.70  1.71883e-08  1.63805e-11
      1268.02  1.93678e-08  2.03602e-11
      1268.34  1.97262e-08  1.78937e-11
      1268.67  1.78039e-08  1.64900e-11
      1268.99  1.75311e-08  1.68492e-11
      1269.31  1.36431e-08  1.50753e-11
      1269.63  8.82928e-09  1.26056e-11
      1269.95  7.30140e-09  1.20702e-11
      1270.28  9.12669e-09  1.32850e-11
      1270.60  1.50340e-08  1.70334e-11
      1270.92  1.81948e-08  1.79456e-11
      1271.25  1.98447e-08  1.80293e-11
      1271.57  1.92628e-08  1.75639e-11
      1271.89  1.15189e-08  1.31593e-11
      1272.22  5.05255e-09  8.97295e-12
      1272.54  2.98766e-09  7.55302e-12
      1272.86  2.39224e-09  7.04073e-12
      1273.19  2.23191e-09  6.84134e-12
      1273.51  2.76083e-09  7.12541e-12
      1273.84  4.49788e-09  8.37869e-12
      1274.16  6.03808e-09  8.99921e-12
      1274.49  7.85458e-09  9.41656e-12
      1274.81  1.43457e-08  1.28955e-11
      1275.14  1.98611e-08  1.55115e-11
      1275.46  1.77556e-08  1.51660e-11
      1275.79  1.15503e-08  1.28030e-11
      1276.11  7.50977e-09  1.09624e-11
      1276.44  8.99754e-09  1.25521e-11
      1276.76  1.77332e-08  1.91839e-11
      1277.09  1.77085e-08  1.67750e-11
      1277.42  1.76631e-08  1.68701e-11
      1277.74  1.22571e-08  1.40670e-11
      1278.07  5.65610e-09  1.00641e-11
      1278.40  3.26361e-09  8.52001e-12
      1278.72  2.46350e-09  7.95544e-12
      1279.05  2.44123e-09  8.00284e-12
      1279.38  3.34110e-09  8.81724e-12
      1279.71  5.13469e-09  1.00219e-11
      1280.03  6.84846e-09  1.11790e-11
      1280.36  6.15956e-09  9.86717e-12
      1280.69  6.56311e-09  9.98454e-12
      1281.02  8.61071e-09  1.09808e-11
      1281.34  1.28523e-08  1.31995e-11
      1281.67  1.58434e-08  1.50749e-11
      1282.00  1.20206e-08  1.26249e-11
      1282.33  1.22512e-08  1.26458e-11
      1282.66  1.85583e-08  1.65577e-11
      1282.99  2.47534e-08  1.87495e-11
      1283.32  2.43179e-08  1.73797e-11
      1283.65  1.70110e-08  1.45326e-11
      1283.98  8.88456e-09  1.10641e-11
      1284.31  5.10621e-09  9.70643e-12
      1284.64  3.73627e-09  9.18246e-12
      1284.97  3.71715e-09  9.14834e-12
      1285.30  4.35511e-09  1.00068e-11
      1285.63  3.75806e-09  9.14883e-12
      1285.96  3.48692e-09  8.41971e-12
      1286.29  5.38233e-09  9.95077e-12
      1286.62  7.51737e-09  1.15718e-11
      1286.95  7.10212e-09  1.09777e-11
      1287.28  9.07148e-09  1.22512e-11
      1287.61  1.56388e-08  1.66405e-11
      1287.95  1.87722e-08  1.79704e-11
      1288.28  1.87948e-08  1.67691e-11
      1288.61  1.87658e-08  1.58074e-11
      1288.94  1.85717e-08  1.54244e-11
      1289.27  1.30714e-08  1.22153e-11
      1289.61  9.79579e-09  1.08018e-11
      1289.94  7.93865e-09  1.00496e-11
      1290.27  5.35659e-09  8.61501e-12
      1290.61  4.47611e-09  8.68746e-12
      1290.94  3.27030e-09  7.75553e-12
      1291.27  2.37183e-09  7.01932e-12
      1291.61  2.80571e-09  7.45047e-12
      1291.94  4.76582e-09  9.14057e-12
      1292.27  8.22880e-09  1.15268e-11
      1292.61  1.19081e-08  1.44825e-11
      1292.94  8.72785e-09  1.23690e-11
      1293.28  6.59808e-09  1.10999e-11
      1293.61  8.83840e-09  1.32425e-11
      1293.95  1.14527e-08  1.43561e-11
      1294.28  1.68590e-08  1.68416e-11
      1294.62  1.90091e-08  1.71162e-11
      1294.95  1.61299e-08  1.48317e-11
      1295.29  1.52804e-08  1.42252e-11
      1295.62  1.31330e-08  1.30738e-11
      1295.96  9.65507e-09  1.11031e-11
      1296.29  8.35244e-09  1.05489e-11
      1296.63  8.72247e-09  1.06738e-11
      1296.97  1.09035e-08  1.16211e-11
      1297.30  1.68355e-08  1.42950e-11
      1297.64  2.22682e-08  1.66642e-11
      1297.98  1.88680e-08  1.54433e-11
      1298.31  1.19845e-08  1.28401e-11
      1298.65  6.68418e-09  1.01828e-11
      1298.99  5.09236e-09  9.44073e-12
      1299.33  8.89611e-09  1.25292e-11
      1299.66  1.62208e-08  1.74321e-11
      1300.00  1.79624e-08  1.76414e-11
      1300.34  1.56982e-08  1.61914e-11
      1300.68  1.04579e-08  1.26068e-11
      1301.02  1.07005e-08  1.21651e-11
      1301.35  1.95677e-08  1.69411e-11
      1301.69  2.30549e-08  1.77843e-11
      1302.03  2.23203e-08  1.73945e-11
      1302.37  1.93606e-08  1.54069e-11
      1302.71  2.26780e-08  1.66470e-11
      1303.05  2.48555e-08  1.66708e-11
      1303.39  2.83373e-08  1.76050e-11
      1303.73  3.05863e-08  1.85008e-11
      1304.07  2.83467e-08  1.81676e-11
      1304.41  2.88375e-08  1.91906e-11
      1304.75  3.06683e-08  2.09616e-11
      1305.09  3.21328e-08  2.22708e-11
      1305.43  3.75770e-08  2.47758e-11
      1305.77  4.40729e-08  2.71122e-11
      1306.11  4.34139e-08  2.68026e-11
      1306.46  2.95720e-08  2.13929e-11
      1306.80  1.45922e-08  1.47645e-11
      1307.14  7.66122e-09  1.10123e-11
      1307.48  5.16680e-09  9.46460e-12
      1307.82  4.09142e-09  8.49507e-12
      1308.16  4.12483e-09  8.30120e-12
      1308.51  4.78888e-09  8.78228e-12
      1308.85  3.90756e-09  7.65861e-12
      1309.19  2.77860e-09  6.42326e-12
      1309.53  2.50258e-09  6.12309e-12
      1309.88  2.47622e-09  6.17382e-12
      1310.22  2.69916e-09  6.65469e-12
      1310.56  3.58637e-09  7.78880e-12
      1310.91  6.75265e-09  1.05835e-11
      1311.25  1.24029e-08  1.48953e-11
      1311.60  1.23033e-08  1.47803e-11
      1311.94  7.21058e-09  1.12342e-11
      1312.28  3.73313e-09  8.38976e-12
      1312.63  2.45611e-09  7.17061e-12
      1312.97  2.06283e-09  6.84845e-12
      1313.32  2.88937e-09  7.35870e-12
      1313.66  5.00239e-09  9.76146e-12
      1314.01  4.00749e-09  8.51299e-12
      1314.35  2.18300e-09  6.56899e-12
      1314.70  1.64280e-09  5.81031e-12
      1315.05  1.63774e-09  5.54378e-12
      1315.39  1.89943e-09  5.61866e-12
      1315.74  2.50781e-09  6.37729e-12
      1316.08  3.96682e-09  7.77721e-12
      1316.43  8.19144e-09  1.12752e-11
      1316.78  1.41058e-08  1.55745e-11
      1317.12  1.10122e-08  1.38985e-11
      1317.47  5.02879e-09  9.78543e-12
      1317.82  2.94881e-09  7.96291e-12
      1318.17  3.08557e-09  7.88541e-12
      1318.51  5.24131e-09  9.94437e-12
      1318.86  6.48538e-09  1.08558e-11
      1319.21  4.30169e-09  8.88616e-12
      1319.56  2.43103e-09  7.90695e-12
      1319.91  2.45251e-09  9.25413e-12
      1320.25  2.48587e-09  7.37283e-12
      1320.60  2.50467e-09  6.49059e-12
      1320.95  3.10648e-09  6.72905e-12
      1321.30  4.63982e-09  7.71409e-12
      1321.65  9.56480e-09  1.08621e-11
      1322.00  1.69600e-08  1.55979e-11
      1322.35  1.46190e-08  1.50001e-11
      1322.70  7.45859e-09  1.11506e-11
      1323.05  4.69284e-09  9.67640e-12
      1323.40  5.15091e-09  1.00004e-11
      1323.75  6.13878e-09  1.05909e-11
      1324.10  6.30375e-09  1.07372e-11
      1324.45  4.63687e-09  9.06157e-12
      1324.80  3.24197e-09  7.77141e-12
      