227
      1249.95  1.05206e-08  1.25788e-11
      1250.27  5.05321e-09  9.00132e-12
      1250.58  1.70622e-09  1.13189e-11
      1250.89  1.18885e-09  8.93476e-12
      1251.20  1.52217e-09  5.78222e-12
      1251.52  2.42371e-09  6.47807e-12
      1251.83  4.31595e-09  8.30054e-12
      1252.14  5.62774e-09  9.65685e-12
      1252.46  5.37432e-09  9.52485e-12
      1252.77  4.87386e-09  8.73345e-12
      1253.09  8.14621e-09  1.04353e-11
      1253.40  1.57209e-08  1.37254e-11
      1253.71  1.96140e-08  1.51894e-11
      1254.03  1.20184e-08  1.12712e-11
      1254.34  5.65477e-09  7.75968e-12
      1254.66  7.02828e-09  8.67970e-12
      1254.97  1.08568e-08  1.10311e-11
      1255.29  7.46655e-09  9.20002e-12
      1255.60  3.32305e-09  6.45963e-12
      1255.92  3.62752e-09  6.79297e-12
      1256.23  6.40030e-09  8.03467e-12
      1256.55  1.01280e-08  9.97564e-12
      1256.87  7.31401e-09  8.13297e-12
      1257.18  3.30017e-09  5.72167e-12
      1257.50  2.33452e-09  5.24810e-12
      1257.81  2.66821e-09  5.58498e-12
      1258.13  3.35618e-09  6.26373e-12
      1258.45  3.36895e-09  6.39261e-12
      1258.76  3.55399e-09  6.38995e-12
      1259.08  6.48206e-09  7.82487e-12
      1259.40  1.37569e-08  1.09594e-11
      1259.72  1.88777e-08  1.28546e-11
      1260.03  1.40539e-08  1.08358e-11
      1260.35  1.02095e-08  9.24701e-12
      1260.67  1.32620e-08  1.13265e-11
      1260.99  1.23229e-08  1.10825e-11
      1261.30  9.84491e-09  1.00454e-11
      1261.62  1.22374e-08  1.20303e-11
      1261.94  1.29427e-08  1.17654e-11
      1262.26  1.32728e-08  1.20562e-11
      1262.58  9.63391e-09  9.64508e-12
      1262.90  1.02110e-08  9.48963e-12
      1263.22  1.59214e-08  1.23395e-11
      1263.54  1.30844e-08  1.09958e-11
      1263.86  8.12009e-09  8.87643e-12
      1264.17  6.31460e-09  8.29132e-12
      1264.49  4.46531e-09  7.00647e-12
      1264.81  4.78970e-09  6.75404e-12
      1265.13  9.84353e-09  9.02375e-12
      1265.45  1.55771e-08  1.10094e-11
      1265.77  1.38321e-08  1.01264e-11
      1266.10  7.25221e-09  7.30424e-12
      1266.42  3.59288e-09  5.48852e-12
      1266.74  3.07525e-09  5.33586e-12
      1267.06  4.25520e-09  6.00010e-12
      1267.38  9.14576e-09  8.23294e-12
      1267.70  1.69456e-08  1.11537e-11
      1268.02  1.82847e-08  1.10613e-11
      1268.34  1.78324e-08  1.08356e-11
      1268.67  1.63742e-08  1.02205e-11
      1268.99  1.60921e-08  1.05302e-11
      1269.31  1.25827e-08  9.54427e-12
      1269.63  8.22114e-09  8.06709e-12
      1269.95  6.77933e-09  7.69097e-12
      1270.28  8.45749e-09  8.46732e-12
      1270.60  1.41721e-08  1.11299e-11
      1270.92  1.70885e-08  1.18458e-11
      1271.25  1.87719e-08  1.22081e-11
      1271.57  1.84602e-08  1.23128e-11
      1271.89  1.09039e-08  9.33865e-12
      1272.22  4.78861e-09  6.60187e-12
      1272.54  2.89096e-09  6.22730e-12
      1272.86  2.32465e-09  5.49907e-12
      1273.19  2.18436e-09  5.25843e-12
      1273.51  2.66157e-09  5.36593e-12
      1273.84  4.18390e-09  6.16241e-12
      1274.16  5.55825e-09  6.64558e-12
      1274.49  7.28821e-09  7.03275e-12
      1274.81  1.29905e-08  9.41185e-12
      1275.14  1.79349e-08  1.11901e-11
      1275.46  1.61163e-08  1.06318e-11
      1275.79  1.05262e-08  8.74478e-12
      1276.11  6.83611e-09  7.13040e-12
      1276.44  8.99025e-09  7.85932e-12
      1276.76  1.53457e-08  1.03729e-11
      1277.09  1.58993e-08  9.94539e-12
      1277.42  1.64549e-08  1.05107e-11
      1277.74  1.13023e-08  8.72706e-12
      1278.07  5.20007e-09  6.36109e-12
      1278.40  3.07316e-09  5.50758e-12
      1278.72  2.38186e-09  5.23624e-12
      1279.05  2.35199e-09  5.31942e-12
      1279.38  3.19734e-09  5.88336e-12
      1279.71  4.79297e-09  6.84630e-12
      1280.03  6.21767e-09  7.73294e-12
      1280.36  5.61188e-09  7.45250e-12
      1280.69  6.15568e-09  7.41987e-12
      1281.02  8.10503e-09  8.38669e-12
      1281.34  1.18831e-08  1.01263e-11
      1281.67  1.45174e-08  1.13873e-11
      1282.00  1.13330e-08  9.70121e-12
      1282.33  1.13954e-08  9.27346e-12
      1282.66  1.75695e-08  1.11445e-11
      1282.99  2.23427e-08  1.20467e-11
      1283.32  2.21750e-08  1.19195e-11
      1283.65  1.56166e-08  9.99048e-12
      1283.98  8.19109e-09  7.38168e-12
      1284.31  4.63074e-09  6.03124e-12
      1284.64  3.44561e-09  5.49184e-12
      1284.97  3.42855e-09  5.58230e-12
      1285.30  4.01903e-09  5.96306e-12
      1285.63  3.51690e-09  5.60586e-12
      1285.96  3.29306e-09  5.30236e-12
      1286.29  5.05737e-09  6.41550e-12
      1286.62  7.10408e-09  7.75915e-12
      1286.95  6.70698e-09  7.59430e-12
      1287.28  8.52012e-09  8.57377e-12
      1287.61  1.49367e-08  1.18188e-11
      1287.95  1.79405e-08  1.29827e-11
      1288.28  1.78568e-08  1.26655e-11
      1288.61  1.75735e-08  1.18200e-11
      1288.94  1.73194e-08  1.16142e-11
      1289.27  1.22043e-08  9.42467e-12
      1289.61  8.86534e-09  8.21862e-12
      1289.94  7.06298e-09  7.55491e-12
      1290.27  4.77017e-09  6.32638e-12
      1290.61  4.00414e-09  5.98540e-12
      1290.94  3.04590e-09  5.23197e-12
      1291.27  2.24731e-09  4.50132e-12
      1291.61  2.64229e-09  4.63613e-12
      1291.94  4.34246e-09  5.61021e-12
      1292.27  7.54813e-09  7.17358e-12
      1292.61  1.07375e-08  8.97892e-12
      1292.94  8.08246e-09  7.82148e-12
      1293.28  6.26595e-09  7.18564e-12
      1293.61  8.21781e-09  8.49160e-12
      1293.95  1.07371e-08  9.41634e-12
      1294.28  1.60060e-08  1.14529e-11
      1294.62  1.79246e-08  1.18870e-11
      1294.95  1.51420e-08  1.06494e-11
      1295.29  1.44437e-08  1.05864e-11
      1295.62  1.22247e-08  9.87338e-12
      1295.96  8.90467e-09  8.51997e-12
      1296.29  7.66761e-09  8.01851e-12
      1296.63  7.93378e-09  7.97368e-12
      1296.97  9.77442e-09  8.31666e-12
      1297.30  1.52402e-08  9.94239e-12
      1297.64  2.05269e-08  1.13591e-11
      1297.98  1.72403e-08  1.01560e-11
      1298.31  1.08732e-08  8.31347e-12
      1298.65  6.02722e-09  6.43397e-12
      1298.99  4.56654e-09  5.86088e-12
      1299.33  8.07683e-09  7.73197e-12
      1299.66  1.50156e-08  1.08675e-11
      1300.00  1.68347e-08  1.11949e-11
      1300.34  1.46766e-08  1.04565e-11
      1300.68  1.00361e-08  8.53709e-12
      1301.02  1.03608e-08  8.62794e-12
      1301.35  1.82607e-08  1.20330e-11
      1301.69  2.17280e-08  1.31718e-11
      1302.03  2.08314e-08  1.30487e-11
      1302.37  1.82319e-08  1.17595e-11
      1302.71  2.10281e-08  1.26705e-11
      1303.05  2.29747e-08  1.24501e-11
      1303.39  2.61800e-08  1.30035e-11
      1303.73  2.83249e-08  1.42022e-11
      1304.07  2.59974e-08  1.32683e-11
      1304.41  2.64546e-08  1.29125e-11
      1304.75  2.80965e-08  1.35164e-11
      1305.09  2.94530e-08  1.39933e-11
      1305.43  3.48958e-08  1.58401e-11
      1305.77  4.15684e-08  1.72677e-11
      1306.11  4.13350e-08  1.70184e-11
      1306.46  2.79353e-08  1.37735e-11
      1306.80  1.36197e-08  9.68218e-12
      1307.14  7.18094e-09  7.52071e-12
      1307.48  4.86762e-09  6.59413e-12
      1307.82  3.84811e-09  6.19188e-12
      1308.16  3.82148e-09  6.10974e-12
      1308.51  4.57266e-09  6.71709e-12
      1308.85  3.64096e-09  5.72544e-12
      1309.19  2.58116e-09  4.87725e-12
      1309.53  2.34691e-09  4.70428e-12
      1309.88  2.28990e-09  4.52219e-12
      1310.22  2.46875e-09  4.63014e-12
      1310.56  3.21350e-09  5.23273e-12
      1310.91  5.95118e-09  6.60663e-12
      1311.25  1.15107e-08  9.45205e-12
      1311.60  1.15031e-08  9.26065e-12
      1311.94  6.61985e-09  6.96868e-12
      1312.28  3.41818e-09  5.32974e-12
      1312.63  2.36002e-09  4.76908e-12
      1312.97  2.03387e-09  4.60371e-12
      1313.32  2.77115e-09  5.29363e-12
      1313.66  4.67357e-09  6.94972e-12
      1314.01  3.85137e-09  6.24871e-12
      1314.35  2.12357e-09  4.84414e-12
      1314.70  1.59193e-09  4.36094e-12
      1315.05  1.57472e-09  4.21894e-12
      1315.39  1.79972e-09  4.27389e-12
      1315.74  2.32387e-09  4.60398e-12
      1316.08  3.62049e-09  5.38537e-12
      1316.43  7.47137e-09  7.38611e-12
      1316.78  1.27987e-08  1.00270e-11
      1317.12  1.00444e-08  8.80320e-12
      1317.47  4.68381e-09  6.32957e-12
      1317.82  2.75571e-09  5.03347e-12
      1318.17  2.89070e-09  5.03720e-12
      1318.51  4.97572e-09  6.52586e-12
      1318.86  6.15611e-09  7.44957e-12
      1319.21  4.07088e-09  6.28386e-12
      1319.56  2.32994e-09  5.12858e-12
      1319.91  2.34176e-09  5.46167e-12
      1320.25  2.35078e-09  5.11041e-12
      1320.60  2.33096e-09  4.80658e-12
      1320.95  2.85940e-09  4.96896e-12
      1321.30  4.12439e-09  5.57800e-12
      1321.65  8.54557e-09  7.47611e-12
      1322.00  1.58697e-08  1.06533e-11
      1322.35  1.33248e-08  9.76195e-12
      1322.70  6.70405e-09  7.12818e-12
      1323.05  4.24601e-09  5.97055e-12
      1323.40  4.75883e-09  6.34792e-12
      1323.75  5.68886e-09  6.78868e-12
      1324.10  5.98203e-09  6.99477e-12
      1324.45  4.33749e-09  6.06084e-12
      1324.80  3.09042e-09  5.42364e-12
      