227
      1249.95  9.27965e-09  1.22647e-11
      1250.27  4.38563e-09  8.59147e-12
      1250.58  1.38008e-09  5.76368e-12
      1250.89  9.64814e-10  5.29221e-12
      1251.20  1.29219e-09  5.54247e-12
      1251.52  2.05388e-09  6.30553e-12
      1251.83  3.61278e-09  7.85556e-12
      1252.14  4.61211e-09  9.12001e-12
      1252.46  4.46492e-09  8.85451e-12
      1252.77  4.14769e-09  8.11302e-12
      1253.09  6.99622e-09  9.45181e-12
      1253.40  1.36227e-08  1.22557e-11
      1253.71  1.70892e-08  1.34605e-11
      1254.03  1.05021e-08  1.02089e-11
      1254.34  4.89246e-09  7.15319e-12
      1254.66  6.12549e-09  8.03913e-12
      1254.97  9.55630e-09  1.03427e-11
      1255.29  6.59711e-09  8.70079e-12
      1255.60  2.93250e-09  6.29954e-12
      1255.92  3.19622e-09  6.69657e-12
      1256.23  5.73488e-09  7.85996e-12
      1256.55  9.20545e-09  9.86325e-12
      1256.87  6.60956e-09  8.15571e-12
      1257.18  2.97383e-09  5.87458e-12
      1257.50  2.11224e-09  5.42927e-12
      1257.81  2.32112e-09  6.16430e-12
      1258.13  2.77889e-09  6.24988e-12
      1258.45  2.93907e-09  6.98718e-12
      1258.76  3.18978e-09  6.61923e-12
      1259.08  5.85298e-09  8.01611e-12
      1259.40  1.25028e-08  1.12121e-11
      1259.72  1.72142e-08  1.31709e-11
      1260.03  1.27629e-08  1.10634e-11
      1260.35  9.14542e-09  9.35091e-12
      1260.67  1.18940e-08  1.15058e-11
      1260.99  1.09497e-08  1.10145e-11
      1261.30  8.57886e-09  9.64332e-12
      1261.62  1.07515e-08  1.14549e-11
      1261.94  1.12790e-08  1.08027e-11
      1262.26  1.15917e-08  1.11406e-11
      1262.58  8.24974e-09  8.77496e-12
      1262.90  8.68244e-09  8.55488e-12
      1263.22  1.38678e-08  1.15491e-11
      1263.54  1.13509e-08  1.01972e-11
      1263.86  6.90586e-09  8.07386e-12
      1264.17  5.30324e-09  7.77299e-12
      1264.49  3.68922e-09  6.51089e-12
      1264.81  4.10055e-09  6.11414e-12
      1265.13  8.61419e-09  8.17675e-12
      1265.45  1.37295e-08  1.01432e-11
      1265.77  1.22621e-08  9.48312e-12
      1266.10  6.46447e-09  6.98815e-12
      1266.42  3.18160e-09  5.39335e-12
      1266.74  2.72108e-09  5.39308e-12
      1267.06  3.82398e-09  6.06874e-12
      1267.38  8.27729e-09  8.47690e-12
      1267.70  1.47499e-08  1.16475e-11
      1268.02  1.63669e-08  1.18661e-11
      1268.34  1.62286e-08  1.17427e-11
      1268.67  1.46013e-08  1.09591e-11
      1268.99  1.47376e-08  1.11916e-11
      1269.31  1.14630e-08  1.00734e-11
      1269.63  7.40877e-09  8.42613e-12
      1269.95  6.03833e-09  7.89395e-12
      1270.28  7.51076e-09  8.49045e-12
      1270.60  1.26866e-08  1.08543e-11
      1270.92  1.52002e-08  1.13678e-11
      1271.25  1.65990e-08  1.16135e-11
      1271.57  1.62717e-08  1.16210e-11
      1271.89  9.50674e-09  8.85806e-12
      1272.22  4.06155e-09  6.19576e-12
      1272.54  2.40567e-09  5.46311e-12
      1272.86  1.91564e-09  5.19206e-12
      1273.19  1.83379e-09  4.85242e-12
      1273.51  2.24937e-09  4.86994e-12
      1273.84  3.58639e-09  5.61331e-12
      1274.16  4.80168e-09  6.07145e-12
      1274.49  6.38609e-09  6.55258e-12
      1274.81  1.16044e-08  8.95592e-12
      1275.14  1.61941e-08  1.08611e-11
      1275.46  1.46074e-08  1.05073e-11
      1275.79  9.52032e-09  8.68851e-12
      1276.11  6.11857e-09  7.08794e-12
      1276.44  7.70227e-09  8.08190e-12
      1276.76  1.32982e-08  1.00351e-11
      1277.09  1.44825e-08  1.05389e-11
      1277.42  1.52838e-08  1.10417e-11
      1277.74  1.03759e-08  9.10130e-12
      1278.07  4.64770e-09  6.52705e-12
      1278.40  2.71604e-09  5.65509e-12
      1278.72  2.09107e-09  5.26228e-12
      1279.05  2.05042e-09  5.21727e-12
      1279.38  2.76786e-09  5.59523e-12
      1279.71  4.19902e-09  6.34925e-12
      1280.03  5.59864e-09  7.32441e-12
      1280.36  4.98728e-09  6.63420e-12
      1280.69  5.24990e-09  6.80512e-12
      1281.02  6.96014e-09  7.75464e-12
      1281.34  1.03048e-08  9.32371e-12
      1281.67  1.26570e-08  1.04144e-11
      1282.00  9.91012e-09  8.86612e-12
      1282.33  1.00319e-08  8.49607e-12
      1282.66  1.56635e-08  1.03874e-11
      1282.99  2.01731e-08  1.14762e-11
      1283.32  2.02005e-08  1.15932e-11
      1283.65  1.42503e-08  9.93704e-12
      1283.98  7.44104e-09  7.50580e-12
      1284.31  4.18951e-09  6.23291e-12
      1284.64  3.12953e-09  5.73552e-12
      1284.97  3.11327e-09  5.72876e-12
      1285.30  3.64997e-09  6.15811e-12
      1285.63  3.16048e-09  5.64456e-12
      1285.96  2.93757e-09  5.28088e-12
      1286.29  4.51682e-09  6.41284e-12
      1286.62  6.33181e-09  7.89903e-12
      1286.95  5.91958e-09  7.51747e-12
      1287.28  7.44594e-09  8.35235e-12
      1287.61  1.31125e-08  1.12188e-11
      1287.95  1.56166e-08  1.18720e-11
      1288.28  1.54467e-08  1.12202e-11
      1288.61  1.53349e-08  1.07368e-11
      1288.94  1.51312e-08  1.06567e-11
      1289.27  1.07191e-08  8.73322e-12
      1289.61  7.74966e-09  7.69557e-12
      1289.94  6.13108e-09  7.16314e-12
      1290.27  4.17816e-09  6.09329e-12
      1290.61  3.55409e-09  5.78103e-12
      1290.94  2.72181e-09  5.12357e-12
      1291.27  2.03458e-09  4.56610e-12
      1291.61  2.39093e-09  4.73531e-12
      1291.94  3.95706e-09  5.76212e-12
      1292.27  6.92536e-09  7.37017e-12
      1292.61  9.92972e-09  9.38422e-12
      1292.94  7.32045e-09  8.04602e-12
      1293.28  5.59480e-09  7.30284e-12
      1293.61  7.28611e-09  8.44278e-12
      1293.95  9.44316e-09  9.03922e-12
      1294.28  1.41626e-08  1.09270e-11
      1294.62  1.57794e-08  1.12288e-11
      1294.95  1.31508e-08  9.94307e-12
      1295.29  1.25570e-08  9.97099e-12
      1295.62  1.05833e-08  9.20151e-12
      1295.96  7.65691e-09  7.94775e-12
      1296.29  6.59191e-09  7.47122e-12
      1296.63  6.87965e-09  7.42343e-12
      1296.97  8.58943e-09  7.84213e-12
      1297.30  1.36985e-08  9.55331e-12
      1297.64  1.87822e-08  1.11738e-11
      1297.98  1.57684e-08  1.01833e-11
      1298.31  9.88005e-09  8.45037e-12
      1298.65  5.46989e-09  6.57887e-12
      1298.99  4.13854e-09  6.02194e-12
      1299.33  7.35307e-09  7.86019e-12
      1299.66  1.37007e-08  1.09905e-11
      1300.00  1.52951e-08  1.11742e-11
      1300.34  1.32156e-08  1.03385e-11
      1300.68  8.85274e-09  8.30307e-12
      1301.02  9.03425e-09  8.26084e-12
      1301.35  1.61664e-08  1.17492e-11
      1301.69  1.91539e-08  1.26363e-11
      1302.03  1.84821e-08  1.25891e-11
      1302.37  1.60486e-08  1.10868e-11
      1302.71  1.87952e-08  1.20482e-11
      1303.05  2.05658e-08  1.18785e-11
      1303.39  2.35924e-08  1.26307e-11
      1303.73  2.50197e-08  1.32028e-11
      1304.07  2.35506e-08  1.26487e-11
      1304.41  2.44018e-08  1.28763e-11
      1304.75  2.61415e-08  1.36810e-11
      1305.09  2.74170e-08  1.40739e-11
      1305.43  3.26869e-08  1.58398e-11
      1305.77  3.90671e-08  1.71828e-11
      1306.11  3.90829e-08  1.70820e-11
      1306.46  2.58318e-08  1.36731e-11
      1306.80  1.21243e-08  9.36105e-12
      1307.14  6.22612e-09  7.23135e-12
      1307.48  4.16282e-09  6.35599e-12
      1307.82  3.24005e-09  6.03295e-12
      1308.16  3.20978e-09  6.06457e-12
      1308.51  3.92057e-09  6.23220e-12
      1308.85  3.12774e-09  5.40396e-12
      1309.19  2.15092e-09  4.64364e-12
      1309.53  1.97390e-09  4.55611e-12
      1309.88  1.99783e-09  4.38458e-12
      1310.22  2.18833e-09  4.81226e-12
      1310.56  2.89665e-09  5.24216e-12
      1310.91  5.43512e-09  6.63774e-12
      1311.25  1.05597e-08  9.49820e-12
      1311.60  1.06055e-08  9.26529e-12
      1311.94  6.06708e-09  6.90094e-12
      1312.28  3.09052e-09  5.33783e-12
      1312.63  2.08047e-09  4.71729e-12
      1312.97  1.76998e-09  4.55128e-12
      1313.32  2.40178e-09  5.18098e-12
      1313.66  4.03975e-09  6.83798e-12
      1314.01  3.31157e-09  6.16225e-12
      1314.35  1.80845e-09  4.77079e-12
      1314.70  1.36330e-09  4.18302e-12
      1315.05  1.35497e-09  4.03417e-12
      1315.39  1.55507e-09  4.03089e-12
      1315.74  2.02936e-09  4.37040e-12
      1316.08  3.20204e-09  5.24391e-12
      1316.43  6.76595e-09  7.17245e-12
      1316.78  1.18579e-08  9.97441e-12
      1317.12  9.25788e-09  8.68427e-12
      1317.47  4.24655e-09  5.94632e-12
      1317.82  2.47977e-09  4.84327e-12
      1318.17  2.56676e-09  4.92853e-12
      1318.51  4.39786e-09  6.57708e-12
      1318.86  5.44882e-09  7.27452e-12
      1319.21  3.51926e-09  6.06903e-12
      1319.56  1.96752e-09  4.99611e-12
      1319.91  1.98313e-09  5.28778e-12
      1320.25  2.00496e-09  4.96754e-12
      1320.60  1.99377e-09  4.69901e-12
      1320.95  2.45058e-09  4.77973e-12
      1321.30  3.56890e-09  5.38457e-12
      1321.65  7.58596e-09  7.23480e-12
      1322.00  1.47377e-08  1.06332e-11
      1322.35  1.23414e-08  9.70033e-12
      1322.70  6.06578e-09  7.02188e-12
      1323.05  3.79909e-09  5.82898e-12
      1323.40  4.29423e-09  6.26252e-12
      1323.75  5.12205e-09  6.58326e-12
      1324.10  5.35372e-09  6.82166e-12
      1324.45  3.79416e-09  5.82406e-12
      1324.80  2.64716e-09  5.36410e-12
      