227
      1249.95  8.22678e-09  1.54069e-11
      1250.27  4.07941e-09  1.12154e-11
      1250.58  1.35829e-09  7.86213e-12
      1250.89  9.29952e-10  7.14165e-12
      1251.20  1.18914e-09  7.59852e-12
      1251.52  1.89358e-09  8.47655e-12
      1251.83  3.31047e-09  1.04911e-11
      1252.14  4.27729e-09  1.19480e-11
      1252.46  4.07082e-09  1.20116e-11
      1252.77  3.72139e-09  1.16663e-11
      1253.09  6.27907e-09  1.39280e-11
      1253.40  1.23653e-08  1.82037e-11
      1253.71  1.57415e-08  2.02932e-11
      1254.03  9.43483e-09  1.50250e-11
      1254.34  4.26867e-09  1.05151e-11
      1254.66  5.24035e-09  1.16091e-11
      1254.97  9.03519e-09  1.60144e-11
      1255.29  5.88390e-09  1.27621e-11
      1255.60  2.41554e-09  9.16289e-12
      1255.92  2.76765e-09  9.32895e-12
      1256.23  4.85006e-09  1.08245e-11
      1256.55  8.21846e-09  1.35504e-11
      1256.87  5.94336e-09  1.11103e-11
      1257.18  2.56390e-09  7.66043e-12
      1257.50  1.86316e-09  7.31022e-12
      1257.81  2.14598e-09  7.70846e-12
      1258.13  2.69701e-09  8.39072e-12
      1258.45  2.71922e-09  8.35875e-12
      1258.76  2.87830e-09  8.26492e-12
      1259.08  5.26335e-09  9.87034e-12
      1259.40  1.10665e-08  1.33762e-11
      1259.72  1.51997e-08  1.55711e-11
      1260.03  1.15496e-08  1.33245e-11
      1260.35  8.33661e-09  1.14494e-11
      1260.67  1.05377e-08  1.37596e-11
      1260.99  9.77317e-09  1.36170e-11
      1261.30  7.78777e-09  1.21730e-11
      1261.62  9.69645e-09  1.41347e-11
      1261.94  1.02034e-08  1.38701e-11
      1262.26  1.05638e-08  1.43142e-11
      1262.58  7.48890e-09  1.16155e-11
      1262.90  7.81210e-09  1.17403e-11
      1263.22  1.27121e-08  1.59986e-11
      1263.54  1.02953e-08  1.43759e-11
      1263.86  6.20008e-09  1.16899e-11
      1264.17  4.83114e-09  1.09329e-11
      1264.49  3.39767e-09  9.28740e-12
      1264.81  3.60128e-09  8.99478e-12
      1265.13  7.66949e-09  1.21488e-11
      1265.45  1.23726e-08  1.48516e-11
      1265.77  1.10710e-08  1.38267e-11
      1266.10  5.75633e-09  1.01604e-11
      1266.42  2.76587e-09  7.58158e-12
      1266.74  2.34963e-09  7.39668e-12
      1267.06  3.29880e-09  8.20723e-12
      1267.38  7.24047e-09  1.10220e-11
      1267.70  1.35327e-08  1.59875e-11
      1268.02  1.50273e-08  1.54111e-11
      1268.34  1.47415e-08  1.39621e-11
      1268.67  1.34868e-08  1.30437e-11
      1268.99  1.31673e-08  1.33722e-11
      1269.31  1.02795e-08  1.20976e-11
      1269.63  6.56776e-09  1.00519e-11
      1269.95  5.33253e-09  9.40403e-12
      1270.28  6.69504e-09  1.02889e-11
      1270.60  1.13029e-08  1.34352e-11
      1270.92  1.36801e-08  1.43763e-11
      1271.25  1.49459e-08  1.48617e-11
      1271.57  1.46707e-08  1.53048e-11
      1271.89  8.67042e-09  1.19734e-11
      1272.22  3.72848e-09  8.51869e-12
      1272.54  2.18496e-09  7.40099e-12
      1272.86  1.76386e-09  7.11076e-12
      1273.19  1.65523e-09  6.89971e-12
      1273.51  2.01985e-09  7.17317e-12
      1273.84  3.21469e-09  8.30754e-12
      1274.16  4.27691e-09  9.12407e-12
      1274.49  5.50221e-09  9.55082e-12
      1274.81  1.02754e-08  1.29337e-11
      1275.14  1.45772e-08  1.56069e-11
      1275.46  1.30916e-08  1.48474e-11
      1275.79  8.40408e-09  1.19440e-11
      1276.11  5.31999e-09  9.33278e-12
      1276.44  6.91608e-09  1.09845e-11
      1276.76  1.32050e-08  1.46968e-11
      1277.09  1.32462e-08  1.27637e-11
      1277.42  1.35125e-08  1.31686e-11
      1277.74  9.44055e-09  1.11223e-11
      1278.07  4.20220e-09  7.88250e-12
      1278.40  2.43669e-09  6.85495e-12
      1278.72  1.87763e-09  6.57068e-12
      1279.05  1.85452e-09  6.64109e-12
      1279.38  2.48080e-09  7.08772e-12
      1279.71  3.76421e-09  8.27981e-12
      1280.03  4.97575e-09  9.43758e-12
      1280.36  4.55484e-09  8.97086e-12
      1280.69  4.73292e-09  9.31097e-12
      1281.02  6.28267e-09  1.09341e-11
      1281.34  9.30332e-09  1.36503e-11
      1281.67  1.13837e-08  1.59446e-11
      1282.00  8.87769e-09  1.35505e-11
      1282.33  9.03163e-09  1.25111e-11
      1282.66  1.40094e-08  1.51109e-11
      1282.99  1.80824e-08  1.65447e-11
      1283.32  1.81296e-08  1.63366e-11
      1283.65  1.27379e-08  1.36994e-11
      1283.98  6.64815e-09  1.00891e-11
      1284.31  3.71489e-09  8.02746e-12
      1284.64  2.75447e-09  7.31638e-12
      1284.97  2.73270e-09  7.02000e-12
      1285.30  3.26114e-09  7.47546e-12
      1285.63  2.79378e-09  6.69288e-12
      1285.96  2.55289e-09  6.42881e-12
      1286.29  3.97455e-09  7.81362e-12
      1286.62  5.73289e-09  9.83088e-12
      1286.95  5.18779e-09  9.44473e-12
      1287.28  6.43074e-09  1.06934e-11
      1287.61  1.20057e-08  1.51343e-11
      1287.95  1.42253e-08  1.60919e-11
      1288.28  1.40154e-08  1.57752e-11
      1288.61  1.38594e-08  1.52610e-11
      1288.94  1.40480e-08  1.57180e-11
      1289.27  9.68583e-09  1.27759e-11
      1289.61  6.90860e-09  1.13290e-11
      1289.94  5.51872e-09  1.04108e-11
      1290.27  3.65123e-09  8.62091e-12
      1290.61  3.11651e-09  8.22789e-12
      1290.94  2.40727e-09  7.07803e-12
      1291.27  1.79177e-09  6.08025e-12
      1291.61  2.10461e-09  6.13049e-12
      1291.94  3.46854e-09  7.21707e-12
      1292.27  6.05327e-09  8.98883e-12
      1292.61  8.84198e-09  1.12360e-11
      1292.94  6.64901e-09  9.87017e-12
      1293.28  4.86906e-09  8.76915e-12
      1293.61  6.40884e-09  1.03448e-11
      1293.95  8.40942e-09  1.14238e-11
      1294.28  1.25601e-08  1.39061e-11
      1294.62  1.42106e-08  1.48331e-11
      1294.95  1.19316e-08  1.35747e-11
      1295.29  1.12296e-08  1.38773e-11
      1295.62  9.58724e-09  1.31217e-11
      1295.96  6.93177e-09  1.15129e-11
      1296.29  5.92935e-09  1.07728e-11
      1296.63  6.13619e-09  1.06938e-11
      1296.97  7.68337e-09  1.11971e-11
      1297.30  1.21663e-08  1.33753e-11
      1297.64  1.64312e-08  1.52000e-11
      1297.98  1.40458e-08  1.37245e-11
      1298.31  8.82257e-09  1.09494e-11
      1298.65  4.92070e-09  8.46977e-12
      1298.99  3.76013e-09  7.57789e-12
      1299.33  6.60662e-09  9.72175e-12
      1299.66  1.20442e-08  1.32410e-11
      1300.00  1.35970e-08  1.36207e-11
      1300.34  1.17479e-08  1.28537e-11
      1300.68  7.95618e-09  1.05419e-11
      1301.02  8.23981e-09  1.10296e-11
      1301.35  1.45465e-08  1.56301e-11
      1301.69  1.73675e-08  1.73351e-11
      1302.03  1.68239e-08  1.77164e-11
      1302.37  1.46713e-08  1.60141e-11
      1302.71  1.72059e-08  1.74879e-11
      1303.05  1.87170e-08  1.73468e-11
      1303.39  2.16570e-08  1.82554e-11
      1303.73  2.33709e-08  1.85253e-11
      1304.07  2.15121e-08  1.72796e-11
      1304.41  2.20557e-08  1.75639e-11
      1304.75  2.36785e-08  1.81587e-11
      1305.09  2.48645e-08  1.81271e-11
      1305.43  2.98414e-08  1.96554e-11
      1305.77  3.58048e-08  2.09356e-11
      1306.11  3.61461e-08  2.11969e-11
      1306.46  2.37776e-08  1.71909e-11
      1306.80  1.09367e-08  1.19382e-11
      1307.14  5.50023e-09  9.38428e-12
      1307.48  3.68928e-09  8.41551e-12
      1307.82  2.90532e-09  8.11704e-12
      1308.16  2.89066e-09  8.15546e-12
      1308.51  3.54068e-09  8.89643e-12
      1308.85  2.82204e-09  7.82780e-12
      1309.19  1.96124e-09  6.58732e-12
      1309.53  1.80536e-09  6.35425e-12
      1309.88  1.77063e-09  6.35687e-12
      1310.22  1.92610e-09  6.48023e-12
      1310.56  2.53312e-09  6.94809e-12
      1310.91  4.76156e-09  8.67576e-12
      1311.25  9.38189e-09  1.20098e-11
      1311.60  9.49270e-09  1.15101e-11
      1311.94  5.42096e-09  8.54520e-12
      1312.28  2.74025e-09  6.61983e-12
      1312.63  1.85996e-09  5.96974e-12
      1312.97  1.58507e-09  5.94356e-12
      1313.32  2.14353e-09  6.96741e-12
      1313.66  3.60112e-09  9.03842e-12
      1314.01  3.00176e-09  8.30350e-12
      1314.35  1.65652e-09  6.72997e-12
      1314.70  1.25095e-09  6.16349e-12
      1315.05  1.24710e-09  5.78161e-12
      1315.39  1.42135e-09  5.96552e-12
      1315.74  1.82176e-09  6.46044e-12
      1316.08  2.81234e-09  7.30424e-12
      1316.43  5.88224e-09  9.75513e-12
      1316.78  1.04409e-08  1.31570e-11
      1317.12  8.40761e-09  1.13544e-11
      1317.47  3.80412e-09  7.53999e-12
      1317.82  2.22007e-09  6.21864e-12
      1318.17  2.28334e-09  6.22197e-12
      1318.51  3.85544e-09  7.94600e-12
      1318.86  4.78338e-09  9.20238e-12
      1319.21  3.19292e-09  7.92734e-12
      1319.56  1.79567e-09  6.69364e-12
      1319.91  1.81813e-09  7.19524e-12
      1320.25  1.82908e-09  7.15542e-12
      1320.60  1.80738e-09  6.73704e-12
      1320.95  2.21236e-09  6.96400e-12
      1321.30  3.24070e-09  7.84725e-12
      1321.65  6.78309e-09  1.02673e-11
      1322.00  1.28568e-08  1.44811e-11
      1322.35  1.12582e-08  1.33886e-11
      1322.70  5.50576e-09  9.22529e-12
      1323.05  3.40082e-09  7.38823e-12
      1323.40  3.76183e-09  7.57757e-12
      1323.75  4.50046e-09  8.15043e-12
      1324.10  4.66155e-09  8.40389e-12
      1324.45  3.43397e-09  7.61392e-12
      1324.80  2.37597e-09  7.10882e-12
      