227
      1249.95  8.32421e-09  1.12892e-11
      1250.27  3.92213e-09  8.09483e-12
      1250.58  1.21503e-09  5.46965e-12
      1250.89  8.54421e-10  4.94693e-12
      1251.20  1.14698e-09  5.17623e-12
      1251.52  1.84957e-09  5.59565e-12
      1251.83  3.22805e-09  7.20332e-12
      1252.14  4.10536e-09  8.72508e-12
      1252.46  4.04589e-09  8.16707e-12
      1252.77  3.77695e-09  7.30432e-12
      1253.09  6.45959e-09  8.63511e-12
      1253.40  1.26950e-08  1.13934e-11
      1253.71  1.59754e-08  1.26021e-11
      1254.03  9.81539e-09  9.58393e-12
      1254.34  4.52307e-09  6.77617e-12
      1254.66  5.64465e-09  7.75362e-12
      1254.97  8.84600e-09  9.98550e-12
      1255.29  6.07934e-09  8.48982e-12
      1255.60  2.65591e-09  6.24737e-12
      1255.92  2.86083e-09  6.84072e-12
      1256.23  5.18112e-09  7.96246e-12
      1256.55  8.38827e-09  9.84162e-12
      1256.87  5.95790e-09  8.11720e-12
      1257.18  2.62002e-09  5.83230e-12
      1257.50  1.84249e-09  5.54679e-12
      1257.81  2.08274e-09  6.03229e-12
      1258.13  2.58391e-09  6.97472e-12
      1258.45  2.64260e-09  6.80479e-12
      1258.76  2.77574e-09  6.48127e-12
      1259.08  5.14777e-09  7.70865e-12
      1259.40  1.11272e-08  1.06999e-11
      1259.72  1.54160e-08  1.25131e-11
      1260.03  1.14117e-08  1.04114e-11
      1260.35  8.11864e-09  8.81471e-12
      1260.67  1.06385e-08  1.07358e-11
      1260.99  9.79422e-09  1.01641e-11
      1261.30  7.56890e-09  8.76332e-12
      1261.62  9.46042e-09  1.06889e-11
      1261.94  1.01712e-08  9.81509e-12
      1262.26  1.05483e-08  9.77087e-12
      1262.58  7.16073e-09  7.62276e-12
      1262.90  7.91954e-09  7.69229e-12
      1263.22  1.28718e-08  1.03069e-11
      1263.54  1.05241e-08  9.17865e-12
      1263.86  6.33705e-09  7.32431e-12
      1264.17  4.91083e-09  6.84168e-12
      1264.49  3.49243e-09  5.87506e-12
      1264.81  3.78573e-09  5.72969e-12
      1265.13  7.97280e-09  7.82127e-12
      1265.45  1.26987e-08  9.79058e-12
      1265.77  1.13542e-08  9.23150e-12
      1266.10  5.96394e-09  6.88827e-12
      1266.42  2.88372e-09  5.35491e-12
      1266.74  2.42212e-09  5.35625e-12
      1267.06  3.39447e-09  6.19571e-12
      1267.38  7.51976e-09  8.46148e-12
      1267.70  1.37093e-08  1.18280e-11
      1268.02  1.49334e-08  1.17053e-11
      1268.34  1.46551e-08  1.15907e-11
      1268.67  1.31749e-08  1.10048e-11
      1268.99  1.32437e-08  1.08525e-11
      1269.31  1.01869e-08  9.66548e-12
      1269.63  6.48975e-09  7.99408e-12
      1269.95  5.26783e-09  7.42700e-12
      1270.28  6.61054e-09  7.99079e-12
      1270.60  1.14291e-08  1.01067e-11
      1270.92  1.37688e-08  1.04712e-11
      1271.25  1.50703e-08  1.05938e-11
      1271.57  1.48285e-08  1.06131e-11
      1271.89  8.68401e-09  8.02693e-12
      1272.22  3.67874e-09  5.55280e-12
      1272.54  2.18552e-09  4.88244e-12
      1272.86  1.76703e-09  4.51703e-12
      1273.19  1.66428e-09  4.38689e-12
      1273.51  2.06805e-09  4.56341e-12
      1273.84  3.30732e-09  5.23452e-12
      1274.16  4.41481e-09  5.73247e-12
      1274.49  5.84617e-09  6.23631e-12
      1274.81  1.07191e-08  8.65037e-12
      1275.14  1.50089e-08  1.06592e-11
      1275.46  1.34570e-08  1.04092e-11
      1275.79  8.62502e-09  8.51076e-12
      1276.11  5.41350e-09  6.89946e-12
      1276.44  7.17699e-09  7.71094e-12
      1276.76  1.26463e-08  1.11150e-11
      1277.09  1.29071e-08  1.04299e-11
      1277.42  1.37003e-08  1.07789e-11
      1277.74  9.30517e-09  8.84876e-12
      1278.07  4.06482e-09  6.22711e-12
      1278.40  2.35528e-09  5.36740e-12
      1278.72  1.80528e-09  4.95591e-12
      1279.05  1.78509e-09  4.87026e-12
      1279.38  2.43474e-09  5.13422e-12
      1279.71  3.74029e-09  5.79829e-12
      1280.03  4.89115e-09  6.69777e-12
      1280.36  4.44931e-09  6.08203e-12
      1280.69  4.78587e-09  6.10501e-12
      1281.02  6.40716e-09  6.93487e-12
      1281.34  9.59035e-09  8.47941e-12
      1281.67  1.18004e-08  9.63350e-12
      1282.00  9.21373e-09  8.28088e-12
      1282.33  9.33202e-09  8.06315e-12
      1282.66  1.45987e-08  1.00541e-11
      1282.99  1.87831e-08  1.12885e-11
      1283.32  1.87714e-08  1.15899e-11
      1283.65  1.30803e-08  9.88787e-12
      1283.98  6.68493e-09  7.42126e-12
      1284.31  3.70184e-09  6.12376e-12
      1284.64  2.73638e-09  5.64823e-12
      1284.97  2.70528e-09  5.63211e-12
      1285.30  3.11790e-09  6.12336e-12
      1285.63  2.66025e-09  5.63164e-12
      1285.96  2.55118e-09  5.08792e-12
      1286.29  3.96714e-09  6.03091e-12
      1286.62  5.60629e-09  7.25263e-12
      1286.95  5.26933e-09  6.98843e-12
      1287.28  6.69276e-09  7.62363e-12
      1287.61  1.16245e-08  1.04735e-11
      1287.95  1.36153e-08  1.18705e-11
      1288.28  1.36747e-08  1.10058e-11
      1288.61  1.41622e-08  9.88008e-12
      1288.94  1.41217e-08  9.70446e-12
      1289.27  9.98414e-09  8.01792e-12
      1289.61  7.21468e-09  7.12886e-12
      1289.94  5.65859e-09  6.68461e-12
      1290.27  3.79699e-09  5.75564e-12
      1290.61  3.21568e-09  5.66489e-12
      1290.94  2.43395e-09  5.12270e-12
      1291.27  1.79194e-09  4.59003e-12
      1291.61  2.09307e-09  4.66007e-12
      1291.94  3.46122e-09  5.60722e-12
      1292.27  6.10608e-09  7.18721e-12
      1292.61  8.89261e-09  9.18092e-12
      1292.94  6.50330e-09  7.73460e-12
      1293.28  4.89391e-09  6.91674e-12
      1293.61  6.43408e-09  7.92066e-12
      1293.95  8.42552e-09  8.41423e-12
      1294.28  1.28599e-08  1.00714e-11
      1294.62  1.44323e-08  1.02488e-11
      1294.95  1.20554e-08  8.99943e-12
      1295.29  1.15913e-08  8.96653e-12
      1295.62  9.78142e-09  8.30209e-12
      1295.96  7.06450e-09  7.23092e-12
      1296.29  6.08315e-09  6.84013e-12
      1296.63  6.33908e-09  6.95279e-12
      1296.97  7.91864e-09  7.48548e-12
      1297.30  1.26893e-08  9.30929e-12
      1297.64  1.73675e-08  1.10223e-11
      1297.98  1.44238e-08  1.00894e-11
      1298.31  8.88578e-09  8.31594e-12
      1298.65  4.82492e-09  6.52348e-12
      1298.99  3.58425e-09  5.95717e-12
      1299.33  6.47891e-09  7.73492e-12
      1299.66  1.23004e-08  1.07115e-11
      1300.00  1.37463e-08  1.08072e-11
      1300.34  1.17389e-08  1.02844e-11
      1300.68  7.58359e-09  7.98503e-12
      1301.02  8.09493e-09  7.51193e-12
      1301.35  1.48791e-08  1.07484e-11
      1301.69  1.77894e-08  1.14281e-11
      1302.03  1.72557e-08  1.13425e-11
      1302.37  1.50142e-08  1.00149e-11
      1302.71  1.77114e-08  1.09809e-11
      1303.05  1.93516e-08  1.09416e-11
      1303.39  2.23139e-08  1.17779e-11
      1303.73  2.40230e-08  1.28299e-11
      1304.07  2.18086e-08  1.23872e-11
      1304.41  2.24913e-08  1.27013e-11
      1304.75  2.40236e-08  1.36299e-11
      1305.09  2.51308e-08  1.40855e-11
      1305.43  3.00241e-08  1.56702e-11
      1305.77  3.59508e-08  1.69594e-11
      1306.11  3.61233e-08  1.69336e-11
      1306.46  2.37196e-08  1.33635e-11
      1306.80  1.09128e-08  8.90770e-12
      1307.14  5.50412e-09  6.74313e-12
      1307.48  3.68337e-09  5.88533e-12
      1307.82  2.90016e-09  5.43361e-12
      1308.16  2.91854e-09  5.26807e-12
      1308.51  3.59661e-09  5.67187e-12
      1308.85  2.86820e-09  4.94608e-12
      1309.19  1.96754e-09  4.36713e-12
      1309.53  1.80782e-09  4.23626e-12
      1309.88  1.80750e-09  4.23003e-12
      1310.22  1.95933e-09  4.51668e-12
      1310.56  2.59528e-09  5.11386e-12
      1310.91  4.88486e-09  6.54936e-12
      1311.25  9.40458e-09  9.32823e-12
      1311.60  9.46081e-09  9.15369e-12
      1311.94  5.40517e-09  6.84402e-12
      1312.28  2.70317e-09  5.13963e-12
      1312.63  1.80355e-09  4.56491e-12
      1312.97  1.54692e-09  4.46724e-12
      1313.32  2.13378e-09  4.88829e-12
      1313.66  3.60751e-09  6.28775e-12
      1314.01  3.01260e-09  5.60467e-12
      1314.35  1.65556e-09  4.36389e-12
      1314.70  1.24744e-09  3.86681e-12
      1315.05  1.24140e-09  3.65913e-12
      1315.39  1.41882e-09  3.81059e-12
      1315.74  1.83819e-09  4.17703e-12
      1316.08  2.89513e-09  5.02065e-12
      1316.43  6.12408e-09  7.00968e-12
      1316.78  1.07562e-08  9.88364e-12
      1317.12  8.33876e-09  8.59837e-12
      1317.47  3.74837e-09  5.96263e-12
      1317.82  2.15010e-09  4.81435e-12
      1318.17  2.21157e-09  4.73925e-12
      1318.51  3.85333e-09  6.00476e-12
      1318.86  4.83555e-09  6.88288e-12
      1319.21  3.13131e-09  5.65230e-12
      1319.56  1.74197e-09  4.69792e-12
      1319.91  1.77636e-09  5.07228e-12
      1320.25  1.82131e-09  4.55338e-12
      1320.60  1.80975e-09  4.22763e-12
      1320.95  2.23993e-09  4.40309e-12
      1321.30  3.25691e-09  4.94455e-12
      1321.65  6.91496e-09  6.80579e-12
      1322.00  1.37183e-08  1.04394e-11
      1322.35  1.14097e-08  9.64311e-12
      1322.70  5.37605e-09  6.94005e-12
      1323.05  3.30686e-09  5.74933e-12
      1323.40  3.74716e-09  6.07460e-12
      1323.75  4.49475e-09  6.42609e-12
      1324.10  4.70673e-09  6.56058e-12
      1324.45  3.35138e-09  5.59877e-12
      1324.80  2.31306e-09  5.17347e-12
      