227
      1249.95  8.10542e-09  1.04618e-11
      1250.27  3.81011e-09  7.35574e-12
      1250.58  1.17621e-09  5.31039e-12
      1250.89  8.17443e-10  4.76065e-12
      1251.20  1.09967e-09  4.98513e-12
      1251.52  1.78451e-09  5.37498e-12
      1251.83  3.17004e-09  6.80659e-12
      1252.14  4.07821e-09  8.03729e-12
      1252.46  3.96509e-09  7.70541e-12
      1252.77  3.67582e-09  7.14853e-12
      1253.09  6.31207e-09  8.62755e-12
      1253.40  1.24373e-08  1.14661e-11
      1253.71  1.56681e-08  1.28133e-11
      1254.03  9.61887e-09  9.76209e-12
      1254.34  4.41102e-09  6.93993e-12
      1254.66  5.50396e-09  7.80613e-12
      1254.97  8.66434e-09  1.01769e-11
      1255.29  5.95082e-09  8.74317e-12
      1255.60  2.58988e-09  6.30334e-12
      1255.92  2.79077e-09  6.72911e-12
      1256.23  5.06089e-09  7.91477e-12
      1256.55  8.25467e-09  9.92214e-12
      1256.87  5.82999e-09  8.19951e-12
      1257.18  2.53928e-09  6.01006e-12
      1257.50  1.77767e-09  5.95984e-12
      1257.81  2.02060e-09  6.00786e-12
      1258.13  2.54064e-09  6.85215e-12
      1258.45  2.57340e-09  6.47955e-12
      1258.76  2.69830e-09  6.30274e-12
      1259.08  5.01919e-09  7.43698e-12
      1259.40  1.08747e-08  1.02264e-11
      1259.72  1.50983e-08  1.19401e-11
      1260.03  1.11667e-08  9.90986e-12
      1260.35  7.93079e-09  8.27086e-12
      1260.67  1.04171e-08  1.01071e-11
      1260.99  9.57294e-09  9.58164e-12
      1261.30  7.42299e-09  8.20349e-12
      1261.62  9.38795e-09  9.76347e-12
      1261.94  9.97070e-09  9.26257e-12
      1262.26  1.02343e-08  9.83301e-12
      1262.58  6.79190e-09  7.57873e-12
      1262.90  7.73360e-09  7.42859e-12
      1263.22  1.26604e-08  9.97082e-12
      1263.54  1.03045e-08  8.90071e-12
      1263.86  6.15558e-09  7.17320e-12
      1264.17  4.71701e-09  6.87228e-12
      1264.49  3.34348e-09  5.94480e-12
      1264.81  3.69688e-09  5.77458e-12
      1265.13  7.80173e-09  7.98763e-12
      1265.45  1.24422e-08  1.00228e-11
      1265.77  1.11359e-08  9.42244e-12
      1266.10  5.85380e-09  7.02187e-12
      1266.42  2.81723e-09  5.46453e-12
      1266.74  2.35957e-09  5.46349e-12
      1267.06  3.30719e-09  6.05518e-12
      1267.38  7.38792e-09  8.31009e-12
      1267.70  1.36456e-08  1.15906e-11
      1268.02  1.47750e-08  1.14184e-11
      1268.34  1.45376e-08  1.10556e-11
      1268.67  1.31062e-08  1.03079e-11
      1268.99  1.30275e-08  1.03857e-11
      1269.31  9.96787e-09  9.12255e-12
      1269.63  6.31584e-09  7.50420e-12
      1269.95  5.12976e-09  6.90679e-12
      1270.28  6.45019e-09  7.37856e-12
      1270.60  1.11967e-08  9.40008e-12
      1270.92  1.35134e-08  9.77521e-12
      1271.25  1.47734e-08  9.90611e-12
      1271.57  1.45015e-08  9.89808e-12
      1271.89  8.51391e-09  7.50978e-12
      1272.22  3.58796e-09  5.23056e-12
      1272.54  2.11161e-09  4.66821e-12
      1272.86  1.70069e-09  4.44673e-12
      1273.19  1.60291e-09  4.31583e-12
      1273.51  2.00020e-09  4.53743e-12
      1273.84  3.22006e-09  5.31065e-12
      1274.16  4.29802e-09  5.84186e-12
      1274.49  5.69798e-09  6.41112e-12
      1274.81  1.05167e-08  8.86956e-12
      1275.14  1.47844e-08  1.08923e-11
      1275.46  1.32406e-08  1.05783e-11
      1275.79  8.45337e-09  8.59892e-12
      1276.11  5.27422e-09  6.96178e-12
      1276.44  6.94566e-09  7.80547e-12
      1276.76  1.24417e-08  1.10458e-11
      1277.09  1.27837e-08  1.02108e-11
      1277.42  1.34127e-08  1.04427e-11
      1277.74  9.13086e-09  8.51246e-12
      1278.07  3.96604e-09  5.87927e-12
      1278.40  2.28881e-09  5.05586e-12
      1278.72  1.75641e-09  4.66792e-12
      1279.05  1.72678e-09  4.48712e-12
      1279.38  2.35666e-09  4.80080e-12
      1279.71  3.65268e-09  5.47701e-12
      1280.03  4.79984e-09  6.30019e-12
      1280.36  4.35543e-09  5.73385e-12
      1280.69  4.66929e-09  5.80980e-12
      1281.02  6.25062e-09  6.74484e-12
      1281.34  9.39516e-09  8.32111e-12
      1281.67  1.15758e-08  9.55598e-12
      1282.00  9.00077e-09  8.26172e-12
      1282.33  9.10462e-09  8.19072e-12
      1282.66  1.43376e-08  1.02870e-11
      1282.99  1.84924e-08  1.15494e-11
      1283.32  1.84886e-08  1.17567e-11
      1283.65  1.28743e-08  9.97361e-12
      1283.98  6.55178e-09  7.39607e-12
      1284.31  3.60685e-09  6.05597e-12
      1284.64  2.65639e-09  5.54743e-12
      1284.97  2.62894e-09  5.44903e-12
      1285.30  3.06522e-09  5.81228e-12
      1285.63  2.63784e-09  5.26595e-12
      1285.96  2.47917e-09  4.81971e-12
      1286.29  3.86473e-09  5.67725e-12
      1286.62  5.47895e-09  6.72073e-12
      1286.95  5.14377e-09  6.48962e-12
      1287.28  6.55887e-09  7.02767e-12
      1287.61  1.15221e-08  9.63019e-12
      1287.95  1.36213e-08  1.07649e-11
      1288.28  1.36259e-08  1.03525e-11
      1288.61  1.39175e-08  9.63521e-12
      1288.94  1.38761e-08  9.65117e-12
      1289.27  9.77045e-09  8.02671e-12
      1289.61  7.07264e-09  7.21158e-12
      1289.94  5.54823e-09  6.76012e-12
      1290.27  3.70284e-09  5.91590e-12
      1290.61  3.15296e-09  5.84719e-12
      1290.94  2.38808e-09  5.29755e-12
      1291.27  1.74659e-09  4.59551e-12
      1291.61  2.03278e-09  4.76357e-12
      1291.94  3.37503e-09  5.58806e-12
      1292.27  5.96908e-09  7.02143e-12
      1292.61  8.71039e-09  8.85443e-12
      1292.94  6.36915e-09  7.39209e-12
      1293.28  4.77366e-09  6.54079e-12
      1293.61  6.28575e-09  7.46793e-12
      1293.95  8.23878e-09  7.85510e-12
      1294.28  1.26027e-08  9.46822e-12
      1294.62  1.41531e-08  9.66407e-12
      1294.95  1.18059e-08  8.51508e-12
      1295.29  1.13450e-08  8.58458e-12
      1295.62  9.56732e-09  8.05815e-12
      1295.96  6.90104e-09  7.07638e-12
      1296.29  5.93904e-09  6.83115e-12
      1296.63  6.18710e-09  7.02208e-12
      1296.97  7.74946e-09  7.61811e-12
      1297.30  1.24651e-08  9.51982e-12
      1297.64  1.70889e-08  1.11856e-11
      1297.98  1.41762e-08  1.01228e-11
      1298.31  8.71110e-09  8.23279e-12
      1298.65  4.70791e-09  6.37712e-12
      1298.99  3.48256e-09  5.73679e-12
      1299.33  6.32370e-09  7.33844e-12
      1299.66  1.20571e-08  1.01768e-11
      1300.00  1.34897e-08  1.01784e-11
      1300.34  1.15565e-08  9.48395e-12
      1300.68  7.53484e-09  7.36005e-12
      1301.02  7.94005e-09  7.01027e-12
      1301.35  1.46115e-08  1.00190e-11
      1301.69  1.74798e-08  1.07859e-11
      1302.03  1.69446e-08  1.08867e-11
      1302.37  1.47506e-08  9.85367e-12
      1302.71  1.74087e-08  1.09604e-11
      1303.05  1.90453e-08  1.11013e-11
      1303.39  2.19881e-08  1.20661e-11
      1303.73  2.37445e-08  1.31377e-11
      1304.07  2.15706e-08  1.27167e-11
      1304.41  2.21605e-08  1.28780e-11
      1304.75  2.36851e-08  1.37715e-11
      1305.09  2.47590e-08  1.40027e-11
      1305.43  2.95950e-08  1.53460e-11
      1305.77  3.54392e-08  1.63921e-11
      1306.11  3.56780e-08  1.62328e-11
      1306.46  2.34468e-08  1.27501e-11
      1306.80  1.07373e-08  8.42435e-12
      1307.14  5.38071e-09  6.28515e-12
      1307.48  3.59195e-09  5.49016e-12
      1307.82  2.81832e-09  5.06104e-12
      1308.16  2.83516e-09  5.02743e-12
      1308.51  3.49454e-09  5.44390e-12
      1308.85  2.79176e-09  4.94861e-12
      1309.19  1.89568e-09  4.46071e-12
      1309.53  1.75587e-09  4.25808e-12
      1309.88  1.75494e-09  4.27258e-12
      1310.22  1.90876e-09  4.52263e-12
      1310.56  2.53094e-09  5.11380e-12
      1310.91  4.74922e-09  6.73348e-12
      1311.25  9.27624e-09  9.43374e-12
      1311.60  9.27147e-09  8.95430e-12
      1311.94  5.29199e-09  6.62060e-12
      1312.28  2.63964e-09  4.93866e-12
      1312.63  1.76004e-09  4.28518e-12
      1312.97  1.50466e-09  4.04650e-12
      1313.32  2.07867e-09  4.55283e-12
      1313.66  3.49355e-09  5.75894e-12
      1314.01  2.92604e-09  5.21856e-12
      1314.35  1.61308e-09  4.24659e-12
      1314.70  1.20368e-09  3.81741e-12
      1315.05  1.20125e-09  3.72674e-12
      1315.39  1.38141e-09  3.91903e-12
      1315.74  1.79252e-09  4.32604e-12
      1316.08  2.81499e-09  5.12104e-12
      1316.43  5.98899e-09  7.15263e-12
      1316.78  1.05794e-08  9.98675e-12
      1317.12  8.18969e-09  8.64673e-12
      1317.47  3.65666e-09  5.83240e-12
      1317.82  2.08754e-09  4.69084e-12
      1318.17  2.14407e-09  4.56145e-12
      1318.51  3.76135e-09  5.76392e-12
      1318.86  4.73337e-09  6.44669e-12
      1319.21  3.04918e-09  5.35543e-12
      1319.56  1.68184e-09  4.32666e-12
      1319.91  1.73908e-09  4.67079e-12
      1320.25  1.77313e-09  4.37954e-12
      1320.60  1.75830e-09  4.16699e-12
      1320.95  2.18011e-09  4.44232e-12
      1321.30  3.19385e-09  5.04116e-12
      1321.65  6.78212e-09  6.93924e-12
      1322.00  1.34628e-08  1.05979e-11
      1322.35  1.12605e-08  9.69033e-12
      1322.70  5.27393e-09  6.86796e-12
      1323.05  3.21749e-09  5.64341e-12
      1323.40  3.64564e-09  5.88076e-12
      1323.75  4.37357e-09  6.14273e-12
      1324.10  4.58117e-09  6.13046e-12
      1324.45  3.27090e-09  5.20537e-12
      1324.80  2.26708e-09  4.69945e-12
      