227
      1249.95  3.20263e-08  3.64894e-11
      1250.27  1.76067e-08  2.77950e-11
      1250.58  7.30081e-09  1.83294e-11
      1250.89  5.36166e-09  1.64510e-11
      1251.20  6.56780e-09  1.71832e-11
      1251.52  9.13300e-09  1.90707e-11
      1251.83  1.46748e-08  2.43778e-11
      1252.14  1.89965e-08  2.74288e-11
      1252.46  1.88156e-08  2.75091e-11
      1252.77  1.74087e-08  2.57277e-11
      1253.09  2.56231e-08  3.06059e-11
      1253.40  4.27536e-08  4.08987e-11
      1253.71  4.91488e-08  4.56374e-11
      1254.03  2.94331e-08  2.47766e-11
      1254.34  1.60920e-08  1.88540e-11
      1254.66  1.93150e-08  2.12139e-11
      1254.97  2.77733e-08  2.70462e-11
      1255.29  2.01890e-08  2.30186e-11
      1255.60  1.09982e-08  1.71107e-11
      1255.92  1.20702e-08  1.85269e-11
      1256.23  1.90528e-08  2.23162e-11
      1256.55  2.83405e-08  2.76118e-11
      1256.87  2.16005e-08  2.32288e-11
      1257.18  1.16648e-08  1.69008e-11
      1257.50  8.97420e-09  1.53487e-11
      1257.81  9.96159e-09  1.64525e-11
      1258.13  1.22832e-08  1.86954e-11
      1258.45  1.26388e-08  1.91171e-11
      1258.76  1.33751e-08  1.92067e-11
      1259.08  2.10580e-08  2.32716e-11
      1259.40  3.85829e-08  3.11865e-11
      1259.72  5.08044e-08  3.55814e-11
      1260.03  3.95052e-08  3.02669e-11
      1260.35  3.01237e-08  2.59594e-11
      1260.67  3.73707e-08  3.07921e-11
      1260.99  3.57158e-08  3.01738e-11
      1261.30  2.93600e-08  2.73787e-11
      1261.62  3.52714e-08  3.32089e-11
      1261.94  3.79359e-08  3.42811e-11
      1262.26  3.78758e-08  3.40160e-11
      1262.58  3.03444e-08  2.87844e-11
      1262.90  3.09323e-08  2.83216e-11
      1263.22  4.25603e-08  3.42391e-11
      1263.54  3.73542e-08  3.17223e-11
      1263.86  2.61878e-08  2.62954e-11
      1264.17  2.13824e-08  2.46133e-11
      1264.49  1.69626e-08  2.55797e-11
      1264.81  1.43004e-08  1.52296e-11
      1265.13  2.49226e-08  2.15373e-11
      1265.45  3.71321e-08  2.70502e-11
      1265.77  3.37156e-08  2.52040e-11
      1266.10  1.99631e-08  1.91688e-11
      1266.42  1.19391e-08  1.54373e-11
      1266.74  1.07216e-08  1.52009e-11
      1267.06  1.38160e-08  1.73334e-11
      1267.38  2.54304e-08  2.31118e-11
      1267.70  4.45876e-08  3.15352e-11
      1268.02  4.76484e-08  3.08303e-11
      1268.34  4.80130e-08  3.09837e-11
      1268.67  4.44670e-08  2.90536e-11
      1268.99  4.38881e-08  2.97886e-11
      1269.31  3.60035e-08  2.72577e-11
      1269.63  2.56497e-08  2.34141e-11
      1269.95  2.20794e-08  2.23499e-11
      1270.28  2.55462e-08  2.38367e-11
      1270.60  3.79318e-08  2.93956e-11
      1270.92  4.53839e-08  3.22191e-11
      1271.25  4.99115e-08  3.52440e-11
      1271.57  4.87408e-08  3.55625e-11
      1271.89  3.20617e-08  2.82614e-11
      1272.22  1.67724e-08  2.05540e-11
      1272.54  1.13041e-08  1.74126e-11
      1272.86  9.50432e-09  1.64283e-11
      1273.19  8.87059e-09  1.57452e-11
      1273.51  9.50530e-09  1.71446e-11
      1273.84  1.11412e-08  1.58660e-11
      1274.16  1.50168e-08  1.57508e-11
      1274.49  1.92854e-08  1.74319e-11
      1274.81  3.21560e-08  2.34728e-11
      1275.14  4.31723e-08  2.84000e-11
      1275.46  3.98878e-08  2.78260e-11
      1275.79  2.83906e-08  2.38945e-11
      1276.11  2.03892e-08  2.02114e-11
      1276.44  2.55177e-08  2.20455e-11
      1276.76  4.08760e-08  2.88050e-11
      1277.09  4.25323e-08  2.80153e-11
      1277.42  4.36073e-08  2.92261e-11
      1277.74  3.17900e-08  2.49120e-11
      1278.07  1.69783e-08  1.83449e-11
      1278.40  1.12353e-08  1.58365e-11
      1278.72  9.06346e-09  1.46747e-11
      1279.05  8.92588e-09  1.48096e-11
      1279.38  1.13730e-08  1.67893e-11
      1279.71  1.59418e-08  2.03500e-11
      1280.03  2.02342e-08  2.31004e-11
      1280.36  1.90844e-08  2.15500e-11
      1280.69  1.99855e-08  2.20044e-11
      1281.02  2.52501e-08  2.46222e-11
      1281.34  3.40571e-08  2.88282e-11
      1281.67  3.96241e-08  3.25307e-11
      1282.00  3.41952e-08  3.20344e-11
      1282.33  2.84518e-08  2.13372e-11
      1282.66  4.07485e-08  2.66834e-11
      1282.99  5.04991e-08  2.95846e-11
      1283.32  5.05315e-08  2.98529e-11
      1283.65  3.78522e-08  2.62984e-11
      1283.98  2.27818e-08  2.08390e-11
      1284.31  1.49143e-08  1.75851e-11
      1284.64  1.19063e-08  1.62538e-11
      1284.97  1.19771e-08  1.62119e-11
      1285.30  1.40331e-08  1.79356e-11
      1285.63  1.21729e-08  1.60470e-11
      1285.96  1.12582e-08  1.50347e-11
      1286.29  1.59263e-08  1.79714e-11
      1286.62  2.15388e-08  2.16814e-11
      1286.95  2.02152e-08  2.08221e-11
      1287.28  2.41515e-08  2.41780e-11
      1287.61  3.99874e-08  3.34545e-11
      1287.95  4.69095e-08  3.53320e-11
      1288.28  4.67393e-08  3.51306e-11
      1288.61  4.65831e-08  3.32469e-11
      1288.94  4.56710e-08  3.23601e-11
      1289.27  3.57479e-08  3.10876e-11
      1289.61  2.49836e-08  1.93335e-11
      1289.94  1.86657e-08  1.82484e-11
      1290.27  1.37312e-08  1.60315e-11
      1290.61  1.21646e-08  1.56994e-11
      1290.94  9.75562e-09  1.41904e-11
      1291.27  7.76949e-09  1.24383e-11
      1291.61  9.25555e-09  1.33105e-11
      1291.94  1.45200e-08  1.64765e-11
      1292.27  2.30627e-08  2.09492e-11
      1292.61  3.06929e-08  2.52163e-11
      1292.94  2.42129e-08  2.21493e-11
      1293.28  2.03257e-08  2.06415e-11
      1293.61  2.53643e-08  2.36216e-11
      1293.95  3.06308e-08  2.53170e-11
      1294.28  4.22170e-08  3.17100e-11
      1294.62  4.76142e-08  3.41854e-11
      1294.95  4.17659e-08  3.09721e-11
      1295.29  4.06332e-08  3.07775e-11
      1295.62  3.57929e-08  2.87017e-11
      1295.96  2.76865e-08  2.56351e-11
      1296.29  2.32849e-08  2.63987e-11
      1296.63  2.08922e-08  1.81491e-11
      1296.97  2.51866e-08  2.06059e-11
      1297.30  3.67897e-08  2.48719e-11
      1297.64  4.83881e-08  2.91640e-11
      1297.98  4.30218e-08  2.74582e-11
      1298.31  3.03229e-08  2.36425e-11
      1298.65  1.93161e-08  1.91155e-11
      1298.99  1.59834e-08  1.77493e-11
      1299.33  2.44816e-08  2.21535e-11
      1299.66  3.98861e-08  2.90475e-11
      1300.00  4.41742e-08  2.98861e-11
      1300.34  3.93850e-08  2.79994e-11
      1300.68  2.90698e-08  2.36467e-11
      1301.02  2.95941e-08  2.52327e-11
      1301.35  4.69355e-08  3.40307e-11
      1301.69  5.50476e-08  3.65480e-11
      1302.03  5.26903e-08  3.53431e-11
      1302.37  4.75308e-08  3.26690e-11
      1302.71  5.16450e-08  3.46794e-11
      1303.05  5.39003e-08  3.77990e-11
      1303.39  5.46617e-08  2.82629e-11
      1303.73  5.87618e-08  3.08153e-11
      1304.07  5.71680e-08  3.09436e-11
      1304.41  5.96406e-08  3.27458e-11
      1304.75  6.37726e-08  3.45327e-11
      1305.09  6.74760e-08  3.58933e-11
      1305.43  7.72927e-08  3.86890e-11
      1305.77  8.76876e-08  4.13957e-11
      1306.11  8.58360e-08  4.06768e-11
      1306.46  6.24433e-08  3.42057e-11
      1306.80  3.60490e-08  2.61084e-11
      1307.14  2.23905e-08  2.17427e-11
      1307.48  1.65677e-08  2.06734e-11
      1307.82  1.35746e-08  1.88474e-11
      1308.16  1.33677e-08  1.83808e-11
      1308.51  1.49420e-08  1.95544e-11
      1308.85  1.26370e-08  1.78881e-11
      1309.19  9.49567e-09  1.62028e-11
      1309.53  7.26937e-09  1.08910e-11
      1309.88  7.26366e-09  1.15993e-11
      1310.22  8.01631e-09  1.24852e-11
      1310.56  1.03807e-08  1.42108e-11
      1310.91  1.75557e-08  1.82853e-11
      1311.25  3.00203e-08  2.49935e-11
      1311.60  3.03462e-08  2.46592e-11
      1311.94  1.94408e-08  1.93056e-11
      1312.28  1.14923e-08  1.52412e-11
      1312.63  8.31152e-09  1.33075e-11
      1312.97  7.30938e-09  1.29813e-11
      1313.32  9.59532e-09  1.57752e-11
      1313.66  1.50324e-08  2.08773e-11
      1314.01  1.25363e-08  1.84129e-11
      1314.35  7.77437e-09  1.42375e-11
      1314.70  6.20322e-09  1.27948e-11
      1315.05  5.77835e-09  1.38702e-11
      1315.39  5.63356e-09  9.26102e-12
      1315.74  7.15575e-09  1.15161e-11
      1316.08  1.06991e-08  1.40955e-11
      1316.43  2.00780e-08  1.93945e-11
      1316.78  3.26204e-08  2.59812e-11
      1317.12  2.63649e-08  2.30190e-11
      1317.47  1.41985e-08  1.67741e-11
      1317.82  9.48928e-09  1.39309e-11
      1318.17  9.78556e-09  1.40015e-11
      1318.51  1.53043e-08  1.78536e-11
      1318.86  1.87347e-08  2.03299e-11
      1319.21  1.34777e-08  1.82048e-11
      1319.56  8.35723e-09  1.50811e-11
      1319.91  8.46088e-09  1.54291e-11
      1320.25  8.62006e-09  1.51872e-11
      1320.60  8.40700e-09  1.49157e-11
      1320.95  8.64884e-09  1.49488e-11
      1321.30  1.17053e-08  1.38445e-11
      1321.65  2.16397e-08  1.93889e-11
      1322.00  3.63799e-08  2.69017e-11
      1322.35  3.24795e-08  2.54607e-11
      1322.70  1.90379e-08  1.93389e-11
      1323.05  1.37966e-08  1.68414e-11
      1323.40  1.52164e-08  1.79154e-11
      1323.75  1.77421e-08  1.92187e-11
      1324.10  1.82498e-08  1.95466e-11
      1324.45  1.41885e-08  1.74346e-11
      1324.80  1.07530e-08  1.65408e-11
      