227
      1249.95  1.14604e-08  1.76197e-11
      1250.27  5.78055e-09  1.25423e-11
      1250.58  1.99134e-09  7.99730e-12
      1250.89  1.39353e-09  7.23115e-12
      1251.20  1.79171e-09  7.45357e-12
      1251.52  2.77910e-09  8.39438e-12
      1251.83  4.76683e-09  1.05801e-11
      1252.14  6.22832e-09  1.22808e-11
      1252.46  6.00920e-09  1.20433e-11
      1252.77  5.52534e-09  1.14220e-11
      1253.09  8.99376e-09  1.36597e-11
      1253.40  1.71327e-08  1.80967e-11
      1253.71  2.15668e-08  2.04689e-11
      1254.03  1.33235e-08  1.57453e-11
      1254.34  6.40293e-09  1.10126e-11
      1254.66  7.73881e-09  1.25103e-11
      1254.97  1.27539e-08  1.74163e-11
      1255.29  8.48412e-09  1.41387e-11
      1255.60  3.70996e-09  1.00969e-11
      1255.92  4.21040e-09  1.11371e-11
      1256.23  7.12730e-09  1.27716e-11
      1256.55  1.17652e-08  1.65320e-11
      1256.87  8.57121e-09  1.37135e-11
      1257.18  3.87130e-09  9.69743e-12
      1257.50  2.79995e-09  9.06155e-12
      1257.81  3.15887e-09  9.96432e-12
      1258.13  3.95756e-09  1.10739e-11
      1258.45  3.99679e-09  1.12920e-11
      1258.76  4.21519e-09  1.10584e-11
      1259.08  7.42271e-09  1.31561e-11
      1259.40  1.50013e-08  1.76980e-11
      1259.72  2.03590e-08  2.02740e-11
      1260.03  1.56966e-08  1.71663e-11
      1260.35  1.15094e-08  1.44069e-11
      1260.67  1.43479e-08  1.68654e-11
      1260.99  1.34822e-08  1.64588e-11
      1261.30  1.09098e-08  1.43752e-11
      1261.62  1.33366e-08  1.59671e-11
      1261.94  1.41597e-08  1.53152e-11
      1262.26  1.45342e-08  1.52770e-11
      1262.58  1.06752e-08  1.23163e-11
      1262.90  1.10739e-08  1.21683e-11
      1263.22  1.72292e-08  1.60921e-11
      1263.54  1.42983e-08  1.44651e-11
      1263.86  9.04359e-09  1.18512e-11
      1264.17  7.15079e-09  1.12557e-11
      1264.49  5.12736e-09  9.49717e-12
      1264.81  5.34861e-09  9.26949e-12
      1265.13  1.09160e-08  1.28243e-11
      1265.45  1.73726e-08  1.62553e-11
      1265.77  1.56056e-08  1.55071e-11
      1266.10  8.37150e-09  1.16645e-11
      1266.42  4.25931e-09  9.19105e-12
      1266.74  3.64757e-09  9.09530e-12
      1267.06  4.93992e-09  1.04183e-11
      1267.38  1.02042e-08  1.41502e-11
      1267.70  1.88525e-08  1.89909e-11
      1268.02  2.04793e-08  1.89320e-11
      1268.34  1.99369e-08  1.84684e-11
      1268.67  1.82816e-08  1.74295e-11
      1268.99  1.78181e-08  1.79116e-11
      1269.31  1.41429e-08  1.61456e-11
      1269.63  9.29083e-09  1.33158e-11
      1269.95  7.63858e-09  1.22002e-11
      1270.28  9.30908e-09  1.27294e-11
      1270.60  1.51788e-08  1.58108e-11
      1270.92  1.84312e-08  1.64441e-11
      1271.25  2.01214e-08  1.64734e-11
      1271.57  1.97062e-08  1.63996e-11
      1271.89  1.20243e-08  1.26324e-11
      1272.22  5.45376e-09  8.76390e-12
      1272.54  3.32958e-09  7.50423e-12
      1272.86  2.71765e-09  7.05078e-12
      1273.19  2.55028e-09  6.92852e-12
      1273.51  3.06393e-09  7.17246e-12
      1273.84  4.76826e-09  8.51732e-12
      1274.16  6.29914e-09  9.48695e-12
      1274.49  8.05033e-09  1.04753e-11
      1274.81  1.44758e-08  1.47128e-11
      1275.14  2.02424e-08  1.82182e-11
      1275.46  1.82489e-08  1.78986e-11
      1275.79  1.19495e-08  1.48421e-11
      1276.11  7.72084e-09  1.19955e-11
      1276.44  9.92093e-09  1.31639e-11
      1276.76  1.71931e-08  1.76621e-11
      1277.09  1.78492e-08  1.69808e-11
      1277.42  1.81763e-08  1.76688e-11
      1277.74  1.28777e-08  1.48538e-11
      1278.07  5.98295e-09  1.03480e-11
      1278.40  3.59058e-09  8.77712e-12
      1278.72  2.78437e-09  7.94062e-12
      1279.05  2.72903e-09  7.62685e-12
      1279.38  3.59568e-09  8.07191e-12
      1279.71  5.34166e-09  8.93259e-12
      1280.03  7.05598e-09  9.92433e-12
      1280.36  6.55062e-09  9.31149e-12
      1280.69  6.81068e-09  9.60777e-12
      1281.02  8.94843e-09  1.10614e-11
      1281.34  1.29959e-08  1.36936e-11
      1281.67  1.57228e-08  1.55336e-11
      1282.00  1.26280e-08  1.36431e-11
      1282.33  1.28365e-08  1.35353e-11
      1282.66  1.94081e-08  1.68226e-11
      1282.99  2.46613e-08  1.89799e-11
      1283.32  2.45720e-08  1.94196e-11
      1283.65  1.75289e-08  1.70695e-11
      1283.98  9.44768e-09  1.31069e-11
      1284.31  5.44263e-09  1.07232e-11
      1284.64  4.07428e-09  9.79102e-12
      1284.97  4.00827e-09  9.49005e-12
      1285.30  4.70657e-09  1.00784e-11
      1285.63  4.04954e-09  8.95196e-12
      1285.96  3.70512e-09  8.26047e-12
      1286.29  5.57680e-09  9.75546e-12
      1286.62  7.90084e-09  1.17542e-11
      1286.95  7.28975e-09  1.09951e-11
      1287.28  8.94749e-09  1.15856e-11
      1287.61  1.60866e-08  1.56146e-11
      1287.95  1.91256e-08  1.61918e-11
      1288.28  1.90379e-08  1.56005e-11
      1288.61  1.89286e-08  1.50072e-11
      1288.94  1.92162e-08  1.56276e-11
      1289.27  1.34452e-08  1.30693e-11
      1289.61  9.89275e-09  1.19570e-11
      1289.94  8.05359e-09  1.14728e-11
      1290.27  5.42491e-09  9.79222e-12
      1290.61  4.66379e-09  9.79588e-12
      1290.94  3.61478e-09  8.71426e-12
      1291.27  2.66682e-09  7.51974e-12
      1291.61  3.06457e-09  7.93748e-12
      1291.94  4.96189e-09  9.58488e-12
      1292.27  8.38346e-09  1.21565e-11
      1292.61  1.20110e-08  1.49169e-11
      1292.94  9.11310e-09  1.27741e-11
      1293.28  6.83848e-09  1.09851e-11
      1293.61  8.98675e-09  1.24984e-11
      1293.95  1.15791e-08  1.31007e-11
      1294.28  1.69676e-08  1.52132e-11
      1294.62  1.92689e-08  1.56932e-11
      1294.95  1.63990e-08  1.39702e-11
      1295.29  1.55444e-08  1.39644e-11
      1295.62  1.35108e-08  1.33295e-11
      1295.96  9.95910e-09  1.17536e-11
      1296.29  8.59010e-09  1.14289e-11
      1296.63  8.96058e-09  1.17726e-11
      1296.97  1.10971e-08  1.28867e-11
      1297.30  1.68685e-08  1.58575e-11
      1297.64  2.23988e-08  1.87096e-11
      1297.98  1.93296e-08  1.75873e-11
      1298.31  1.24045e-08  1.44802e-11
      1298.65  7.11428e-09  1.14905e-11
      1298.99  5.41977e-09  1.02377e-11
      1299.33  9.08871e-09  1.29340e-11
      1299.66  1.60654e-08  1.68455e-11
      1300.00  1.82221e-08  1.69162e-11
      1300.34  1.58989e-08  1.52967e-11
      1300.68  1.10753e-08  1.22046e-11
      1301.02  1.13259e-08  1.18640e-11
      1301.35  1.93045e-08  1.60481e-11
      1301.69  2.31518e-08  1.72951e-11
      1302.03  2.24455e-08  1.73576e-11
      1302.37  1.98781e-08  1.59024e-11
      1302.71  2.28913e-08  1.74875e-11
      1303.05  2.50074e-08  1.79808e-11
      1303.39  2.86050e-08  1.96114e-11
      1303.73  3.06944e-08  2.10221e-11
      1304.07  2.85651e-08  2.07238e-11
      1304.41  2.91406e-08  2.20513e-11
      1304.75  3.08321e-08  2.32782e-11
      1305.09  3.21545e-08  2.37031e-11
      1305.43  3.77464e-08  2.55617e-11
      1305.77  4.44458e-08  2.66981e-11
      1306.11  4.45281e-08  2.62342e-11
      1306.46  3.01268e-08  2.08020e-11
      1306.80  1.47893e-08  1.41223e-11
      1307.14  7.85959e-09  1.06045e-11
      1307.48  5.39096e-09  9.03954e-12
      1307.82  4.29503e-09  8.36439e-12
      1308.16  4.27867e-09  8.04395e-12
      1308.51  5.15613e-09  8.91722e-12
      1308.85  4.16722e-09  7.90249e-12
      1309.19  2.99549e-09  6.85348e-12
      1309.53  2.75422e-09  7.03579e-12
      1309.88  2.71063e-09  7.20864e-12
      1310.22  2.92653e-09  7.80312e-12
      1310.56  3.75078e-09  8.78765e-12
      1310.91  6.70159e-09  1.13033e-11
      1311.25  1.27783e-08  1.59915e-11
      1311.60  1.28895e-08  1.53718e-11
      1311.94  7.51118e-09  1.12490e-11
      1312.28  3.92117e-09  8.38266e-12
      1312.63  2.70349e-09  7.31662e-12
      1312.97  2.31244e-09  6.73663e-12
      1313.32  3.05956e-09  7.37495e-12
      1313.66  5.14486e-09  9.35428e-12
      1314.01  4.34431e-09  8.32078e-12
      1314.35  2.44716e-09  6.42772e-12
      1314.70  1.88762e-09  5.83270e-12
      1315.05  1.89224e-09  5.92150e-12
      1315.39  2.13877e-09  6.32444e-12
      1315.74  2.72937e-09  7.27990e-12
      1316.08  4.16701e-09  8.83776e-12
      1316.43  8.28143e-09  1.22938e-11
      1316.78  1.41878e-08  1.68615e-11
      1317.12  1.14245e-08  1.47910e-11
      1317.47  5.35373e-09  1.02068e-11
      1317.82  3.19476e-09  7.89352e-12
      1318.17  3.26862e-09  7.66345e-12
      1318.51  5.41465e-09  9.46358e-12
      1318.86  6.74403e-09  1.05368e-11
      1319.21  4.57794e-09  8.60912e-12
      1319.56  2.64678e-09  6.87548e-12
      1319.91  2.68897e-09  6.94959e-12
      1320.25  2.73303e-09  6.89131e-12
      1320.60  2.71233e-09  6.67588e-12
      1320.95  3.30054e-09  7.66424e-12
      1321.30  4.77607e-09  8.73288e-12
      1321.65  9.47357e-09  1.24715e-11
      1322.00  1.72499e-08  1.80771e-11
      1322.35  1.51493e-08  1.70055e-11
      1322.70  7.70851e-09  1.22183e-11
      1323.05  4.86292e-09  9.91562e-12
      1323.40  5.33911e-09  1.01488e-11
      1323.75  6.35535e-09  1.05330e-11
      1324.10  6.57198e-09  1.04101e-11
      1324.45  4.90186e-09  8.84467e-12
      1324.80  3.43558e-09  7.62018e-12
      