227
      1249.95  1.14243e-08  1.92772e-11
      1250.27  5.78001e-09  1.36995e-11
      1250.58  1.99553e-09  8.76260e-12
      1250.89  1.38632e-09  7.89302e-12
      1251.20  1.80872e-09  8.23766e-12
      1251.52  2.78725e-09  9.35395e-12
      1251.83  4.76579e-09  1.15666e-11
      1252.14  6.21802e-09  1.32768e-11
      1252.46  5.98656e-09  1.30096e-11
      1252.77  5.51023e-09  1.21637e-11
      1253.09  8.97400e-09  1.42931e-11
      1253.40  1.71061e-08  1.87210e-11
      1253.71  2.15316e-08  2.06910e-11
      1254.03  1.32604e-08  1.54071e-11
      1254.34  6.37865e-09  1.09829e-11
      1254.66  7.70010e-09  1.22119e-11
      1254.97  1.27552e-08  1.68392e-11
      1255.29  8.46731e-09  1.35897e-11
      1255.60  3.68611e-09  9.85663e-12
      1255.92  4.19867e-09  1.06767e-11
      1256.23  7.12194e-09  1.23702e-11
      1256.55  1.17377e-08  1.60713e-11
      1256.87  8.53910e-09  1.33008e-11
      1257.18  3.85793e-09  9.60485e-12
      1257.50  2.80488e-09  9.12790e-12
      1257.81  3.17375e-09  1.00702e-11
      1258.13  3.95641e-09  1.11792e-11
      1258.45  4.01420e-09  1.12935e-11
      1258.76  4.23281e-09  1.11321e-11
      1259.08  7.43203e-09  1.34709e-11
      1259.40  1.50211e-08  1.84062e-11
      1259.72  2.03647e-08  2.14260e-11
      1260.03  1.56856e-08  1.82837e-11
      1260.35  1.15044e-08  1.55857e-11
      1260.67  1.43454e-08  1.83970e-11
      1260.99  1.34884e-08  1.79295e-11
      1261.30  1.09038e-08  1.57075e-11
      1261.62  1.33606e-08  1.77206e-11
      1261.94  1.41957e-08  1.70184e-11
      1262.26  1.46379e-08  1.69292e-11
      1262.58  1.06906e-08  1.36004e-11
      1262.90  1.10407e-08  1.33299e-11
      1263.22  1.72556e-08  1.75582e-11
      1263.54  1.42938e-08  1.56229e-11
      1263.86  8.99944e-09  1.25832e-11
      1264.17  7.13157e-09  1.16709e-11
      1264.49  5.10933e-09  9.66509e-12
      1264.81  5.34419e-09  9.26684e-12
      1265.13  1.09020e-08  1.26332e-11
      1265.45  1.73194e-08  1.58188e-11
      1265.77  1.55774e-08  1.49523e-11
      1266.10  8.37989e-09  1.12471e-11
      1266.42  4.25895e-09  8.82178e-12
      1266.74  3.64973e-09  8.74636e-12
      1267.06  4.93956e-09  9.93475e-12
      1267.38  1.02351e-08  1.37796e-11
      1267.70  1.88117e-08  1.86075e-11
      1268.02  2.04681e-08  1.87569e-11
      1268.34  1.99174e-08  1.85732e-11
      1268.67  1.82734e-08  1.77314e-11
      1268.99  1.77900e-08  1.83960e-11
      1269.31  1.40864e-08  1.67096e-11
      1269.63  9.26486e-09  1.39273e-11
      1269.95  7.63064e-09  1.29577e-11
      1270.28  9.30984e-09  1.36597e-11
      1270.60  1.51955e-08  1.72106e-11
      1270.92  1.84182e-08  1.79946e-11
      1271.25  2.01339e-08  1.81029e-11
      1271.57  1.97195e-08  1.80617e-11
      1271.89  1.20101e-08  1.38757e-11
      1272.22  5.44558e-09  9.58519e-12
      1272.54  3.32532e-09  8.16190e-12
      1272.86  2.71694e-09  7.57687e-12
      1273.19  2.54009e-09  7.26925e-12
      1273.51  3.04963e-09  7.32387e-12
      1273.84  4.76067e-09  8.54925e-12
      1274.16  6.29864e-09  9.39359e-12
      1274.49  8.01430e-09  1.01579e-11
      1274.81  1.44562e-08  1.42129e-11
      1275.14  2.02576e-08  1.76079e-11
      1275.46  1.82500e-08  1.73013e-11
      1275.79  1.19511e-08  1.43388e-11
      1276.11  7.74846e-09  1.17106e-11
      1276.44  9.96184e-09  1.31033e-11
      1276.76  1.72012e-08  1.76837e-11
      1277.09  1.78470e-08  1.71622e-11
      1277.42  1.81294e-08  1.80233e-11
      1277.74  1.28480e-08  1.53697e-11
      1278.07  5.96428e-09  1.09684e-11
      1278.40  3.55789e-09  9.33625e-12
      1278.72  2.76315e-09  8.49775e-12
      1279.05  2.72356e-09  8.51861e-12
      1279.38  3.59243e-09  8.93677e-12
      1279.71  5.34308e-09  9.95738e-12
      1280.03  7.06630e-09  1.10351e-11
      1280.36  6.55682e-09  1.02980e-11
      1280.69  6.80660e-09  1.04551e-11
      1281.02  8.93977e-09  1.18096e-11
      1281.34  1.29787e-08  1.42706e-11
      1281.67  1.56853e-08  1.57778e-11
      1282.00  1.25923e-08  1.35317e-11
      1282.33  1.28125e-08  1.31949e-11
      1282.66  1.93661e-08  1.61428e-11
      1282.99  2.46049e-08  1.81425e-11
      1283.32  2.45373e-08  1.85500e-11
      1283.65  1.74851e-08  1.63403e-11
      1283.98  9.41742e-09  1.25948e-11
      1284.31  5.43474e-09  1.04681e-11
      1284.64  4.06049e-09  9.63366e-12
      1284.97  3.99206e-09  9.57358e-12
      1285.30  4.68125e-09  1.01902e-11
      1285.63  4.02874e-09  9.14182e-12
      1285.96  3.69191e-09  8.60616e-12
      1286.29  5.56708e-09  1.03350e-11
      1286.62  7.88844e-09  1.26096e-11
      1286.95  7.25835e-09  1.19243e-11
      1287.28  8.90596e-09  1.26654e-11
      1287.61  1.60987e-08  1.72609e-11
      1287.95  1.91244e-08  1.77478e-11
      1288.28  1.90362e-08  1.68480e-11
      1288.61  1.88980e-08  1.58953e-11
      1288.94  1.91587e-08  1.60987e-11
      1289.27  1.34256e-08  1.31405e-11
      1289.61  9.86539e-09  1.17466e-11
      1289.94  8.03736e-09  1.11657e-11
      1290.27  5.42637e-09  9.51672e-12
      1290.61  4.65715e-09  9.47926e-12
      1290.94  3.61613e-09  8.43730e-12
      1291.27  2.66961e-09  7.35291e-12
      1291.61  3.07307e-09  7.78296e-12
      1291.94  4.97384e-09  9.59078e-12
      1292.27  8.40163e-09  1.24150e-11
      1292.61  1.19996e-08  1.55281e-11
      1292.94  9.12084e-09  1.35263e-11
      1293.28  6.86843e-09  1.19216e-11
      1293.61  9.00824e-09  1.37345e-11
      1293.95  1.16158e-08  1.45132e-11
      1294.28  1.69720e-08  1.67845e-11
      1294.62  1.92520e-08  1.74005e-11
      1294.95  1.63960e-08  1.53596e-11
      1295.29  1.55170e-08  1.50925e-11
      1295.62  1.34964e-08  1.40663e-11
      1295.96  9.94916e-09  1.20537e-11
      1296.29  8.59159e-09  1.14104e-11
      1296.63  8.95168e-09  1.14473e-11
      1296.97  1.10767e-08  1.23720e-11
      1297.30  1.68533e-08  1.51940e-11
      1297.64  2.23603e-08  1.79722e-11
      1297.98  1.92754e-08  1.70136e-11
      1298.31  1.23849e-08  1.42492e-11
      1298.65  7.09968e-09  1.13940e-11
      1298.99  5.42191e-09  1.03496e-11
      1299.33  9.09322e-09  1.33078e-11
      1299.66  1.60502e-08  1.79063e-11
      1300.00  1.81863e-08  1.82101e-11
      1300.34  1.58680e-08  1.66894e-11
      1300.68  1.10580e-08  1.34199e-11
      1301.02  1.13038e-08  1.30847e-11
      1301.35  1.92763e-08  1.76370e-11
      1301.69  2.31119e-08  1.88474e-11
      1302.03  2.24200e-08  1.85172e-11
      1302.37  1.98110e-08  1.64467e-11
      1302.71  2.28607e-08  1.75490e-11
      1303.05  2.49664e-08  1.76961e-11
      1303.39  2.85975e-08  1.89636e-11
      1303.73  3.07072e-08  2.02288e-11
      1304.07  2.85690e-08  2.00066e-11
      1304.41  2.91415e-08  2.13838e-11
      1304.75  3.08529e-08  2.29158e-11
      1305.09  3.21424e-08  2.38256e-11
      1305.43  3.78009e-08  2.62172e-11
      1305.77  4.45231e-08  2.80101e-11
      1306.11  4.46590e-08  2.80460e-11
      1306.46  3.01337e-08  2.26255e-11
      1306.80  1.47370e-08  1.55449e-11
      1307.14  7.85741e-09  1.17730e-11
      1307.48  5.38909e-09  1.01458e-11
      1307.82  4.28549e-09  9.47606e-12
      1308.16  4.26798e-09  8.74184e-12
      1308.51  5.15384e-09  9.32337e-12
      1308.85  4.17024e-09  8.03367e-12
      1309.19  2.98813e-09  6.74770e-12
      1309.53  2.74659e-09  6.65507e-12
      1309.88  2.71228e-09  6.89551e-12
      1310.22  2.91193e-09  7.44996e-12
      1310.56  3.74852e-09  8.62996e-12
      1310.91  6.71212e-09  1.12847e-11
      1311.25  1.27289e-08  1.59388e-11
      1311.60  1.28380e-08  1.55514e-11
      1311.94  7.49943e-09  1.16056e-11
      1312.28  3.92349e-09  8.95793e-12
      1312.63  2.70240e-09  7.81742e-12
      1312.97  2.31527e-09  7.33039e-12
      1313.32  3.06916e-09  8.11184e-12
      1313.66  5.12966e-09  1.01907e-11
      1314.01  4.33964e-09  9.06611e-12
      1314.35  2.44690e-09  6.83310e-12
      1314.70  1.88486e-09  6.01013e-12
      1315.05  1.88559e-09  5.86603e-12
      1315.39  2.14144e-09  6.16059e-12
      1315.74  2.73409e-09  7.08266e-12
      1316.08  4.18332e-09  8.64578e-12
      1316.43  8.29323e-09  1.22663e-11
      1316.78  1.41544e-08  1.70020e-11
      1317.12  1.13992e-08  1.50252e-11
      1317.47  5.36152e-09  1.02862e-11
      1317.82  3.21747e-09  8.45834e-12
      1318.17  3.28872e-09  8.35433e-12
      1318.51  5.41409e-09  1.04044e-11
      1318.86  6.73633e-09  1.16445e-11
      1319.21  4.58849e-09  9.57321e-12
      1319.56  2.65507e-09  7.59302e-12
      1319.91  2.68577e-09  7.54542e-12
      1320.25  2.72380e-09  7.23197e-12
      1320.60  2.71486e-09  6.74887e-12
      1320.95  3.30075e-09  7.32596e-12
      1321.30  4.76392e-09  8.37774e-12
      1321.65  9.46628e-09  1.17628e-11
      1322.00  1.71816e-08  1.71771e-11
      1322.35  1.51144e-08  1.66421e-11
      1322.70  7.70369e-09  1.21873e-11
      1323.05  4.85722e-09  1.00586e-11
      1323.40  5.31347e-09  1.05137e-11
      1323.75  6.34847e-09  1.11785e-11
      1324.10  6.56477e-09  1.12825e-11
      1324.45  4.89468e-09  9.67778e-12
      1324.80  3.43190e-09  8.50412e-12
      