227
      1249.95  0.00000e+00  0.00000e+00
      1250.27  0.00000e+00  0.00000e+00
      1250.58  0.00000e+00  0.00000e+00
      1250.89  0.00000e+00  0.00000e+00
      1251.20  0.00000e+00  0.00000e+00
      1251.52  0.00000e+00  0.00000e+00
      1251.83  0.00000e+00  0.00000e+00
      1252.14  0.00000e+00  0.00000e+00
      1252.46  0.00000e+00  0.00000e+00
      1252.77  4.17170e-08  7.83774e-11
      1253.09  4.28270e-08  7.25162e-11
      1253.40  4.81392e-08  5.96543e-11
      1253.71  5.39450e-08  8.05792e-11
      1254.03  5.52970e-08  8.88528e-11
      1254.34  0.00000e+00  0.00000e+00
      1254.66  0.00000e+00  0.00000e+00
      1254.97  0.00000e+00  0.00000e+00
      1255.29  0.00000e+00  0.00000e+00
      1255.60  0.00000e+00  0.00000e+00
      1255.92  0.00000e+00  0.00000e+00
      1256.23  0.00000e+00  0.00000e+00
      1256.55  0.00000e+00  0.00000e+00
      1256.87  0.00000e+00  0.00000e+00
      1257.18  0.00000e+00  0.00000e+00
      1257.50  0.00000e+00  0.00000e+00
      1257.81  0.00000e+00  0.00000e+00
      1258.13  0.00000e+00  0.00000e+00
      1258.45  0.00000e+00  0.00000e+00
      1258.76  0.00000e+00  0.00000e+00
      1259.08  0.00000e+00  0.00000e+00
      1259.40  0.00000e+00  0.00000e+00
      1259.72  0.00000e+00  0.00000e+00
      1260.03  0.00000e+00  0.00000e+00
      1260.35  0.00000e+00  0.00000e+00
      1260.67  0.00000e+00  0.00000e+00
      1260.99  0.00000e+00  0.00000e+00
      1261.30  0.00000e+00  0.00000e+00
      1261.62  0.00000e+00  0.00000e+00
      1261.94  0.00000e+00  0.00000e+00
      1262.26  0.00000e+00  0.00000e+00
      1262.58  0.00000e+00  0.00000e+00
      1262.90  0.00000e+00  0.00000e+00
      1263.22  0.00000e+00  0.00000e+00
      1263.54  2.27080e-08  5.08418e-11
      1263.86  2.24819e-08  4.87004e-11
      1264.17  2.11716e-08  3.84120e-11
      1264.49  1.85405e-08  3.77038e-11
      1264.81  1.75845e-08  4.44892e-11
      1265.13  1.74367e-08  4.57496e-11
      1265.45  0.00000e+00  0.00000e+00
      1265.77  0.00000e+00  0.00000e+00
      1266.10  0.00000e+00  0.00000e+00
      1266.42  0.00000e+00  0.00000e+00
      1266.74  0.00000e+00  0.00000e+00
      1267.06  0.00000e+00  0.00000e+00
      1267.38  0.00000e+00  0.00000e+00
      1267.70  0.00000e+00  0.00000e+00
      1268.02  0.00000e+00  0.00000e+00
      1268.34  0.00000e+00  0.00000e+00
      1268.67  0.00000e+00  0.00000e+00
      1268.99  0.00000e+00  0.00000e+00
      1269.31  0.00000e+00  0.00000e+00
      1269.63  0.00000e+00  0.00000e+00
      1269.95  0.00000e+00  0.00000e+00
      1270.28  0.00000e+00  0.00000e+00
      1270.60  0.00000e+00  0.00000e+00
      1270.92  0.00000e+00  0.00000e+00
      1271.25  0.00000e+00  0.00000e+00
      1271.57  0.00000e+00  0.00000e+00
      1271.89  0.00000e+00  0.00000e+00
      1272.22  0.00000e+00  0.00000e+00
      1272.54  0.00000e+00  0.00000e+00
      1272.86  1.06712e-08  3.41409e-11
      1273.19  1.06712e-08  3.41409e-11
      1273.51  1.06712e-08  3.41409e-11
      1273.84  1.06712e-08  3.41409e-11
      1274.16  1.06712e-08  3.41409e-11
      1274.49  0.00000e+00  0.00000e+00
      1274.81  0.00000e+00  0.00000e+00
      1275.14  0.00000e+00  0.00000e+00
      1275.46  0.00000e+00  0.00000e+00
      1275.79  0.00000e+00  0.00000e+00
      1276.11  0.00000e+00  0.00000e+00
      1276.44  0.00000e+00  0.00000e+00
      1276.76  0.00000e+00  0.00000e+00
      1277.09  0.00000e+00  0.00000e+00
      1277.42  0.00000e+00  0.00000e+00
      1277.74  0.00000e+00  0.00000e+00
      1278.07  0.00000e+00  0.00000e+00
      1278.40  0.00000e+00  0.00000e+00
      1278.72  0.00000e+00  0.00000e+00
      1279.05  0.00000e+00  0.00000e+00
      1279.38  0.00000e+00  0.00000e+00
      1279.71  0.00000e+00  0.00000e+00
      1280.03  0.00000e+00  0.00000e+00
      1280.36  0.00000e+00  0.00000e+00
      1280.69  0.00000e+00  0.00000e+00
      1281.02  4.43647e-08  6.57934e-11
      1281.34  4.40282e-08  6.06477e-11
      1281.67  4.23830e-08  4.61629e-11
      1282.00  4.06917e-08  5.80399e-11
      1282.33  4.03340e-08  6.32268e-11
      1282.66  0.00000e+00  0.00000e+00
      1282.99  0.00000e+00  0.00000e+00
      1283.32  0.00000e+00  0.00000e+00
      1283.65  0.00000e+00  0.00000e+00
      1283.98  0.00000e+00  0.00000e+00
      1284.31  0.00000e+00  0.00000e+00
      1284.64  0.00000e+00  0.00000e+00
      1284.97  0.00000e+00  0.00000e+00
      1285.30  0.00000e+00  0.00000e+00
      1285.63  0.00000e+00  0.00000e+00
      1285.96  0.00000e+00  0.00000e+00
      1286.29  0.00000e+00  0.00000e+00
      1286.62  0.00000e+00  0.00000e+00
      1286.95  0.00000e+00  0.00000e+00
      1287.28  0.00000e+00  0.00000e+00
      1287.61  0.00000e+00  0.00000e+00
      1287.95  0.00000e+00  0.00000e+00
      1288.28  0.00000e+00  0.00000e+00
      1288.61  3.33895e-08  5.53434e-11
      1288.94  3.33895e-08  5.53434e-11
      1289.27  3.33895e-08  5.53434e-11
      1289.61  3.33895e-08  5.53434e-11
      1289.94  3.33895e-08  5.53434e-11
      1290.27  0.00000e+00  0.00000e+00
      1290.61  0.00000e+00  0.00000e+00
      1290.94  0.00000e+00  0.00000e+00
      1291.27  0.00000e+00  0.00000e+00
      1291.61  0.00000e+00  0.00000e+00
      1291.94  0.00000e+00  0.00000e+00
      1292.27  0.00000e+00  0.00000e+00
      1292.61  0.00000e+00  0.00000e+00
      1292.94  0.00000e+00  0.00000e+00
      1293.28  0.00000e+00  0.00000e+00
      1293.61  0.00000e+00  0.00000e+00
      1293.95  0.00000e+00  0.00000e+00
      1294.28  0.00000e+00  0.00000e+00
      1294.62  0.00000e+00  0.00000e+00
      1294.95  0.00000e+00  0.00000e+00
      1295.29  0.00000e+00  0.00000e+00
      1295.62  2.51414e-08  4.90916e-11
      1295.96  2.51414e-08  4.90916e-11
      1296.29  2.51414e-08  4.90916e-11
      1296.63  2.51414e-08  4.90916e-11
      1296.97  2.51414e-08  4.90916e-11
      1297.30  0.00000e+00  0.00000e+00
      1297.64  0.00000e+00  0.00000e+00
      1297.98  0.00000e+00  0.00000e+00
      1298.31  0.00000e+00  0.00000e+00
      1298.65  0.00000e+00  0.00000e+00
      1298.99  0.00000e+00  0.00000e+00
      1299.33  0.00000e+00  0.00000e+00
      1299.66  0.00000e+00  0.00000e+00
      1300.00  0.00000e+00  0.00000e+00
      1300.34  0.00000e+00  0.00000e+00
      1300.68  0.00000e+00  0.00000e+00
      1301.02  0.00000e+00  0.00000e+00
      1301.35  0.00000e+00  0.00000e+00
      1301.69  0.00000e+00  0.00000e+00
      1302.03  5.31655e-08  6.99686e-11
      1302.37  5.36448e-08  6.47656e-11
      1302.71  5.59680e-08  5.09904e-11
      1303.05  5.86455e-08  6.68643e-11
      1303.39  5.92295e-08  7.35288e-11
      1303.73  5.93028e-08  7.44130e-11
      1304.07  0.00000e+00  0.00000e+00
      1304.41  0.00000e+00  0.00000e+00
      1304.75  0.00000e+00  0.00000e+00
      1305.09  0.00000e+00  0.00000e+00
      1305.43  0.00000e+00  0.00000e+00
      1305.77  0.00000e+00  0.00000e+00
      1306.11  0.00000e+00  0.00000e+00
      1306.46  0.00000e+00  0.00000e+00
      1306.80  0.00000e+00  0.00000e+00
      1307.14  0.00000e+00  0.00000e+00
      1307.48  0.00000e+00  0.00000e+00
      1307.82  0.00000e+00  0.00000e+00
      1308.16  1.45688e-08  3.71585e-11
      1308.51  1.42520e-08  3.42519e-11
      1308.85  1.26461e-08  2.47554e-11
      1309.19  1.10402e-08  2.95674e-11
      1309.53  1.07233e-08  3.19820e-11
      1309.88  0.00000e+00  0.00000e+00
      1310.22  0.00000e+00  0.00000e+00
      1310.56  0.00000e+00  0.00000e+00
      1310.91  0.00000e+00  0.00000e+00
      1311.25  0.00000e+00  0.00000e+00
      1311.60  0.00000e+00  0.00000e+00
      1311.94  0.00000e+00  0.00000e+00
      1312.28  0.00000e+00  0.00000e+00
      1312.63  0.00000e+00  0.00000e+00
      1312.97  0.00000e+00  0.00000e+00
      1313.32  0.00000e+00  0.00000e+00
      1313.66  0.00000e+00  0.00000e+00
      1314.01  0.00000e+00  0.00000e+00
      1314.35  6.21455e-09  2.53183e-11
      1314.70  6.21455e-09  2.53183e-11
      1315.05  6.21455e-09  2.53183e-11
      1315.39  6.21455e-09  2.53183e-11
      1315.74  6.21455e-09  2.53183e-11
      1316.08  0.00000e+00  0.00000e+00
      1316.43  0.00000e+00  0.00000e+00
      1316.78  0.00000e+00  0.00000e+00
      1317.12  0.00000e+00  0.00000e+00
      1317.47  0.00000e+00  0.00000e+00
      1317.82  0.00000e+00  0.00000e+00
      1318.17  0.00000e+00  0.00000e+00
      1318.51  0.00000e+00  0.00000e+00
      1318.86  0.00000e+00  0.00000e+00
      1319.21  0.00000e+00  0.00000e+00
      1319.56  0.00000e+00  0.00000e+00
      1319.91  8.72632e-09  2.94079e-11
      1320.25  8.75685e-09  2.69721e-11
      1320.60  8.90666e-09  2.13044e-11
      1320.95  9.04370e-09  2.80386e-11
      1321.30  9.06881e-09  3.01227e-11
      1321.65  0.00000e+00  0.00000e+00
      1322.00  0.00000e+00  0.00000e+00
      1322.35  0.00000e+00  0.00000e+00
      1322.70  0.00000e+00  0.00000e+00
      1323.05  0.00000e+00  0.00000e+00
      1323.40  0.00000e+00  0.00000e+00
      1323.75  0.00000e+00  0.00000e+00
      1324.10  0.00000e+00  0.00000e+00
      1324.45  0.00000e+00  0.00000e+00
      1324.80  0.00000e+00  0.00000e+00
      