227
      1249.95  1.64836e-08  1.55749e-11
      1250.27  8.07593e-09  1.09059e-11
      1250.58  2.73453e-09  7.10702e-12
      1250.89  1.97083e-09  6.40359e-12
      1251.20  2.62258e-09  6.71649e-12
      1251.52  4.07749e-09  7.60169e-12
      1251.83  6.94178e-09  9.57657e-12
      1252.14  9.07044e-09  1.09251e-11
      1252.46  8.78935e-09  1.08402e-11
      1252.77  8.28468e-09  1.04110e-11
      1253.09  1.31575e-08  1.25043e-11
      1253.40  2.29849e-08  1.69656e-11
      1253.71  2.54351e-08  2.00430e-11
      1254.03  1.54529e-08  1.42500e-11
      1254.34  9.28207e-09  1.00205e-11
      1254.66  1.14292e-08  1.11697e-11
      1254.97  1.73237e-08  1.46414e-11
      1255.29  1.16277e-08  1.19515e-11
      1255.60  5.56486e-09  8.89964e-12
      1255.92  6.19038e-09  9.65765e-12
      1256.23  1.02619e-08  1.11377e-11
      1256.55  1.65303e-08  1.43196e-11
      1256.87  1.16138e-08  1.14541e-11
      1257.18  5.41833e-09  8.18239e-12
      1257.50  4.13559e-09  7.66856e-12
      1257.81  4.99447e-09  8.46360e-12
      1258.13  6.08165e-09  9.43495e-12
      1258.45  5.93136e-09  9.39421e-12
      1258.76  6.28581e-09  9.36921e-12
      1259.08  1.08754e-08  1.14858e-11
      1259.40  2.11765e-08  1.54875e-11
      1259.72  2.79816e-08  1.75812e-11
      1260.03  2.15796e-08  1.48844e-11
      1260.35  1.63270e-08  1.27506e-11
      1260.67  2.02513e-08  1.48941e-11
      1260.99  1.89944e-08  1.43708e-11
      1261.30  1.56364e-08  1.26951e-11
      1261.62  1.88712e-08  1.42928e-11
      1261.94  1.99324e-08  1.38935e-11
      1262.26  2.01992e-08  1.38671e-11
      1262.58  1.51313e-08  1.12676e-11
      1262.90  1.59251e-08  1.12587e-11
      1263.22  2.36416e-08  1.44075e-11
      1263.54  1.96325e-08  1.28760e-11
      1263.86  1.28436e-08  1.06229e-11
      1264.17  1.02634e-08  9.94633e-12
      1264.49  7.50607e-09  8.46169e-12
      1264.81  7.99783e-09  8.44907e-12
      1265.13  1.53457e-08  1.15093e-11
      1265.45  2.33782e-08  1.41550e-11
      1265.77  2.09355e-08  1.32598e-11
      1266.10  1.16078e-08  9.93017e-12
      1266.42  6.20938e-09  7.72248e-12
      1266.74  5.34867e-09  7.59764e-12
      1267.06  7.16380e-09  8.69814e-12
      1267.38  1.43753e-08  1.18711e-11
      1267.70  2.57091e-08  1.61694e-11
      1268.02  2.75075e-08  1.59709e-11
      1268.34  2.71552e-08  1.57688e-11
      1268.67  2.46811e-08  1.49345e-11
      1268.99  2.38955e-08  1.58353e-11
      1269.31  1.90826e-08  1.37449e-11
      1269.63  1.31841e-08  1.13282e-11
      1269.95  1.10893e-08  1.05848e-11
      1270.28  1.33084e-08  1.11331e-11
      1270.60  2.13506e-08  1.41113e-11
      1270.92  2.54086e-08  1.45684e-11
      1271.25  2.76328e-08  1.46975e-11
      1271.57  2.70874e-08  1.45767e-11
      1271.89  1.65188e-08  1.11425e-11
      1272.22  7.73308e-09  7.90462e-12
      1272.54  4.90432e-09  6.79448e-12
      1272.86  4.03387e-09  6.38706e-12
      1273.19  3.77947e-09  6.22120e-12
      1273.51  4.53818e-09  6.51881e-12
      1273.84  6.85880e-09  7.64894e-12
      1274.16  8.98703e-09  8.52581e-12
      1274.49  1.16890e-08  9.40633e-12
      1274.81  1.98689e-08  1.26402e-11
      1275.14  2.61051e-08  1.55249e-11
      1275.46  2.27415e-08  1.49744e-11
      1275.79  1.62824e-08  1.24014e-11
      1276.11  1.12186e-08  1.02498e-11
      1276.44  1.43525e-08  1.14658e-11
      1276.76  2.31348e-08  1.47581e-11
      1277.09  2.41504e-08  1.44916e-11
      1277.42  2.47597e-08  1.49711e-11
      1277.74  1.72520e-08  1.24147e-11
      1278.07  8.48144e-09  8.95961e-12
      1278.40  5.21827e-09  7.60070e-12
      1278.72  4.06158e-09  7.05734e-12
      1279.05  4.00636e-09  6.89909e-12
      1279.38  5.34786e-09  7.43217e-12
      1279.71  7.80934e-09  8.33292e-12
      1280.03  1.03314e-08  9.37209e-12
      1280.36  9.28773e-09  8.52548e-12
      1280.69  9.87331e-09  8.86500e-12
      1281.02  1.27972e-08  1.00093e-11
      1281.34  1.82236e-08  1.21118e-11
      1281.67  2.18382e-08  1.37195e-11
      1282.00  1.72026e-08  1.18443e-11
      1282.33  1.74853e-08  1.18438e-11
      1282.66  2.60513e-08  1.45741e-11
      1282.99  3.24937e-08  1.60242e-11
      1283.32  3.21653e-08  1.62303e-11
      1283.65  2.32213e-08  1.38679e-11
      1283.98  1.28648e-08  1.05804e-11
      1284.31  7.68286e-09  8.74477e-12
      1284.64  5.85562e-09  8.07335e-12
      1284.97  5.82203e-09  8.11308e-12
      1285.30  6.72189e-09  8.64766e-12
      1285.63  5.88533e-09  7.84387e-12
      1285.96  5.50903e-09  7.31125e-12
      1286.29  8.11508e-09  8.63261e-12
      1286.62  1.10682e-08  1.01535e-11
      1286.95  1.05760e-08  9.71586e-12
      1287.28  1.32328e-08  1.06112e-11
      1287.61  2.20062e-08  1.38815e-11
      1287.95  2.60053e-08  1.46873e-11
      1288.28  2.60296e-08  1.42601e-11
      1288.61  2.59764e-08  1.38038e-11
      1288.94  2.54517e-08  1.38001e-11
      1289.27  1.83244e-08  1.14474e-11
      1289.61  1.40295e-08  1.05332e-11
      1289.94  1.12180e-08  9.83431e-12
      1290.27  7.69844e-09  8.43638e-12
      1290.61  6.61587e-09  8.36362e-12
      1290.94  4.98234e-09  7.30024e-12
      1291.27  3.74750e-09  6.41705e-12
      1291.61  4.38685e-09  6.71371e-12
      1291.94  7.20828e-09  8.30043e-12
      1292.27  1.20090e-08  1.03930e-11
      1292.61  1.73849e-08  1.31863e-11
      1292.94  1.35033e-08  1.18876e-11
      1293.28  1.10363e-08  1.08061e-11
      1293.61  1.33725e-08  1.15955e-11
      1293.95  1.64341e-08  1.19220e-11
      1294.28  2.38961e-08  1.41523e-11
      1294.62  2.67408e-08  1.44742e-11
      1294.95  2.26202e-08  1.27225e-11
      1295.29  2.18463e-08  1.27913e-11
      1295.62  1.90042e-08  1.19468e-11
      1295.96  1.41642e-08  1.04297e-11
      1296.29  1.23429e-08  9.99014e-12
      1296.63  1.27753e-08  1.02584e-11
      1296.97  1.54474e-08  1.11715e-11
      1297.30  2.26663e-08  1.34879e-11
      1297.64  2.96103e-08  1.56145e-11
      1297.98  2.57837e-08  1.45093e-11
      1298.31  1.71009e-08  1.19758e-11
      1298.65  1.02518e-08  1.04222e-11
      1298.99  8.45181e-09  1.11342e-11
      1299.33  1.70144e-08  1.38804e-11
      1299.66  2.33031e-08  1.55888e-11
      1300.00  2.49905e-08  1.48677e-11
      1300.34  2.22028e-08  1.41845e-11
      1300.68  1.57242e-08  1.15477e-11
      1301.02  1.61899e-08  1.08954e-11
      1301.35  2.64043e-08  1.42430e-11
      1301.69  3.12799e-08  1.53444e-11
      1302.03  3.00091e-08  1.51973e-11
      1302.37  2.68762e-08  1.40667e-11
      1302.71  3.02811e-08  1.52257e-11
      1303.05  3.28624e-08  1.54609e-11
      1303.39  3.68673e-08  1.66503e-11
      1303.73  3.90188e-08  1.75653e-11
      1304.07  3.66640e-08  1.70337e-11
      1304.41  3.75848e-08  1.78358e-11
      1304.75  3.98747e-08  1.88552e-11
      1305.09  4.17854e-08  1.93915e-11
      1305.43  4.84831e-08  2.11428e-11
      1305.77  5.49905e-08  2.35898e-11
      1306.11  5.05702e-08  2.47013e-11
      1306.46  3.63515e-08  1.97318e-11
      1306.80  1.98262e-08  1.26240e-11
      1307.14  1.13417e-08  9.58758e-12
      1307.48  7.96222e-09  8.18571e-12
      1307.82  6.42019e-09  7.56764e-12
      1308.16  6.38344e-09  7.45049e-12
      1308.51  7.40375e-09  8.00203e-12
      1308.85  6.03733e-09  7.06811e-12
      1309.19  4.38573e-09  6.13625e-12
      1309.53  3.96611e-09  6.03475e-12
      1309.88  3.86678e-09  6.14473e-12
      1310.22  4.14380e-09  6.54460e-12
      1310.56  5.40907e-09  7.34166e-12
      1310.91  9.66069e-09  9.51305e-12
      1311.25  1.69950e-08  1.30629e-11
      1311.60  1.70619e-08  1.29581e-11
      1311.94  1.04479e-08  9.80193e-12
      1312.28  5.69968e-09  7.33623e-12
      1312.63  3.92328e-09  6.35156e-12
      1312.97  3.40426e-09  6.04558e-12
      1313.32  4.62459e-09  6.69779e-12
      1313.66  7.33153e-09  8.45088e-12
      1314.01  6.12554e-09  7.55771e-12
      1314.35  3.58936e-09  5.86213e-12
      1314.70  2.74264e-09  5.33787e-12
      1315.05  2.70393e-09  5.23035e-12
      1315.39  3.05676e-09  5.50644e-12
      1315.74  3.88316e-09  6.25368e-12
      1316.08  5.86930e-09  7.50246e-12
      1316.43  1.16035e-08  1.03824e-11
      1316.78  1.88714e-08  1.38024e-11
      1317.12  1.50348e-08  1.22473e-11
      1317.47  7.55171e-09  8.63080e-12
      1317.82  4.61624e-09  6.90593e-12
      1318.17  4.81594e-09  6.82300e-12
      1318.51  7.93534e-09  8.65915e-12
      1318.86  9.66764e-09  9.56668e-12
      1319.21  6.48863e-09  7.78555e-12
      1319.56  3.87688e-09  6.29957e-12
      1319.91  3.94662e-09  6.42203e-12
      1320.25  3.96374e-09  6.27571e-12
      1320.60  3.95522e-09  6.10520e-12
      1320.95  4.77949e-09  6.44959e-12
      1321.30  6.72563e-09  7.43842e-12
      1321.65  1.29171e-08  1.02854e-11
      1322.00  2.24898e-08  1.44295e-11
      1322.35  1.91959e-08  1.33866e-11
      1322.70  1.04238e-08  9.93884e-12
      1323.05  6.96406e-09  8.37274e-12
      1323.40  7.76583e-09  8.84065e-12
      1323.75  9.18398e-09  9.34493e-12
      1324.10  9.55022e-09  9.38078e-12
      1324.45  6.98417e-09  7.80319e-12
      1324.80  5.07312e-09  6.83961e-12
      