227
      1249.95  1.93216e-08  2.11115e-11
      1250.27  9.57440e-09  1.48268e-11
      1250.58  3.35009e-09  9.69221e-12
      1250.89  2.43198e-09  8.96841e-12
      1251.20  3.20711e-09  9.82026e-12
      1251.52  4.88431e-09  1.10897e-11
      1251.83  8.20219e-09  1.42376e-11
      1252.14  1.07377e-08  1.66521e-11
      1252.46  1.04905e-08  1.69103e-11
      1252.77  9.92370e-09  1.62351e-11
      1253.09  1.54531e-08  1.96958e-11
      1253.40  2.47930e-08  2.78284e-11
      1253.71  2.42765e-08  2.44056e-11
      1254.03  1.71732e-08  2.30954e-11
      1254.34  1.13884e-08  1.57656e-11
      1254.66  1.36306e-08  1.52677e-11
      1254.97  1.98693e-08  1.70164e-11
      1255.29  1.38939e-08  1.32015e-11
      1255.60  7.05508e-09  9.62460e-12
      1255.92  7.75322e-09  1.02398e-11
      1256.23  1.26414e-08  1.20232e-11
      1256.55  1.99102e-08  1.52819e-11
      1256.87  1.40728e-08  1.23349e-11
      1257.18  6.80121e-09  8.93960e-12
      1257.50  5.07691e-09  8.27126e-12
      1257.81  5.72854e-09  8.92542e-12
      1258.13  7.19369e-09  1.03006e-11
      1258.45  7.25583e-09  1.03676e-11
      1258.76  7.68340e-09  1.05326e-11
      1259.08  1.29693e-08  1.30284e-11
      1259.40  2.47621e-08  1.78339e-11
      1259.72  3.25012e-08  2.04538e-11
      1260.03  2.51542e-08  1.77635e-11
      1260.35  1.90687e-08  1.57003e-11
      1260.67  2.34304e-08  1.86784e-11
      1260.99  2.21081e-08  1.85487e-11
      1261.30  1.82431e-08  1.68748e-11
      1261.62  2.17191e-08  1.91310e-11
      1261.94  2.30160e-08  1.90753e-11
      1262.26  2.31251e-08  1.92837e-11
      1262.58  1.77594e-08  1.63767e-11
      1262.90  1.85659e-08  1.67114e-11
      1263.22  2.68630e-08  2.11872e-11
      1263.54  2.28017e-08  1.96866e-11
      1263.86  1.53091e-08  1.67767e-11
      1264.17  1.23426e-08  1.59153e-11
      1264.49  9.19563e-09  1.37873e-11
      1264.81  9.67885e-09  1.35357e-11
      1265.13  1.81884e-08  1.79759e-11
      1265.45  2.70832e-08  1.97784e-11
      1265.77  2.30196e-08  1.55932e-11
      1266.10  1.35584e-08  1.10785e-11
      1266.42  7.74085e-09  8.91094e-12
      1266.74  6.61613e-09  8.57925e-12
      1267.06  8.88296e-09  9.55619e-12
      1267.38  1.71895e-08  1.27454e-11
      1267.70  3.04570e-08  1.73837e-11
      1268.02  3.22922e-08  1.71818e-11
      1268.34  3.19199e-08  1.72943e-11
      1268.67  2.91047e-08  1.64457e-11
      1268.99  2.86211e-08  1.72978e-11
      1269.31  2.27960e-08  1.58738e-11
      1269.63  1.56405e-08  1.37200e-11
      1269.95  1.31984e-08  1.31417e-11
      1270.28  1.56448e-08  1.41247e-11
      1270.60  2.45004e-08  1.80433e-11
      1270.92  2.91362e-08  1.91566e-11
      1271.25  3.15319e-08  1.98505e-11
      1271.57  3.08228e-08  2.02234e-11
      1271.89  1.92885e-08  1.62068e-11
      1272.22  9.31359e-09  1.19035e-11
      1272.54  5.96388e-09  1.04464e-11
      1272.86  4.93091e-09  9.98864e-12
      1273.19  4.65186e-09  9.96719e-12
      1273.51  5.54693e-09  1.04232e-11
      1273.84  8.26967e-09  1.21531e-11
      1274.16  1.08518e-08  1.35932e-11
      1274.49  1.42677e-08  1.43409e-11
      1274.81  2.29780e-08  1.65854e-11
      1275.14  2.89269e-08  1.90524e-11
      1275.46  2.54629e-08  1.64566e-11
      1275.79  1.94634e-08  1.35451e-11
      1276.11  1.37039e-08  1.11584e-11
      1276.44  1.72438e-08  1.23625e-11
      1276.76  2.72356e-08  1.59849e-11
      1277.09  2.82949e-08  1.57430e-11
      1277.42  2.88656e-08  1.67032e-11
      1277.74  2.02200e-08  1.41744e-11
      1278.07  1.01663e-08  1.06113e-11
      1278.40  6.33621e-09  9.30334e-12
      1278.72  4.94157e-09  8.78280e-12
      1279.05  4.85284e-09  8.82138e-12
      1279.38  6.38356e-09  9.83591e-12
      1279.71  9.15307e-09  1.13069e-11
      1280.03  1.20500e-08  1.31033e-11
      1280.36  1.09074e-08  1.23388e-11
      1280.69  1.15506e-08  1.31189e-11
      1281.02  1.49267e-08  1.53302e-11
      1281.34  2.10571e-08  1.88205e-11
      1281.67  2.53018e-08  2.13880e-11
      1282.00  2.03829e-08  1.88871e-11
      1282.33  2.06319e-08  1.86774e-11
      1282.66  3.04773e-08  2.21749e-11
      1282.99  3.66818e-08  2.11290e-11
      1283.32  3.54043e-08  1.83970e-11
      1283.65  2.66562e-08  1.52237e-11
      1283.98  1.55175e-08  1.15627e-11
      1284.31  9.46112e-09  9.64119e-12
      1284.64  7.25424e-09  8.97272e-12
      1284.97  7.15183e-09  9.07026e-12
      1285.30  8.17138e-09  9.81062e-12
      1285.63  7.14912e-09  9.13870e-12
      1285.96  6.66174e-09  8.74406e-12
      1286.29  9.59460e-09  1.07420e-11
      1286.62  1.29281e-08  1.30396e-11
      1286.95  1.23951e-08  1.29138e-11
      1287.28  1.52913e-08  1.46235e-11
      1287.61  2.50464e-08  1.95585e-11
      1287.95  2.96498e-08  2.12576e-11
      1288.28  2.97235e-08  2.10507e-11
      1288.61  2.97739e-08  2.08392e-11
      1288.94  2.93773e-08  2.13245e-11
      1289.27  2.15834e-08  1.81533e-11
      1289.61  1.67612e-08  1.69271e-11
      1289.94  1.37001e-08  1.59683e-11
      1290.27  9.56033e-09  1.35589e-11
      1290.61  7.74966e-09  1.15355e-11
      1290.94  5.63290e-09  8.50577e-12
      1291.27  4.57864e-09  7.13149e-12
      1291.61  5.49119e-09  7.26678e-12
      1291.94  8.83152e-09  9.17018e-12
      1292.27  1.43954e-08  1.15972e-11
      1292.61  2.03650e-08  1.48953e-11
      1292.94  1.47882e-08  1.27031e-11
      1293.28  1.18495e-08  1.20585e-11
      1293.61  1.56070e-08  1.43884e-11
      1293.95  1.89345e-08  1.53118e-11
      1294.28  2.73517e-08  1.89817e-11
      1294.62  3.05821e-08  1.99399e-11
      1294.95  2.58875e-08  1.81720e-11
      1295.29  2.51978e-08  1.90160e-11
      1295.62  2.21366e-08  1.82457e-11
      1295.96  1.66881e-08  1.63665e-11
      1296.29  1.47107e-08  1.60303e-11
      1296.63  1.53400e-08  1.64955e-11
      1296.97  1.83854e-08  1.76545e-11
      1297.30  2.68420e-08  1.99386e-11
      1297.64  3.34290e-08  2.00469e-11
      1297.98  2.85046e-08  1.60853e-11
      1298.31  2.03773e-08  1.32715e-11
      1298.65  1.38582e-08  1.36103e-11
      1298.99  1.22666e-08  1.29064e-11
      1299.33  1.76847e-08  1.60415e-11
      1299.66  2.59705e-08  1.71802e-11
      1300.00  2.89027e-08  1.80455e-11
      1300.34  2.64368e-08  1.85693e-11
      1300.68  1.89798e-08  1.59205e-11
      1301.02  1.86888e-08  1.50099e-11
      1301.35  2.98761e-08  2.00205e-11
      1301.69  3.55091e-08  2.24352e-11
      1302.03  3.41130e-08  2.27482e-11
      1302.37  3.08064e-08  2.16648e-11
      1302.71  3.44811e-08  2.35281e-11
      1303.05  3.78826e-08  2.41346e-11
      1303.39  4.23839e-08  2.56497e-11
      1303.73  4.51103e-08  2.63997e-11
      1304.07  4.09125e-08  2.25558e-11
      1304.41  4.11706e-08  2.09082e-11
      1304.75  4.50671e-08  2.09940e-11
      1305.09  4.80720e-08  2.07998e-11
      1305.43  5.50739e-08  2.27028e-11
      1305.77  6.17536e-08  2.66133e-11
      1306.11  5.71261e-08  2.98233e-11
      1306.46  3.72509e-08  2.34733e-11
      1306.80  2.25353e-08  1.62474e-11
      1307.14  1.33870e-08  1.27937e-11
      1307.48  9.44837e-09  1.15375e-11
      1307.82  7.62954e-09  1.09766e-11
      1308.16  7.57923e-09  1.11610e-11
      1308.51  8.72988e-09  1.22031e-11
      1308.85  7.29857e-09  1.11191e-11
      1309.19  5.41328e-09  9.82948e-12
      1309.53  4.94626e-09  9.58925e-12
      1309.88  4.85823e-09  9.70857e-12
      1310.22  5.19753e-09  9.79910e-12
      1310.56  6.53865e-09  9.34469e-12
      1310.91  1.19107e-08  1.11115e-11
      1311.25  1.92213e-08  1.48206e-11
      1311.60  1.88874e-08  1.45422e-11
      1311.94  1.22887e-08  1.12480e-11
      1312.28  6.87314e-09  8.79223e-12
      1312.63  4.75230e-09  7.87934e-12
      1312.97  4.10920e-09  7.76580e-12
      1313.32  5.46759e-09  9.03395e-12
      1313.66  8.60549e-09  1.20278e-11
      1314.01  7.24914e-09  1.10344e-11
      1314.35  4.34287e-09  8.93729e-12
      1314.70  3.36529e-09  8.34565e-12
      1315.05  3.33264e-09  8.22993e-12
      1315.39  3.77558e-09  8.76366e-12
      1315.74  4.78309e-09  9.87781e-12
      1316.08  7.26257e-09  1.15962e-11
      1316.43  1.43009e-08  1.40522e-11
      1316.78  2.20269e-08  1.57417e-11
      1317.12  1.76514e-08  1.31616e-11
      1317.47  9.10585e-09  9.55649e-12
      1317.82  5.61073e-09  7.90150e-12
      1318.17  5.79975e-09  8.17188e-12
      1318.51  9.35026e-09  1.07110e-11
      1318.86  1.13188e-08  1.23995e-11
      1319.21  7.67219e-09  1.05857e-11
      1319.56  4.62826e-09  8.84432e-12
      1319.91  4.71017e-09  9.48895e-12
      1320.25  4.76355e-09  9.52510e-12
      1320.60  4.78697e-09  9.44604e-12
      1320.95  5.77173e-09  1.01642e-11
      1321.30  8.05470e-09  1.17489e-11
      1321.65  1.49984e-08  1.58260e-11
      1322.00  2.60094e-08  2.10118e-11
      1322.35  2.01137e-08  1.60304e-11
      1322.70  1.16288e-08  1.11446e-11
      1323.05  8.45114e-09  9.36198e-12
      1323.40  9.33310e-09  1.01344e-11
      1323.75  1.08917e-08  1.10140e-11
      1324.10  1.12682e-08  1.16393e-11
      1324.45  8.28186e-09  1.01808e-11
      1324.80  6.04632e-09  9.34314e-12
      