227
      1249.95  1.39252e-08  1.44673e-11
      1250.27  6.75727e-09  1.02501e-11
      1250.58  2.17450e-09  6.98769e-12
      1250.89  1.52353e-09  6.43574e-12
      1251.20  2.06980e-09  6.63786e-12
      1251.52  3.32256e-09  7.54591e-12
      1251.83  5.76245e-09  9.51070e-12
      1252.14  7.52783e-09  1.08638e-11
      1252.46  7.24643e-09  1.09397e-11
      1252.77  6.80734e-09  1.05838e-11
      1253.09  1.10911e-08  1.31055e-11
      1253.40  2.04966e-08  1.76665e-11
      1253.71  2.43101e-08  2.01349e-11
      1254.03  1.46525e-08  1.50593e-11
      1254.34  7.73399e-09  1.06303e-11
      1254.66  9.51655e-09  1.19974e-11
      1254.97  1.49323e-08  1.60549e-11
      1255.29  9.77601e-09  1.27246e-11
      1255.60  4.44725e-09  9.14686e-12
      1255.92  5.09109e-09  1.01442e-11
      1256.23  8.64089e-09  1.19787e-11
      1256.55  1.41110e-08  1.53434e-11
      1256.87  9.93362e-09  1.22900e-11
      1257.18  4.50838e-09  8.66430e-12
      1257.50  4.02167e-09  8.45769e-12
      1257.81  6.48359e-09  1.15314e-11
      1258.13  6.82911e-09  1.14165e-11
      1258.45  5.24880e-09  9.62139e-12
      1258.76  5.18382e-09  9.14113e-12
      1259.08  9.17899e-09  1.10646e-11
      1259.40  1.82353e-08  1.48664e-11
      1259.72  2.42369e-08  1.68484e-11
      1260.03  1.85510e-08  1.40807e-11
      1260.35  1.39351e-08  1.18415e-11
      1260.67  1.74214e-08  1.37624e-11
      1260.99  1.61979e-08  1.32044e-11
      1261.30  1.32065e-08  1.16358e-11
      1261.62  1.62041e-08  1.34249e-11
      1261.94  1.69684e-08  1.30625e-11
      1262.26  1.74395e-08  1.34766e-11
      1262.58  1.27265e-08  1.08470e-11
      1262.90  1.33655e-08  1.10515e-11
      1263.22  2.05278e-08  1.47446e-11
      1263.54  1.68285e-08  1.31102e-11
      1263.86  1.07439e-08  1.08368e-11
      1264.17  8.53264e-09  1.03464e-11
      1264.49  6.20640e-09  8.94273e-12
      1264.81  6.69679e-09  9.19034e-12
      1265.13  1.32130e-08  1.26404e-11
      1265.45  2.02559e-08  1.56273e-11
      1265.77  1.80495e-08  1.45693e-11
      1266.10  9.85764e-09  1.07856e-11
      1266.42  5.13895e-09  8.41946e-12
      1266.74  4.40763e-09  8.19111e-12
      1267.06  6.00188e-09  9.17845e-12
      1267.38  1.24217e-08  1.25808e-11
      1267.70  2.23305e-08  1.68300e-11
      1268.02  2.39843e-08  1.65265e-11
      1268.34  2.36117e-08  1.60927e-11
      1268.67  2.09075e-08  1.51592e-11
      1268.99  1.88375e-08  1.61094e-11
      1269.31  1.55377e-08  1.34509e-11
      1269.63  1.11319e-08  1.07030e-11
      1269.95  9.29348e-09  9.86735e-12
      1270.28  1.12031e-08  1.03309e-11
      1270.60  1.85177e-08  1.34233e-11
      1270.92  2.20130e-08  1.37964e-11
      1271.25  2.39641e-08  1.39996e-11
      1271.57  2.35925e-08  1.40425e-11
      1271.89  1.41150e-08  1.06548e-11
      1272.22  6.36913e-09  7.58555e-12
      1272.54  3.96089e-09  6.69537e-12
      1272.86  3.23035e-09  6.42950e-12
      1273.19  3.02789e-09  6.42919e-12
      1273.51  3.68695e-09  6.87079e-12
      1273.84  5.70654e-09  8.18933e-12
      1274.16  7.58410e-09  9.26285e-12
      1274.49  9.99308e-09  1.01851e-11
      1274.81  1.71642e-08  1.38370e-11
      1275.14  2.34041e-08  1.69143e-11
      1275.46  2.10212e-08  1.58580e-11
      1275.79  1.41224e-08  1.31039e-11
      1276.11  9.51524e-09  1.07227e-11
      1276.44  1.23384e-08  1.18800e-11
      1276.76  2.01225e-08  1.50500e-11
      1277.09  2.10039e-08  1.44516e-11
      1277.42  2.15460e-08  1.47382e-11
      1277.74  1.48641e-08  1.19449e-11
      1278.07  7.12694e-09  8.41138e-12
      1278.40  4.28001e-09  6.99340e-12
      1278.72  3.29918e-09  6.46847e-12
      1279.05  3.25876e-09  6.28898e-12
      1279.38  4.38766e-09  6.87139e-12
      1279.71  6.52572e-09  7.81548e-12
      1280.03  8.74937e-09  9.01177e-12
      1280.36  7.77767e-09  8.24440e-12
      1280.69  8.25746e-09  8.83159e-12
      1281.02  1.07918e-08  1.00720e-11
      1281.34  1.56171e-08  1.25969e-11
      1281.67  1.88674e-08  1.46547e-11
      1282.00  1.48274e-08  1.28275e-11
      1282.33  1.51299e-08  1.29125e-11
      1282.66  2.29108e-08  1.60506e-11
      1282.99  2.87554e-08  1.76707e-11
      1283.32  2.84411e-08  1.78343e-11
      1283.65  2.03253e-08  1.50323e-11
      1283.98  1.10601e-08  1.11746e-11
      1284.31  6.47652e-09  9.04960e-12
      1284.64  4.87926e-09  8.60696e-12
      1284.97  4.84048e-09  8.11439e-12
      1285.30  5.61985e-09  8.43987e-12
      1285.63  4.89271e-09  7.54219e-12
      1285.96  4.56111e-09  6.93007e-12
      1286.29  6.83868e-09  8.10403e-12
      1286.62  9.42026e-09  9.48082e-12
      1286.95  8.92824e-09  8.99823e-12
      1287.28  1.12514e-08  9.89020e-12
      1287.61  1.90958e-08  1.33629e-11
      1287.95  2.26015e-08  1.44729e-11
      1288.28  2.25671e-08  1.44453e-11
      1288.61  2.24611e-08  1.42623e-11
      1288.94  2.21587e-08  1.46855e-11
      1289.27  1.57441e-08  1.22319e-11
      1289.61  1.19818e-08  1.13344e-11
      1289.94  9.55287e-09  1.05575e-11
      1290.27  6.49663e-09  9.01901e-12
      1290.61  5.63957e-09  8.87407e-12
      1290.94  4.19979e-09  7.69305e-12
      1291.27  3.08620e-09  6.85665e-12
      1291.61  3.62820e-09  6.99629e-12
      1291.94  6.04821e-09  8.35281e-12
      1292.27  1.02078e-08  1.02031e-11
      1292.61  1.48331e-08  1.26102e-11
      1292.94  1.11077e-08  1.08243e-11
      1293.28  8.67414e-09  9.71217e-12
      1293.61  1.12214e-08  1.06084e-11
      1293.95  1.40824e-08  1.11211e-11
      1294.28  2.05639e-08  1.32738e-11
      1294.62  2.30867e-08  1.38799e-11
      1294.95  1.95374e-08  1.24622e-11
      1295.29  1.86742e-08  1.27639e-11
      1295.62  1.61820e-08  1.22283e-11
      1295.96  1.20086e-08  1.09001e-11
      1296.29  1.04101e-08  1.05963e-11
      1296.63  1.08253e-08  1.10055e-11
      1296.97  1.33456e-08  1.21719e-11
      1297.30  2.00243e-08  1.47238e-11
      1297.64  2.62140e-08  1.70291e-11
      1297.98  2.26432e-08  1.56334e-11
      1298.31  1.47241e-08  1.25093e-11
      1298.65  8.57464e-09  9.72521e-12
      1298.99  6.73011e-09  9.18895e-12
      1299.33  1.17277e-08  1.21626e-11
      1299.66  1.95687e-08  1.44677e-11
      1300.00  2.16797e-08  1.41387e-11
      1300.34  1.89462e-08  1.29031e-11
      1300.68  1.33171e-08  1.02642e-11
      1301.02  1.38338e-08  1.01939e-11
      1301.35  2.30874e-08  1.38900e-11
      1301.69  2.73060e-08  1.52542e-11
      1302.03  2.62415e-08  1.55696e-11
      1302.37  2.32842e-08  1.46528e-11
      1302.71  2.66851e-08  1.65356e-11
      1303.05  2.89586e-08  1.69620e-11
      1303.39  3.29932e-08  1.83374e-11
      1303.73  3.52477e-08  1.92282e-11
      1304.07  3.28870e-08  1.84302e-11
      1304.41  3.36724e-08  1.90744e-11
      1304.75  3.56534e-08  1.99360e-11
      1305.09  3.71029e-08  1.99728e-11
      1305.43  4.33143e-08  2.14608e-11
      1305.77  4.98810e-08  2.31552e-11
      1306.11  4.63067e-08  2.39732e-11
      1306.46  3.11151e-08  1.77983e-11
      1306.80  1.70303e-08  1.16812e-11
      1307.14  9.61479e-09  9.83695e-12
      1307.48  6.98544e-09  1.49926e-11
      1307.82  5.33037e-09  7.22983e-12
      1308.16  5.27663e-09  7.33181e-12
      1308.51  6.19237e-09  8.15005e-12
      1308.85  5.04927e-09  7.43669e-12
      1309.19  3.60484e-09  6.55423e-12
      1309.53  3.26787e-09  6.54169e-12
      1309.88  3.22185e-09  6.65660e-12
      1310.22  3.49515e-09  6.94214e-12
      1310.56  4.60333e-09  7.82840e-12
      1310.91  8.30976e-09  1.00381e-11
      1311.25  1.47958e-08  1.32988e-11
      1311.60  1.49042e-08  1.30445e-11
      1311.94  8.98880e-09  9.63303e-12
      1312.28  4.78029e-09  6.98785e-12
      1312.63  3.24718e-09  6.03454e-12
      1312.97  2.79333e-09  5.65855e-12
      1313.32  3.83817e-09  6.30181e-12
      1313.66  6.14303e-09  7.97693e-12
      1314.01  5.12842e-09  7.38627e-12
      1314.35  2.94001e-09  5.94594e-12
      1314.70  2.21347e-09  5.57719e-12
      1315.05  2.19042e-09  5.66427e-12
      1315.39  2.50588e-09  6.01192e-12
      1315.74  3.25066e-09  6.70415e-12
      1316.08  5.03852e-09  7.94725e-12
      1316.43  1.01233e-08  1.09227e-11
      1316.78  1.65288e-08  1.43463e-11
      1317.12  1.30826e-08  1.25558e-11
      1317.47  6.44863e-09  8.61136e-12
      1317.82  3.85309e-09  6.73976e-12
      1318.17  4.01249e-09  6.49351e-12
      1318.51  6.69063e-09  8.09878e-12
      1318.86  8.16529e-09  8.82267e-12
      1319.21  5.43334e-09  7.25635e-12
      1319.56  3.19243e-09  6.13568e-12
      1319.91  3.23830e-09  6.36843e-12
      1320.25  3.24134e-09  6.43423e-12
      1320.60  3.23668e-09  6.54362e-12
      1320.95  3.96447e-09  7.00288e-12
      1321.30  5.70493e-09  8.13525e-12
      1321.65  1.13899e-08  1.11406e-11
      1322.00  2.02726e-08  1.55043e-11
      1322.35  1.71862e-08  1.42697e-11
      1322.70  9.02281e-09  1.04309e-11
      1323.05  5.86567e-09  8.45486e-12
      1323.40  6.55629e-09  8.70721e-12
      1323.75  7.78083e-09  8.91064e-12
      1324.10  8.09968e-09  8.83148e-12
      1324.45  5.84875e-09  7.29711e-12
      1324.80  4.19686e-09  6.44315e-12
      