227
      1249.95  1.05459e-08  1.46754e-11
      1250.27  5.06914e-09  1.06515e-11
      1250.58  1.52729e-09  7.52822e-12
      1250.89  9.71170e-10  6.62956e-12
      1251.20  1.33986e-09  6.40871e-12
      1251.52  2.25210e-09  7.22707e-12
      1251.83  4.17441e-09  9.33484e-12
      1252.14  5.51112e-09  1.07134e-11
      1252.46  5.28072e-09  1.07939e-11
      1252.77  4.73772e-09  1.02388e-11
      1253.09  8.12344e-09  1.28909e-11
      1253.40  1.60851e-08  1.75067e-11
      1253.71  2.03799e-08  1.98205e-11
      1254.03  1.22651e-08  1.48943e-11
      1254.34  5.72709e-09  1.04354e-11
      1254.66  7.24462e-09  1.16679e-11
      1254.97  1.14700e-08  1.52478e-11
      1255.29  7.84284e-09  1.25941e-11
      1255.60  3.40106e-09  8.97295e-12
      1255.92  3.79314e-09  9.58791e-12
      1256.23  6.81751e-09  1.14878e-11
      1256.55  1.08312e-08  1.40988e-11
      1256.87  7.87611e-09  1.14591e-11
      1257.18  3.48778e-09  7.97801e-12
      1257.50  2.40144e-09  7.06747e-12
      1257.81  2.75580e-09  7.42976e-12
      1258.13  3.51156e-09  8.17568e-12
      1258.45  3.49268e-09  8.10646e-12
      1258.76  3.64848e-09  8.15890e-12
      1259.08  6.69831e-09  9.77436e-12
      1259.40  1.43703e-08  1.34906e-11
      1259.72  1.99279e-08  1.55683e-11
      1260.03  1.45241e-08  1.28594e-11
      1260.35  1.02694e-08  1.07492e-11
      1260.67  1.38054e-08  1.33841e-11
      1260.99  1.27427e-08  1.28488e-11
      1261.30  9.91526e-09  1.13602e-11
      1261.62  1.25029e-08  1.35628e-11
      1261.94  1.32419e-08  1.37372e-11
      1262.26  1.31103e-08  1.50489e-11
      1262.58  8.61106e-09  1.05670e-11
      1262.90  1.00943e-08  1.07726e-11
      1263.22  1.54697e-08  1.38924e-11
      1263.54  1.31085e-08  1.30184e-11
      1263.86  8.19966e-09  1.07284e-11
      1264.17  6.29058e-09  1.00363e-11
      1264.49  4.56315e-09  8.90267e-12
      1264.81  4.99801e-09  8.96177e-12
      1265.13  1.02756e-08  1.22302e-11
      1265.45  1.61575e-08  1.50462e-11
      1265.77  1.44372e-08  1.40373e-11
      1266.10  7.67729e-09  1.02157e-11
      1266.42  3.79773e-09  7.71203e-12
      1266.74  3.17812e-09  7.35586e-12
      1267.06  4.35497e-09  8.20231e-12
      1267.38  9.25227e-09  1.16076e-11
      1267.70  1.89324e-08  1.65560e-11
      1268.02  1.94220e-08  1.47345e-11
      1268.34  1.92532e-08  1.43179e-11
      1268.67  1.71717e-08  1.28430e-11
      1268.99  1.70417e-08  1.31333e-11
      1269.31  1.31900e-08  1.15558e-11
      1269.63  8.46302e-09  9.55704e-12
      1269.95  6.98051e-09  9.03561e-12
      1270.28  8.63247e-09  9.94964e-12
      1270.60  1.44400e-08  1.33733e-11
      1270.92  1.75048e-08  1.40906e-11
      1271.25  1.90069e-08  1.45579e-11
      1271.57  1.85099e-08  1.48084e-11
      1271.89  1.08875e-08  1.11821e-11
      1272.22  4.61838e-09  7.46577e-12
      1272.54  2.76033e-09  6.52574e-12
      1272.86  2.21417e-09  6.45934e-12
      1273.19  2.08811e-09  6.43459e-12
      1273.51  2.61811e-09  6.92352e-12
      1273.84  4.23504e-09  8.17310e-12
      1274.16  5.71272e-09  9.01707e-12
      1274.49  7.61963e-09  9.79379e-12
      1274.81  1.37321e-08  1.30712e-11
      1275.14  1.90694e-08  1.56280e-11
      1275.46  1.72169e-08  1.48912e-11
      1275.79  1.13055e-08  1.21697e-11
      1276.11  7.28344e-09  9.75088e-12
      1276.44  9.51053e-09  1.04738e-11
      1276.76  1.65912e-08  1.39247e-11
      1277.09  1.69102e-08  1.29129e-11
      1277.42  1.74286e-08  1.32934e-11
      1277.74  1.19190e-08  1.07189e-11
      1278.07  5.32665e-09  7.45023e-12
      1278.40  3.07716e-09  6.42623e-12
      1278.72  2.33445e-09  6.13353e-12
      1279.05  2.29878e-09  6.16714e-12
      1279.38  3.15414e-09  6.92201e-12
      1279.71  4.85688e-09  8.13030e-12
      1280.03  6.51636e-09  9.33585e-12
      1280.36  5.89486e-09  8.57431e-12
      1280.69  6.08534e-09  8.42639e-12
      1281.02  8.08517e-09  9.75206e-12
      1281.34  1.20030e-08  1.22223e-11
      1281.67  1.46751e-08  1.41422e-11
      1282.00  1.16509e-08  1.25234e-11
      1282.33  1.19866e-08  1.25882e-11
      1282.66  1.84550e-08  1.54291e-11
      1282.99  2.35326e-08  1.69227e-11
      1283.32  2.34929e-08  1.66706e-11
      1283.65  1.65993e-08  1.38480e-11
      1283.98  8.79654e-09  1.02433e-11
      1284.31  4.97899e-09  8.18758e-12
      1284.64  3.63644e-09  7.23469e-12
      1284.97  3.57160e-09  7.01836e-12
      1285.30  4.24079e-09  7.57557e-12
      1285.63  3.56602e-09  6.69159e-12
      1285.96  3.25056e-09  6.22730e-12
      1286.29  5.09569e-09  7.49896e-12
      1286.62  7.38226e-09  9.30559e-12
      1286.95  6.71626e-09  8.84174e-12
      1287.28  8.36745e-09  9.97486e-12
      1287.61  1.52892e-08  1.44405e-11
      1287.95  1.80074e-08  1.51710e-11
      1288.28  1.75854e-08  1.40931e-11
      1288.61  1.75468e-08  1.39783e-11
      1288.94  1.75705e-08  1.44671e-11
      1289.27  1.25275e-08  1.21674e-11
      1289.61  9.14656e-09  1.09584e-11
      1289.94  7.38392e-09  1.01955e-11
      1290.27  4.97166e-09  8.61729e-12
      1290.61  4.19315e-09  8.22081e-12
      1290.94  3.20223e-09  7.36347e-12
      1291.27  2.32085e-09  6.33779e-12
      1291.61  2.73761e-09  6.34631e-12
      1291.94  4.58831e-09  7.36281e-12
      1292.27  7.99163e-09  9.07451e-12
      1292.61  1.12415e-08  1.08078e-11
      1292.94  8.42997e-09  9.25562e-12
      1293.28  6.41587e-09  8.37040e-12
      1293.61  8.39102e-09  9.88577e-12
      1293.95  1.09679e-08  1.10108e-11
      1294.28  1.62265e-08  1.35982e-11
      1294.62  1.81856e-08  1.44879e-11
      1294.95  1.54358e-08  1.32003e-11
      1295.29  1.45118e-08  1.26689e-11
      1295.62  1.22799e-08  1.17310e-11
      1295.96  9.04744e-09  1.04976e-11
      1296.29  7.85263e-09  1.02379e-11
      1296.63  8.24859e-09  1.06303e-11
      1296.97  1.02925e-08  1.13695e-11
      1297.30  1.61168e-08  1.38298e-11
      1297.64  2.18205e-08  1.59446e-11
      1297.98  1.84683e-08  1.41443e-11
      1298.31  1.17232e-08  1.12582e-11
      1298.65  6.45821e-09  8.49051e-12
      1298.99  4.75677e-09  7.42027e-12
      1299.33  8.35663e-09  9.30741e-12
      1299.66  1.57046e-08  1.29522e-11
      1300.00  1.74351e-08  1.31359e-11
      1300.34  1.51607e-08  1.23592e-11
      1300.68  1.01401e-08  1.00402e-11
      1301.02  1.03139e-08  1.03289e-11
      1301.35  1.86498e-08  1.50271e-11
      1301.69  2.22080e-08  1.65097e-11
      1302.03  2.11162e-08  1.61317e-11
      1302.37  1.84244e-08  1.43517e-11
      1302.71  2.13553e-08  1.60810e-11
      1303.05  2.37960e-08  1.67432e-11
      1303.39  2.70941e-08  1.76702e-11
      1303.73  2.94603e-08  1.83064e-11
      1304.07  2.75434e-08  1.74393e-11
      1304.41  2.80092e-08  1.74415e-11
      1304.75  2.98537e-08  1.79168e-11
      1305.09  3.13362e-08  1.80019e-11
      1305.43  3.65422e-08  1.89835e-11
      1305.77  4.27805e-08  2.02163e-11
      1306.11  4.21562e-08  1.96852e-11
      1306.46  2.87867e-08  1.60363e-11
      1306.80  1.41431e-08  1.14704e-11
      1307.14  7.33118e-09  8.93097e-12
      1307.48  4.90421e-09  8.03993e-12
      1307.82  3.87496e-09  7.65884e-12
      1308.16  3.91196e-09  8.05527e-12
      1308.51  4.51937e-09  8.37052e-12
      1308.85  3.67155e-09  7.27155e-12
      1309.19  2.62576e-09  6.33922e-12
      1309.53  2.37287e-09  6.09923e-12
      1309.88  2.35630e-09  6.15253e-12
      1310.22  2.58483e-09  6.46313e-12
      1310.56  3.46005e-09  6.99983e-12
      1310.91  6.51061e-09  8.84829e-12
      1311.25  1.19411e-08  1.17924e-11
      1311.60  1.19178e-08  1.13014e-11
      1311.94  6.99425e-09  8.43626e-12
      1312.28  3.58618e-09  6.28320e-12
      1312.63  2.35947e-09  5.58299e-12
      1312.97  1.97796e-09  5.54339e-12
      1313.32  2.76043e-09  6.37352e-12
      1313.66  4.70912e-09  8.67669e-12
      1314.01  3.82590e-09  8.00883e-12
      1314.35  2.11655e-09  6.59486e-12
      1314.70  1.57589e-09  6.01534e-12
      1315.05  1.55868e-09  5.52654e-12
      1315.39  1.79802e-09  5.78644e-12
      1315.74  2.37294e-09  6.51405e-12
      1316.08  3.76217e-09  7.31361e-12
      1316.43  7.89283e-09  9.83135e-12
      1316.78  1.38302e-08  1.31690e-11
      1317.12  1.07056e-08  1.10728e-11
      1317.47  4.87420e-09  7.47299e-12
      1317.82  2.79763e-09  5.93191e-12
      1318.17  2.86856e-09  5.89692e-12
      1318.51  5.04922e-09  7.54303e-12
      1318.86  6.32860e-09  8.76825e-12
      1319.21  4.03442e-09  7.36515e-12
      1319.56  2.23233e-09  6.32200e-12
      1319.91  2.34082e-09  6.90994e-12
      1320.25  2.38035e-09  6.94453e-12
      1320.60  2.37186e-09  6.58974e-12
      1320.95  2.91798e-09  6.73083e-12
      1321.30  4.28768e-09  7.50452e-12
      1321.65  8.84955e-09  1.00320e-11
      1322.00  1.67100e-08  1.44220e-11
      1322.35  1.44246e-08  1.30628e-11
      1322.70  7.15735e-09  9.01208e-12
      1323.05  4.43971e-09  7.29440e-12
      1323.40  4.92814e-09  7.48844e-12
      1323.75  5.89502e-09  8.03567e-12
      1324.10  6.11383e-09  8.37905e-12
      1324.45  4.42421e-09  7.20099e-12
      1324.80  3.05642e-09  6.51627e-12
      