227
      1249.95  8.14963e-09  1.26890e-11
      1250.27  3.83876e-09  9.34845e-12
      1250.58  1.20627e-09  6.06446e-12
      1250.89  8.50120e-10  5.48886e-12
      1251.20  1.14547e-09  5.58057e-12
      1251.52  1.82245e-09  6.10675e-12
      1251.83  3.31455e-09  7.61763e-12
      1252.14  4.34502e-09  8.60107e-12
      1252.46  4.12851e-09  8.28324e-12
      1252.77  3.71817e-09  7.59216e-12
      1253.09  6.35974e-09  8.85319e-12
      1253.40  1.26322e-08  1.15147e-11
      1253.71  1.60413e-08  1.28554e-11
      1254.03  9.74943e-09  9.75631e-12
      1254.34  4.42719e-09  6.92007e-12
      1254.66  5.56630e-09  7.96791e-12
      1254.97  8.89445e-09  1.03762e-11
      1255.29  6.09986e-09  8.64400e-12
      1255.60  2.61881e-09  6.26463e-12
      1255.92  2.87071e-09  6.31498e-12
      1256.23  5.16635e-09  7.44875e-12
      1256.55  8.32560e-09  9.31371e-12
      1256.87  6.00442e-09  7.84645e-12
      1257.18  2.62230e-09  5.78406e-12
      1257.50  1.84173e-09  5.62323e-12
      1257.81  2.10572e-09  6.08986e-12
      1258.13  2.64316e-09  6.68299e-12
      1258.45  2.64307e-09  6.77369e-12
      1258.76  2.77431e-09  6.45857e-12
      1259.08  5.09523e-09  7.74668e-12
      1259.40  1.09826e-08  1.07634e-11
      1259.72  1.51939e-08  1.27837e-11
      1260.03  1.12818e-08  1.11099e-11
      1260.35  8.01093e-09  9.51886e-12
      1260.67  1.03373e-08  1.15783e-11
      1260.99  9.59778e-09  1.13031e-11
      1261.30  7.61104e-09  1.01607e-11
      1261.62  9.51990e-09  1.12586e-11
      1261.94  1.01185e-08  1.08153e-11
      1262.26  1.02282e-08  1.06669e-11
      1262.58  7.57656e-09  8.28856e-12
      1262.90  8.08780e-09  8.23413e-12
      1263.22  1.25622e-08  1.08569e-11
      1263.54  1.04025e-08  9.78537e-12
      1263.86  6.39509e-09  7.87635e-12
      1264.17  4.87623e-09  7.16265e-12
      1264.49  3.47388e-09  6.05097e-12
      1264.81  3.78972e-09  5.84522e-12
      1265.13  7.99264e-09  7.77241e-12
      1265.45  1.27754e-08  9.70741e-12
      1265.77  1.13568e-08  9.22951e-12
      1266.10  5.90326e-09  6.84448e-12
      1266.42  2.87302e-09  5.37305e-12
      1266.74  2.40959e-09  5.35305e-12
      1267.06  3.29424e-09  5.84605e-12
      1267.38  7.35596e-09  7.83748e-12
      1267.70  1.44072e-08  1.10156e-11
      1268.02  1.50759e-08  1.06333e-11
      1268.34  1.48647e-08  1.08647e-11
      1268.67  1.32143e-08  1.01594e-11
      1268.99  1.32173e-08  1.10672e-11
      1269.31  1.00625e-08  9.95787e-12
      1269.63  6.33073e-09  8.31910e-12
      1269.95  5.16608e-09  7.89750e-12
      1270.28  6.37889e-09  8.13937e-12
      1270.60  1.12501e-08  1.08594e-11
      1270.92  1.35312e-08  1.12620e-11
      1271.25  1.47621e-08  1.16817e-11
      1271.57  1.46888e-08  1.21560e-11
      1271.89  8.41600e-09  9.15790e-12
      1272.22  3.52983e-09  6.16167e-12
      1272.54  2.16515e-09  5.20489e-12
      1272.86  1.76194e-09  4.86325e-12
      1273.19  1.65218e-09  4.66049e-12
      1273.51  2.03908e-09  4.64365e-12
      1273.84  3.28055e-09  5.26193e-12
      1274.16  4.42038e-09  5.84623e-12
      1274.49  5.83846e-09  6.34213e-12
      1274.81  1.06543e-08  8.70507e-12
      1275.14  1.49265e-08  1.06021e-11
      1275.46  1.34260e-08  1.02714e-11
      1275.79  8.65194e-09  8.39164e-12
      1276.11  5.51528e-09  6.71552e-12
      1276.44  7.28664e-09  7.38856e-12
      1276.76  1.26633e-08  9.88641e-12
      1277.09  1.31896e-08  9.76099e-12
      1277.42  1.33794e-08  1.04438e-11
      1277.74  9.22292e-09  8.99221e-12
      1278.07  4.08808e-09  6.50959e-12
      1278.40  2.33523e-09  5.78482e-12
      1278.72  1.78073e-09  5.33278e-12
      1279.05  1.75301e-09  5.27532e-12
      1279.38  2.38064e-09  5.71461e-12
      1279.71  3.66303e-09  6.43706e-12
      1280.03  4.88788e-09  7.38225e-12
      1280.36  4.46810e-09  6.83424e-12
      1280.69  4.78815e-09  6.74246e-12
      1281.02  6.37793e-09  7.55343e-12
      1281.34  9.54708e-09  9.20156e-12
      1281.67  1.17414e-08  1.01634e-11
      1282.00  9.19820e-09  8.53712e-12
      1282.33  9.31096e-09  8.00420e-12
      1282.66  1.45708e-08  9.86679e-12
      1282.99  1.87562e-08  1.09642e-11
      1283.32  1.87017e-08  1.11850e-11
      1283.65  1.30853e-08  9.63748e-12
      1283.98  6.71569e-09  7.26173e-12
      1284.31  3.70987e-09  5.99429e-12
      1284.64  2.72326e-09  5.51840e-12
      1284.97  2.67897e-09  5.49745e-12
      1285.30  3.14720e-09  5.74808e-12
      1285.63  2.71490e-09  5.23153e-12
      1285.96  2.50174e-09  5.12655e-12
      1286.29  3.88186e-09  6.34885e-12
      1286.62  5.51751e-09  7.81518e-12
      1286.95  5.15440e-09  7.82302e-12
      1287.28  6.50946e-09  8.59208e-12
      1287.61  1.17095e-08  1.16333e-11
      1287.95  1.42068e-08  1.22549e-11
      1288.28  1.42789e-08  1.12133e-11
      1288.61  1.42555e-08  1.04182e-11
      1288.94  1.41197e-08  1.02102e-11
      1289.27  1.00202e-08  8.55087e-12
      1289.61  7.16926e-09  7.62414e-12
      1289.94  5.68142e-09  7.02451e-12
      1290.27  3.83115e-09  5.93534e-12
      1290.61  3.21792e-09  5.58207e-12
      1290.94  2.46699e-09  4.92144e-12
      1291.27  1.81658e-09  4.20864e-12
      1291.61  2.11217e-09  4.38409e-12
      1291.94  3.45461e-09  5.36908e-12
      1292.27  6.06798e-09  7.06199e-12
      1292.61  8.65699e-09  8.90352e-12
      1292.94  6.47815e-09  7.89385e-12
      1293.28  4.82681e-09  7.14452e-12
      1293.61  6.27784e-09  8.24513e-12
      1293.95  8.27112e-09  8.89859e-12
      1294.28  1.24423e-08  1.07222e-11
      1294.62  1.40700e-08  1.14281e-11
      1294.95  1.19270e-08  1.03396e-11
      1295.29  1.14548e-08  9.96677e-12
      1295.62  9.79240e-09  9.08001e-12
      1295.96  7.12055e-09  7.79192e-12
      1296.29  6.12048e-09  7.28046e-12
      1296.63  6.38409e-09  7.20482e-12
      1296.97  8.00860e-09  7.48090e-12
      1297.30  1.26788e-08  8.99523e-12
      1297.64  1.71663e-08  1.05286e-11
      1297.98  1.44246e-08  9.68380e-12
      1298.31  8.90422e-09  7.90675e-12
      1298.65  4.86597e-09  6.32813e-12
      1298.99  3.61979e-09  5.92188e-12
      1299.33  6.45848e-09  7.65355e-12
      1299.66  1.19614e-08  1.02862e-11
      1300.00  1.34689e-08  1.06884e-11
      1300.34  1.15513e-08  9.98274e-12
      1300.68  7.86545e-09  8.26721e-12
      1301.02  8.09567e-09  8.59863e-12
      1301.35  1.43730e-08  1.19977e-11
      1301.69  1.74677e-08  1.33369e-11
      1302.03  1.68927e-08  1.27269e-11
      1302.37  1.52243e-08  1.10502e-11
      1302.71  1.75486e-08  1.15066e-11
      1303.05  1.95293e-08  1.14778e-11
      1303.39  2.22261e-08  1.19563e-11
      1303.73  2.40325e-08  1.24072e-11
      1304.07  2.22671e-08  1.19761e-11
      1304.41  2.24811e-08  1.22974e-11
      1304.75  2.38871e-08  1.30136e-11
      1305.09  2.51187e-08  1.35183e-11
      1305.43  2.96792e-08  1.47364e-11
      1305.77  3.52218e-08  1.61992e-11
      1306.11  3.48976e-08  1.62970e-11
      1306.46  2.33881e-08  1.33796e-11
      1306.80  1.10172e-08  9.48756e-12
      1307.14  5.48990e-09  7.38062e-12
      1307.48  3.63000e-09  6.71260e-12
      1307.82  2.87534e-09  6.20828e-12
      1308.16  2.91840e-09  6.26989e-12
      1308.51  3.49581e-09  6.27694e-12
      1308.85  2.89244e-09  5.30955e-12
      1309.19  2.05404e-09  4.47430e-12
      1309.53  1.85318e-09  4.29965e-12
      1309.88  1.83851e-09  4.29727e-12
      1310.22  1.99514e-09  4.66831e-12
      1310.56  2.63095e-09  5.13160e-12
      1310.91  4.94150e-09  6.37604e-12
      1311.25  9.23146e-09  8.61748e-12
      1311.60  9.26663e-09  8.54264e-12
      1311.94  5.34174e-09  6.57371e-12
      1312.28  2.66997e-09  5.20418e-12
      1312.63  1.77871e-09  4.72620e-12
      1312.97  1.52114e-09  4.78728e-12
      1313.32  2.08742e-09  5.42275e-12
      1313.66  3.49911e-09  6.94018e-12
      1314.01  2.93913e-09  6.45825e-12
      1314.35  1.62953e-09  5.10787e-12
      1314.70  1.23677e-09  4.61735e-12
      1315.05  1.25480e-09  4.10551e-12
      1315.39  1.43489e-09  4.08273e-12
      1315.74  1.85818e-09  4.40028e-12
      1316.08  2.91819e-09  5.12022e-12
      1316.43  6.08731e-09  6.91991e-12
      1316.78  1.06553e-08  9.42668e-12
      1317.12  8.32833e-09  8.18625e-12
      1317.47  3.69273e-09  5.58443e-12
      1317.82  2.11352e-09  4.67915e-12
      1318.17  2.17061e-09  4.79343e-12
      1318.51  3.74772e-09  6.33093e-12
      1318.86  4.69618e-09  7.32346e-12
      1319.21  3.06128e-09  6.24842e-12
      1319.56  1.71113e-09  5.23594e-12
      1319.91  1.79793e-09  5.45652e-12
      1320.25  1.82330e-09  5.32241e-12
      1320.60  1.81673e-09  4.84749e-12
      1320.95  2.28131e-09  4.75210e-12
      1321.30  3.30758e-09  5.14961e-12
      1321.65  7.00251e-09  6.98847e-12
      1322.00  1.35433e-08  1.03017e-11
      1322.35  1.12981e-08  9.32946e-12
      1322.70  5.41478e-09  6.62252e-12
      1323.05  3.30748e-09  5.51903e-12
      1323.40  3.67319e-09  5.96305e-12
      1323.75  4.37520e-09  6.22666e-12
      1324.10  4.55474e-09  6.53248e-12
      1324.45  3.26843e-09  5.91946e-12
      1324.80  2.29305e-09  5.54177e-12
      