227
      1249.95  1.09632e-08  1.65112e-11
      1250.27  5.29413e-09  1.17239e-11
      1250.58  1.62195e-09  7.90256e-12
      1250.89  1.03303e-09  7.10538e-12
      1251.20  1.43518e-09  7.41146e-12
      1251.52  2.43012e-09  8.38254e-12
      1251.83  4.46458e-09  1.13494e-11
      1252.14  5.89463e-09  1.17678e-11
      1252.46  5.64246e-09  1.18450e-11
      1252.77  5.07744e-09  1.13612e-11
      1253.09  8.60276e-09  1.40532e-11
      1253.40  1.69615e-08  1.90172e-11
      1253.71  2.14753e-08  2.16112e-11
      1254.03  1.27330e-08  1.61473e-11
      1254.34  5.94013e-09  1.14098e-11
      1254.66  7.52728e-09  1.29250e-11
      1254.97  1.20142e-08  1.73486e-11
      1255.29  8.12802e-09  1.44821e-11
      1255.60  3.50504e-09  1.06961e-11
      1255.92  3.93315e-09  1.12945e-11
      1256.23  7.01402e-09  1.37580e-11
      1256.55  1.10894e-08  1.73184e-11
      1256.87  8.04112e-09  1.42631e-11
      1257.18  3.54806e-09  9.96680e-12
      1257.50  2.44958e-09  9.01115e-12
      1257.81  2.82574e-09  9.57180e-12
      1258.13  3.60109e-09  1.06121e-11
      1258.45  3.60432e-09  1.06643e-11
      1258.76  3.82721e-09  1.07906e-11
      1259.08  7.04374e-09  1.29407e-11
      1259.40  1.48707e-08  1.77427e-11
      1259.72  2.03767e-08  2.02652e-11
      1260.03  1.49667e-08  1.67539e-11
      1260.35  1.06996e-08  1.39067e-11
      1260.67  1.44391e-08  1.64924e-11
      1260.99  1.32097e-08  1.54976e-11
      1261.30  1.01305e-08  1.33469e-11
      1261.62  1.24995e-08  1.61784e-11
      1261.94  1.34408e-08  1.62026e-11
      1262.26  1.39144e-08  1.89275e-11
      1262.58  8.61006e-09  1.37587e-11
      1262.90  1.07459e-08  1.23284e-11
      1263.22  1.64929e-08  1.56074e-11
      1263.54  1.38839e-08  1.42635e-11
      1263.86  8.68452e-09  1.16782e-11
      1264.17  6.67408e-09  1.10716e-11
      1264.49  4.85386e-09  9.72276e-12
      1264.81  5.30488e-09  9.95489e-12
      1265.13  1.07562e-08  1.36115e-11
      1265.45  1.66886e-08  1.69969e-11
      1265.77  1.48507e-08  1.59827e-11
      1266.10  7.96991e-09  1.18243e-11
      1266.42  3.98629e-09  9.17777e-12
      1266.74  3.32085e-09  9.12156e-12
      1267.06  4.51787e-09  1.03470e-11
      1267.38  9.66813e-09  1.48572e-11
      1267.70  1.90308e-08  2.12791e-11
      1268.02  1.97484e-08  1.92767e-11
      1268.34  1.97911e-08  1.90285e-11
      1268.67  1.75561e-08  1.70057e-11
      1268.99  1.77437e-08  1.76014e-11
      1269.31  1.35962e-08  1.52691e-11
      1269.63  8.70154e-09  1.23799e-11
      1269.95  7.22773e-09  1.15219e-11
      1270.28  8.89720e-09  1.21838e-11
      1270.60  1.50167e-08  1.56536e-11
      1270.92  1.81519e-08  1.61775e-11
      1271.25  1.96423e-08  1.61171e-11
      1271.57  1.92039e-08  1.58758e-11
      1271.89  1.16029e-08  1.21027e-11
      1272.22  5.01309e-09  8.40145e-12
      1272.54  2.97283e-09  7.15371e-12
      1272.86  2.38893e-09  6.93957e-12
      1273.19  2.23466e-09  6.96262e-12
      1273.51  2.79445e-09  7.39703e-12
      1273.84  4.47156e-09  8.97675e-12
      1274.16  5.99142e-09  1.00230e-11
      1274.49  8.00917e-09  1.10367e-11
      1274.81  1.42240e-08  1.50738e-11
      1275.14  1.95810e-08  1.84419e-11
      1275.46  1.76018e-08  1.77895e-11
      1275.79  1.15449e-08  1.48634e-11
      1276.11  7.46689e-09  1.23562e-11
      1276.44  9.76452e-09  1.37942e-11
      1276.76  1.70308e-08  1.83878e-11
      1277.09  1.72823e-08  1.70506e-11
      1277.42  1.81530e-08  1.79909e-11
      1277.74  1.22295e-08  1.42481e-11
      1278.07  5.43930e-09  9.82449e-12
      1278.40  3.18981e-09  8.12587e-12
      1278.72  2.43102e-09  7.48126e-12
      1279.05  2.39821e-09  7.35897e-12
      1279.38  3.29808e-09  7.89349e-12
      1279.71  5.04829e-09  8.94012e-12
      1280.03  6.78001e-09  9.90846e-12
      1280.36  6.20574e-09  9.17133e-12
      1280.69  6.52127e-09  9.40339e-12
      1281.02  8.66726e-09  1.08407e-11
      1281.34  1.27333e-08  1.34601e-11
      1281.67  1.53647e-08  1.53988e-11
      1282.00  1.22194e-08  1.37943e-11
      1282.33  1.25407e-08  1.40714e-11
      1282.66  1.91118e-08  1.76684e-11
      1282.99  2.42602e-08  1.98362e-11
      1283.32  2.40233e-08  1.98089e-11
      1283.65  1.69735e-08  1.69610e-11
      1283.98  9.00375e-09  1.26843e-11
      1284.31  5.08511e-09  1.05024e-11
      1284.64  3.73068e-09  9.43058e-12
      1284.97  3.70206e-09  9.38945e-12
      1285.30  4.42050e-09  1.00949e-11
      1285.63  3.71954e-09  8.80713e-12
      1285.96  3.40182e-09  8.15373e-12
      1286.29  5.29614e-09  9.39192e-12
      1286.62  7.61964e-09  1.11441e-11
      1286.95  6.94003e-09  1.00858e-11
      1287.28  8.57803e-09  1.08736e-11
      1287.61  1.47120e-08  1.77779e-11
      1287.95  1.83716e-08  1.86802e-11
      1288.28  1.86940e-08  1.61702e-11
      1288.61  1.85999e-08  1.54877e-11
      1288.94  1.86318e-08  1.60152e-11
      1289.27  1.30749e-08  1.32731e-11
      1289.61  9.53599e-09  1.20492e-11
      1289.94  7.71025e-09  1.15549e-11
      1290.27  5.16011e-09  1.00707e-11
      1290.61  4.33540e-09  1.06086e-11
      1290.94  3.27766e-09  8.92543e-12
      1291.27  2.38475e-09  7.85424e-12
      1291.61  2.82267e-09  8.02522e-12
      1291.94  4.72884e-09  9.69615e-12
      1292.27  8.21539e-09  1.22348e-11
      1292.61  1.15871e-08  1.44672e-11
      1292.94  8.73100e-09  1.22380e-11
      1293.28  6.65687e-09  1.06973e-11
      1293.61  8.72383e-09  1.21013e-11
      1293.95  1.14047e-08  1.28783e-11
      1294.28  1.67610e-08  1.51305e-11
      1294.62  1.88184e-08  1.55576e-11
      1294.95  1.60463e-08  1.38335e-11
      1295.29  1.52761e-08  1.37855e-11
      1295.62  1.30489e-08  1.31256e-11
      1295.96  9.60497e-09  1.17052e-11
      1296.29  8.31034e-09  1.14071e-11
      1296.63  8.66326e-09  1.19449e-11
      1296.97  1.07872e-08  1.32742e-11
      1297.30  1.67096e-08  1.63875e-11
      1297.64  2.22897e-08  1.92276e-11
      1297.98  1.88547e-08  1.76132e-11
      1298.31  1.19807e-08  1.44267e-11
      1298.65  6.63447e-09  1.10459e-11
      1298.99  4.97652e-09  9.81076e-12
      1299.33  8.70276e-09  1.23333e-11
      1299.66  1.61750e-08  1.68256e-11
      1300.00  1.79609e-08  1.67545e-11
      1300.34  1.57289e-08  1.51587e-11
      1300.68  1.04456e-08  1.16683e-11
      1301.02  1.06043e-08  1.12736e-11
      1301.35  1.94527e-08  1.58754e-11
      1301.69  2.29852e-08  1.68817e-11
      1302.03  2.22041e-08  1.69936e-11
      1302.37  1.93422e-08  1.57849e-11
      1302.71  2.25708e-08  1.77793e-11
      1303.05  2.47825e-08  1.85195e-11
      1303.39  2.81635e-08  2.02757e-11
      1303.73  3.04263e-08  2.14779e-11
      1304.07  2.82187e-08  2.09444e-11
      1304.41  2.86905e-08  2.18415e-11
      1304.75  3.05379e-08  2.31240e-11
      1305.09  3.19366e-08  2.35622e-11
      1305.43  3.73124e-08  2.52745e-11
      1305.77  4.38233e-08  2.69148e-11
      1306.11  4.32778e-08  2.58567e-11
      1306.46  2.95389e-08  2.04385e-11
      1306.80  1.45669e-08  1.38914e-11
      1307.14  7.61625e-09  1.01592e-11
      1307.48  5.12542e-09  8.67520e-12
      1307.82  4.06201e-09  7.92480e-12
      1308.16  4.07078e-09  7.98253e-12
      1308.51  4.71973e-09  8.75731e-12
      1308.85  3.88511e-09  8.02061e-12
      1309.19  2.76222e-09  7.04626e-12
      1309.53  2.49266e-09  7.05136e-12
      1309.88  2.45793e-09  7.20465e-12
      1310.22  2.68308e-09  7.75432e-12
      1310.56  3.60061e-09  8.69098e-12
      1310.91  6.78845e-09  1.14030e-11
      1311.25  1.22098e-08  1.53772e-11
      1311.60  1.22275e-08  1.50542e-11
      1311.94  7.25922e-09  1.12519e-11
      1312.28  3.75646e-09  8.25388e-12
      1312.63  2.47005e-09  6.89799e-12
      1312.97  2.08443e-09  6.42597e-12
      1313.32  2.92350e-09  7.07749e-12
      1313.66  4.84262e-09  9.05547e-12
      1314.01  3.95825e-09  8.01788e-12
      1314.35  2.21382e-09  6.48707e-12
      1314.70  1.64460e-09  6.11705e-12
      1315.05  1.63801e-09  6.06594e-12
      1315.39  1.89285e-09  6.48335e-12
      1315.74  2.49032e-09  7.26382e-12
      1316.08  3.93170e-09  8.84456e-12
      1316.43  8.22665e-09  1.23363e-11
      1316.78  1.40912e-08  1.67125e-11
      1317.12  1.08248e-08  1.44267e-11
      1317.47  5.07400e-09  1.00852e-11
      1317.82  2.93201e-09  7.96232e-12
      1318.17  3.01980e-09  7.59830e-12
      1318.51  5.27666e-09  9.37484e-12
      1318.86  6.59329e-09  1.02557e-11
      1319.21  4.25664e-09  8.35737e-12
      1319.56  2.51158e-09  8.64155e-12
      1319.91  2.47298e-09  8.13915e-12
      1320.25  2.44460e-09  7.78841e-12
      1320.60  2.45326e-09  6.85709e-12
      1320.95  3.06547e-09  7.59663e-12
      1321.30  4.47185e-09  8.77193e-12
      1321.65  9.16254e-09  1.21231e-11
      1322.00  1.76006e-08  1.80188e-11
      1322.35  1.47590e-08  1.64345e-11
      1322.70  7.18550e-09  1.16961e-11
      1323.05  4.53104e-09  9.69970e-12
      1323.40  5.14074e-09  1.01449e-11
      1323.75  6.14187e-09  1.04181e-11
      1324.10  6.38991e-09  1.02114e-11
      1324.45  4.57348e-09  8.39523e-12
      1324.80  3.16761e-09  7.21835e-12
      