227
      1249.95  9.63471e-09  1.07269e-11
      1250.27  4.60258e-09  7.72828e-12
      1250.58  1.45007e-09  5.32680e-12
      1250.89  9.83783e-10  4.86556e-12
      1251.20  1.32756e-09  5.14489e-12
      1251.52  2.12442e-09  5.74729e-12
      1251.83  3.57317e-09  7.78817e-12
      1252.14  4.35456e-09  7.58181e-12
      1252.46  4.64151e-09  9.29191e-12
      1252.77  4.45754e-09  8.21751e-12
      1253.09  7.55882e-09  1.02137e-11
      1253.40  1.46881e-08  1.38025e-11
      1253.71  1.84094e-08  1.53315e-11
      1254.03  1.14011e-08  1.16975e-11
      1254.34  5.36274e-09  8.20287e-12
      1254.66  6.66651e-09  9.21584e-12
      1254.97  1.03371e-08  1.18039e-11
      1255.29  7.11993e-09  9.91529e-12
      1255.60  3.15431e-09  7.09200e-12
      1255.92  3.41177e-09  7.67334e-12
      1256.23  6.06778e-09  1.04830e-11
      1256.55  9.83574e-09  1.22104e-11
      1256.87  6.99750e-09  9.12380e-12
      1257.18  3.10496e-09  6.32604e-12
      1257.50  2.17491e-09  5.79079e-12
      1257.81  2.39297e-09  6.30171e-12
      1258.13  2.90735e-09  6.04811e-12
      1258.45  3.13956e-09  6.88208e-12
      1258.76  3.32428e-09  6.41777e-12
      1259.08  6.09070e-09  7.76316e-12
      1259.40  1.28596e-08  1.05581e-11
      1259.72  1.76320e-08  1.19806e-11
      1260.03  1.33036e-08  9.89803e-12
      1260.35  9.58813e-09  8.23816e-12
      1260.67  1.22015e-08  9.68723e-12
      1260.99  1.14242e-08  9.54260e-12
      1261.30  9.02625e-09  9.47534e-12
      1261.62  1.04881e-08  9.39369e-12
      1261.94  1.18383e-08  1.03642e-11
      1262.26  1.22726e-08  1.05416e-11
      1262.58  8.86933e-09  8.54343e-12
      1262.90  9.38192e-09  8.40497e-12
      1263.22  1.46519e-08  1.10718e-11
      1263.54  1.20772e-08  1.00463e-11
      1263.86  7.51159e-09  8.33558e-12
      1264.17  5.81811e-09  8.22629e-12
      1264.49  4.07361e-09  7.09375e-12
      1264.81  4.42184e-09  7.01517e-12
      1265.13  9.30469e-09  9.65227e-12
      1265.45  1.48100e-08  1.19234e-11
      1265.77  1.32130e-08  1.10564e-11
      1266.10  6.97504e-09  8.04493e-12
      1266.42  3.43119e-09  6.05193e-12
      1266.74  2.89649e-09  5.90379e-12
      1267.06  3.98528e-09  6.64468e-12
      1267.38  8.53171e-09  9.79987e-12
      1267.70  1.54990e-08  1.37536e-11
      1268.02  1.66080e-08  1.24808e-11
      1268.34  1.67950e-08  1.25241e-11
      1268.67  1.47524e-08  1.04607e-11
      1268.99  1.53346e-08  1.05334e-11
      1269.31  1.18310e-08  9.01408e-12
      1269.63  7.64227e-09  7.41565e-12
      1269.95  6.21631e-09  6.85839e-12
      1270.28  7.63977e-09  7.34818e-12
      1270.60  1.32107e-08  9.71547e-12
      1270.92  1.59452e-08  1.05543e-11
      1271.25  1.74317e-08  1.07239e-11
      1271.57  1.72640e-08  1.06095e-11
      1271.89  9.98378e-09  8.00092e-12
      1272.22  4.21153e-09  5.71066e-12
      1272.54  2.56245e-09  5.12201e-12
      1272.86  2.08860e-09  5.07728e-12
      1273.19  1.97154e-09  5.12051e-12
      1273.51  2.43412e-09  5.54077e-12
      1273.84  3.88086e-09  6.48558e-12
      1274.16  5.24120e-09  7.14826e-12
      1274.49  6.95777e-09  7.73789e-12
      1274.81  1.23941e-08  1.03459e-11
      1275.14  1.71976e-08  1.23447e-11
      1275.46  1.55327e-08  1.18718e-11
      1275.79  1.01502e-08  9.78349e-12
      1276.11  6.55259e-09  7.96151e-12
      1276.44  8.47336e-09  9.38954e-12
      1276.76  1.41420e-08  1.27030e-11
      1277.09  1.45134e-08  1.07768e-11
      1277.42  1.56682e-08  1.05209e-11
      1277.74  1.07407e-08  8.40683e-12
      1278.07  4.87419e-09  5.86957e-12
      1278.40  2.81708e-09  4.91305e-12
      1278.72  2.14385e-09  4.56479e-12
      1279.05  2.10122e-09  4.53769e-12
      1279.38  2.85699e-09  5.08074e-12
      1279.71  4.31623e-09  5.93162e-12
      1280.03  5.38104e-09  6.50416e-12
      1280.36  4.97708e-09  6.60190e-12
      1280.69  5.61047e-09  6.60811e-12
      1281.02  7.49144e-09  7.75037e-12
      1281.34  1.10733e-08  9.76596e-12
      1281.67  1.35511e-08  1.13534e-11
      1282.00  1.07428e-08  1.00672e-11
      1282.33  1.09074e-08  1.00596e-11
      1282.66  1.67974e-08  1.24066e-11
      1282.99  2.14687e-08  1.34961e-11
      1283.32  2.13815e-08  1.32628e-11
      1283.65  1.50897e-08  1.10687e-11
      1283.98  7.90576e-09  8.09304e-12
      1284.31  4.42872e-09  6.45306e-12
      1284.64  3.25663e-09  5.75926e-12
      1284.97  3.20901e-09  5.71281e-12
      1285.30  3.66265e-09  6.37876e-12
      1285.63  2.95073e-09  5.15330e-12
      1285.96  2.97245e-09  4.83362e-12
      1286.29  4.62422e-09  5.58710e-12
      1286.62  6.59399e-09  6.74356e-12
      1286.95  6.10165e-09  6.53321e-12
      1287.28  7.56868e-09  7.27851e-12
      1287.61  1.28105e-08  1.10921e-11
      1287.95  1.39726e-08  1.00881e-11
      1288.28  1.44806e-08  1.00708e-11
      1288.61  1.61318e-08  1.19553e-11
      1288.94  1.62453e-08  1.15246e-11
      1289.27  1.15943e-08  9.67454e-12
      1289.61  8.36662e-09  8.58045e-12
      1289.94  6.69482e-09  8.11641e-12
      1290.27  4.54089e-09  6.95515e-12
      1290.61  3.79320e-09  6.74395e-12
      1290.94  2.89982e-09  6.02667e-12
      1291.27  2.12724e-09  5.04996e-12
      1291.61  2.48642e-09  4.96154e-12
      1291.94  4.08843e-09  5.76815e-12
      1292.27  7.13554e-09  7.13860e-12
      1292.61  1.01518e-08  8.58574e-12
      1292.94  7.59772e-09  7.22395e-12
      1293.28  5.77724e-09  6.40182e-12
      1293.61  7.51840e-09  7.36942e-12
      1293.95  9.79787e-09  8.07674e-12
      1294.28  1.47251e-08  9.89425e-12
      1294.62  1.65390e-08  1.04144e-11
      1294.95  1.39288e-08  9.52731e-12
      1295.29  1.33906e-08  9.83951e-12
      1295.62  1.13852e-08  9.42274e-12
      1295.96  8.29595e-09  8.49700e-12
      1296.29  7.15698e-09  8.25702e-12
      1296.63  7.46354e-09  8.57819e-12
      1296.97  9.25121e-09  9.10275e-12
      1297.30  1.45770e-08  1.10482e-11
      1297.64  1.98764e-08  1.26427e-11
      1297.98  1.67084e-08  1.11891e-11
      1298.31  1.03981e-08  8.86643e-12
      1298.65  5.77565e-09  6.73967e-12
      1298.99  4.33435e-09  5.84282e-12
      1299.33  7.60465e-09  7.37629e-12
      1299.66  1.39055e-08  9.72426e-12
      1300.00  1.57431e-08  1.00108e-11
      1300.34  1.35014e-08  9.86726e-12
      1300.68  8.33637e-09  7.50811e-12
      1301.02  9.56735e-09  7.61574e-12
      1301.35  1.66994e-08  1.06686e-11
      1301.69  2.01681e-08  1.21500e-11
      1302.03  1.94772e-08  1.24295e-11
      1302.37  1.73729e-08  1.18923e-11
      1302.71  1.99366e-08  1.31398e-11
      1303.05  2.20654e-08  1.34160e-11
      1303.39  2.51570e-08  1.42005e-11
      1303.73  2.67661e-08  1.53963e-11
      1304.07  2.42822e-08  1.39624e-11
      1304.41  2.55021e-08  1.40877e-11
      1304.75  2.71082e-08  1.43355e-11
      1305.09  2.84085e-08  1.43097e-11
      1305.43  3.35083e-08  1.50640e-11
      1305.77  3.96353e-08  1.56912e-11
      1306.11  3.95468e-08  1.53642e-11
      1306.46  2.65312e-08  1.21110e-11
      1306.80  1.27032e-08  8.39153e-12
      1307.14  6.54431e-09  6.58087e-12
      1307.48  4.39862e-09  5.89529e-12
      1307.82  3.46579e-09  5.63700e-12
      1308.16  3.47257e-09  5.87107e-12
      1308.51  4.22334e-09  6.62253e-12
      1308.85  3.40907e-09  6.03229e-12
      1309.19  2.34261e-09  5.34830e-12
      1309.53  2.12821e-09  5.28500e-12
      1309.88  2.15340e-09  4.93117e-12
      1310.22  2.33127e-09  5.05024e-12
      1310.56  3.09342e-09  5.58817e-12
      1310.91  5.72713e-09  6.96837e-12
      1311.25  1.07130e-08  9.28007e-12
      1311.60  1.08677e-08  8.94390e-12
      1311.94  6.33208e-09  6.51707e-12
      1312.28  3.20902e-09  4.78023e-12
      1312.63  2.14295e-09  4.19325e-12
      1312.97  1.83621e-09  4.13093e-12
      1313.32  2.52294e-09  4.77076e-12
      1313.66  4.15783e-09  6.25640e-12
      1314.01  3.53864e-09  6.04688e-12
      1314.35  1.96529e-09  5.03698e-12
      1314.70  1.47142e-09  4.53113e-12
      1315.05  1.46487e-09  4.50529e-12
      1315.39  1.68150e-09  4.57769e-12
      1315.74  2.18717e-09  4.97888e-12
      1316.08  3.45332e-09  5.91296e-12
      1316.43  7.14531e-09  7.91601e-12
      1316.78  1.21217e-08  1.03225e-11
      1317.12  9.64787e-09  8.90531e-12
      1317.47  4.49326e-09  5.90010e-12
      1317.82  2.57543e-09  4.58575e-12
      1318.17  2.66011e-09  4.45090e-12
      1318.51  4.49978e-09  5.62854e-12
      1318.86  5.58448e-09  6.51686e-12
      1319.21  3.82504e-09  5.84497e-12
      1319.56  2.23592e-09  5.93583e-12
      1319.91  2.07468e-09  5.02832e-12
      1320.25  2.15227e-09  5.33884e-12
      1320.60  2.16064e-09  4.99752e-12
      1320.95  2.66508e-09  5.25406e-12
      1321.30  3.86664e-09  5.95916e-12
      1321.65  8.06075e-09  8.03367e-12
      1322.00  1.54256e-08  1.14203e-11
      1322.35  1.29625e-08  1.02133e-11
      1322.70  6.37507e-09  7.14768e-12
      1323.05  3.93675e-09  5.64421e-12
      1323.40  4.41126e-09  5.77442e-12
      1323.75  5.27594e-09  6.01632e-12
      1324.10  5.54531e-09  6.17147e-12
      1324.45  3.94574e-09  5.32679e-12
      1324.80  2.74131e-09  4.99171e-12
      