227
      1249.95  2.69492e-08  4.58710e-11
      1250.27  1.46289e-08  2.02312e-11
      1250.58  5.17369e-09  1.39007e-11
      1250.89  3.81083e-09  1.22541e-11
      1251.20  4.77033e-09  1.34450e-11
      1251.52  6.90346e-09  1.57523e-11
      1251.83  1.10839e-08  2.01808e-11
      1252.14  1.42361e-08  2.35623e-11
      1252.46  1.39622e-08  2.36019e-11
      1252.77  1.31710e-08  2.27543e-11
      1253.09  1.99139e-08  2.73791e-11
      1253.40  3.44737e-08  3.55881e-11
      1253.71  4.06877e-08  4.03049e-11
      1254.03  2.61099e-08  3.18022e-11
      1254.34  1.43131e-08  2.35257e-11
      1254.66  1.69599e-08  2.61170e-11
      1254.97  2.49485e-08  3.35599e-11
      1255.29  1.73109e-08  2.73112e-11
      1255.60  8.91894e-09  1.99115e-11
      1255.92  9.73020e-09  2.11072e-11
      1256.23  1.52273e-08  2.43746e-11
      1256.55  2.41256e-08  3.14641e-11
      1256.87  1.74964e-08  2.52828e-11
      1257.18  8.75207e-09  1.81115e-11
      1257.50  6.68313e-09  1.68866e-11
      1257.81  7.44216e-09  1.79849e-11
      1258.13  9.14825e-09  2.03123e-11
      1258.45  9.33319e-09  2.01648e-11
      1258.76  9.93688e-09  2.02631e-11
      1259.08  1.60727e-08  2.42106e-11
      1259.40  2.97224e-08  3.20811e-11
      1259.72  3.91146e-08  3.68716e-11
      1260.03  3.10010e-08  3.19310e-11
      1260.35  2.36122e-08  2.76940e-11
      1260.67  2.86223e-08  3.20530e-11
      1260.99  2.73709e-08  3.14912e-11
      1261.30  2.19443e-08  2.96849e-11
      1261.62  2.34086e-08  3.18660e-11
      1261.94  2.93526e-08  2.59418e-11
      1262.26  2.95969e-08  2.70063e-11
      1262.58  2.30029e-08  2.29869e-11
      1262.90  2.40716e-08  2.36941e-11
      1263.22  3.37670e-08  3.00242e-11
      1263.54  2.86791e-08  2.77857e-11
      1263.86  1.96932e-08  2.35500e-11
      1264.17  1.59980e-08  2.23281e-11
      1264.49  1.18920e-08  1.94377e-11
      1264.81  1.21539e-08  1.97483e-11
      1265.13  2.23508e-08  2.62805e-11
      1265.45  3.36009e-08  3.18814e-11
      1265.77  3.01569e-08  3.00979e-11
      1266.10  1.70898e-08  2.26465e-11
      1266.42  9.67901e-09  1.78183e-11
      1266.74  8.59075e-09  1.73108e-11
      1267.06  1.10673e-08  1.93814e-11
      1267.38  2.05383e-08  2.54125e-11
      1267.70  3.59445e-08  3.39118e-11
      1268.02  3.85169e-08  3.31626e-11
      1268.34  3.80532e-08  3.26700e-11
      1268.67  3.51182e-08  3.10043e-11
      1268.99  3.43787e-08  3.16144e-11
      1269.31  2.80729e-08  2.88397e-11
      1269.63  1.95789e-08  2.45622e-11
      1269.95  1.66304e-08  2.29584e-11
      1270.28  1.94595e-08  2.40288e-11
      1270.60  2.94101e-08  2.98135e-11
      1270.92  3.45142e-08  3.71524e-11
      1271.25  3.80560e-08  2.67164e-11
      1271.57  3.84302e-08  2.84544e-11
      1271.89  2.44829e-08  2.30610e-11
      1272.22  1.24030e-08  1.70804e-11
      1272.54  8.20421e-09  1.49237e-11
      1272.86  6.86392e-09  1.42278e-11
      1273.19  6.40391e-09  1.38280e-11
      1273.51  7.40871e-09  1.45265e-11
      1273.84  1.05379e-08  1.76241e-11
      1274.16  1.35402e-08  1.99838e-11
      1274.49  1.71652e-08  2.14781e-11
      1274.81  2.83434e-08  2.85185e-11
      1275.14  3.76650e-08  3.40314e-11
      1275.46  3.42534e-08  3.27737e-11
      1275.79  2.37988e-08  2.74277e-11
      1276.11  1.65231e-08  2.23323e-11
      1276.44  2.03755e-08  2.40303e-11
      1276.76  3.29325e-08  3.10100e-11
      1277.09  3.36458e-08  2.94576e-11
      1277.42  3.50146e-08  3.14433e-11
      1277.74  2.49086e-08  2.63435e-11
      1278.07  1.26946e-08  1.92894e-11
      1278.40  8.21296e-09  1.63907e-11
      1278.72  6.55067e-09  1.50341e-11
      1279.05  6.43246e-09  1.47878e-11
      1279.38  7.92625e-09  1.70999e-11
      1279.71  1.01641e-08  1.83515e-11
      1280.03  1.54464e-08  1.80712e-11
      1280.36  1.43861e-08  1.76372e-11
      1280.69  1.51706e-08  1.88145e-11
      1281.02  1.93907e-08  2.19651e-11
      1281.34  2.66041e-08  2.67957e-11
      1281.67  3.08502e-08  2.98574e-11
      1282.00  2.50340e-08  2.71509e-11
      1282.33  2.54555e-08  2.70528e-11
      1282.66  3.66291e-08  3.22463e-11
      1282.99  4.49627e-08  3.49958e-11
      1283.32  4.42740e-08  3.51737e-11
      1283.65  3.26055e-08  3.06540e-11
      1283.98  1.89918e-08  2.35729e-11
      1284.31  1.18708e-08  1.93524e-11
      1284.64  9.20218e-09  1.74748e-11
      1284.97  9.08666e-09  1.71582e-11
      1285.30  1.03605e-08  1.80311e-11
      1285.63  9.12171e-09  1.63128e-11
      1285.96  8.51775e-09  1.55465e-11
      1286.29  1.19837e-08  1.84206e-11
      1286.62  1.61382e-08  2.18376e-11
      1286.95  1.50922e-08  2.21314e-11
      1287.28  1.57766e-08  2.31032e-11
      1287.61  3.12649e-08  2.72389e-11
      1287.95  3.69927e-08  2.98843e-11
      1288.28  3.69665e-08  2.95817e-11
      1288.61  3.68111e-08  2.90095e-11
      1288.94  3.62442e-08  2.99644e-11
      1289.27  2.62720e-08  2.56104e-11
      1289.61  2.04467e-08  2.48381e-11
      1289.94  1.67779e-08  2.30255e-11
      1290.27  1.17937e-08  1.92241e-11
      1290.61  1.03982e-08  1.89103e-11
      1290.94  7.94991e-09  1.60612e-11
      1291.27  6.02201e-09  1.36549e-11
      1291.61  6.96302e-09  1.42448e-11
      1291.94  1.10376e-08  1.77885e-11
      1292.27  1.74797e-08  2.18333e-11
      1292.61  2.44506e-08  2.70142e-11
      1292.94  1.84750e-08  2.28651e-11
      1293.28  1.47808e-08  2.05726e-11
      1293.61  1.92817e-08  2.39428e-11
      1293.95  2.25417e-08  2.56678e-11
      1294.28  2.73070e-08  3.07705e-11
      1294.62  3.70149e-08  2.64565e-11
      1294.95  3.25846e-08  2.60204e-11
      1295.29  3.14465e-08  2.70982e-11
      1295.62  2.75512e-08  2.59974e-11
      1295.96  2.10772e-08  2.33983e-11
      1296.29  1.83461e-08  2.32283e-11
      1296.63  1.88650e-08  2.36222e-11
      1296.97  2.26346e-08  2.49855e-11
      1297.30  3.23084e-08  2.92357e-11
      1297.64  4.13488e-08  3.35383e-11
      1297.98  3.65073e-08  3.12199e-11
      1298.31  2.48952e-08  2.59838e-11
      1298.65  1.54294e-08  2.09748e-11
      1298.99  1.23146e-08  1.86844e-11
      1299.33  1.88678e-08  2.29860e-11
      1299.66  3.07399e-08  2.94191e-11
      1300.00  3.46565e-08  3.02319e-11
      1300.34  3.07605e-08  2.80978e-11
      1300.68  2.26228e-08  2.49617e-11
      1301.02  2.06681e-08  2.34280e-11
      1301.35  3.71209e-08  2.85104e-11
      1301.69  4.37457e-08  3.23828e-11
      1302.03  4.17124e-08  3.24909e-11
      1302.37  3.77287e-08  3.03495e-11
      1302.71  4.19845e-08  3.25338e-11
      1303.05  4.51926e-08  3.37418e-11
      1303.39  5.02530e-08  3.65480e-11
      1303.73  5.30557e-08  3.76589e-11
      1304.07  5.03874e-08  3.67822e-11
      1304.41  5.14533e-08  3.96019e-11
      1304.75  5.39632e-08  3.91684e-11
      1305.09  5.60328e-08  3.95669e-11
      1305.43  6.37932e-08  4.19318e-11
      1305.77  7.26789e-08  4.37709e-11
      1306.11  7.15653e-08  4.31642e-11
      1306.46  5.11566e-08  3.56910e-11
      1306.80  2.85214e-08  2.65570e-11
      1307.14  1.81965e-08  2.55253e-11
      1307.48  1.33154e-08  1.58556e-11
      1307.82  1.00819e-08  1.59503e-11
      1308.16  1.00113e-08  1.59482e-11
      1308.51  1.13737e-08  1.74749e-11
      1308.85  9.31060e-09  1.55206e-11
      1309.19  6.95412e-09  1.39979e-11
      1309.53  6.31825e-09  1.38348e-11
      1309.88  6.20587e-09  1.38355e-11
      1310.22  6.63999e-09  1.46131e-11
      1310.56  8.35120e-09  1.60608e-11
      1310.91  1.39455e-08  2.00635e-11
      1311.25  2.42524e-08  2.71012e-11
      1311.60  2.43192e-08  2.62496e-11
      1311.94  1.51674e-08  1.99736e-11
      1312.28  8.69084e-09  1.54639e-11
      1312.63  6.16110e-09  1.34876e-11
      1312.97  5.23305e-09  1.45584e-11
      1313.32  6.45780e-09  1.19448e-11
      1313.66  1.15648e-08  1.78316e-11
      1314.01  9.32937e-09  1.57395e-11
      1314.35  5.62558e-09  1.25019e-11
      1314.70  4.51816e-09  1.14867e-11
      1315.05  4.42277e-09  1.15867e-11
      1315.39  4.88447e-09  1.24876e-11
      1315.74  6.12929e-09  1.40795e-11
      1316.08  8.91593e-09  1.65940e-11
      1316.43  1.65812e-08  2.22029e-11
      1316.78  2.72864e-08  2.95092e-11
      1317.12  2.15943e-08  2.52776e-11
      1317.47  1.09980e-08  1.76745e-11
      1317.82  7.06790e-09  1.42990e-11
      1318.17  7.15544e-09  1.40514e-11
      1318.51  1.15998e-08  1.79290e-11
      1318.86  1.48757e-08  2.18663e-11
      1319.21  1.28287e-08  2.10636e-11
      1319.56  6.26218e-09  1.25870e-11
      1319.91  6.34772e-09  1.37672e-11
      1320.25  6.36635e-09  1.35243e-11
      1320.60  6.32103e-09  1.31683e-11
      1320.95  7.43301e-09  1.46984e-11
      1321.30  1.02011e-08  1.70664e-11
      1321.65  1.83972e-08  2.25182e-11
      1322.00  3.18392e-08  3.15949e-11
      1322.35  2.76677e-08  2.90268e-11
      1322.70  1.51795e-08  2.11082e-11
      1323.05  1.03879e-08  1.74436e-11
      1323.40  1.15275e-08  1.82798e-11
      1323.75  1.35267e-08  1.94405e-11
      1324.10  1.40983e-08  1.96978e-11
      1324.45  1.09193e-08  1.84886e-11
      1324.80  8.38255e-09  1.51877e-11
      