227
      1249.95  1.12722e-08  1.35195e-11
      1250.27  5.61264e-09  9.55698e-12
      1250.58  1.91395e-09  6.21612e-12
      1250.89  1.33356e-09  5.63675e-12
      1251.20  1.74467e-09  5.97709e-12
      1251.52  2.68634e-09  6.76793e-12
      1251.83  4.70210e-09  8.62080e-12
      1252.14  6.17216e-09  9.89664e-12
      1252.46  5.93278e-09  9.80777e-12
      1252.77  5.42035e-09  9.26640e-12
      1253.09  8.83316e-09  1.09387e-11
      1253.40  1.68933e-08  1.43952e-11
      1253.71  2.13347e-08  1.60155e-11
      1254.03  1.32656e-08  1.22319e-11
      1254.34  6.33784e-09  8.67390e-12
      1254.66  7.63184e-09  9.70330e-12
      1254.97  1.22972e-08  1.30671e-11
      1255.29  8.42561e-09  1.08780e-11
      1255.60  3.73258e-09  7.76304e-12
      1255.92  4.14590e-09  8.17613e-12
      1256.23  7.06825e-09  9.46725e-12
      1256.55  1.13915e-08  1.19489e-11
      1256.87  8.38974e-09  9.97443e-12
      1257.18  3.81699e-09  7.15018e-12
      1257.50  2.72987e-09  6.64958e-12
      1257.81  3.08679e-09  7.23652e-12
      1258.13  3.85540e-09  7.98602e-12
      1258.45  3.90659e-09  8.04272e-12
      1258.76  4.11106e-09  7.87686e-12
      1259.08  7.21199e-09  9.28526e-12
      1259.40  1.46932e-08  1.26889e-11
      1259.72  2.00242e-08  1.48052e-11
      1260.03  1.53587e-08  1.26073e-11
      1260.35  1.12145e-08  1.07241e-11
      1260.67  1.41372e-08  1.27868e-11
      1260.99  1.32232e-08  1.24407e-11
      1261.30  1.05988e-08  1.08817e-11
      1261.62  1.31560e-08  1.23951e-11
      1261.94  1.38687e-08  1.19805e-11
      1262.26  1.44021e-08  1.21315e-11
      1262.58  1.04400e-08  9.79472e-12
      1262.90  1.07628e-08  9.76700e-12
      1263.22  1.71676e-08  1.31652e-11
      1263.54  1.41856e-08  1.17983e-11
      1263.86  8.85242e-09  9.58622e-12
      1264.17  7.03385e-09  8.96102e-12
      1264.49  5.05755e-09  7.54398e-12
      1264.81  5.27170e-09  7.22448e-12
      1265.13  1.07061e-08  9.82244e-12
      1265.45  1.70304e-08  1.23674e-11
      1265.77  1.53753e-08  1.17321e-11
      1266.10  8.28876e-09  8.81019e-12
      1266.42  4.19516e-09  6.86036e-12
      1266.74  3.56868e-09  6.79174e-12
      1267.06  4.82106e-09  7.46391e-12
      1267.38  1.00080e-08  1.00370e-11
      1267.70  1.84527e-08  1.34324e-11
      1268.02  2.00941e-08  1.33985e-11
      1268.34  1.95458e-08  1.31473e-11
      1268.67  1.79325e-08  1.25060e-11
      1268.99  1.74230e-08  1.28520e-11
      1269.31  1.38106e-08  1.16557e-11
      1269.63  9.06869e-09  9.68117e-12
      1269.95  7.45328e-09  8.96059e-12
      1270.28  9.10354e-09  9.47568e-12
      1270.60  1.48761e-08  1.18938e-11
      1270.92  1.80862e-08  1.25166e-11
      1271.25  1.97628e-08  1.27557e-11
      1271.57  1.93808e-08  1.29715e-11
      1271.89  1.18399e-08  1.00827e-11
      1272.22  5.36008e-09  7.10120e-12
      1272.54  3.26472e-09  6.17285e-12
      1272.86  2.67357e-09  5.82202e-12
      1273.19  2.50269e-09  5.71826e-12
      1273.51  3.01441e-09  5.98211e-12
      1273.84  4.68415e-09  6.65535e-12
      1274.16  6.19316e-09  7.33652e-12
      1274.49  7.96821e-09  8.16092e-12
      1274.81  1.42293e-08  1.11202e-11
      1275.14  1.98275e-08  1.36194e-11
      1275.46  1.79204e-08  1.31402e-11
      1275.79  1.17833e-08  1.07762e-11
      1276.11  7.62642e-09  8.67413e-12
      1276.44  9.78282e-09  9.43082e-12
      1276.76  1.68852e-08  1.25563e-11
      1277.09  1.74125e-08  1.20662e-11
      1277.42  1.79509e-08  1.27916e-11
      1277.74  1.25180e-08  1.06821e-11
      1278.07  5.78305e-09  7.62314e-12
      1278.40  3.45962e-09  6.46720e-12
      1278.72  2.67642e-09  5.91327e-12
      1279.05  2.62371e-09  5.91832e-12
      1279.38  3.48593e-09  6.44257e-12
      1279.71  5.21041e-09  8.37404e-12
      1280.03  7.01233e-09  8.04152e-12
      1280.36  6.39281e-09  7.47386e-12
      1280.69  6.68296e-09  7.76666e-12
      1281.02  8.78464e-09  8.91994e-12
      1281.34  1.28127e-08  1.09296e-11
      1281.67  1.56686e-08  1.23182e-11
      1282.00  1.24534e-08  1.05591e-11
      1282.33  1.25159e-08  1.02187e-11
      1282.66  1.90974e-08  1.25334e-11
      1282.99  2.43166e-08  1.40412e-11
      1283.32  2.42635e-08  1.42528e-11
      1283.65  1.73055e-08  1.22903e-11
      1283.98  9.24256e-09  9.31472e-12
      1284.31  5.29463e-09  7.61643e-12
      1284.64  3.95981e-09  6.87625e-12
      1284.97  3.89422e-09  6.75904e-12
      1285.30  4.55136e-09  7.08553e-12
      1285.63  3.94886e-09  6.37293e-12
      1285.96  3.62201e-09  5.93894e-12
      1286.29  5.43226e-09  7.15270e-12
      1286.62  7.64373e-09  8.72776e-12
      1286.95  7.18686e-09  8.42149e-12
      1287.28  8.87221e-09  9.13646e-12
      1287.61  1.56683e-08  1.23966e-11
      1287.95  1.88100e-08  1.30325e-11
      1288.28  1.87882e-08  1.25134e-11
      1288.61  1.87524e-08  1.20892e-11
      1288.94  1.87423e-08  1.22992e-11
      1289.27  1.33944e-08  1.03097e-11
      1289.61  9.79027e-09  9.22035e-12
      1289.94  7.90270e-09  8.72641e-12
      1290.27  5.39169e-09  7.45844e-12
      1290.61  4.57315e-09  7.16693e-12
      1290.94  3.53032e-09  6.27719e-12
      1291.27  2.61636e-09  5.42229e-12
      1291.61  3.01078e-09  5.59830e-12
      1291.94  4.85544e-09  6.82149e-12
      1292.27  8.24342e-09  8.73391e-12
      1292.61  1.17262e-08  1.09332e-11
      1292.94  8.86953e-09  9.44599e-12
      1293.28  6.75020e-09  8.31201e-12
      1293.61  8.79209e-09  9.50722e-12
      1293.95  1.13392e-08  1.00753e-11
      1294.28  1.67052e-08  1.19042e-11
      1294.62  1.88980e-08  1.24672e-11
      1294.95  1.61014e-08  1.12178e-11
      1295.29  1.53751e-08  1.12599e-11
      1295.62  1.33114e-08  1.06847e-11
      1295.96  9.82437e-09  9.33859e-12
      1296.29  8.48692e-09  8.90802e-12
      1296.63  8.81739e-09  8.95235e-12
      1296.97  1.08671e-08  9.55074e-12
      1297.30  1.66177e-08  1.16408e-11
      1297.64  2.21214e-08  1.34736e-11
      1297.98  1.89728e-08  1.25167e-11
      1298.31  1.21594e-08  1.03535e-11
      1298.65  6.91674e-09  8.17009e-12
      1298.99  5.24823e-09  7.30785e-12
      1299.33  8.84059e-09  9.25834e-12
      1299.66  1.58282e-08  1.24550e-11
      1300.00  1.78349e-08  1.25640e-11
      1300.34  1.56043e-08  1.15722e-11
      1300.68  1.07461e-08  9.35635e-12
      1301.02  1.09620e-08  9.29205e-12
      1301.35  1.90620e-08  1.28591e-11
      1301.69  2.27873e-08  1.39381e-11
      1302.03  2.22099e-08  1.39862e-11
      1302.37  1.95168e-08  1.25848e-11
      1302.71  2.26931e-08  1.36564e-11
      1303.05  2.46621e-08  1.37316e-11
      1303.39  2.82743e-08  1.47220e-11
      1303.73  3.04288e-08  1.57233e-11
      1304.07  2.81337e-08  1.50994e-11
      1304.41  2.86683e-08  1.58183e-11
      1304.75  3.03682e-08  1.66720e-11
      1305.09  3.15540e-08  1.69940e-11
      1305.43  3.71601e-08  1.84915e-11
      1305.77  4.38385e-08  1.95216e-11
      1306.11  4.40338e-08  1.94196e-11
      1306.46  2.96245e-08  1.56437e-11
      1306.80  1.43950e-08  1.07845e-11
      1307.14  7.66041e-09  8.28737e-12
      1307.48  5.25791e-09  7.25307e-12
      1307.82  4.19807e-09  6.87522e-12
      1308.16  4.19340e-09  6.57246e-12
      1308.51  5.08407e-09  7.08618e-12
      1308.85  4.11698e-09  6.20553e-12
      1309.19  2.94197e-09  5.31415e-12
      1309.53  2.69971e-09  5.22105e-12
      1309.88  2.66014e-09  5.33468e-12
      1310.22  2.85307e-09  5.66810e-12
      1310.56  3.66061e-09  6.38748e-12
      1310.91  6.55262e-09  8.08731e-12
      1311.25  1.25176e-08  1.13835e-11
      1311.60  1.26065e-08  1.09893e-11
      1311.94  7.32366e-09  8.11251e-12
      1312.28  3.81749e-09  6.25253e-12
      1312.63  2.61829e-09  5.40065e-12
      1312.97  2.23607e-09  5.14762e-12
      1313.32  2.98278e-09  5.77384e-12
      1313.66  5.07940e-09  7.52160e-12
      1314.01  4.25120e-09  6.69372e-12
      1314.35  2.39992e-09  5.16458e-12
      1314.70  1.85477e-09  4.67688e-12
      1315.05  1.85278e-09  4.56986e-12
      1315.39  2.09326e-09  4.77936e-12
      1315.74  2.66435e-09  5.39095e-12
      1316.08  4.04775e-09  6.47231e-12
      1316.43  8.10303e-09  8.91704e-12
      1316.78  1.41187e-08  1.23142e-11
      1317.12  1.11668e-08  1.06128e-11
      1317.47  5.20227e-09  7.18742e-12
      1317.82  3.10119e-09  5.80649e-12
      1318.17  3.15228e-09  5.72296e-12
      1318.51  5.30604e-09  7.25771e-12
      1318.86  6.65201e-09  8.22707e-12
      1319.21  4.44669e-09  6.85270e-12
      1319.56  2.56353e-09  5.53588e-12
      1319.91  2.64561e-09  5.63201e-12
      1320.25  2.67821e-09  5.46106e-12
      1320.60  2.66180e-09  5.17481e-12
      1320.95  3.24534e-09  5.61616e-12
      1321.30  4.63865e-09  6.38693e-12
      1321.65  9.24779e-09  8.83718e-12
      1322.00  1.72249e-08  1.29398e-11
      1322.35  1.48465e-08  1.20569e-11
      1322.70  7.49062e-09  8.74138e-12
      1323.05  4.71585e-09  7.08978e-12
      1323.40  5.20402e-09  7.32583e-12
      1323.75  6.19777e-09  7.73866e-12
      1324.10  6.45892e-09  7.87271e-12
      1324.45  4.74271e-09  6.76166e-12
      1324.80  3.35414e-09  6.04823e-12
      