227
      1249.95  1.49485e-08  1.79461e-11
      1250.27  7.59415e-09  1.25641e-11
      1250.58  2.77501e-09  8.01466e-12
      1250.89  1.95497e-09  7.26015e-12
      1251.20  2.46622e-09  7.62376e-12
      1251.52  3.72776e-09  8.72036e-12
      1251.83  6.24915e-09  1.11058e-11
      1252.14  8.11678e-09  1.29611e-11
      1252.46  7.88583e-09  1.30580e-11
      1252.77  7.28663e-09  1.25153e-11
      1253.09  1.15417e-08  1.50403e-11
      1253.40  2.13946e-08  1.98298e-11
      1253.71  2.66820e-08  2.22596e-11
      1254.03  1.69033e-08  1.70943e-11
      1254.34  8.59554e-09  1.25141e-11
      1254.66  1.02085e-08  1.40121e-11
      1254.97  1.61533e-08  1.93733e-11
      1255.29  1.10363e-08  1.57654e-11
      1255.60  5.16004e-09  1.14196e-11
      1255.92  5.79751e-09  1.21538e-11
      1256.23  9.48346e-09  1.42577e-11
      1256.55  1.53613e-08  1.82896e-11
      1256.87  1.13037e-08  1.50634e-11
      1257.18  5.35632e-09  1.06721e-11
      1257.50  3.97820e-09  9.81547e-12
      1257.81  4.44250e-09  1.05814e-11
      1258.13  5.50686e-09  1.17722e-11
      1258.45  5.60162e-09  1.16653e-11
      1258.76  5.91119e-09  1.13740e-11
      1259.08  9.97650e-09  1.35986e-11
      1259.40  1.94047e-08  1.81902e-11
      1259.72  2.60681e-08  2.07416e-11
      1260.03  2.03745e-08  1.76060e-11
      1260.35  1.50181e-08  1.49114e-11
      1260.67  1.80877e-08  1.74933e-11
      1260.99  1.73118e-08  1.68615e-11
      1261.30  1.42550e-08  1.45803e-11
      1261.62  1.68958e-08  1.62537e-11
      1261.94  1.78441e-08  1.57203e-11
      1262.26  1.80163e-08  1.57517e-11
      1262.58  1.36161e-08  1.28796e-11
      1262.90  1.40929e-08  1.29118e-11
      1263.22  2.12059e-08  1.70452e-11
      1263.54  1.77913e-08  1.56707e-11
      1263.86  1.15654e-08  1.29298e-11
      1264.17  9.32853e-09  1.23486e-11
      1264.49  6.81347e-09  1.06108e-11
      1264.81  7.04796e-09  1.03601e-11
      1265.13  1.39039e-08  1.43064e-11
      1265.45  2.20089e-08  1.82336e-11
      1265.77  1.98912e-08  1.75565e-11
      1266.10  1.09167e-08  1.32044e-11
      1266.42  5.82322e-09  1.03892e-11
      1266.74  5.08109e-09  1.00910e-11
      1267.06  6.71610e-09  1.14015e-11
      1267.38  1.32420e-08  1.53023e-11
      1267.70  2.39890e-08  2.03522e-11
      1268.02  2.60663e-08  2.00057e-11
      1268.34  2.54991e-08  1.95178e-11
      1268.67  2.35324e-08  1.84645e-11
      1268.99  2.25603e-08  1.87979e-11
      1269.31  1.80964e-08  1.68574e-11
      1269.63  1.23857e-08  1.37811e-11
      1269.95  1.02803e-08  1.25544e-11
      1270.28  1.22701e-08  1.29972e-11
      1270.60  1.92370e-08  1.59107e-11
      1270.92  2.27979e-08  1.66765e-11
      1271.25  2.49228e-08  1.66951e-11
      1271.57  2.45046e-08  1.66183e-11
      1271.89  1.52553e-08  1.31143e-11
      1272.22  7.16756e-09  9.37225e-12
      1272.54  4.46831e-09  8.04252e-12
      1272.86  3.66826e-09  7.70531e-12
      1273.19  3.46309e-09  7.64451e-12
      1273.51  4.12748e-09  7.86006e-12
      1273.84  6.24998e-09  9.35550e-12
      1274.16  8.24129e-09  1.06907e-11
      1274.49  1.05214e-08  1.17634e-11
      1274.81  1.82532e-08  1.62932e-11
      1275.14  2.52246e-08  2.01998e-11
      1275.46  2.30714e-08  1.97731e-11
      1275.79  1.55773e-08  1.63237e-11
      1276.11  1.03303e-08  1.31660e-11
      1276.44  1.29594e-08  1.40254e-11
      1276.76  2.20045e-08  1.86417e-11
      1277.09  2.27139e-08  1.75671e-11
      1277.42  2.32299e-08  1.82520e-11
      1277.74  1.65895e-08  1.52793e-11
      1278.07  8.03318e-09  1.07228e-11
      1278.40  4.93119e-09  8.87765e-12
      1278.72  3.87195e-09  8.12525e-12
      1279.05  3.76161e-09  7.78665e-12
      1279.38  4.86534e-09  8.13466e-12
      1279.71  6.98895e-09  9.12834e-12
      1280.03  9.05256e-09  1.03879e-11
      1280.36  8.36443e-09  9.78906e-12
      1280.69  8.72424e-09  1.02578e-11
      1281.02  1.13446e-08  1.20885e-11
      1281.34  1.62149e-08  1.50066e-11
      1281.67  1.95759e-08  1.71108e-11
      1282.00  1.59225e-08  1.52274e-11
      1282.33  1.62018e-08  1.51143e-11
      1282.66  2.41687e-08  1.86774e-11
      1282.99  3.04631e-08  2.08872e-11
      1283.32  3.04289e-08  2.12957e-11
      1283.65  2.21641e-08  1.86643e-11
      1283.98  1.23886e-08  1.42222e-11
      1284.31  7.39297e-09  1.15320e-11
      1284.64  5.58099e-09  1.03219e-11
      1284.97  5.48594e-09  9.98150e-12
      1285.30  6.36822e-09  1.04367e-11
      1285.63  5.54615e-09  9.11502e-12
      1285.96  5.08753e-09  8.30453e-12
      1286.29  7.40438e-09  9.90601e-12
      1286.62  1.01041e-08  1.19511e-11
      1286.95  9.45151e-09  1.12038e-11
      1287.28  1.15231e-08  1.19291e-11
      1287.61  1.97514e-08  1.60873e-11
      1287.95  2.32126e-08  1.69973e-11
      1288.28  2.29613e-08  1.70845e-11
      1288.61  2.29997e-08  1.65690e-11
      1288.94  2.33795e-08  1.71965e-11
      1289.27  1.67626e-08  1.45383e-11
      1289.61  1.27252e-08  1.35917e-11
      1289.94  1.04973e-08  1.29223e-11
      1290.27  7.20658e-09  1.09951e-11
      1290.61  6.28564e-09  1.09598e-11
      1290.94  4.89260e-09  9.68169e-12
      1291.27  3.66126e-09  8.11262e-12
      1291.61  4.21460e-09  8.30327e-12
      1291.94  6.72366e-09  1.01213e-11
      1292.27  1.10688e-08  1.26497e-11
      1292.61  1.56186e-08  1.54411e-11
      1292.94  1.19439e-08  1.30804e-11
      1293.28  9.16006e-09  1.12775e-11
      1293.61  1.18853e-08  1.27628e-11
      1293.95  1.47868e-08  1.32709e-11
      1294.28  2.08418e-08  1.55605e-11
      1294.62  2.35281e-08  1.62174e-11
      1294.95  2.02667e-08  1.46966e-11
      1295.29  1.92637e-08  1.50193e-11
      1295.62  1.68551e-08  1.46011e-11
      1295.96  1.27124e-08  1.31704e-11
      1296.29  1.11135e-08  1.28664e-11
      1296.63  1.16206e-08  1.32338e-11
      1296.97  1.42209e-08  1.43963e-11
      1297.30  2.11881e-08  1.74777e-11
      1297.64  2.79010e-08  2.03805e-11
      1297.98  2.45455e-08  1.91027e-11
      1298.31  1.62524e-08  1.56525e-11
      1298.65  9.63733e-09  1.23674e-11
      1298.99  7.45450e-09  1.07729e-11
      1299.33  1.19433e-08  1.32456e-11
      1299.66  2.03688e-08  1.69398e-11
      1300.00  2.30267e-08  1.69533e-11
      1300.34  2.01742e-08  1.53631e-11
      1300.68  1.42581e-08  1.23580e-11
      1301.02  1.43378e-08  1.21154e-11
      1301.35  2.35154e-08  1.64161e-11
      1301.69  2.78315e-08  1.82863e-11
      1302.03  2.69052e-08  1.85783e-11
      1302.37  2.41134e-08  1.73902e-11
      1302.71  2.75915e-08  1.91443e-11
      1303.05  3.02975e-08  1.98352e-11
      1303.39  3.45454e-08  2.15509e-11
      1303.73  3.71336e-08  2.28874e-11
      1304.07  3.49879e-08  2.24428e-11
      1304.41  3.58246e-08  2.35376e-11
      1304.75  3.79062e-08  2.43442e-11
      1305.09  3.94112e-08  2.42977e-11
      1305.43  4.57118e-08  2.55569e-11
      1305.77  5.31055e-08  2.62936e-11
      1306.11  5.28973e-08  2.55674e-11
      1306.46  3.64688e-08  2.04330e-11
      1306.80  1.86741e-08  1.41282e-11
      1307.14  1.02375e-08  1.08330e-11
      1307.48  6.96721e-09  9.45872e-12
      1307.82  5.60248e-09  8.68560e-12
      1308.16  5.56027e-09  8.68557e-12
      1308.51  6.59365e-09  9.67935e-12
      1308.85  5.42765e-09  8.78760e-12
      1309.19  4.02398e-09  7.81040e-12
      1309.53  3.73689e-09  7.83791e-12
      1309.88  3.68454e-09  8.10615e-12
      1310.22  3.96315e-09  8.54168e-12
      1310.56  5.04935e-09  9.65423e-12
      1310.91  8.73350e-09  1.19557e-11
      1311.25  1.62626e-08  1.65623e-11
      1311.60  1.64812e-08  1.57407e-11
      1311.94  9.83295e-09  1.14241e-11
      1312.28  5.29071e-09  8.49304e-12
      1312.63  3.67257e-09  7.26321e-12
      1312.97  3.11395e-09  6.71733e-12
      1313.32  4.00894e-09  7.36730e-12
      1313.66  6.62464e-09  9.71621e-12
      1314.01  5.52798e-09  8.80237e-12
      1314.35  3.17777e-09  6.89425e-12
      1314.70  2.50189e-09  6.43087e-12
      1315.05  2.51946e-09  6.55854e-12
      1315.39  2.86821e-09  7.08614e-12
      1315.74  3.64635e-09  7.97025e-12
      1316.08  5.48026e-09  9.74129e-12
      1316.43  1.06025e-08  1.32357e-11
      1316.78  1.80518e-08  1.80081e-11
      1317.12  1.46461e-08  1.55450e-11
      1317.47  7.13737e-09  1.03809e-11
      1317.82  4.36453e-09  8.13283e-12
      1318.17  4.39732e-09  7.76406e-12
      1318.51  7.12276e-09  9.58513e-12
      1318.86  8.78836e-09  1.06608e-11
      1319.21  5.94337e-09  8.88876e-12
      1319.56  3.44986e-09  7.10316e-12
      1319.91  3.50293e-09  7.47508e-12
      1320.25  3.57441e-09  7.47825e-12
      1320.60  3.58463e-09  7.41734e-12
      1320.95  4.36249e-09  8.26281e-12
      1321.30  6.22738e-09  9.83373e-12
      1321.65  1.19014e-08  1.34981e-11
      1322.00  2.14887e-08  1.94616e-11
      1322.35  1.90880e-08  1.82996e-11
      1322.70  1.01029e-08  1.28365e-11
      1323.05  6.53836e-09  1.02019e-11
      1323.40  7.13814e-09  1.02781e-11
      1323.75  8.43229e-09  1.06232e-11
      1324.10  8.70611e-09  1.05059e-11
      1324.45  6.45970e-09  8.86536e-12
      1324.80  4.55443e-09  8.24095e-12
      