227
      1249.95  1.92936e-08  2.10739e-11
      1250.27  9.92500e-09  1.49933e-11
      1250.58  3.76061e-09  9.54973e-12
      1250.89  2.69434e-09  8.71083e-12
      1251.20  3.38989e-09  9.29210e-12
      1251.52  5.02741e-09  1.09712e-11
      1251.83  8.23653e-09  1.40502e-11
      1252.14  1.06363e-08  1.64691e-11
      1252.46  1.03727e-08  1.65456e-11
      1252.77  9.59709e-09  1.57584e-11
      1253.09  1.47603e-08  1.89925e-11
      1253.40  2.66586e-08  2.50230e-11
      1253.71  3.28887e-08  2.78276e-11
      1254.03  2.11166e-08  2.14751e-11
      1254.34  1.10866e-08  1.56629e-11
      1254.66  1.29698e-08  1.75537e-11
      1254.97  2.00599e-08  2.37617e-11
      1255.29  1.38803e-08  1.94029e-11
      1255.60  6.75012e-09  1.39695e-11
      1255.92  7.48509e-09  1.46730e-11
      1256.23  1.20002e-08  1.68861e-11
      1256.55  1.93354e-08  2.15301e-11
      1256.87  1.42771e-08  1.75876e-11
      1257.18  6.93480e-09  1.23219e-11
      1257.50  5.20648e-09  1.11416e-11
      1257.81  5.81107e-09  1.20630e-11
      1258.13  7.21062e-09  1.33630e-11
      1258.45  7.37598e-09  1.33065e-11
      1258.76  7.84659e-09  1.27767e-11
      1259.08  1.29183e-08  1.51537e-11
      1259.40  2.44082e-08  2.00513e-11
      1259.72  3.24442e-08  2.27164e-11
      1260.03  2.56490e-08  1.94654e-11
      1260.35  1.92018e-08  1.67273e-11
      1260.67  2.29846e-08  1.98365e-11
      1260.99  2.20875e-08  1.92880e-11
      1261.30  1.83745e-08  1.70462e-11
      1261.62  2.15072e-08  1.93690e-11
      1261.94  2.27573e-08  1.91431e-11
      1262.26  2.28281e-08  1.96584e-11
      1262.58  1.76145e-08  1.62060e-11
      1262.90  1.82341e-08  1.63397e-11
      1263.22  2.65961e-08  2.14593e-11
      1263.54  2.24883e-08  1.98706e-11
      1263.86  1.49005e-08  1.65931e-11
      1264.17  1.20320e-08  1.57092e-11
      1264.49  8.87013e-09  1.34595e-11
      1264.81  9.11400e-09  1.29676e-11
      1265.13  1.73797e-08  1.78260e-11
      1265.45  2.71561e-08  2.23644e-11
      1265.77  2.46419e-08  2.13120e-11
      1266.10  1.37674e-08  1.60071e-11
      1266.42  7.55775e-09  1.23301e-11
      1266.74  6.62736e-09  1.19606e-11
      1267.06  8.65506e-09  1.33420e-11
      1267.38  1.65408e-08  1.73742e-11
      1267.70  2.95055e-08  2.28283e-11
      1268.02  3.21094e-08  2.22117e-11
      1268.34  3.15826e-08  2.15103e-11
      1268.67  2.92839e-08  2.02243e-11
      1268.99  2.83455e-08  2.05547e-11
      1269.31  2.29995e-08  1.85072e-11
      1269.63  1.59691e-08  1.53355e-11
      1269.95  1.33770e-08  1.40804e-11
      1270.28  1.57693e-08  1.46497e-11
      1270.60  2.42010e-08  1.81521e-11
      1270.92  2.86558e-08  1.96714e-11
      1271.25  3.13232e-08  2.00628e-11
      1271.57  3.08687e-08  2.02699e-11
      1271.89  1.95732e-08  1.63608e-11
      1272.22  9.50091e-09  1.19710e-11
      1272.54  6.01677e-09  1.03659e-11
      1272.86  4.92778e-09  9.85220e-12
      1273.19  4.59231e-09  9.83026e-12
      1273.51  5.38880e-09  1.00560e-11
      1273.84  8.02839e-09  1.19658e-11
      1274.16  1.04975e-08  1.34437e-11
      1274.49  1.33077e-08  1.46260e-11
      1274.81  2.26342e-08  1.99504e-11
      1275.14  3.09715e-08  2.42650e-11
      1275.46  2.84098e-08  2.35734e-11
      1275.79  1.95020e-08  1.94186e-11
      1276.11  1.31820e-08  1.53830e-11
      1276.44  1.62697e-08  1.60720e-11
      1276.76  2.73354e-08  2.10298e-11
      1277.09  2.81769e-08  1.96250e-11
      1277.42  2.89194e-08  2.02827e-11
      1277.74  2.08149e-08  1.68748e-11
      1278.07  1.03757e-08  1.19788e-11
      1278.40  6.52926e-09  1.01198e-11
      1278.72  5.16334e-09  9.16759e-12
      1279.05  5.04959e-09  9.03164e-12
      1279.38  6.50822e-09  9.68167e-12
      1279.71  9.20192e-09  1.11289e-11
      1280.03  1.17477e-08  1.30707e-11
      1280.36  1.09544e-08  1.24425e-11
      1280.69  1.13804e-08  1.30250e-11
      1281.02  1.45465e-08  1.53418e-11
      1281.34  2.03268e-08  1.89501e-11
      1281.67  2.42185e-08  2.13742e-11
      1282.00  1.98481e-08  1.89305e-11
      1282.33  2.01540e-08  1.85705e-11
      1282.66  2.95447e-08  2.24399e-11
      1282.99  3.69698e-08  2.46941e-11
      1283.32  3.69083e-08  2.48316e-11
      1283.65  2.71568e-08  2.15166e-11
      1283.98  1.55639e-08  1.63840e-11
      1284.31  9.51443e-09  1.33131e-11
      1284.64  7.26750e-09  1.15943e-11
      1284.97  7.17068e-09  1.10249e-11
      1285.30  8.29693e-09  1.14722e-11
      1285.63  7.27040e-09  1.00966e-11
      1285.96  6.70625e-09  9.28327e-12
      1286.29  9.57922e-09  1.10873e-11
      1286.62  1.29555e-08  1.36919e-11
      1286.95  1.22313e-08  1.32739e-11
      1287.28  1.48779e-08  1.45973e-11
      1287.61  2.49008e-08  1.99886e-11
      1287.95  2.90881e-08  2.15710e-11
      1288.28  2.91558e-08  2.11342e-11
      1288.61  2.88718e-08  2.07789e-11
      1288.94  2.88799e-08  2.17295e-11
      1289.27  2.08222e-08  1.83861e-11
      1289.61  1.60619e-08  1.70776e-11
      1289.94  1.33372e-08  1.61648e-11
      1290.27  9.21409e-09  1.35011e-11
      1290.61  8.09533e-09  1.32493e-11
      1290.94  6.31301e-09  1.12640e-11
      1291.27  4.72840e-09  9.31645e-12
      1291.61  5.45665e-09  9.41475e-12
      1291.94  8.70515e-09  1.14441e-11
      1292.27  1.41084e-08  1.40476e-11
      1292.61  1.97788e-08  1.70497e-11
      1292.94  1.52265e-08  1.44629e-11
      1293.28  1.18986e-08  1.26610e-11
      1293.61  1.53917e-08  1.46632e-11
      1293.95  1.88946e-08  1.56702e-11
      1294.28  2.62132e-08  1.91782e-11
      1294.62  2.96103e-08  2.04165e-11
      1294.95  2.57282e-08  1.85987e-11
      1295.29  2.44672e-08  1.91405e-11
      1295.62  2.13882e-08  1.86127e-11
      1295.96  1.61464e-08  1.67149e-11
      1296.29  1.41101e-08  1.62096e-11
      1296.63  1.47033e-08  1.64060e-11
      1296.97  1.78337e-08  1.75060e-11
      1297.30  2.60204e-08  2.05527e-11
      1297.64  3.40219e-08  2.35406e-11
      1297.98  3.02483e-08  2.18797e-11
      1298.31  2.03972e-08  1.77281e-11
      1298.65  1.24201e-08  1.39194e-11
      1298.99  9.76755e-09  1.20400e-11
      1299.33  1.52221e-08  1.45647e-11
      1299.66  2.54049e-08  1.85646e-11
      1300.00  2.87384e-08  1.88495e-11
      1300.34  2.53799e-08  1.75084e-11
      1300.68  1.83164e-08  1.46705e-11
      1301.02  1.84584e-08  1.49733e-11
      1301.35  2.95543e-08  2.06036e-11
      1301.69  3.45943e-08  2.33581e-11
      1302.03  3.31913e-08  2.37641e-11
      1302.37  2.97679e-08  2.20046e-11
      1302.71  3.36143e-08  2.39354e-11
      1303.05  3.67847e-08  2.44820e-11
      1303.39  4.15999e-08  2.59468e-11
      1303.73  4.45585e-08  2.69224e-11
      1304.07  4.22384e-08  2.61224e-11
      1304.41  4.32665e-08  2.67823e-11
      1304.75  4.56829e-08  2.71853e-11
      1305.09  4.74736e-08  2.67976e-11
      1305.43  5.46575e-08  2.76914e-11
      1305.77  6.30361e-08  2.82807e-11
      1306.11  6.25935e-08  2.75650e-11
      1306.46  4.39290e-08  2.25561e-11
      1306.80  2.34285e-08  1.63483e-11
      1307.14  1.33428e-08  1.31857e-11
      1307.48  9.20076e-09  1.20009e-11
      1307.82  7.47407e-09  1.11943e-11
      1308.16  7.35355e-09  1.11177e-11
      1308.51  8.51353e-09  1.22677e-11
      1308.85  7.00974e-09  1.10824e-11
      1309.19  5.24074e-09  9.74631e-12
      1309.53  4.83986e-09  9.53423e-12
      1309.88  4.77811e-09  9.73489e-12
      1310.22  5.12496e-09  1.00460e-11
      1310.56  6.47759e-09  1.10029e-11
      1310.91  1.10044e-08  1.33929e-11
      1311.25  2.00864e-08  1.80222e-11
      1311.60  2.04424e-08  1.70633e-11
      1311.94  1.24683e-08  1.24757e-11
      1312.28  6.90594e-09  9.42279e-12
      1312.63  4.85568e-09  8.23312e-12
      1312.97  4.15024e-09  7.93328e-12
      1313.32  5.33900e-09  9.04933e-12
      1313.66  8.75208e-09  1.23581e-11
      1314.01  7.26972e-09  1.12353e-11
      1314.35  4.19896e-09  8.86243e-12
      1314.70  3.29429e-09  8.15224e-12
      1315.05  3.28108e-09  8.16706e-12
      1315.39  3.71921e-09  8.69932e-12
      1315.74  4.70633e-09  9.70773e-12
      1316.08  6.96119e-09  1.14345e-11
      1316.43  1.31855e-08  1.52698e-11
      1316.78  2.22432e-08  2.03135e-11
      1317.12  1.81660e-08  1.73059e-11
      1317.47  9.10503e-09  1.14172e-11
      1317.82  5.70102e-09  8.94951e-12
      1318.17  5.74860e-09  8.68975e-12
      1318.51  9.23001e-09  1.10677e-11
      1318.86  1.14220e-08  1.27414e-11
      1319.21  7.80678e-09  1.09907e-11
      1319.56  4.60005e-09  8.92351e-12
      1319.91  4.62912e-09  9.43987e-12
      1320.25  4.66549e-09  9.50872e-12
      1320.60  4.64807e-09  9.39293e-12
      1320.95  5.60578e-09  1.01401e-11
      1321.30  7.90309e-09  1.18674e-11
      1321.65  1.46522e-08  1.57567e-11
      1322.00  2.60536e-08  2.21009e-11
      1322.35  2.33379e-08  2.03805e-11
      1322.70  1.26811e-08  1.42548e-11
      1323.05  8.42145e-09  1.13281e-11
      1323.40  9.21943e-09  1.12654e-11
      1323.75  1.08575e-08  1.17957e-11
      1324.10  1.12496e-08  1.20076e-11
      1324.45  8.45260e-09  1.05140e-11
      1324.80  6.05490e-09  9.65104e-12
      