227
      1249.95  1.20407e-08  1.57308e-11
      1250.27  6.09205e-09  1.10297e-11
      1250.58  2.12424e-09  7.13779e-12
      1250.89  1.48425e-09  6.49579e-12
      1251.20  1.89283e-09  6.72838e-12
      1251.52  2.93299e-09  7.53875e-12
      1251.83  5.05957e-09  9.55422e-12
      1252.14  6.63252e-09  1.10799e-11
      1252.46  6.41835e-09  1.09930e-11
      1252.77  5.89507e-09  1.04395e-11
      1253.09  9.53972e-09  1.25127e-11
      1253.40  1.80446e-08  1.64866e-11
      1253.71  2.26976e-08  1.89821e-11
      1254.03  1.41325e-08  1.49206e-11
      1254.34  6.87955e-09  1.01045e-11
      1254.66  8.25410e-09  1.14716e-11
      1254.97  1.33550e-08  1.58169e-11
      1255.29  9.00838e-09  1.28984e-11
      1255.60  4.00274e-09  9.31415e-12
      1255.92  4.50834e-09  9.98325e-12
      1256.23  7.54436e-09  1.16469e-11
      1256.55  1.23082e-08  1.50020e-11
      1256.87  8.97356e-09  1.23271e-11
      1257.18  4.08413e-09  8.69938e-12
      1257.50  2.96252e-09  8.23208e-12
      1257.81  3.30323e-09  8.95888e-12
      1258.13  4.12194e-09  9.98501e-12
      1258.45  4.16141e-09  1.00040e-11
      1258.76  4.40937e-09  9.85285e-12
      1259.08  7.72997e-09  1.17064e-11
      1259.40  1.55677e-08  1.58870e-11
      1259.72  2.11505e-08  1.81975e-11
      1260.03  1.63854e-08  1.54603e-11
      1260.35  1.20790e-08  1.30546e-11
      1260.67  1.50064e-08  1.51982e-11
      1260.99  1.41311e-08  1.48464e-11
      1261.30  1.14500e-08  1.28170e-11
      1261.62  1.39432e-08  1.42318e-11
      1261.94  1.47367e-08  1.37201e-11
      1262.26  1.50870e-08  1.36383e-11
      1262.58  1.11603e-08  1.10913e-11
      1262.90  1.16176e-08  1.10151e-11
      1263.22  1.80446e-08  1.45269e-11
      1263.54  1.50314e-08  1.31470e-11
      1263.86  9.56957e-09  1.07115e-11
      1264.17  7.62793e-09  1.02167e-11
      1264.49  5.48726e-09  8.71590e-12
      1264.81  5.68274e-09  8.40459e-12
      1265.13  1.14953e-08  1.16326e-11
      1265.45  1.82876e-08  1.46760e-11
      1265.77  1.64507e-08  1.40903e-11
      1266.10  8.83405e-09  1.05339e-11
      1266.42  4.51568e-09  8.22852e-12
      1266.74  3.88223e-09  8.18159e-12
      1267.06  5.18519e-09  9.26624e-12
      1267.38  1.05743e-08  1.25199e-11
      1267.70  1.94790e-08  1.69743e-11
      1268.02  2.10694e-08  1.68839e-11
      1268.34  2.04683e-08  1.64761e-11
      1268.67  1.88373e-08  1.56084e-11
      1268.99  1.84116e-08  1.59666e-11
      1269.31  1.46747e-08  1.43523e-11
      1269.63  9.69725e-09  1.18575e-11
      1269.95  8.00242e-09  1.08574e-11
      1270.28  9.74179e-09  1.13600e-11
      1270.60  1.57815e-08  1.40159e-11
      1270.92  1.91160e-08  1.45267e-11
      1271.25  2.08581e-08  1.46144e-11
      1271.57  2.04441e-08  1.45887e-11
      1271.89  1.25895e-08  1.13716e-11
      1272.22  5.78098e-09  7.96256e-12
      1272.54  3.56450e-09  6.78780e-12
      1272.86  2.91938e-09  6.43161e-12
      1273.19  2.75349e-09  6.33956e-12
      1273.51  3.30434e-09  6.48680e-12
      1273.84  5.07454e-09  7.70843e-12
      1274.16  6.69239e-09  8.65358e-12
      1274.49  8.57680e-09  9.49109e-12
      1274.81  1.51662e-08  1.32819e-11
      1275.14  2.10405e-08  1.64295e-11
      1275.46  1.90621e-08  1.62130e-11
      1275.79  1.25647e-08  1.35237e-11
      1276.11  8.12584e-09  1.08951e-11
      1276.44  1.03148e-08  1.17852e-11
      1276.76  1.77472e-08  1.58782e-11
      1277.09  1.82999e-08  1.51606e-11
      1277.42  1.87760e-08  1.58619e-11
      1277.74  1.32887e-08  1.33001e-11
      1278.07  6.23698e-09  9.27171e-12
      1278.40  3.76464e-09  7.77773e-12
      1278.72  2.94279e-09  7.14553e-12
      1279.05  2.88045e-09  6.77958e-12
      1279.38  3.78242e-09  7.17736e-12
      1279.71  5.58174e-09  8.00134e-12
      1280.03  7.43377e-09  8.93206e-12
      1280.36  6.85515e-09  8.37011e-12
      1280.69  7.18544e-09  8.70025e-12
      1281.02  9.43665e-09  1.00888e-11
      1281.34  1.36738e-08  1.24461e-11
      1281.67  1.66222e-08  1.41602e-11
      1282.00  1.33293e-08  1.23979e-11
      1282.33  1.34543e-08  1.22176e-11
      1282.66  2.02998e-08  1.51971e-11
      1282.99  2.56870e-08  1.71075e-11
      1283.32  2.55493e-08  1.74886e-11
      1283.65  1.82638e-08  1.52868e-11
      1283.98  9.86520e-09  1.16885e-11
      1284.31  5.67566e-09  9.57319e-12
      1284.64  4.20529e-09  8.67655e-12
      1284.97  4.13052e-09  8.38653e-12
      1285.30  4.84925e-09  8.97094e-12
      1285.63  4.23787e-09  7.91853e-12
      1285.96  3.90079e-09  7.26356e-12
      1286.29  5.83531e-09  8.70520e-12
      1286.62  8.21610e-09  1.04512e-11
      1286.95  7.67146e-09  9.73265e-12
      1287.28  9.39551e-09  1.03065e-11
      1287.61  1.66136e-08  1.39782e-11
      1287.95  1.98646e-08  1.45550e-11
      1288.28  1.97293e-08  1.42884e-11
      1288.61  1.97513e-08  1.37769e-11
      1288.94  2.00490e-08  1.43065e-11
      1289.27  1.42033e-08  1.20313e-11
      1289.61  1.05162e-08  1.10048e-11
      1289.94  8.54572e-09  1.05239e-11
      1290.27  5.78094e-09  8.95739e-12
      1290.61  4.95376e-09  9.00548e-12
      1290.94  3.80780e-09  7.94272e-12
      1291.27  2.80799e-09  6.83327e-12
      1291.61  3.20427e-09  7.11090e-12
      1291.94  5.12121e-09  8.57657e-12
      1292.27  8.63964e-09  1.08846e-11
      1292.61  1.24244e-08  1.34966e-11
      1292.94  9.46601e-09  1.15129e-11
      1293.28  7.17183e-09  9.94637e-12
      1293.61  9.42359e-09  1.12198e-11
      1293.95  1.20825e-08  1.16978e-11
      1294.28  1.76297e-08  1.35927e-11
      1294.62  2.00038e-08  1.40213e-11
      1294.95  1.71184e-08  1.26006e-11
      1295.29  1.63029e-08  1.26466e-11
      1295.62  1.42123e-08  1.21226e-11
      1295.96  1.05727e-08  1.07526e-11
      1296.29  9.13875e-09  1.03896e-11
      1296.63  9.49105e-09  1.05619e-11
      1296.97  1.16754e-08  1.15681e-11
      1297.30  1.76092e-08  1.42371e-11
      1297.64  2.32419e-08  1.67814e-11
      1297.98  2.00887e-08  1.57634e-11
      1298.31  1.29044e-08  1.29731e-11
      1298.65  7.36816e-09  1.02510e-11
      1298.99  5.60563e-09  9.13155e-12
      1299.33  9.39269e-09  1.14337e-11
      1299.66  1.65790e-08  1.49149e-11
      1300.00  1.88368e-08  1.49682e-11
      1300.34  1.65114e-08  1.35679e-11
      1300.68  1.15460e-08  1.08418e-11
      1301.02  1.17634e-08  1.05374e-11
      1301.35  2.00095e-08  1.42476e-11
      1301.69  2.40464e-08  1.55651e-11
      1302.03  2.33841e-08  1.56880e-11
      1302.37  2.07564e-08  1.44699e-11
      1302.71  2.38858e-08  1.58979e-11
      1303.05  2.60641e-08  1.63586e-11
      1303.39  2.97450e-08  1.77992e-11
      1303.73  3.18747e-08  1.90191e-11
      1304.07  2.95950e-08  1.88011e-11
      1304.41  3.00684e-08  1.98423e-11
      1304.75  3.17147e-08  2.09145e-11
      1305.09  3.28639e-08  2.12066e-11
      1305.43  3.84736e-08  2.27477e-11
      1305.77  4.53332e-08  2.37791e-11
      1306.11  4.55403e-08  2.33691e-11
      1306.46  3.10024e-08  1.85670e-11
      1306.80  1.53921e-08  1.25956e-11
      1307.14  8.26430e-09  9.48533e-12
      1307.48  5.68266e-09  8.11046e-12
      1307.82  4.54674e-09  7.35878e-12
      1308.16  4.53955e-09  7.26008e-12
      1308.51  5.46503e-09  8.07009e-12
      1308.85  4.43469e-09  7.18581e-12
      1309.19  3.20563e-09  6.27412e-12
      1309.53  2.95074e-09  6.33286e-12
      1309.88  2.89059e-09  6.64015e-12
      1310.22  3.08994e-09  7.09342e-12
      1310.56  3.92774e-09  8.10530e-12
      1310.91  6.91967e-09  1.00847e-11
      1311.25  1.31054e-08  1.42210e-11
      1311.60  1.32075e-08  1.36159e-11
      1311.94  7.74321e-09  9.97108e-12
      1312.28  4.09511e-09  7.37136e-12
      1312.63  2.83794e-09  6.42645e-12
      1312.97  2.42555e-09  5.91164e-12
      1313.32  3.19896e-09  6.49375e-12
      1313.66  5.41378e-09  8.39483e-12
      1314.01  4.56444e-09  7.50061e-12
      1314.35  2.60282e-09  5.83464e-12
      1314.70  2.02298e-09  5.34476e-12
      1315.05  2.02788e-09  5.41627e-12
      1315.39  2.28259e-09  5.84404e-12
      1315.74  2.88870e-09  6.74812e-12
      1316.08  4.35466e-09  8.04355e-12
      1316.43  8.58032e-09  1.11933e-11
      1316.78  1.47433e-08  1.52558e-11
      1317.12  1.17822e-08  1.33867e-11
      1317.47  5.51849e-09  8.99694e-12
      1317.82  3.31675e-09  7.20773e-12
      1318.17  3.39310e-09  6.83353e-12
      1318.51  5.65906e-09  8.53759e-12
      1318.86  7.07658e-09  9.41364e-12
      1319.21  4.78703e-09  7.74489e-12
      1319.56  2.78434e-09  6.15633e-12
      1319.91  2.86769e-09  6.29487e-12
      1320.25  2.92087e-09  6.20221e-12
      1320.60  2.89083e-09  6.05172e-12
      1320.95  3.51119e-09  6.64034e-12
      1321.30  5.02820e-09  7.81559e-12
      1321.65  9.83868e-09  1.09652e-11
      1322.00  1.79560e-08  1.60800e-11
      1322.35  1.56717e-08  1.52646e-11
      1322.70  7.95079e-09  1.08207e-11
      1323.05  5.00490e-09  8.81761e-12
      1323.40  5.52511e-09  8.90155e-12
      1323.75  6.60819e-09  9.30243e-12
      1324.10  6.88959e-09  9.22315e-12
      1324.45  5.13076e-09  7.83829e-12
      1324.80  3.62957e-09  7.37005e-12
      