227
      1249.95  1.14829e-08  1.47405e-11
      1250.27  5.75111e-09  1.04817e-11
      1250.58  1.97003e-09  6.72885e-12
      1250.89  1.37558e-09  6.08403e-12
      1251.20  1.77551e-09  6.30999e-12
      1251.52  2.74773e-09  7.09128e-12
      1251.83  4.76611e-09  8.97444e-12
      1252.14  6.24618e-09  1.03526e-11
      1252.46  6.01755e-09  1.01069e-11
      1252.77  5.49254e-09  9.48723e-12
      1253.09  8.94970e-09  1.12431e-11
      1253.40  1.70951e-08  1.47558e-11
      1253.71  2.15916e-08  1.66705e-11
      1254.03  1.33859e-08  1.28542e-11
      1254.34  6.41843e-09  8.77781e-12
      1254.66  7.73891e-09  9.90121e-12
      1254.97  1.25830e-08  1.35173e-11
      1255.29  8.51745e-09  1.10167e-11
      1255.60  3.75204e-09  7.82479e-12
      1255.92  4.21184e-09  8.47395e-12
      1256.23  7.14393e-09  9.79394e-12
      1256.55  1.16421e-08  1.25412e-11
      1256.87  8.55014e-09  1.04500e-11
      1257.18  3.87558e-09  7.41752e-12
      1257.50  2.78853e-09  6.94649e-12
      1257.81  3.14380e-09  7.64926e-12
      1258.13  3.93334e-09  8.54310e-12
      1258.45  3.98214e-09  8.74579e-12
      1258.76  4.21058e-09  8.62166e-12
      1259.08  7.40503e-09  1.03155e-11
      1259.40  1.49946e-08  1.40127e-11
      1259.72  2.03602e-08  1.61979e-11
      1260.03  1.56854e-08  1.38495e-11
      1260.35  1.14908e-08  1.17506e-11
      1260.67  1.43741e-08  1.38941e-11
      1260.99  1.34670e-08  1.36244e-11
      1261.30  1.08669e-08  1.19590e-11
      1261.62  1.33566e-08  1.33779e-11
      1261.94  1.40877e-08  1.28411e-11
      1262.26  1.45283e-08  1.28527e-11
      1262.58  1.06171e-08  1.03690e-11
      1262.90  1.09868e-08  1.02599e-11
      1263.22  1.72893e-08  1.35700e-11
      1263.54  1.43130e-08  1.21088e-11
      1263.86  8.99989e-09  9.78914e-12
      1264.17  7.14576e-09  9.18916e-12
      1264.49  5.11920e-09  7.70989e-12
      1264.81  5.32311e-09  7.35598e-12
      1265.13  1.08557e-08  1.00688e-11
      1265.45  1.73187e-08  1.26620e-11
      1265.77  1.56040e-08  1.20381e-11
      1266.10  8.38061e-09  8.98984e-12
      1266.42  4.25194e-09  7.02482e-12
      1266.74  3.64125e-09  6.95570e-12
      1267.06  4.92259e-09  7.93696e-12
      1267.38  1.01543e-08  1.07611e-11
      1267.70  1.87737e-08  1.45245e-11
      1268.02  2.04333e-08  1.45580e-11
      1268.34  1.98965e-08  1.43243e-11
      1268.67  1.82555e-08  1.36349e-11
      1268.99  1.77863e-08  1.41214e-11
      1269.31  1.41383e-08  1.28423e-11
      1269.63  9.29063e-09  1.07144e-11
      1269.95  7.62533e-09  9.93319e-12
      1270.28  9.29122e-09  1.04676e-11
      1270.60  1.51540e-08  1.31036e-11
      1270.92  1.84155e-08  1.37066e-11
      1271.25  2.00798e-08  1.38172e-11
      1271.57  1.96747e-08  1.38123e-11
      1271.89  1.20441e-08  1.06798e-11
      1272.22  5.45962e-09  7.42827e-12
      1272.54  3.32182e-09  6.32465e-12
      1272.86  2.70938e-09  5.90288e-12
      1273.19  2.54869e-09  5.70112e-12
      1273.51  3.06675e-09  5.78498e-12
      1273.84  4.75259e-09  6.75726e-12
      1274.16  6.27962e-09  7.47616e-12
      1274.49  8.08320e-09  8.16186e-12
      1274.81  1.44329e-08  1.13322e-11
      1275.14  2.01125e-08  1.39433e-11
      1275.46  1.81808e-08  1.36604e-11
      1275.79  1.19470e-08  1.13307e-11
      1276.11  7.74509e-09  9.16989e-12
      1276.44  9.93682e-09  1.00817e-11
      1276.76  1.71490e-08  1.35937e-11
      1277.09  1.77470e-08  1.31533e-11
      1277.42  1.82294e-08  1.39031e-11
      1277.74  1.28086e-08  1.17537e-11
      1278.07  5.96119e-09  8.30730e-12
      1278.40  3.57602e-09  7.12992e-12
      1278.72  2.76886e-09  6.53708e-12
      1279.05  2.70519e-09  6.33075e-12
      1279.38  3.57391e-09  6.82552e-12
      1279.71  5.31974e-09  8.17008e-12
      1280.03  7.10546e-09  8.40785e-12
      1280.36  6.50798e-09  7.83986e-12
      1280.69  6.78761e-09  8.07397e-12
      1281.02  8.90006e-09  9.21649e-12
      1281.34  1.29586e-08  1.12027e-11
      1281.67  1.58209e-08  1.26037e-11
      1282.00  1.26057e-08  1.08220e-11
      1282.33  1.27162e-08  1.05448e-11
      1282.66  1.93648e-08  1.29803e-11
      1282.99  2.46253e-08  1.45476e-11
      1283.32  2.45655e-08  1.49012e-11
      1283.65  1.75413e-08  1.30369e-11
      1283.98  9.41470e-09  1.00065e-11
      1284.31  5.41657e-09  8.23647e-12
      1284.64  4.05516e-09  7.55103e-12
      1284.97  3.99221e-09  7.40784e-12
      1285.30  4.67735e-09  7.92079e-12
      1285.63  4.05495e-09  7.15657e-12
      1285.96  3.71172e-09  6.68697e-12
      1286.29  5.56186e-09  8.00155e-12
      1286.62  7.84468e-09  9.72318e-12
      1286.95  7.32949e-09  9.20721e-12
      1287.28  9.01352e-09  9.77672e-12
      1287.61  1.59619e-08  1.31321e-11
      1287.95  1.90914e-08  1.36743e-11
      1288.28  1.90185e-08  1.30559e-11
      1288.61  1.89367e-08  1.24425e-11
      1288.94  1.90525e-08  1.27029e-11
      1289.27  1.35105e-08  1.05355e-11
      1289.61  9.91198e-09  9.44844e-12
      1289.94  8.02792e-09  8.94008e-12
      1290.27  5.44603e-09  7.60877e-12
      1290.61  4.64983e-09  7.49337e-12
      1290.94  3.59697e-09  6.64639e-12
      1291.27  2.66053e-09  5.75372e-12
      1291.61  3.06081e-09  6.08422e-12
      1291.94  4.94612e-09  7.42476e-12
      1292.27  8.37967e-09  9.53446e-12
      1292.61  1.19678e-08  1.18610e-11
      1292.94  9.07834e-09  1.02655e-11
      1293.28  6.85867e-09  8.98962e-12
      1293.61  8.96712e-09  1.03269e-11
      1293.95  1.15570e-08  1.09187e-11
      1294.28  1.69694e-08  1.27884e-11
      1294.62  1.92279e-08  1.31984e-11
      1294.95  1.63783e-08  1.17728e-11
      1295.29  1.55533e-08  1.16775e-11
      1295.62  1.34824e-08  1.10158e-11
      1295.96  9.95905e-09  9.55725e-12
      1296.29  8.59315e-09  9.06071e-12
      1296.63  8.94395e-09  9.17398e-12
      1296.97  1.10550e-08  9.91203e-12
      1297.30  1.68428e-08  1.21192e-11
      1297.64  2.23801e-08  1.42519e-11
      1297.98  1.92889e-08  1.34210e-11
      1298.31  1.23874e-08  1.11247e-11
      1298.65  7.07404e-09  8.87937e-12
      1298.99  5.38495e-09  8.01629e-12
      1299.33  9.05241e-09  1.02516e-11
      1299.66  1.60857e-08  1.35787e-11
      1300.00  1.81934e-08  1.38192e-11
      1300.34  1.59128e-08  1.26549e-11
      1300.68  1.10195e-08  1.01913e-11
      1301.02  1.12559e-08  9.98923e-12
      1301.35  1.93256e-08  1.35493e-11
      1301.69  2.31080e-08  1.45358e-11
      1302.03  2.24409e-08  1.44346e-11
      1302.37  1.97883e-08  1.29540e-11
      1302.71  2.29033e-08  1.39344e-11
      1303.05  2.49347e-08  1.40683e-11
      1303.39  2.85693e-08  1.51379e-11
      1303.73  3.07027e-08  1.60974e-11
      1304.07  2.84952e-08  1.58236e-11
      1304.41  2.90719e-08  1.68435e-11
      1304.75  3.07800e-08  1.78963e-11
      1305.09  3.20396e-08  1.83911e-11
      1305.43  3.76448e-08  2.00603e-11
      1305.77  4.44001e-08  2.12365e-11
      1306.11  4.45573e-08  2.11823e-11
      1306.46  3.00971e-08  1.70497e-11
      1306.80  1.47371e-08  1.17202e-11
      1307.14  7.83890e-09  8.89603e-12
      1307.48  5.37766e-09  7.60117e-12
      1307.82  4.28640e-09  6.96410e-12
      1308.16  4.26058e-09  6.72073e-12
      1308.51  5.15137e-09  7.29015e-12
      1308.85  4.16376e-09  6.35706e-12
      1309.19  2.98752e-09  5.41772e-12
      1309.53  2.74751e-09  5.43217e-12
      1309.88  2.70864e-09  5.56718e-12
      1310.22  2.91770e-09  6.08661e-12
      1310.56  3.73258e-09  6.77629e-12
      1310.91  6.67426e-09  8.72239e-12
      1311.25  1.27451e-08  1.24397e-11
      1311.60  1.28528e-08  1.20987e-11
      1311.94  7.49041e-09  8.98397e-12
      1312.28  3.91164e-09  6.80406e-12
      1312.63  2.68991e-09  6.02709e-12
      1312.97  2.30087e-09  5.62990e-12
      1313.32  3.05250e-09  6.20938e-12
      1313.66  5.16158e-09  7.94058e-12
      1314.01  4.33034e-09  6.97284e-12
      1314.35  2.44363e-09  5.31887e-12
      1314.70  1.88533e-09  4.75724e-12
      1315.05  1.88793e-09  4.69234e-12
      1315.39  2.12925e-09  4.92361e-12
      1315.74  2.71304e-09  5.60017e-12
      1316.08  4.12521e-09  6.76888e-12
      1316.43  8.24711e-09  9.41310e-12
      1316.78  1.42555e-08  1.29980e-11
      1317.12  1.13654e-08  1.14593e-11
      1317.47  5.32934e-09  7.99225e-12
      1317.82  3.17599e-09  6.30619e-12
      1318.17  3.23721e-09  6.23167e-12
      1318.51  5.41993e-09  7.84454e-12
      1318.86  6.77300e-09  8.84110e-12
      1319.21  4.54981e-09  7.27245e-12
      1319.56  2.62511e-09  5.79326e-12
      1319.91  2.68975e-09  5.80390e-12
      1320.25  2.72621e-09  5.60956e-12
      1320.60  2.69725e-09  5.32532e-12
      1320.95  3.28745e-09  5.87896e-12
      1321.30  4.72545e-09  6.67480e-12
      1321.65  9.40515e-09  9.43780e-12
      1322.00  1.73725e-08  1.38180e-11
      1322.35  1.50834e-08  1.30102e-11
      1322.70  7.65988e-09  9.44984e-12
      1323.05  4.83757e-09  7.77027e-12
      1323.40  5.33492e-09  8.09085e-12
      1323.75  6.34562e-09  8.53331e-12
      1324.10  6.59288e-09  8.59740e-12
      1324.45  4.87317e-09  7.37934e-12
      1324.80  3.43470e-09  6.41519e-12
      