227
      1249.95  1.60646e-08  2.01269e-11
      1250.27  7.98203e-09  1.41716e-11
      1250.58  2.65539e-09  9.22783e-12
      1250.89  1.82203e-09  7.96880e-12
      1251.20  2.43320e-09  8.34792e-12
      1251.52  3.87286e-09  9.74798e-12
      1251.83  6.70588e-09  1.23324e-11
      1252.14  8.80033e-09  1.41882e-11
      1252.46  8.52260e-09  1.42201e-11
      1252.77  7.99404e-09  1.35340e-11
      1253.09  1.28534e-08  1.63483e-11
      1253.40  2.36643e-08  2.16561e-11
      1253.71  2.89038e-08  2.37739e-11
      1254.03  1.81082e-08  1.81707e-11
      1254.34  9.29956e-09  1.36136e-11
      1254.66  1.12371e-08  1.51819e-11
      1254.97  1.74181e-08  2.03545e-11
      1255.29  1.16203e-08  1.65757e-11
      1255.60  5.42490e-09  1.20757e-11
      1255.92  6.07792e-09  1.30626e-11
      1256.23  1.01424e-08  1.53270e-11
      1256.55  1.66455e-08  1.98165e-11
      1256.87  1.17531e-08  1.60782e-11
      1257.18  5.38123e-09  1.14224e-11
      1257.50  3.97403e-09  1.05145e-11
      1257.81  4.53746e-09  1.14228e-11
      1258.13  5.70353e-09  1.29420e-11
      1258.45  5.78909e-09  1.28060e-11
      1258.76  6.19811e-09  1.26422e-11
      1259.08  1.07698e-08  1.53337e-11
      1259.40  2.10121e-08  2.02918e-11
      1259.72  2.78687e-08  2.29965e-11
      1260.03  2.15689e-08  1.95016e-11
      1260.35  1.62127e-08  1.65826e-11
      1260.67  1.99750e-08  1.91492e-11
      1260.99  1.87849e-08  1.86931e-11
      1261.30  1.54026e-08  1.64340e-11
      1261.62  1.84849e-08  1.81983e-11
      1261.94  1.95280e-08  1.75672e-11
      1262.26  1.96944e-08  1.74025e-11
      1262.58  1.48032e-08  1.43187e-11
      1262.90  1.55934e-08  1.43628e-11
      1263.22  2.31514e-08  1.84075e-11
      1263.54  1.93543e-08  1.67788e-11
      1263.86  1.27155e-08  1.40424e-11
      1264.17  1.01352e-08  1.34206e-11
      1264.49  7.33976e-09  1.14586e-11
      1264.81  7.79016e-09  1.13681e-11
      1265.13  1.53653e-08  1.55209e-11
      1265.45  2.39512e-08  1.94618e-11
      1265.77  2.12998e-08  1.85165e-11
      1266.10  1.14893e-08  1.38737e-11
      1266.42  6.05344e-09  1.08659e-11
      1266.74  5.29264e-09  1.08028e-11
      1267.06  7.12576e-09  1.22683e-11
      1267.38  1.43118e-08  1.65610e-11
      1267.70  2.57997e-08  2.22752e-11
      1268.02  2.77187e-08  2.18275e-11
      1268.34  2.72520e-08  2.14230e-11
      1268.67  2.50118e-08  2.00640e-11
      1268.99  2.44784e-08  2.04384e-11
      1269.31  1.95147e-08  1.84183e-11
      1269.63  1.31700e-08  1.53228e-11
      1269.95  1.09858e-08  1.41620e-11
      1270.28  1.32401e-08  1.47365e-11
      1270.60  2.09739e-08  1.80313e-11
      1270.92  2.51396e-08  1.87306e-11
      1271.25  2.72145e-08  1.86582e-11
      1271.57  2.64323e-08  1.85051e-11
      1271.89  1.63335e-08  1.44564e-11
      1272.22  7.64581e-09  1.02992e-11
      1272.54  4.73990e-09  8.92708e-12
      1272.86  3.87247e-09  8.53102e-12
      1273.19  3.62613e-09  8.26992e-12
      1273.51  4.39688e-09  8.69298e-12
      1273.84  6.78571e-09  1.04016e-11
      1274.16  8.96869e-09  1.15652e-11
      1274.49  1.15960e-08  1.27900e-11
      1274.81  2.00467e-08  1.75286e-11
      1275.14  2.73076e-08  2.14581e-11
      1275.46  2.46592e-08  2.09772e-11
      1275.79  1.65397e-08  1.75829e-11
      1276.11  1.09933e-08  1.43361e-11
      1276.44  1.40079e-08  1.55055e-11
      1276.76  2.37460e-08  2.06051e-11
      1277.09  2.41173e-08  1.93417e-11
      1277.42  2.49649e-08  2.03357e-11
      1277.74  1.73766e-08  1.67581e-11
      1278.07  8.30841e-09  1.18661e-11
      1278.40  5.09539e-09  1.00789e-11
      1278.72  3.97095e-09  9.16564e-12
      1279.05  3.89880e-09  8.92567e-12
      1279.38  5.16739e-09  9.38772e-12
      1279.71  7.57528e-09  1.04926e-11
      1280.03  9.93892e-09  1.17144e-11
      1280.36  9.12195e-09  1.08958e-11
      1280.69  9.59382e-09  1.13805e-11
      1281.02  1.25916e-08  1.31813e-11
      1281.34  1.79746e-08  1.60989e-11
      1281.67  2.14574e-08  1.81837e-11
      1282.00  1.73919e-08  1.62281e-11
      1282.33  1.78505e-08  1.62471e-11
      1282.66  2.64545e-08  1.99723e-11
      1282.99  3.30243e-08  2.22684e-11
      1283.32  3.26261e-08  2.26796e-11
      1283.65  2.34867e-08  1.99101e-11
      1283.98  1.30559e-08  1.52641e-11
      1284.31  7.77780e-09  1.25358e-11
      1284.64  5.86558e-09  1.13989e-11
      1284.97  5.77990e-09  1.11649e-11
      1285.30  6.70018e-09  1.15855e-11
      1285.63  5.81351e-09  1.03362e-11
      1285.96  5.40384e-09  9.61786e-12
      1286.29  7.96994e-09  1.12297e-11
      1286.62  1.09765e-08  1.32992e-11
      1286.95  1.02898e-08  1.25440e-11
      1287.28  1.27653e-08  1.36495e-11
      1287.61  2.17486e-08  1.78657e-11
      1287.95  2.56226e-08  1.86760e-11
      1288.28  2.56911e-08  1.82751e-11
      1288.61  2.56252e-08  1.76885e-11
      1288.94  2.55822e-08  1.81751e-11
      1289.27  1.81967e-08  1.53440e-11
      1289.61  1.40121e-08  1.44502e-11
      1289.94  1.13665e-08  1.36482e-11
      1290.27  7.70414e-09  1.16989e-11
      1290.61  6.73192e-09  1.18380e-11
      1290.94  5.05547e-09  1.02586e-11
      1291.27  3.71490e-09  8.87759e-12
      1291.61  4.35276e-09  9.16197e-12
      1291.94  7.16432e-09  1.13072e-11
      1292.27  1.19140e-08  1.40390e-11
      1292.61  1.69971e-08  1.73860e-11
      1292.94  1.25851e-08  1.45065e-11
      1293.28  9.78896e-09  1.29665e-11
      1293.61  1.29865e-08  1.47721e-11
      1293.95  1.62513e-08  1.53034e-11
      1294.28  2.33177e-08  1.77378e-11
      1294.62  2.61707e-08  1.81065e-11
      1294.95  2.22651e-08  1.61410e-11
      1295.29  2.13215e-08  1.63723e-11
      1295.62  1.86307e-08  1.55749e-11
      1295.96  1.39325e-08  1.39633e-11
      1296.29  1.21989e-08  1.36027e-11
      1296.63  1.27864e-08  1.40537e-11
      1296.97  1.56798e-08  1.53852e-11
      1297.30  2.31607e-08  1.85817e-11
      1297.64  3.01399e-08  2.17288e-11
      1297.98  2.62304e-08  2.03592e-11
      1298.31  1.72512e-08  1.68925e-11
      1298.65  1.01795e-08  1.34851e-11
      1298.99  7.97339e-09  1.20487e-11
      1299.33  1.29857e-08  1.50743e-11
      1299.66  2.20466e-08  1.92619e-11
      1300.00  2.48586e-08  1.93628e-11
      1300.34  2.17317e-08  1.74687e-11
      1300.68  1.54886e-08  1.41388e-11
      1301.02  1.58858e-08  1.38300e-11
      1301.35  2.59090e-08  1.81397e-11
      1301.69  3.07662e-08  1.97595e-11
      1302.03  2.96013e-08  1.97062e-11
      1302.37  2.66196e-08  1.84490e-11
      1302.71  3.02127e-08  2.01932e-11
      1303.05  3.31096e-08  2.08464e-11
      1303.39  3.75148e-08  2.25767e-11
      1303.73  3.99851e-08  2.39300e-11
      1304.07  3.76202e-08  2.36270e-11
      1304.41  3.84071e-08  2.50006e-11
      1304.75  4.04717e-08  2.61808e-11
      1305.09  4.21329e-08  2.66735e-11
      1305.43  4.87305e-08  2.86186e-11
      1305.77  5.64975e-08  3.01243e-11
      1306.11  5.55958e-08  2.89151e-11
      1306.46  3.84660e-08  2.30734e-11
      1306.80  2.00801e-08  1.62576e-11
      1307.14  1.11894e-08  1.23953e-11
      1307.48  7.74218e-09  1.05839e-11
      1307.82  6.17920e-09  9.71631e-12
      1308.16  6.16710e-09  9.57407e-12
      1308.51  7.20551e-09  1.04948e-11
      1308.85  5.86649e-09  9.36766e-12
      1309.19  4.29918e-09  8.28527e-12
      1309.53  3.93308e-09  8.26065e-12
      1309.88  3.87885e-09  8.63341e-12
      1310.22  4.19693e-09  9.16424e-12
      1310.56  5.41439e-09  1.03600e-11
      1310.91  9.58692e-09  1.32786e-11
      1311.25  1.73839e-08  1.83691e-11
      1311.60  1.73393e-08  1.75507e-11
      1311.94  1.04135e-08  1.31050e-11
      1312.28  5.63110e-09  9.80459e-12
      1312.63  3.86078e-09  8.35521e-12
      1312.97  3.27891e-09  7.74469e-12
      1313.32  4.38812e-09  8.50347e-12
      1313.66  7.29847e-09  1.11114e-11
      1314.01  5.93661e-09  9.71493e-12
      1314.35  3.38965e-09  7.55161e-12
      1314.70  2.62128e-09  6.93218e-12
      1315.05  2.62301e-09  6.87851e-12
      1315.39  3.00039e-09  7.41440e-12
      1315.74  3.85929e-09  8.51524e-12
      1316.08  5.82817e-09  1.02195e-11
      1316.43  1.15166e-08  1.42328e-11
      1316.78  1.96773e-08  1.95584e-11
      1317.12  1.53084e-08  1.66734e-11
      1317.47  7.34894e-09  1.15117e-11
      1317.82  4.49679e-09  9.27448e-12
      1318.17  4.62080e-09  8.79515e-12
      1318.51  7.81769e-09  1.10619e-11
      1318.86  9.69965e-09  1.22692e-11
      1319.21  6.30313e-09  9.83759e-12
      1319.56  3.60770e-09  7.76572e-12
      1319.91  3.79653e-09  8.16851e-12
      1320.25  3.82320e-09  8.15455e-12
      1320.60  3.81532e-09  7.94587e-12
      1320.95  4.70888e-09  8.70186e-12
      1321.30  6.71530e-09  1.01716e-11
      1321.65  1.28963e-08  1.39786e-11
      1322.00  2.35702e-08  2.05457e-11
      1322.35  2.01674e-08  1.90987e-11
      1322.70  1.04051e-08  1.39569e-11
      1323.05  6.83839e-09  1.15124e-11
      1323.40  7.70395e-09  1.18597e-11
      1323.75  9.11791e-09  1.23083e-11
      1324.10  9.52222e-09  1.22188e-11
      1324.45  6.89454e-09  1.02193e-11
      1324.80  4.88317e-09  8.80917e-12
      