227
      1249.95  2.29742e-08  2.74841e-11
      1250.27  1.17418e-08  1.93792e-11
      1250.58  4.27099e-09  1.21863e-11
      1250.89  3.10973e-09  1.08491e-11
      1251.20  4.03092e-09  1.17716e-11
      1251.52  6.02754e-09  1.31108e-11
      1251.83  9.92175e-09  1.65270e-11
      1252.14  1.29061e-08  1.91320e-11
      1252.46  1.26193e-08  1.90284e-11
      1252.77  1.19181e-08  1.75435e-11
      1253.09  1.83629e-08  2.05776e-11
      1253.40  3.22106e-08  2.65398e-11
      1253.71  3.84003e-08  3.09476e-11
      1254.03  2.30524e-08  2.26369e-11
      1254.34  1.33552e-08  1.58073e-11
      1254.66  1.59188e-08  1.74649e-11
      1254.97  2.34472e-08  2.25468e-11
      1255.29  1.60996e-08  1.85018e-11
      1255.60  8.13777e-09  1.36131e-11
      1255.92  8.94074e-09  1.45050e-11
      1256.23  1.44085e-08  1.70680e-11
      1256.55  2.29139e-08  2.19931e-11
      1256.87  1.63069e-08  1.78724e-11
      1257.18  7.93518e-09  1.29473e-11
      1257.50  6.00678e-09  1.20303e-11
      1257.81  6.80870e-09  1.32878e-11
      1258.13  8.48461e-09  1.53167e-11
      1258.45  8.60248e-09  1.54251e-11
      1258.76  9.19638e-09  1.55940e-11
      1259.08  1.53176e-08  1.89807e-11
      1259.40  2.87926e-08  2.54856e-11
      1259.72  3.77083e-08  2.90172e-11
      1260.03  2.95159e-08  2.50190e-11
      1260.35  2.26011e-08  2.19117e-11
      1260.67  2.76361e-08  2.56002e-11
      1260.99  2.62542e-08  2.51261e-11
      1261.30  2.18611e-08  2.24282e-11
      1261.62  2.58967e-08  2.47726e-11
      1261.94  2.75486e-08  2.42071e-11
      1262.26  2.76438e-08  2.38729e-11
      1262.58  2.13483e-08  1.97732e-11
      1262.90  2.22881e-08  1.96618e-11
      1263.22  3.15854e-08  2.41616e-11
      1263.54  2.67504e-08  2.17962e-11
      1263.86  1.81657e-08  1.80853e-11
      1264.17  1.46027e-08  1.65851e-11
      1264.49  1.08150e-08  1.38927e-11
      1264.81  1.13656e-08  1.34928e-11
      1265.13  2.12036e-08  1.78444e-11
      1265.45  3.19562e-08  2.16485e-11
      1265.77  2.85691e-08  2.04379e-11
      1266.10  1.60074e-08  1.53589e-11
      1266.42  8.91203e-09  1.23243e-11
      1266.74  7.83767e-09  1.22090e-11
      1267.06  1.02585e-08  1.38908e-11
      1267.38  1.95933e-08  1.85991e-11
      1267.70  3.46459e-08  2.52855e-11
      1268.02  3.69521e-08  2.50465e-11
      1268.34  3.65626e-08  2.51987e-11
      1268.67  3.33704e-08  2.72675e-11
      1268.99  2.93623e-08  1.82320e-11
      1269.31  2.39311e-08  2.55402e-11
      1269.63  1.84393e-08  1.97537e-11
      1269.95  1.58022e-08  1.85966e-11
      1270.28  1.87365e-08  1.97126e-11
      1270.60  2.87526e-08  2.41289e-11
      1270.92  3.43970e-08  2.52161e-11
      1271.25  3.71991e-08  2.53577e-11
      1271.57  3.62108e-08  2.51195e-11
      1271.89  2.30810e-08  1.97840e-11
      1272.22  1.13955e-08  1.41441e-11
      1272.54  7.33193e-09  1.19652e-11
      1272.86  6.05239e-09  1.10372e-11
      1273.19  5.63580e-09  1.04284e-11
      1273.51  6.61409e-09  1.05977e-11
      1273.84  9.76666e-09  1.21593e-11
      1274.16  1.26733e-08  1.32800e-11
      1274.49  1.61883e-08  1.44083e-11
      1274.81  2.69488e-08  1.92128e-11
      1275.14  3.59614e-08  2.31238e-11
      1275.46  3.26366e-08  2.27433e-11
      1275.79  2.25360e-08  1.92980e-11
      1276.11  1.55935e-08  1.62067e-11
      1276.44  1.94906e-08  1.77695e-11
      1276.76  3.15976e-08  2.35011e-11
      1277.09  3.22950e-08  2.27171e-11
      1277.42  3.36635e-08  2.44635e-11
      1277.74  2.35291e-08  2.04535e-11
      1278.07  1.17800e-08  1.50146e-11
      1278.40  7.57189e-09  1.29527e-11
      1278.72  6.03339e-09  1.20839e-11
      1279.05  5.94093e-09  1.19002e-11
      1279.38  7.80594e-09  1.29097e-11
      1279.71  1.11328e-08  1.44185e-11
      1280.03  1.44414e-08  1.60542e-11
      1280.36  1.32677e-08  1.47859e-11
      1280.69  1.39120e-08  1.51627e-11
      1281.02  1.78714e-08  1.70338e-11
      1281.34  2.47421e-08  2.00608e-11
      1281.67  2.90516e-08  2.18248e-11
      1282.00  2.36860e-08  1.88996e-11
      1282.33  2.41763e-08  1.82577e-11
      1282.66  3.50064e-08  2.18611e-11
      1282.99  4.30840e-08  2.38637e-11
      1283.32  4.24715e-08  2.42590e-11
      1283.65  3.11611e-08  2.15246e-11
      1283.98  1.79510e-08  1.69985e-11
      1284.31  1.10852e-08  1.43407e-11
      1284.64  8.51357e-09  1.32665e-11
      1284.97  8.44751e-09  1.33707e-11
      1285.30  9.69106e-09  1.42724e-11
      1285.63  8.48928e-09  1.30024e-11
      1285.96  7.96808e-09  1.23802e-11
      1286.29  1.14661e-08  1.48600e-11
      1286.62  1.54716e-08  1.77075e-11
      1286.95  1.47584e-08  1.70892e-11
      1287.28  1.81726e-08  1.87753e-11
      1287.61  2.98279e-08  2.43082e-11
      1287.95  3.49941e-08  2.52244e-11
      1288.28  3.49650e-08  2.41290e-11
      1288.61  3.47530e-08  2.27189e-11
      1288.94  3.42001e-08  2.23572e-11
      1289.27  2.48185e-08  1.83032e-11
      1289.61  1.94118e-08  1.66837e-11
      1289.94  1.58279e-08  1.54720e-11
      1290.27  1.10272e-08  1.30776e-11
      1290.61  9.61424e-09  1.30298e-11
      1290.94  7.29250e-09  1.13595e-11
      1291.27  5.48394e-09  9.98536e-12
      1291.61  6.37536e-09  1.04831e-11
      1291.94  1.03008e-08  1.33934e-11
      1292.27  1.66677e-08  1.69084e-11
      1292.61  2.36115e-08  2.16341e-11
      1292.94  1.74117e-08  1.83203e-11
      1293.28  1.40395e-08  1.68572e-11
      1293.61  1.85844e-08  1.98698e-11
      1293.95  2.27100e-08  2.07267e-11
      1294.28  3.22051e-08  2.42524e-11
      1294.62  3.60474e-08  2.47402e-11
      1294.95  3.08484e-08  2.18727e-11
      1295.29  2.97266e-08  2.17489e-11
      1295.62  2.60184e-08  2.00816e-11
      1295.96  1.96160e-08  1.73196e-11
      1296.29  1.71704e-08  1.61789e-11
      1296.63  1.78329e-08  1.61920e-11
      1296.97  2.14358e-08  1.71253e-11
      1297.30  3.07876e-08  2.02177e-11
      1297.64  3.97792e-08  2.36204e-11
      1297.98  3.50144e-08  2.24333e-11
      1298.31  2.36787e-08  1.91248e-11
      1298.65  1.45205e-08  1.59662e-11
      1298.99  1.15735e-08  1.47389e-11
      1299.33  1.81539e-08  1.86091e-11
      1299.66  2.98076e-08  2.40581e-11
      1300.00  3.35485e-08  2.49796e-11
      1300.34  2.96640e-08  2.31425e-11
      1300.68  2.17238e-08  1.92002e-11
      1301.02  2.22950e-08  1.91771e-11
      1301.35  3.53154e-08  2.46592e-11
      1301.69  4.16633e-08  2.64896e-11
      1302.03  3.97430e-08  2.55612e-11
      1302.37  3.57374e-08  2.31648e-11
      1302.71  3.96587e-08  2.38244e-11
      1303.05  4.33211e-08  2.37140e-11
      1303.39  4.83513e-08  2.47696e-11
      1303.73  5.11839e-08  2.55769e-11
      1304.07  4.85516e-08  2.53836e-11
      1304.41  4.95859e-08  2.70381e-11
      1304.75  5.21725e-08  2.87847e-11
      1305.09  5.43708e-08  3.01622e-11
      1305.43  6.21222e-08  3.28880e-11
      1305.77  7.02812e-08  3.86172e-11
      1306.11  6.59065e-08  3.38834e-11
      1306.46  3.99868e-08  3.00607e-11
      1306.80  2.65178e-08  2.19126e-11
      1307.14  1.60699e-08  1.69711e-11
      1307.48  1.15069e-08  1.47231e-11
      1307.82  9.38086e-09  1.35205e-11
      1308.16  9.21593e-09  1.29201e-11
      1308.51  1.04174e-08  1.34447e-11
      1308.85  8.56434e-09  1.15611e-11
      1309.19  6.37956e-09  9.72064e-12
      1309.53  5.79777e-09  9.30823e-12
      1309.88  5.70286e-09  9.39311e-12
      1310.22  6.11236e-09  1.00565e-11
      1310.56  7.78177e-09  1.15447e-11
      1310.91  1.33502e-08  1.51277e-11
      1311.25  2.31541e-08  2.08384e-11
      1311.60  2.31421e-08  2.06368e-11
      1311.94  1.43941e-08  1.60489e-11
      1312.28  8.13355e-09  1.25084e-11
      1312.63  5.71767e-09  1.08372e-11
      1312.97  4.96565e-09  1.05541e-11
      1313.32  6.60235e-09  1.17189e-11
      1313.66  1.05501e-08  1.51898e-11
      1314.01  8.69608e-09  1.31475e-11
      1314.35  5.18979e-09  9.89536e-12
      1314.70  4.02367e-09  8.62010e-12
      1315.05  3.97136e-09  8.15773e-12
      1315.39  4.46467e-09  8.40113e-12
      1315.74  5.62609e-09  9.36950e-12
      1316.08  8.31390e-09  1.12826e-11
      1316.43  1.58178e-08  1.57454e-11
      1316.78  2.58711e-08  2.15100e-11
      1317.12  2.03330e-08  1.90404e-11
      1317.47  1.04346e-08  1.38819e-11
      1317.82  6.57394e-09  1.13416e-11
      1318.17  6.78025e-09  1.13895e-11
      1318.51  1.11915e-08  1.47040e-11
      1318.86  1.38213e-08  1.67876e-11
      1319.21  9.19394e-09  1.35994e-11
      1319.56  5.52267e-09  1.07499e-11
      1319.91  5.74216e-09  1.09728e-11
      1320.25  5.73572e-09  1.04640e-11
      1320.60  5.68253e-09  9.80145e-12
      1320.95  6.82021e-09  1.01245e-11
      1321.30  9.38908e-09  1.13754e-11
      1321.65  1.73029e-08  1.52659e-11
      1322.00  3.08805e-08  2.22467e-11
      1322.35  2.64106e-08  2.08444e-11
      1322.70  1.42631e-08  1.59166e-11
      1323.05  9.73927e-09  1.36518e-11
      1323.40  1.09665e-08  1.47242e-11
      1323.75  1.28821e-08  1.56930e-11
      1324.10  1.35088e-08  1.60966e-11
      1324.45  9.90230e-09  1.36314e-11
      1324.80  7.28587e-09  1.21228e-11
      