227
      1249.95  2.36793e-08  2.77344e-11
      1250.27  1.19384e-08  1.94591e-11
      1250.58  4.37658e-09  1.27088e-11
      1250.89  3.21650e-09  1.17182e-11
      1251.20  4.16915e-09  1.29815e-11
      1251.52  6.20534e-09  1.46502e-11
      1251.83  1.02598e-08  1.89817e-11
      1252.14  1.33914e-08  2.22659e-11
      1252.46  1.31244e-08  2.26147e-11
      1252.77  1.24380e-08  2.15937e-11
      1253.09  1.90355e-08  2.61123e-11
      1253.40  3.06076e-08  3.90429e-11
      1253.71  3.50094e-08  2.89464e-11
      1254.03  2.08661e-08  3.27895e-11
      1254.34  1.41432e-08  2.13187e-11
      1254.66  1.69568e-08  2.36378e-11
      1254.97  2.46066e-08  2.73322e-11
      1255.29  1.71678e-08  2.03603e-11
      1255.60  8.95370e-09  1.46022e-11
      1255.92  9.75214e-09  1.51554e-11
      1256.23  1.55823e-08  1.75095e-11
      1256.55  2.40283e-08  2.17594e-11
      1256.87  1.72736e-08  1.74838e-11
      1257.18  8.61667e-09  1.25537e-11
      1257.50  6.43103e-09  1.14422e-11
      1257.81  7.16910e-09  1.21966e-11
      1258.13  8.99277e-09  1.39307e-11
      1258.45  9.14793e-09  1.38339e-11
      1258.76  9.68210e-09  1.38716e-11
      1259.08  1.59720e-08  1.68559e-11
      1259.40  2.99515e-08  2.29551e-11
      1259.72  3.91681e-08  2.62796e-11
      1260.03  3.04673e-08  2.29299e-11
      1260.35  2.32383e-08  2.04306e-11
      1260.67  2.84638e-08  2.44146e-11
      1260.99  2.69663e-08  2.43258e-11
      1261.30  2.23645e-08  2.22504e-11
      1261.62  2.64147e-08  2.51445e-11
      1261.94  2.80127e-08  2.51155e-11
      1262.26  2.79948e-08  2.53126e-11
      1262.58  2.18515e-08  2.17376e-11
      1262.90  2.28374e-08  2.23425e-11
      1263.22  3.21669e-08  2.82192e-11
      1263.54  2.73894e-08  2.65922e-11
      1263.86  1.88993e-08  2.24716e-11
      1264.17  1.52985e-08  2.11789e-11
      1264.49  1.15081e-08  1.82905e-11
      1264.81  1.21010e-08  1.78816e-11
      1265.13  2.21857e-08  2.37221e-11
      1265.45  3.31890e-08  2.89292e-11
      1265.77  2.89055e-08  2.51568e-11
      1266.10  1.67382e-08  1.67724e-11
      1266.42  9.85466e-09  1.37962e-11
      1266.74  8.56907e-09  1.33753e-11
      1267.06  1.09388e-08  1.35869e-11
      1267.38  2.05888e-08  1.75659e-11
      1267.70  3.65127e-08  2.36915e-11
      1268.02  3.84188e-08  2.28774e-11
      1268.34  3.81610e-08  2.28182e-11
      1268.67  3.48476e-08  2.14139e-11
      1268.99  3.44318e-08  2.23915e-11
      1269.31  2.76750e-08  2.06229e-11
      1269.63  1.92044e-08  1.78757e-11
      1269.95  1.63594e-08  1.71804e-11
      1270.28  1.92508e-08  1.84756e-11
      1270.60  2.94840e-08  2.33910e-11
      1270.92  3.51107e-08  2.49522e-11
      1271.25  3.78319e-08  2.59716e-11
      1271.57  3.67389e-08  2.65239e-11
      1271.89  2.34827e-08  2.14601e-11
      1272.22  1.17129e-08  1.59723e-11
      1272.54  7.61737e-09  1.40518e-11
      1272.86  6.32515e-09  1.34233e-11
      1273.19  5.95717e-09  1.33230e-11
      1273.51  7.04207e-09  1.38392e-11
      1273.84  1.03218e-08  1.60467e-11
      1274.16  1.33966e-08  1.78853e-11
      1274.49  1.71069e-08  1.96266e-11
      1274.81  2.80554e-08  2.60598e-11
      1275.14  3.74705e-08  3.54231e-11
      1275.46  3.16463e-08  2.62709e-11
      1275.79  2.34726e-08  1.97605e-11
      1276.11  1.66848e-08  1.56759e-11
      1276.44  2.07308e-08  1.67465e-11
      1276.76  3.27190e-08  2.14746e-11
      1277.09  3.36154e-08  2.06756e-11
      1277.42  3.47030e-08  2.19968e-11
      1277.74  2.43748e-08  1.83846e-11
      1278.07  1.24552e-08  1.38298e-11
      1278.40  7.95863e-09  1.21946e-11
      1278.72  6.26533e-09  1.14807e-11
      1279.05  6.16245e-09  1.15860e-11
      1279.38  8.06075e-09  1.29667e-11
      1279.71  1.13859e-08  1.48763e-11
      1280.03  1.48672e-08  1.72986e-11
      1280.36  1.35165e-08  1.64114e-11
      1280.69  1.43131e-08  1.75360e-11
      1281.02  1.84601e-08  2.05629e-11
      1281.34  2.56188e-08  2.51163e-11
      1281.67  3.02888e-08  2.81894e-11
      1282.00  2.47106e-08  2.49002e-11
      1282.33  2.51498e-08  2.45642e-11
      1282.66  3.64471e-08  2.96382e-11
      1282.99  4.48598e-08  3.21243e-11
      1283.32  4.33969e-08  2.98109e-11
      1283.65  3.16989e-08  2.24242e-11
      1283.98  1.89151e-08  1.63753e-11
      1284.31  1.17193e-08  1.34091e-11
      1284.64  9.02524e-09  1.21971e-11
      1284.97  8.89489e-09  1.21009e-11
      1285.30  1.01046e-08  1.28594e-11
      1285.63  8.88713e-09  1.17586e-11
      1285.96  8.34285e-09  1.13242e-11
      1286.29  1.18660e-08  1.39868e-11
      1286.62  1.58480e-08  1.70155e-11
      1286.95  1.52010e-08  1.69663e-11
      1287.28  1.86784e-08  1.93839e-11
      1287.61  3.01842e-08  2.59182e-11
      1287.95  3.55266e-08  2.80869e-11
      1288.28  3.56762e-08  2.78905e-11
      1288.61  3.57557e-08  2.76016e-11
      1288.94  3.51460e-08  2.80900e-11
      1289.27  2.59468e-08  2.38952e-11
      1289.61  2.04108e-08  2.23389e-11
      1289.94  1.67858e-08  2.09655e-11
      1290.27  1.18538e-08  1.78550e-11
      1290.61  1.02300e-08  1.74567e-11
      1290.94  7.64353e-09  1.40665e-11
      1291.27  5.81784e-09  1.02145e-11
      1291.61  6.85437e-09  9.97409e-12
      1291.94  1.08974e-08  1.23516e-11
      1292.27  1.75022e-08  1.53800e-11
      1292.61  2.44791e-08  1.94925e-11
      1292.94  1.79563e-08  1.64403e-11
      1293.28  1.46036e-08  1.55339e-11
      1293.61  1.91990e-08  1.87751e-11
      1293.95  2.30978e-08  2.00165e-11
      1294.28  3.29478e-08  2.49103e-11
      1294.62  3.66517e-08  2.61421e-11
      1294.95  3.11996e-08  2.39927e-11
      1295.29  3.05631e-08  2.53569e-11
      1295.62  2.68807e-08  2.43196e-11
      1295.96  2.03893e-08  2.17652e-11
      1296.29  1.80569e-08  2.12385e-11
      1296.63  1.88337e-08  2.17574e-11
      1296.97  2.24148e-08  2.30970e-11
      1297.30  3.19658e-08  2.70242e-11
      1297.64  4.13390e-08  3.07254e-11
      1297.98  3.50346e-08  2.42679e-11
      1298.31  2.47430e-08  1.84568e-11
      1298.65  1.75261e-08  1.90615e-11
      1298.99  1.42591e-08  1.76222e-11
      1299.33  1.99335e-08  1.86702e-11
      1299.66  3.09901e-08  2.19619e-11
      1300.00  3.45989e-08  2.31759e-11
      1300.34  3.04762e-08  2.20023e-11
      1300.68  2.22667e-08  1.87816e-11
      1301.02  2.26615e-08  1.95516e-11
      1301.35  3.58180e-08  2.64086e-11
      1301.69  4.23456e-08  2.97263e-11
      1302.03  4.06160e-08  3.01497e-11
      1302.37  3.67619e-08  2.86890e-11
      1302.71  4.08938e-08  3.08753e-11
      1303.05  4.48938e-08  3.15785e-11
      1303.39  4.99439e-08  3.33518e-11
      1303.73  5.31007e-08  3.45821e-11
      1304.07  5.05282e-08  3.40356e-11
      1304.41  5.14395e-08  3.43345e-11
      1304.75  5.39570e-08  3.04742e-11
      1305.09  5.62394e-08  2.79185e-11
      1305.43  6.38642e-08  2.96622e-11
      1305.77  7.18975e-08  3.63065e-11
      1306.11  6.86860e-08  3.31999e-11
      1306.46  4.37222e-08  2.96785e-11
      1306.80  2.74618e-08  2.07861e-11
      1307.14  1.64506e-08  1.68043e-11
      1307.48  1.17327e-08  1.52951e-11
      1307.82  9.55565e-09  1.46471e-11
      1308.16  9.51899e-09  1.49290e-11
      1308.51  1.08022e-08  1.62471e-11
      1308.85  9.02916e-09  1.46774e-11
      1309.19  6.79318e-09  1.29505e-11
      1309.53  6.21547e-09  1.25472e-11
      1309.88  6.09163e-09  1.26111e-11
      1310.22  6.51967e-09  1.34170e-11
      1310.56  8.51433e-09  1.44031e-11
      1310.91  1.48101e-08  1.59447e-11
      1311.25  2.33963e-08  2.07036e-11
      1311.60  2.30488e-08  1.99476e-11
      1311.94  1.48239e-08  1.47024e-11
      1312.28  8.47001e-09  1.14385e-11
      1312.63  5.94326e-09  1.02065e-11
      1312.97  5.16637e-09  1.01225e-11
      1313.32  6.84940e-09  1.18838e-11
      1313.66  1.06857e-08  1.59946e-11
      1314.01  8.90731e-09  1.45757e-11
      1314.35  5.44747e-09  1.18599e-11
      1314.70  4.26453e-09  1.10516e-11
      1315.05  4.21660e-09  1.08076e-11
      1315.39  4.75662e-09  1.14851e-11
      1315.74  5.98171e-09  1.28430e-11
      1316.08  8.79442e-09  1.52680e-11
      1316.43  1.66999e-08  2.02748e-11
      1316.78  2.72322e-08  2.30806e-11
      1317.12  2.10684e-08  1.77217e-11
      1317.47  1.10453e-08  1.26346e-11
      1317.82  6.91831e-09  1.03293e-11
      1318.17  7.15753e-09  1.06631e-11
      1318.51  1.15683e-08  1.39149e-11
      1318.86  1.39699e-08  1.62709e-11
      1319.21  9.39564e-09  1.38771e-11
      1319.56  5.75313e-09  1.16305e-11
      1319.91  5.93257e-09  1.26077e-11
      1320.25  5.98345e-09  1.26269e-11
      1320.60  6.00264e-09  1.24233e-11
      1320.95  7.19806e-09  1.33520e-11
      1321.30  9.93716e-09  1.53561e-11
      1321.65  1.81119e-08  2.05034e-11
      1322.00  3.17150e-08  2.88319e-11
      1322.35  2.64360e-08  2.45284e-11
      1322.70  1.41122e-08  1.54850e-11
      1323.05  1.03003e-08  1.23889e-11
      1323.40  1.14252e-08  1.32627e-11
      1323.75  1.32938e-08  1.43776e-11
      1324.10  1.38337e-08  1.50938e-11
      1324.45  1.01989e-08  1.32320e-11
      1324.80  7.53470e-09  1.22951e-11
      