227
      1249.95  2.37742e-08  2.78272e-11
      1250.27  1.20601e-08  1.96227e-11
      1250.58  4.42352e-09  1.24601e-11
      1250.89  3.25945e-09  1.10465e-11
      1251.20  4.20460e-09  1.20096e-11
      1251.52  6.25100e-09  1.37241e-11
      1251.83  1.02952e-08  1.75048e-11
      1252.14  1.34340e-08  2.01554e-11
      1252.46  1.31791e-08  1.99007e-11
      1252.77  1.24836e-08  1.89193e-11
      1253.09  1.91898e-08  2.22753e-11
      1253.40  3.28586e-08  3.04814e-11
      1253.71  3.95841e-08  4.23844e-11
      1254.03  2.10222e-08  2.55691e-11
      1254.34  1.40248e-08  1.69884e-11
      1254.66  1.68649e-08  1.86406e-11
      1254.97  2.46590e-08  2.36361e-11
      1255.29  1.71924e-08  1.93492e-11
      1255.60  8.84428e-09  1.40742e-11
      1255.92  9.66624e-09  1.47309e-11
      1256.23  1.54695e-08  1.71158e-11
      1256.55  2.41933e-08  2.16213e-11
      1256.87  1.73041e-08  1.74554e-11
      1257.18  8.54232e-09  1.26563e-11
      1257.50  6.42629e-09  1.16910e-11
      1257.81  7.19639e-09  1.27092e-11
      1258.13  9.00600e-09  1.46084e-11
      1258.45  9.16122e-09  1.48256e-11
      1258.76  9.72626e-09  1.49280e-11
      1259.08  1.60727e-08  1.82397e-11
      1259.40  3.01310e-08  2.47312e-11
      1259.72  3.93722e-08  2.81766e-11
      1260.03  3.07037e-08  2.44481e-11
      1260.35  2.34626e-08  2.17120e-11
      1260.67  2.87035e-08  2.56278e-11
      1260.99  2.72139e-08  2.53257e-11
      1261.30  2.26210e-08  2.27762e-11
      1261.62  2.66981e-08  2.53672e-11
      1261.94  2.83761e-08  2.50156e-11
      1262.26  2.83684e-08  2.47311e-11
      1262.58  2.20468e-08  2.07352e-11
      1262.90  2.30783e-08  2.07925e-11
      1263.22  3.25313e-08  2.55971e-11
      1263.54  2.77289e-08  2.34266e-11
      1263.86  1.89525e-08  1.95184e-11
      1264.17  1.52860e-08  1.80968e-11
      1264.49  1.14180e-08  1.51185e-11
      1264.81  1.20680e-08  1.45172e-11
      1265.13  2.22809e-08  1.89906e-11
      1265.45  3.33532e-08  2.27680e-11
      1265.77  2.99001e-08  2.12314e-11
      1266.10  1.70998e-08  1.58337e-11
      1266.42  9.63884e-09  1.25111e-11
      1266.74  8.42377e-09  1.20428e-11
      1267.06  1.09198e-08  1.34324e-11
      1267.38  2.06655e-08  1.78147e-11
      1267.70  3.65538e-08  2.42446e-11
      1268.02  3.87188e-08  2.37798e-11
      1268.34  3.83666e-08  2.39194e-11
      1268.67  3.51842e-08  2.41776e-11
      1268.99  3.43806e-08  2.82921e-11
      1269.31  2.71986e-08  2.34274e-11
      1269.63  1.93158e-08  1.90331e-11
      1269.95  1.64771e-08  1.81442e-11
      1270.28  1.94302e-08  1.93448e-11
      1270.60  2.97359e-08  2.40279e-11
      1270.92  3.54755e-08  2.53163e-11
      1271.25  3.82400e-08  2.58057e-11
      1271.57  3.71094e-08  2.58107e-11
      1271.89  2.36567e-08  2.04671e-11
      1272.22  1.17354e-08  1.48823e-11
      1272.54  7.61096e-09  1.26461e-11
      1272.86  6.32343e-09  1.17909e-11
      1273.19  5.93466e-09  1.12537e-11
      1273.51  7.01692e-09  1.15327e-11
      1273.84  1.03187e-08  1.30692e-11
      1274.16  1.33528e-08  1.41197e-11
      1274.49  1.70903e-08  1.52089e-11
      1274.81  2.81912e-08  1.98834e-11
      1275.14  3.75236e-08  2.51540e-11
      1275.46  3.34968e-08  2.41790e-11
      1275.79  2.36727e-08  1.92381e-11
      1276.11  1.66349e-08  1.57370e-11
      1276.44  2.06909e-08  1.70856e-11
      1276.76  3.30227e-08  2.23895e-11
      1277.09  3.38520e-08  2.16999e-11
      1277.42  3.51342e-08  2.34744e-11
      1277.74  2.45898e-08  1.98192e-11
      1278.07  1.24312e-08  1.48246e-11
      1278.40  7.96894e-09  1.28817e-11
      1278.72  6.29785e-09  1.20240e-11
      1279.05  6.17453e-09  1.19833e-11
      1279.38  8.10947e-09  1.31789e-11
      1279.71  1.14920e-08  1.48586e-11
      1280.03  1.49532e-08  1.68017e-11
      1280.36  1.36708e-08  1.56744e-11
      1280.69  1.44372e-08  1.62024e-11
      1281.02  1.85775e-08  1.83503e-11
      1281.34  2.57497e-08  2.17689e-11
      1281.67  3.03423e-08  2.37279e-11
      1282.00  2.47486e-08  2.04404e-11
      1282.33  2.52876e-08  1.95213e-11
      1282.66  3.65705e-08  2.29611e-11
      1282.99  4.49144e-08  2.45089e-11
      1283.32  4.42839e-08  2.43620e-11
      1283.65  3.27556e-08  2.12128e-11
      1283.98  1.89988e-08  1.64493e-11
      1284.31  1.17459e-08  1.37014e-11
      1284.64  9.03834e-09  1.26427e-11
      1284.97  8.94085e-09  1.27098e-11
      1285.30  1.01883e-08  1.36451e-11
      1285.63  8.93100e-09  1.25617e-11
      1285.96  8.36768e-09  1.20448e-11
      1286.29  1.19404e-08  1.46653e-11
      1286.62  1.59950e-08  1.76056e-11
      1286.95  1.52997e-08  1.72389e-11
      1287.28  1.88213e-08  1.92339e-11
      1287.61  3.05518e-08  2.50696e-11
      1287.95  3.58422e-08  2.63467e-11
      1288.28  3.59697e-08  2.54795e-11
      1288.61  3.59661e-08  2.43371e-11
      1288.94  3.53467e-08  2.39287e-11
      1289.27  2.59029e-08  1.97122e-11
      1289.61  2.03715e-08  1.78631e-11
      1289.94  1.66599e-08  1.63417e-11
      1290.27  1.16989e-08  1.35973e-11
      1290.61  1.01442e-08  1.31736e-11
      1290.94  7.69784e-09  1.12477e-11
      1291.27  5.87237e-09  9.70133e-12
      1291.61  6.82002e-09  1.01718e-11
      1291.94  1.09127e-08  1.28723e-11
      1292.27  1.75901e-08  1.62976e-11
      1292.61  2.47949e-08  2.08985e-11
      1292.94  1.81276e-08  1.78238e-11
      1293.28  1.46640e-08  1.65827e-11
      1293.61  1.93555e-08  1.97761e-11
      1293.95  2.34355e-08  2.07810e-11
      1294.28  3.32764e-08  2.49382e-11
      1294.62  3.70628e-08  2.56935e-11
      1294.95  3.16386e-08  2.29897e-11
      1295.29  3.07603e-08  2.32477e-11
      1295.62  2.70214e-08  2.16530e-11
      1295.96  2.04728e-08  1.87858e-11
      1296.29  1.80352e-08  1.75500e-11
      1296.63  1.87693e-08  1.73579e-11
      1296.97  2.24783e-08  1.79667e-11
      1297.30  3.21696e-08  2.06659e-11
      1297.64  4.14532e-08  2.34644e-11
      1297.98  3.65684e-08  2.17449e-11
      1298.31  2.50610e-08  1.84346e-11
      1298.65  1.64748e-08  1.72107e-11
      1298.99  1.27378e-08  1.57952e-11
      1299.33  1.91883e-08  1.80942e-11
      1299.66  3.11186e-08  2.32655e-11
      1300.00  3.48511e-08  2.44461e-11
      1300.34  3.06837e-08  2.28696e-11
      1300.68  2.24126e-08  1.91651e-11
      1301.02  2.28995e-08  1.94194e-11
      1301.35  3.61953e-08  2.54338e-11
      1301.69  4.27668e-08  2.77126e-11
      1302.03  4.09226e-08  2.70962e-11
      1302.37  3.70251e-08  2.48640e-11
      1302.71  4.11721e-08  2.56499e-11
      1303.05  4.50906e-08  2.54190e-11
      1303.39  5.01665e-08  2.60266e-11
      1303.73  5.31049e-08  2.63130e-11
      1304.07  5.03997e-08  2.54652e-11
      1304.41  5.12991e-08  2.63373e-11
      1304.75  5.42104e-08  2.76531e-11
      1305.09  5.67695e-08  2.88217e-11
      1305.43  6.46076e-08  3.14104e-11
      1305.77  7.28758e-08  3.81550e-11
      1306.11  6.74274e-08  3.91978e-11
      1306.46  4.75890e-08  3.31981e-11
      1306.80  2.79906e-08  2.15587e-11
      1307.14  1.66236e-08  1.72044e-11
      1307.48  1.18712e-08  1.52150e-11
      1307.82  9.64945e-09  1.41587e-11
      1308.16  9.55846e-09  1.37287e-11
      1308.51  1.08447e-08  1.44787e-11
      1308.85  8.99034e-09  1.25086e-11
      1309.19  6.75988e-09  1.05806e-11
      1309.53  6.16293e-09  9.91267e-12
      1309.88  6.05430e-09  9.73776e-12
      1310.22  6.48213e-09  1.01417e-11
      1310.56  8.24600e-09  1.12886e-11
      1310.91  1.41243e-08  1.45154e-11
      1311.25  2.41729e-08  1.97911e-11
      1311.60  2.41221e-08  1.97090e-11
      1311.94  1.50527e-08  1.53795e-11
      1312.28  8.52215e-09  1.20132e-11
      1312.63  5.96604e-09  1.06041e-11
      1312.97  5.18107e-09  1.03646e-11
      1313.32  6.87240e-09  1.18393e-11
      1313.66  1.07956e-08  1.55959e-11
      1314.01  8.95803e-09  1.38165e-11
      1314.35  5.42956e-09  1.05500e-11
      1314.70  4.24072e-09  9.46044e-12
      1315.05  4.19749e-09  8.82789e-12
      1315.39  4.74218e-09  9.00328e-12
      1315.74  5.98146e-09  9.85251e-12
      1316.08  8.82400e-09  1.15106e-11
      1316.43  1.66148e-08  1.55380e-11
      1316.78  2.68775e-08  2.07690e-11
      1317.12  2.12419e-08  1.82625e-11
      1317.47  1.10473e-08  1.32635e-11
      1317.82  6.95014e-09  1.09309e-11
      1318.17  7.16355e-09  1.11695e-11
      1318.51  1.16600e-08  1.46275e-11
      1318.86  1.41974e-08  1.69060e-11
      1319.21  9.46555e-09  1.39606e-11
      1319.56  5.75676e-09  1.12457e-11
      1319.91  5.96784e-09  1.17371e-11
      1320.25  5.99014e-09  1.12662e-11
      1320.60  5.99249e-09  1.05339e-11
      1320.95  7.20609e-09  1.09746e-11
      1321.30  9.93370e-09  1.20280e-11
      1321.65  1.82613e-08  1.57172e-11
      1322.00  3.18863e-08  2.19619e-11
      1322.35  2.71720e-08  2.01091e-11
      1322.70  1.50127e-08  1.51266e-11
      1323.05  1.03241e-08  1.29583e-11
      1323.40  1.15123e-08  1.40060e-11
      1323.75  1.34504e-08  1.52263e-11
      1324.10  1.40082e-08  1.57661e-11
      1324.45  1.02667e-08  1.35496e-11
      1324.80  7.55927e-09  1.22908e-11
      