227
      1249.95  9.75534e-09  1.32809e-11
      1250.27  4.74657e-09  9.60179e-12
      1250.58  1.47060e-09  6.58068e-12
      1250.89  9.53910e-10  6.02914e-12
      1251.20  1.28309e-09  5.97993e-12
      1251.52  2.08228e-09  6.84086e-12
      1251.83  3.78756e-09  8.72292e-12
      1252.14  4.98577e-09  1.00549e-11
      1252.46  4.73903e-09  9.95400e-12
      1252.77  4.24450e-09  9.23646e-12
      1253.09  7.18112e-09  1.13612e-11
      1253.40  1.41148e-08  1.53780e-11
      1253.71  1.78273e-08  1.72580e-11
      1254.03  1.08334e-08  1.30630e-11
      1254.34  4.92202e-09  9.05863e-12
      1254.66  6.08572e-09  1.01014e-11
      1254.97  9.67577e-09  1.32709e-11
      1255.29  6.60200e-09  1.11821e-11
      1255.60  2.83163e-09  7.67610e-12
      1255.92  3.40744e-09  8.00753e-12
      1256.23  6.04246e-09  8.97090e-12
      1256.55  9.64820e-09  1.11997e-11
      1256.87  7.01921e-09  9.32680e-12
      1257.18  3.12487e-09  6.68700e-12
      1257.50  2.17718e-09  6.21995e-12
      1257.81  2.49621e-09  6.61343e-12
      1258.13  3.17611e-09  7.32296e-12
      1258.45  3.18695e-09  7.25190e-12
      1258.76  3.34858e-09  7.13528e-12
      1259.08  6.10130e-09  8.46725e-12
      1259.40  1.30225e-08  1.17682e-11
      1259.72  1.81157e-08  1.38764e-11
      1260.03  1.35088e-08  1.17981e-11
      1260.35  9.64337e-09  1.00663e-11
      1260.67  1.26065e-08  1.23552e-11
      1260.99  1.17421e-08  1.19676e-11
      1261.30  9.25280e-09  1.05681e-11
      1261.62  1.15294e-08  1.22547e-11
      1261.94  1.22381e-08  1.22161e-11
      1262.26  1.22668e-08  1.24249e-11
      1262.58  8.99655e-09  9.84666e-12
      1262.90  9.33958e-09  9.84721e-12
      1263.22  1.42675e-08  1.27713e-11
      1263.54  1.19666e-08  1.18165e-11
      1263.86  7.35088e-09  9.58891e-12
      1264.17  5.55408e-09  8.98623e-12
      1264.49  3.95122e-09  7.89739e-12
      1264.81  4.25652e-09  7.88718e-12
      1265.13  8.79093e-09  1.04942e-11
      1265.45  1.38586e-08  1.29902e-11
      1265.77  1.23348e-08  1.21744e-11
      1266.10  6.47300e-09  8.94835e-12
      1266.42  3.09861e-09  6.72452e-12
      1266.74  2.62743e-09  6.17603e-12
      1267.06  3.93146e-09  7.23793e-12
      1267.38  8.54920e-09  9.23131e-12
      1267.70  1.65153e-08  1.27573e-11
      1268.02  1.74450e-08  1.23132e-11
      1268.34  1.73188e-08  1.22307e-11
      1268.67  1.55953e-08  1.13536e-11
      1268.99  1.55443e-08  1.18826e-11
      1269.31  1.21119e-08  1.07277e-11
      1269.63  7.83280e-09  8.98530e-12
      1269.95  6.44220e-09  8.39041e-12
      1270.28  7.94750e-09  9.02375e-12
      1270.60  1.33778e-08  1.17733e-11
      1270.92  1.62336e-08  1.25217e-11
      1271.25  1.76630e-08  1.30017e-11
      1271.57  1.72499e-08  1.32626e-11
      1271.89  1.02404e-08  1.02286e-11
      1272.22  4.35575e-09  6.94051e-12
      1272.54  2.55413e-09  6.09232e-12
      1272.86  2.02767e-09  5.85680e-12
      1273.19  1.87016e-09  5.73861e-12
      1273.51  2.29211e-09  5.99084e-12
      1273.84  3.64458e-09  7.07158e-12
      1274.16  4.85980e-09  7.65291e-12
      1274.49  6.40926e-09  8.17899e-12
      1274.81  1.16417e-08  1.11573e-11
      1275.14  1.62414e-08  1.33764e-11
      1275.46  1.45975e-08  1.28196e-11
      1275.79  9.40726e-09  1.03902e-11
      1276.11  5.99059e-09  8.09195e-12
      1276.44  8.67770e-09  9.07699e-12
      1276.76  1.48657e-08  1.14431e-11
      1277.09  1.53007e-08  1.09878e-11
      1277.42  1.58225e-08  1.16233e-11
      1277.74  1.09491e-08  9.74328e-12
      1278.07  4.99143e-09  7.07438e-12
      1278.40  2.91253e-09  6.12992e-12
      1278.72  2.23304e-09  5.77530e-12
      1279.05  2.19086e-09  5.70670e-12
      1279.38  2.96099e-09  6.30718e-12
      1279.71  4.51556e-09  7.30283e-12
      1280.03  6.01496e-09  8.30078e-12
      1280.36  5.45553e-09  7.70169e-12
      1280.69  5.62715e-09  7.78811e-12
      1281.02  7.39099e-09  8.86769e-12
      1281.34  1.08523e-08  1.10428e-11
      1281.67  1.31303e-08  1.24632e-11
      1282.00  1.03059e-08  1.09114e-11
      1282.33  1.03895e-08  1.07375e-11
      1282.66  1.59357e-08  1.31874e-11
      1282.99  2.03461e-08  1.45366e-11
      1283.32  2.02631e-08  1.43190e-11
      1283.65  1.41662e-08  1.19912e-11
      1283.98  7.32500e-09  8.89557e-12
      1284.31  4.03753e-09  7.14578e-12
      1284.64  3.04114e-09  6.30562e-12
      1284.97  3.22454e-09  6.27383e-12
      1285.30  3.88380e-09  6.59451e-12
      1285.63  3.32569e-09  5.90537e-12
      1285.96  3.05299e-09  5.68065e-12
      1286.29  4.74096e-09  6.96435e-12
      1286.62  6.84275e-09  8.59490e-12
      1286.95  6.29652e-09  8.21772e-12
      1287.28  7.81422e-09  9.20105e-12
      1287.61  1.40948e-08  1.28706e-11
      1287.95  1.67381e-08  1.35115e-11
      1288.28  1.63984e-08  1.27214e-11
      1288.61  1.61854e-08  1.24446e-11
      1288.94  1.59447e-08  1.26477e-11
      1289.27  1.13026e-08  1.05685e-11
      1289.61  8.03225e-09  9.25508e-12
      1289.94  6.35329e-09  8.65099e-12
      1290.27  4.21667e-09  7.34614e-12
      1290.61  3.47798e-09  6.96311e-12
      1290.94  2.64247e-09  6.27302e-12
      1291.27  1.89379e-09  5.35770e-12
      1291.61  2.21737e-09  5.39841e-12
      1291.94  3.75833e-09  6.45435e-12
      1292.27  7.10676e-09  7.96959e-12
      1292.61  1.03670e-08  1.03243e-11
      1292.94  7.79011e-09  8.63462e-12
      1293.28  5.96330e-09  7.90101e-12
      1293.61  7.78150e-09  9.14032e-12
      1293.95  1.01629e-08  9.98841e-12
      1294.28  1.50940e-08  1.21417e-11
      1294.62  1.69650e-08  1.28788e-11
      1294.95  1.43094e-08  1.17575e-11
      1295.29  1.34407e-08  1.15363e-11
      1295.62  1.13330e-08  1.06397e-11
      1295.96  8.19582e-09  9.33882e-12
      1296.29  6.94942e-09  8.89297e-12
      1296.63  7.16660e-09  9.06246e-12
      1296.97  8.82665e-09  9.57750e-12
      1297.30  1.38003e-08  1.16023e-11
      1297.64  1.87376e-08  1.35625e-11
      1297.98  1.57535e-08  1.20231e-11
      1298.31  9.80173e-09  9.58947e-12
      1298.65  5.35734e-09  7.37817e-12
      1298.99  3.96420e-09  6.56666e-12
      1299.33  7.93395e-09  8.55296e-12
      1299.66  1.45451e-08  1.18224e-11
      1300.00  1.61817e-08  1.18566e-11
      1300.34  1.40537e-08  1.11074e-11
      1300.68  9.63602e-09  9.13692e-12
      1301.02  9.71185e-09  9.32590e-12
      1301.35  1.71127e-08  1.32318e-11
      1301.69  2.05763e-08  1.46755e-11
      1302.03  1.95820e-08  1.43302e-11
      1302.37  1.70702e-08  1.28194e-11
      1302.71  1.94279e-08  1.38311e-11
      1303.05  2.14168e-08  1.41653e-11
      1303.39  2.41300e-08  1.50113e-11
      1303.73  2.60334e-08  1.54797e-11
      1304.07  2.40323e-08  1.46729e-11
      1304.41  2.42320e-08  1.48173e-11
      1304.75  2.58260e-08  1.54227e-11
      1305.09  2.72323e-08  1.57630e-11
      1305.43  3.22432e-08  1.71278e-11
      1305.77  3.85224e-08  1.85808e-11
      1306.11  3.87258e-08  1.84065e-11
      1306.46  2.69728e-08  1.46541e-11
      1306.80  1.31808e-08  1.04092e-11
      1307.14  6.81471e-09  8.18332e-12
      1307.48  4.56312e-09  7.36974e-12
      1307.82  3.58168e-09  6.90389e-12
      1308.16  3.55520e-09  7.20063e-12
      1308.51  4.16755e-09  7.46931e-12
      1308.85  3.33788e-09  6.44705e-12
      1309.19  2.32348e-09  5.51840e-12
      1309.53  2.06077e-09  5.25408e-12
      1309.88  2.00396e-09  5.19608e-12
      1310.22  2.15607e-09  5.51046e-12
      1310.56  2.83933e-09  5.94281e-12
      1310.91  5.39230e-09  7.51405e-12
      1311.25  1.01773e-08  1.04754e-11
      1311.60  1.02711e-08  1.00469e-11
      1311.94  6.02342e-09  7.71270e-12
      1312.28  3.04564e-09  5.66892e-12
      1312.63  2.20767e-09  5.29973e-12
      1312.97  1.90059e-09  5.15046e-12
      1313.32  2.60687e-09  6.10310e-12
      1313.66  4.37457e-09  7.82898e-12
      1314.01  3.57839e-09  7.07975e-12
      1314.35  1.98409e-09  5.63741e-12
      1314.70  1.44999e-09  5.15618e-12
      1315.05  1.40485e-09  4.82922e-12
      1315.39  1.58002e-09  4.84429e-12
      1315.74  2.02937e-09  5.27655e-12
      1316.08  3.14989e-09  6.12208e-12
      1316.43  6.60831e-09  8.13861e-12
      1316.78  1.17961e-08  1.11500e-11
      1317.12  9.18476e-09  9.50296e-12
      1317.47  4.12774e-09  6.51648e-12
      1317.82  2.37579e-09  5.42498e-12
      1318.17  2.55432e-09  5.49443e-12
      1318.51  4.81288e-09  7.44047e-12
      1318.86  5.85061e-09  8.06887e-12
      1319.21  3.85274e-09  6.84708e-12
      1319.56  2.15393e-09  5.73833e-12
      1319.91  2.18780e-09  6.06050e-12
      1320.25  2.20116e-09  6.00495e-12
      1320.60  2.14364e-09  5.80363e-12
      1320.95  2.58197e-09  5.77304e-12
      1321.30  3.72752e-09  6.40884e-12
      1321.65  7.63889e-09  9.13394e-12
      1322.00  1.44895e-08  1.23583e-11
      1322.35  1.25089e-08  1.11686e-11
      1322.70  6.07240e-09  7.69996e-12
      1323.05  3.72853e-09  6.42064e-12
      1323.40  4.19516e-09  6.79820e-12
      1323.75  5.12168e-09  7.49896e-12
      1324.10  5.45999e-09  7.62084e-12
      1324.45  4.11612e-09  6.64539e-12
      1324.80  2.88369e-09  6.00840e-12
      