227
      1249.95  1.03857e-08  1.45563e-11
      1250.27  5.01517e-09  1.05490e-11
      1250.58  1.51183e-09  7.43696e-12
      1250.89  9.49141e-10  6.84670e-12
      1251.20  1.32685e-09  6.94798e-12
      1251.52  2.25402e-09  7.84886e-12
      1251.83  4.20618e-09  1.01544e-11
      1252.14  5.56166e-09  1.16602e-11
      1252.46  5.32335e-09  1.17276e-11
      1252.77  4.77435e-09  1.11147e-11
      1253.09  8.20422e-09  1.40310e-11
      1253.40  1.62044e-08  1.90919e-11
      1253.71  2.04544e-08  2.16864e-11
      1254.03  1.23374e-08  1.63680e-11
      1254.34  5.76756e-09  1.15235e-11
      1254.66  7.26445e-09  1.29560e-11
      1254.97  1.15339e-08  1.70380e-11
      1255.29  7.84522e-09  1.41389e-11
      1255.60  3.39891e-09  9.94154e-12
      1255.92  3.86618e-09  9.89615e-12
      1256.23  6.83185e-09  1.15525e-11
      1256.55  1.08930e-08  1.43416e-11
      1256.87  7.95167e-09  1.18123e-11
      1257.18  3.53512e-09  8.35209e-12
      1257.50  2.43779e-09  7.47314e-12
      1257.81  2.77815e-09  7.89533e-12
      1258.13  3.52611e-09  8.68937e-12
      1258.45  3.50884e-09  8.62103e-12
      1258.76  3.65766e-09  8.64960e-12
      1259.08  6.67005e-09  1.03020e-11
      1259.40  1.41916e-08  1.41656e-11
      1259.72  1.96392e-08  1.62620e-11
      1260.03  1.44254e-08  1.33437e-11
      1260.35  1.02037e-08  1.10182e-11
      1260.67  1.35750e-08  1.35378e-11
      1260.99  1.25375e-08  1.28677e-11
      1261.30  9.77650e-09  1.12879e-11
      1261.62  1.23331e-08  1.33800e-11
      1261.94  1.30623e-08  1.35168e-11
      1262.26  1.31300e-08  1.48722e-11
      1262.58  8.95916e-09  1.13790e-11
      1262.90  1.02191e-08  1.17344e-11
      1263.22  1.57159e-08  1.51483e-11
      1263.54  1.32618e-08  1.41683e-11
      1263.86  8.26241e-09  1.16857e-11
      1264.17  6.35040e-09  1.09551e-11
      1264.49  4.59147e-09  9.74559e-12
      1264.81  5.01696e-09  9.86343e-12
      1265.13  1.03196e-08  1.35572e-11
      1265.45  1.62125e-08  1.67912e-11
      1265.77  1.44825e-08  1.57665e-11
      1266.10  7.71127e-09  1.15495e-11
      1266.42  3.80897e-09  8.78604e-12
      1266.74  3.20079e-09  8.28340e-12
      1267.06  4.44211e-09  8.62686e-12
      1267.38  9.39138e-09  1.18067e-11
      1267.70  1.86290e-08  1.71388e-11
      1268.02  1.93415e-08  1.56048e-11
      1268.34  1.92053e-08  1.50333e-11
      1268.67  1.71089e-08  1.34941e-11
      1268.99  1.69654e-08  1.37537e-11
      1269.31  1.31270e-08  1.20731e-11
      1269.63  8.40313e-09  9.89548e-12
      1269.95  6.89803e-09  9.19963e-12
      1270.28  8.48997e-09  9.96753e-12
      1270.60  1.42076e-08  1.31707e-11
      1270.92  1.72659e-08  1.38324e-11
      1271.25  1.87537e-08  1.42637e-11
      1271.57  1.82962e-08  1.45273e-11
      1271.89  1.10208e-08  1.13165e-11
      1272.22  4.75951e-09  8.03769e-12
      1272.54  2.78873e-09  7.11974e-12
      1272.86  2.22689e-09  7.05290e-12
      1273.19  2.10210e-09  7.03670e-12
      1273.51  2.64459e-09  7.59577e-12
      1273.84  4.26500e-09  8.99450e-12
      1274.16  5.73577e-09  9.97273e-12
      1274.49  7.63857e-09  1.09456e-11
      1274.81  1.37928e-08  1.47730e-11
      1275.14  1.91617e-08  1.77903e-11
      1275.46  1.72844e-08  1.70629e-11
      1275.79  1.13231e-08  1.40448e-11
      1276.11  7.26806e-09  1.11799e-11
      1276.44  9.61300e-09  1.12344e-11
      1276.76  1.66179e-08  1.44402e-11
      1277.09  1.68489e-08  1.34307e-11
      1277.42  1.73937e-08  1.38538e-11
      1277.74  1.19276e-08  1.11885e-11
      1278.07  5.30410e-09  7.71065e-12
      1278.40  3.05970e-09  6.57234e-12
      1278.72  2.31756e-09  6.17992e-12
      1279.05  2.27112e-09  6.10256e-12
      1279.38  3.10828e-09  6.77810e-12
      1279.71  4.78134e-09  7.94399e-12
      1280.03  6.40819e-09  9.12063e-12
      1280.36  5.88483e-09  8.61660e-12
      1280.69  6.15173e-09  9.05404e-12
      1281.02  8.23318e-09  1.06712e-11
      1281.34  1.21570e-08  1.34214e-11
      1281.67  1.47292e-08  1.57907e-11
      1282.00  1.17289e-08  1.39957e-11
      1282.33  1.21334e-08  1.40115e-11
      1282.66  1.85423e-08  1.73246e-11
      1282.99  2.36033e-08  1.91932e-11
      1283.32  2.35535e-08  1.90587e-11
      1283.65  1.66241e-08  1.59441e-11
      1283.98  8.82101e-09  1.18863e-11
      1284.31  4.97952e-09  9.42957e-12
      1284.64  3.62197e-09  7.93786e-12
      1284.97  3.57812e-09  7.29831e-12
      1285.30  4.26053e-09  7.83320e-12
      1285.63  3.57171e-09  6.86022e-12
      1285.96  3.22226e-09  6.30595e-12
      1286.29  5.01999e-09  7.43340e-12
      1286.62  7.30429e-09  9.14489e-12
      1286.95  6.62017e-09  8.58889e-12
      1287.28  8.19650e-09  9.64049e-12
      1287.61  1.51299e-08  1.40162e-11
      1287.95  1.80112e-08  1.53239e-11
      1288.28  1.78560e-08  1.52754e-11
      1288.61  1.77881e-08  1.53284e-11
      1288.94  1.77978e-08  1.59108e-11
      1289.27  1.26692e-08  1.34308e-11
      1289.61  9.21038e-09  1.21815e-11
      1289.94  7.43833e-09  1.14419e-11
      1290.27  5.00997e-09  9.76403e-12
      1290.61  4.19882e-09  9.38264e-12
      1290.94  3.20849e-09  8.48018e-12
      1291.27  2.32153e-09  7.35418e-12
      1291.61  2.73379e-09  7.38210e-12
      1291.94  4.56981e-09  8.49662e-12
      1292.27  8.02992e-09  1.02307e-11
      1292.61  1.12474e-08  1.13931e-11
      1292.94  8.41301e-09  9.50314e-12
      1293.28  6.35627e-09  8.42832e-12
      1293.61  8.27424e-09  9.67753e-12
      1293.95  1.07937e-08  1.06582e-11
      1294.28  1.60071e-08  1.31126e-11
      1294.62  1.80027e-08  1.40136e-11
      1294.95  1.53049e-08  1.29554e-11
      1295.29  1.46291e-08  1.33053e-11
      1295.62  1.24782e-08  1.28513e-11
      1295.96  9.17050e-09  1.15625e-11
      1296.29  7.94636e-09  1.13445e-11
      1296.63  8.33382e-09  1.18753e-11
      1296.97  1.03719e-08  1.28295e-11
      1297.30  1.61896e-08  1.57509e-11
      1297.64  2.18968e-08  1.83478e-11
      1297.98  1.85266e-08  1.64018e-11
      1298.31  1.17446e-08  1.31083e-11
      1298.65  6.46845e-09  9.86032e-12
      1298.99  4.75076e-09  8.51897e-12
      1299.33  8.47972e-09  1.02424e-11
      1299.66  1.55755e-08  1.30975e-11
      1300.00  1.72505e-08  1.29695e-11
      1300.34  1.49627e-08  1.19546e-11
      1300.68  1.00963e-08  9.64599e-12
      1301.02  1.02311e-08  9.89408e-12
      1301.35  1.83619e-08  1.44587e-11
      1301.69  2.19804e-08  1.61305e-11
      1302.03  2.12067e-08  1.66081e-11
      1302.37  1.86987e-08  1.57116e-11
      1302.71  2.16507e-08  1.78389e-11
      1303.05  2.40147e-08  1.86844e-11
      1303.39  2.73201e-08  1.99490e-11
      1303.73  2.96240e-08  2.08612e-11
      1304.07  2.76335e-08  2.00411e-11
      1304.41  2.80845e-08  2.02256e-11
      1304.75  2.98985e-08  2.08975e-11
      1305.09  3.12780e-08  2.09185e-11
      1305.43  3.64015e-08  2.18304e-11
      1305.77  4.25643e-08  2.27897e-11
      1306.11  4.18025e-08  2.07012e-11
      1306.46  2.85535e-08  1.58299e-11
      1306.80  1.39988e-08  1.10473e-11
      1307.14  7.25302e-09  8.52980e-12
      1307.48  4.85402e-09  7.69594e-12
      1307.82  3.83148e-09  7.39281e-12
      1308.16  3.86418e-09  7.92223e-12
      1308.51  4.53647e-09  8.66476e-12
      1308.85  3.72302e-09  8.00153e-12
      1309.19  2.64935e-09  7.07839e-12
      1309.53  2.39272e-09  6.88175e-12
      1309.88  2.37056e-09  7.01888e-12
      1310.22  2.59552e-09  7.45126e-12
      1310.56  3.47051e-09  8.12712e-12
      1310.91  6.52629e-09  1.03256e-11
      1311.25  1.19319e-08  1.36854e-11
      1311.60  1.18774e-08  1.29589e-11
      1311.94  6.94731e-09  9.50385e-12
      1312.28  3.51268e-09  6.63479e-12
      1312.63  2.34417e-09  5.48339e-12
      1312.97  1.96992e-09  5.26962e-12
      1313.32  2.73017e-09  6.04874e-12
      1313.66  4.64802e-09  8.26362e-12
      1314.01  3.80195e-09  7.73545e-12
      1314.35  2.10968e-09  6.49532e-12
      1314.70  1.56990e-09  6.13536e-12
      1315.05  1.56965e-09  6.05676e-12
      1315.39  1.81858e-09  6.54178e-12
      1315.74  2.39286e-09  7.44564e-12
      1316.08  3.77549e-09  8.42154e-12
      1316.43  7.92023e-09  1.14094e-11
      1316.78  1.39431e-08  1.53961e-11
      1317.12  1.07160e-08  1.29001e-11
      1317.47  4.84471e-09  8.60819e-12
      1317.82  2.76675e-09  6.71696e-12
      1318.17  2.83138e-09  6.39965e-12
      1318.51  5.04520e-09  7.53821e-12
      1318.86  6.27831e-09  8.30786e-12
      1319.21  4.02538e-09  6.97030e-12
      1319.56  2.21826e-09  5.98863e-12
      1319.91  2.32807e-09  6.63040e-12
      1320.25  2.36313e-09  6.85335e-12
      1320.60  2.35212e-09  6.74636e-12
      1320.95  2.93740e-09  7.40398e-12
      1321.30  4.34054e-09  8.53236e-12
      1321.65  8.89801e-09  1.15308e-11
      1322.00  1.68590e-08  1.67279e-11
      1322.35  1.45194e-08  1.51984e-11
      1322.70  7.14103e-09  1.04822e-11
      1323.05  4.41227e-09  8.38170e-12
      1323.40  4.88511e-09  8.44789e-12
      1323.75  5.82621e-09  8.77949e-12
      1324.10  6.02730e-09  8.44536e-12
      1324.45  4.39568e-09  6.83514e-12
      1324.80  3.03500e-09  6.11576e-12
      