227
      1249.95  1.10337e-08  1.36530e-11
      1250.27  5.33420e-09  9.70937e-12
      1250.58  1.60451e-09  6.61836e-12
      1250.89  1.02596e-09  5.90238e-12
      1251.20  1.44341e-09  6.27898e-12
      1251.52  2.44532e-09  7.28059e-12
      1251.83  4.46482e-09  9.49536e-12
      1252.14  5.89587e-09  1.01546e-11
      1252.46  5.63519e-09  1.01179e-11
      1252.77  5.15738e-09  9.78912e-12
      1253.09  8.70051e-09  1.21884e-11
      1253.40  1.69202e-08  1.53331e-11
      1253.71  2.12643e-08  1.70169e-11
      1254.03  1.27585e-08  1.26377e-11
      1254.34  6.00932e-09  8.94337e-12
      1254.66  7.48681e-09  1.00521e-11
      1254.97  1.22225e-08  1.32916e-11
      1255.29  8.01745e-09  1.06064e-11
      1255.60  3.38434e-09  7.48951e-12
      1255.92  3.88758e-09  8.00107e-12
      1256.23  6.87942e-09  9.39221e-12
      1256.55  1.12808e-08  1.17088e-11
      1256.87  8.05384e-09  9.55879e-12
      1257.18  3.47466e-09  6.96874e-12
      1257.50  2.43965e-09  6.31511e-12
      1257.81  2.82815e-09  6.54064e-12
      1258.13  3.60473e-09  7.33482e-12
      1258.45  3.62528e-09  7.34852e-12
      1258.76  3.86668e-09  7.42084e-12
      1259.08  7.12186e-09  9.03747e-12
      1259.40  1.48132e-08  1.24082e-11
      1259.72  2.01061e-08  1.43874e-11
      1260.03  1.51135e-08  1.21678e-11
      1260.35  1.10210e-08  1.04264e-11
      1260.67  1.42260e-08  1.25663e-11
      1260.99  1.31430e-08  1.22472e-11
      1261.30  1.04042e-08  1.08238e-11
      1261.62  1.30639e-08  1.27372e-11
      1261.94  1.37600e-08  1.24977e-11
      1262.26  1.40249e-08  1.38288e-11
      1262.58  9.66001e-09  1.09486e-11
      1262.90  1.07888e-08  1.03811e-11
      1263.22  1.67401e-08  1.34569e-11
      1263.54  1.38638e-08  1.21193e-11
      1263.86  8.66138e-09  9.88937e-12
      1264.17  6.74534e-09  9.25190e-12
      1264.49  4.79985e-09  7.85379e-12
      1264.81  5.14087e-09  7.66628e-12
      1265.13  1.06769e-08  1.03322e-11
      1265.45  1.68530e-08  1.26830e-11
      1265.77  1.49890e-08  1.17701e-11
      1266.10  7.93398e-09  8.65623e-12
      1266.42  3.91406e-09  6.55121e-12
      1266.74  3.30626e-09  6.33938e-12
      1267.06  4.59911e-09  7.13971e-12
      1267.38  9.94872e-09  9.65941e-12
      1267.70  1.86256e-08  1.31858e-11
      1268.02  1.98887e-08  1.29036e-11
      1268.34  1.96230e-08  1.27321e-11
      1268.67  1.77202e-08  1.18314e-11
      1268.99  1.75690e-08  1.23093e-11
      1269.31  1.36152e-08  1.10073e-11
      1269.63  8.81047e-09  9.24625e-12
      1269.95  7.27148e-09  8.72886e-12
      1270.28  8.97829e-09  9.44730e-12
      1270.60  1.50117e-08  1.22563e-11
      1270.92  1.81471e-08  1.29349e-11
      1271.25  1.97363e-08  1.32199e-11
      1271.57  1.92810e-08  1.33048e-11
      1271.89  1.16145e-08  1.03785e-11
      1272.22  5.06928e-09  7.30410e-12
      1272.54  2.99572e-09  6.25482e-12
      1272.86  2.39732e-09  6.03759e-12
      1273.19  2.22855e-09  5.88219e-12
      1273.51  2.77119e-09  6.04093e-12
      1273.84  4.46837e-09  7.04117e-12
      1274.16  5.99232e-09  7.64749e-12
      1274.49  7.88021e-09  8.17550e-12
      1274.81  1.41602e-08  1.10268e-11
      1275.14  1.96625e-08  1.32607e-11
      1275.46  1.76939e-08  1.26068e-11
      1275.79  1.15394e-08  1.02821e-11
      1276.11  7.41956e-09  8.33072e-12
      1276.44  9.73191e-09  9.10268e-12
      1276.76  1.69213e-08  1.21045e-11
      1277.09  1.73242e-08  1.15304e-11
      1277.42  1.79528e-08  1.22044e-11
      1277.74  1.22813e-08  1.00567e-11
      1278.07  5.49656e-09  7.12781e-12
      1278.40  3.20146e-09  6.14854e-12
      1278.72  2.43274e-09  5.81854e-12
      1279.05  2.40029e-09  5.84461e-12
      1279.38  3.30657e-09  6.37175e-12
      1279.71  5.07084e-09  7.33647e-12
      1280.03  6.78797e-09  8.28748e-12
      1280.36  6.23253e-09  7.78522e-12
      1280.69  6.53533e-09  8.09192e-12
      1281.02  8.69046e-09  9.31727e-12
      1281.34  1.27554e-08  1.13760e-11
      1281.67  1.54021e-08  1.26822e-11
      1282.00  1.22816e-08  1.09852e-11
      1282.33  1.25531e-08  1.07331e-11
      1282.66  1.90837e-08  1.29731e-11
      1282.99  2.42112e-08  1.41744e-11
      1283.32  2.40098e-08  1.39111e-11
      1283.65  1.69674e-08  1.17390e-11
      1283.98  9.01335e-09  8.75384e-12
      1284.31  5.09525e-09  7.12585e-12
      1284.64  3.73298e-09  6.44505e-12
      1284.97  3.70378e-09  6.37756e-12
      1285.30  4.38261e-09  6.95686e-12
      1285.63  3.72933e-09  6.34461e-12
      1285.96  3.42856e-09  5.87781e-12
      1286.29  5.33490e-09  7.13397e-12
      1286.62  7.61668e-09  8.75295e-12
      1286.95  6.98175e-09  8.33101e-12
      1287.28  8.73441e-09  9.25952e-12
      1287.61  1.55166e-08  1.36908e-11
      1287.95  1.86922e-08  1.45834e-11
      1288.28  1.87508e-08  1.35679e-11
      1288.61  1.86232e-08  1.29004e-11
      1288.94  1.87958e-08  1.31597e-11
      1289.27  1.30340e-08  1.06135e-11
      1289.61  9.58013e-09  9.49086e-12
      1289.94  7.71616e-09  8.79506e-12
      1290.27  5.10293e-09  7.36893e-12
      1290.61  4.34909e-09  7.17003e-12
      1290.94  3.27857e-09  6.18150e-12
      1291.27  2.36790e-09  5.28111e-12
      1291.61  2.79804e-09  5.35147e-12
      1291.94  4.71695e-09  6.50238e-12
      1292.27  8.17819e-09  8.30279e-12
      1292.61  1.17115e-08  1.02261e-11
      1292.94  8.74988e-09  8.85349e-12
      1293.28  6.61818e-09  7.99741e-12
      1293.61  8.77146e-09  9.46000e-12
      1293.95  1.13938e-08  1.02951e-11
      1294.28  1.67950e-08  1.24238e-11
      1294.62  1.89360e-08  1.30666e-11
      1294.95  1.60798e-08  1.17746e-11
      1295.29  1.52697e-08  1.18139e-11
      1295.62  1.31361e-08  1.11773e-11
      1295.96  9.63671e-09  9.67714e-12
      1296.29  8.31514e-09  9.17733e-12
      1296.63  8.67535e-09  9.22938e-12
      1296.97  1.08139e-08  9.80506e-12
      1297.30  1.66322e-08  1.15996e-11
      1297.64  2.20763e-08  1.32407e-11
      1297.98  1.88436e-08  1.20314e-11
      1298.31  1.19866e-08  9.73380e-12
      1298.65  6.71689e-09  7.61780e-12
      1298.99  5.10076e-09  6.85323e-12
      1299.33  8.86003e-09  8.88514e-12
      1299.66  1.59957e-08  1.20669e-11
      1300.00  1.79425e-08  1.24370e-11
      1300.34  1.56243e-08  1.16530e-11
      1300.68  1.06272e-08  9.45355e-12
      1301.02  1.09486e-08  9.53606e-12
      1301.35  1.93075e-08  1.33439e-11
      1301.69  2.29255e-08  1.45436e-11
      1302.03  2.21595e-08  1.45755e-11
      1302.37  1.95021e-08  1.33299e-11
      1302.71  2.26132e-08  1.43994e-11
      1303.05  2.46919e-08  1.44010e-11
      1303.39  2.81799e-08  1.50966e-11
      1303.73  3.03173e-08  1.54817e-11
      1304.07  2.81386e-08  1.46250e-11
      1304.41  2.86624e-08  1.49823e-11
      1304.75  3.04233e-08  1.55981e-11
      1305.09  3.17763e-08  1.58524e-11
      1305.43  3.72672e-08  1.72841e-11
      1305.77  4.38039e-08  1.86542e-11
      1306.11  4.34623e-08  1.85717e-11
      1306.46  2.94117e-08  1.51147e-11
      1306.80  1.44416e-08  1.07036e-11
      1307.14  7.58831e-09  8.27372e-12
      1307.48  5.11775e-09  7.30900e-12
      1307.82  4.05053e-09  6.83825e-12
      1308.16  4.06666e-09  6.84967e-12
      1308.51  4.82909e-09  7.38317e-12
      1308.85  3.89468e-09  6.54739e-12
      1309.19  2.74927e-09  5.58515e-12
      1309.53  2.49169e-09  5.38495e-12
      1309.88  2.44818e-09  5.28882e-12
      1310.22  2.66565e-09  5.42457e-12
      1310.56  3.54572e-09  6.00088e-12
      1310.91  6.62234e-09  7.66025e-12
      1311.25  1.23739e-08  1.06063e-11
      1311.60  1.23722e-08  1.03717e-11
      1311.94  7.18391e-09  7.84394e-12
      1312.28  3.69158e-09  6.01662e-12
      1312.63  2.45722e-09  5.34198e-12
      1312.97  2.07224e-09  5.18455e-12
      1313.32  2.88012e-09  5.86067e-12
      1313.66  4.92855e-09  7.74926e-12
      1314.01  4.03467e-09  6.99111e-12
      1314.35  2.20993e-09  5.55036e-12
      1314.70  1.65152e-09  5.05034e-12
      1315.05  1.64639e-09  4.80182e-12
      1315.39  1.89661e-09  4.98416e-12
      1315.74  2.48638e-09  5.47072e-12
      1316.08  3.91551e-09  6.25150e-12
      1316.43  8.13837e-09  8.44976e-12
      1316.78  1.40357e-08  1.14017e-11
      1317.12  1.09156e-08  9.84692e-12
      1317.47  5.04948e-09  6.80970e-12
      1317.82  2.93089e-09  5.59669e-12
      1318.17  3.02594e-09  5.50048e-12
      1318.51  5.25241e-09  7.13159e-12
      1318.86  6.56124e-09  8.17668e-12
      1319.21  4.26590e-09  6.84723e-12
      1319.56  2.41839e-09  6.15380e-12
      1319.91  2.47579e-09  6.88875e-12
      1320.25  2.47912e-09  6.13040e-12
      1320.60  2.46768e-09  5.58540e-12
      1320.95  3.06315e-09  5.83470e-12
      1321.30  4.49173e-09  6.57705e-12
      1321.65  9.17472e-09  8.75617e-12
      1322.00  1.73733e-08  1.25000e-11
      1322.35  1.47617e-08  1.13896e-11
      1322.70  7.23893e-09  8.03811e-12
      1323.05  4.54962e-09  6.70157e-12
      1323.40  5.12622e-09  7.10750e-12
      1323.75  6.13627e-09  7.57439e-12
      1324.10  6.40408e-09  7.79665e-12
      1324.45  4.60190e-09  6.76001e-12
      1324.80  3.18896e-09  6.09605e-12
      