227
      1249.95  8.21589e-09  1.06172e-11
      1250.27  3.88466e-09  7.44876e-12
      1250.58  1.20818e-09  5.29818e-12
      1250.89  8.24318e-10  5.07999e-12
      1251.20  1.09710e-09  5.17012e-12
      1251.52  1.75728e-09  5.89090e-12
      1251.83  3.23855e-09  7.56576e-12
      1252.14  4.23139e-09  8.67391e-12
      1252.46  4.03193e-09  8.64156e-12
      1252.77  3.65643e-09  7.99619e-12
      1253.09  6.21937e-09  9.35849e-12
      1253.40  1.23663e-08  1.22744e-11
      1253.71  1.57955e-08  1.38479e-11
      1254.03  9.68689e-09  1.06357e-11
      1254.34  4.38648e-09  7.55405e-12
      1254.66  5.44019e-09  8.58200e-12
      1254.97  8.77203e-09  1.14303e-11
      1255.29  6.02475e-09  9.59880e-12
      1255.60  2.58026e-09  6.92479e-12
      1255.92  2.79325e-09  6.96095e-12
      1256.23  4.96803e-09  7.78845e-12
      1256.55  8.23652e-09  9.69315e-12
      1256.87  5.94777e-09  8.05858e-12
      1257.18  2.55885e-09  5.80370e-12
      1257.50  1.78703e-09  5.41244e-12
      1257.81  2.04601e-09  5.86718e-12
      1258.13  2.58943e-09  6.51920e-12
      1258.45  2.62628e-09  6.24195e-12
      1258.76  2.76055e-09  5.86686e-12
      1259.08  5.10602e-09  6.95716e-12
      1259.40  1.09827e-08  9.44411e-12
      1259.72  1.52484e-08  1.10822e-11
      1260.03  1.14930e-08  9.49262e-12
      1260.35  8.17146e-09  8.10339e-12
      1260.67  1.04141e-08  9.68719e-12
      1260.99  9.72974e-09  9.52859e-12
      1261.30  7.73382e-09  8.42618e-12
      1261.62  9.53714e-09  9.57969e-12
      1261.94  1.02004e-08  9.44678e-12
      1262.26  1.03461e-08  9.54859e-12
      1262.58  7.60801e-09  7.94790e-12
      1262.90  7.92632e-09  8.06125e-12
      1263.22  1.23866e-08  1.07224e-11
      1263.54  1.02937e-08  9.89282e-12
      1263.86  6.30493e-09  8.11129e-12
      1264.17  4.80019e-09  7.55698e-12
      1264.49  3.41324e-09  6.39554e-12
      1264.81  3.70042e-09  6.18003e-12
      1265.13  7.77496e-09  8.34792e-12
      1265.45  1.24512e-08  1.04328e-11
      1265.77  1.11501e-08  9.89959e-12
      1266.10  5.86637e-09  7.35578e-12
      1266.42  2.84087e-09  5.71730e-12
      1266.74  2.32302e-09  5.46546e-12
      1267.06  3.18749e-09  6.04428e-12
      1267.38  7.05288e-09  8.27294e-12
      1267.70  1.38280e-08  1.20114e-11
      1268.02  1.47898e-08  1.08413e-11
      1268.34  1.48845e-08  1.03231e-11
      1268.67  1.33377e-08  9.47803e-12
      1268.99  1.33281e-08  9.95533e-12
      1269.31  1.01756e-08  8.76046e-12
      1269.63  6.43976e-09  7.19826e-12
      1269.95  5.22658e-09  6.67600e-12
      1270.28  6.43502e-09  6.94022e-12
      1270.60  1.13937e-08  9.22323e-12
      1270.92  1.36621e-08  9.63094e-12
      1271.25  1.49164e-08  9.97333e-12
      1271.57  1.48926e-08  1.03521e-11
      1271.89  8.58751e-09  7.95013e-12
      1272.22  3.52235e-09  5.70012e-12
      1272.54  2.10140e-09  5.24529e-12
      1272.86  1.71022e-09  4.96340e-12
      1273.19  1.62763e-09  4.74205e-12
      1273.51  2.01108e-09  4.79548e-12
      1273.84  3.21435e-09  5.61694e-12
      1274.16  4.32026e-09  6.28159e-12
      1274.49  5.67905e-09  6.82349e-12
      1274.81  1.04247e-08  9.42723e-12
      1275.14  1.47303e-08  1.15181e-11
      1275.46  1.33026e-08  1.10906e-11
      1275.79  8.53625e-09  8.83189e-12
      1276.11  5.39577e-09  6.94970e-12
      1276.44  6.89121e-09  7.71814e-12
      1276.76  1.25247e-08  1.07239e-11
      1277.09  1.30449e-08  9.60537e-12
      1277.42  1.35367e-08  9.76640e-12
      1277.74  9.36914e-09  8.18729e-12
      1278.07  4.11890e-09  5.72286e-12
      1278.40  2.34952e-09  4.91213e-12
      1278.72  1.78384e-09  4.56356e-12
      1279.05  1.76119e-09  4.45709e-12
      1279.38  2.39525e-09  4.75904e-12
      1279.71  3.68150e-09  5.47961e-12
      1280.03  4.86314e-09  6.59750e-12
      1280.36  4.39543e-09  6.24247e-12
      1280.69  4.67381e-09  6.39749e-12
      1281.02  6.24665e-09  7.50839e-12
      1281.34  9.34051e-09  9.31792e-12
      1281.67  1.14761e-08  1.07020e-11
      1282.00  8.97680e-09  9.13930e-12
      1282.33  9.08770e-09  8.63733e-12
      1282.66  1.42481e-08  1.07188e-11
      1282.99  1.84462e-08  1.19144e-11
      1283.32  1.85156e-08  1.21719e-11
      1283.65  1.29986e-08  1.03763e-11
      1283.98  6.65852e-09  7.66038e-12
      1284.31  3.66229e-09  6.11966e-12
      1284.64  2.70717e-09  5.51221e-12
      1284.97  2.67020e-09  5.25146e-12
      1285.30  3.17401e-09  5.37145e-12
      1285.63  2.73701e-09  4.79543e-12
      1285.96  2.50329e-09  4.49218e-12
      1286.29  3.90689e-09  5.49547e-12
      1286.62  5.60147e-09  6.67964e-12
      1286.95  5.21465e-09  6.53180e-12
      1287.28  6.51395e-09  7.22971e-12
      1287.61  1.17345e-08  9.96305e-12
      1287.95  1.41000e-08  1.08238e-11
      1288.28  1.39421e-08  1.05677e-11
      1288.61  1.39543e-08  1.02756e-11
      1288.94  1.37947e-08  1.02880e-11
      1289.27  9.90095e-09  8.80455e-12
      1289.61  7.01245e-09  7.89609e-12
      1289.94  5.57739e-09  7.46044e-12
      1290.27  3.78512e-09  6.45518e-12
      1290.61  3.15842e-09  6.02048e-12
      1290.94  2.43286e-09  5.32868e-12
      1291.27  1.77215e-09  4.48872e-12
      1291.61  2.06510e-09  4.55792e-12
      1291.94  3.41095e-09  5.39540e-12
      1292.27  6.04820e-09  6.83001e-12
      1292.61  8.74886e-09  8.37887e-12
      1292.94  6.57253e-09  7.21326e-12
      1293.28  4.87735e-09  6.26408e-12
      1293.61  6.35027e-09  7.11023e-12
      1293.95  8.32994e-09  7.60782e-12
      1294.28  1.26064e-08  9.18769e-12
      1294.62  1.42114e-08  9.75506e-12
      1294.95  1.18821e-08  8.87570e-12
      1295.29  1.13246e-08  9.12855e-12
      1295.62  9.62666e-09  8.88069e-12
      1295.96  6.92604e-09  7.77791e-12
      1296.29  5.94369e-09  7.45637e-12
      1296.63  6.19497e-09  7.56889e-12
      1296.97  7.77259e-09  8.03063e-12
      1297.30  1.23807e-08  9.73672e-12
      1297.64  1.69452e-08  1.13739e-11
      1297.98  1.43686e-08  1.04787e-11
      1298.31  8.83883e-09  8.34583e-12
      1298.65  4.87951e-09  6.50469e-12
      1298.99  3.65688e-09  5.71564e-12
      1299.33  6.51186e-09  7.20871e-12
      1299.66  1.20001e-08  9.35997e-12
      1300.00  1.36819e-08  9.55909e-12
      1300.34  1.17214e-08  9.12808e-12
      1300.68  7.81541e-09  7.36458e-12
      1301.02  8.20722e-09  8.16234e-12
      1301.35  1.43573e-08  1.01386e-11
      1301.69  1.74443e-08  1.14185e-11
      1302.03  1.68156e-08  1.15451e-11
      1302.37  1.49771e-08  1.07800e-11
      1302.71  1.71544e-08  1.16769e-11
      1303.05  1.91000e-08  1.19413e-11
      1303.39  2.18086e-08  1.27505e-11
      1303.73  2.36178e-08  1.36499e-11
      1304.07  2.18695e-08  1.33301e-11
      1304.41  2.23268e-08  1.34162e-11
      1304.75  2.38684e-08  1.39956e-11
      1305.09  2.51638e-08  1.41129e-11
      1305.43  2.98810e-08  1.47701e-11
      1305.77  3.56567e-08  1.55092e-11
      1306.11  3.55859e-08  1.51215e-11
      1306.46  2.39071e-08  1.20894e-11
      1306.80  1.12278e-08  8.29156e-12
      1307.14  5.55724e-09  6.24520e-12
      1307.48  3.65614e-09  5.60790e-12
      1307.82  2.86570e-09  5.24649e-12
      1308.16  2.87560e-09  5.27379e-12
      1308.51  3.43000e-09  5.70109e-12
      1308.85  2.82086e-09  5.33878e-12
      1309.19  1.95553e-09  4.76210e-12
      1309.53  1.80389e-09  4.51015e-12
      1309.88  1.79817e-09  4.66414e-12
      1310.22  1.95521e-09  4.84131e-12
      1310.56  2.60250e-09  5.39755e-12
      1310.91  4.89838e-09  6.79531e-12
      1311.25  9.24471e-09  8.98431e-12
      1311.60  9.38849e-09  8.70925e-12
      1311.94  5.43843e-09  6.35199e-12
      1312.28  2.72542e-09  4.73987e-12
      1312.63  1.79757e-09  4.18831e-12
      1312.97  1.52687e-09  4.11613e-12
      1313.32  2.09477e-09  4.59156e-12
      1313.66  3.49847e-09  5.80769e-12
      1314.01  2.95865e-09  5.41016e-12
      1314.35  1.63040e-09  4.37694e-12
      1314.70  1.22407e-09  3.98365e-12
      1315.05  1.21818e-09  3.93970e-12
      1315.39  1.39628e-09  4.16710e-12
      1315.74  1.80376e-09  4.72622e-12
      1316.08  2.85060e-09  5.56244e-12
      1316.43  6.01984e-09  7.58817e-12
      1316.78  1.06321e-08  1.02561e-11
      1317.12  8.39793e-09  8.70368e-12
      1317.47  3.75400e-09  5.70414e-12
      1317.82  2.14575e-09  4.51437e-12
      1318.17  2.19855e-09  4.37055e-12
      1318.51  3.79092e-09  5.46559e-12
      1318.86  4.75482e-09  6.25732e-12
      1319.21  3.09962e-09  5.26693e-12
      1319.56  1.71568e-09  4.44682e-12
      1319.91  1.76596e-09  4.71376e-12
      1320.25  1.77565e-09  4.55711e-12
      1320.60  1.76096e-09  4.34626e-12
      1320.95  2.18643e-09  4.62946e-12
      1321.30  3.20462e-09  5.34568e-12
      1321.65  6.80927e-09  7.38042e-12
      1322.00  1.34596e-08  1.12565e-11
      1322.35  1.13383e-08  1.01387e-11
      1322.70  5.43109e-09  7.17104e-12
      1323.05  3.31816e-09  5.63669e-12
      1323.40  3.72620e-09  5.69841e-12
      1323.75  4.46552e-09  5.86743e-12
      1324.10  4.66288e-09  5.97713e-12
      1324.45  3.32728e-09  5.15248e-12
      1324.80  2.30946e-09  4.65688e-12
      