227
      1249.95  7.71654e-09  1.15148e-11
      1250.27  3.64797e-09  8.02386e-12
      1250.58  1.14765e-09  5.55610e-12
      1250.89  7.91173e-10  5.19878e-12
      1251.20  1.04448e-09  5.34900e-12
      1251.52  1.66466e-09  5.83924e-12
      1251.83  3.03299e-09  7.29262e-12
      1252.14  3.98104e-09  8.21185e-12
      1252.46  3.78527e-09  8.13640e-12
      1252.77  3.42652e-09  7.57950e-12
      1253.09  5.85816e-09  8.80866e-12
      1253.40  1.16651e-08  1.14600e-11
      1253.71  1.48963e-08  1.27199e-11
      1254.03  9.08081e-09  9.64865e-12
      1254.34  4.06607e-09  6.78724e-12
      1254.66  5.06126e-09  7.64933e-12
      1254.97  8.25955e-09  9.97910e-12
      1255.29  5.57115e-09  8.36069e-12
      1255.60  2.33208e-09  6.27789e-12
      1255.92  2.50085e-09  6.47803e-12
      1256.23  4.67227e-09  7.92025e-12
      1256.55  7.83583e-09  9.97733e-12
      1256.87  5.64700e-09  8.24742e-12
      1257.18  2.41078e-09  5.92173e-12
      1257.50  1.69495e-09  5.57813e-12
      1257.81  1.91626e-09  6.22860e-12
      1258.13  2.49404e-09  7.00203e-12
      1258.45  2.47008e-09  6.66208e-12
      1258.76  2.56887e-09  6.28721e-12
      1259.08  4.72899e-09  7.45403e-12
      1259.40  1.02798e-08  1.03732e-11
      1259.72  1.43768e-08  1.22501e-11
      1260.03  1.07408e-08  1.05066e-11
      1260.35  7.54832e-09  8.86214e-12
      1260.67  9.86270e-09  1.08609e-11
      1260.99  9.13317e-09  1.04935e-11
      1261.30  7.08715e-09  9.16131e-12
      1261.62  9.08069e-09  1.05419e-11
      1261.94  9.48636e-09  1.00482e-11
      1262.26  9.61601e-09  1.07060e-11
      1262.58  6.20638e-09  8.51392e-12
      1262.90  7.23789e-09  8.12206e-12
      1263.22  1.18940e-08  1.09015e-11
      1263.54  9.82094e-09  9.78962e-12
      1263.86  5.84257e-09  7.69755e-12
      1264.17  4.48384e-09  7.06024e-12
      1264.49  3.20654e-09  6.05640e-12
      1264.81  3.46234e-09  5.75624e-12
      1265.13  7.31378e-09  7.76234e-12
      1265.45  1.17237e-08  9.66691e-12
      1265.77  1.04971e-08  9.07259e-12
      1266.10  5.47566e-09  6.73889e-12
      1266.42  2.61433e-09  5.34618e-12
      1266.74  2.18581e-09  5.22542e-12
      1267.06  3.08010e-09  6.16027e-12
      1267.38  6.88156e-09  8.31515e-12
      1267.70  1.28850e-08  1.16780e-11
      1268.02  1.41422e-08  1.14262e-11
      1268.34  1.39244e-08  1.14009e-11
      1268.67  1.24576e-08  1.06559e-11
      1268.99  1.23675e-08  1.07472e-11
      1269.31  9.55517e-09  9.64131e-12
      1269.63  6.04167e-09  8.03848e-12
      1269.95  4.87319e-09  7.42087e-12
      1270.28  6.13574e-09  7.86141e-12
      1270.60  1.05724e-08  1.00452e-11
      1270.92  1.28184e-08  1.05375e-11
      1271.25  1.40567e-08  1.08069e-11
      1271.57  1.38312e-08  1.09881e-11
      1271.89  8.11159e-09  8.48346e-12
      1272.22  3.40770e-09  5.99154e-12
      1272.54  1.98532e-09  5.13261e-12
      1272.86  1.59865e-09  4.78426e-12
      1273.19  1.49648e-09  4.52123e-12
      1273.51  1.85554e-09  4.57510e-12
      1273.84  2.98952e-09  5.22314e-12
      1274.16  4.00681e-09  5.71368e-12
      1274.49  5.32716e-09  6.16958e-12
      1274.81  9.87763e-09  8.52677e-12
      1275.14  1.38961e-08  1.03873e-11
      1275.46  1.26130e-08  1.03895e-11
      1275.79  8.44943e-09  8.65131e-12
      1276.11  5.03407e-09  6.98432e-12
      1276.44  6.61622e-09  7.48529e-12
      1276.76  1.21932e-08  1.07707e-11
      1277.09  1.23023e-08  9.78064e-12
      1277.42  1.29935e-08  1.06280e-11
      1277.74  8.79143e-09  8.79377e-12
      1278.07  3.75404e-09  6.26203e-12
      1278.40  2.16225e-09  5.45126e-12
      1278.72  1.65708e-09  5.12114e-12
      1279.05  1.63348e-09  4.91119e-12
      1279.38  2.23591e-09  5.24428e-12
      1279.71  3.42248e-09  6.08401e-12
      1280.03  4.52895e-09  6.94133e-12
      1280.36  3.99875e-09  6.61449e-12
      1280.69  4.37218e-09  6.51595e-12
      1281.02  5.83903e-09  7.29205e-12
      1281.34  8.80153e-09  8.85767e-12
      1281.67  1.09879e-08  9.92247e-12
      1282.00  8.50965e-09  8.35495e-12
      1282.33  8.51475e-09  7.99897e-12
      1282.66  1.34971e-08  9.93877e-12
      1282.99  1.74775e-08  1.10646e-11
      1283.32  1.76844e-08  1.16250e-11
      1283.65  1.28570e-08  1.00016e-11
      1283.98  6.32002e-09  7.73319e-12
      1284.31  3.50995e-09  6.61780e-12
      1284.64  2.50372e-09  5.94404e-12
      1284.97  2.48619e-09  5.47775e-12
      1285.30  2.93523e-09  5.71179e-12
      1285.63  2.56108e-09  5.25223e-12
      1285.96  2.34703e-09  4.92231e-12
      1286.29  3.64945e-09  6.01097e-12
      1286.62  5.22087e-09  7.39481e-12
      1286.95  4.90644e-09  7.15312e-12
      1287.28  6.16465e-09  7.84791e-12
      1287.61  1.10875e-08  1.05395e-11
      1287.95  1.34001e-08  1.10898e-11
      1288.28  1.32755e-08  1.04404e-11
      1288.61  1.32034e-08  1.00068e-11
      1288.94  1.30720e-08  9.93678e-12
      1289.27  9.29537e-09  8.21818e-12
      1289.61  6.58985e-09  7.18160e-12
      1289.94  5.17395e-09  6.65984e-12
      1290.27  3.46550e-09  5.68765e-12
      1290.61  2.90854e-09  5.64292e-12
      1290.94  2.28893e-09  5.49782e-12
      1291.27  1.70694e-09  4.43473e-12
      1291.61  1.93975e-09  4.57668e-12
      1291.94  3.17984e-09  5.49895e-12
      1292.27  5.62813e-09  7.06951e-12
      1292.61  8.30557e-09  9.04693e-12
      1292.94  6.12782e-09  7.79977e-12
      1293.28  4.50904e-09  6.94837e-12
      1293.61  5.94246e-09  7.94891e-12
      1293.95  7.76305e-09  8.42163e-12
      1294.28  1.18993e-08  1.01781e-11
      1294.62  1.34497e-08  1.06038e-11
      1294.95  1.11748e-08  9.35319e-12
      1295.29  1.07092e-08  9.40329e-12
      1295.62  9.06752e-09  8.70294e-12
      1295.96  6.48604e-09  7.45648e-12
      1296.29  5.55592e-09  6.96737e-12
      1296.63  5.79121e-09  7.02721e-12
      1296.97  7.27111e-09  7.41652e-12
      1297.30  1.16784e-08  9.22506e-12
      1297.64  1.60337e-08  1.15431e-11
      1297.98  1.37135e-08  1.00743e-11
      1298.31  8.35315e-09  8.35295e-12
      1298.65  4.54030e-09  6.49136e-12
      1298.99  3.35485e-09  5.91545e-12
      1299.33  6.00959e-09  7.53668e-12
      1299.66  1.13980e-08  1.03201e-11
      1300.00  1.28784e-08  1.05381e-11
      1300.34  1.12806e-08  1.07635e-11
      1300.68  6.97577e-09  8.42325e-12
      1301.02  7.48727e-09  7.75172e-12
      1301.35  1.38278e-08  1.10370e-11
      1301.69  1.65986e-08  1.18716e-11
      1302.03  1.60935e-08  1.17501e-11
      1302.37  1.39785e-08  1.02853e-11
      1302.71  1.64978e-08  1.11261e-11
      1303.05  1.80602e-08  1.10557e-11
      1303.39  2.08397e-08  1.17721e-11
      1303.73  2.26132e-08  1.25530e-11
      1304.07  2.08550e-08  1.24730e-11
      1304.41  2.11871e-08  1.29431e-11
      1304.75  2.27271e-08  1.37930e-11
      1305.09  2.36952e-08  1.39547e-11
      1305.43  2.83371e-08  1.51734e-11
      1305.77  3.41370e-08  1.63451e-11
      1306.11  3.45213e-08  1.64527e-11
      1306.46  2.27217e-08  1.32498e-11
      1306.80  1.02701e-08  8.98016e-12
      1307.14  5.07413e-09  6.93109e-12
      1307.48  3.37760e-09  6.03124e-12
      1307.82  2.65641e-09  5.57182e-12
      1308.16  2.66112e-09  5.39589e-12
      1308.51  3.25567e-09  5.79884e-12
      1308.85  2.62342e-09  5.02225e-12
      1309.19  1.81551e-09  4.24581e-12
      1309.53  1.65588e-09  4.21240e-12
      1309.88  1.62474e-09  4.34599e-12
      1310.22  1.75607e-09  4.77929e-12
      1310.56  2.36153e-09  5.22379e-12
      1310.91  4.24290e-09  7.09858e-12
      1311.25  9.24280e-09  1.02187e-11
      1311.60  8.93402e-09  8.95740e-12
      1311.94  5.04665e-09  6.56923e-12
      1312.28  2.50555e-09  5.02434e-12
      1312.63  1.68015e-09  4.74894e-12
      1312.97  1.42950e-09  4.63863e-12
      1313.32  1.94129e-09  5.25859e-12
      1313.66  3.35659e-09  6.31684e-12
      1314.01  2.77491e-09  5.60021e-12
      1314.35  1.49993e-09  4.47487e-12
      1314.70  1.12806e-09  3.93502e-12
      1315.05  1.12173e-09  3.77671e-12
      1315.39  1.27545e-09  3.87836e-12
      1315.74  1.62293e-09  4.43392e-12
      1316.08  2.49230e-09  5.04666e-12
      1316.43  5.55251e-09  7.22477e-12
      1316.78  1.02300e-08  1.00554e-11
      1317.12  7.89488e-09  8.48403e-12
      1317.47  3.45077e-09  5.70082e-12
      1317.82  1.98096e-09  4.61957e-12
      1318.17  2.03179e-09  4.64198e-12
      1318.51  3.56533e-09  5.99233e-12
      1318.86  4.48629e-09  6.80143e-12
      1319.21  2.90590e-09  5.78149e-12
      1319.56  1.67688e-09  5.77040e-12
      1319.91  1.71937e-09  5.53290e-12
      1320.25  1.66421e-09  4.60876e-12
      1320.60  1.64116e-09  4.26232e-12
      1320.95  2.03560e-09  4.50031e-12
      1321.30  2.87188e-09  5.24026e-12
      1321.65  5.95541e-09  6.79941e-12
      1322.00  1.27989e-08  1.09329e-11
      1322.35  1.07629e-08  9.91355e-12
      1322.70  5.08744e-09  6.91137e-12
      1323.05  3.09276e-09  5.56867e-12
      1323.40  3.47407e-09  5.80962e-12
      1323.75  4.15224e-09  6.20638e-12
      1324.10  4.34075e-09  6.36076e-12
      1324.45  3.08697e-09  5.47606e-12
      1324.80  2.15795e-09  4.98160e-12
      