227
      1249.95  2.37068e-08  2.32187e-11
      1250.27  1.25171e-08  1.68730e-11
      1250.58  4.87267e-09  1.08566e-11
      1250.89  3.50111e-09  9.38297e-12
      1251.20  4.38094e-09  1.01383e-11
      1251.52  6.37000e-09  1.15240e-11
      1251.83  1.04178e-08  1.44098e-11
      1252.14  1.35585e-08  1.64625e-11
      1252.46  1.33874e-08  1.62066e-11
      1252.77  1.24802e-08  1.49988e-11
      1253.09  1.89709e-08  1.74905e-11
      1253.40  3.39020e-08  2.23821e-11
      1253.71  4.20430e-08  2.47254e-11
      1254.03  2.71790e-08  1.87970e-11
      1254.34  1.45561e-08  1.36491e-11
      1254.66  1.70716e-08  1.50182e-11
      1254.97  2.60891e-08  1.98445e-11
      1255.29  1.84555e-08  1.61048e-11
      1255.60  9.27558e-09  1.12755e-11
      1255.92  1.01841e-08  1.19180e-11
      1256.23  1.58418e-08  1.38487e-11
      1256.55  2.40239e-08  1.80227e-11
      1256.87  1.77021e-08  1.49360e-11
      1257.18  9.40240e-09  1.05609e-11
      1257.50  7.07658e-09  9.71477e-12
      1257.81  7.78233e-09  1.04407e-11
      1258.13  9.52242e-09  1.18116e-11
      1258.45  9.76412e-09  1.18957e-11
      1258.76  1.03525e-08  1.18519e-11
      1259.08  1.66257e-08  1.43544e-11
      1259.40  3.02046e-08  1.93944e-11
      1259.72  3.88976e-08  2.34852e-11
      1260.03  3.07907e-08  2.08652e-11
      1260.35  2.35150e-08  1.80880e-11
      1260.67  2.83694e-08  2.09578e-11
      1260.99  2.70861e-08  2.05357e-11
      1261.30  2.24439e-08  1.82564e-11
      1261.62  2.62212e-08  2.08655e-11
      1261.94  2.78956e-08  2.08798e-11
      1262.26  2.79528e-08  2.14503e-11
      1262.58  2.17390e-08  1.74031e-11
      1262.90  2.26641e-08  1.69302e-11
      1263.22  3.24589e-08  2.10723e-11
      1263.54  2.79871e-08  1.90646e-11
      1263.86  1.92699e-08  1.57327e-11
      1264.17  1.57892e-08  1.44721e-11
      1264.49  1.19312e-08  1.20992e-11
      1264.81  1.23530e-08  1.15109e-11
      1265.13  2.26317e-08  1.50374e-11
      1265.45  3.45049e-08  1.84253e-11
      1265.77  3.15218e-08  1.74660e-11
      1266.10  1.81593e-08  1.31859e-11
      1266.42  1.02906e-08  1.02799e-11
      1266.74  9.00343e-09  9.95202e-12
      1267.06  1.14599e-08  1.10166e-11
      1267.38  2.11171e-08  1.43382e-11
      1267.70  3.75029e-08  1.94554e-11
      1268.02  4.01972e-08  1.92321e-11
      1268.34  3.97689e-08  1.93454e-11
      1268.67  3.65196e-08  1.85645e-11
      1268.99  3.58940e-08  1.94409e-11
      1269.31  2.92311e-08  1.79478e-11
      1269.63  2.00476e-08  1.57443e-11
      1269.95  1.64931e-08  1.51973e-11
      1270.28  1.91139e-08  1.57928e-11
      1270.60  2.92671e-08  1.94137e-11
      1270.92  3.50075e-08  2.07031e-11
      1271.25  3.76182e-08  2.19487e-11
      1271.57  3.69138e-08  2.20490e-11
      1271.89  2.39192e-08  1.74476e-11
      1272.22  1.19624e-08  1.24035e-11
      1272.54  7.84326e-09  1.03834e-11
      1272.86  6.57602e-09  9.57533e-12
      1273.19  6.21750e-09  9.04358e-12
      1273.51  7.30722e-09  9.08652e-12
      1273.84  1.06635e-08  1.03904e-11
      1274.16  1.38998e-08  1.15187e-11
      1274.49  1.77208e-08  1.25035e-11
      1274.81  2.89053e-08  1.62168e-11
      1275.14  3.88336e-08  1.92827e-11
      1275.46  3.58400e-08  1.86332e-11
      1275.79  2.52057e-08  1.56520e-11
      1276.11  1.76637e-08  1.28740e-11
      1276.44  2.14246e-08  1.37935e-11
      1276.76  3.35919e-08  1.75908e-11
      1277.09  3.52298e-08  1.76425e-11
      1277.42  3.56614e-08  1.93428e-11
      1277.74  2.53109e-08  1.67093e-11
      1278.07  1.35303e-08  1.25195e-11
      1278.40  8.31449e-09  1.09643e-11
      1278.72  6.51107e-09  1.00102e-11
      1279.05  6.35726e-09  9.62744e-12
      1279.38  8.14480e-09  1.04698e-11
      1279.71  1.13764e-08  1.20633e-11
      1280.03  1.48410e-08  1.38944e-11
      1280.36  1.36312e-08  1.27458e-11
      1280.69  1.43992e-08  1.31581e-11
      1281.02  1.83836e-08  1.46748e-11
      1281.34  2.55808e-08  1.76456e-11
      1281.67  3.03810e-08  2.02204e-11
      1282.00  2.47956e-08  1.64096e-11
      1282.33  2.55735e-08  1.53596e-11
      1282.66  3.76365e-08  1.82676e-11
      1282.99  4.66855e-08  1.98945e-11
      1283.32  4.66689e-08  2.02302e-11
      1283.65  3.44459e-08  1.75535e-11
      1283.98  1.98587e-08  1.36191e-11
      1284.31  1.24093e-08  1.13162e-11
      1284.64  9.59983e-09  1.02738e-11
      1284.97  9.37872e-09  1.01399e-11
      1285.30  1.09007e-08  1.09459e-11
      1285.63  9.50836e-09  1.00870e-11
      1285.96  8.44738e-09  9.84138e-12
      1286.29  1.17983e-08  1.22065e-11
      1286.62  1.60813e-08  1.47499e-11
      1286.95  1.53002e-08  1.43486e-11
      1287.28  1.80642e-08  1.57384e-11
      1287.61  2.99562e-08  2.08197e-11
      1287.95  3.56358e-08  2.14606e-11
      1288.28  3.57470e-08  2.02241e-11
      1288.61  3.58009e-08  1.92183e-11
      1288.94  3.55982e-08  1.89891e-11
      1289.27  2.67106e-08  1.59958e-11
      1289.61  2.08366e-08  1.42741e-11
      1289.94  1.75370e-08  1.33500e-11
      1290.27  1.25257e-08  1.11239e-11
      1290.61  1.07940e-08  1.05153e-11
      1290.94  8.48957e-09  9.13916e-12
      1291.27  6.42420e-09  7.74484e-12
      1291.61  7.35677e-09  8.21165e-12
      1291.94  1.14444e-08  1.02904e-11
      1292.27  1.81601e-08  1.32301e-11
      1292.61  2.47774e-08  1.63148e-11
      1292.94  1.94312e-08  1.46898e-11
      1293.28  1.50212e-08  1.36809e-11
      1293.61  1.89651e-08  1.57502e-11
      1293.95  2.32991e-08  1.66939e-11
      1294.28  3.20297e-08  1.97194e-11
      1294.62  3.61960e-08  2.08752e-11
      1294.95  3.16276e-08  1.88302e-11
      1295.29  3.03433e-08  1.84994e-11
      1295.62  2.69822e-08  1.73462e-11
      1295.96  2.09365e-08  1.49601e-11
      1296.29  1.85383e-08  1.39301e-11
      1296.63  1.93310e-08  1.36157e-11
      1296.97  2.32398e-08  1.41952e-11
      1297.30  3.31635e-08  1.64804e-11
      1297.64  4.28292e-08  1.89045e-11
      1297.98  3.82809e-08  1.79703e-11
      1298.31  2.63546e-08  1.52547e-11
      1298.65  1.63214e-08  1.24574e-11
      1298.99  1.28783e-08  1.13478e-11
      1299.33  1.94920e-08  1.42487e-11
      1299.66  3.16742e-08  1.85575e-11
      1300.00  3.50495e-08  1.96951e-11
      1300.34  3.06270e-08  1.88654e-11
      1300.68  2.23654e-08  1.57904e-11
      1301.02  2.24293e-08  1.61398e-11
      1301.35  3.55071e-08  2.11638e-11
      1301.69  4.21088e-08  2.25481e-11
      1302.03  4.07372e-08  2.18254e-11
      1302.37  3.69266e-08  1.95008e-11
      1302.71  4.15266e-08  2.00702e-11
      1303.05  4.56361e-08  1.99045e-11
      1303.39  5.13882e-08  2.06415e-11
      1303.73  5.48788e-08  2.12753e-11
      1304.07  5.23093e-08  2.07105e-11
      1304.41  5.33975e-08  2.17882e-11
      1304.75  5.60580e-08  2.26806e-11
      1305.09  5.80487e-08  2.33191e-11
      1305.43  6.58856e-08  2.51141e-11
      1305.77  7.50298e-08  2.67411e-11
      1306.11  7.36867e-08  2.73673e-11
      1306.46  5.15155e-08  2.36747e-11
      1306.80  2.82525e-08  1.76864e-11
      1307.14  1.67241e-08  1.41922e-11
      1307.48  1.18762e-08  1.25815e-11
      1307.82  9.64498e-09  1.13461e-11
      1308.16  9.56229e-09  1.07806e-11
      1308.51  1.10072e-08  1.12798e-11
      1308.85  9.28026e-09  9.78606e-12
      1309.19  7.10007e-09  8.29626e-12
      1309.53  6.55903e-09  7.95586e-12
      1309.88  6.48286e-09  7.88204e-12
      1310.22  6.93772e-09  8.27303e-12
      1310.56  8.71325e-09  9.21016e-12
      1310.91  1.44753e-08  1.17166e-11
      1311.25  2.49309e-08  1.59644e-11
      1311.60  2.52665e-08  1.58380e-11
      1311.94  1.59427e-08  1.24290e-11
      1312.28  9.04476e-09  9.95776e-12
      1312.63  6.16857e-09  9.00528e-12
      1312.97  5.29969e-09  8.71621e-12
      1313.32  6.83293e-09  1.00179e-11
      1313.66  1.07450e-08  1.28046e-11
      1314.01  9.10621e-09  1.11030e-11
      1314.35  5.60334e-09  8.36808e-12
      1314.70  4.44899e-09  7.30366e-12
      1315.05  4.45890e-09  7.07582e-12
      1315.39  5.04627e-09  7.17082e-12
      1315.74  6.34458e-09  7.88805e-12
      1316.08  9.24825e-09  9.30878e-12
      1316.43  1.71595e-08  1.26168e-11
      1316.78  2.76747e-08  1.67341e-11
      1317.12  2.24972e-08  1.48805e-11
      1317.47  1.18623e-08  1.07127e-11
      1317.82  7.47749e-09  8.75643e-12
      1318.17  7.36249e-09  9.00061e-12
      1318.51  1.14651e-08  1.19528e-11
      1318.86  1.40651e-08  1.37234e-11
      1319.21  9.76000e-09  1.16699e-11
      1319.56  5.95794e-09  9.28477e-12
      1319.91  6.04153e-09  9.26370e-12
      1320.25  6.17061e-09  8.68785e-12
      1320.60  6.24745e-09  8.18752e-12
      1320.95  7.51621e-09  8.54697e-12
      1321.30  1.04502e-08  9.65538e-12
      1321.65  1.89642e-08  1.26925e-11
      1322.00  3.24052e-08  1.74954e-11
      1322.35  2.88362e-08  1.66087e-11
      1322.70  1.63597e-08  1.26355e-11
      1323.05  1.10623e-08  1.05069e-11
      1323.40  1.19464e-08  1.11483e-11
      1323.75  1.36292e-08  1.22622e-11
      1324.10  1.38501e-08  1.30723e-11
      1324.45  1.05026e-08  1.14740e-11
      1324.80  7.68629e-09  1.03790e-11
      