227
      1249.95  1.00775e-08  1.78966e-11
      1250.27  4.88029e-09  1.24996e-11
      1250.58  1.61541e-09  8.09999e-12
      1250.89  1.13007e-09  7.27151e-12
      1251.20  1.47621e-09  7.71090e-12
      1251.52  2.27856e-09  8.62177e-12
      1251.83  4.09652e-09  1.10320e-11
      1252.14  5.38131e-09  1.23446e-11
      1252.46  5.12107e-09  1.20927e-11
      1252.77  4.61481e-09  1.12813e-11
      1253.09  7.56377e-09  1.31020e-11
      1253.40  1.46262e-08  1.70233e-11
      1253.71  1.85296e-08  1.88134e-11
      1254.03  1.15505e-08  1.44759e-11
      1254.34  5.37955e-09  1.01788e-11
      1254.66  6.49459e-09  1.14255e-11
      1254.97  1.02442e-08  1.50698e-11
      1255.29  7.18740e-09  1.28611e-11
      1255.60  3.19851e-09  9.29065e-12
      1255.92  3.45221e-09  9.64613e-12
      1256.23  6.00005e-09  1.14459e-11
      1256.55  9.62570e-09  1.44184e-11
      1256.87  7.11643e-09  1.24069e-11
      1257.18  3.21936e-09  9.02952e-12
      1257.50  2.27415e-09  8.44407e-12
      1257.81  2.58491e-09  9.14303e-12
      1258.13  3.24002e-09  1.02353e-11
      1258.45  3.27228e-09  1.03472e-11
      1258.76  3.43935e-09  1.01715e-11
      1259.08  6.16992e-09  1.20957e-11
      1259.40  1.29656e-08  1.66762e-11
      1259.72  1.79241e-08  1.96792e-11
      1260.03  1.35846e-08  1.67216e-11
      1260.35  9.80513e-09  1.41601e-11
      1260.67  1.26765e-08  1.71748e-11
      1260.99  1.17821e-08  1.65856e-11
      1261.30  9.25321e-09  1.41346e-11
      1261.62  1.17466e-08  1.61052e-11
      1261.94  1.22592e-08  1.53338e-11
      1262.26  1.28145e-08  1.55221e-11
      1262.58  9.15083e-09  1.23320e-11
      1262.90  9.31390e-09  1.21533e-11
      1263.22  1.53013e-08  1.64765e-11
      1263.54  1.25286e-08  1.44920e-11
      1263.86  7.57753e-09  1.14612e-11
      1264.17  5.95251e-09  1.05566e-11
      1264.49  4.27732e-09  8.94895e-12
      1264.81  4.47416e-09  8.64127e-12
      1265.13  9.11399e-09  1.13975e-11
      1265.45  1.45387e-08  1.43904e-11
      1265.77  1.31348e-08  1.37631e-11
      1266.10  7.04516e-09  1.04772e-11
      1266.42  3.48767e-09  8.42565e-12
      1266.74  2.93314e-09  8.14172e-12
      1267.06  4.00175e-09  9.15453e-12
      1267.38  8.57976e-09  1.23995e-11
      1267.70  1.60836e-08  1.70254e-11
      1268.02  1.75517e-08  1.72405e-11
      1268.34  1.71127e-08  1.71089e-11
      1268.67  1.57176e-08  1.63996e-11
      1268.99  1.53259e-08  1.70277e-11
      1269.31  1.21378e-08  1.54816e-11
      1269.63  7.91529e-09  1.29877e-11
      1269.95  6.49234e-09  1.19938e-11
      1270.28  8.01840e-09  1.26212e-11
      1270.60  1.32907e-08  1.57423e-11
      1270.92  1.62163e-08  1.64965e-11
      1271.25  1.77259e-08  1.67241e-11
      1271.57  1.73790e-08  1.69071e-11
      1271.89  1.05759e-08  1.30061e-11
      1272.22  4.67782e-09  9.08424e-12
      1272.54  2.78690e-09  7.83569e-12
      1272.86  2.25057e-09  7.20349e-12
      1273.19  2.08535e-09  7.01096e-12
      1273.51  2.52342e-09  7.23249e-12
      1273.84  3.92154e-09  7.74872e-12
      1274.16  5.18616e-09  8.45535e-12
      1274.49  6.77944e-09  9.40439e-12
      1274.81  1.21627e-08  1.29557e-11
      1275.14  1.69622e-08  1.60791e-11
      1275.46  1.53479e-08  1.56983e-11
      1275.79  1.00596e-08  1.30411e-11
      1276.11  6.44060e-09  1.05052e-11
      1276.44  8.36244e-09  1.15736e-11
      1276.76  1.47518e-08  1.58868e-11
      1277.09  1.51216e-08  1.53333e-11
      1277.42  1.59753e-08  1.67974e-11
      1277.74  1.09594e-08  1.39858e-11
      1278.07  4.95881e-09  1.01070e-11
      1278.40  2.95954e-09  8.59165e-12
      1278.72  2.28836e-09  7.83639e-12
      1279.05  2.24502e-09  7.58620e-12
      1279.38  3.02111e-09  8.11365e-12
      1279.71  4.55203e-09  9.03531e-12
      1280.03  6.23288e-09  1.03463e-11
      1280.36  5.55750e-09  9.36976e-12
      1280.69  5.78159e-09  9.61574e-12
      1281.02  7.56114e-09  1.08406e-11
      1281.34  1.11048e-08  1.30676e-11
      1281.67  1.37317e-08  1.46836e-11
      1282.00  1.07033e-08  1.23825e-11
      1282.33  1.05831e-08  1.17578e-11
      1282.66  1.64591e-08  1.45668e-11
      1282.99  2.11041e-08  1.65112e-11
      1283.32  2.11559e-08  1.71925e-11
      1283.65  1.50015e-08  1.49604e-11
      1283.98  7.83086e-09  1.14978e-11
      1284.31  4.43116e-09  9.55728e-12
      1284.64  3.31407e-09  8.82461e-12
      1284.97  3.27816e-09  8.67093e-12
      1285.30  3.87157e-09  9.04338e-12
      1285.63  3.40630e-09  8.51707e-12
      1285.96  3.13892e-09  7.81531e-12
      1286.29  4.76658e-09  9.57165e-12
      1286.62  6.71483e-09  1.16043e-11
      1286.95  6.41558e-09  1.12714e-11
      1287.28  7.98944e-09  1.22374e-11
      1287.61  1.38490e-08  1.58716e-11
      1287.95  1.67758e-08  1.66556e-11
      1288.28  1.66690e-08  1.55969e-11
      1288.61  1.65518e-08  1.48028e-11
      1288.94  1.62132e-08  1.46162e-11
      1289.27  1.16810e-08  1.22296e-11
      1289.61  8.38728e-09  1.07581e-11
      1289.94  6.64484e-09  1.01145e-11
      1290.27  4.55025e-09  8.74218e-12
      1290.61  3.82036e-09  8.38731e-12
      1290.94  2.93056e-09  7.62512e-12
      1291.27  2.17567e-09  6.67871e-12
      1291.61  2.51728e-09  7.03450e-12
      1291.94  4.11497e-09  8.76386e-12
      1292.27  7.14179e-09  1.14296e-11
      1292.61  1.02842e-08  1.44562e-11
      1292.94  7.71381e-09  1.23179e-11
      1293.28  5.93354e-09  1.09524e-11
      1293.61  7.72848e-09  1.24106e-11
      1293.95  1.00012e-08  1.31267e-11
      1294.28  1.50028e-08  1.55108e-11
      1294.62  1.69208e-08  1.59689e-11
      1294.95  1.42533e-08  1.41741e-11
      1295.29  1.36256e-08  1.39724e-11
      1295.62  1.15699e-08  1.29337e-11
      1295.96  8.41167e-09  1.11806e-11
      1296.29  7.19386e-09  1.04498e-11
      1296.63  7.41959e-09  1.04145e-11
      1296.97  9.12970e-09  1.10927e-11
      1297.30  1.42826e-08  1.38311e-11
      1297.64  1.93353e-08  1.64016e-11
      1297.98  1.63868e-08  1.53017e-11
      1298.31  1.03603e-08  1.29041e-11
      1298.65  5.78460e-09  1.02670e-11
      1298.99  4.37072e-09  9.60070e-12
      1299.33  7.63814e-09  1.22513e-11
      1299.66  1.41765e-08  1.66050e-11
      1300.00  1.59604e-08  1.67260e-11
      1300.34  1.40039e-08  1.54248e-11
      1300.68  9.44772e-09  1.22897e-11
      1301.02  9.56595e-09  1.20177e-11
      1301.35  1.72225e-08  1.67135e-11
      1301.69  2.04500e-08  1.77140e-11
      1302.03  1.98606e-08  1.74177e-11
      1302.37  1.70853e-08  1.51663e-11
      1302.71  2.00120e-08  1.63136e-11
      1303.05  2.15669e-08  1.60919e-11
      1303.39  2.47806e-08  1.72086e-11
      1303.73  2.67896e-08  1.84329e-11
      1304.07  2.45100e-08  1.79923e-11
      1304.41  2.50071e-08  1.91982e-11
      1304.75  2.67060e-08  2.07518e-11
      1305.09  2.78694e-08  2.14298e-11
      1305.43  3.32409e-08  2.38730e-11
      1305.77  3.97723e-08  2.56047e-11
      1306.11  4.03543e-08  2.57269e-11
      1306.46  2.69565e-08  2.06358e-11
      1306.80  1.27917e-08  1.41680e-11
      1307.14  6.70052e-09  1.08574e-11
      1307.48  4.57481e-09  9.37064e-12
      1307.82  3.63632e-09  8.60473e-12
      1308.16  3.60394e-09  8.21105e-12
      1308.51  4.35345e-09  8.62310e-12
      1308.85  3.48797e-09  7.41788e-12
      1309.19  2.43872e-09  6.24574e-12
      1309.53  2.22639e-09  6.18630e-12
      1309.88  2.19002e-09  6.41208e-12
      1310.22  2.35116e-09  6.88289e-12
      1310.56  3.03310e-09  7.85782e-12
      1310.91  5.54907e-09  1.01131e-11
      1311.25  1.09228e-08  1.46223e-11
      1311.60  1.10564e-08  1.42394e-11
      1311.94  6.36712e-09  1.06456e-11
      1312.28  3.29185e-09  8.11525e-12
      1312.63  2.25089e-09  7.13006e-12
      1312.97  1.92375e-09  6.92405e-12
      1313.32  2.59304e-09  7.62341e-12
      1313.66  4.51831e-09  9.91934e-12
      1314.01  3.72764e-09  8.65008e-12
      1314.35  2.05318e-09  6.58059e-12
      1314.70  1.55656e-09  5.80550e-12
      1315.05  1.53727e-09  5.48649e-12
      1315.39  1.72718e-09  5.68501e-12
      1315.74  2.18678e-09  6.33578e-12
      1316.08  3.30964e-09  7.62199e-12
      1316.43  6.86868e-09  1.06077e-11
      1316.78  1.24562e-08  1.52660e-11
      1317.12  9.65549e-09  1.31965e-11
      1317.47  4.40125e-09  9.04445e-12
      1317.82  2.61724e-09  7.49677e-12
      1318.17  2.67407e-09  7.38470e-12
      1318.51  4.66236e-09  9.58534e-12
      1318.86  5.92741e-09  1.09725e-11
      1319.21  3.86389e-09  9.03469e-12
      1319.56  2.19420e-09  7.12134e-12
      1319.91  2.30181e-09  7.18565e-12
      1320.25  2.28011e-09  6.71390e-12
      1320.60  2.22551e-09  6.25499e-12
      1320.95  2.71149e-09  6.55926e-12
      1321.30  3.83932e-09  7.46958e-12
      1321.65  7.83993e-09  1.06392e-11
      1322.00  1.52912e-08  1.58245e-11
      1322.35  1.28773e-08  1.46842e-11
      1322.70  6.33254e-09  1.08207e-11
      1323.05  3.97812e-09  9.02003e-12
      1323.40  4.48114e-09  9.49254e-12
      1323.75  5.38520e-09  1.01638e-11
      1324.10  5.69318e-09  1.04697e-11
      1324.45  4.12027e-09  8.99151e-12
      1324.80  2.93172e-09  7.98579e-12
      