227
      1249.95  2.57081e-08  3.73567e-11
      1250.27  1.29771e-08  1.91016e-11
      1250.58  4.77593e-09  1.28615e-11
      1250.89  3.49396e-09  1.13277e-11
      1251.20  4.39149e-09  1.23719e-11
      1251.52  6.40489e-09  1.42384e-11
      1251.83  1.04445e-08  1.79494e-11
      1252.14  1.34998e-08  2.06359e-11
      1252.46  1.32657e-08  2.04554e-11
      1252.77  1.24503e-08  1.91365e-11
      1253.09  1.91733e-08  2.27000e-11
      1253.40  3.41510e-08  2.93499e-11
      1253.71  4.18612e-08  3.26028e-11
      1254.03  2.68459e-08  2.48103e-11
      1254.34  1.45756e-08  1.82418e-11
      1254.66  1.74002e-08  2.03424e-11
      1254.97  2.64888e-08  2.69707e-11
      1255.29  1.84570e-08  2.17271e-11
      1255.60  9.40799e-09  1.53347e-11
      1255.92  1.05119e-08  1.64164e-11
      1256.23  1.62814e-08  1.92540e-11
      1256.55  2.39304e-08  2.53918e-11
      1256.87  1.66749e-08  2.05095e-11
      1257.18  9.65688e-09  1.45861e-11
      1257.50  7.44904e-09  1.35190e-11
      1257.81  8.25608e-09  1.42179e-11
      1258.13  1.01303e-08  1.58362e-11
      1258.45  1.04224e-08  1.57002e-11
      1258.76  1.11475e-08  1.57135e-11
      1259.08  1.78328e-08  1.86557e-11
      1259.40  3.11191e-08  2.56757e-11
      1259.72  3.88432e-08  3.04752e-11
      1260.03  3.06607e-08  2.92759e-11
      1260.35  2.34075e-08  2.53779e-11
      1260.67  2.83522e-08  2.92282e-11
      1260.99  2.70056e-08  2.85046e-11
      1261.30  2.17556e-08  2.65098e-11
      1261.62  2.36925e-08  2.59084e-11
      1261.94  2.77004e-08  2.41550e-11
      1262.26  2.79657e-08  2.44913e-11
      1262.58  2.16630e-08  2.05951e-11
      1262.90  2.27973e-08  2.09711e-11
      1263.22  3.23305e-08  2.62639e-11
      1263.54  2.74998e-08  2.38587e-11
      1263.86  1.90232e-08  2.00088e-11
      1264.17  1.56505e-08  1.86926e-11
      1264.49  1.18623e-08  1.57982e-11
      1264.81  1.25693e-08  1.54024e-11
      1265.13  2.31349e-08  2.02626e-11
      1265.45  3.48479e-08  2.47959e-11
      1265.77  3.15571e-08  2.35784e-11
      1266.10  1.82170e-08  1.79017e-11
      1266.42  1.04897e-08  1.40734e-11
      1266.74  9.28551e-09  1.35608e-11
      1267.06  1.19165e-08  1.50677e-11
      1267.38  2.20197e-08  1.93883e-11
      1267.70  3.89560e-08  2.61090e-11
      1268.02  4.15772e-08  2.54477e-11
      1268.34  4.14777e-08  2.54135e-11
      1268.67  3.81907e-08  2.40730e-11
      1268.99  3.77907e-08  2.48426e-11
      1269.31  3.09236e-08  2.28603e-11
      1269.63  2.16094e-08  2.10789e-11
      1269.95  1.66572e-08  2.05983e-11
      1270.28  1.92762e-08  2.19600e-11
      1270.60  2.92059e-08  2.70612e-11
      1270.92  3.42002e-08  3.23951e-11
      1271.25  3.69047e-08  2.37885e-11
      1271.57  3.65046e-08  2.61180e-11
      1271.89  2.32681e-08  2.07583e-11
      1272.22  1.16485e-08  1.50422e-11
      1272.54  7.71786e-09  1.28335e-11
      1272.86  6.50669e-09  1.20521e-11
      1273.19  6.19608e-09  1.15874e-11
      1273.51  7.37124e-09  1.18689e-11
      1273.84  1.07926e-08  1.38235e-11
      1274.16  1.40571e-08  1.54239e-11
      1274.49  1.80662e-08  1.69547e-11
      1274.81  2.95233e-08  2.21710e-11
      1275.14  3.94127e-08  2.62523e-11
      1275.46  3.62399e-08  2.52125e-11
      1275.79  2.55947e-08  2.11280e-11
      1276.11  1.82100e-08  1.73947e-11
      1276.44  2.24368e-08  1.85543e-11
      1276.76  3.49807e-08  2.32612e-11
      1277.09  3.66656e-08  2.30349e-11
      1277.42  3.70298e-08  2.59059e-11
      1277.74  2.47251e-08  2.12059e-11
      1278.07  1.46587e-08  1.71395e-11
      1278.40  8.54227e-09  1.44452e-11
      1278.72  6.46487e-09  1.37376e-11
      1279.05  6.35383e-09  1.34173e-11
      1279.38  7.86705e-09  1.52785e-11
      1279.71  1.02883e-08  1.49498e-11
      1280.03  1.47265e-08  1.64309e-11
      1280.36  1.34929e-08  1.54132e-11
      1280.69  1.44026e-08  1.63306e-11
      1281.02  1.84458e-08  1.85108e-11
      1281.34  2.59220e-08  2.22850e-11
      1281.67  3.07920e-08  2.48086e-11
      1282.00  2.48661e-08  2.10146e-11
      1282.33  2.60046e-08  2.05470e-11
      1282.66  3.81875e-08  2.46562e-11
      1282.99  4.71753e-08  2.70085e-11
      1283.32  4.70554e-08  2.74301e-11
      1283.65  3.47091e-08  2.36702e-11
      1283.98  2.01861e-08  1.82216e-11
      1284.31  1.28076e-08  1.49181e-11
      1284.64  1.00538e-08  1.34056e-11
      1284.97  9.94192e-09  1.29990e-11
      1285.30  1.16141e-08  1.39690e-11
      1285.63  1.01676e-08  1.29764e-11
      1285.96  8.72688e-09  1.28440e-11
      1286.29  1.18652e-08  1.67588e-11
      1286.62  1.59920e-08  1.99029e-11
      1286.95  1.49368e-08  1.98741e-11
      1287.28  1.60906e-08  1.91838e-11
      1287.61  2.99591e-08  2.45773e-11
      1287.95  3.54780e-08  2.59653e-11
      1288.28  3.54816e-08  2.49598e-11
      1288.61  3.55648e-08  2.42198e-11
      1288.94  3.52718e-08  2.44223e-11
      1289.27  2.62637e-08  2.08310e-11
      1289.61  2.08142e-08  1.90024e-11
      1289.94  1.75149e-08  1.78330e-11
      1290.27  1.25691e-08  1.49592e-11
      1290.61  1.09855e-08  1.42739e-11
      1290.94  8.63576e-09  1.23890e-11
      1291.27  6.63985e-09  1.05123e-11
      1291.61  7.72575e-09  1.10997e-11
      1291.94  1.21232e-08  1.36628e-11
      1292.27  1.92359e-08  1.70620e-11
      1292.61  2.63057e-08  2.06608e-11
      1292.94  2.07422e-08  1.89114e-11
      1293.28  1.53086e-08  1.74569e-11
      1293.61  1.90911e-08  2.18541e-11
      1293.95  2.24509e-08  2.31943e-11
      1294.28  2.79234e-08  2.56901e-11
      1294.62  3.55148e-08  2.39347e-11
      1294.95  3.12571e-08  2.26801e-11
      1295.29  3.00926e-08  2.28689e-11
      1295.62  2.65153e-08  2.17279e-11
      1295.96  2.06381e-08  1.91697e-11
      1296.29  1.84977e-08  1.82268e-11
      1296.63  1.94631e-08  1.79996e-11
      1296.97  2.36180e-08  1.91059e-11
      1297.30  3.38597e-08  2.23654e-11
      1297.64  4.35217e-08  2.56262e-11
      1297.98  3.88036e-08  2.40428e-11
      1298.31  2.68748e-08  2.00402e-11
      1298.65  1.68844e-08  1.61597e-11
      1298.99  1.36355e-08  1.44483e-11
      1299.33  2.07527e-08  1.76465e-11
      1299.66  3.32902e-08  2.27877e-11
      1300.00  3.63390e-08  2.52035e-11
      1300.34  3.05543e-08  2.52964e-11
      1300.68  2.22488e-08  2.23968e-11
      1301.02  2.08147e-08  1.94462e-11
      1301.35  3.56420e-08  2.51076e-11
      1301.69  4.18946e-08  2.74533e-11
      1302.03  4.02550e-08  2.70370e-11
      1302.37  3.67048e-08  2.48054e-11
      1302.71  4.16177e-08  2.62541e-11
      1303.05  4.57821e-08  2.63789e-11
      1303.39  5.17401e-08  2.77800e-11
      1303.73  5.51377e-08  2.86891e-11
      1304.07  5.28284e-08  2.79653e-11
      1304.41  5.43079e-08  2.92673e-11
      1304.75  5.72597e-08  2.96243e-11
      1305.09  5.96829e-08  2.98360e-11
      1305.43  6.80283e-08  3.14644e-11
      1305.77  7.74649e-08  3.29866e-11
      1306.11  7.68171e-08  3.53853e-11
      1306.46  5.29247e-08  3.10491e-11
      1306.80  2.80313e-08  2.41293e-11
      1307.14  1.76393e-08  2.21720e-11
      1307.48  1.23015e-08  1.38026e-11
      1307.82  9.52487e-09  1.35428e-11
      1308.16  9.55595e-09  1.32880e-11
      1308.51  1.09284e-08  1.41677e-11
      1308.85  9.11814e-09  1.24852e-11
      1309.19  7.06576e-09  1.09205e-11
      1309.53  6.59632e-09  1.05981e-11
      1309.88  6.57584e-09  1.06774e-11
      1310.22  7.10923e-09  1.12424e-11
      1310.56  9.03815e-09  1.23509e-11
      1310.91  1.51863e-08  1.53627e-11
      1311.25  2.59147e-08  2.04530e-11
      1311.60  2.61467e-08  1.98382e-11
      1311.94  1.67093e-08  1.54767e-11
      1312.28  9.87584e-09  1.32788e-11
      1312.63  6.24439e-09  1.20476e-11
      1312.97  5.17417e-09  1.29976e-11
      1313.32  6.49803e-09  1.05804e-11
      1313.66  1.07722e-08  1.52074e-11
      1314.01  8.83243e-09  1.32469e-11
      1314.35  5.45197e-09  1.03016e-11
      1314.70  4.41621e-09  9.35773e-12
      1315.05  4.48169e-09  9.34228e-12
      1315.39  5.11466e-09  9.59427e-12
      1315.74  6.48999e-09  1.07601e-11
      1316.08  9.55224e-09  1.27174e-11
      1316.43  1.78629e-08  1.70165e-11
      1316.78  2.85266e-08  2.19599e-11
      1317.12  2.29912e-08  1.90755e-11
      1317.47  1.22843e-08  1.35724e-11
      1317.82  7.91003e-09  1.10700e-11
      1318.17  7.37924e-09  1.15784e-11
      1318.51  1.13287e-08  1.56994e-11
      1318.86  1.45781e-08  1.97615e-11
      1319.21  1.16819e-08  1.68014e-11
      1319.56  5.95502e-09  1.08644e-11
      1319.91  6.02782e-09  1.12954e-11
      1320.25  6.11863e-09  1.08298e-11
      1320.60  6.26608e-09  1.05853e-11
      1320.95  7.63180e-09  1.13318e-11
      1321.30  1.07163e-08  1.29858e-11
      1321.65  1.96262e-08  1.72965e-11
      1322.00  3.30854e-08  2.35444e-11
      1322.35  2.90822e-08  2.18885e-11
      1322.70  1.66536e-08  1.63121e-11
      1323.05  1.15850e-08  1.34696e-11
      1323.40  1.26334e-08  1.40971e-11
      1323.75  1.40205e-08  1.61132e-11
      1324.10  1.39518e-08  1.77177e-11
      1324.45  1.06756e-08  1.66747e-11
      1324.80  7.96052e-09  1.24744e-11
      