227
      1249.95  2.07534e-08  1.82325e-11
      1250.27  1.03488e-08  1.27415e-11
      1250.58  3.62036e-09  8.08503e-12
      1250.89  2.61957e-09  7.23261e-12
      1251.20  3.46031e-09  7.88142e-12
      1251.52  5.23795e-09  9.14516e-12
      1251.83  8.89912e-09  1.16789e-11
      1252.14  1.16817e-08  1.34149e-11
      1252.46  1.14548e-08  1.34716e-11
      1252.77  1.07871e-08  1.27438e-11
      1253.09  1.67975e-08  1.50199e-11
      1253.40  3.00519e-08  1.93798e-11
      1253.71  3.64304e-08  2.10131e-11
      1254.03  2.35416e-08  1.61849e-11
      1254.34  1.25569e-08  1.18319e-11
      1254.66  1.49233e-08  1.31659e-11
      1254.97  2.20307e-08  1.69276e-11
      1255.29  1.54223e-08  1.40171e-11
      1255.60  7.72994e-09  1.01097e-11
      1255.92  8.43837e-09  1.06623e-11
      1256.23  1.36782e-08  1.23924e-11
      1256.55  2.12228e-08  1.55746e-11
      1256.87  1.54682e-08  1.27266e-11
      1257.18  7.56756e-09  9.13447e-12
      1257.50  5.59144e-09  8.38845e-12
      1257.81  6.24345e-09  9.02229e-12
      1258.13  7.74285e-09  1.02809e-11
      1258.45  7.85622e-09  1.03377e-11
      1258.76  8.20789e-09  1.07024e-11
      1259.08  1.42546e-08  1.29632e-11
      1259.40  2.66408e-08  1.66864e-11
      1259.72  3.50046e-08  1.91271e-11
      1260.03  2.70063e-08  1.64150e-11
      1260.35  2.04038e-08  1.42416e-11
      1260.67  2.53857e-08  1.68983e-11
      1260.99  2.37870e-08  1.65027e-11
      1261.30  1.93611e-08  1.46487e-11
      1261.62  2.35229e-08  1.65705e-11
      1261.94  2.45594e-08  1.60830e-11
      1262.26  2.48857e-08  1.66229e-11
      1262.58  1.86705e-08  1.35643e-11
      1262.90  1.97649e-08  1.34617e-11
      1263.22  2.92538e-08  1.73429e-11
      1263.54  2.47523e-08  1.57548e-11
      1263.86  1.65697e-08  1.30538e-11
      1264.17  1.34520e-08  1.22634e-11
      1264.49  1.00133e-08  1.03922e-11
      1264.81  9.92961e-09  1.04649e-11
      1265.13  2.07015e-08  1.44920e-11
      1265.45  3.02822e-08  1.63638e-11
      1265.77  2.71741e-08  1.52676e-11
      1266.10  1.53288e-08  1.14737e-11
      1266.42  8.46432e-09  8.95637e-12
      1266.74  7.38181e-09  8.80062e-12
      1267.06  9.57205e-09  1.01235e-11
      1267.38  1.88302e-08  1.34180e-11
      1267.70  3.22798e-08  1.71619e-11
      1268.02  3.48307e-08  1.69559e-11
      1268.34  3.41613e-08  1.67182e-11
      1268.67  3.14332e-08  1.61272e-11
      1268.99  3.05322e-08  1.68574e-11
      1269.31  2.45081e-08  1.51993e-11
      1269.63  1.69638e-08  1.28741e-11
      1269.95  1.42760e-08  1.20340e-11
      1270.28  1.69447e-08  1.27632e-11
      1270.60  2.61516e-08  1.57656e-11
      1270.92  3.11952e-08  1.66318e-11
      1271.25  3.37910e-08  1.69195e-11
      1271.57  3.28930e-08  1.70162e-11
      1271.89  2.07022e-08  1.34607e-11
      1272.22  1.01618e-08  9.71827e-12
      1272.54  6.53843e-09  8.40464e-12
      1272.86  5.43305e-09  7.95432e-12
      1273.19  5.09689e-09  7.63202e-12
      1273.51  6.04998e-09  7.80972e-12
      1273.84  9.10059e-09  9.12989e-12
      1274.16  1.19011e-08  1.00203e-11
      1274.49  1.51242e-08  1.07998e-11
      1274.81  2.55939e-08  1.44388e-11
      1275.14  3.45295e-08  1.73373e-11
      1275.46  3.15474e-08  1.75459e-11
      1275.79  2.04588e-08  1.41330e-11
      1276.11  1.44784e-08  1.14389e-11
      1276.44  1.81076e-08  1.21841e-11
      1276.76  2.98660e-08  1.60837e-11
      1277.09  3.02524e-08  1.52288e-11
      1277.42  3.13023e-08  1.63591e-11
      1277.74  2.19340e-08  1.36580e-11
      1278.07  1.08229e-08  9.98637e-12
      1278.40  6.82464e-09  8.56166e-12
      1278.72  5.37408e-09  7.93757e-12
      1279.05  5.26524e-09  7.81683e-12
      1279.38  6.90147e-09  8.48049e-12
      1279.71  9.85352e-09  9.61110e-12
      1280.03  1.27477e-08  1.11794e-11
      1280.36  1.17742e-08  1.04018e-11
      1280.69  1.25571e-08  1.07043e-11
      1281.02  1.63353e-08  1.23123e-11
      1281.34  2.29243e-08  1.47206e-11
      1281.67  2.72375e-08  1.62842e-11
      1282.00  2.22646e-08  1.41876e-11
      1282.33  2.28045e-08  1.37507e-11
      1282.66  3.33394e-08  1.63906e-11
      1282.99  4.12333e-08  1.78061e-11
      1283.32  4.06973e-08  1.78372e-11
      1283.65  2.97626e-08  1.54947e-11
      1283.98  1.69926e-08  1.19752e-11
      1284.31  1.03623e-08  9.90829e-12
      1284.64  7.88673e-09  8.92418e-12
      1284.97  7.76086e-09  8.85822e-12
      1285.30  8.86817e-09  9.35272e-12
      1285.63  7.74526e-09  8.46684e-12
      1285.96  7.18784e-09  7.98567e-12
      1286.29  1.03350e-08  9.65043e-12
      1286.62  1.39610e-08  1.16159e-11
      1286.95  1.33096e-08  1.12787e-11
      1287.28  1.63252e-08  1.24886e-11
      1287.61  2.69048e-08  1.64338e-11
      1287.95  3.18474e-08  1.73791e-11
      1288.28  3.20551e-08  1.68381e-11
      1288.61  3.17812e-08  1.70551e-11
      1288.94  3.01198e-08  1.66266e-11
      1289.27  2.17594e-08  1.41442e-11
      1289.61  1.81551e-08  1.26592e-11
      1289.94  1.49471e-08  1.17537e-11
      1290.27  1.05092e-08  9.93711e-12
      1290.61  9.06595e-09  9.52635e-12
      1290.94  6.90682e-09  8.19558e-12
      1291.27  5.18354e-09  7.05526e-12
      1291.61  5.99982e-09  7.27107e-12
      1291.94  9.58800e-09  9.04450e-12
      1292.27  1.55294e-08  1.13746e-11
      1292.61  2.14656e-08  1.42323e-11
      1292.94  1.60632e-08  1.21015e-11
      1293.28  1.29200e-08  1.10565e-11
      1293.61  1.67155e-08  1.28911e-11
      1293.95  2.05691e-08  1.35635e-11
      1294.28  2.91526e-08  1.60090e-11
      1294.62  3.24979e-08  1.65936e-11
      1294.95  2.79573e-08  1.49843e-11
      1295.29  2.71890e-08  1.52691e-11
      1295.62  2.38711e-08  1.44507e-11
      1295.96  1.81796e-08  1.27918e-11
      1296.29  1.60390e-08  1.21369e-11
      1296.63  1.67735e-08  1.22051e-11
      1296.97  2.02493e-08  1.28488e-11
      1297.30  2.94090e-08  1.50549e-11
      1297.64  3.81598e-08  1.71808e-11
      1297.98  3.32814e-08  1.59152e-11
      1298.31  2.23784e-08  1.33288e-11
      1298.65  1.34263e-08  1.06619e-11
      1298.99  1.05215e-08  9.65567e-12
      1299.33  1.65712e-08  1.21725e-11
      1299.66  2.78285e-08  1.59591e-11
      1300.00  3.09263e-08  1.63012e-11
      1300.34  2.72780e-08  1.51122e-11
      1300.68  1.94072e-08  1.24888e-11
      1301.02  1.97383e-08  1.25035e-11
      1301.35  3.23687e-08  1.68637e-11
      1301.69  3.81563e-08  1.83831e-11
      1302.03  3.68896e-08  1.83679e-11
      1302.37  3.29383e-08  1.67706e-11
      1302.71  3.75975e-08  1.79408e-11
      1303.05  4.09307e-08  1.79192e-11
      1303.39  4.62924e-08  1.88522e-11
      1303.73  4.93826e-08  1.93862e-11
      1304.07  4.64259e-08  1.87331e-11
      1304.41  4.74342e-08  1.95011e-11
      1304.75  4.98323e-08  2.04173e-11
      1305.09  5.13740e-08  2.07400e-11
      1305.43  5.86952e-08  2.22761e-11
      1305.77  6.71071e-08  2.36657e-11
      1306.11  6.60324e-08  2.40828e-11
      1306.46  4.57702e-08  1.96079e-11
      1306.80  2.46156e-08  1.40290e-11
      1307.14  1.42881e-08  1.11314e-11
      1307.48  1.01570e-08  9.77970e-12
      1307.82  8.22150e-09  9.13064e-12
      1308.16  8.15223e-09  9.21970e-12
      1308.51  9.59639e-09  9.95219e-12
      1308.85  7.91176e-09  8.52547e-12
      1309.19  5.87238e-09  7.23212e-12
      1309.53  5.40771e-09  7.02620e-12
      1309.88  5.34447e-09  7.04834e-12
      1310.22  5.74528e-09  7.43356e-12
      1310.56  7.27213e-09  8.25444e-12
      1310.91  1.23691e-08  1.03960e-11
      1311.25  2.19327e-08  1.42589e-11
      1311.60  2.19059e-08  1.38260e-11
      1311.94  1.33016e-08  1.05000e-11
      1312.28  7.35478e-09  8.10998e-12
      1312.63  5.12601e-09  7.04645e-12
      1312.97  4.39299e-09  6.74887e-12
      1313.32  5.78887e-09  7.62063e-12
      1313.66  9.49556e-09  1.02050e-11
      1314.01  7.83519e-09  9.09429e-12
      1314.35  4.61232e-09  7.05176e-12
      1314.70  3.63330e-09  6.26660e-12
      1315.05  3.64914e-09  6.09605e-12
      1315.39  4.15249e-09  6.33217e-12
      1315.74  5.28191e-09  7.04708e-12
      1316.08  7.82163e-09  8.36499e-12
      1316.43  1.48757e-08  1.13312e-11
      1316.78  2.47691e-08  1.53103e-11
      1317.12  1.94328e-08  1.32259e-11
      1317.47  9.62536e-09  9.24960e-12
      1317.82  5.98489e-09  7.51162e-12
      1318.17  6.09426e-09  7.47519e-12
      1318.51  1.01028e-08  9.62812e-12
      1318.86  1.25000e-08  1.09610e-11
      1319.21  8.19874e-09  8.97504e-12
      1319.56  4.83442e-09  7.22970e-12
      1319.91  5.12791e-09  7.63393e-12
      1320.25  5.19553e-09  7.51564e-12
      1320.60  5.19740e-09  7.17771e-12
      1320.95  6.33131e-09  7.57974e-12
      1321.30  8.83880e-09  8.62100e-12
      1321.65  1.61356e-08  1.15360e-11
      1322.00  2.92462e-08  1.68864e-11
      1322.35  2.52365e-08  1.50102e-11
      1322.70  1.34820e-08  1.09748e-11
      1323.05  9.03403e-09  9.14399e-12
      1323.40  1.00727e-08  9.65600e-12
      1323.75  1.17797e-08  1.01754e-11
      1324.10  1.22487e-08  1.04145e-11
      1324.45  8.90787e-09  8.83897e-12
      1324.80  6.47512e-09  7.97421e-12
      