227
      1249.95  1.30721e-08  1.68860e-11
      1250.27  6.37835e-09  1.19681e-11
      1250.58  2.00082e-09  7.87320e-12
      1250.89  1.33821e-09  7.12666e-12
      1251.20  1.83842e-09  7.54359e-12
      1251.52  2.99384e-09  8.84539e-12
      1251.83  5.21826e-09  1.13131e-11
      1252.14  6.62929e-09  1.32934e-11
      1252.46  6.52285e-09  1.31739e-11
      1252.77  6.18153e-09  1.25236e-11
      1253.09  1.01270e-08  1.51676e-11
      1253.40  1.90202e-08  1.99791e-11
      1253.71  2.34381e-08  2.21594e-11
      1254.03  1.44104e-08  1.67614e-11
      1254.34  7.02829e-09  1.20529e-11
      1254.66  8.52797e-09  1.35654e-11
      1254.97  1.36134e-08  1.84529e-11
      1255.29  8.93375e-09  1.48788e-11
      1255.60  3.93021e-09  1.05466e-11
      1255.92  4.49941e-09  1.15384e-11
      1256.23  7.74697e-09  1.33106e-11
      1256.55  1.28595e-08  1.70842e-11
      1256.87  9.12914e-09  1.38855e-11
      1257.18  4.05280e-09  9.83122e-12
      1257.50  2.92279e-09  8.96812e-12
      1257.81  3.35586e-09  9.53412e-12
      1258.13  4.16466e-09  1.08885e-11
      1258.45  4.26170e-09  1.07041e-11
      1258.76  4.67606e-09  1.03181e-11
      1259.08  8.37183e-09  1.22511e-11
      1259.40  1.69148e-08  1.64957e-11
      1259.72  2.27785e-08  1.87565e-11
      1260.03  1.75010e-08  1.58802e-11
      1260.35  1.30143e-08  1.35291e-11
      1260.67  1.63100e-08  1.57364e-11
      1260.99  1.52744e-08  1.54163e-11
      1261.30  1.23577e-08  1.37152e-11
      1261.62  1.46990e-08  1.58624e-11
      1261.94  1.57132e-08  1.53183e-11
      1262.26  1.58875e-08  1.56724e-11
      1262.58  1.16528e-08  1.28745e-11
      1262.90  1.25559e-08  1.28595e-11
      1263.22  1.91547e-08  1.69926e-11
      1263.54  1.57963e-08  1.54719e-11
      1263.86  1.00306e-08  1.29554e-11
      1264.17  7.88370e-09  1.22817e-11
      1264.49  5.57866e-09  1.05413e-11
      1264.81  5.85024e-09  1.03243e-11
      1265.13  1.19603e-08  1.40948e-11
      1265.45  1.88642e-08  1.75551e-11
      1265.77  1.67253e-08  1.65075e-11
      1266.10  8.87794e-09  1.22820e-11
      1266.42  4.49730e-09  9.54624e-12
      1266.74  3.88165e-09  9.22822e-12
      1267.06  5.36400e-09  1.04149e-11
      1267.38  1.12112e-08  1.41427e-11
      1267.70  2.02697e-08  1.92235e-11
      1268.02  2.20687e-08  1.87935e-11
      1268.34  2.16994e-08  1.81164e-11
      1268.67  1.99174e-08  1.68640e-11
      1268.99  1.97801e-08  1.67764e-11
      1269.31  1.56921e-08  1.49531e-11
      1269.63  1.04393e-08  1.23578e-11
      1269.95  8.65846e-09  1.13311e-11
      1270.28  1.06387e-08  1.19624e-11
      1270.60  1.72152e-08  1.49367e-11
      1270.92  2.07927e-08  1.57250e-11
      1271.25  2.26427e-08  1.59522e-11
      1271.57  2.20640e-08  1.61279e-11
      1271.89  1.34135e-08  1.27165e-11
      1272.22  6.07574e-09  9.15276e-12
      1272.54  3.65645e-09  8.03789e-12
      1272.86  2.92822e-09  7.80011e-12
      1273.19  2.70357e-09  7.66343e-12
      1273.51  3.28676e-09  7.93665e-12
      1273.84  5.19111e-09  9.36364e-12
      1274.16  6.84888e-09  1.03787e-11
      1274.49  8.78539e-09  1.12267e-11
      1274.81  1.56767e-08  1.54455e-11
      1275.14  2.17675e-08  1.88197e-11
      1275.46  1.96843e-08  1.83353e-11
      1275.79  1.29593e-08  1.49489e-11
      1276.11  8.40610e-09  1.20095e-11
      1276.44  1.07792e-08  1.31146e-11
      1276.76  1.85300e-08  1.76912e-11
      1277.09  1.95083e-08  1.62550e-11
      1277.42  2.02066e-08  1.66588e-11
      1277.74  1.41253e-08  1.37343e-11
      1278.07  6.56971e-09  9.65835e-12
      1278.40  3.92787e-09  8.11781e-12
      1278.72  3.01320e-09  7.55397e-12
      1279.05  2.97921e-09  7.34279e-12
      1279.38  4.03967e-09  7.87631e-12
      1279.71  6.03352e-09  8.96536e-12
      1280.03  7.74363e-09  1.03719e-11
      1280.36  7.16854e-09  9.75568e-12
      1280.69  7.65905e-09  1.02322e-11
      1281.02  1.00661e-08  1.20432e-11
      1281.34  1.45168e-08  1.49387e-11
      1281.67  1.73176e-08  1.68588e-11
      1282.00  1.38306e-08  1.48641e-11
      1282.33  1.40315e-08  1.47139e-11
      1282.66  2.09933e-08  1.79695e-11
      1282.99  2.64894e-08  1.99112e-11
      1283.32  2.63508e-08  2.00854e-11
      1283.65  1.88393e-08  1.72458e-11
      1283.98  1.02318e-08  1.29773e-11
      1284.31  5.87017e-09  1.06186e-11
      1284.64  4.30520e-09  9.56450e-12
      1284.97  4.38692e-09  9.07200e-12
      1285.30  5.18636e-09  9.75537e-12
      1285.63  4.47648e-09  8.72755e-12
      1285.96  4.15138e-09  7.65657e-12
      1286.29  6.31862e-09  9.10497e-12
      1286.62  8.89622e-09  1.09663e-11
      1286.95  8.29820e-09  1.04586e-11
      1287.28  1.03185e-08  1.15078e-11
      1287.61  1.80158e-08  1.58526e-11
      1287.95  2.09378e-08  1.72673e-11
      1288.28  2.11660e-08  1.69005e-11
      1288.61  2.10454e-08  1.63624e-11
      1288.94  2.10426e-08  1.70088e-11
      1289.27  1.46476e-08  1.40975e-11
      1289.61  1.08991e-08  1.30285e-11
      1289.94  8.72738e-09  1.22028e-11
      1290.27  5.80515e-09  1.03474e-11
      1290.61  5.01616e-09  1.02831e-11
      1290.94  3.79559e-09  8.94117e-12
      1291.27  2.77020e-09  7.67279e-12
      1291.61  3.28388e-09  7.86173e-12
      1291.94  5.49713e-09  9.34121e-12
      1292.27  9.42209e-09  1.16313e-11
      1292.61  1.35793e-08  1.41374e-11
      1292.94  1.01349e-08  1.18260e-11
      1293.28  7.79947e-09  1.04037e-11
      1293.61  1.03670e-08  1.20210e-11
      1293.95  1.32352e-08  1.27315e-11
      1294.28  1.93389e-08  1.51374e-11
      1294.62  2.17766e-08  1.58729e-11
      1294.95  1.84622e-08  1.45234e-11
      1295.29  1.75302e-08  1.49831e-11
      1295.62  1.51099e-08  1.44841e-11
      1295.96  1.10670e-08  1.28536e-11
      1296.29  9.50798e-09  1.24190e-11
      1296.63  9.86395e-09  1.28386e-11
      1296.97  1.21275e-08  1.38379e-11
      1297.30  1.83320e-08  1.65329e-11
      1297.64  2.42759e-08  1.91982e-11
      1297.98  2.10113e-08  1.75940e-11
      1298.31  1.36020e-08  1.42041e-11
      1298.65  7.84901e-09  1.11035e-11
      1298.99  6.08035e-09  9.81214e-12
      1299.33  1.02993e-08  1.22053e-11
      1299.66  1.80685e-08  1.58241e-11
      1300.00  2.04859e-08  1.59395e-11
      1300.34  1.79178e-08  1.44315e-11
      1300.68  1.25560e-08  1.17009e-11
      1301.02  1.29499e-08  1.17492e-11
      1301.35  2.17807e-08  1.60620e-11
      1301.69  2.58252e-08  1.79419e-11
      1302.03  2.47914e-08  1.84141e-11
      1302.37  2.19645e-08  1.72799e-11
      1302.71  2.49989e-08  1.90123e-11
      1303.05  2.70900e-08  1.93724e-11
      1303.39  3.06570e-08  2.06737e-11
      1303.73  3.27607e-08  2.16162e-11
      1304.07  3.06737e-08  2.10253e-11
      1304.41  3.14417e-08  2.18803e-11
      1304.75  3.33824e-08  2.26058e-11
      1305.09  3.49162e-08  2.27530e-11
      1305.43  4.09721e-08  2.41703e-11
      1305.77  4.80499e-08  2.49831e-11
      1306.11  4.78835e-08  2.43096e-11
      1306.46  3.27317e-08  1.92598e-11
      1306.80  1.65269e-08  1.33210e-11
      1307.14  8.97835e-09  1.03024e-11
      1307.48  6.14373e-09  9.04457e-12
      1307.82  4.87446e-09  8.52361e-12
      1308.16  4.84525e-09  8.69130e-12
      1308.51  5.71396e-09  9.61023e-12
      1308.85  4.53826e-09  8.62442e-12
      1309.19  3.21150e-09  7.54523e-12
      1309.53  2.90320e-09  7.46389e-12
      1309.88  2.84355e-09  7.60989e-12
      1310.22  3.08959e-09  7.94106e-12
      1310.56  4.05937e-09  8.87350e-12
      1310.91  7.40314e-09  1.11226e-11
      1311.25  1.40585e-08  1.54537e-11
      1311.60  1.41406e-08  1.46002e-11
      1311.94  8.28274e-09  1.05691e-11
      1312.28  4.34415e-09  7.86627e-12
      1312.63  2.97010e-09  6.77298e-12
      1312.97  2.52269e-09  6.45394e-12
      1313.32  3.43236e-09  7.21068e-12
      1313.66  5.94174e-09  9.63916e-12
      1314.01  4.81820e-09  8.68581e-12
      1314.35  2.61719e-09  6.97882e-12
      1314.70  1.97322e-09  6.60786e-12
      1315.05  1.95142e-09  6.49575e-12
      1315.39  2.21588e-09  6.85387e-12
      1315.74  2.86191e-09  7.73104e-12
      1316.08  4.44359e-09  8.98813e-12
      1316.43  9.05320e-09  1.23010e-11
      1316.78  1.57538e-08  1.68023e-11
      1317.12  1.24011e-08  1.43288e-11
      1317.47  5.79550e-09  9.54876e-12
      1317.82  3.47927e-09  7.46668e-12
      1318.17  3.59745e-09  7.18480e-12
      1318.51  6.17841e-09  9.05360e-12
      1318.86  7.76984e-09  1.01633e-11
      1319.21  5.11230e-09  8.42595e-12
      1319.56  2.87340e-09  6.96356e-12
      1319.91  2.97475e-09  7.39518e-12
      1320.25  2.97311e-09  7.59281e-12
      1320.60  2.92363e-09  7.43740e-12
      1320.95  3.56597e-09  7.93325e-12
      1321.30  5.13209e-09  9.13122e-12
      1321.65  1.01924e-08  1.25525e-11
      1322.00  1.89444e-08  1.81654e-11
      1322.35  1.63683e-08  1.67528e-11
      1322.70  8.28515e-09  1.17662e-11
      1323.05  5.32393e-09  9.51644e-12
      1323.40  6.00080e-09  9.71196e-12
      1323.75  7.21348e-09  9.94660e-12
      1324.10  7.55144e-09  9.90797e-12
      1324.45  5.50609e-09  8.44727e-12
      1324.80  3.86457e-09  7.51508e-12
      