227
      1249.95  1.07455e-08  1.22124e-11
      1250.27  5.31532e-09  8.59131e-12
      1250.58  1.76332e-09  5.79956e-12
      1250.89  1.22305e-09  5.39173e-12
      1251.20  1.61241e-09  5.96329e-12
      1251.52  2.52636e-09  6.86083e-12
      1251.83  4.42247e-09  8.77418e-12
      1252.14  5.78628e-09  1.04274e-11
      1252.46  5.55796e-09  1.04821e-11
      1252.77  5.18728e-09  9.32703e-12
      1253.09  8.52423e-09  1.09000e-11
      1253.40  1.62456e-08  1.42588e-11
      1253.71  2.03677e-08  1.60598e-11
      1254.03  1.27896e-08  1.25734e-11
      1254.34  6.13741e-09  9.14557e-12
      1254.66  7.43790e-09  1.04162e-11
      1254.97  1.16517e-08  1.35690e-11
      1255.29  8.07765e-09  1.13421e-11
      1255.60  3.63500e-09  8.00645e-12
      1255.92  3.96926e-09  8.11828e-12
      1256.23  6.84622e-09  9.38821e-12
      1256.55  1.09216e-08  1.16023e-11
      1256.87  8.04340e-09  9.82635e-12
      1257.18  3.65485e-09  7.07861e-12
      1257.50  2.59928e-09  6.67760e-12
      1257.81  2.78569e-09  7.39476e-12
      1258.13  3.63996e-09  8.21681e-12
      1258.45  3.70089e-09  7.66915e-12
      1258.76  3.88389e-09  7.04320e-12
      1259.08  6.89495e-09  8.23214e-12
      1259.40  1.41786e-08  1.12328e-11
      1259.72  1.93336e-08  1.31168e-11
      1260.03  1.47569e-08  1.13058e-11
      1260.35  1.09289e-08  1.01731e-11
      1260.67  1.37489e-08  1.18848e-11
      1260.99  1.26416e-08  1.12327e-11
      1261.30  1.01635e-08  9.78346e-12
      1261.62  1.24434e-08  1.09493e-11
      1261.94  1.32917e-08  1.07170e-11
      1262.26  1.34907e-08  1.08442e-11
      1262.58  1.01037e-08  9.16458e-12
      1262.90  1.05110e-08  9.41886e-12
      1263.22  1.60260e-08  1.24528e-11
      1263.54  1.35133e-08  1.16502e-11
      1263.86  8.56175e-09  9.63514e-12
      1264.17  6.66705e-09  9.45657e-12
      1264.49  4.75302e-09  7.92704e-12
      1264.81  5.17907e-09  7.36479e-12
      1265.13  1.03954e-08  9.90944e-12
      1265.45  1.62990e-08  1.24519e-11
      1265.77  1.46649e-08  1.19653e-11
      1266.10  7.97041e-09  9.04303e-12
      1266.42  4.04414e-09  7.04189e-12
      1266.74  3.40250e-09  6.80770e-12
      1267.06  4.59367e-09  7.43754e-12
      1267.38  9.46549e-09  1.02618e-11
      1267.70  1.68679e-08  1.71995e-11
      1268.02  1.84971e-08  1.43548e-11
      1268.34  1.89374e-08  1.42938e-11
      1268.67  1.67602e-08  1.21592e-11
      1268.99  1.68936e-08  1.21126e-11
      1269.31  1.32113e-08  1.06831e-11
      1269.63  8.62798e-09  8.80392e-12
      1269.95  7.06802e-09  8.00281e-12
      1270.28  8.67264e-09  8.35336e-12
      1270.60  1.43502e-08  1.04863e-11
      1270.92  1.73484e-08  1.10263e-11
      1271.25  1.89687e-08  1.13967e-11
      1271.57  1.86126e-08  1.17118e-11
      1271.89  1.12769e-08  9.32927e-12
      1272.22  5.06620e-09  6.80161e-12
      1272.54  3.08305e-09  6.13190e-12
      1272.86  2.42360e-09  5.70706e-12
      1273.19  2.33857e-09  5.54638e-12
      1273.51  2.85547e-09  5.67373e-12
      1273.84  4.46260e-09  6.57377e-12
      1274.16  5.92623e-09  7.38362e-12
      1274.49  7.75387e-09  8.24744e-12
      1274.81  1.38096e-08  1.14043e-11
      1275.14  1.91168e-08  1.38471e-11
      1275.46  1.72755e-08  1.33823e-11
      1275.79  1.13692e-08  1.09909e-11
      1276.11  7.38469e-09  8.61563e-12
      1276.44  9.08065e-09  1.00051e-11
      1276.76  1.49330e-08  1.49591e-11
      1277.09  1.63001e-08  1.25680e-11
      1277.42  1.71735e-08  1.19056e-11
      1277.74  1.20041e-08  9.90822e-12
      1278.07  5.61352e-09  7.20142e-12
      1278.40  3.28131e-09  6.09730e-12
      1278.72  2.51614e-09  5.47900e-12
      1279.05  2.47239e-09  5.24623e-12
      1279.38  3.29124e-09  5.56525e-12
      1279.71  4.80135e-09  6.51935e-12
      1280.03  6.00711e-09  6.57442e-12
      1280.36  5.86873e-09  7.53701e-12
      1280.69  6.37103e-09  7.40580e-12
      1281.02  8.39312e-09  8.59973e-12
      1281.34  1.23110e-08  1.07942e-11
      1281.67  1.51023e-08  1.46727e-11
      1282.00  1.07362e-08  1.14597e-11
      1282.33  1.21552e-08  1.02458e-11
      1282.66  1.85373e-08  1.24886e-11
      1282.99  2.36147e-08  1.40477e-11
      1283.32  2.35618e-08  1.43517e-11
      1283.65  1.66952e-08  1.25105e-11
      1283.98  8.89402e-09  9.49583e-12
      1284.31  5.07929e-09  7.67865e-12
      1284.64  3.75916e-09  6.80401e-12
      1284.97  3.68857e-09  6.57210e-12
      1285.30  4.22486e-09  7.32600e-12
      1285.63  3.46718e-09  6.10344e-12
      1285.96  3.40863e-09  5.54380e-12
      1286.29  5.18187e-09  6.64204e-12
      1286.62  7.30213e-09  8.02387e-12
      1286.95  6.84161e-09  7.72190e-12
      1287.28  8.47312e-09  8.57068e-12
      1287.61  1.41770e-08  1.18593e-11
      1287.95  1.75077e-08  1.28707e-11
      1288.28  1.77044e-08  1.13889e-11
      1288.61  1.79921e-08  1.18627e-11
      1288.94  1.79174e-08  1.17263e-11
      1289.27  1.29060e-08  1.00966e-11
      1289.61  9.45379e-09  9.34390e-12
      1289.94  7.57659e-09  8.88407e-12
      1290.27  5.20161e-09  7.66637e-12
      1290.61  4.37274e-09  7.28317e-12
      1290.94  3.36453e-09  6.38601e-12
      1291.27  2.49328e-09  5.50807e-12
      1291.61  2.88053e-09  5.61857e-12
      1291.94  4.66823e-09  6.70754e-12
      1292.27  7.97600e-09  8.52519e-12
      1292.61  1.12355e-08  1.04888e-11
      1292.94  8.51196e-09  8.93953e-12
      1293.28  6.47574e-09  7.80683e-12
      1293.61  8.39113e-09  8.67048e-12
      1293.95  1.08862e-08  9.16035e-12
      1294.28  1.60546e-08  1.06850e-11
      1294.62  1.81847e-08  1.12140e-11
      1294.95  1.55069e-08  1.01871e-11
      1295.29  1.47386e-08  1.04065e-11
      1295.62  1.27380e-08  1.00815e-11
      1295.96  9.39659e-09  8.96867e-12
      1296.29  8.13710e-09  8.71645e-12
      1296.63  8.46774e-09  8.83255e-12
      1296.97  1.04961e-08  9.48047e-12
      1297.30  1.61032e-08  1.14344e-11
      1297.64  2.15615e-08  1.34480e-11
      1297.98  1.85083e-08  1.25275e-11
      1298.31  1.17444e-08  1.02701e-11
      1298.65  6.65990e-09  8.24405e-12
      1298.99  5.01838e-09  7.18376e-12
      1299.33  8.51098e-09  8.96602e-12
      1299.66  1.52238e-08  1.16098e-11
      1300.00  1.72781e-08  1.18245e-11
      1300.34  1.51503e-08  1.15415e-11
      1300.68  9.45354e-09  8.62794e-12
      1301.02  1.05129e-08  8.63969e-12
      1301.35  1.82838e-08  1.17116e-11
      1301.69  2.20915e-08  1.29340e-11
      1302.03  2.13759e-08  1.29280e-11
      1302.37  1.89243e-08  1.18683e-11
      1302.71  2.17841e-08  1.28551e-11
      1303.05  2.40504e-08  1.32160e-11
      1303.39  2.74260e-08  1.43241e-11
      1303.73  2.96897e-08  1.53207e-11
      1304.07  2.74997e-08  1.50693e-11
      1304.41  2.78921e-08  1.57239e-11
      1304.75  2.96550e-08  1.66992e-11
      1305.09  3.08314e-08  1.67836e-11
      1305.43  3.61337e-08  1.79050e-11
      1305.77  4.26501e-08  1.87472e-11
      1306.11  4.27446e-08  1.83328e-11
      1306.46  2.87806e-08  1.45444e-11
      1306.80  1.38331e-08  9.96960e-12
      1307.14  7.27261e-09  7.73026e-12
      1307.48  5.07289e-09  7.15034e-12
      1307.82  3.82254e-09  6.59058e-12
      1308.16  3.95673e-09  6.13929e-12
      1308.51  4.80693e-09  6.58917e-12
      1308.85  3.88435e-09  5.79055e-12
      1309.19  2.78216e-09  5.07980e-12
      1309.53  2.55727e-09  5.08996e-12
      1309.88  2.52923e-09  5.29969e-12
      1310.22  2.72401e-09  5.77285e-12
      1310.56  3.53287e-09  6.47798e-12
      1310.91  6.41663e-09  8.13904e-12
      1311.25  1.20067e-08  1.10308e-11
      1311.60  1.19933e-08  1.05587e-11
      1311.94  7.04562e-09  7.84861e-12
      1312.28  3.67679e-09  5.90999e-12
      1312.63  2.47581e-09  5.09915e-12
      1312.97  2.11387e-09  5.00373e-12
      1313.32  2.87462e-09  5.58333e-12
      1313.66  4.74287e-09  7.02237e-12
      1314.01  3.96575e-09  6.27840e-12
      1314.35  2.28932e-09  4.89728e-12
      1314.70  1.74003e-09  4.33915e-12
      1315.05  1.73075e-09  4.28753e-12
      1315.39  1.97844e-09  4.69131e-12
      1315.74  2.55133e-09  5.28214e-12
      1316.08  3.96368e-09  6.50657e-12
      1316.43  8.21388e-09  9.10807e-12
      1316.78  1.38801e-08  1.22621e-11
      1317.12  1.10511e-08  1.06810e-11
      1317.47  5.14155e-09  7.18028e-12
      1317.82  2.97397e-09  5.67739e-12
      1318.17  3.05425e-09  5.60847e-12
      1318.51  5.02471e-09  6.92078e-12
      1318.86  6.21122e-09  7.76896e-12
      1319.21  4.23327e-09  6.52442e-12
      1319.56  2.47375e-09  5.81070e-12
      1319.91  2.30928e-09  6.43530e-12
      1320.25  2.42859e-09  5.89805e-12
      1320.60  2.51340e-09  4.92737e-12
      1320.95  3.07557e-09  5.26411e-12
      1321.30  4.49524e-09  6.16530e-12
      1321.65  9.01497e-09  8.66265e-12
      1322.00  1.65513e-08  1.26780e-11
      1322.35  1.44505e-08  1.20133e-11
      1322.70  7.23398e-09  8.57697e-12
      1323.05  4.51875e-09  6.90106e-12
      1323.40  4.98423e-09  7.07560e-12
      1323.75  5.93296e-09  7.44104e-12
      1324.10  6.17555e-09  7.54322e-12
      1324.45  4.49183e-09  6.40769e-12
      1324.80  3.14846e-09  5.77867e-12
      