227
      1249.95  1.11760e-08  1.80869e-11
      1250.27  5.42444e-09  1.31204e-11
      1250.58  1.64533e-09  8.76225e-12
      1250.89  1.05087e-09  7.89396e-12
      1251.20  1.47175e-09  8.27355e-12
      1251.52  2.48906e-09  9.92559e-12
      1251.83  4.51814e-09  1.25188e-11
      1252.14  5.97622e-09  1.43619e-11
      1252.46  5.70749e-09  1.43371e-11
      1252.77  5.24276e-09  1.36886e-11
      1253.09  8.83323e-09  1.63372e-11
      1253.40  1.70699e-08  2.18015e-11
      1253.71  2.12933e-08  2.39435e-11
      1254.03  1.29139e-08  1.78852e-11
      1254.34  6.13201e-09  1.26772e-11
      1254.66  7.54788e-09  1.40208e-11
      1254.97  1.25364e-08  1.91107e-11
      1255.29  8.11364e-09  1.51684e-11
      1255.60  3.38177e-09  1.07162e-11
      1255.92  3.94320e-09  1.13744e-11
      1256.23  6.90131e-09  1.30244e-11
      1256.55  1.15145e-08  1.62688e-11
      1256.87  8.21248e-09  1.30732e-11
      1257.18  3.51710e-09  9.26545e-12
      1257.50  2.47858e-09  8.45559e-12
      1257.81  2.87441e-09  8.83711e-12
      1258.13  3.65666e-09  9.89546e-12
      1258.45  3.69075e-09  9.75864e-12
      1258.76  3.93855e-09  9.58813e-12
      1259.08  7.21776e-09  1.16249e-11
      1259.40  1.48833e-08  1.58992e-11
      1259.72  2.01544e-08  1.83744e-11
      1260.03  1.53910e-08  1.57372e-11
      1260.35  1.13096e-08  1.36611e-11
      1260.67  1.42219e-08  1.63399e-11
      1260.99  1.32595e-08  1.62783e-11
      1261.30  1.06882e-08  1.46651e-11
      1261.62  1.31490e-08  1.70395e-11
      1261.94  1.39067e-08  1.67855e-11
      1262.26  1.41950e-08  1.72666e-11
      1262.58  1.02771e-08  1.42063e-11
      1262.90  1.08864e-08  1.44829e-11
      1263.22  1.70701e-08  1.90975e-11
      1263.54  1.40004e-08  1.72693e-11
      1263.86  8.74514e-09  1.42246e-11
      1264.17  6.87430e-09  1.31921e-11
      1264.49  4.81948e-09  1.12834e-11
      1264.81  5.10464e-09  1.08412e-11
      1265.13  1.07164e-08  1.46876e-11
      1265.45  1.71528e-08  1.81699e-11
      1265.77  1.53253e-08  1.67878e-11
      1266.10  8.04515e-09  1.22191e-11
      1266.42  3.95600e-09  9.37641e-12
      1266.74  3.37433e-09  8.97413e-12
      1267.06  4.69281e-09  9.90029e-12
      1267.38  1.00222e-08  1.31798e-11
      1267.70  1.85899e-08  1.76162e-11
      1268.02  2.01806e-08  1.71804e-11
      1268.34  1.96890e-08  1.65364e-11
      1268.67  1.80283e-08  1.54386e-11
      1268.99  1.75070e-08  1.57234e-11
      1269.31  1.37788e-08  1.42641e-11
      1269.63  9.02355e-09  1.20847e-11
      1269.95  7.40731e-09  1.13570e-11
      1270.28  9.15927e-09  1.22835e-11
      1270.60  1.50756e-08  1.58393e-11
      1270.92  1.82361e-08  1.69309e-11
      1271.25  1.99494e-08  1.76016e-11
      1271.57  1.94643e-08  1.79442e-11
      1271.89  1.16819e-08  1.41795e-11
      1272.22  5.16919e-09  1.02135e-11
      1272.54  3.04397e-09  8.80786e-12
      1272.86  2.43261e-09  8.44813e-12
      1273.19  2.26730e-09  8.23324e-12
      1273.51  2.80531e-09  8.48168e-12
      1273.84  4.53142e-09  9.94486e-12
      1274.16  6.07300e-09  1.08408e-11
      1274.49  7.86210e-09  1.15386e-11
      1274.81  1.43333e-08  1.56156e-11
      1275.14  2.00576e-08  1.87527e-11
      1275.46  1.80125e-08  1.77809e-11
      1275.79  1.16860e-08  1.42609e-11
      1276.11  7.48655e-09  1.13499e-11
      1276.44  9.77126e-09  1.22180e-11
      1276.76  1.70313e-08  1.59683e-11
      1277.09  1.75996e-08  1.51235e-11
      1277.42  1.79518e-08  1.56507e-11
      1277.74  1.24975e-08  1.31654e-11
      1278.07  5.64047e-09  9.30147e-12
      1278.40  3.26115e-09  8.10685e-12
      1278.72  2.46495e-09  7.63161e-12
      1279.05  2.44870e-09  7.71165e-12
      1279.38  3.36943e-09  8.48339e-12
      1279.71  5.14563e-09  9.93773e-12
      1280.03  6.83288e-09  1.13554e-11
      1280.36  6.30987e-09  1.07568e-11
      1280.69  6.61204e-09  1.14516e-11
      1281.02  8.79885e-09  1.34098e-11
      1281.34  1.28720e-08  1.63870e-11
      1281.67  1.55127e-08  1.89275e-11
      1282.00  1.22934e-08  1.61045e-11
      1282.33  1.26768e-08  1.54031e-11
      1282.66  1.93277e-08  1.84862e-11
      1282.99  2.44997e-08  1.99664e-11
      1283.32  2.43229e-08  1.96215e-11
      1283.65  1.72242e-08  1.65362e-11
      1283.98  9.15406e-09  1.22035e-11
      1284.31  5.17736e-09  9.72585e-12
      1284.64  3.79690e-09  8.66580e-12
      1284.97  3.75807e-09  8.45849e-12
      1285.30  4.44418e-09  8.85186e-12
      1285.63  3.77910e-09  8.00769e-12
      1285.96  3.46313e-09  7.55786e-12
      1286.29  5.39165e-09  9.22316e-12
      1286.62  7.70218e-09  1.14731e-11
      1286.95  7.05613e-09  1.11953e-11
      1287.28  8.84589e-09  1.25975e-11
      1287.61  1.60034e-08  1.76862e-11
      1287.95  1.89508e-08  1.89133e-11
      1288.28  1.89017e-08  1.87727e-11
      1288.61  1.87806e-08  1.80997e-11
      1288.94  1.89584e-08  1.85884e-11
      1289.27  1.31293e-08  1.51457e-11
      1289.61  9.68860e-09  1.36185e-11
      1289.94  7.82727e-09  1.26554e-11
      1290.27  5.18520e-09  1.05015e-11
      1290.61  4.44001e-09  9.92883e-12
      1290.94  3.34291e-09  8.57444e-12
      1291.27  2.41594e-09  7.24633e-12
      1291.61  2.83002e-09  7.26089e-12
      1291.94  4.77167e-09  8.62104e-12
      1292.27  8.24530e-09  1.08012e-11
      1292.61  1.18535e-08  1.32840e-11
      1292.94  8.84277e-09  1.15827e-11
      1293.28  6.67354e-09  1.03990e-11
      1293.61  8.89260e-09  1.23259e-11
      1293.95  1.14891e-08  1.36299e-11
      1294.28  1.69264e-08  1.66192e-11
      1294.62  1.91510e-08  1.77371e-11
      1294.95  1.62598e-08  1.62986e-11
      1295.29  1.54133e-08  1.66527e-11
      1295.62  1.33055e-08  1.59037e-11
      1295.96  9.75938e-09  1.38855e-11
      1296.29  8.42932e-09  1.32207e-11
      1296.63  8.80724e-09  1.32212e-11
      1296.97  1.09680e-08  1.39273e-11
      1297.30  1.67700e-08  1.63455e-11
      1297.64  2.22256e-08  1.85130e-11
      1297.98  1.91279e-08  1.67285e-11
      1298.31  1.21576e-08  1.32865e-11
      1298.65  6.86412e-09  1.03162e-11
      1298.99  5.23169e-09  9.09982e-12
      1299.33  8.97995e-09  1.15422e-11
      1299.66  1.59773e-08  1.53378e-11
      1300.00  1.80602e-08  1.58830e-11
      1300.34  1.56993e-08  1.50417e-11
      1300.68  1.08600e-08  1.26204e-11
      1301.02  1.12535e-08  1.30619e-11
      1301.35  1.92574e-08  1.82249e-11
      1301.69  2.29810e-08  2.01912e-11
      1302.03  2.22309e-08  2.05959e-11
      1302.37  1.97308e-08  1.89934e-11
      1302.71  2.27571e-08  2.05894e-11
      1303.05  2.48545e-08  2.05556e-11
      1303.39  2.84047e-08  2.13486e-11
      1303.73  3.04421e-08  2.18822e-11
      1304.07  2.83704e-08  2.05329e-11
      1304.41  2.89438e-08  2.07725e-11
      1304.75  3.05951e-08  2.11784e-11
      1305.09  3.19129e-08  2.11152e-11
      1305.43  3.74945e-08  2.25835e-11
      1305.77  4.41092e-08  2.39709e-11
      1306.11  4.40080e-08  2.40578e-11
      1306.46  2.96326e-08  1.96248e-11
      1306.80  1.45107e-08  1.40915e-11
      1307.14  7.65970e-09  1.11853e-11
      1307.48  5.17754e-09  1.00672e-11
      1307.82  4.08817e-09  9.63453e-12
      1308.16  4.08697e-09  9.64964e-12
      1308.51  4.98012e-09  1.08047e-11
      1308.85  3.95665e-09  9.37141e-12
      1309.19  2.78943e-09  8.07431e-12
      1309.53  2.54168e-09  7.73985e-12
      1309.88  2.48681e-09  7.59091e-12
      1310.22  2.69936e-09  7.75968e-12
      1310.56  3.55079e-09  8.53346e-12
      1310.91  6.53993e-09  1.03665e-11
      1311.25  1.26552e-08  1.43432e-11
      1311.60  1.26576e-08  1.36502e-11
      1311.94  7.22904e-09  1.01017e-11
      1312.28  3.69165e-09  7.81749e-12
      1312.63  2.47746e-09  6.88024e-12
      1312.97  2.09504e-09  6.81649e-12
      1313.32  2.88495e-09  7.90819e-12
      1313.66  5.03523e-09  1.07113e-11
      1314.01  4.11825e-09  9.88518e-12
      1314.35  2.21697e-09  7.73987e-12
      1314.70  1.66601e-09  7.17985e-12
      1315.05  1.66851e-09  7.00076e-12
      1315.39  1.92758e-09  7.04784e-12
      1315.74  2.52823e-09  7.71219e-12
      1316.08  3.98528e-09  8.80217e-12
      1316.43  8.16768e-09  1.17199e-11
      1316.78  1.41428e-08  1.55968e-11
      1317.12  1.11737e-08  1.32656e-11
      1317.47  5.10645e-09  8.85232e-12
      1317.82  2.96994e-09  7.26123e-12
      1318.17  3.07219e-09  7.22815e-12
      1318.51  5.27268e-09  9.29123e-12
      1318.86  6.58811e-09  1.08349e-11
      1319.21  4.33252e-09  9.34722e-12
      1319.56  2.41992e-09  7.90204e-12
      1319.91  2.51148e-09  8.48828e-12
      1320.25  2.53516e-09  8.36573e-12
      1320.60  2.52036e-09  7.99367e-12
      1320.95  3.12480e-09  8.37231e-12
      1321.30  4.60676e-09  9.45879e-12
      1321.65  9.30757e-09  1.24249e-11
      1322.00  1.72394e-08  1.73895e-11
      1322.35  1.49572e-08  1.57854e-11
      1322.70  7.44307e-09  1.09064e-11
      1323.05  4.64620e-09  8.74510e-12
      1323.40  5.15595e-09  9.02605e-12
      1323.75  6.18741e-09  9.69391e-12
      1324.10  6.43910e-09  9.99062e-12
      1324.45  4.70456e-09  8.91368e-12
      1324.80  3.25479e-09  8.32834e-12
      