227
      1249.95  7.55946e-09  1.28912e-11
      1250.27  3.62021e-09  8.81644e-12
      1250.58  1.13698e-09  6.14350e-12
      1250.89  7.49673e-10  5.87894e-12
      1251.20  9.85179e-10  5.94315e-12
      1251.52  1.60789e-09  6.59245e-12
      1251.83  2.97454e-09  8.17914e-12
      1252.14  3.92149e-09  9.15685e-12
      1252.46  3.71501e-09  9.06925e-12
      1252.77  3.29456e-09  8.33033e-12
      1253.09  5.68550e-09  9.63643e-12
      1253.40  1.14121e-08  1.27794e-11
      1253.71  1.49830e-08  1.50582e-11
      1254.03  9.04657e-09  1.19207e-11
      1254.34  3.92933e-09  8.35541e-12
      1254.66  4.92468e-09  9.28805e-12
      1254.97  8.47972e-09  1.27586e-11
      1255.29  5.59244e-09  1.01959e-11
      1255.60  2.25078e-09  7.08617e-12
      1255.92  2.51938e-09  7.55613e-12
      1256.23  4.55699e-09  8.85155e-12
      1256.55  7.86011e-09  1.12723e-11
      1256.87  5.59480e-09  9.25145e-12
      1257.18  2.32574e-09  6.69751e-12
      1257.50  1.63705e-09  6.50673e-12
      1257.81  1.79234e-09  7.49090e-12
      1258.13  2.49411e-09  8.75684e-12
      1258.45  2.42121e-09  7.58801e-12
      1258.76  2.50518e-09  7.11827e-12
      1259.08  4.64842e-09  8.52676e-12
      1259.40  1.01259e-08  1.17659e-11
      1259.72  1.42162e-08  1.37832e-11
      1260.03  1.07020e-08  1.19623e-11
      1260.35  7.54312e-09  1.08133e-11
      1260.67  9.84830e-09  1.28798e-11
      1260.99  9.05373e-09  1.18369e-11
      1261.30  7.09532e-09  1.03698e-11
      1261.62  8.84291e-09  1.15816e-11
      1261.94  9.46562e-09  1.10897e-11
      1262.26  9.59376e-09  1.11862e-11
      1262.58  7.08090e-09  9.31663e-12
      1262.90  7.33721e-09  9.00650e-12
      1263.22  1.15246e-08  1.17569e-11
      1263.54  9.70553e-09  1.07404e-11
      1263.86  5.85221e-09  8.47169e-12
      1264.17  4.41270e-09  7.71756e-12
      1264.49  3.25187e-09  7.08205e-12
      1264.81  3.47267e-09  7.06730e-12
      1265.13  7.29050e-09  9.29744e-12
      1265.45  1.16599e-08  1.15110e-11
      1265.77  1.04854e-08  1.08061e-11
      1266.10  5.52908e-09  8.01180e-12
      1266.42  2.63955e-09  6.19430e-12
      1266.74  2.16879e-09  6.28699e-12
      1267.06  2.99061e-09  7.04915e-12
      1267.38  6.68927e-09  9.63644e-12
      1267.70  1.33122e-08  1.32989e-11
      1268.02  1.41012e-08  1.23713e-11
      1268.34  1.38564e-08  1.22971e-11
      1268.67  1.24241e-08  1.15621e-11
      1268.99  1.23067e-08  1.22355e-11
      1269.31  9.39773e-09  1.09253e-11
      1269.63  5.91732e-09  8.99377e-12
      1269.95  4.76669e-09  8.31417e-12
      1270.28  5.98960e-09  8.58367e-12
      1270.60  1.04981e-08  1.11439e-11
      1270.92  1.26785e-08  1.16798e-11
      1271.25  1.38903e-08  1.19700e-11
      1271.57  1.37282e-08  1.20482e-11
      1271.89  8.02986e-09  9.31322e-12
      1272.22  3.33440e-09  6.64612e-12
      1272.54  1.92845e-09  5.67267e-12
      1272.86  1.55093e-09  5.37255e-12
      1273.19  1.45015e-09  5.07025e-12
      1273.51  1.74726e-09  5.16524e-12
      1273.84  2.85789e-09  6.08775e-12
      1274.16  3.99705e-09  7.13284e-12
      1274.49  5.23898e-09  7.47510e-12
      1274.81  9.80027e-09  1.02483e-11
      1275.14  1.39410e-08  1.24416e-11
      1275.46  1.25812e-08  1.19400e-11
      1275.79  8.09539e-09  1.00282e-11
      1276.11  4.93696e-09  7.94140e-12
      1276.44  6.51045e-09  8.50107e-12
      1276.76  1.20967e-08  1.17244e-11
      1277.09  1.22224e-08  1.11084e-11
      1277.42  1.27984e-08  1.20622e-11
      1277.74  8.68058e-09  1.00817e-11
      1278.07  3.68830e-09  7.20573e-12
      1278.40  2.10347e-09  6.12253e-12
      1278.72  1.60657e-09  5.65653e-12
      1279.05  1.58297e-09  5.62751e-12
      1279.38  2.17280e-09  5.81451e-12
      1279.71  3.33850e-09  6.66263e-12
      1280.03  4.33975e-09  7.58978e-12
      1280.36  3.89847e-09  7.38300e-12
      1280.69  4.31465e-09  7.21379e-12
      1281.02  5.77213e-09  8.13506e-12
      1281.34  8.70446e-09  9.90937e-12
      1281.67  1.10315e-08  1.19651e-11
      1282.00  8.53772e-09  1.04985e-11
      1282.33  8.41412e-09  9.65255e-12
      1282.66  1.34768e-08  1.17415e-11
      1282.99  1.75201e-08  1.29303e-11
      1283.32  1.76877e-08  1.32079e-11
      1283.65  1.24264e-08  1.17782e-11
      1283.98  6.22804e-09  9.03678e-12
      1284.31  3.61346e-09  8.22769e-12
      1284.64  2.38931e-09  7.10191e-12
      1284.97  2.43247e-09  6.29576e-12
      1285.30  2.90754e-09  6.45436e-12
      1285.63  2.49764e-09  5.78921e-12
      1285.96  2.25680e-09  5.47182e-12
      1286.29  3.57585e-09  6.81414e-12
      1286.62  5.19909e-09  8.29537e-12
      1286.95  4.81782e-09  7.94671e-12
      1287.28  5.97350e-09  8.65646e-12
      1287.61  1.09835e-08  1.16893e-11
      1287.95  1.32843e-08  1.21351e-11
      1288.28  1.31556e-08  1.17776e-11
      1288.61  1.30874e-08  1.11420e-11
      1288.94  1.30125e-08  1.10215e-11
      1289.27  9.48457e-09  9.72514e-12
      1289.61  6.63085e-09  8.88597e-12
      1289.94  5.20250e-09  8.40857e-12
      1290.27  3.47454e-09  6.96028e-12
      1290.61  2.91649e-09  6.56063e-12
      1290.94  2.27159e-09  5.82630e-12
      1291.27  1.64963e-09  5.13524e-12
      1291.61  1.89128e-09  5.14871e-12
      1291.94  3.13642e-09  6.21746e-12
      1292.27  5.56231e-09  8.18325e-12
      1292.61  8.16284e-09  1.00808e-11
      1292.94  6.07967e-09  8.77749e-12
      1293.28  4.42463e-09  7.62463e-12
      1293.61  5.86156e-09  8.74082e-12
      1293.95  7.69958e-09  9.26630e-12
      1294.28  1.17208e-08  1.10565e-11
      1294.62  1.33082e-08  1.16346e-11
      1294.95  1.10798e-08  1.03424e-11
      1295.29  1.05440e-08  1.03845e-11
      1295.62  8.99485e-09  9.72809e-12
      1295.96  6.43696e-09  8.38465e-12
      1296.29  5.52156e-09  8.40452e-12
      1296.63  5.77963e-09  8.80299e-12
      1296.97  7.28630e-09  8.99469e-12
      1297.30  1.16253e-08  1.05204e-11
      1297.64  1.59471e-08  1.24527e-11
      1297.98  1.35388e-08  1.20331e-11
      1298.31  8.24738e-09  9.53844e-12
      1298.65  4.51074e-09  7.46726e-12
      1298.99  3.33644e-09  6.65587e-12
      1299.33  5.97965e-09  8.45171e-12
      1299.66  1.11619e-08  1.12244e-11
      1300.00  1.27428e-08  1.16343e-11
      1300.34  1.12807e-08  1.22955e-11
      1300.68  6.63964e-09  9.21172e-12
      1301.02  7.51185e-09  8.69270e-12
      1301.35  1.34887e-08  1.19987e-11
      1301.69  1.64384e-08  1.31950e-11
      1302.03  1.58687e-08  1.28763e-11
      1302.37  1.40436e-08  1.15916e-11
      1302.71  1.61379e-08  1.23232e-11
      1303.05  1.80800e-08  1.30582e-11
      1303.39  2.07386e-08  1.41418e-11
      1303.73  2.26067e-08  1.46101e-11
      1304.07  2.08838e-08  1.44129e-11
      1304.41  2.10950e-08  1.50744e-11
      1304.75  2.25618e-08  1.57126e-11
      1305.09  2.37187e-08  1.58530e-11
      1305.43  2.81957e-08  1.69174e-11
      1305.77  3.37745e-08  1.81082e-11
      1306.11  3.37511e-08  1.79723e-11
      1306.46  2.24953e-08  1.45793e-11
      1306.80  1.03445e-08  1.00654e-11
      1307.14  5.06872e-09  7.57918e-12
      1307.48  3.34129e-09  6.78489e-12
      1307.82  2.62407e-09  6.20710e-12
      1308.16  2.63294e-09  6.01155e-12
      1308.51  3.14783e-09  6.35810e-12
      1308.85  2.59147e-09  5.74523e-12
      1309.19  1.83793e-09  5.23810e-12
      1309.53  1.66442e-09  5.23907e-12
      1309.88  1.63811e-09  5.05530e-12
      1310.22  1.78076e-09  5.41968e-12
      1310.56  2.34110e-09  6.12862e-12
      1310.91  3.83901e-09  8.06434e-12
      1311.25  9.64412e-09  1.24587e-11
      1311.60  8.79641e-09  9.81535e-12
      1311.94  4.98134e-09  7.22768e-12
      1312.28  2.46309e-09  5.51563e-12
      1312.63  1.63134e-09  5.01943e-12
      1312.97  1.38102e-09  4.95667e-12
      1313.32  1.89397e-09  5.62615e-12
      1313.66  3.28453e-09  7.05521e-12
      1314.01  2.72472e-09  6.28414e-12
      1314.35  1.47527e-09  4.89057e-12
      1314.70  1.09331e-09  4.43864e-12
      1315.05  1.08526e-09  4.41542e-12
      1315.39  1.27147e-09  4.71613e-12
      1315.74  1.65476e-09  5.25231e-12
      1316.08  2.55328e-09  6.19901e-12
      1316.43  5.52725e-09  8.38460e-12
      1316.78  1.01808e-08  1.14158e-11
      1317.12  7.76949e-09  9.40843e-12
      1317.47  3.36298e-09  6.24066e-12
      1317.82  1.92248e-09  5.03104e-12
      1318.17  1.98524e-09  5.07299e-12
      1318.51  3.51159e-09  6.51884e-12
      1318.86  4.40260e-09  7.50446e-12
      1319.21  2.84949e-09  6.34265e-12
      1319.56  1.64520e-09  6.24043e-12
      1319.91  1.70074e-09  6.20801e-12
      1320.25  1.63721e-09  5.14912e-12
      1320.60  1.60195e-09  4.86957e-12
      1320.95  1.97004e-09  5.27120e-12
      1321.30  2.95723e-09  6.38599e-12
      1321.65  6.38114e-09  8.74667e-12
      1322.00  1.25545e-08  1.27736e-11
      1322.35  1.05124e-08  1.12859e-11
      1322.70  5.09321e-09  7.83672e-12
      1323.05  3.08209e-09  6.16366e-12
      1323.40  3.41595e-09  6.29427e-12
      1323.75  4.08313e-09  6.67917e-12
      1324.10  4.22413e-09  6.91090e-12
      1324.45  3.04287e-09  6.08678e-12
      1324.80  2.12408e-09  5.54835e-12
      