227
      1249.95  2.39997e-08  2.50154e-11
      1250.27  1.26654e-08  1.77222e-11
      1250.58  5.03537e-09  1.12612e-11
      1250.89  3.61424e-09  9.91921e-12
      1251.20  4.51783e-09  1.12191e-11
      1251.52  6.54686e-09  1.27649e-11
      1251.83  1.08081e-08  1.66825e-11
      1252.14  1.41141e-08  1.92992e-11
      1252.46  1.39577e-08  1.92253e-11
      1252.77  1.28780e-08  1.79756e-11
      1253.09  1.94096e-08  2.10668e-11
      1253.40  3.48592e-08  2.73390e-11
      1253.71  4.36282e-08  3.06749e-11
      1254.03  2.80114e-08  2.32956e-11
      1254.34  1.48357e-08  1.68037e-11
      1254.66  1.73994e-08  1.85044e-11
      1254.97  2.64260e-08  2.45727e-11
      1255.29  1.89780e-08  2.01622e-11
      1255.60  9.52793e-09  1.39607e-11
      1255.92  1.03643e-08  1.45127e-11
      1256.23  1.61518e-08  1.67377e-11
      1256.55  2.43404e-08  2.12068e-11
      1256.87  1.86745e-08  1.76432e-11
      1257.18  9.62819e-09  1.22038e-11
      1257.50  7.14094e-09  1.10268e-11
      1257.81  7.79986e-09  1.18572e-11
      1258.13  9.49203e-09  1.31159e-11
      1258.45  9.71177e-09  1.30866e-11
      1258.76  1.02635e-08  1.29445e-11
      1259.08  1.64095e-08  1.55409e-11
      1259.40  3.01534e-08  2.08197e-11
      1259.72  3.93560e-08  2.40880e-11
      1260.03  3.11548e-08  2.11196e-11
      1260.35  2.36805e-08  1.88417e-11
      1260.67  2.85058e-08  2.27251e-11
      1260.99  2.73971e-08  2.24020e-11
      1261.30  2.28531e-08  1.99900e-11
      1261.62  2.69013e-08  2.27593e-11
      1261.94  2.83120e-08  2.35113e-11
      1262.26  2.71046e-08  2.16899e-11
      1262.58  2.12001e-08  2.05258e-11
      1262.90  2.32791e-08  1.94146e-11
      1263.22  3.37644e-08  2.49765e-11
      1263.54  2.91282e-08  2.29944e-11
      1263.86  1.99943e-08  1.93625e-11
      1264.17  1.63844e-08  1.78758e-11
      1264.49  1.23109e-08  1.50916e-11
      1264.81  1.26248e-08  1.42876e-11
      1265.13  2.29533e-08  1.88415e-11
      1265.45  3.52839e-08  2.35395e-11
      1265.77  3.22471e-08  2.17994e-11
      1266.10  1.85049e-08  1.62798e-11
      1266.42  1.04646e-08  1.25598e-11
      1266.74  9.19685e-09  1.22421e-11
      1267.06  1.17138e-08  1.33217e-11
      1267.38  2.12803e-08  1.66600e-11
      1267.70  3.76191e-08  2.20764e-11
      1268.02  4.03165e-08  2.15730e-11
      1268.34  3.97400e-08  2.13345e-11
      1268.67  3.63615e-08  2.03005e-11
      1268.99  3.55459e-08  2.12331e-11
      1269.31  2.86784e-08  1.97788e-11
      1269.63  1.97570e-08  1.66428e-11
      1269.95  1.66323e-08  1.57328e-11
      1270.28  1.92816e-08  1.65419e-11
      1270.60  2.95549e-08  2.08729e-11
      1270.92  3.53524e-08  2.28790e-11
      1271.25  3.83958e-08  2.35089e-11
      1271.57  3.79477e-08  2.39791e-11
      1271.89  2.47091e-08  1.93984e-11
      1272.22  1.24337e-08  1.42211e-11
      1272.54  8.19124e-09  1.23485e-11
      1272.86  6.87343e-09  1.15890e-11
      1273.19  6.47814e-09  1.09849e-11
      1273.51  7.56238e-09  1.12911e-11
      1273.84  1.09854e-08  1.29464e-11
      1274.16  1.42681e-08  1.42826e-11
      1274.49  1.81477e-08  1.55478e-11
      1274.81  2.92295e-08  2.03187e-11
      1275.14  3.92827e-08  2.43514e-11
      1275.46  3.64234e-08  2.29433e-11
      1275.79  2.54610e-08  1.91507e-11
      1276.11  1.79260e-08  1.51482e-11
      1276.44  2.17002e-08  1.57545e-11
      1276.76  3.34558e-08  1.97745e-11
      1277.09  3.51528e-08  1.99212e-11
      1277.42  3.53796e-08  2.10673e-11
      1277.74  2.55329e-08  1.78073e-11
      1278.07  1.34151e-08  1.32811e-11
      1278.40  8.38072e-09  1.13784e-11
      1278.72  6.58808e-09  1.05178e-11
      1279.05  6.45510e-09  1.02980e-11
      1279.38  8.34189e-09  1.13990e-11
      1279.71  1.16694e-08  1.31767e-11
      1280.03  1.51431e-08  1.58797e-11
      1280.36  1.39593e-08  1.45891e-11
      1280.69  1.49445e-08  1.55454e-11
      1281.02  1.90380e-08  1.78170e-11
      1281.34  2.61081e-08  2.25032e-11
      1281.67  3.04113e-08  2.03310e-11
      1282.00  2.48669e-08  2.13274e-11
      1282.33  2.59843e-08  1.92167e-11
      1282.66  3.83792e-08  2.29194e-11
      1282.99  4.75523e-08  2.52756e-11
      1283.32  4.75550e-08  2.48651e-11
      1283.65  3.49760e-08  2.10644e-11
      1283.98  2.00457e-08  1.60184e-11
      1284.31  1.24927e-08  1.29899e-11
      1284.64  9.62875e-09  1.15651e-11
      1284.97  9.31090e-09  1.11917e-11
      1285.30  1.07626e-08  1.20197e-11
      1285.63  9.41082e-09  1.08583e-11
      1285.96  8.46550e-09  1.02627e-11
      1286.29  1.18537e-08  1.26940e-11
      1286.62  1.61665e-08  1.57774e-11
      1286.95  1.55714e-08  1.57355e-11
      1287.28  1.86162e-08  1.70955e-11
      1287.61  3.05067e-08  2.29763e-11
      1287.95  3.64405e-08  2.51091e-11
      1288.28  3.69586e-08  2.37545e-11
      1288.61  3.71212e-08  2.31679e-11
      1288.94  3.66828e-08  2.36203e-11
      1289.27  2.75843e-08  2.04866e-11
      1289.61  2.13828e-08  1.78093e-11
      1289.94  1.79613e-08  1.66485e-11
      1290.27  1.29252e-08  1.39492e-11
      1290.61  1.09606e-08  1.28415e-11
      1290.94  8.65627e-09  1.09850e-11
      1291.27  6.56777e-09  9.06890e-12
      1291.61  7.48098e-09  9.35384e-12
      1291.94  1.15052e-08  1.14789e-11
      1292.27  1.82049e-08  1.45883e-11
      1292.61  2.43931e-08  1.78580e-11
      1292.94  1.92058e-08  1.60095e-11
      1293.28  1.52346e-08  1.45305e-11
      1293.61  1.91261e-08  1.68019e-11
      1293.95  2.36340e-08  1.84056e-11
      1294.28  3.25376e-08  2.23767e-11
      1294.62  3.66041e-08  2.41692e-11
      1294.95  3.25242e-08  2.19555e-11
      1295.29  3.15170e-08  2.20722e-11
      1295.62  2.80261e-08  2.13139e-11
      1295.96  2.17584e-08  1.87293e-11
      1296.29  1.91555e-08  1.76301e-11
      1296.63  1.98688e-08  1.73029e-11
      1296.97  2.37506e-08  1.78312e-11
      1297.30  3.38085e-08  2.04586e-11
      1297.64  4.34303e-08  2.33244e-11
      1297.98  3.86168e-08  2.15651e-11
      1298.31  2.66818e-08  1.76300e-11
      1298.65  1.64365e-08  1.40231e-11
      1298.99  1.28708e-08  1.25307e-11
      1299.33  1.92715e-08  1.55291e-11
      1299.66  3.12320e-08  2.05880e-11
      1300.00  3.47709e-08  2.12485e-11
      1300.34  3.09226e-08  2.00039e-11
      1300.68  2.26195e-08  1.69980e-11
      1301.02  2.29525e-08  1.75500e-11
      1301.35  3.65985e-08  2.38232e-11
      1301.69  4.31120e-08  2.70264e-11
      1302.03  4.19703e-08  2.68231e-11
      1302.37  3.80571e-08  2.39212e-11
      1302.71  4.27906e-08  2.51171e-11
      1303.05  4.67462e-08  2.49821e-11
      1303.39  5.25865e-08  2.58419e-11
      1303.73  5.60752e-08  2.65019e-11
      1304.07  5.32100e-08  2.52582e-11
      1304.41  5.41819e-08  2.57764e-11
      1304.75  5.67129e-08  2.63147e-11
      1305.09  5.83421e-08  2.67323e-11
      1305.43  6.61045e-08  2.79528e-11
      1305.77  7.48696e-08  2.92091e-11
      1306.11  7.34101e-08  2.94912e-11
      1306.46  5.18457e-08  2.49170e-11
      1306.80  2.86434e-08  1.89976e-11
      1307.14  1.69734e-08  1.57629e-11
      1307.48  1.20605e-08  1.45720e-11
      1307.82  9.93703e-09  1.33902e-11
      1308.16  9.92819e-09  1.29744e-11
      1308.51  1.14432e-08  1.42863e-11
      1308.85  9.62136e-09  1.24164e-11
      1309.19  7.33466e-09  1.03849e-11
      1309.53  6.75153e-09  1.00138e-11
      1309.88  6.64029e-09  9.81183e-12
      1310.22  7.08732e-09  1.00867e-11
      1310.56  8.85698e-09  1.09518e-11
      1310.91  1.45439e-08  1.35532e-11
      1311.25  2.49626e-08  1.81765e-11
      1311.60  2.52507e-08  1.73548e-11
      1311.94  1.58684e-08  1.34261e-11
      1312.28  8.94911e-09  1.05522e-11
      1312.63  6.23393e-09  9.36529e-12
      1312.97  5.41089e-09  9.14727e-12
      1313.32  7.04216e-09  1.07512e-11
      1313.66  1.09977e-08  1.43337e-11
      1314.01  9.42238e-09  1.29136e-11
      1314.35  5.88508e-09  1.00387e-11
      1314.70  4.62700e-09  8.94180e-12
      1315.05  4.60661e-09  8.70675e-12
      1315.39  5.20060e-09  9.01847e-12
      1315.74  6.49994e-09  9.76885e-12
      1316.08  9.46612e-09  1.14230e-11
      1316.43  1.75055e-08  1.51233e-11
      1316.78  2.78410e-08  1.93453e-11
      1317.12  2.26090e-08  1.67801e-11
      1317.47  1.19847e-08  1.18475e-11
      1317.82  7.47678e-09  9.64643e-12
      1318.17  7.45855e-09  9.64760e-12
      1318.51  1.16328e-08  1.27361e-11
      1318.86  1.41853e-08  1.50893e-11
      1319.21  9.92209e-09  1.29692e-11
      1319.56  6.19455e-09  1.06973e-11
      1319.91  6.26124e-09  1.09903e-11
      1320.25  6.40264e-09  1.06189e-11
      1320.60  6.47130e-09  1.02171e-11
      1320.95  7.73017e-09  1.07491e-11
      1321.30  1.07017e-08  1.21958e-11
      1321.65  1.93837e-08  1.58310e-11
      1322.00  3.27991e-08  2.12137e-11
      1322.35  2.90854e-08  1.95005e-11
      1322.70  1.65867e-08  1.43860e-11
      1323.05  1.11611e-08  1.16233e-11
      1323.40  1.19104e-08  1.20783e-11
      1323.75  1.36752e-08  1.29162e-11
      1324.10  1.39638e-08  1.37340e-11
      1324.45  1.05626e-08  1.23025e-11
      1324.80  7.86171e-09  1.13282e-11
      