227
      1249.95  8.13086e-09  1.55903e-11
      1250.27  4.04762e-09  1.10168e-11
      1250.58  1.33614e-09  7.34629e-12
      1250.89  8.97010e-10  6.59995e-12
      1251.20  1.15796e-09  7.05926e-12
      1251.52  1.84771e-09  7.90834e-12
      1251.83  3.31091e-09  1.00571e-11
      1252.14  4.36961e-09  1.16220e-11
      1252.46  4.17893e-09  1.13559e-11
      1252.77  3.77461e-09  1.04032e-11
      1253.09  6.34885e-09  1.20454e-11
      1253.40  1.26253e-08  1.58222e-11
      1253.71  1.61993e-08  1.79089e-11
      1254.03  9.86725e-09  1.37619e-11
      1254.34  4.49692e-09  1.00582e-11
      1254.66  5.45285e-09  1.14725e-11
      1254.97  9.20061e-09  1.57810e-11
      1255.29  6.09809e-09  1.28620e-11
      1255.60  2.52844e-09  9.16975e-12
      1255.92  2.79559e-09  9.50075e-12
      1256.23  4.88532e-09  1.10729e-11
      1256.55  8.64627e-09  1.43573e-11
      1256.87  6.01521e-09  1.19205e-11
      1257.18  2.49773e-09  8.58192e-12
      1257.50  1.79485e-09  8.28593e-12
      1257.81  2.04468e-09  9.00230e-12
      1258.13  2.63880e-09  9.95485e-12
      1258.45  2.61067e-09  9.69940e-12
      1258.76  2.65815e-09  9.31045e-12
      1259.08  4.85472e-09  1.08461e-11
      1259.40  1.05652e-08  1.48522e-11
      1259.72  1.49405e-08  1.75527e-11
      1260.03  1.12517e-08  1.50229e-11
      1260.35  7.81460e-09  1.26184e-11
      1260.67  1.02340e-08  1.52971e-11
      1260.99  9.72925e-09  1.48279e-11
      1261.30  7.56772e-09  1.25587e-11
      1261.62  9.51327e-09  1.38208e-11
      1261.94  1.02243e-08  1.33305e-11
      1262.26  1.05875e-08  1.43325e-11
      1262.58  7.60947e-09  1.18544e-11
      1262.90  7.91589e-09  1.10629e-11
      1263.22  1.25454e-08  1.45699e-11
      1263.54  1.06972e-08  1.35659e-11
      1263.86  6.50123e-09  1.07421e-11
      1264.17  4.96395e-09  9.90850e-12
      1264.49  3.61176e-09  8.54496e-12
      1264.81  3.85871e-09  8.36674e-12
      1265.13  7.88842e-09  1.11169e-11
      1265.45  1.25483e-08  1.41327e-11
      1265.77  1.13909e-08  1.37070e-11
      1266.10  6.11653e-09  1.06376e-11
      1266.42  2.95092e-09  8.34891e-12
      1266.74  2.41657e-09  8.13697e-12
      1267.06  3.31142e-09  9.06667e-12
      1267.38  7.30150e-09  1.20703e-11
      1267.70  1.38068e-08  1.63054e-11
      1268.02  1.49767e-08  1.60667e-11
      1268.34  1.45360e-08  1.59765e-11
      1268.67  1.31937e-08  1.52414e-11
      1268.99  1.28644e-08  1.58276e-11
      1269.31  9.96480e-09  1.42921e-11
      1269.63  6.33019e-09  1.16815e-11
      1269.95  5.09674e-09  1.05514e-11
      1270.28  6.38761e-09  1.09360e-11
      1270.60  1.10078e-08  1.37653e-11
      1270.92  1.35072e-08  1.43906e-11
      1271.25  1.48393e-08  1.46017e-11
      1271.57  1.47060e-08  1.48413e-11
      1271.89  8.81950e-09  1.16190e-11
      1272.22  3.78745e-09  8.26043e-12
      1272.54  2.22634e-09  7.13375e-12
      1272.86  1.79894e-09  6.64467e-12
      1273.19  1.69334e-09  6.34763e-12
      1273.51  2.07619e-09  6.36927e-12
      1273.84  3.29864e-09  7.34277e-12
      1274.16  4.41943e-09  8.26450e-12
      1274.49  5.80165e-09  9.27578e-12
      1274.81  1.05915e-08  1.29920e-11
      1275.14  1.48772e-08  1.61660e-11
      1275.46  1.34137e-08  1.58235e-11
      1275.79  8.65390e-09  1.30003e-11
      1276.11  5.41701e-09  1.01704e-11
      1276.44  7.07234e-09  1.09360e-11
      1276.76  1.25817e-08  1.50212e-11
      1277.09  1.28830e-08  1.43360e-11
      1277.42  1.34327e-08  1.55689e-11
      1277.74  9.10267e-09  1.28998e-11
      1278.07  4.02726e-09  9.28820e-12
      1278.40  2.31240e-09  7.92535e-12
      1278.72  1.77138e-09  7.18617e-12
      1279.05  1.72546e-09  6.68799e-12
      1279.38  2.34545e-09  7.03434e-12
      1279.71  3.66746e-09  7.91574e-12
      1280.03  5.11586e-09  9.14317e-12
      1280.36  4.50039e-09  8.38333e-12
      1280.69  4.74444e-09  8.95117e-12
      1281.02  6.27149e-09  1.01522e-11
      1281.34  9.53363e-09  1.24834e-11
      1281.67  1.21234e-08  1.43566e-11
      1282.00  9.12111e-09  1.17990e-11
      1282.33  9.02005e-09  1.12534e-11
      1282.66  1.45519e-08  1.43392e-11
      1282.99  1.88113e-08  1.64039e-11
      1283.32  1.89821e-08  1.72442e-11
      1283.65  1.31748e-08  1.49436e-11
      1283.98  6.58475e-09  1.13945e-11
      1284.31  3.61542e-09  9.35748e-12
      1284.64  2.67701e-09  8.44474e-12
      1284.97  2.60843e-09  8.10896e-12
      1285.30  3.15123e-09  8.53132e-12
      1285.63  2.67987e-09  7.52475e-12
      1285.96  2.37690e-09  7.06605e-12
      1286.29  3.75092e-09  9.19728e-12
      1286.62  5.52799e-09  1.05981e-11
      1286.95  5.11860e-09  9.98860e-12
      1287.28  6.29820e-09  1.06928e-11
      1287.61  1.18073e-08  1.45990e-11
      1287.95  1.43368e-08  1.49299e-11
      1288.28  1.42465e-08  1.40526e-11
      1288.61  1.41700e-08  1.35152e-11
      1288.94  1.42997e-08  1.38578e-11
      1289.27  1.01012e-08  1.17233e-11
      1289.61  7.19800e-09  1.06686e-11
      1289.94  5.76702e-09  1.01928e-11
      1290.27  3.81739e-09  8.73773e-12
      1290.61  3.23510e-09  8.52113e-12
      1290.94  2.47109e-09  7.52923e-12
      1291.27  1.78794e-09  6.54411e-12
      1291.61  2.03648e-09  6.64601e-12
      1291.94  3.33873e-09  8.07536e-12
      1292.27  5.84054e-09  1.05272e-11
      1292.61  8.74160e-09  1.33606e-11
      1292.94  6.43095e-09  1.13639e-11
      1293.28  4.58694e-09  9.78868e-12
      1293.61  6.19940e-09  1.12351e-11
      1293.95  8.06376e-09  1.15727e-11
      1294.28  1.24042e-08  1.38021e-11
      1294.62  1.43140e-08  1.43797e-11
      1294.95  1.19535e-08  1.27210e-11
      1295.29  1.14594e-08  1.29192e-11
      1295.62  9.90531e-09  1.22505e-11
      1295.96  7.10940e-09  1.06812e-11
      1296.29  6.10078e-09  9.98089e-12
      1296.63  6.35746e-09  1.01229e-11
      1296.97  7.88939e-09  1.07506e-11
      1297.30  1.24450e-08  1.32763e-11
      1297.64  1.71149e-08  1.60614e-11
      1297.98  1.45136e-08  1.50574e-11
      1298.31  8.88228e-09  1.24139e-11
      1298.65  4.84663e-09  9.92214e-12
      1298.99  3.53056e-09  8.88209e-12
      1299.33  6.22566e-09  1.11105e-11
      1299.66  1.17329e-08  1.48806e-11
      1300.00  1.33263e-08  1.50279e-11
      1300.34  1.15789e-08  1.44896e-11
      1300.68  7.65303e-09  1.14480e-11
      1301.02  7.83533e-09  1.08652e-11
      1301.35  1.44278e-08  1.52358e-11
      1301.69  1.76031e-08  1.65203e-11
      1302.03  1.71413e-08  1.61177e-11
      1302.37  1.50071e-08  1.43552e-11
      1302.71  1.75083e-08  1.53398e-11
      1303.05  1.93586e-08  1.55641e-11
      1303.39  2.21610e-08  1.68401e-11
      1303.73  2.41995e-08  1.81654e-11
      1304.07  2.20950e-08  1.79350e-11
      1304.41  2.22498e-08  1.89118e-11
      1304.75  2.37634e-08  2.05090e-11
      1305.09  2.46906e-08  2.08634e-11
      1305.43  2.92963e-08  2.26520e-11
      1305.77  3.50265e-08  2.40766e-11
      1306.11  3.53599e-08  2.38987e-11
      1306.46  2.35226e-08  1.91878e-11
      1306.80  1.07583e-08  1.29338e-11
      1307.14  5.38467e-09  9.69966e-12
      1307.48  3.62794e-09  8.50927e-12
      1307.82  2.88771e-09  7.81602e-12
      1308.16  2.89072e-09  7.49640e-12
      1308.51  3.56607e-09  7.92174e-12
      1308.85  2.91802e-09  6.99913e-12
      1309.19  2.03663e-09  6.04457e-12
      1309.53  1.88009e-09  6.05444e-12
      1309.88  1.83991e-09  6.30847e-12
      1310.22  1.97306e-09  6.85852e-12
      1310.56  2.55609e-09  7.67649e-12
      1310.91  4.69306e-09  9.82483e-12
      1311.25  9.40916e-09  1.38618e-11
      1311.60  9.39791e-09  1.32554e-11
      1311.94  5.29377e-09  9.78723e-12
      1312.28  2.63326e-09  7.47793e-12
      1312.63  1.76151e-09  6.79131e-12
      1312.97  1.48842e-09  6.59987e-12
      1313.32  2.04964e-09  7.92860e-12
      1313.66  3.65018e-09  9.14675e-12
      1314.01  3.01488e-09  7.81775e-12
      1314.35  1.65889e-09  6.01084e-12
      1314.70  1.27414e-09  5.89528e-12
      1315.05  1.27014e-09  5.21632e-12
      1315.39  1.43939e-09  5.56280e-12
      1315.74  1.85458e-09  6.32715e-12
      1316.08  2.84924e-09  7.50395e-12
      1316.43  6.01072e-09  1.03939e-11
      1316.78  1.07190e-08  1.44417e-11
      1317.12  8.25339e-09  1.24397e-11
      1317.47  3.74439e-09  8.57860e-12
      1317.82  2.13141e-09  6.90526e-12
      1318.17  2.15441e-09  7.03532e-12
      1318.51  3.69107e-09  8.68595e-12
      1318.86  4.63618e-09  9.91218e-12
      1319.21  3.08229e-09  8.29195e-12
      1319.56  1.79296e-09  6.76701e-12
      1319.91  1.83868e-09  6.73147e-12
      1320.25  1.85716e-09  6.34312e-12
      1320.60  1.85014e-09  5.95058e-12
      1320.95  2.27768e-09  6.29108e-12
      1321.30  3.33272e-09  7.27609e-12
      1321.65  7.07393e-09  1.02649e-11
      1322.00  1.32167e-08  1.51590e-11
      1322.35  1.12481e-08  1.42922e-11
      1322.70  5.60528e-09  1.04759e-11
      1323.05  3.38814e-09  8.55668e-12
      1323.40  3.65164e-09  8.79170e-12
      1323.75  4.33215e-09  9.14080e-12
      1324.10  4.46835e-09  9.37353e-12
      1324.45  3.28114e-09  8.15701e-12
      1324.80  2.31929e-09  7.27352e-12
      