227
      1249.95  2.12457e-08  1.87643e-11
      1250.27  9.95006e-09  1.23644e-11
      1250.58  4.28861e-09  8.07837e-12
      1250.89  3.13977e-09  7.23552e-12
      1251.20  3.90622e-09  7.91156e-12
      1251.52  5.63407e-09  9.29344e-12
      1251.83  9.33172e-09  1.19928e-11
      1252.14  1.22351e-08  1.40266e-11
      1252.46  1.20972e-08  1.42447e-11
      1252.77  1.11491e-08  1.34046e-11
      1253.09  1.69578e-08  1.58490e-11
      1253.40  3.05945e-08  2.09020e-11
      1253.71  3.81410e-08  2.34617e-11
      1254.03  2.49099e-08  1.84308e-11
      1254.34  1.33265e-08  1.36729e-11
      1254.66  1.56639e-08  1.54412e-11
      1254.97  2.34239e-08  2.02591e-11
      1255.29  1.70930e-08  1.72337e-11
      1255.60  8.77472e-09  1.28949e-11
      1255.92  9.48361e-09  1.27756e-11
      1256.23  1.50274e-08  1.51088e-11
      1256.55  2.27180e-08  1.83885e-11
      1256.87  1.75698e-08  1.56791e-11
      1257.18  9.07117e-09  1.13453e-11
      1257.50  6.75179e-09  1.03216e-11
      1257.81  7.40994e-09  1.09562e-11
      1258.13  9.03865e-09  1.21795e-11
      1258.45  9.25515e-09  1.20319e-11
      1258.76  9.72238e-09  1.16337e-11
      1259.08  1.54144e-08  1.35448e-11
      1259.40  2.84174e-08  1.76013e-11
      1259.72  3.73397e-08  1.99599e-11
      1260.03  2.91533e-08  1.70836e-11
      1260.35  2.05932e-08  1.50232e-11
      1260.67  2.15503e-08  1.59457e-11
      1260.99  2.28108e-08  1.69263e-11
      1261.30  1.98648e-08  1.45600e-11
      1261.62  2.19219e-08  1.58478e-11
      1261.94  2.32236e-08  1.67321e-11
      1262.26  2.26897e-08  1.67115e-11
      1262.58  1.86029e-08  1.36448e-11
      1262.90  2.00061e-08  1.36320e-11
      1263.22  2.98493e-08  1.80669e-11
      1263.54  2.55215e-08  1.67559e-11
      1263.86  1.71892e-08  1.41600e-11
      1264.17  1.42069e-08  1.35119e-11
      1264.49  1.06919e-08  1.15918e-11
      1264.81  1.09871e-08  1.12792e-11
      1265.13  2.05149e-08  1.51438e-11
      1265.45  3.17095e-08  1.90900e-11
      1265.77  2.91273e-08  1.83755e-11
      1266.10  1.68512e-08  1.41786e-11
      1266.42  9.56369e-09  1.11620e-11
      1266.74  8.45300e-09  1.09010e-11
      1267.06  1.08744e-08  1.20248e-11
      1267.38  2.00080e-08  1.54224e-11
      1267.70  3.49931e-08  2.00420e-11
      1268.02  3.81040e-08  1.98670e-11
      1268.34  3.74712e-08  1.93491e-11
      1268.67  3.42843e-08  1.83118e-11
      1268.99  3.04259e-08  1.79877e-11
      1269.31  2.39689e-08  1.63996e-11
      1269.63  1.84617e-08  1.37996e-11
      1269.95  1.55364e-08  1.25104e-11
      1270.28  1.78004e-08  1.26925e-11
      1270.60  2.60569e-08  1.57044e-11
      1270.92  2.78689e-08  1.60705e-11
      1271.25  3.24357e-08  1.71407e-11
      1271.57  3.34395e-08  1.68886e-11
      1271.89  2.16590e-08  1.36367e-11
      1272.22  1.07648e-08  1.00614e-11
      1272.54  7.01756e-09  8.84745e-12
      1272.86  5.87682e-09  8.52176e-12
      1273.19  5.57191e-09  8.26421e-12
      1273.51  6.54813e-09  8.60546e-12
      1273.84  9.59372e-09  1.00622e-11
      1274.16  1.25905e-08  1.14741e-11
      1274.49  1.61719e-08  1.27621e-11
      1274.81  2.65533e-08  1.70712e-11
      1275.14  3.58772e-08  2.06140e-11
      1275.46  3.33624e-08  2.00748e-11
      1275.79  2.35760e-08  1.68653e-11
      1276.11  1.66210e-08  1.37845e-11
      1276.44  2.02607e-08  1.43741e-11
      1276.76  3.16080e-08  1.78865e-11
      1277.09  3.32107e-08  1.73633e-11
      1277.42  3.35523e-08  1.78799e-11
      1277.74  2.40119e-08  1.49420e-11
      1278.07  1.24715e-08  1.09103e-11
      1278.40  7.81965e-09  9.02070e-12
      1278.72  6.06436e-09  8.06817e-12
      1279.05  5.80931e-09  7.59152e-12
      1279.38  7.36592e-09  8.19404e-12
      1279.71  1.01423e-08  9.30521e-12
      1280.03  1.23215e-08  1.09278e-11
      1280.36  1.16873e-08  1.04364e-11
      1280.69  1.28468e-08  1.10605e-11
      1281.02  1.64629e-08  1.29022e-11
      1281.34  2.32456e-08  1.59418e-11
      1281.67  2.82623e-08  1.83277e-11
      1282.00  2.27742e-08  1.58677e-11
      1282.33  2.31916e-08  1.55689e-11
      1282.66  3.45211e-08  1.90083e-11
      1282.99  4.31491e-08  2.11161e-11
      1283.32  4.33613e-08  2.16135e-11
      1283.65  3.22166e-08  1.89401e-11
      1283.98  1.86692e-08  1.46734e-11
      1284.31  1.17002e-08  1.20403e-11
      1284.64  9.07567e-09  1.07125e-11
      1284.97  8.80926e-09  1.01025e-11
      1285.30  1.00556e-08  1.03269e-11
      1285.63  8.75305e-09  9.08769e-12
      1285.96  7.90938e-09  8.36147e-12
      1286.29  1.09071e-08  9.85503e-12
      1286.62  1.34340e-08  1.15762e-11
      1286.95  1.29754e-08  1.15317e-11
      1287.28  1.64376e-08  1.22350e-11
      1287.61  2.62989e-08  1.64402e-11
      1287.95  3.04005e-08  1.80315e-11
      1288.28  3.17593e-08  1.72898e-11
      1288.61  3.22700e-08  1.78678e-11
      1288.94  3.20995e-08  1.75078e-11
      1289.27  2.42831e-08  1.54708e-11
      1289.61  1.89087e-08  1.44012e-11
      1289.94  1.59084e-08  1.38769e-11
      1290.27  1.15082e-08  1.20015e-11
      1290.61  9.93115e-09  1.13868e-11
      1290.94  7.88812e-09  9.93875e-12
      1291.27  6.08046e-09  8.37522e-12
      1291.61  6.96780e-09  8.60409e-12
      1291.94  1.07769e-08  1.04775e-11
      1292.27  1.70702e-08  1.29749e-11
      1292.61  2.29472e-08  1.54025e-11
      1292.94  1.77383e-08  1.31048e-11
      1293.28  1.40977e-08  1.14719e-11
      1293.61  1.74596e-08  1.26221e-11
      1293.95  2.00143e-08  1.34979e-11
      1294.28  2.49888e-08  1.59726e-11
      1294.62  2.86814e-08  1.73041e-11
      1294.95  2.73811e-08  1.55566e-11
      1295.29  2.73814e-08  1.57226e-11
      1295.62  2.42357e-08  1.55207e-11
      1295.96  1.87489e-08  1.42209e-11
      1296.29  1.66752e-08  1.38528e-11
      1296.63  1.74861e-08  1.40936e-11
      1296.97  2.10995e-08  1.49650e-11
      1297.30  3.06436e-08  1.77463e-11
      1297.64  4.01633e-08  2.03831e-11
      1297.98  3.57779e-08  1.91969e-11
      1298.31  2.47275e-08  1.62010e-11
      1298.65  1.52432e-08  1.28699e-11
      1298.99  1.19395e-08  1.13848e-11
      1299.33  1.79072e-08  1.32686e-11
      1299.66  2.93529e-08  1.66022e-11
      1300.00  3.23992e-08  1.63206e-11
      1300.34  2.84719e-08  1.49365e-11
      1300.68  2.01068e-08  1.22307e-11
      1301.02  1.99572e-08  1.22503e-11
      1301.35  3.22073e-08  1.69202e-11
      1301.69  3.67715e-08  1.94374e-11
      1302.03  3.62380e-08  1.98053e-11
      1302.37  3.30927e-08  1.78038e-11
      1302.71  3.79698e-08  1.94401e-11
      1303.05  4.15574e-08  1.99343e-11
      1303.39  4.73838e-08  2.14356e-11
      1303.73  5.10474e-08  2.27018e-11
      1304.07  4.85777e-08  2.22566e-11
      1304.41  5.00148e-08  2.31243e-11
      1304.75  5.28345e-08  2.37545e-11
      1305.09  5.46563e-08  2.36338e-11
      1305.43  6.20975e-08  2.44102e-11
      1305.77  7.03091e-08  2.44506e-11
      1306.11  6.89931e-08  2.35114e-11
      1306.46  4.83242e-08  1.91276e-11
      1306.80  2.59669e-08  1.38734e-11
      1307.14  1.47634e-08  1.15621e-11
      1307.48  9.15159e-09  1.02488e-11
      1307.82  8.11209e-09  9.58114e-12
      1308.16  8.44683e-09  9.23828e-12
      1308.51  9.84523e-09  1.01778e-11
      1308.85  8.28505e-09  9.27236e-12
      1309.19  6.34872e-09  8.22057e-12
      1309.53  5.92281e-09  8.31864e-12
      1309.88  5.92624e-09  8.65935e-12
      1310.22  6.41010e-09  9.05380e-12
      1310.56  8.07350e-09  9.96230e-12
      1310.91  1.34659e-08  1.22878e-11
      1311.25  2.34380e-08  1.63043e-11
      1311.60  2.36880e-08  1.54222e-11
      1311.94  1.47132e-08  1.14005e-11
      1312.28  8.25027e-09  8.47026e-12
      1312.63  5.70569e-09  7.20357e-12
      1312.97  4.81560e-09  6.74726e-12
      1313.32  6.12464e-09  7.62774e-12
      1313.66  9.58737e-09  1.00936e-11
      1314.01  8.11603e-09  9.24114e-12
      1314.35  4.99353e-09  7.28802e-12
      1314.70  3.98097e-09  6.81230e-12
      1315.05  4.00729e-09  6.80272e-12
      1315.39  4.55294e-09  7.38102e-12
      1315.74  5.77128e-09  8.44853e-12
      1316.08  8.53871e-09  1.02222e-11
      1316.43  1.60189e-08  1.37063e-11
      1316.78  2.59395e-08  1.78063e-11
      1317.12  2.11402e-08  1.53293e-11
      1317.47  1.11478e-08  1.05727e-11
      1317.82  7.04598e-09  8.10420e-12
      1318.17  7.30319e-09  7.89636e-12
      1318.51  1.07983e-08  9.64801e-12
      1318.86  1.27038e-08  1.08051e-11
      1319.21  8.71026e-09  9.08155e-12
      1319.56  5.32260e-09  7.44354e-12
      1319.91  5.36244e-09  7.80537e-12
      1320.25  5.48600e-09  7.80336e-12
      1320.60  5.57201e-09  7.79893e-12
      1320.95  6.74728e-09  8.58146e-12
      1321.30  9.47445e-09  1.00849e-11
      1321.65  1.74905e-08  1.37030e-11
      1322.00  3.01756e-08  1.91568e-11
      1322.35  2.69805e-08  1.79571e-11
      1322.70  1.53720e-08  1.32248e-11
      1323.05  1.04049e-08  1.05748e-11
      1323.40  1.10944e-08  1.04597e-11
      1323.75  1.26787e-08  1.05314e-11
      1324.10  1.29112e-08  1.05082e-11
      1324.45  9.58002e-09  8.91323e-12
      1324.80  6.91372e-09  7.96495e-12
      