227
      1249.95  2.31181e-08  3.42824e-11
      1250.27  1.22585e-08  2.37187e-11
      1250.58  4.88326e-09  1.54371e-11
      1250.89  3.57344e-09  1.37209e-11
      1251.20  4.47589e-09  1.50973e-11
      1251.52  6.48742e-09  1.74830e-11
      1251.83  1.05448e-08  2.23345e-11
      1252.14  1.36131e-08  2.61417e-11
      1252.46  1.34544e-08  2.56183e-11
      1252.77  1.25756e-08  2.39957e-11
      1253.09  1.94081e-08  2.86443e-11
      1253.40  3.47450e-08  3.73343e-11
      1253.71  4.29144e-08  4.20794e-11
      1254.03  2.72612e-08  3.23665e-11
      1254.34  1.48218e-08  2.37910e-11
      1254.66  1.78073e-08  2.67696e-11
      1254.97  2.74418e-08  3.59511e-11
      1255.29  1.91910e-08  2.90567e-11
      1255.60  9.76475e-09  2.05020e-11
      1255.92  1.10050e-08  2.24121e-11
      1256.23  1.69920e-08  2.72479e-11
      1256.55  2.38096e-08  3.95351e-11
      1256.87  1.59881e-08  3.16014e-11
      1257.18  1.03248e-08  2.11747e-11
      1257.50  8.03589e-09  1.96982e-11
      1257.81  8.90939e-09  2.08263e-11
      1258.13  1.09625e-08  2.33288e-11
      1258.45  1.13763e-08  2.32714e-11
      1258.76  1.22523e-08  2.34001e-11
      1259.08  1.95211e-08  2.77966e-11
      1259.40  3.28111e-08  4.01458e-11
      1259.72  3.92527e-08  4.73885e-11
      1260.03  3.10022e-08  2.80341e-11
      1260.35  2.36592e-08  2.59003e-11
      1260.67  2.85487e-08  3.07279e-11
      1260.99  2.70511e-08  2.94888e-11
      1261.30  2.26920e-08  2.64328e-11
      1261.62  2.67702e-08  2.98756e-11
      1261.94  2.82805e-08  2.96516e-11
      1262.26  2.84221e-08  2.98339e-11
      1262.58  2.19822e-08  2.52844e-11
      1262.90  2.29572e-08  2.61638e-11
      1263.22  3.24261e-08  3.34865e-11
      1263.54  2.77744e-08  3.00845e-11
      1263.86  1.93100e-08  2.53775e-11
      1264.17  1.59475e-08  2.38881e-11
      1264.49  1.21399e-08  2.03189e-11
      1264.81  1.29007e-08  1.99052e-11
      1265.13  2.37145e-08  2.65615e-11
      1265.45  3.57611e-08  3.28744e-11
      1265.77  3.25084e-08  3.15554e-11
      1266.10  1.89698e-08  2.42183e-11
      1266.42  1.10479e-08  1.92205e-11
      1266.74  9.77636e-09  1.86764e-11
      1267.06  1.25168e-08  2.12600e-11
      1267.38  2.31755e-08  2.76248e-11
      1267.70  4.13388e-08  3.76169e-11
      1268.02  4.41247e-08  3.70712e-11
      1268.34  4.44541e-08  3.76641e-11
      1268.67  4.09965e-08  3.59018e-11
      1268.99  4.10288e-08  3.74710e-11
      1269.31  3.38032e-08  3.49799e-11
      1269.63  2.54060e-08  3.84170e-11
      1269.95  1.84648e-08  2.04944e-11
      1270.28  1.94974e-08  2.26203e-11
      1270.60  2.97458e-08  2.85108e-11
      1270.92  3.51770e-08  3.04404e-11
      1271.25  3.79595e-08  3.18709e-11
      1271.57  3.65660e-08  3.31819e-11
      1271.89  2.32393e-08  2.59768e-11
      1272.22  1.17782e-08  1.87176e-11
      1272.54  7.82815e-09  1.60971e-11
      1272.86  6.60576e-09  1.52586e-11
      1273.19  6.32370e-09  1.48093e-11
      1273.51  7.54531e-09  1.52733e-11
      1273.84  1.10401e-08  1.78888e-11
      1274.16  1.44502e-08  2.02491e-11
      1274.49  1.87031e-08  2.26889e-11
      1274.81  3.04032e-08  2.98372e-11
      1275.14  4.06912e-08  3.55376e-11
      1275.46  3.76702e-08  3.43908e-11
      1275.79  2.68965e-08  2.90773e-11
      1276.11  1.94552e-08  2.43951e-11
      1276.44  2.40174e-08  2.68085e-11
      1276.76  3.67729e-08  3.36801e-11
      1277.09  3.93893e-08  3.44612e-11
      1277.42  3.98433e-08  4.31577e-11
      1277.74  2.47563e-08  3.47349e-11
      1278.07  1.75757e-08  3.08150e-11
      1278.40  1.13045e-08  1.91002e-11
      1278.72  6.58094e-09  1.41750e-11
      1279.05  6.47591e-09  1.39201e-11
      1279.38  8.33987e-09  1.54130e-11
      1279.71  1.15403e-08  1.81884e-11
      1280.03  1.49078e-08  2.11369e-11
      1280.36  1.36466e-08  1.92436e-11
      1280.69  1.46027e-08  2.05950e-11
      1281.02  1.86348e-08  2.35240e-11
      1281.34  2.61707e-08  2.89056e-11
      1281.67  3.11743e-08  3.31656e-11
      1282.00  2.50401e-08  2.74346e-11
      1282.33  2.65183e-08  2.70564e-11
      1282.66  3.92542e-08  3.31404e-11
      1282.99  4.86820e-08  3.71075e-11
      1283.32  4.89955e-08  3.76587e-11
      1283.65  3.62340e-08  3.26277e-11
      1283.98  2.11297e-08  2.53798e-11
      1284.31  1.35927e-08  2.11037e-11
      1284.64  1.07986e-08  1.94095e-11
      1284.97  1.07357e-08  1.91079e-11
      1285.30  1.28163e-08  2.09649e-11
      1285.63  1.12731e-08  2.00479e-11
      1285.96  9.38521e-09  2.24205e-11
      1286.29  1.17231e-08  1.64260e-11
      1286.62  1.63236e-08  2.16095e-11
      1286.95  1.53956e-08  2.09732e-11
      1287.28  1.86738e-08  2.33222e-11
      1287.61  3.06656e-08  3.10869e-11
      1287.95  3.59477e-08  3.25235e-11
      1288.28  3.58563e-08  3.15547e-11
      1288.61  3.58650e-08  3.11921e-11
      1288.94  3.53289e-08  3.24272e-11
      1289.27  2.66032e-08  2.74896e-11
      1289.61  2.12296e-08  2.49587e-11
      1289.94  1.80547e-08  2.39009e-11
      1290.27  1.31251e-08  2.02948e-11
      1290.61  1.14330e-08  1.93717e-11
      1290.94  9.14766e-09  1.71076e-11
      1291.27  7.12527e-09  1.46829e-11
      1291.61  8.35604e-09  1.58629e-11
      1291.94  1.30468e-08  1.98089e-11
      1292.27  2.08827e-08  2.55884e-11
      1292.61  2.81896e-08  3.07915e-11
      1292.94  2.35011e-08  3.07667e-11
      1293.28  1.79487e-08  2.76656e-11
      1293.61  1.92927e-08  2.22962e-11
      1293.95  2.38836e-08  2.44376e-11
      1294.28  3.28222e-08  2.90441e-11
      1294.62  3.60746e-08  3.13494e-11
      1294.95  3.15720e-08  2.88008e-11
      1295.29  3.04339e-08  2.90905e-11
      1295.62  2.67925e-08  2.79543e-11
      1295.96  2.09706e-08  2.49048e-11
      1296.29  1.88864e-08  2.38632e-11
      1296.63  1.99729e-08  2.39205e-11
      1296.97  2.43884e-08  2.57359e-11
      1297.30  3.50723e-08  3.04638e-11
      1297.64  4.52192e-08  3.52400e-11
      1297.98  4.06115e-08  3.34794e-11
      1298.31  2.85272e-08  2.83510e-11
      1298.65  1.81470e-08  2.32038e-11
      1298.99  1.48436e-08  2.12339e-11
      1299.33  2.26336e-08  2.64016e-11
      1299.66  3.61028e-08  3.47764e-11
      1300.00  4.04289e-08  4.51499e-11
      1300.34  3.17711e-08  2.51668e-11
      1300.68  2.20843e-08  2.27772e-11
      1301.02  2.31403e-08  2.40482e-11
      1301.35  3.63531e-08  3.19691e-11
      1301.69  4.23077e-08  3.48205e-11
      1302.03  4.06445e-08  3.46646e-11
      1302.37  3.70485e-08  3.22481e-11
      1302.71  4.20894e-08  3.48380e-11
      1303.05  4.66277e-08  3.49535e-11
      1303.39  5.29558e-08  3.73139e-11
      1303.73  5.67428e-08  3.90071e-11
      1304.07  5.47240e-08  3.83971e-11
      1304.41  5.66037e-08  4.00314e-11
      1304.75  6.00287e-08  4.15378e-11
      1305.09  6.29230e-08  4.24431e-11
      1305.43  7.19587e-08  4.54615e-11
      1305.77  8.23260e-08  4.87803e-11
      1306.11  8.43926e-08  5.87594e-11
      1306.46  6.58934e-08  4.21017e-11
      1306.80  2.76142e-08  2.50468e-11
      1307.14  1.64107e-08  2.05330e-11
      1307.48  1.18155e-08  1.83864e-11
      1307.82  9.66389e-09  1.71499e-11
      1308.16  9.66906e-09  1.71224e-11
      1308.51  1.09278e-08  1.88664e-11
      1308.85  9.16598e-09  1.68609e-11
      1309.19  7.22448e-09  1.46568e-11
      1309.53  6.82508e-09  1.42964e-11
      1309.88  6.86709e-09  1.46106e-11
      1310.22  7.48404e-09  1.55426e-11
      1310.56  9.60375e-09  1.72615e-11
      1310.91  1.62298e-08  2.17722e-11
      1311.25  2.74269e-08  2.91640e-11
      1311.60  2.79360e-08  2.86633e-11
      1311.94  1.83448e-08  2.33277e-11
      1312.28  1.19829e-08  2.39978e-11
      1312.63  7.44218e-09  1.27218e-11
      1312.97  5.39198e-09  1.26316e-11
      1313.32  7.19102e-09  1.48728e-11
      1313.66  1.08373e-08  1.92418e-11
      1314.01  8.92804e-09  1.69315e-11
      1314.35  5.56142e-09  1.34534e-11
      1314.70  4.48525e-09  1.24399e-11
      1315.05  4.60988e-09  1.24040e-11
      1315.39  5.30601e-09  1.28956e-11
      1315.74  6.78184e-09  1.46729e-11
      1316.08  1.00729e-08  1.75717e-11
      1316.43  1.88978e-08  2.38101e-11
      1316.78  2.96129e-08  3.07342e-11
      1317.12  2.42912e-08  2.71967e-11
      1317.47  1.35021e-08  1.97755e-11
      1317.82  8.79183e-09  1.66599e-11
      1318.17  7.76259e-09  1.94468e-11
      1318.51  1.03030e-08  1.51348e-11
      1318.86  1.38997e-08  1.99365e-11
      1319.21  9.44933e-09  1.69512e-11
      1319.56  5.93643e-09  1.44513e-11
      1319.91  6.00705e-09  1.50807e-11
      1320.25  6.13617e-09  1.44608e-11
      1320.60  6.40963e-09  1.40210e-11
      1320.95  7.84895e-09  1.50638e-11
      1321.30  1.11421e-08  1.76196e-11
      1321.65  2.06086e-08  2.38639e-11
      1322.00  3.41624e-08  3.23380e-11
      1322.35  3.03687e-08  3.06318e-11
      1322.70  1.79581e-08  2.34925e-11
      1323.05  1.27162e-08  1.97861e-11
      1323.40  1.37970e-08  2.12383e-11
      1323.75  1.50750e-08  2.79459e-11
      1324.10  1.41133e-08  1.70849e-11
      1324.45  1.01595e-08  1.67410e-11
      1324.80  7.60611e-09  1.55114e-11
      