227
      1249.95  0.00000e+00  0.00000e+00
      1250.27  0.00000e+00  0.00000e+00
      1250.58  0.00000e+00  0.00000e+00
      1250.89  0.00000e+00  0.00000e+00
      1251.20  0.00000e+00  0.00000e+00
      1251.52  1.43233e-08  4.68224e-11
      1251.83  1.43094e-08  4.51801e-11
      1252.14  1.41842e-08  3.64934e-11
      1252.46  1.32197e-08  2.70042e-11
      1252.77  1.24419e-08  2.50637e-11
      1253.09  1.95501e-08  3.01001e-11
      1253.40  3.49156e-08  3.91534e-11
      1253.71  4.24575e-08  4.35493e-11
      1254.03  2.66341e-08  3.29203e-11
      1254.34  1.46263e-08  2.48644e-11
      1254.66  1.79820e-08  2.83641e-11
      1254.97  2.74560e-08  3.78497e-11
      1255.29  1.86864e-08  3.01298e-11
      1255.60  9.63980e-09  2.15078e-11
      1255.92  1.11597e-08  2.34644e-11
      1256.23  1.72895e-08  2.81887e-11
      1256.55  2.37974e-08  4.08552e-11
      1256.87  1.57183e-08  3.24770e-11
      1257.18  1.02218e-08  2.16408e-11
      1257.50  8.06672e-09  2.03870e-11
      1257.81  9.02051e-09  2.16790e-11
      1258.13  1.10846e-08  2.43812e-11
      1258.45  1.14609e-08  2.43324e-11
      1258.76  1.24707e-08  2.47381e-11
      1259.08  2.00717e-08  2.98207e-11
      1259.40  3.33160e-08  4.43883e-11
      1259.72  3.93040e-08  6.55760e-11
      1260.03  4.02682e-08  7.04821e-11
      1260.35  0.00000e+00  0.00000e+00
      1260.67  0.00000e+00  0.00000e+00
      1260.99  0.00000e+00  0.00000e+00
      1261.30  0.00000e+00  0.00000e+00
      1261.62  0.00000e+00  0.00000e+00
      1261.94  0.00000e+00  0.00000e+00
      1262.26  0.00000e+00  0.00000e+00
      1262.58  0.00000e+00  0.00000e+00
      1262.90  3.45356e-08  5.80314e-11
      1263.22  3.31659e-08  5.09041e-11
      1263.54  2.67041e-08  3.25483e-11
      1263.86  1.88952e-08  2.63653e-11
      1264.17  1.56502e-08  2.48016e-11
      1264.49  1.19095e-08  2.10580e-11
      1264.81  1.30160e-08  2.10157e-11
      1265.13  2.41111e-08  2.81755e-11
      1265.45  3.58163e-08  3.46496e-11
      1265.77  3.19596e-08  3.29577e-11
      1266.10  1.84639e-08  2.51660e-11
      1266.42  1.08998e-08  2.01797e-11
      1266.74  9.81710e-09  1.97011e-11
      1267.06  1.27886e-08  2.22046e-11
      1267.38  2.38864e-08  2.88561e-11
      1267.70  4.19628e-08  3.91926e-11
      1268.02  4.42427e-08  3.84521e-11
      1268.34  4.47104e-08  3.94825e-11
      1268.67  4.11589e-08  3.77633e-11
      1268.99  4.13645e-08  3.99817e-11
      1269.31  3.37930e-08  3.76139e-11
      1269.63  2.62895e-08  4.55602e-11
      1269.95  2.47650e-08  5.29381e-11
      1270.28  2.45585e-08  5.41759e-11
      1270.60  0.00000e+00  0.00000e+00
      1270.92  0.00000e+00  0.00000e+00
      1271.25  0.00000e+00  0.00000e+00
      1271.57  0.00000e+00  0.00000e+00
      1271.89  6.95199e-09  2.76189e-11
      1272.22  6.93715e-09  2.68574e-11
      1272.54  6.83310e-09  2.23252e-11
      1272.86  6.43949e-09  1.61845e-11
      1273.19  6.24845e-09  1.53971e-11
      1273.51  7.56672e-09  1.59888e-11
      1273.84  1.11116e-08  1.88687e-11
      1274.16  1.44669e-08  2.13201e-11
      1274.49  1.89561e-08  2.40385e-11
      1274.81  3.09109e-08  3.17363e-11
      1275.14  4.07752e-08  3.74797e-11
      1275.46  3.72461e-08  3.60975e-11
      1275.79  2.64535e-08  3.04750e-11
      1276.11  1.94230e-08  2.56337e-11
      1276.44  2.46659e-08  2.81766e-11
      1276.76  3.72973e-08  3.52028e-11
      1277.09  3.96404e-08  3.62629e-11
      1277.42  4.00737e-08  4.68533e-11
      1277.74  2.43080e-08  3.83508e-11
      1278.07  1.79860e-08  3.52908e-11
      1278.40  1.58645e-08  4.20485e-11
      1278.72  1.55233e-08  4.34781e-11
      1279.05  0.00000e+00  0.00000e+00
      1279.38  0.00000e+00  0.00000e+00
      1279.71  0.00000e+00  0.00000e+00
      1280.03  0.00000e+00  0.00000e+00
      1280.36  1.68682e-08  4.00555e-11
      1280.69  1.72096e-08  3.74291e-11
      1281.02  1.93910e-08  2.86399e-11
      1281.34  2.64831e-08  3.01155e-11
      1281.67  3.11067e-08  3.34123e-11
      1282.00  2.46865e-08  2.81375e-11
      1282.33  2.68212e-08  2.86087e-11
      1282.66  3.98177e-08  3.48579e-11
      1282.99  4.88931e-08  3.85603e-11
      1283.32  4.86511e-08  3.94785e-11
      1283.65  3.54248e-08  3.41266e-11
      1283.98  2.06094e-08  2.65920e-11
      1284.31  1.34357e-08  2.23417e-11
      1284.64  1.07842e-08  2.04199e-11
      1284.97  1.08982e-08  2.01422e-11
      1285.30  1.29919e-08  2.23054e-11
      1285.63  1.13097e-08  2.17356e-11
      1285.96  9.56561e-09  2.82138e-11
      1286.29  9.24347e-09  3.12471e-11
      1286.62  0.00000e+00  0.00000e+00
      1286.95  0.00000e+00  0.00000e+00
      1287.28  0.00000e+00  0.00000e+00
      1287.61  3.56462e-08  5.52798e-11
      1287.95  3.56159e-08  5.32543e-11
      1288.28  3.54505e-08  4.21492e-11
      1288.61  3.55993e-08  3.24907e-11
      1288.94  3.50780e-08  3.27177e-11
      1289.27  2.61000e-08  2.80506e-11
      1289.61  2.09823e-08  2.62023e-11
      1289.94  1.76905e-08  2.49073e-11
      1290.27  1.28941e-08  2.11699e-11
      1290.61  1.13529e-08  2.03984e-11
      1290.94  8.98979e-09  1.78744e-11
      1291.27  7.12238e-09  1.55504e-11
      1291.61  8.56162e-09  1.70452e-11
      1291.94  1.35119e-08  2.13637e-11
      1292.27  2.15389e-08  2.73752e-11
      1292.61  2.85667e-08  3.30342e-11
      1292.94  2.36095e-08  3.42458e-11
      1293.28  1.94693e-08  4.31539e-11
      1293.61  1.87359e-08  4.57162e-11
      1293.95  0.00000e+00  0.00000e+00
      1294.28  0.00000e+00  0.00000e+00
      1294.62  3.13756e-08  5.17352e-11
      1294.95  3.12508e-08  4.99349e-11
      1295.29  3.03103e-08  3.97045e-11
      1295.62  2.60954e-08  2.91267e-11
      1295.96  2.05155e-08  2.57618e-11
      1296.29  1.87129e-08  2.49074e-11
      1296.63  1.99776e-08  2.51235e-11
      1296.97  2.47009e-08  2.72083e-11
      1297.30  3.57267e-08  3.23720e-11
      1297.64  4.53645e-08  3.73567e-11
      1297.98  4.00261e-08  3.51588e-11
      1298.31  2.79532e-08  2.98823e-11
      1298.65  1.78265e-08  2.45800e-11
      1298.99  1.51313e-08  2.28405e-11
      1299.33  2.36001e-08  2.86837e-11
      1299.66  3.70644e-08  3.83483e-11
      1300.00  4.19485e-08  5.63634e-11
      1300.34  4.26263e-08  6.33888e-11
      1300.68  4.27073e-08  6.43654e-11
      1301.02  0.00000e+00  0.00000e+00
      1301.35  4.21574e-08  6.12446e-11
      1301.69  4.17679e-08  5.75128e-11
      1302.03  3.95209e-08  4.14133e-11
      1302.37  3.67762e-08  3.34434e-11
      1302.71  4.23363e-08  3.58636e-11
      1303.05  4.66249e-08  3.64713e-11
      1303.39  5.31673e-08  3.93826e-11
      1303.73  5.65545e-08  4.09486e-11
      1304.07  5.46097e-08  4.05116e-11
      1304.41  5.68830e-08  4.25024e-11
      1304.75  6.03066e-08  4.42742e-11
      1305.09  6.35435e-08  4.56160e-11
      1305.43  7.31659e-08  4.88811e-11
      1305.77  8.33329e-08  5.26381e-11
      1306.11  8.59652e-08  6.77769e-11
      1306.46  8.59598e-08  8.50911e-11
      1306.80  8.59415e-08  8.81802e-11
      1307.14  0.00000e+00  0.00000e+00
      1307.48  9.85666e-09  3.03311e-11
      1307.82  9.90872e-09  2.96097e-11
      1308.16  1.02729e-08  2.50069e-11
      1308.51  1.09506e-08  1.93735e-11
      1308.85  9.00353e-09  1.67698e-11
      1309.19  7.13470e-09  1.51648e-11
      1309.53  6.77679e-09  1.49810e-11
      1309.88  6.85647e-09  1.53875e-11
      1310.22  7.54707e-09  1.64630e-11
      1310.56  9.84711e-09  1.84570e-11
      1310.91  1.69510e-08  2.36677e-11
      1311.25  2.80665e-08  3.14800e-11
      1311.60  2.76970e-08  3.06907e-11
      1311.94  1.79695e-08  2.49401e-11
      1312.28  1.23908e-08  2.85645e-11
      1312.63  1.13691e-08  3.31094e-11
      1312.97  1.12429e-08  3.38142e-11
      1313.32  6.59683e-09  2.60212e-11
      1313.66  6.56259e-09  2.55255e-11
      1314.01  6.29655e-09  2.19707e-11
      1314.35  5.20273e-09  1.40468e-11
      1314.70  4.43608e-09  1.27470e-11
      1315.05  4.59405e-09  1.29650e-11
      1315.39  5.33917e-09  1.35920e-11
      1315.74  6.89237e-09  1.55420e-11
      1316.08  1.04091e-08  1.88104e-11
      1316.43  1.97533e-08  2.58067e-11
      1316.78  2.99381e-08  3.29174e-11
      1317.12  2.36249e-08  2.86444e-11
      1317.47  1.31372e-08  2.10186e-11
      1317.82  8.75151e-09  1.79644e-11
      1318.17  7.75386e-09  2.28117e-11
      1318.51  7.63613e-09  2.79170e-11
      1318.86  7.62341e-09  2.87417e-11
      1319.21  0.00000e+00  0.00000e+00
      1319.56  6.28724e-09  2.46332e-11
      1319.91  6.25293e-09  2.22476e-11
      1320.25  6.11288e-09  1.53513e-11
      1320.60  6.40528e-09  1.45488e-11
      1320.95  7.93632e-09  1.58682e-11
      1321.30  1.14628e-08  1.87620e-11
      1321.65  2.15963e-08  2.57715e-11
      1322.00  3.45841e-08  3.44848e-11
      1322.35  2.95465e-08  3.20591e-11
      1322.70  1.74142e-08  2.46147e-11
      1323.05  1.27713e-08  2.11718e-11
      1323.40  1.40853e-08  2.30774e-11
      1323.75  1.53501e-08  3.34139e-11
      1324.10  1.55775e-08  3.85023e-11
      1324.45  1.56047e-08  3.92045e-11
      1324.80  7.25552e-09  2.69760e-11
      