227
      1249.95  3.32034e-08  2.59026e-11
      1250.27  1.71749e-08  1.76355e-11
      1250.58  7.27634e-09  2.43132e-11
      1250.89  5.44995e-09  1.72778e-11
      1251.20  6.51363e-09  1.06872e-11
      1251.52  9.18138e-09  1.22405e-11
      1251.83  1.49408e-08  1.58586e-11
      1252.14  1.94084e-08  1.81398e-11
      1252.46  1.92357e-08  1.83011e-11
      1252.77  1.80516e-08  1.72091e-11
      1253.09  2.66681e-08  2.00990e-11
      1253.40  4.53943e-08  2.60009e-11
      1253.71  5.39174e-08  3.05015e-11
      1254.03  3.52218e-08  2.33307e-11
      1254.34  2.02115e-08  1.69018e-11
      1254.66  2.36318e-08  1.91070e-11
      1254.97  3.31841e-08  2.43412e-11
      1255.29  2.41889e-08  2.08008e-11
      1255.60  1.29829e-08  1.53705e-11
      1255.92  1.39169e-08  1.61972e-11
      1256.23  2.15901e-08  1.94571e-11
      1256.55  3.12077e-08  2.38297e-11
      1256.87  2.39680e-08  2.02792e-11
      1257.18  1.28468e-08  1.55745e-11
      1257.50  9.54677e-09  1.44829e-11
      1257.81  1.04833e-08  1.51528e-11
      1258.13  1.27532e-08  1.69654e-11
      1258.45  1.32444e-08  1.65742e-11
      1258.76  1.42958e-08  1.60962e-11
      1259.08  2.26963e-08  1.90359e-11
      1259.40  4.09097e-08  2.49166e-11
      1259.72  5.27607e-08  2.83886e-11
      1260.03  4.13603e-08  2.44012e-11
      1260.35  3.22216e-08  2.11639e-11
      1260.67  3.95355e-08  2.48639e-11
      1260.99  3.71152e-08  2.38310e-11
      1261.30  3.06941e-08  2.07535e-11
      1261.62  3.68970e-08  2.30976e-11
      1261.94  3.82406e-08  2.21536e-11
      1262.26  3.92826e-08  2.21452e-11
      1262.58  3.00472e-08  1.78589e-11
      1262.90  3.11415e-08  1.80227e-11
      1263.22  4.51503e-08  2.44608e-11
      1263.54  3.72000e-08  2.16581e-11
      1263.86  2.61482e-08  1.78684e-11
      1264.17  2.18972e-08  1.66783e-11
      1264.49  1.66965e-08  1.43398e-11
      1264.81  1.73218e-08  1.40533e-11
      1265.13  3.04795e-08  1.85552e-11
      1265.45  4.46152e-08  2.30387e-11
      1265.77  4.02665e-08  2.25974e-11
      1266.10  2.40816e-08  1.78365e-11
      1266.42  1.47504e-08  1.52443e-11
      1266.74  1.23297e-08  1.57531e-11
      1267.06  1.56978e-08  1.59406e-11
      1267.38  2.80298e-08  2.07908e-11
      1267.70  4.66017e-08  2.69492e-11
      1268.02  5.05261e-08  2.71968e-11
      1268.34  4.99294e-08  2.68331e-11
      1268.67  4.67402e-08  2.49578e-11
      1268.99  4.63581e-08  2.49806e-11
      1269.31  3.78858e-08  2.28979e-11
      1269.63  2.71177e-08  1.95909e-11
      1269.95  2.32127e-08  1.81695e-11
      1270.28  2.68631e-08  1.87781e-11
      1270.60  4.01789e-08  2.24861e-11
      1270.92  4.73289e-08  2.31950e-11
      1271.25  5.10572e-08  2.34077e-11
      1271.57  4.98964e-08  2.34788e-11
      1271.89  3.21714e-08  1.85316e-11
      1272.22  1.69026e-08  1.36643e-11
      1272.54  1.14312e-08  1.22665e-11
      1272.86  9.61612e-09  1.09891e-11
      1273.19  9.00581e-09  1.04308e-11
      1273.51  1.03739e-08  1.07155e-11
      1273.84  1.48631e-08  1.25492e-11
      1274.16  1.90025e-08  1.40825e-11
      1274.49  2.35647e-08  1.55189e-11
      1274.81  3.79181e-08  2.09080e-11
      1275.14  5.00373e-08  2.54872e-11
      1275.46  4.57068e-08  2.51014e-11
      1275.79  3.21327e-08  2.15685e-11
      1276.11  2.27752e-08  1.82039e-11
      1276.44  2.76348e-08  1.97117e-11
      1276.76  4.31157e-08  2.54075e-11
      1277.09  4.43648e-08  2.45882e-11
      1277.42  4.56574e-08  2.59760e-11
      1277.74  3.31694e-08  2.09412e-11
      1278.07  1.76909e-08  1.53599e-11
      1278.40  1.17292e-08  1.31351e-11
      1278.72  9.41577e-09  1.19289e-11
      1279.05  9.26128e-09  1.14403e-11
      1279.38  1.19332e-08  1.23078e-11
      1279.71  1.63624e-08  1.35039e-11
      1280.03  2.08723e-08  1.50911e-11
      1280.36  1.92818e-08  1.40175e-11
      1280.69  2.04752e-08  1.46537e-11
      1281.02  2.60677e-08  1.67083e-11
      1281.34  3.53348e-08  1.97944e-11
      1281.67  4.11655e-08  2.19843e-11
      1282.00  3.37199e-08  1.92859e-11
      1282.33  3.42939e-08  1.90972e-11
      1282.66  4.86608e-08  2.30095e-11
      1282.99  5.90660e-08  2.55610e-11
      1283.32  5.94360e-08  2.91001e-11
      1283.65  4.05244e-08  2.27095e-11
      1283.98  2.50953e-08  1.94781e-11
      1284.31  1.64145e-08  1.62183e-11
      1284.64  1.28312e-08  1.48809e-11
      1284.97  1.25764e-08  1.47343e-11
      1285.30  1.42780e-08  1.54206e-11
      1285.63  1.28072e-08  1.36403e-11
      1285.96  1.21491e-08  1.23214e-11
      1286.29  1.68796e-08  1.45261e-11
      1286.62  2.22490e-08  1.69751e-11
      1286.95  2.15302e-08  1.64863e-11
      1287.28  2.58263e-08  1.77755e-11
      1287.61  4.05278e-08  2.24715e-11
      1287.95  4.78615e-08  2.33765e-11
      1288.28  4.82272e-08  2.20845e-11
      1288.61  4.83666e-08  2.14109e-11
      1288.94  4.69454e-08  2.12663e-11
      1289.27  3.56934e-08  1.84916e-11
      1289.61  2.82092e-08  1.73274e-11
      1289.94  2.34629e-08  1.66752e-11
      1290.27  1.70313e-08  1.46784e-11
      1290.61  1.45027e-08  1.41873e-11
      1290.94  1.13132e-08  1.26695e-11
      1291.27  8.71205e-09  1.10750e-11
      1291.61  1.00260e-08  1.18697e-11
      1291.94  1.54124e-08  1.47994e-11
      1292.27  2.41035e-08  1.87545e-11
      1292.61  3.19339e-08  2.25062e-11
      1292.94  2.54711e-08  1.87446e-11
      1293.28  2.15817e-08  1.70612e-11
      1293.61  2.69018e-08  1.90065e-11
      1293.95  3.25663e-08  1.95789e-11
      1294.28  4.42625e-08  2.23017e-11
      1294.62  4.87728e-08  2.26118e-11
      1294.95  4.29383e-08  2.05129e-11
      1295.29  4.19063e-08  2.03864e-11
      1295.62  3.70982e-08  1.93588e-11
      1295.96  2.89814e-08  1.73774e-11
      1296.29  2.56035e-08  1.67084e-11
      1296.63  2.62988e-08  1.70856e-11
      1296.97  3.09987e-08  1.83023e-11
      1297.30  4.32722e-08  2.17863e-11
      1297.64  5.48843e-08  2.52260e-11
      1297.98  4.85629e-08  2.42069e-11
      1298.31  3.40723e-08  2.13224e-11
      1298.65  2.15208e-08  1.79039e-11
      1298.99  1.72649e-08  1.70288e-11
      1299.33  2.59734e-08  2.01632e-11
      1299.66  4.24336e-08  2.47983e-11
      1300.00  4.67233e-08  2.40911e-11
      1300.34  4.18644e-08  2.21705e-11
      1300.68  3.04595e-08  1.80536e-11
      1301.02  3.08840e-08  1.77622e-11
      1301.35  4.87471e-08  2.33480e-11
      1301.69  5.66613e-08  2.48322e-11
      1302.03  5.45961e-08  2.44605e-11
      1302.37  4.89358e-08  2.21078e-11
      1302.71  5.49517e-08  2.36560e-11
      1303.05  5.89290e-08  2.38003e-11
      1303.39  6.55795e-08  2.54515e-11
      1303.73  6.91475e-08  2.69524e-11
      1304.07  6.52963e-08  2.70805e-11
      1304.41  6.66475e-08  2.89474e-11
      1304.75  6.96055e-08  3.08721e-11
      1305.09  7.15099e-08  3.20439e-11
      1305.43  8.04787e-08  3.47116e-11
      1305.77  9.07024e-08  3.65727e-11
      1306.11  8.90834e-08  3.55593e-11
      1306.46  6.47854e-08  2.78829e-11
      1306.80  3.74189e-08  2.01673e-11
      1307.14  2.30104e-08  1.61061e-11
      1307.48  1.68902e-08  1.40718e-11
      1307.82  1.38303e-08  1.28332e-11
      1308.16  1.36187e-08  1.24640e-11
      1308.51  1.56763e-08  1.33043e-11
      1308.85  1.30262e-08  1.16942e-11
      1309.19  9.86356e-09  1.00007e-11
      1309.53  9.07499e-09  1.00213e-11
      1309.88  8.85007e-09  1.02764e-11
      1310.22  9.37989e-09  1.10829e-11
      1310.56  1.16194e-08  1.28420e-11
      1310.91  1.88100e-08  1.64790e-11
      1311.25  3.21341e-08  2.28077e-11
      1311.60  3.25678e-08  2.30238e-11
      1311.94  2.02046e-08  1.81272e-11
      1312.28  1.17260e-08  1.31215e-11
      1312.63  8.64470e-09  1.07377e-11
      1312.97  7.59069e-09  9.96285e-12
      1313.32  9.77809e-09  1.10803e-11
      1313.66  1.53606e-08  1.43961e-11
      1314.01  1.28949e-08  1.25967e-11
      1314.35  7.94063e-09  9.64212e-12
      1314.70  6.34666e-09  8.69176e-12
      1315.05  6.30107e-09  8.34454e-12
      1315.39  7.02122e-09  8.85327e-12
      1315.74  8.69585e-09  1.00744e-11
      1316.08  1.24509e-08  1.23395e-11
      1316.43  2.23426e-08  1.71129e-11
      1316.78  3.53215e-08  2.50131e-11
      1317.12  2.73416e-08  2.24672e-11
      1317.47  1.50135e-08  1.51825e-11
      1317.82  9.84022e-09  1.23701e-11
      1318.17  1.02448e-08  1.21094e-11
      1318.51  1.63545e-08  1.44372e-11
      1318.86  1.98634e-08  1.60116e-11
      1319.21  1.35233e-08  1.30052e-11
      1319.56  8.39897e-09  1.02959e-11
      1319.91  8.71428e-09  1.06981e-11
      1320.25  8.82342e-09  1.02820e-11
      1320.60  8.81113e-09  9.91819e-12
      1320.95  1.04808e-08  1.04854e-11
      1321.30  1.41582e-08  1.20894e-11
      1321.65  2.47821e-08  1.64450e-11
      1322.00  4.15660e-08  2.44673e-11
      1322.35  3.54715e-08  2.34863e-11
      1322.70  2.06140e-08  1.74070e-11
      1323.05  1.44895e-08  1.50136e-11
      1323.40  1.58921e-08  1.59524e-11
      1323.75  1.84470e-08  1.68787e-11
      1324.10  1.92946e-08  1.63115e-11
      1324.45  1.46475e-08  1.32982e-11
      1324.80  1.10504e-08  1.16394e-11
      