227
      1249.95  1.16911e-08  1.38358e-11
      1250.27  5.19563e-09  9.08195e-12
      1250.58  1.73503e-09  6.00253e-12
      1250.89  1.18886e-09  5.38519e-12
      1251.20  1.61638e-09  5.84051e-12
      1251.52  2.61506e-09  6.64396e-12
      1251.83  4.66786e-09  8.38011e-12
      1252.14  6.15015e-09  9.47614e-12
      1252.46  5.90396e-09  9.43979e-12
      1252.77  5.39772e-09  8.76789e-12
      1253.09  8.90377e-09  1.05403e-11
      1253.40  1.70055e-08  1.38783e-11
      1253.71  2.12725e-08  1.53450e-11
      1254.03  1.31487e-08  1.16669e-11
      1254.34  6.25904e-09  8.30363e-12
      1254.66  7.61762e-09  9.31358e-12
      1254.97  1.23066e-08  1.25308e-11
      1255.29  8.31432e-09  1.03091e-11
      1255.60  3.60924e-09  7.61408e-12
      1255.92  4.03771e-09  7.71300e-12
      1256.23  7.08375e-09  9.03629e-12
      1256.55  1.15483e-08  1.12884e-11
      1256.87  8.39711e-09  9.31126e-12
      1257.18  3.71981e-09  6.64883e-12
      1257.50  2.60745e-09  6.14606e-12
      1257.81  3.00409e-09  6.63321e-12
      1258.13  3.84629e-09  7.43806e-12
      1258.45  3.90082e-09  7.50628e-12
      1258.76  4.12888e-09  7.43541e-12
      1259.08  7.46001e-09  8.94320e-12
      1259.40  1.54346e-08  1.23030e-11
      1259.72  2.10618e-08  1.44228e-11
      1260.03  1.59653e-08  1.23505e-11
      1260.35  1.16774e-08  1.06561e-11
      1260.67  1.49459e-08  1.29035e-11
      1260.99  1.38685e-08  1.25508e-11
      1261.30  1.09905e-08  1.11247e-11
      1261.62  1.38225e-08  1.29037e-11
      1261.94  1.43896e-08  1.25018e-11
      1262.26  1.48235e-08  1.27441e-11
      1262.58  1.03706e-08  9.77259e-12
      1262.90  1.09630e-08  9.52942e-12
      1263.22  1.72116e-08  1.24707e-11
      1263.54  1.43113e-08  1.13070e-11
      1263.86  8.91142e-09  9.20118e-12
      1264.17  6.96439e-09  8.53202e-12
      1264.49  4.94161e-09  7.20969e-12
      1264.81  5.22093e-09  6.90267e-12
      1265.13  1.07033e-08  9.34020e-12
      1265.45  1.69914e-08  1.16137e-11
      1265.77  1.53549e-08  1.09639e-11
      1266.10  8.26982e-09  8.22409e-12
      1266.42  4.11454e-09  6.35192e-12
      1266.74  3.47478e-09  6.24345e-12
      1267.06  4.82491e-09  6.91120e-12
      1267.38  1.01975e-08  9.37208e-12
      1267.70  1.85233e-08  1.29596e-11
      1268.02  2.05383e-08  1.29731e-11
      1268.34  2.00102e-08  1.25292e-11
      1268.67  1.83410e-08  1.19283e-11
      1268.99  1.81563e-08  1.21389e-11
      1269.31  1.43600e-08  1.10063e-11
      1269.63  9.47013e-09  9.35188e-12
      1269.95  7.76784e-09  8.79172e-12
      1270.28  9.54782e-09  9.45747e-12
      1270.60  1.56524e-08  1.20506e-11
      1270.92  1.89074e-08  1.27904e-11
      1271.25  2.06620e-08  1.31607e-11
      1271.57  2.02237e-08  1.34164e-11
      1271.89  1.21626e-08  1.05430e-11
      1272.22  5.38851e-09  7.53638e-12
      1272.54  3.16916e-09  6.35761e-12
      1272.86  2.53432e-09  5.89699e-12
      1273.19  2.38369e-09  5.39270e-12
      1273.51  2.87461e-09  5.42349e-12
      1273.84  4.54587e-09  6.28337e-12
      1274.16  6.09578e-09  6.88780e-12
      1274.49  7.89272e-09  7.39388e-12
      1274.81  1.42775e-08  1.01479e-11
      1275.14  2.00555e-08  1.23612e-11
      1275.46  1.81766e-08  1.20090e-11
      1275.79  1.19332e-08  9.84912e-12
      1276.11  7.69344e-09  7.95016e-12
      1276.44  9.91270e-09  8.75445e-12
      1276.76  1.75573e-08  1.17897e-11
      1277.09  1.80797e-08  1.11481e-11
      1277.42  1.85784e-08  1.18607e-11
      1277.74  1.30012e-08  1.00566e-11
      1278.07  5.94089e-09  7.18922e-12
      1278.40  3.48884e-09  6.26242e-12
      1278.72  2.66770e-09  5.89917e-12
      1279.05  2.61732e-09  5.92106e-12
      1279.38  3.54332e-09  6.36599e-12
      1279.71  5.36616e-09  7.34371e-12
      1280.03  7.15870e-09  8.38391e-12
      1280.36  6.55245e-09  7.87811e-12
      1280.69  6.83654e-09  8.22318e-12
      1281.02  9.06912e-09  9.51321e-12
      1281.34  1.33123e-08  1.12539e-11
      1281.67  1.56611e-08  1.22892e-11
      1282.00  1.23125e-08  1.02929e-11
      1282.33  1.24759e-08  9.60804e-12
      1282.66  1.89936e-08  1.19056e-11
      1282.99  2.46111e-08  1.32346e-11
      1283.32  2.45081e-08  1.29480e-11
      1283.65  1.74939e-08  1.11190e-11
      1283.98  9.35496e-09  8.44553e-12
      1284.31  5.33918e-09  6.94153e-12
      1284.64  3.95813e-09  6.26935e-12
      1284.97  3.92391e-09  6.15868e-12
      1285.30  4.64531e-09  6.63123e-12
      1285.63  3.99608e-09  6.02698e-12
      1285.96  3.67759e-09  5.79180e-12
      1286.29  5.64757e-09  7.06768e-12
      1286.62  8.00490e-09  8.76904e-12
      1286.95  7.46365e-09  8.48909e-12
      1287.28  9.28086e-09  9.41819e-12
      1287.61  1.64254e-08  1.30423e-11
      1287.95  1.95378e-08  1.38301e-11
      1288.28  1.94689e-08  1.34671e-11
      1288.61  1.92920e-08  1.29468e-11
      1288.94  1.91385e-08  1.31361e-11
      1289.27  1.33547e-08  1.05809e-11
      1289.61  9.71563e-09  9.18578e-12
      1289.94  7.85014e-09  8.22003e-12
      1290.27  5.33619e-09  6.92510e-12
      1290.61  4.52803e-09  6.65671e-12
      1290.94  3.44170e-09  5.73456e-12
      1291.27  2.51752e-09  4.94364e-12
      1291.61  2.95341e-09  5.12244e-12
      1291.94  4.93530e-09  6.26043e-12
      1292.27  8.53546e-09  7.99689e-12
      1292.61  1.22587e-08  1.00748e-11
      1292.94  9.17569e-09  8.76595e-12
      1293.28  7.02482e-09  7.90826e-12
      1293.61  9.26564e-09  9.38727e-12
      1293.95  1.19141e-08  1.02093e-11
      1294.28  1.76022e-08  1.23862e-11
      1294.62  1.98161e-08  1.30490e-11
      1294.95  1.67554e-08  1.18647e-11
      1295.29  1.59979e-08  1.19850e-11
      1295.62  1.36990e-08  1.13363e-11
      1295.96  9.98538e-09  9.85052e-12
      1296.29  8.54180e-09  9.29350e-12
      1296.63  8.87808e-09  9.06650e-12
      1296.97  1.09568e-08  9.25397e-12
      1297.30  1.66775e-08  1.05310e-11
      1297.64  2.24545e-08  1.21452e-11
      1297.98  1.93759e-08  1.11944e-11
      1298.31  1.24387e-08  9.18111e-12
      1298.65  7.03830e-09  7.24148e-12
      1298.99  5.32498e-09  6.55905e-12
      1299.33  9.15264e-09  8.46123e-12
      1299.66  1.66229e-08  1.15577e-11
      1300.00  1.87382e-08  1.19387e-11
      1300.34  1.64260e-08  1.12621e-11
      1300.68  1.12276e-08  9.26839e-12
      1301.02  1.13913e-08  9.41474e-12
      1301.35  2.00158e-08  1.33549e-11
      1301.69  2.37629e-08  1.46316e-11
      1302.03  2.29593e-08  1.47529e-11
      1302.37  1.99214e-08  1.32778e-11
      1302.71  2.31216e-08  1.43859e-11
      1303.05  2.49373e-08  1.42588e-11
      1303.39  2.83815e-08  1.47943e-11
      1303.73  3.01775e-08  1.49164e-11
      1304.07  2.82194e-08  1.35448e-11
      1304.41  2.89875e-08  1.39212e-11
      1304.75  3.09387e-08  1.46578e-11
      1305.09  3.22693e-08  1.49428e-11
      1305.43  3.80493e-08  1.64193e-11
      1305.77  4.49376e-08  1.76856e-11
      1306.11  4.51369e-08  1.78857e-11
      1306.46  3.06006e-08  1.46916e-11
      1306.80  1.50066e-08  1.04293e-11
      1307.14  7.99932e-09  8.26791e-12
      1307.48  5.46358e-09  7.41263e-12
      1307.82  4.30530e-09  6.95829e-12
      1308.16  4.27050e-09  6.90085e-12
      1308.51  5.14374e-09  7.54441e-12
      1308.85  4.08927e-09  6.56589e-12
      1309.19  2.83283e-09  5.50323e-12
      1309.53  2.57681e-09  5.32468e-12
      1309.88  2.54331e-09  5.43702e-12
      1310.22  2.79005e-09  5.38926e-12
      1310.56  3.64625e-09  5.84238e-12
      1310.91  6.66278e-09  7.18749e-12
      1311.25  1.26877e-08  9.99044e-12
      1311.60  1.29390e-08  9.83423e-12
      1311.94  7.58737e-09  7.44074e-12
      1312.28  3.90923e-09  5.73718e-12
      1312.63  2.64099e-09  5.10142e-12
      1312.97  2.24544e-09  5.07090e-12
      1313.32  3.04461e-09  5.83402e-12
      1313.66  5.20418e-09  7.72267e-12
      1314.01  4.33306e-09  7.11120e-12
      1314.35  2.34860e-09  5.58718e-12
      1314.70  1.75107e-09  4.99585e-12
      1315.05  1.72058e-09  4.83174e-12
      1315.39  1.95871e-09  4.91918e-12
      1315.74  2.56427e-09  5.48144e-12
      1316.08  4.04192e-09  6.44231e-12
      1316.43  8.33345e-09  8.75359e-12
      1316.78  1.44556e-08  1.14299e-11
      1317.12  1.13804e-08  9.44407e-12
      1317.47  5.34393e-09  6.46380e-12
      1317.82  3.14063e-09  5.29246e-12
      1318.17  3.21752e-09  5.35721e-12
      1318.51  5.50455e-09  6.92653e-12
      1318.86  6.92166e-09  8.03369e-12
      1319.21  4.58402e-09  6.86496e-12
      1319.56  2.56585e-09  5.68666e-12
      1319.91  2.63877e-09  6.04674e-12
      1320.25  2.64478e-09  5.92742e-12
      1320.60  2.59432e-09  5.63092e-12
      1320.95  3.16586e-09  5.85925e-12
      1321.30  4.60665e-09  6.56947e-12
      1321.65  9.32316e-09  8.80126e-12
      1322.00  1.76065e-08  1.27338e-11
      1322.35  1.51661e-08  1.17103e-11
      1322.70  7.33117e-09  7.86638e-12
      1323.05  4.77207e-09  6.30597e-12
      1323.40  5.35505e-09  6.59480e-12
      1323.75  6.43825e-09  7.10284e-12
      1324.10  6.75925e-09  7.34964e-12
      1324.45  4.92404e-09  6.48239e-12
      1324.80  3.43381e-09  5.93403e-12
      