227
      1249.95  1.11334e-08  1.18940e-11
      1250.27  5.53328e-09  8.35003e-12
      1250.58  1.81400e-09  5.59248e-12
      1250.89  1.21694e-09  5.13365e-12
      1251.20  1.62262e-09  5.45625e-12
      1251.52  2.60285e-09  6.17978e-12
      1251.83  4.56430e-09  7.84298e-12
      1252.14  5.99084e-09  8.97249e-12
      1252.46  5.75732e-09  8.85603e-12
      1252.77  5.32961e-09  8.29204e-12
      1253.09  8.75784e-09  9.83023e-12
      1253.40  1.67177e-08  1.29555e-11
      1253.71  2.09652e-08  1.44755e-11
      1254.03  1.30225e-08  1.11161e-11
      1254.34  6.24631e-09  8.09481e-12
      1254.66  7.54941e-09  9.17866e-12
      1254.97  1.21590e-08  1.23748e-11
      1255.29  8.21629e-09  1.01038e-11
      1255.60  3.61212e-09  7.25645e-12
      1255.92  4.02570e-09  7.57282e-12
      1256.23  6.94612e-09  8.90435e-12
      1256.55  1.12598e-08  1.12051e-11
      1256.87  8.25702e-09  9.40930e-12
      1257.18  3.70644e-09  6.70673e-12
      1257.50  2.63521e-09  6.33563e-12
      1257.81  2.96707e-09  6.91339e-12
      1258.13  3.74604e-09  7.75058e-12
      1258.45  3.78822e-09  7.46136e-12
      1258.76  3.99997e-09  7.26324e-12
      1259.08  7.15889e-09  8.60578e-12
      1259.40  1.46640e-08  1.15756e-11
      1259.72  1.99029e-08  1.33649e-11
      1260.03  1.52874e-08  1.14053e-11
      1260.35  1.11980e-08  9.76654e-12
      1260.67  1.40097e-08  1.14623e-11
      1260.99  1.31549e-08  1.11989e-11
      1261.30  1.05854e-08  9.71194e-12
      1261.62  1.29431e-08  1.07774e-11
      1261.94  1.37625e-08  1.04505e-11
      1262.26  1.40584e-08  1.04994e-11
      1262.58  1.03966e-08  8.69011e-12
      1262.90  1.07571e-08  8.76758e-12
      1263.22  1.66725e-08  1.15962e-11
      1263.54  1.39616e-08  1.06570e-11
      1263.86  8.78342e-09  8.82365e-12
      1264.17  6.96512e-09  8.81326e-12
      1264.49  4.70210e-09  7.33737e-12
      1264.81  5.22577e-09  6.76253e-12
      1265.13  1.06014e-08  9.20086e-12
      1265.45  1.67534e-08  1.14768e-11
      1265.77  1.51173e-08  1.09673e-11
      1266.10  8.16655e-09  8.29527e-12
      1266.42  4.10891e-09  6.45531e-12
      1266.74  3.46309e-09  6.34228e-12
      1267.06  4.73797e-09  7.03884e-12
      1267.38  9.71972e-09  9.52732e-12
      1267.70  1.62043e-08  1.44461e-11
      1268.02  1.90855e-08  1.51985e-11
      1268.34  1.93541e-08  1.48620e-11
      1268.67  1.71092e-08  1.35581e-11
      1268.99  1.73861e-08  1.18235e-11
      1269.31  1.37422e-08  1.05391e-11
      1269.63  8.99156e-09  8.74335e-12
      1269.95  7.37090e-09  7.99130e-12
      1270.28  8.99729e-09  8.34835e-12
      1270.60  1.48687e-08  1.04467e-11
      1270.92  1.80096e-08  1.09266e-11
      1271.25  1.96250e-08  1.11552e-11
      1271.57  1.93241e-08  1.13380e-11
      1271.89  1.17205e-08  8.96280e-12
      1272.22  5.19289e-09  6.44514e-12
      1272.54  3.12509e-09  5.64874e-12
      1272.86  2.51831e-09  5.35969e-12
      1273.19  2.37388e-09  5.09946e-12
      1273.51  2.88477e-09  5.29828e-12
      1273.84  4.54928e-09  6.19519e-12
      1274.16  6.08219e-09  6.98011e-12
      1274.49  7.84031e-09  7.58576e-12
      1274.81  1.40624e-08  1.04556e-11
      1275.14  1.96779e-08  1.28129e-11
      1275.46  1.77988e-08  1.24733e-11
      1275.79  1.16687e-08  1.02552e-11
      1276.11  7.47879e-09  8.25299e-12
      1276.44  8.06280e-09  9.75374e-12
      1276.76  1.73286e-08  1.35116e-11
      1277.09  1.72070e-08  1.21389e-11
      1277.42  1.77889e-08  1.15170e-11
      1277.74  1.24942e-08  9.67228e-12
      1278.07  5.73736e-09  6.84684e-12
      1278.40  3.37575e-09  5.85279e-12
      1278.72  2.59449e-09  5.37467e-12
      1279.05  2.53918e-09  5.14895e-12
      1279.38  3.39352e-09  5.45157e-12
      1279.71  5.09608e-09  6.26090e-12
      1280.03  6.81247e-09  7.76728e-12
      1280.36  6.15404e-09  6.94348e-12
      1280.69  6.56470e-09  7.02028e-12
      1281.02  8.62446e-09  8.17795e-12
      1281.34  1.26623e-08  1.02568e-11
      1281.67  1.55740e-08  1.30646e-11
      1282.00  1.14443e-08  1.08888e-11
      1282.33  1.23096e-08  9.80987e-12
      1282.66  1.85160e-08  1.25930e-11
      1282.99  2.43057e-08  1.42237e-11
      1283.32  2.41347e-08  1.35856e-11
      1283.65  1.71014e-08  1.16828e-11
      1283.98  9.09541e-09  8.82873e-12
      1284.31  5.19289e-09  7.14718e-12
      1284.64  3.84815e-09  6.43928e-12
      1284.97  3.78729e-09  6.14136e-12
      1285.30  4.48312e-09  6.70579e-12
      1285.63  3.80259e-09  5.87528e-12
      1285.96  3.51376e-09  5.32350e-12
      1286.29  5.37924e-09  6.31914e-12
      1286.62  7.63497e-09  7.73023e-12
      1286.95  7.07376e-09  7.35577e-12
      1287.28  8.73582e-09  8.08425e-12
      1287.61  1.52938e-08  1.16251e-11
      1287.95  1.85677e-08  1.24373e-11
      1288.28  1.86254e-08  1.18766e-11
      1288.61  1.85448e-08  1.12098e-11
      1288.94  1.85216e-08  1.13978e-11
      1289.27  1.31825e-08  9.62478e-12
      1289.61  9.66565e-09  8.87729e-12
      1289.94  7.77659e-09  8.40155e-12
      1290.27  5.27661e-09  7.20181e-12
      1290.61  4.46081e-09  6.97676e-12
      1290.94  3.42746e-09  6.14167e-12
      1291.27  2.51415e-09  5.25633e-12
      1291.61  2.92634e-09  5.31266e-12
      1291.94  4.79509e-09  6.37964e-12
      1292.27  8.20175e-09  7.97756e-12
      1292.61  1.16405e-08  9.73679e-12
      1292.94  8.84600e-09  8.39572e-12
      1293.28  6.68561e-09  7.36908e-12
      1293.61  8.74514e-09  8.32304e-12
      1293.95  1.13271e-08  8.79830e-12
      1294.28  1.66207e-08  1.02977e-11
      1294.62  1.88453e-08  1.08334e-11
      1294.95  1.60446e-08  9.88520e-12
      1295.29  1.51921e-08  1.01625e-11
      1295.62  1.31660e-08  9.86032e-12
      1295.96  9.67980e-09  8.77591e-12
      1296.29  8.34772e-09  8.41375e-12
      1296.63  8.69852e-09  8.56023e-12
      1296.97  1.07760e-08  9.18574e-12
      1297.30  1.64776e-08  1.10689e-11
      1297.64  2.20362e-08  1.29079e-11
      1297.98  1.89615e-08  1.19748e-11
      1298.31  1.20879e-08  9.75956e-12
      1298.65  6.83877e-09  7.62616e-12
      1298.99  5.15525e-09  6.74064e-12
      1299.33  8.76159e-09  8.37664e-12
      1299.66  1.58353e-08  1.09907e-11
      1300.00  1.78885e-08  1.09473e-11
      1300.34  1.56609e-08  1.03222e-11
      1300.68  1.05559e-08  8.24178e-12
      1301.02  1.08559e-08  8.01672e-12
      1301.35  1.90525e-08  1.12572e-11
      1301.69  2.27247e-08  1.23573e-11
      1302.03  2.19967e-08  1.26520e-11
      1302.37  1.93082e-08  1.16281e-11
      1302.71  2.24544e-08  1.28866e-11
      1303.05  2.44693e-08  1.30976e-11
      1303.39  2.80631e-08  1.41643e-11
      1303.73  3.02078e-08  1.49046e-11
      1304.07  2.80132e-08  1.44897e-11
      1304.41  2.85769e-08  1.51314e-11
      1304.75  3.03123e-08  1.57277e-11
      1305.09  3.15227e-08  1.58131e-11
      1305.43  3.65971e-08  1.78669e-11
      1305.77  4.39585e-08  1.86428e-11
      1306.11  4.36514e-08  1.69462e-11
      1306.46  2.95439e-08  1.33745e-11
      1306.80  1.44491e-08  9.30113e-12
      1307.14  7.63283e-09  7.15646e-12
      1307.48  5.23157e-09  6.57301e-12
      1307.82  4.10511e-09  6.13151e-12
      1308.16  4.10422e-09  5.96904e-12
      1308.51  4.92543e-09  6.49992e-12
      1308.85  4.00174e-09  5.82529e-12
      1309.19  2.83464e-09  5.13709e-12
      1309.53  2.58630e-09  5.08141e-12
      1309.88  2.56724e-09  5.30872e-12
      1310.22  2.78190e-09  5.59777e-12
      1310.56  3.60868e-09  6.23849e-12
      1310.91  6.22090e-09  8.14450e-12
      1311.25  1.26801e-08  1.14510e-11
      1311.60  1.25171e-08  1.00706e-11
      1311.94  7.33239e-09  7.32633e-12
      1312.28  3.77768e-09  5.42629e-12
      1312.63  2.55459e-09  4.71321e-12
      1312.97  2.17341e-09  4.47715e-12
      1313.32  2.92584e-09  5.04084e-12
      1313.66  4.96472e-09  6.54276e-12
      1314.01  4.14055e-09  6.27593e-12
      1314.35  2.30553e-09  4.75304e-12
      1314.70  1.75547e-09  4.36950e-12
      1315.05  1.75192e-09  4.37004e-12
      1315.39  2.00070e-09  4.70205e-12
      1315.74  2.58217e-09  5.32713e-12
      1316.08  4.00880e-09  6.31939e-12
      1316.43  8.16910e-09  8.64859e-12
      1316.78  1.38953e-08  1.15736e-11
      1317.12  1.10981e-08  9.98738e-12
      1317.47  5.24654e-09  6.68693e-12
      1317.82  3.06491e-09  5.27813e-12
      1318.17  3.14722e-09  5.07230e-12
      1318.51  5.22985e-09  6.23195e-12
      1318.86  6.48224e-09  6.98305e-12
      1319.21  4.39353e-09  5.91874e-12
      1319.56  2.51405e-09  4.99802e-12
      1319.91  2.45289e-09  5.71780e-12
      1320.25  2.54499e-09  5.65785e-12
      1320.60  2.56794e-09  5.01449e-12
      1320.95  3.14241e-09  5.36954e-12
      1321.30  4.59971e-09  6.33570e-12
      1321.65  9.25517e-09  8.69755e-12
      1322.00  1.68526e-08  1.24356e-11
      1322.35  1.47948e-08  1.17164e-11
      1322.70  7.48770e-09  8.27032e-12
      1323.05  4.69022e-09  6.59409e-12
      1323.40  5.15481e-09  6.59010e-12
      1323.75  6.15777e-09  6.78447e-12
      1324.10  6.41266e-09  6.75656e-12
      1324.45  4.69858e-09  5.81868e-12
      1324.80  3.27637e-09  5.17546e-12
      