227
      1249.95  1.51928e-08  1.57567e-11
      1250.27  7.36120e-09  1.09367e-11
      1250.58  2.40243e-09  6.95794e-12
      1250.89  1.68804e-09  6.29418e-12
      1251.20  2.28312e-09  6.76165e-12
      1251.52  3.59442e-09  7.91780e-12
      1251.83  6.30716e-09  9.94686e-12
      1252.14  8.36565e-09  1.14281e-11
      1252.46  8.19016e-09  1.15255e-11
      1252.77  7.63263e-09  1.09025e-11
      1253.09  1.22333e-08  1.31247e-11
      1253.40  2.26745e-08  1.72866e-11
      1253.71  2.81095e-08  1.91709e-11
      1254.03  1.80191e-08  1.50479e-11
      1254.34  9.19979e-09  1.09985e-11
      1254.66  1.10440e-08  1.24335e-11
      1254.97  1.68293e-08  1.61958e-11
      1255.29  1.17582e-08  1.36385e-11
      1255.60  5.59719e-09  9.94424e-12
      1255.92  6.10772e-09  1.04688e-11
      1256.23  1.02201e-08  1.25033e-11
      1256.55  1.58518e-08  1.53995e-11
      1256.87  1.17242e-08  1.28745e-11
      1257.18  5.57755e-09  9.24461e-12
      1257.50  3.97480e-09  8.45326e-12
      1257.81  4.44900e-09  9.00142e-12
      1258.13  5.55661e-09  1.00648e-11
      1258.45  5.61562e-09  1.00766e-11
      1258.76  5.90550e-09  9.82449e-12
      1259.08  1.00904e-08  1.16461e-11
      1259.40  1.99473e-08  1.55813e-11
      1259.72  2.67112e-08  1.78419e-11
      1260.03  2.02420e-08  1.50420e-11
      1260.35  1.49005e-08  1.27154e-11
      1260.67  1.89684e-08  1.51617e-11
      1260.99  1.76125e-08  1.45094e-11
      1261.30  1.39566e-08  1.24630e-11
      1261.62  1.74904e-08  1.42612e-11
      1261.94  1.80498e-08  1.36003e-11
      1262.26  1.75972e-08  1.41396e-11
      1262.58  1.27606e-08  1.14052e-11
      1262.90  1.43038e-08  1.13614e-11
      1263.22  2.21850e-08  1.49134e-11
      1263.54  1.86778e-08  1.36262e-11
      1263.86  1.20852e-08  1.13647e-11
      1264.17  9.32071e-09  1.11176e-11
      1264.49  6.40536e-09  9.20233e-12
      1264.81  7.67660e-09  9.31053e-12
      1265.13  1.49745e-08  1.24748e-11
      1265.45  2.30834e-08  1.54825e-11
      1265.77  2.09024e-08  1.47635e-11
      1266.10  1.16926e-08  1.13346e-11
      1266.42  6.21731e-09  8.92040e-12
      1266.74  5.32759e-09  8.74253e-12
      1267.06  7.10715e-09  9.79132e-12
      1267.38  1.40279e-08  1.30974e-11
      1267.70  2.50022e-08  1.81831e-11
      1268.02  2.72250e-08  1.79099e-11
      1268.34  2.56074e-08  1.72849e-11
      1268.67  2.29178e-08  1.57422e-11
      1268.99  2.33213e-08  1.60236e-11
      1269.31  1.85312e-08  1.42707e-11
      1269.63  1.24789e-08  1.19375e-11
      1269.95  1.03005e-08  1.08975e-11
      1270.28  1.23296e-08  1.13247e-11
      1270.60  1.95796e-08  1.38989e-11
      1270.92  2.34381e-08  1.44115e-11
      1271.25  2.55231e-08  1.45428e-11
      1271.57  2.49893e-08  1.46301e-11
      1271.89  1.53623e-08  1.14325e-11
      1272.22  7.21983e-09  8.24802e-12
      1272.54  4.49363e-09  7.16367e-12
      1272.86  3.70151e-09  6.84108e-12
      1273.19  3.48915e-09  6.61735e-12
      1273.51  4.24780e-09  6.93904e-12
      1273.84  6.63559e-09  8.31965e-12
      1274.16  8.81381e-09  9.27743e-12
      1274.49  1.12385e-08  1.01562e-11
      1274.81  1.96531e-08  1.39277e-11
      1275.14  2.70278e-08  1.70526e-11
      1275.46  2.44716e-08  1.66338e-11
      1275.79  1.63895e-08  1.38308e-11
      1276.11  1.08259e-08  1.11892e-11
      1276.44  1.35931e-08  1.19944e-11
      1276.76  2.29317e-08  1.58350e-11
      1277.09  2.34444e-08  1.50695e-11
      1277.42  2.39170e-08  1.58032e-11
      1277.74  1.67773e-08  1.31466e-11
      1278.07  7.94927e-09  9.30266e-12
      1278.40  4.73595e-09  8.05708e-12
      1278.72  3.56432e-09  7.31357e-12
      1279.05  3.60017e-09  6.82238e-12
      1279.38  4.78921e-09  7.28228e-12
      1279.71  7.04209e-09  8.16229e-12
      1280.03  9.29910e-09  9.18056e-12
      1280.36  8.58396e-09  8.60575e-12
      1280.69  9.05451e-09  9.06270e-12
      1281.02  1.19396e-08  1.05266e-11
      1281.34  1.69565e-08  1.31627e-11
      1281.67  1.91944e-08  1.51544e-11
      1282.00  1.58382e-08  1.42669e-11
      1282.33  1.73777e-08  1.29913e-11
      1282.66  2.58953e-08  1.58117e-11
      1282.99  3.24610e-08  1.77042e-11
      1283.32  3.22013e-08  1.78805e-11
      1283.65  2.33241e-08  1.56242e-11
      1283.98  1.29515e-08  1.20572e-11
      1284.31  7.65628e-09  1.00012e-11
      1284.64  5.74021e-09  8.95517e-12
      1284.97  5.61068e-09  8.71485e-12
      1285.30  6.44585e-09  9.02543e-12
      1285.63  5.55448e-09  8.00392e-12
      1285.96  5.07376e-09  7.37038e-12
      1286.29  7.45778e-09  8.74046e-12
      1286.62  1.02409e-08  1.03542e-11
      1286.95  9.67085e-09  9.92718e-12
      1287.28  1.19141e-08  1.07298e-11
      1287.61  2.02699e-08  1.41596e-11
      1287.95  2.41664e-08  1.50048e-11
      1288.28  2.42992e-08  1.45707e-11
      1288.61  2.44311e-08  1.41430e-11
      1288.94  2.43494e-08  1.44326e-11
      1289.27  1.78487e-08  1.24288e-11
      1289.61  1.36896e-08  1.15829e-11
      1289.94  1.12039e-08  1.10720e-11
      1290.27  7.80881e-09  9.56939e-12
      1290.61  6.66089e-09  9.30522e-12
      1290.94  5.09400e-09  8.13711e-12
      1291.27  3.77612e-09  6.95393e-12
      1291.61  4.35408e-09  7.18057e-12
      1291.94  7.00701e-09  8.77389e-12
      1292.27  1.15867e-08  1.10572e-11
      1292.61  1.61124e-08  1.36152e-11
      1292.94  1.20019e-08  1.14319e-11
      1293.28  9.41087e-09  1.01232e-11
      1293.61  1.21062e-08  1.13974e-11
      1293.95  1.51196e-08  1.18071e-11
      1294.28  2.19132e-08  1.38308e-11
      1294.62  2.45196e-08  1.42427e-11
      1294.95  2.09239e-08  1.27967e-11
      1295.29  2.03144e-08  1.30326e-11
      1295.62  1.77472e-08  1.24926e-11
      1295.96  1.34364e-08  1.12458e-11
      1296.29  1.19001e-08  1.09411e-11
      1296.63  1.25148e-08  1.13178e-11
      1296.97  1.52714e-08  1.21959e-11
      1297.30  2.27892e-08  1.46780e-11
      1297.64  3.01120e-08  1.70602e-11
      1297.98  2.59998e-08  1.59104e-11
      1298.31  1.71200e-08  1.33741e-11
      1298.65  9.91905e-09  1.05107e-11
      1298.99  7.54825e-09  9.39872e-12
      1299.33  1.22209e-08  1.15797e-11
      1299.66  2.13481e-08  1.52511e-11
      1300.00  2.36102e-08  1.51105e-11
      1300.34  2.07158e-08  1.38538e-11
      1300.68  1.42189e-08  1.08986e-11
      1301.02  1.42909e-08  1.06378e-11
      1301.35  2.47606e-08  1.47432e-11
      1301.69  2.92529e-08  1.58824e-11
      1302.03  2.84425e-08  1.60155e-11
      1302.37  2.50415e-08  1.46038e-11
      1302.71  2.93721e-08  1.61932e-11
      1303.05  3.19523e-08  1.66391e-11
      1303.39  3.32532e-08  1.80192e-11
      1303.73  3.31719e-08  1.64105e-11
      1304.07  3.57858e-08  1.94090e-11
      1304.41  3.77079e-08  1.93836e-11
      1304.75  3.97878e-08  2.04429e-11
      1305.09  4.09542e-08  2.07347e-11
      1305.43  4.71427e-08  2.21451e-11
      1305.77  5.44220e-08  2.29910e-11
      1306.11  5.39094e-08  2.23794e-11
      1306.46  3.68635e-08  1.80067e-11
      1306.80  1.86726e-08  1.25246e-11
      1307.14  1.03278e-08  9.69150e-12
      1307.48  7.21927e-09  8.43700e-12
      1307.82  5.77128e-09  7.75778e-12
      1308.16  5.74539e-09  7.68001e-12
      1308.51  6.91954e-09  8.36543e-12
      1308.85  5.72186e-09  7.49767e-12
      1309.19  4.18353e-09  6.53836e-12
      1309.53  3.90093e-09  6.60251e-12
      1309.88  3.87016e-09  6.80667e-12
      1310.22  4.17365e-09  7.26593e-12
      1310.56  5.37230e-09  8.28896e-12
      1310.91  9.31779e-09  1.04326e-11
      1311.25  1.69207e-08  1.42572e-11
      1311.60  1.70440e-08  1.38781e-11
      1311.94  1.01075e-08  1.02604e-11
      1312.28  5.33258e-09  7.62283e-12
      1312.63  3.62374e-09  6.54941e-12
      1312.97  3.06808e-09  6.15099e-12
      1313.32  4.07483e-09  6.82676e-12
      1313.66  6.78964e-09  8.69332e-12
      1314.01  5.68218e-09  7.83995e-12
      1314.35  3.23470e-09  6.07240e-12
      1314.70  2.52315e-09  5.58733e-12
      1315.05  2.56411e-09  5.52368e-12
      1315.39  2.97573e-09  5.89289e-12
      1315.74  3.85374e-09  6.77577e-12
      1316.08  5.85839e-09  8.14617e-12
      1316.43  1.13563e-08  1.12272e-11
      1316.78  1.90454e-08  1.52213e-11
      1317.12  1.52072e-08  1.32851e-11
      1317.47  7.32090e-09  9.12845e-12
      1317.82  4.39314e-09  7.28212e-12
      1318.17  4.40855e-09  7.00577e-12
      1318.51  7.27152e-09  8.75015e-12
      1318.86  9.02070e-09  9.70970e-12
      1319.21  5.97100e-09  8.02332e-12
      1319.56  3.43416e-09  6.38704e-12
      1319.91  3.57219e-09  6.61426e-12
      1320.25  3.64595e-09  6.51044e-12
      1320.60  3.68177e-09  6.32425e-12
      1320.95  4.58284e-09  6.86384e-12
      1321.30  6.59350e-09  8.09038e-12
      1321.65  1.26550e-08  1.09962e-11
      1322.00  2.31948e-08  1.60140e-11
      1322.35  2.00667e-08  1.49981e-11
      1322.70  1.03755e-08  1.08928e-11
      1323.05  6.71960e-09  9.04996e-12
      1323.40  7.40766e-09  9.29201e-12
      1323.75  8.68914e-09  9.68326e-12
      1324.10  9.01253e-09  9.65580e-12
      1324.45  6.48653e-09  7.99716e-12
      1324.80  4.58374e-09  7.04767e-12
      