227
      1249.95  1.11502e-08  1.15476e-11
      1250.27  5.53128e-09  8.18437e-12
      1250.58  1.79713e-09  5.45174e-12
      1250.89  1.20614e-09  4.99259e-12
      1251.20  1.60390e-09  5.40752e-12
      1251.52  2.58234e-09  6.25492e-12
      1251.83  4.55040e-09  7.97620e-12
      1252.14  5.96843e-09  9.34709e-12
      1252.46  5.72485e-09  9.28147e-12
      1252.77  5.31749e-09  8.56118e-12
      1253.09  8.74962e-09  1.01931e-11
      1253.40  1.67027e-08  1.35804e-11
      1253.71  2.09972e-08  1.52202e-11
      1254.03  1.30187e-08  1.15578e-11
      1254.34  6.21825e-09  8.39922e-12
      1254.66  7.52785e-09  9.40358e-12
      1254.97  1.21767e-08  1.28168e-11
      1255.29  8.21999e-09  1.03960e-11
      1255.60  3.57653e-09  7.26275e-12
      1255.92  4.00165e-09  7.67820e-12
      1256.23  6.92419e-09  9.00993e-12
      1256.55  1.12705e-08  1.13434e-11
      1256.87  8.26533e-09  9.37480e-12
      1257.18  3.68404e-09  6.62430e-12
      1257.50  2.61394e-09  6.11943e-12
      1257.81  2.96493e-09  6.62842e-12
      1258.13  3.73750e-09  7.34012e-12
      1258.45  3.77284e-09  7.15239e-12
      1258.76  3.99230e-09  6.85340e-12
      1259.08  7.13979e-09  8.12838e-12
      1259.40  1.46263e-08  1.09850e-11
      1259.72  1.98863e-08  1.26084e-11
      1260.03  1.53022e-08  1.07269e-11
      1260.35  1.11903e-08  9.15030e-12
      1260.67  1.40015e-08  1.08120e-11
      1260.99  1.31704e-08  1.06106e-11
      1261.30  1.05970e-08  9.29773e-12
      1261.62  1.29583e-08  1.05131e-11
      1261.94  1.37699e-08  1.03026e-11
      1262.26  1.40634e-08  1.04375e-11
      1262.58  1.03999e-08  8.66650e-12
      1262.90  1.07651e-08  8.87516e-12
      1263.22  1.67069e-08  1.19083e-11
      1263.54  1.39722e-08  1.09344e-11
      1263.86  8.77818e-09  9.12640e-12
      1264.17  6.97580e-09  8.93599e-12
      1264.49  4.66769e-09  7.56193e-12
      1264.81  5.20752e-09  7.04673e-12
      1265.13  1.05956e-08  9.58581e-12
      1265.45  1.67737e-08  1.19861e-11
      1265.77  1.51329e-08  1.13345e-11
      1266.10  8.15913e-09  8.49346e-12
      1266.42  4.08125e-09  6.54670e-12
      1266.74  3.44965e-09  6.34197e-12
      1267.06  4.71652e-09  7.00635e-12
      1267.38  9.69675e-09  9.49279e-12
      1267.70  1.62712e-08  1.42733e-11
      1268.02  1.91284e-08  1.48113e-11
      1268.34  1.93714e-08  1.46550e-11
      1268.67  1.70906e-08  1.32247e-11
      1268.99  1.74046e-08  1.13471e-11
      1269.31  1.37653e-08  1.00383e-11
      1269.63  9.00112e-09  8.29593e-12
      1269.95  7.37068e-09  7.59163e-12
      1270.28  8.99090e-09  7.95871e-12
      1270.60  1.48725e-08  1.00584e-11
      1270.92  1.80260e-08  1.07388e-11
      1271.25  1.96742e-08  1.10343e-11
      1271.57  1.93349e-08  1.12331e-11
      1271.89  1.17138e-08  8.90014e-12
      1272.22  5.18255e-09  6.45275e-12
      1272.54  3.11748e-09  5.75205e-12
      1272.86  2.52443e-09  5.43693e-12
      1273.19  2.35896e-09  5.25886e-12
      1273.51  2.85926e-09  5.39724e-12
      1273.84  4.53240e-09  6.39584e-12
      1274.16  6.06566e-09  7.17754e-12
      1274.49  7.81295e-09  7.70598e-12
      1274.81  1.40414e-08  1.06797e-11
      1275.14  1.96688e-08  1.30215e-11
      1275.46  1.77816e-08  1.25605e-11
      1275.79  1.16613e-08  1.02130e-11
      1276.11  7.47204e-09  8.19370e-12
      1276.44  8.34189e-09  9.25459e-12
      1276.76  1.66132e-08  1.19161e-11
      1277.09  1.71368e-08  1.18611e-11
      1277.42  1.77912e-08  1.10155e-11
      1277.74  1.24728e-08  9.18875e-12
      1278.07  5.73839e-09  6.48667e-12
      1278.40  3.36737e-09  5.52044e-12
      1278.72  2.58394e-09  5.08590e-12
      1279.05  2.53392e-09  4.97211e-12
      1279.38  3.39515e-09  5.30262e-12
      1279.71  5.10895e-09  6.12320e-12
      1280.03  6.80854e-09  7.26801e-12
      1280.36  6.23994e-09  6.80538e-12
      1280.69  6.56944e-09  7.13426e-12
      1281.02  8.64315e-09  8.39638e-12
      1281.34  1.26740e-08  1.05929e-11
      1281.67  1.55096e-08  1.34563e-11
      1282.00  1.13294e-08  1.12732e-11
      1282.33  1.24076e-08  1.01435e-11
      1282.66  1.88756e-08  1.25009e-11
      1282.99  2.41808e-08  1.38578e-11
      1283.32  2.41195e-08  1.37067e-11
      1283.65  1.71096e-08  1.16657e-11
      1283.98  9.12622e-09  8.74027e-12
      1284.31  5.20477e-09  7.02551e-12
      1284.64  3.85096e-09  6.24136e-12
      1284.97  3.78451e-09  5.98043e-12
      1285.30  4.45433e-09  6.51153e-12
      1285.63  3.78059e-09  5.66142e-12
      1285.96  3.51238e-09  5.09471e-12
      1286.29  5.36040e-09  6.06987e-12
      1286.62  7.61956e-09  7.45109e-12
      1286.95  7.08151e-09  7.16618e-12
      1287.28  8.77774e-09  7.93104e-12
      1287.61  1.56599e-08  1.10770e-11
      1287.95  1.87123e-08  1.18406e-11
      1288.28  1.86719e-08  1.16229e-11
      1288.61  1.85639e-08  1.13621e-11
      1288.94  1.85253e-08  1.17800e-11
      1289.27  1.31847e-08  9.93660e-12
      1289.61  9.64647e-09  9.05127e-12
      1289.94  7.76066e-09  8.58932e-12
      1290.27  5.26823e-09  7.22363e-12
      1290.61  4.44975e-09  6.98389e-12
      1290.94  3.40661e-09  6.04176e-12
      1291.27  2.49897e-09  5.12378e-12
      1291.61  2.91315e-09  5.13989e-12
      1291.94  4.77209e-09  6.10173e-12
      1292.27  8.16706e-09  7.59106e-12
      1292.61  1.16254e-08  9.26933e-12
      1292.94  8.84216e-09  7.98937e-12
      1293.28  6.66710e-09  6.98879e-12
      1293.61  8.74651e-09  8.01999e-12
      1293.95  1.13221e-08  8.58146e-12
      1294.28  1.66212e-08  1.02246e-11
      1294.62  1.88584e-08  1.09296e-11
      1294.95  1.60325e-08  1.00950e-11
      1295.29  1.51798e-08  1.04170e-11
      1295.62  1.31702e-08  1.01268e-11
      1295.96  9.67585e-09  9.01814e-12
      1296.29  8.33405e-09  8.69525e-12
      1296.63  8.69531e-09  8.81943e-12
      1296.97  1.07819e-08  9.42775e-12
      1297.30  1.65016e-08  1.12876e-11
      1297.64  2.20580e-08  1.29767e-11
      1297.98  1.89834e-08  1.18913e-11
      1298.31  1.21067e-08  9.59372e-12
      1298.65  6.85221e-09  7.43559e-12
      1298.99  5.15699e-09  6.45380e-12
      1299.33  8.76514e-09  8.01507e-12
      1299.66  1.58184e-08  1.04659e-11
      1300.00  1.78980e-08  1.05293e-11
      1300.34  1.56755e-08  1.01674e-11
      1300.68  1.04988e-08  8.22981e-12
      1301.02  1.09135e-08  8.04884e-12
      1301.35  1.90285e-08  1.14088e-11
      1301.69  2.27369e-08  1.26558e-11
      1302.03  2.20127e-08  1.29957e-11
      1302.37  1.93763e-08  1.19971e-11
      1302.71  2.24525e-08  1.32498e-11
      1303.05  2.44845e-08  1.33670e-11
      1303.39  2.80580e-08  1.42936e-11
      1303.73  3.02374e-08  1.49841e-11
      1304.07  2.80295e-08  1.43848e-11
      1304.41  2.85226e-08  1.47841e-11
      1304.75  3.02874e-08  1.51988e-11
      1305.09  3.15171e-08  1.50985e-11
      1305.43  3.68954e-08  1.63351e-11
      1305.77  4.37673e-08  1.68997e-11
      1306.11  4.37542e-08  1.60965e-11
      1306.46  2.95691e-08  1.28120e-11
      1306.80  1.44094e-08  9.01325e-12
      1307.14  7.62205e-09  7.07929e-12
      1307.48  5.23151e-09  6.67156e-12
      1307.82  4.08548e-09  6.29086e-12
      1308.16  4.09838e-09  6.10688e-12
      1308.51  4.94064e-09  6.76850e-12
      1308.85  4.00444e-09  6.00305e-12
      1309.19  2.83466e-09  5.28658e-12
      1309.53  2.58679e-09  5.20180e-12
      1309.88  2.55070e-09  5.38490e-12
      1310.22  2.77012e-09  5.52866e-12
      1310.56  3.59000e-09  6.10920e-12
      1310.91  6.31624e-09  7.85452e-12
      1311.25  1.26150e-08  1.08200e-11
      1311.60  1.25185e-08  9.62885e-12
      1311.94  7.32286e-09  7.00617e-12
      1312.28  3.77884e-09  5.22524e-12
      1312.63  2.54663e-09  4.53070e-12
      1312.97  2.16495e-09  4.41612e-12
      1313.32  2.92657e-09  5.03629e-12
      1313.66  4.95369e-09  6.65468e-12
      1314.01  4.12993e-09  6.21908e-12
      1314.35  2.30425e-09  4.93069e-12
      1314.70  1.74303e-09  4.47291e-12
      1315.05  1.73858e-09  4.53109e-12
      1315.39  1.98872e-09  4.76995e-12
      1315.74  2.56989e-09  5.35806e-12
      1316.08  4.01249e-09  6.27037e-12
      1316.43  8.14077e-09  8.48788e-12
      1316.78  1.37886e-08  1.11965e-11
      1317.12  1.10892e-08  9.62846e-12
      1317.47  5.25081e-09  6.48617e-12
      1317.82  3.06566e-09  4.97357e-12
      1318.17  3.14031e-09  4.80473e-12
      1318.51  5.22296e-09  6.03062e-12
      1318.86  6.48391e-09  6.87844e-12
      1319.21  4.39819e-09  5.91915e-12
      1319.56  2.50385e-09  5.00389e-12
      1319.91  2.46569e-09  5.23116e-12
      1320.25  2.54868e-09  5.65581e-12
      1320.60  2.56047e-09  5.18651e-12
      1320.95  3.14360e-09  5.56179e-12
      1321.30  4.59934e-09  6.42267e-12
      1321.65  9.21600e-09  8.70735e-12
      1322.00  1.68782e-08  1.23289e-11
      1322.35  1.48317e-08  1.14577e-11
      1322.70  7.47517e-09  7.95508e-12
      1323.05  4.65744e-09  6.25379e-12
      1323.40  5.14119e-09  6.27615e-12
      1323.75  6.15513e-09  6.47594e-12
      1324.10  6.42374e-09  6.52977e-12
      1324.45  4.69452e-09  5.72256e-12
      1324.80  3.26786e-09  5.19014e-12
      