227
      1249.95  1.09692e-08  1.37398e-11
      1250.27  5.40445e-09  9.49320e-12
      1250.58  1.83808e-09  6.32319e-12
      1250.89  1.25948e-09  6.00402e-12
      1251.20  1.65573e-09  6.34665e-12
      1251.52  2.62554e-09  7.39225e-12
      1251.83  4.59744e-09  9.10534e-12
      1252.14  6.00406e-09  1.01891e-11
      1252.46  5.77286e-09  1.00110e-11
      1252.77  5.31361e-09  9.17688e-12
      1253.09  8.71758e-09  1.05112e-11
      1253.40  1.66431e-08  1.37299e-11
      1253.71  2.08157e-08  1.52020e-11
      1254.03  1.29477e-08  1.17753e-11
      1254.34  6.27537e-09  8.61364e-12
      1254.66  7.58495e-09  9.67732e-12
      1254.97  1.20579e-08  1.25707e-11
      1255.29  8.17010e-09  1.02416e-11
      1255.60  3.66814e-09  7.28405e-12
      1255.92  4.03910e-09  7.45408e-12
      1256.23  6.96338e-09  8.63193e-12
      1256.55  1.11986e-08  1.08325e-11
      1256.87  8.16456e-09  9.10345e-12
      1257.18  3.71708e-09  6.78932e-12
      1257.50  2.65550e-09  6.39365e-12
      1257.81  3.00662e-09  6.94073e-12
      1258.13  3.76006e-09  7.72071e-12
      1258.45  3.79343e-09  7.60448e-12
      1258.76  3.99935e-09  7.36280e-12
      1259.08  7.10875e-09  8.73888e-12
      1259.40  1.45407e-08  1.19699e-11
      1259.72  1.97370e-08  1.41873e-11
      1260.03  1.51135e-08  1.23785e-11
      1260.35  1.10756e-08  1.08582e-11
      1260.67  1.38691e-08  1.29774e-11
      1260.99  1.30084e-08  1.27979e-11
      1261.30  1.05212e-08  1.12643e-11
      1261.62  1.31232e-08  1.31878e-11
      1261.94  1.35825e-08  1.22218e-11
      1262.26  1.38684e-08  1.24170e-11
      1262.58  1.02412e-08  1.01662e-11
      1262.90  1.07648e-08  1.00642e-11
      1263.22  1.65846e-08  1.31695e-11
      1263.54  1.39263e-08  1.21687e-11
      1263.86  8.78191e-09  9.90609e-12
      1264.17  6.88482e-09  9.45456e-12
      1264.49  4.87121e-09  7.74956e-12
      1264.81  5.27377e-09  7.19924e-12
      1265.13  1.06050e-08  9.45866e-12
      1265.45  1.66240e-08  1.17095e-11
      1265.77  1.50134e-08  1.11986e-11
      1266.10  8.16866e-09  8.48002e-12
      1266.42  4.12802e-09  6.59201e-12
      1266.74  3.48531e-09  6.46151e-12
      1267.06  4.74987e-09  7.04460e-12
      1267.38  9.90406e-09  9.23938e-12
      1267.70  1.80158e-08  1.26012e-11
      1268.02  1.97391e-08  1.24322e-11
      1268.34  1.93096e-08  1.23290e-11
      1268.67  1.76493e-08  1.18326e-11
      1268.99  1.72345e-08  1.20944e-11
      1269.31  1.36110e-08  1.11038e-11
      1269.63  8.92314e-09  9.31494e-12
      1269.95  7.30886e-09  8.67845e-12
      1270.28  8.95384e-09  9.15039e-12
      1270.60  1.46862e-08  1.14963e-11
      1270.92  1.77875e-08  1.22488e-11
      1271.25  1.93621e-08  1.27042e-11
      1271.57  1.90302e-08  1.30635e-11
      1271.89  1.16196e-08  1.04435e-11
      1272.22  5.16767e-09  7.59930e-12
      1272.54  3.10989e-09  6.63711e-12
      1272.86  2.53691e-09  6.18118e-12
      1273.19  2.40651e-09  5.66130e-12
      1273.51  2.92049e-09  5.71571e-12
      1273.84  4.55651e-09  6.50242e-12
      1274.16  6.08629e-09  7.25456e-12
      1274.49  7.89760e-09  7.93735e-12
      1274.81  1.39902e-08  1.07861e-11
      1275.14  1.94770e-08  1.29981e-11
      1275.46  1.76483e-08  1.25326e-11
      1275.79  1.16257e-08  1.02762e-11
      1276.11  7.53514e-09  8.21852e-12
      1276.44  8.93086e-09  9.27381e-12
      1276.76  1.73849e-08  1.34724e-11
      1277.09  1.73189e-08  1.13301e-11
      1277.42  1.76058e-08  1.17451e-11
      1277.74  1.24049e-08  1.00554e-11
      1278.07  5.70677e-09  7.27667e-12
      1278.40  3.37106e-09  6.32401e-12
      1278.72  2.59943e-09  5.95781e-12
      1279.05  2.54843e-09  5.74842e-12
      1279.38  3.38826e-09  6.08762e-12
      1279.71  5.08106e-09  6.93015e-12
      1280.03  6.83367e-09  8.03336e-12
      1280.36  6.20076e-09  7.66927e-12
      1280.69  6.48304e-09  8.21763e-12
      1281.02  8.53766e-09  9.49939e-12
      1281.34  1.26508e-08  1.14953e-11
      1281.67  1.56154e-08  1.33469e-11
      1282.00  1.19126e-08  1.09547e-11
      1282.33  1.22036e-08  1.00533e-11
      1282.66  1.87695e-08  1.26803e-11
      1282.99  2.42027e-08  1.41491e-11
      1283.32  2.41402e-08  1.38699e-11
      1283.65  1.70298e-08  1.18635e-11
      1283.98  9.00249e-09  9.01061e-12
      1284.31  5.17011e-09  7.35761e-12
      1284.64  3.85980e-09  6.61107e-12
      1284.97  3.80021e-09  6.36389e-12
      1285.30  4.51698e-09  6.74978e-12
      1285.63  3.84680e-09  5.98269e-12
      1285.96  3.50952e-09  5.74316e-12
      1286.29  5.35508e-09  6.90302e-12
      1286.62  7.60908e-09  8.52536e-12
      1286.95  7.02245e-09  8.24331e-12
      1287.28  8.69217e-09  9.12483e-12
      1287.61  1.54918e-08  1.24311e-11
      1287.95  1.84623e-08  1.30600e-11
      1288.28  1.84121e-08  1.26744e-11
      1288.61  1.83263e-08  1.22829e-11
      1288.94  1.82715e-08  1.25460e-11
      1289.27  1.30136e-08  1.06656e-11
      1289.61  9.64334e-09  9.54568e-12
      1289.94  7.75603e-09  8.88077e-12
      1290.27  5.27715e-09  7.56561e-12
      1290.61  4.47844e-09  7.28877e-12
      1290.94  3.43494e-09  6.29718e-12
      1291.27  2.54059e-09  5.32492e-12
      1291.61  2.93661e-09  5.45401e-12
      1291.94  4.78049e-09  6.58482e-12
      1292.27  8.17981e-09  8.34930e-12
      1292.61  1.15849e-08  1.02702e-11
      1292.94  8.76397e-09  8.94086e-12
      1293.28  6.67334e-09  7.98281e-12
      1293.61  8.69365e-09  9.09492e-12
      1293.95  1.12363e-08  9.71792e-12
      1294.28  1.64674e-08  1.14054e-11
      1294.62  1.86280e-08  1.20329e-11
      1294.95  1.58754e-08  1.10447e-11
      1295.29  1.50255e-08  1.13112e-11
      1295.62  1.30023e-08  1.09989e-11
      1295.96  9.56643e-09  9.74612e-12
      1296.29  8.24643e-09  9.45178e-12
      1296.63  8.61994e-09  9.50219e-12
      1296.97  1.07685e-08  9.72981e-12
      1297.30  1.64156e-08  1.13616e-11
      1297.64  2.19186e-08  1.32219e-11
      1297.98  1.88884e-08  1.22916e-11
      1298.31  1.20343e-08  1.01132e-11
      1298.65  6.83021e-09  8.02363e-12
      1298.99  5.13788e-09  7.19843e-12
      1299.33  8.72882e-09  8.93173e-12
      1299.66  1.57342e-08  1.16872e-11
      1300.00  1.77632e-08  1.17551e-11
      1300.34  1.55022e-08  1.08483e-11
      1300.68  1.05839e-08  8.80280e-12
      1301.02  1.06483e-08  8.79355e-12
      1301.35  1.88884e-08  1.24845e-11
      1301.69  2.24986e-08  1.36923e-11
      1302.03  2.17924e-08  1.39160e-11
      1302.37  1.89687e-08  1.25709e-11
      1302.71  2.21770e-08  1.37980e-11
      1303.05  2.40892e-08  1.38773e-11
      1303.39  2.76668e-08  1.48804e-11
      1303.73  3.00098e-08  1.54151e-11
      1304.07  2.78665e-08  1.47398e-11
      1304.41  2.84287e-08  1.54421e-11
      1304.75  3.01153e-08  1.61797e-11
      1305.09  3.13258e-08  1.63289e-11
      1305.43  3.67577e-08  1.75878e-11
      1305.77  4.32917e-08  1.84606e-11
      1306.11  4.31521e-08  1.79739e-11
      1306.46  2.92133e-08  1.44126e-11
      1306.80  1.43742e-08  1.01454e-11
      1307.14  7.61204e-09  7.87170e-12
      1307.48  5.17417e-09  6.99198e-12
      1307.82  4.10255e-09  6.57938e-12
      1308.16  4.08969e-09  6.51631e-12
      1308.51  4.85576e-09  6.99434e-12
      1308.85  3.97522e-09  6.27178e-12
      1309.19  2.85233e-09  5.54160e-12
      1309.53  2.59803e-09  5.61906e-12
      1309.88  2.55468e-09  5.78049e-12
      1310.22  2.77870e-09  6.05252e-12
      1310.56  3.65306e-09  6.61658e-12
      1310.91  6.57093e-09  8.24815e-12
      1311.25  1.22290e-08  1.09415e-11
      1311.60  1.23947e-08  1.05285e-11
      1311.94  7.30893e-09  7.87803e-12
      1312.28  3.78191e-09  5.87950e-12
      1312.63  2.56933e-09  5.25906e-12
      1312.97  2.19208e-09  5.08456e-12
      1313.32  2.92915e-09  5.64654e-12
      1313.66  4.91986e-09  7.28393e-12
      1314.01  4.13316e-09  6.58028e-12
      1314.35  2.30016e-09  5.14967e-12
      1314.70  1.74866e-09  4.64918e-12
      1315.05  1.73912e-09  4.66627e-12
      1315.39  1.98007e-09  4.98529e-12
      1315.74  2.55405e-09  5.73791e-12
      1316.08  3.92520e-09  6.87045e-12
      1316.43  7.98996e-09  9.47836e-12
      1316.78  1.38286e-08  1.24233e-11
      1317.12  1.09405e-08  1.02934e-11
      1317.47  5.21071e-09  7.10660e-12
      1317.82  3.07047e-09  5.64044e-12
      1318.17  3.15272e-09  5.58193e-12
      1318.51  5.24936e-09  6.94824e-12
      1318.86  6.46436e-09  7.82497e-12
      1319.21  4.35465e-09  6.72426e-12
      1319.56  2.51688e-09  5.54593e-12
      1319.91  2.52930e-09  5.67337e-12
      1320.25  2.56556e-09  5.51479e-12
      1320.60  2.56514e-09  5.26438e-12
      1320.95  3.14339e-09  5.64937e-12
      1321.30  4.56224e-09  6.66735e-12
      1321.65  9.13973e-09  9.17902e-12
      1322.00  1.65663e-08  1.32738e-11
      1322.35  1.45656e-08  1.27707e-11
      1322.70  7.33914e-09  8.94478e-12
      1323.05  4.67236e-09  7.07656e-12
      1323.40  5.14249e-09  7.16060e-12
      1323.75  6.13735e-09  7.53571e-12
      1324.10  6.37268e-09  7.52277e-12
      1324.45  4.68791e-09  6.52070e-12
      1324.80  3.26176e-09  5.92533e-12
      