227
      1249.95  2.25193e-08  2.54427e-11
      1250.27  1.11685e-08  1.73734e-11
      1250.58  3.94816e-09  1.10295e-11
      1250.89  2.92017e-09  9.84041e-12
      1251.20  3.83461e-09  1.06991e-11
      1251.52  5.69462e-09  1.24170e-11
      1251.83  9.40351e-09  1.63740e-11
      1252.14  1.22462e-08  2.06121e-11
      1252.46  1.21618e-08  1.90706e-11
      1252.77  1.15441e-08  1.67638e-11
      1253.09  1.77485e-08  1.94664e-11
      1253.40  3.14796e-08  2.46613e-11
      1253.71  3.81944e-08  2.63497e-11
      1254.03  2.49679e-08  2.04822e-11
      1254.34  1.33121e-08  1.48234e-11
      1254.66  1.57194e-08  1.65235e-11
      1254.97  2.27864e-08  2.08203e-11
      1255.29  1.63247e-08  1.75609e-11
      1255.60  8.28846e-09  1.27483e-11
      1255.92  8.90279e-09  1.34146e-11
      1256.23  1.44204e-08  1.58251e-11
      1256.55  2.16400e-08  1.95676e-11
      1256.87  1.62219e-08  1.64939e-11
      1257.18  8.18387e-09  1.20984e-11
      1257.50  5.98364e-09  1.10417e-11
      1257.81  6.65077e-09  1.20400e-11
      1258.13  8.18845e-09  1.39349e-11
      1258.45  8.32160e-09  1.39775e-11
      1258.76  8.87737e-09  1.38621e-11
      1259.08  1.46752e-08  1.68449e-11
      1259.40  2.80633e-08  2.28681e-11
      1259.72  3.72672e-08  2.66102e-11
      1260.03  2.85536e-08  2.27761e-11
      1260.35  2.15013e-08  1.97529e-11
      1260.67  2.73682e-08  2.39944e-11
      1260.99  2.55491e-08  2.31467e-11
      1261.30  2.01355e-08  2.04455e-11
      1261.62  2.22457e-08  2.38181e-11
      1261.94  2.48094e-08  2.44557e-11
      1262.26  2.67298e-08  2.38828e-11
      1262.58  1.97832e-08  1.89378e-11
      1262.90  2.08677e-08  1.79930e-11
      1263.22  3.11286e-08  2.29982e-11
      1263.54  2.64939e-08  2.07676e-11
      1263.86  1.75990e-08  1.69380e-11
      1264.17  1.43122e-08  1.57418e-11
      1264.49  1.07615e-08  1.33185e-11
      1264.81  1.12538e-08  1.26922e-11
      1265.13  2.06830e-08  1.64503e-11
      1265.45  3.10759e-08  2.00587e-11
      1265.77  2.81901e-08  1.89178e-11
      1266.10  1.62563e-08  1.45198e-11
      1266.42  9.02936e-09  1.14443e-11
      1266.74  7.81357e-09  1.13096e-11
      1267.06  1.02240e-08  1.26690e-11
      1267.38  1.94031e-08  1.69625e-11
      1267.70  3.31540e-08  2.25812e-11
      1268.02  3.62579e-08  2.27976e-11
      1268.34  3.56665e-08  2.27546e-11
      1268.67  3.30374e-08  2.20706e-11
      1268.99  3.22989e-08  2.27983e-11
      1269.31  2.60704e-08  2.09895e-11
      1269.63  1.81845e-08  1.81888e-11
      1269.95  1.53027e-08  1.69792e-11
      1270.28  1.80384e-08  1.79208e-11
      1270.60  2.78387e-08  2.20807e-11
      1270.92  3.31571e-08  2.29461e-11
      1271.25  3.60234e-08  2.33891e-11
      1271.57  3.52462e-08  2.35383e-11
      1271.89  2.21609e-08  1.83477e-11
      1272.22  1.09625e-08  1.32378e-11
      1272.54  7.08274e-09  1.13501e-11
      1272.86  5.86727e-09  1.04890e-11
      1273.19  5.46675e-09  9.83724e-12
      1273.51  6.42963e-09  9.95182e-12
      1273.84  9.64657e-09  1.14018e-11
      1274.16  1.25479e-08  1.24938e-11
      1274.49  1.56750e-08  1.33520e-11
      1274.81  2.65053e-08  1.78345e-11
      1275.14  3.58877e-08  2.14808e-11
      1275.46  3.26059e-08  2.08781e-11
      1275.79  2.23140e-08  1.75949e-11
      1276.11  1.51432e-08  1.45240e-11
      1276.44  1.87486e-08  1.57956e-11
      1276.76  3.09331e-08  2.12536e-11
      1277.09  3.17566e-08  2.04791e-11
      1277.42  3.26394e-08  2.20936e-11
      1277.74  2.32605e-08  1.87916e-11
      1278.07  1.16505e-08  1.39427e-11
      1278.40  7.42754e-09  1.24120e-11
      1278.72  5.79612e-09  1.15200e-11
      1279.05  5.73042e-09  1.08380e-11
      1279.38  7.48530e-09  1.16683e-11
      1279.71  1.06271e-08  1.32157e-11
      1280.03  1.36643e-08  1.55617e-11
      1280.36  1.26373e-08  1.43115e-11
      1280.69  1.34507e-08  1.42557e-11
      1281.02  1.73823e-08  1.62142e-11
      1281.34  2.41933e-08  1.91494e-11
      1281.67  2.85899e-08  2.09391e-11
      1282.00  2.33935e-08  1.79120e-11
      1282.33  2.37828e-08  1.70802e-11
      1282.66  3.44803e-08  2.02324e-11
      1282.99  4.25977e-08  2.21013e-11
      1283.32  4.21145e-08  2.23896e-11
      1283.65  3.09356e-08  1.96372e-11
      1283.98  1.77597e-08  1.54397e-11
      1284.31  1.09049e-08  1.31084e-11
      1284.64  8.33207e-09  1.20511e-11
      1284.97  8.20475e-09  1.18654e-11
      1285.30  9.42419e-09  1.26596e-11
      1285.63  8.30396e-09  1.17265e-11
      1285.96  7.71783e-09  1.11786e-11
      1286.29  1.10476e-08  1.35187e-11
      1286.62  1.48968e-08  1.62443e-11
      1286.95  1.43313e-08  1.58428e-11
      1287.28  1.75174e-08  1.73939e-11
      1287.61  2.83670e-08  2.27101e-11
      1287.95  3.35386e-08  2.50622e-11
      1288.28  3.38885e-08  2.27953e-11
      1288.61  3.39714e-08  2.13475e-11
      1288.94  3.32439e-08  2.09132e-11
      1289.27  2.46671e-08  1.74330e-11
      1289.61  1.90873e-08  1.57153e-11
      1289.94  1.56343e-08  1.45134e-11
      1290.27  1.10929e-08  1.23735e-11
      1290.61  9.45151e-09  1.18112e-11
      1290.94  7.26545e-09  1.03037e-11
      1291.27  5.50665e-09  9.04814e-12
      1291.61  6.33936e-09  9.47838e-12
      1291.94  1.00835e-08  1.19172e-11
      1292.27  1.63793e-08  1.52790e-11
      1292.61  2.24732e-08  1.93096e-11
      1292.94  1.70625e-08  1.67665e-11
      1293.28  1.39471e-08  1.55256e-11
      1293.61  1.78530e-08  1.79944e-11
      1293.95  2.18967e-08  1.88379e-11
      1294.28  3.10901e-08  2.22022e-11
      1294.62  3.45344e-08  2.27427e-11
      1294.95  2.97123e-08  2.03577e-11
      1295.29  2.90415e-08  2.04595e-11
      1295.62  2.53592e-08  1.90706e-11
      1295.96  1.92615e-08  1.65803e-11
      1296.29  1.69203e-08  1.53980e-11
      1296.63  1.75376e-08  1.53070e-11
      1296.97  2.09504e-08  1.58543e-11
      1297.30  3.03870e-08  1.86533e-11
      1297.64  3.97587e-08  2.14622e-11
      1297.98  3.46102e-08  2.01185e-11
      1298.31  2.33898e-08  1.73378e-11
      1298.65  1.40139e-08  1.39700e-11
      1298.99  1.09518e-08  1.29101e-11
      1299.33  1.72946e-08  1.64874e-11
      1299.66  2.96857e-08  2.23825e-11
      1300.00  3.28257e-08  2.27009e-11
      1300.34  2.92622e-08  2.14363e-11
      1300.68  2.05036e-08  1.73410e-11
      1301.02  2.05294e-08  1.71418e-11
      1301.35  3.47448e-08  2.35552e-11
      1301.69  4.06109e-08  2.50265e-11
      1302.03  3.91836e-08  2.45813e-11
      1302.37  3.41781e-08  2.18043e-11
      1302.71  3.93679e-08  2.30966e-11
      1303.05  4.24176e-08  2.23197e-11
      1303.39  4.78447e-08  2.31761e-11
      1303.73  5.11722e-08  2.39998e-11
      1304.07  4.77323e-08  2.32217e-11
      1304.41  4.88290e-08  2.43035e-11
      1304.75  5.15277e-08  2.60621e-11
      1305.09  5.30396e-08  2.68559e-11
      1305.43  6.07193e-08  2.93100e-11
      1305.77  6.97486e-08  3.14864e-11
      1306.11  6.93412e-08  3.16803e-11
      1306.46  4.86696e-08  2.64201e-11
      1306.80  2.60371e-08  1.92903e-11
      1307.14  1.52655e-08  1.55167e-11
      1307.48  1.09732e-08  1.36801e-11
      1307.82  8.88320e-09  1.24781e-11
      1308.16  8.77751e-09  1.21933e-11
      1308.51  1.02839e-08  1.28450e-11
      1308.85  8.45208e-09  1.10630e-11
      1309.19  6.20552e-09  9.15919e-12
      1309.53  5.73538e-09  8.79566e-12
      1309.88  5.62962e-09  8.77701e-12
      1310.22  6.01222e-09  9.16029e-12
      1310.56  7.62299e-09  1.03778e-11
      1310.91  1.28335e-08  1.33073e-11
      1311.25  2.27751e-08  1.85844e-11
      1311.60  2.30575e-08  1.85515e-11
      1311.94  1.41368e-08  1.44514e-11
      1312.28  7.85451e-09  1.11773e-11
      1312.63  5.53824e-09  9.84938e-12
      1312.97  4.79963e-09  9.49919e-12
      1313.32  6.25964e-09  1.07121e-11
      1313.66  1.01078e-08  1.40217e-11
      1314.01  8.52583e-09  1.25177e-11
      1314.35  4.99128e-09  9.50914e-12
      1314.70  3.90863e-09  8.19371e-12
      1315.05  3.89720e-09  7.81234e-12
      1315.39  4.40076e-09  8.00597e-12
      1315.74  5.54761e-09  8.76938e-12
      1316.08  8.21557e-09  1.03782e-11
      1316.43  1.53888e-08  1.41941e-11
      1316.78  2.53922e-08  1.94109e-11
      1317.12  2.04029e-08  1.72048e-11
      1317.47  1.02517e-08  1.22762e-11
      1317.82  6.42757e-09  1.02125e-11
      1318.17  6.54810e-09  1.01955e-11
      1318.51  1.07084e-08  1.33551e-11
      1318.86  1.33134e-08  1.53546e-11
      1319.21  8.94290e-09  1.26752e-11
      1319.56  5.28653e-09  9.99965e-12
      1319.91  5.53173e-09  1.04139e-11
      1320.25  5.60718e-09  1.00147e-11
      1320.60  5.56918e-09  9.29557e-12
      1320.95  6.70633e-09  9.61626e-12
      1321.30  9.26253e-09  1.07242e-11
      1321.65  1.69576e-08  1.39786e-11
      1322.00  3.04794e-08  2.01089e-11
      1322.35  2.63846e-08  1.88072e-11
      1322.70  1.40843e-08  1.40528e-11
      1323.05  9.48185e-09  1.20110e-11
      1323.40  1.06498e-08  1.29731e-11
      1323.75  1.25388e-08  1.39906e-11
      1324.10  1.31513e-08  1.45591e-11
      1324.45  9.65322e-09  1.25704e-11
      1324.80  7.01105e-09  1.24045e-11
      