227
      1249.95  7.63842e-09  1.13061e-11
      1250.27  3.60703e-09  7.83371e-12
      1250.58  1.07124e-09  5.50771e-12
      1250.89  7.19538e-10  5.22974e-12
      1251.20  9.69433e-10  5.43659e-12
      1251.52  1.58785e-09  5.92023e-12
      1251.83  2.96519e-09  7.57205e-12
      1252.14  3.93371e-09  8.37646e-12
      1252.46  3.72552e-09  8.16600e-12
      1252.77  3.31204e-09  7.33286e-12
      1253.09  5.68290e-09  8.45046e-12
      1253.40  1.15662e-08  1.11496e-11
      1253.71  1.50252e-08  1.26345e-11
      1254.03  9.05652e-09  9.52668e-12
      1254.34  3.96440e-09  6.84067e-12
      1254.66  4.90701e-09  7.64348e-12
      1254.97  8.35940e-09  1.04289e-11
      1255.29  5.59980e-09  8.51160e-12
      1255.60  2.25065e-09  5.94461e-12
      1255.92  2.51197e-09  6.13871e-12
      1256.23  4.50940e-09  7.04147e-12
      1256.55  7.84333e-09  9.04248e-12
      1256.87  5.58260e-09  7.68940e-12
      1257.18  2.29670e-09  5.68152e-12
      1257.50  1.61124e-09  5.38973e-12
      1257.81  1.85603e-09  5.78023e-12
      1258.13  2.38180e-09  6.43357e-12
      1258.45  2.38119e-09  6.38842e-12
      1258.76  2.47016e-09  6.21620e-12
      1259.08  4.58685e-09  7.35025e-12
      1259.40  1.00918e-08  1.02671e-11
      1259.72  1.42860e-08  1.21071e-11
      1260.03  1.07278e-08  1.04276e-11
      1260.35  7.41788e-09  8.90527e-12
      1260.67  9.66235e-09  1.08923e-11
      1260.99  9.09122e-09  1.06522e-11
      1261.30  7.05533e-09  9.15910e-12
      1261.62  8.86238e-09  1.01108e-11
      1261.94  9.48169e-09  9.81453e-12
      1262.26  9.68005e-09  1.00466e-11
      1262.58  7.10694e-09  8.36277e-12
      1262.90  7.25043e-09  8.16560e-12
      1263.22  1.16171e-08  1.08117e-11
      1263.54  9.77823e-09  9.95533e-12
      1263.86  5.84276e-09  7.84488e-12
      1264.17  4.43011e-09  7.09190e-12
      1264.49  3.16327e-09  5.88844e-12
      1264.81  3.37687e-09  5.64666e-12
      1265.13  7.18642e-09  7.53475e-12
      1265.45  1.16919e-08  9.42546e-12
      1265.77  1.05608e-08  8.99930e-12
      1266.10  5.48898e-09  6.78147e-12
      1266.42  2.56654e-09  5.21909e-12
      1266.74  2.12635e-09  5.16412e-12
      1267.06  2.96123e-09  5.68590e-12
      1267.38  6.69807e-09  7.53981e-12
      1267.70  1.31275e-08  1.02636e-11
      1268.02  1.41616e-08  1.01514e-11
      1268.34  1.37662e-08  1.01587e-11
      1268.67  1.24904e-08  9.77390e-12
      1268.99  1.21996e-08  1.02292e-11
      1269.31  9.51123e-09  9.34925e-12
      1269.63  5.93715e-09  7.84167e-12
      1269.95  4.80660e-09  7.31941e-12
      1270.28  6.04503e-09  7.71199e-12
      1270.60  1.03700e-08  9.78315e-12
      1270.92  1.27440e-08  1.03617e-11
      1271.25  1.38846e-08  1.06394e-11
      1271.57  1.36577e-08  1.08655e-11
      1271.89  8.20090e-09  8.68133e-12
      1272.22  3.39629e-09  6.04268e-12
      1272.54  1.94119e-09  5.21114e-12
      1272.86  1.54553e-09  4.85386e-12
      1273.19  1.45184e-09  4.58419e-12
      1273.51  1.81290e-09  4.54409e-12
      1273.84  2.91833e-09  5.12041e-12
      1274.16  3.95773e-09  5.66647e-12
      1274.49  5.30527e-09  6.24711e-12
      1274.81  9.71857e-09  8.52570e-12
      1275.14  1.37497e-08  1.03716e-11
      1275.46  1.24680e-08  1.00222e-11
      1275.79  8.02991e-09  8.24783e-12
      1276.11  5.03767e-09  6.54825e-12
      1276.44  6.63858e-09  7.00844e-12
      1276.76  1.17438e-08  9.31430e-12
      1277.09  1.23485e-08  9.26933e-12
      1277.42  1.25214e-08  9.79742e-12
      1277.74  8.74386e-09  8.63370e-12
      1278.07  3.81690e-09  6.27165e-12
      1278.40  2.13006e-09  5.52306e-12
      1278.72  1.61672e-09  5.06996e-12
      1279.05  1.58782e-09  4.90461e-12
      1279.38  2.16795e-09  5.19470e-12
      1279.71  3.38222e-09  5.90633e-12
      1280.03  4.55283e-09  6.67139e-12
      1280.36  4.16766e-09  6.33805e-12
      1280.69  4.31814e-09  6.64783e-12
      1281.02  5.78501e-09  7.63895e-12
      1281.34  8.70104e-09  9.20094e-12
      1281.67  1.08021e-08  1.02348e-11
      1282.00  8.52606e-09  8.58303e-12
      1282.33  8.53135e-09  8.02893e-12
      1282.66  1.33719e-08  9.68443e-12
      1282.99  1.73990e-08  1.08234e-11
      1283.32  1.74895e-08  1.10265e-11
      1283.65  1.22512e-08  9.43850e-12
      1283.98  6.22400e-09  7.09010e-12
      1284.31  3.37576e-09  5.83730e-12
      1284.64  2.45354e-09  5.24391e-12
      1284.97  2.40745e-09  5.14708e-12
      1285.30  2.87266e-09  5.42234e-12
      1285.63  2.48478e-09  5.08241e-12
      1285.96  2.26052e-09  4.80732e-12
      1286.29  3.55813e-09  5.97528e-12
      1286.62  5.14382e-09  7.30689e-12
      1286.95  4.81302e-09  7.18247e-12
      1287.28  6.02655e-09  7.89733e-12
      1287.61  1.09743e-08  1.06033e-11
      1287.95  1.33269e-08  1.11953e-11
      1288.28  1.32187e-08  1.06334e-11
      1288.61  1.31323e-08  1.01879e-11
      1288.94  1.30914e-08  1.02411e-11
      1289.27  9.30322e-09  8.66446e-12
      1289.61  6.55462e-09  7.55059e-12
      1289.94  5.19872e-09  7.03962e-12
      1290.27  3.43904e-09  5.89844e-12
      1290.61  2.90552e-09  5.58262e-12
      1290.94  2.22464e-09  4.90487e-12
      1291.27  1.60577e-09  4.23981e-12
      1291.61  1.85722e-09  4.22069e-12
      1291.94  3.09474e-09  5.08804e-12
      1292.27  5.50460e-09  6.59637e-12
      1292.61  8.20842e-09  8.44374e-12
      1292.94  6.08349e-09  7.43884e-12
      1293.28  4.36903e-09  6.60809e-12
      1293.61  5.85140e-09  7.67302e-12
      1293.95  7.64018e-09  8.20750e-12
      1294.28  1.17431e-08  1.03080e-11
      1294.62  1.34410e-08  1.06046e-11
      1294.95  1.11167e-08  9.44286e-12
      1295.29  1.05922e-08  9.72937e-12
      1295.62  9.05619e-09  9.15610e-12
      1295.96  6.45189e-09  7.89864e-12
      1296.29  5.51615e-09  7.42498e-12
      1296.63  5.75044e-09  7.25690e-12
      1296.97  7.19828e-09  7.54970e-12
      1297.30  1.15666e-08  8.97726e-12
      1297.64  1.60685e-08  1.05320e-11
      1297.98  1.35298e-08  9.53139e-12
      1298.31  8.23480e-09  7.69185e-12
      1298.65  4.43809e-09  6.09241e-12
      1298.99  3.22759e-09  5.45243e-12
      1299.33  5.85967e-09  6.90196e-12
      1299.66  1.12849e-08  9.61778e-12
      1300.00  1.27710e-08  9.91083e-12
      1300.34  1.10034e-08  9.13377e-12
      1300.68  7.30991e-09  7.48976e-12
      1301.02  7.33455e-09  7.58482e-12
      1301.35  1.36981e-08  1.12014e-11
      1301.69  1.65140e-08  1.22087e-11
      1302.03  1.60565e-08  1.22398e-11
      1302.37  1.38905e-08  1.07649e-11
      1302.71  1.64238e-08  1.16241e-11
      1303.05  1.79951e-08  1.13950e-11
      1303.39  2.07916e-08  1.20348e-11
      1303.73  2.26309e-08  1.25189e-11
      1304.07  2.07248e-08  1.18310e-11
      1304.41  2.10383e-08  1.21839e-11
      1304.75  2.24626e-08  1.27558e-11
      1305.09  2.35684e-08  1.28878e-11
      1305.43  2.81891e-08  1.40198e-11
      1305.77  3.38253e-08  1.50931e-11
      1306.11  3.40128e-08  1.53406e-11
      1306.46  2.25473e-08  1.24155e-11
      1306.80  1.04488e-08  8.67963e-12
      1307.14  5.14489e-09  6.77961e-12
      1307.48  3.37154e-09  6.07371e-12
      1307.82  2.63304e-09  5.68776e-12
      1308.16  2.64385e-09  5.65311e-12
      1308.51  3.17521e-09  6.08205e-12
      1308.85  2.57582e-09  5.25161e-12
      1309.19  1.81302e-09  4.47971e-12
      1309.53  1.63827e-09  4.39074e-12
      1309.88  1.61294e-09  4.41627e-12
      1310.22  1.75981e-09  4.59451e-12
      1310.56  2.33977e-09  5.00506e-12
      1310.91  4.50653e-09  6.26781e-12
      1311.25  8.59229e-09  8.24515e-12
      1311.60  8.67021e-09  7.96138e-12
      1311.94  5.01642e-09  6.05142e-12
      1312.28  2.50147e-09  4.69568e-12
      1312.63  1.62775e-09  4.32452e-12
      1312.97  1.37535e-09  4.30932e-12
      1313.32  1.91720e-09  5.07230e-12
      1313.66  3.23001e-09  6.28538e-12
      1314.01  2.72230e-09  5.86536e-12
      1314.35  1.49576e-09  4.60777e-12
      1314.70  1.10362e-09  4.11972e-12
      1315.05  1.09539e-09  3.90102e-12
      1315.39  1.25284e-09  4.05919e-12
      1315.74  1.63718e-09  4.55556e-12
      1316.08  2.60348e-09  5.24362e-12
      1316.43  5.54907e-09  7.06314e-12
      1316.78  9.84158e-09  9.27420e-12
      1317.12  7.87214e-09  8.04835e-12
      1317.47  3.47956e-09  5.44171e-12
      1317.82  1.95806e-09  4.40290e-12
      1318.17  1.99723e-09  4.42894e-12
      1318.51  3.44491e-09  5.65626e-12
      1318.86  4.37917e-09  6.60474e-12
      1319.21  2.89457e-09  5.76156e-12
      1319.56  1.57832e-09  4.91083e-12
      1319.91  1.62845e-09  5.15167e-12
      1320.25  1.64495e-09  4.87316e-12
      1320.60  1.62958e-09  4.52352e-12
      1320.95  2.08798e-09  4.73006e-12
      1321.30  3.12952e-09  5.40313e-12
      1321.65  6.42974e-09  7.17493e-12
      1322.00  1.26505e-08  1.05876e-11
      1322.35  1.07014e-08  9.50887e-12
      1322.70  5.03555e-09  6.55627e-12
      1323.05  3.03017e-09  5.25368e-12
      1323.40  3.38559e-09  5.34548e-12
      1323.75  4.06521e-09  5.66784e-12
      1324.10  4.24712e-09  5.99599e-12
      1324.45  3.06581e-09  5.31484e-12
      1324.80  2.11669e-09  4.96186e-12
      