227
      1249.95  8.98602e-09  1.16653e-11
      1250.27  4.34631e-09  8.33151e-12
      1250.58  1.34712e-09  5.63346e-12
      1250.89  9.17879e-10  5.19292e-12
      1251.20  1.24832e-09  5.52572e-12
      1251.52  2.00776e-09  6.33691e-12
      1251.83  3.56979e-09  7.94512e-12
      1252.14  4.68596e-09  9.05766e-12
      1252.46  4.49408e-09  8.83539e-12
      1252.77  4.11604e-09  8.25484e-12
      1253.09  6.89871e-09  9.47286e-12
      1253.40  1.35407e-08  1.22935e-11
      1253.71  1.72608e-08  1.39721e-11
      1254.03  1.06229e-08  1.08750e-11
      1254.34  4.85807e-09  7.33853e-12
      1254.66  5.92236e-09  8.26567e-12
      1254.97  9.77954e-09  1.09464e-11
      1255.29  6.61654e-09  8.97745e-12
      1255.60  2.76861e-09  6.27410e-12
      1255.92  3.07887e-09  6.39640e-12
      1256.23  5.41337e-09  7.19071e-12
      1256.55  9.04373e-09  9.05965e-12
      1256.87  6.56449e-09  7.54209e-12
      1257.18  2.80236e-09  5.40986e-12
      1257.50  1.96282e-09  5.12359e-12
      1257.81  2.25457e-09  5.55990e-12
      1258.13  2.85711e-09  6.20312e-12
      1258.45  2.87074e-09  6.17869e-12
      1258.76  3.01229e-09  5.94537e-12
      1259.08  5.49754e-09  7.09262e-12
      1259.40  1.16233e-08  9.80011e-12
      1259.72  1.61248e-08  1.16063e-11
      1260.03  1.23412e-08  1.01229e-11
      1260.35  8.82914e-09  8.75830e-12
      1260.67  1.12047e-08  1.05617e-11
      1260.99  1.05751e-08  1.05249e-11
      1261.30  8.43886e-09  9.31946e-12
      1261.62  1.04069e-08  1.05385e-11
      1261.94  1.11392e-08  1.03394e-11
      1262.26  1.13808e-08  1.03625e-11
      1262.58  8.42007e-09  8.62181e-12
      1262.90  8.66450e-09  8.67560e-12
      1263.22  1.36120e-08  1.14514e-11
      1263.54  1.14188e-08  1.05113e-11
      1263.86  7.00404e-09  8.44670e-12
      1264.17  5.38738e-09  7.77535e-12
      1264.49  3.86267e-09  6.54535e-12
      1264.81  4.10017e-09  6.13415e-12
      1265.13  8.51319e-09  8.17878e-12
      1265.45  1.36344e-08  1.01570e-11
      1265.77  1.22870e-08  9.56189e-12
      1266.10  6.50701e-09  7.07733e-12
      1266.42  3.15130e-09  5.44905e-12
      1266.74  2.62299e-09  5.24096e-12
      1267.06  3.62206e-09  5.78372e-12
      1267.38  7.85160e-09  7.67105e-12
      1267.70  1.44500e-08  1.06078e-11
      1268.02  1.58116e-08  1.04565e-11
      1268.34  1.55073e-08  1.02933e-11
      1268.67  1.39421e-08  9.74104e-12
      1268.99  1.39308e-08  9.95721e-12
      1269.31  1.09063e-08  9.08785e-12
      1269.63  6.98628e-09  7.69112e-12
      1269.95  5.69724e-09  7.17741e-12
      1270.28  7.11377e-09  7.70123e-12
      1270.60  1.20298e-08  9.84700e-12
      1270.92  1.47196e-08  1.05070e-11
      1271.25  1.61159e-08  1.08845e-11
      1271.57  1.58597e-08  1.11781e-11
      1271.89  9.57549e-09  8.87413e-12
      1272.22  4.13873e-09  6.36982e-12
      1272.54  2.36938e-09  5.76591e-12
      1272.86  1.84532e-09  5.41521e-12
      1273.19  1.82817e-09  4.96118e-12
      1273.51  2.24932e-09  4.96909e-12
      1273.84  3.58282e-09  5.65713e-12
      1274.16  4.79685e-09  6.17509e-12
      1274.49  6.30451e-09  6.73152e-12
      1274.81  1.14180e-08  9.11126e-12
      1275.14  1.60239e-08  1.09136e-11
      1275.46  1.44916e-08  1.04952e-11
      1275.79  9.38454e-09  8.53711e-12
      1276.11  5.95450e-09  6.70428e-12
      1276.44  7.71845e-09  7.19515e-12
      1276.76  1.30141e-08  9.67957e-12
      1277.09  1.38193e-08  9.42907e-12
      1277.42  1.42516e-08  9.63703e-12
      1277.74  9.92860e-09  8.24477e-12
      1278.07  4.48183e-09  6.00050e-12
      1278.40  2.56992e-09  5.24027e-12
      1278.72  1.96337e-09  4.94301e-12
      1279.05  1.93939e-09  4.83495e-12
      1279.38  2.63330e-09  5.22381e-12
      1279.71  4.05755e-09  5.94572e-12
      1280.03  5.44093e-09  6.82860e-12
      1280.36  5.01179e-09  6.54710e-12
      1280.69  5.24897e-09  6.83356e-12
      1281.02  6.97419e-09  7.88792e-12
      1281.34  1.03136e-08  9.71671e-12
      1281.67  1.22805e-08  1.12565e-11
      1282.00  9.40877e-09  9.38987e-12
      1282.33  1.01389e-08  8.61049e-12
      1282.66  1.56036e-08  1.03879e-11
      1282.99  2.00275e-08  1.14579e-11
      1283.32  1.99972e-08  1.15238e-11
      1283.65  1.40648e-08  9.86680e-12
      1283.98  7.32663e-09  7.37957e-12
      1284.31  4.04786e-09  5.99830e-12
      1284.64  2.93847e-09  5.35805e-12
      1284.97  2.87567e-09  5.20365e-12
      1285.30  3.26709e-09  5.58522e-12
      1285.63  2.79981e-09  5.08308e-12
      1285.96  2.68263e-09  4.74903e-12
      1286.29  4.18473e-09  5.85538e-12
      1286.62  5.99998e-09  7.23475e-12
      1286.95  5.63362e-09  7.10198e-12
      1287.28  7.08532e-09  7.84462e-12
      1287.61  1.27704e-08  1.07403e-11
      1287.95  1.54392e-08  1.15325e-11
      1288.28  1.54073e-08  1.11404e-11
      1288.61  1.53738e-08  1.06510e-11
      1288.94  1.53820e-08  1.07506e-11
      1289.27  1.09255e-08  9.02011e-12
      1289.61  7.83966e-09  7.99793e-12
      1289.94  6.25696e-09  7.48307e-12
      1290.27  4.18941e-09  6.23105e-12
      1290.61  3.51219e-09  5.89511e-12
      1290.94  2.68744e-09  5.15269e-12
      1291.27  1.94568e-09  4.31613e-12
      1291.61  2.23224e-09  4.41651e-12
      1291.94  3.67860e-09  5.27226e-12
      1292.27  6.39769e-09  6.70639e-12
      1292.61  9.30185e-09  8.39705e-12
      1292.94  7.00308e-09  7.39385e-12
      1293.28  5.14748e-09  6.53651e-12
      1293.61  6.84002e-09  7.59062e-12
      1293.95  8.96836e-09  8.20131e-12
      1294.28  1.34929e-08  9.89519e-12
      1294.62  1.54824e-08  1.05483e-11
      1294.95  1.31093e-08  9.62178e-12
      1295.29  1.24750e-08  9.82191e-12
      1295.62  1.07784e-08  9.38734e-12
      1295.96  7.80937e-09  8.15498e-12
      1296.29  6.70362e-09  7.70637e-12
      1296.63  6.99905e-09  7.63661e-12
      1296.97  8.69699e-09  7.99409e-12
      1297.30  1.35436e-08  9.51043e-12
      1297.64  1.83204e-08  1.10587e-11
      1297.98  1.55837e-08  1.00927e-11
      1298.31  9.65179e-09  8.11409e-12
      1298.65  5.32285e-09  6.39452e-12
      1298.99  3.93304e-09  5.70647e-12
      1299.33  6.86507e-09  7.26148e-12
      1299.66  1.26550e-08  9.63401e-12
      1300.00  1.44173e-08  9.97781e-12
      1300.34  1.22911e-08  9.52218e-12
      1300.68  8.08276e-09  7.73773e-12
      1301.02  8.69847e-09  7.74806e-12
      1301.35  1.56702e-08  1.10358e-11
      1301.69  1.90055e-08  1.21636e-11
      1302.03  1.85132e-08  1.22625e-11
      1302.37  1.62482e-08  1.10356e-11
      1302.71  1.89772e-08  1.18961e-11
      1303.05  2.07580e-08  1.18303e-11
      1303.39  2.38446e-08  1.25242e-11
      1303.73  2.58500e-08  1.31212e-11
      1304.07  2.36544e-08  1.24884e-11
      1304.41  2.39317e-08  1.28786e-11
      1304.75  2.54022e-08  1.35243e-11
      1305.09  2.63332e-08  1.35293e-11
      1305.43  3.11688e-08  1.46136e-11
      1305.77  3.71193e-08  1.54722e-11
      1306.11  3.73626e-08  1.54837e-11
      1306.46  2.48276e-08  1.24544e-11
      1306.80  1.16622e-08  8.63382e-12
      1307.14  5.94683e-09  6.76081e-12
      1307.48  4.01244e-09  5.97191e-12
      1307.82  3.19037e-09  5.64776e-12
      1308.16  3.23026e-09  5.60737e-12
      1308.51  3.93494e-09  6.12784e-12
      1308.85  3.18421e-09  5.36348e-12
      1309.19  2.25229e-09  4.59314e-12
      1309.53  2.05294e-09  4.49169e-12
      1309.88  2.00399e-09  4.57057e-12
      1310.22  2.15563e-09  4.73462e-12
      1310.56  2.81377e-09  5.25362e-12
      1310.91  5.22676e-09  6.56108e-12
      1311.25  9.97425e-09  8.91524e-12
      1311.60  9.97365e-09  8.55444e-12
      1311.94  5.73340e-09  6.37066e-12
      1312.28  2.89242e-09  4.85013e-12
      1312.63  1.92590e-09  4.41235e-12
      1312.97  1.64643e-09  4.29789e-12
      1313.32  2.28310e-09  4.91325e-12
      1313.66  3.85317e-09  6.30869e-12
      1314.01  3.26125e-09  5.74171e-12
      1314.35  1.84216e-09  4.56705e-12
      1314.70  1.38972e-09  4.10297e-12
      1315.05  1.37736e-09  3.96590e-12
      1315.39  1.57542e-09  4.24765e-12
      1315.74  2.04107e-09  4.75218e-12
      1316.08  3.19616e-09  5.44284e-12
      1316.43  6.59359e-09  7.40130e-12
      1316.78  1.12584e-08  9.96188e-12
      1317.12  9.01501e-09  8.58631e-12
      1317.47  4.08964e-09  5.81532e-12
      1317.82  2.32098e-09  4.59250e-12
      1318.17  2.38219e-09  4.55782e-12
      1318.51  4.02837e-09  5.73977e-12
      1318.86  5.05965e-09  6.61516e-12
      1319.21  3.41487e-09  5.71541e-12
      1319.56  1.92550e-09  4.78268e-12
      1319.91  1.96867e-09  4.90427e-12
      1320.25  2.02486e-09  4.73825e-12
      1320.60  2.01857e-09  4.48993e-12
      1320.95  2.49100e-09  4.78209e-12
      1321.30  3.65607e-09  5.42905e-12
      1321.65  7.51012e-09  7.42800e-12
      1322.00  1.43470e-08  1.08719e-11
      1322.35  1.23766e-08  1.00574e-11
      1322.70  5.92616e-09  7.02135e-12
      1323.05  3.56754e-09  5.64505e-12
      1323.40  3.95740e-09  5.78363e-12
      1323.75  4.73687e-09  6.09562e-12
      1324.10  4.96767e-09  6.27213e-12
      1324.45  3.60234e-09  5.50179e-12
      1324.80  2.50792e-09  4.99809e-12
      