227
      1249.95  2.00472e-08  3.57256e-11
      1250.27  1.38585e-08  2.89401e-11
      1250.58  6.54318e-09  1.69397e-11
      1250.89  4.96099e-09  1.55120e-11
      1251.20  6.16195e-09  1.73480e-11
      1251.52  8.52619e-09  1.99683e-11
      1251.83  1.28577e-08  2.84329e-11
      1252.14  1.71969e-08  3.12250e-11
      1252.46  1.73800e-08  3.01726e-11
      1252.77  1.62493e-08  2.69025e-11
      1253.09  2.38476e-08  3.08982e-11
      1253.40  4.07920e-08  3.92585e-11
      1253.71  5.11035e-08  4.86160e-11
      1254.03  3.00480e-08  3.27999e-11
      1254.34  1.68973e-08  2.70537e-11
      1254.66  2.05343e-08  2.87276e-11
      1254.97  2.92938e-08  3.59746e-11
      1255.29  2.13812e-08  3.03364e-11
      1255.60  1.11128e-08  2.18327e-11
      1255.92  1.05775e-08  2.57983e-11
      1256.23  1.50945e-08  2.05765e-11
      1256.55  2.33522e-08  3.69800e-11
      1256.87  1.56996e-08  2.76775e-11
      1257.18  1.05250e-08  1.74509e-11
      1257.50  8.28053e-09  1.60063e-11
      1257.81  9.22448e-09  1.68110e-11
      1258.13  1.13660e-08  1.86383e-11
      1258.45  1.18388e-08  1.84417e-11
      1258.76  1.28638e-08  1.82866e-11
      1259.08  2.05731e-08  2.13045e-11
      1259.40  3.57245e-08  2.94724e-11
      1259.72  4.79506e-08  3.47603e-11
      1260.03  4.00232e-08  3.56580e-11
      1260.35  2.97851e-08  3.54937e-11
      1260.67  3.71542e-08  4.16001e-11
      1260.99  3.56064e-08  3.70594e-11
      1261.30  3.00212e-08  3.15565e-11
      1261.62  3.53141e-08  3.46078e-11
      1261.94  3.67072e-08  3.34516e-11
      1262.26  3.68876e-08  3.35412e-11
      1262.58  2.84532e-08  2.86774e-11
      1262.90  2.69796e-08  3.20504e-11
      1263.22  3.66994e-08  3.65159e-11
      1263.54  3.40828e-08  3.55283e-11
      1263.86  2.40882e-08  2.81485e-11
      1264.17  1.97223e-08  2.58751e-11
      1264.49  1.48407e-08  2.16057e-11
      1264.81  1.52238e-08  2.07242e-11
      1265.13  2.68889e-08  2.74150e-11
      1265.45  3.98316e-08  3.40522e-11
      1265.77  3.58107e-08  3.24220e-11
      1266.10  2.07959e-08  2.49211e-11
      1266.42  1.19349e-08  1.98065e-11
      1266.74  1.00820e-08  1.95580e-11
      1267.06  1.09876e-08  2.19838e-11
      1267.38  2.31162e-08  2.19102e-11
      1267.70  4.22518e-08  3.08067e-11
      1268.02  4.51035e-08  2.99039e-11
      1268.34  4.56769e-08  3.00841e-11
      1268.67  4.22892e-08  2.83771e-11
      1268.99  4.27917e-08  3.02131e-11
      1269.31  3.45599e-08  2.93773e-11
      1269.63  2.56264e-08  2.61655e-11
      1269.95  2.24513e-08  2.53773e-11
      1270.28  2.56463e-08  2.69938e-11
      1270.60  3.70802e-08  3.81359e-11
      1270.92  4.48792e-08  3.88864e-11
      1271.25  4.80794e-08  4.30155e-11
      1271.57  4.04678e-08  3.23278e-11
      1271.89  2.29080e-08  3.29991e-11
      1272.22  1.52205e-08  2.15510e-11
      1272.54  1.04616e-08  1.81783e-11
      1272.86  8.76190e-09  1.68630e-11
      1273.19  8.15666e-09  1.58807e-11
      1273.51  9.28943e-09  1.60417e-11
      1273.84  1.31660e-08  1.86856e-11
      1274.16  1.68607e-08  2.11814e-11
      1274.49  2.08772e-08  2.32464e-11
      1274.81  3.30474e-08  3.06659e-11
      1275.14  4.37523e-08  3.61970e-11
      1275.46  4.00479e-08  3.46689e-11
      1275.79  2.80139e-08  2.90232e-11
      1276.11  1.94509e-08  2.60769e-11
      1276.44  2.12472e-08  2.21565e-11
      1276.76  3.73433e-08  2.81137e-11
      1277.09  4.00072e-08  3.36768e-11
      1277.42  3.95166e-08  4.26331e-11
      1277.74  2.57796e-08  2.69942e-11
      1278.07  1.77014e-08  2.09375e-11
      1278.40  1.18256e-08  1.79834e-11
      1278.72  9.20119e-09  1.72548e-11
      1279.05  9.12757e-09  1.66246e-11
      1279.38  1.13073e-08  1.88846e-11
      1279.71  1.30448e-08  2.38860e-11
      1280.03  1.89020e-08  2.96429e-11
      1280.36  1.80309e-08  2.34011e-11
      1280.69  1.90007e-08  2.34085e-11
      1281.02  2.38044e-08  2.66623e-11
      1281.34  2.96469e-08  3.63331e-11
      1281.67  3.06442e-08  2.58444e-11
      1282.00  2.74593e-08  3.29260e-11
      1282.33  3.05620e-08  2.78063e-11
      1282.66  4.13363e-08  3.69134e-11
      1282.99  5.17317e-08  3.91095e-11
      1283.32  5.12239e-08  3.84281e-11
      1283.65  3.79148e-08  3.23350e-11
      1283.98  2.22099e-08  2.50974e-11
      1284.31  1.39847e-08  2.10737e-11
      1284.64  1.12609e-08  2.25019e-11
      1284.97  1.09544e-08  1.50050e-11
      1285.30  1.30498e-08  1.80367e-11
      1285.63  1.17050e-08  1.53221e-11
      1285.96  1.07843e-08  1.55443e-11
      1286.29  1.51246e-08  2.11025e-11
      1286.62  2.21012e-08  2.91223e-11
      1286.95  2.05614e-08  2.47076e-11
      1287.28  2.48717e-08  2.68127e-11
      1287.61  3.87714e-08  3.36608e-11
      1287.95  4.50333e-08  3.50095e-11
      1288.28  4.47545e-08  3.39576e-11
      1288.61  4.38674e-08  3.79522e-11
      1288.94  3.85862e-08  3.09527e-11
      1289.27  2.71884e-08  3.39769e-11
      1289.61  2.48709e-08  2.66420e-11
      1289.94  2.06476e-08  2.44385e-11
      1290.27  1.48266e-08  2.06589e-11
      1290.61  1.25243e-08  1.91229e-11
      1290.94  9.70213e-09  1.65194e-11
      1291.27  7.41345e-09  1.42796e-11
      1291.61  8.28113e-09  1.51642e-11
      1291.94  1.11540e-08  2.08519e-11
      1292.27  1.95087e-08  1.78369e-11
      1292.61  2.91763e-08  2.41357e-11
      1292.94  2.39615e-08  2.26298e-11
      1293.28  2.05547e-08  2.14822e-11
      1293.61  2.59496e-08  2.79514e-11
      1293.95  3.14792e-08  2.89259e-11
      1294.28  4.24441e-08  3.42025e-11
      1294.62  4.52602e-08  3.74413e-11
      1294.95  3.89113e-08  3.62586e-11
      1295.29  3.87934e-08  3.26109e-11
      1295.62  3.38268e-08  3.08624e-11
      1295.96  2.61147e-08  2.71244e-11
      1296.29  2.28470e-08  2.52499e-11
      1296.63  2.32874e-08  2.47272e-11
      1296.97  2.73601e-08  2.58662e-11
      1297.30  3.80984e-08  3.02317e-11
      1297.64  4.79672e-08  3.47771e-11
      1297.98  4.21889e-08  3.28366e-11
      1298.31  2.91118e-08  2.74771e-11
      1298.65  1.80345e-08  2.21910e-11
      1298.99  1.35779e-08  2.27777e-11
      1299.33  2.09162e-08  1.90607e-11
      1299.66  3.53891e-08  3.28719e-11
      1300.00  4.10405e-08  4.36127e-11
      1300.34  3.78925e-08  3.64519e-11
      1300.68  2.90930e-08  2.66620e-11
      1301.02  3.02890e-08  2.73038e-11
      1301.35  4.62628e-08  3.53925e-11
      1301.69  5.30835e-08  3.80379e-11
      1302.03  5.03388e-08  3.72551e-11
      1302.37  4.44719e-08  3.63722e-11
      1302.71  4.70554e-08  3.38799e-11
      1303.05  5.34313e-08  3.85005e-11
      1303.39  5.88517e-08  3.73564e-11
      1303.73  6.14714e-08  3.84733e-11
      1304.07  5.79828e-08  3.76059e-11
      1304.41  5.85552e-08  3.87931e-11
      1304.75  6.07635e-08  3.97989e-11
      1305.09  6.19161e-08  4.11690e-11
      1305.43  6.64317e-08  4.88590e-11
      1305.77  8.12705e-08  3.45408e-11
      1306.11  8.57843e-08  4.16804e-11
      1306.46  6.45443e-08  3.57140e-11
      1306.80  3.56829e-08  2.97582e-11
      1307.14  2.20185e-08  2.42246e-11
      1307.48  1.61020e-08  2.14330e-11
      1307.82  1.31085e-08  1.95655e-11
      1308.16  1.25089e-08  2.10479e-11
      1308.51  1.23538e-08  2.23050e-11
      1308.85  8.99526e-09  1.46206e-11
      1309.19  8.29185e-09  1.79893e-11
      1309.53  8.00201e-09  1.47894e-11
      1309.88  7.76260e-09  1.48510e-11
      1310.22  8.15997e-09  1.53281e-11
      1310.56  1.01133e-08  1.68378e-11
      1310.91  1.63354e-08  2.09237e-11
      1311.25  2.67510e-08  2.69353e-11
      1311.60  2.83474e-08  2.94960e-11
      1311.94  2.18400e-08  2.22541e-11
      1312.28  1.20992e-08  1.59508e-11
      1312.63  8.55347e-09  1.47414e-11
      1312.97  7.49194e-09  1.48942e-11
      1313.32  9.82414e-09  1.70935e-11
      1313.66  1.41557e-08  2.09723e-11
      1314.01  1.19727e-08  1.88050e-11
      1314.35  7.86316e-09  1.73571e-11
      1314.70  5.72663e-09  1.43831e-11
      1315.05  5.71399e-09  1.29122e-11
      1315.39  6.27369e-09  1.31509e-11
      1315.74  7.70666e-09  1.47020e-11
      1316.08  1.10259e-08  1.74583e-11
      1316.43  1.96060e-08  2.29269e-11
      1316.78  2.98495e-08  2.90608e-11
      1317.12  2.45452e-08  2.56547e-11
      1317.47  1.36585e-08  1.99500e-11
      1317.82  9.72863e-09  1.52971e-11
      1318.17  8.96622e-09  1.38736e-11
      1318.51  1.50235e-08  1.92953e-11
      1318.86  1.84754e-08  2.34022e-11
      1319.21  1.38033e-08  2.22570e-11
      1319.56  9.34532e-09  1.98866e-11
      1319.91  6.17079e-09  1.43366e-11
      1320.25  7.31839e-09  1.73396e-11
      1320.60  8.00116e-09  1.60793e-11
      1320.95  9.36493e-09  1.56345e-11
      1321.30  1.26509e-08  1.78986e-11
      1321.65  2.19380e-08  2.34097e-11
      1322.00  3.61451e-08  3.19157e-11
      1322.35  3.17335e-08  2.94243e-11
      1322.70  1.78195e-08  2.14210e-11
      1323.05  1.21334e-08  2.07804e-11
      1323.40  1.35521e-08  1.50158e-11
      1323.75  1.65954e-08  1.93128e-11
      1324.10  1.81240e-08  2.47079e-11
      1324.45  1.21788e-08  2.54442e-11
      1324.80  1.01061e-08  1.81159e-11
      