227
      1249.95  1.09887e-08  1.42141e-11
      1250.27  5.59313e-09  9.96995e-12
      1250.58  1.90628e-09  6.50422e-12
      1250.89  1.28035e-09  5.85537e-12
      1251.20  1.63856e-09  6.20239e-12
      1251.52  2.55431e-09  7.08976e-12
      1251.83  4.43502e-09  9.05703e-12
      1252.14  5.81240e-09  1.03650e-11
      1252.46  5.61828e-09  1.02073e-11
      1252.77  5.14762e-09  9.41517e-12
      1253.09  8.35325e-09  1.08354e-11
      1253.40  1.59892e-08  1.42403e-11
      1253.71  2.01479e-08  1.60482e-11
      1254.03  1.26484e-08  1.24397e-11
      1254.34  6.09602e-09  9.17001e-12
      1254.66  7.24757e-09  1.03622e-11
      1254.97  1.15807e-08  1.41233e-11
      1255.29  7.93459e-09  1.15798e-11
      1255.60  3.57866e-09  8.21385e-12
      1255.92  3.86394e-09  8.60245e-12
      1256.23  6.59310e-09  9.91549e-12
      1256.55  1.10798e-08  1.29407e-11
      1256.87  7.93214e-09  1.06215e-11
      1257.18  3.55695e-09  7.71801e-12
      1257.50  2.54940e-09  7.44897e-12
      1257.81  2.90696e-09  8.07075e-12
      1258.13  3.71917e-09  8.97463e-12
      1258.45  3.73904e-09  8.94133e-12
      1258.76  3.89169e-09  8.50937e-12
      1259.08  6.87151e-09  1.00870e-11
      1259.40  1.43991e-08  1.39397e-11
      1259.72  2.01096e-08  1.65431e-11
      1260.03  1.52681e-08  1.41522e-11
      1260.35  1.08161e-08  1.19548e-11
      1260.67  1.39616e-08  1.44589e-11
      1260.99  1.31778e-08  1.38569e-11
      1261.30  1.02982e-08  1.16542e-11
      1261.62  1.27644e-08  1.28572e-11
      1261.94  1.35057e-08  1.22996e-11
      1262.26  1.38031e-08  1.22741e-11
      1262.58  1.03404e-08  1.01928e-11
      1262.90  1.03901e-08  1.00793e-11
      1263.22  1.60906e-08  1.33017e-11
      1263.54  1.36980e-08  1.22870e-11
      1263.86  8.54786e-09  9.81334e-12
      1264.17  6.63581e-09  8.99675e-12
      1264.49  4.84456e-09  7.65018e-12
      1264.81  5.08951e-09  7.37528e-12
      1265.13  1.01255e-08  9.97218e-12
      1265.45  1.59782e-08  1.26314e-11
      1265.77  1.45518e-08  1.23242e-11
      1266.10  7.97074e-09  9.47949e-12
      1266.42  4.01357e-09  7.46520e-12
      1266.74  3.34940e-09  7.27849e-12
      1267.06  4.49958e-09  8.01908e-12
      1267.38  9.49742e-09  1.07820e-11
      1267.70  1.77823e-08  1.46394e-11
      1268.02  1.92938e-08  1.45644e-11
      1268.34  1.89664e-08  1.45436e-11
      1268.67  1.73469e-08  1.39173e-11
      1268.99  1.71754e-08  1.45813e-11
      1269.31  1.35753e-08  1.32315e-11
      1269.63  8.91044e-09  1.09946e-11
      1269.95  7.30691e-09  1.00033e-11
      1270.28  8.81021e-09  1.02217e-11
      1270.60  1.46597e-08  1.27307e-11
      1270.92  1.77165e-08  1.31868e-11
      1271.25  1.92920e-08  1.34210e-11
      1271.57  1.90775e-08  1.35614e-11
      1271.89  1.15897e-08  1.06746e-11
      1272.22  5.16221e-09  7.62065e-12
      1272.54  3.10555e-09  6.42896e-12
      1272.86  2.51455e-09  5.91147e-12
      1273.19  2.34615e-09  5.60492e-12
      1273.51  2.82214e-09  5.64858e-12
      1273.84  4.38807e-09  6.63488e-12
      1274.16  5.84250e-09  7.44813e-12
      1274.49  7.57656e-09  8.34015e-12
      1274.81  1.34684e-08  1.16910e-11
      1275.14  1.87838e-08  1.44726e-11
      1275.46  1.70813e-08  1.41922e-11
      1275.79  1.13046e-08  1.16992e-11
      1276.11  7.32364e-09  9.40965e-12
      1276.44  9.37593e-09  1.00502e-11
      1276.76  1.61817e-08  1.35011e-11
      1277.09  1.67893e-08  1.31598e-11
      1277.42  1.74753e-08  1.42562e-11
      1277.74  1.21925e-08  1.20192e-11
      1278.07  5.75810e-09  8.77860e-12
      1278.40  3.40124e-09  7.34630e-12
      1278.72  2.60631e-09  6.71054e-12
      1279.05  2.54421e-09  6.23711e-12
      1279.38  3.37797e-09  6.58254e-12
      1279.71  5.05523e-09  7.31754e-12
      1280.03  6.87086e-09  8.44842e-12
      1280.36  6.08626e-09  7.70397e-12
      1280.69  6.38242e-09  8.12959e-12
      1281.02  8.26931e-09  9.22991e-12
      1281.34  1.22365e-08  1.12209e-11
      1281.67  1.52621e-08  1.28486e-11
      1282.00  1.16644e-08  1.05399e-11
      1282.33  1.16404e-08  1.01255e-11
      1282.66  1.82907e-08  1.27741e-11
      1282.99  2.33794e-08  1.45793e-11
      1283.32  2.35953e-08  1.53484e-11
      1283.65  1.66497e-08  1.33878e-11
      1283.98  8.69807e-09  1.02087e-11
      1284.31  4.98754e-09  8.48230e-12
      1284.64  3.72622e-09  7.59506e-12
      1284.97  3.65882e-09  7.23904e-12
      1285.30  4.44472e-09  7.91688e-12
      1285.63  3.80821e-09  7.10559e-12
      1285.96  3.44322e-09  6.58778e-12
      1286.29  5.27084e-09  8.17160e-12
      1286.62  7.64997e-09  1.00318e-11
      1286.95  6.98975e-09  9.28790e-12
      1287.28  8.41545e-09  9.82240e-12
      1287.61  1.53333e-08  1.32792e-11
      1287.95  1.83225e-08  1.35730e-11
      1288.28  1.81477e-08  1.27357e-11
      1288.61  1.79744e-08  1.21881e-11
      1288.94  1.81085e-08  1.25482e-11
      1289.27  1.27758e-08  1.04948e-11
      1289.61  9.34928e-09  9.63752e-12
      1289.94  7.55769e-09  9.23147e-12
      1290.27  5.06930e-09  7.83164e-12
      1290.61  4.36200e-09  7.66705e-12
      1290.94  3.33651e-09  6.76043e-12
      1291.27  2.44878e-09  5.79057e-12
      1291.61  2.81255e-09  6.02977e-12
      1291.94  4.59152e-09  7.58715e-12
      1292.27  7.83549e-09  9.73725e-12
      1292.61  1.16163e-08  1.24738e-11
      1292.94  8.58257e-09  1.06340e-11
      1293.28  6.45151e-09  9.15419e-12
      1293.61  8.65239e-09  1.06170e-11
      1293.95  1.09196e-08  1.09883e-11
      1294.28  1.63814e-08  1.28638e-11
      1294.62  1.86514e-08  1.32842e-11
      1294.95  1.55674e-08  1.16879e-11
      1295.29  1.49243e-08  1.18584e-11
      1295.62  1.28700e-08  1.11356e-11
      1295.96  9.33666e-09  9.60063e-12
      1296.29  8.03460e-09  9.03463e-12
      1296.63  8.35909e-09  9.16888e-12
      1296.97  1.02216e-08  9.68176e-12
      1297.30  1.57385e-08  1.18581e-11
      1297.64  2.14032e-08  1.43075e-11
      1297.98  1.83831e-08  1.34898e-11
      1298.31  1.16709e-08  1.12858e-11
      1298.65  6.60820e-09  8.98981e-12
      1298.99  4.94609e-09  8.03878e-12
      1299.33  8.38231e-09  1.01553e-11
      1299.66  1.53749e-08  1.36270e-11
      1300.00  1.75209e-08  1.37959e-11
      1300.34  1.53835e-08  1.26513e-11
      1300.68  1.05965e-08  1.02064e-11
      1301.02  1.05031e-08  9.96037e-12
      1301.35  1.84858e-08  1.38073e-11
      1301.69  2.22394e-08  1.48620e-11
      1302.03  2.14616e-08  1.44419e-11
      1302.37  1.87733e-08  1.27926e-11
      1302.71  2.16101e-08  1.36266e-11
      1303.05  2.37357e-08  1.37632e-11
      1303.39  2.69911e-08  1.48835e-11
      1303.73  2.93164e-08  1.60647e-11
      1304.07  2.70717e-08  1.59225e-11
      1304.41  2.74500e-08  1.68451e-11
      1304.75  2.93150e-08  1.82203e-11
      1305.09  3.05571e-08  1.86523e-11
      1305.43  3.59429e-08  2.01383e-11
      1305.77  4.26378e-08  2.14636e-11
      1306.11  4.29803e-08  2.13672e-11
      1306.46  2.93280e-08  1.73206e-11
      1306.80  1.42633e-08  1.19788e-11
      1307.14  7.50158e-09  9.22088e-12
      1307.48  5.12685e-09  7.97343e-12
      1307.82  4.06296e-09  7.16060e-12
      1308.16  4.01450e-09  6.81412e-12
      1308.51  4.80520e-09  7.14973e-12
      1308.85  3.93924e-09  6.24664e-12
      1309.19  2.79706e-09  5.32754e-12
      1309.53  2.55559e-09  5.38233e-12
      1309.88  2.50808e-09  5.59692e-12
      1310.22  2.68949e-09  6.08191e-12
      1310.56  3.46901e-09  6.86814e-12
      1310.91  6.23802e-09  8.73918e-12
      1311.25  1.19388e-08  1.23011e-11
      1311.60  1.21530e-08  1.19217e-11
      1311.94  7.12452e-09  8.91039e-12
      1312.28  3.70757e-09  6.80732e-12
      1312.63  2.53503e-09  6.01624e-12
      1312.97  2.16354e-09  6.05591e-12
      1313.32  2.87841e-09  6.55626e-12
      1313.66  4.92121e-09  8.31952e-12
      1314.01  4.09151e-09  7.18711e-12
      1314.35  2.31437e-09  5.43164e-12
      1314.70  1.76487e-09  5.05517e-12
      1315.05  1.74015e-09  4.61268e-12
      1315.39  1.95961e-09  4.92266e-12
      1315.74  2.50320e-09  5.57583e-12
      1316.08  3.81631e-09  6.79022e-12
      1316.43  7.79663e-09  9.54825e-12
      1316.78  1.34725e-08  1.30063e-11
      1317.12  1.05930e-08  1.13003e-11
      1317.47  5.09488e-09  7.84707e-12
      1317.82  3.01140e-09  6.38402e-12
      1318.17  3.07293e-09  6.49795e-12
      1318.51  5.15095e-09  8.39249e-12
      1318.86  6.40247e-09  9.30923e-12
      1319.21  4.31717e-09  8.07111e-12
      1319.56  2.54568e-09  6.57287e-12
      1319.91  2.54523e-09  6.02222e-12
      1320.25  2.55758e-09  5.67589e-12
      1320.60  2.53768e-09  5.32429e-12
      1320.95  3.07524e-09  5.58646e-12
      1321.30  4.42935e-09  6.52105e-12
      1321.65  8.99809e-09  9.20339e-12
      1322.00  1.61731e-08  1.33689e-11
      1322.35  1.41145e-08  1.28315e-11
      1322.70  7.38692e-09  9.52531e-12
      1323.05  4.63140e-09  7.70978e-12
      1323.40  5.01948e-09  7.92119e-12
      1323.75  5.98529e-09  8.43006e-12
      1324.10  6.18791e-09  8.72559e-12
      1324.45  4.66944e-09  7.72927e-12
      1324.80  3.29999e-09  6.75832e-12
      