227
      1249.95  0.00000e+00  0.00000e+00
      1250.27  0.00000e+00  0.00000e+00
      1250.58  0.00000e+00  0.00000e+00
      1250.89  0.00000e+00  0.00000e+00
      1251.20  0.00000e+00  0.00000e+00
      1251.52  0.00000e+00  0.00000e+00
      1251.83  1.77658e-08  5.41992e-11
      1252.14  1.76614e-08  5.20331e-11
      1252.46  1.70712e-08  4.09806e-11
      1252.77  1.66696e-08  2.98801e-11
      1253.09  2.47083e-08  3.43425e-11
      1253.40  4.19794e-08  4.39961e-11
      1253.71  5.24112e-08  5.60041e-11
      1254.03  2.96337e-08  3.95863e-11
      1254.34  1.71459e-08  3.05633e-11
      1254.66  2.11612e-08  3.27952e-11
      1254.97  2.96297e-08  4.10234e-11
      1255.29  2.12844e-08  3.42859e-11
      1255.60  1.11735e-08  2.50323e-11
      1255.92  1.04414e-08  3.19780e-11
      1256.23  1.08078e-08  4.05174e-11
      1256.55  1.68840e-08  4.34553e-11
      1256.87  1.51384e-08  3.39013e-11
      1257.18  1.01997e-08  2.16193e-11
      1257.50  8.06563e-09  2.03915e-11
      1257.81  9.02962e-09  2.16898e-11
      1258.13  1.10916e-08  2.43909e-11
      1258.45  1.14597e-08  2.43264e-11
      1258.76  1.24868e-08  2.47505e-11
      1259.08  2.01301e-08  2.98605e-11
      1259.40  3.33684e-08  4.45071e-11
      1259.72  3.93148e-08  6.56291e-11
      1260.03  4.02696e-08  7.04892e-11
      1260.35  0.00000e+00  0.00000e+00
      1260.67  0.00000e+00  0.00000e+00
      1260.99  0.00000e+00  0.00000e+00
      1261.30  0.00000e+00  0.00000e+00
      1261.62  0.00000e+00  0.00000e+00
      1261.94  0.00000e+00  0.00000e+00
      1262.26  0.00000e+00  0.00000e+00
      1262.58  0.00000e+00  0.00000e+00
      1262.90  0.00000e+00  0.00000e+00
      1263.22  2.33928e-08  5.25721e-11
      1263.54  2.32797e-08  4.92453e-11
      1263.86  2.25929e-08  3.60801e-11
      1264.17  2.00135e-08  2.87712e-11
      1264.49  1.50545e-08  2.40803e-11
      1264.81  1.57633e-08  2.34936e-11
      1265.13  2.79189e-08  3.12381e-11
      1265.45  4.05923e-08  3.85928e-11
      1265.77  3.58205e-08  3.68111e-11
      1266.10  2.05815e-08  2.83116e-11
      1266.42  1.19094e-08  2.28068e-11
      1266.74  1.01168e-08  2.28936e-11
      1267.06  1.10873e-08  2.54008e-11
      1267.38  2.34448e-08  2.78514e-11
      1267.70  4.20314e-08  3.92308e-11
      1268.02  4.42324e-08  3.84398e-11
      1268.34  4.47098e-08  3.94962e-11
      1268.67  4.11418e-08  3.77594e-11
      1268.99  4.13600e-08  3.99967e-11
      1269.31  3.37281e-08  3.76012e-11
      1269.63  2.62696e-08  4.56381e-11
      1269.95  2.47624e-08  5.29532e-11
      1270.28  2.45585e-08  5.41759e-11
      1270.60  0.00000e+00  0.00000e+00
      1270.92  0.00000e+00  0.00000e+00
      1271.25  0.00000e+00  0.00000e+00
      1271.57  0.00000e+00  0.00000e+00
      1271.89  0.00000e+00  0.00000e+00
      1272.22  0.00000e+00  0.00000e+00
      1272.54  8.40016e-09  3.00880e-11
      1272.86  8.36592e-09  2.66787e-11
      1273.19  8.33228e-09  1.85226e-11
      1273.51  9.62141e-09  1.80300e-11
      1273.84  1.36434e-08  2.12378e-11
      1274.16  1.73107e-08  2.40729e-11
      1274.49  2.14999e-08  2.66711e-11
      1274.81  3.40853e-08  3.53616e-11
      1275.14  4.43420e-08  4.14057e-11
      1275.46  3.96197e-08  3.89579e-11
      1275.79  2.72555e-08  2.95690e-11
      1276.11  1.92151e-08  2.67741e-11
      1276.44  2.12918e-08  2.42257e-11
      1276.76  3.71809e-08  3.49404e-11
      1277.09  3.96435e-08  3.62858e-11
      1277.42  4.00364e-08  4.68344e-11
      1277.74  2.42440e-08  3.83165e-11
      1278.07  1.79587e-08  3.53493e-11
      1278.40  1.58598e-08  4.20680e-11
      1278.72  1.55233e-08  4.34781e-11
      1279.05  0.00000e+00  0.00000e+00
      1279.38  0.00000e+00  0.00000e+00
      1279.71  0.00000e+00  0.00000e+00
      1280.03  0.00000e+00  0.00000e+00
      1280.36  0.00000e+00  0.00000e+00
      1280.69  3.25743e-08  5.77131e-11
      1281.02  3.25743e-08  5.77131e-11
      1281.34  3.25672e-08  5.76153e-11
      1281.67  3.01055e-08  3.79118e-11
      1282.00  2.79156e-08  3.80730e-11
      1282.33  3.15494e-08  3.18428e-11
      1282.66  4.21477e-08  4.40123e-11
      1282.99  5.29113e-08  5.01515e-11
      1283.32  5.10140e-08  4.39405e-11
      1283.65  3.65261e-08  3.39328e-11
      1283.98  2.15478e-08  2.51812e-11
      1284.31  1.37124e-08  2.14035e-11
      1284.64  1.11260e-08  2.33237e-11
      1284.97  1.09059e-08  1.85490e-11
      1285.30  1.29965e-08  2.23069e-11
      1285.63  1.12898e-08  2.17437e-11
      1285.96  9.56018e-09  2.82597e-11
      1286.29  9.24281e-09  3.12540e-11
      1286.62  0.00000e+00  0.00000e+00
      1286.95  0.00000e+00  0.00000e+00
      1287.28  0.00000e+00  0.00000e+00
      1287.61  0.00000e+00  0.00000e+00
      1287.95  0.00000e+00  0.00000e+00
      1288.28  0.00000e+00  0.00000e+00
      1288.61  2.79181e-08  5.16986e-11
      1288.94  2.78363e-08  4.99468e-11
      1289.27  2.72770e-08  4.01258e-11
      1289.61  2.52746e-08  3.01586e-11
      1289.94  2.07298e-08  2.77204e-11
      1290.27  1.48890e-08  2.36019e-11
      1290.61  1.25831e-08  2.20292e-11
      1290.94  9.44101e-09  1.79190e-11
      1291.27  7.34215e-09  1.44821e-11
      1291.61  8.36143e-09  1.55537e-11
      1291.94  1.11815e-08  2.17162e-11
      1292.27  1.95164e-08  2.30230e-11
      1292.61  2.85591e-08  3.30181e-11
      1292.94  2.35528e-08  3.42987e-11
      1293.28  1.94570e-08  4.31947e-11
      1293.61  1.87359e-08  4.57162e-11
      1293.95  0.00000e+00  0.00000e+00
      1294.28  0.00000e+00  0.00000e+00
      1294.62  0.00000e+00  0.00000e+00
      1294.95  0.00000e+00  0.00000e+00
      1295.29  2.77480e-08  5.18763e-11
      1295.62  2.74120e-08  4.75776e-11
      1295.96  2.55735e-08  3.26510e-11
      1296.29  2.33407e-08  2.84802e-11
      1296.63  2.38829e-08  2.81617e-11
      1296.97  2.82105e-08  2.98471e-11
      1297.30  3.92892e-08  3.52029e-11
      1297.64  4.83592e-08  3.90608e-11
      1297.98  4.13097e-08  3.33615e-11
      1298.31  2.83416e-08  2.74161e-11
      1298.65  1.75117e-08  2.23494e-11
      1298.99  1.34128e-08  2.36604e-11
      1299.33  2.18108e-08  2.48355e-11
      1299.66  3.71284e-08  3.84114e-11
      1300.00  4.19623e-08  5.64893e-11
      1300.34  4.26278e-08  6.34070e-11
      1300.68  4.27073e-08  6.43654e-11
      1301.02  0.00000e+00  0.00000e+00
      1301.35  0.00000e+00  0.00000e+00
      1301.69  4.36086e-08  6.25559e-11
      1302.03  4.36086e-08  6.25559e-11
      1302.37  4.37329e-08  6.17887e-11
      1302.71  4.91949e-08  4.40922e-11
      1303.05  5.47434e-08  4.38068e-11
      1303.39  6.01216e-08  4.30114e-11
      1303.73  6.20877e-08  4.43159e-11
      1304.07  5.83041e-08  4.27260e-11
      1304.41  5.88004e-08  4.01425e-11
      1304.75  6.07063e-08  3.99970e-11
      1305.09  6.19477e-08  4.10060e-11
      1305.43  6.62720e-08  5.02762e-11
      1305.77  8.06429e-08  4.65847e-11
      1306.11  8.59509e-08  6.79754e-11
      1306.46  8.59595e-08  8.51505e-11
      1306.80  8.59415e-08  8.81802e-11
      1307.14  0.00000e+00  0.00000e+00
      1307.48  0.00000e+00  0.00000e+00
      1307.82  0.00000e+00  0.00000e+00
      1308.16  0.00000e+00  0.00000e+00
      1308.51  8.62799e-09  2.82869e-11
      1308.85  8.61202e-09  2.70614e-11
      1309.19  8.50241e-09  2.08298e-11
      1309.53  8.16475e-09  1.69133e-11
      1309.88  7.90428e-09  1.71604e-11
      1310.22  8.33982e-09  1.70718e-11
      1310.56  1.03552e-08  1.72177e-11
      1310.91  1.69918e-08  2.11956e-11
      1311.25  2.71484e-08  2.69529e-11
      1311.60  2.80569e-08  3.05409e-11
      1311.94  2.12731e-08  2.44846e-11
      1312.28  1.25263e-08  2.83294e-11
      1312.63  1.13665e-08  3.31239e-11
      1312.97  1.12429e-08  3.38142e-11
      1313.32  0.00000e+00  0.00000e+00
      1313.66  0.00000e+00  0.00000e+00
      1314.01  5.74647e-09  2.34136e-11
      1314.35  5.74835e-09  2.28824e-11
      1314.70  5.76455e-09  1.94103e-11
      1315.05  5.89396e-09  1.46091e-11
      1315.39  6.48394e-09  1.51283e-11
      1315.74  7.99118e-09  1.70953e-11
      1316.08  1.16929e-08  1.98388e-11
      1316.43  2.05897e-08  2.38683e-11
      1316.78  3.00430e-08  2.91905e-11
      1317.12  2.36541e-08  2.52427e-11
      1317.47  1.32064e-08  2.03916e-11
      1317.82  9.47941e-09  1.67707e-11
      1318.17  7.77916e-09  2.26423e-11
      1318.51  7.63586e-09  2.79347e-11
      1318.86  7.62341e-09  2.87417e-11
      1319.21  0.00000e+00  0.00000e+00
      1319.56  0.00000e+00  0.00000e+00
      1319.91  7.91840e-09  2.71434e-11
      1320.25  7.95866e-09  2.50586e-11
      1320.60  8.28750e-09  1.79751e-11
      1320.95  9.72713e-09  1.79069e-11
      1321.30  1.32434e-08  2.08033e-11
      1321.65  2.32117e-08  2.75766e-11
      1322.00  3.70460e-08  3.41861e-11
      1322.35  3.06786e-08  2.87665e-11
      1322.70  1.71174e-08  2.11139e-11
      1323.05  1.19687e-08  2.12253e-11
      1323.40  1.34595e-08  1.97425e-11
      1323.75  1.53460e-08  3.34530e-11
      1324.10  1.55781e-08  3.85183e-11
      1324.45  1.56047e-08  3.92045e-11
      1324.80  0.00000e+00  0.00000e+00
      