227
      1249.95  2.62534e-08  1.98509e-11
      1250.27  1.32132e-08  1.36575e-11
      1250.58  4.84227e-09  8.62348e-12
      1250.89  3.59921e-09  7.72681e-12
      1251.20  4.67818e-09  8.61845e-12
      1251.52  6.77808e-09  9.85987e-12
      1251.83  1.13300e-08  1.30474e-11
      1252.14  1.49636e-08  1.57656e-11
      1252.46  1.46853e-08  1.53324e-11
      1252.77  1.37072e-08  1.39990e-11
      1253.09  2.07905e-08  1.63168e-11
      1253.40  3.66479e-08  2.09574e-11
      1253.71  4.46835e-08  2.30018e-11
      1254.03  2.93847e-08  1.81394e-11
      1254.34  1.59701e-08  1.35483e-11
      1254.66  1.87410e-08  1.52111e-11
      1254.97  2.71108e-08  1.93860e-11
      1255.29  1.96530e-08  1.63968e-11
      1255.60  1.01637e-08  1.17149e-11
      1255.92  1.09417e-08  1.21818e-11
      1256.23  1.73548e-08  1.42815e-11
      1256.55  2.57163e-08  1.74749e-11
      1256.87  1.95929e-08  1.48032e-11
      1257.18  1.00757e-08  1.08424e-11
      1257.50  7.45527e-09  1.02417e-11
      1257.81  8.21102e-09  1.08003e-11
      1258.13  1.01063e-08  1.25774e-11
      1258.45  1.03527e-08  1.26066e-11
      1258.76  1.09315e-08  1.16722e-11
      1259.08  1.76783e-08  1.37798e-11
      1259.40  3.26700e-08  1.82938e-11
      1259.72  4.26783e-08  2.09903e-11
      1260.03  3.33482e-08  1.81813e-11
      1260.35  2.54986e-08  1.59167e-11
      1260.67  3.13969e-08  1.87634e-11
      1260.99  2.95904e-08  1.82460e-11
      1261.30  2.42148e-08  1.60063e-11
      1261.62  2.90159e-08  1.84804e-11
      1261.94  3.04074e-08  1.78105e-11
      1262.26  3.09935e-08  1.89723e-11
      1262.58  2.28028e-08  1.53712e-11
      1262.90  2.45941e-08  1.47227e-11
      1263.22  3.55002e-08  1.88115e-11
      1263.54  3.04967e-08  1.73766e-11
      1263.86  2.08384e-08  1.45573e-11
      1264.17  1.70398e-08  1.35354e-11
      1264.49  1.29571e-08  1.14992e-11
      1264.81  1.35862e-08  1.11274e-11
      1265.13  2.45800e-08  1.47712e-11
      1265.45  3.65817e-08  1.80967e-11
      1265.77  3.31684e-08  1.72815e-11
      1266.10  1.94138e-08  1.33105e-11
      1266.42  1.11093e-08  1.06063e-11
      1266.74  9.66031e-09  1.03169e-11
      1267.06  1.23960e-08  1.14117e-11
      1267.38  2.28750e-08  1.48756e-11
      1267.70  3.90909e-08  2.04270e-11
      1268.02  4.23641e-08  2.00348e-11
      1268.34  4.23633e-08  2.01306e-11
      1268.67  3.85292e-08  1.89152e-11
      1268.99  3.79789e-08  1.88492e-11
      1269.31  3.04904e-08  1.70151e-11
      1269.63  2.13795e-08  1.45799e-11
      1269.95  1.80705e-08  1.35291e-11
      1270.28  2.08270e-08  1.38927e-11
      1270.60  3.23945e-08  1.72528e-11
      1270.92  3.81449e-08  1.77860e-11
      1271.25  4.12500e-08  1.82300e-11
      1271.57  4.07759e-08  1.86002e-11
      1271.89  2.56145e-08  1.46895e-11
      1272.22  1.27603e-08  1.07918e-11
      1272.54  8.46444e-09  9.42562e-12
      1272.86  7.11542e-09  8.78653e-12
      1273.19  6.67370e-09  8.42864e-12
      1273.51  7.78806e-09  8.60808e-12
      1273.84  1.15307e-08  1.00114e-11
      1274.16  1.50531e-08  1.12141e-11
      1274.49  1.87799e-08  1.22279e-11
      1274.81  3.10956e-08  1.64004e-11
      1275.14  4.18629e-08  1.96857e-11
      1275.46  3.83145e-08  1.92014e-11
      1275.79  2.66219e-08  1.59683e-11
      1276.11  1.84872e-08  1.30381e-11
      1276.44  2.17766e-08  1.43604e-11
      1276.76  3.52100e-08  1.94258e-11
      1277.09  3.72580e-08  1.80161e-11
      1277.42  3.78513e-08  1.81454e-11
      1277.74  2.73672e-08  1.56180e-11
      1278.07  1.40739e-08  1.15504e-11
      1278.40  9.01362e-09  9.85288e-12
      1278.72  7.13012e-09  8.94234e-12
      1279.05  6.95993e-09  8.64260e-12
      1279.38  8.99197e-09  9.26854e-12
      1279.71  1.25560e-08  1.05272e-11
      1280.03  1.61540e-08  1.29312e-11
      1280.36  1.48342e-08  1.21574e-11
      1280.69  1.57827e-08  1.18756e-11
      1281.02  2.02791e-08  1.36622e-11
      1281.34  2.79947e-08  1.63574e-11
      1281.67  3.30680e-08  1.80219e-11
      1282.00  2.73171e-08  1.56602e-11
      1282.33  2.78489e-08  1.51414e-11
      1282.66  4.01671e-08  1.80946e-11
      1282.99  4.94637e-08  1.97990e-11
      1283.32  4.89242e-08  2.00645e-11
      1283.65  3.63155e-08  1.77127e-11
      1283.98  2.12429e-08  1.39208e-11
      1284.31  1.35863e-08  1.22022e-11
      1284.64  1.03102e-08  1.09077e-11
      1284.97  1.00069e-08  1.00824e-11
      1285.30  1.13910e-08  1.04703e-11
      1285.63  1.00643e-08  9.50133e-12
      1285.96  9.33918e-09  8.99045e-12
      1286.29  1.31100e-08  1.07953e-11
      1286.62  1.74907e-08  1.28776e-11
      1286.95  1.68771e-08  1.26194e-11
      1287.28  2.03274e-08  1.37768e-11
      1287.61  3.25372e-08  1.79651e-11
      1287.95  3.87661e-08  1.95864e-11
      1288.28  3.88490e-08  1.82941e-11
      1288.61  3.89089e-08  1.76518e-11
      1288.94  3.80466e-08  1.76449e-11
      1289.27  2.87654e-08  1.51989e-11
      1289.61  2.24947e-08  1.39936e-11
      1289.94  1.86978e-08  1.32775e-11
      1290.27  1.34772e-08  1.14276e-11
      1290.61  1.14949e-08  1.08471e-11
      1290.94  8.96356e-09  9.47044e-12
      1291.27  6.84497e-09  8.02603e-12
      1291.61  7.88777e-09  8.36668e-12
      1291.94  1.22977e-08  1.02932e-11
      1292.27  1.95893e-08  1.30553e-11
      1292.61  2.63021e-08  1.59180e-11
      1292.94  2.04726e-08  1.39098e-11
      1293.28  1.67482e-08  1.26856e-11
      1293.61  2.10596e-08  1.43036e-11
      1293.95  2.57417e-08  1.50002e-11
      1294.28  3.55754e-08  1.73179e-11
      1294.62  3.95102e-08  1.79954e-11
      1294.95  3.44387e-08  1.65360e-11
      1295.29  3.33301e-08  1.67565e-11
      1295.62  2.94002e-08  1.60945e-11
      1295.96  2.26772e-08  1.42836e-11
      1296.29  2.00372e-08  1.35883e-11
      1296.63  2.08448e-08  1.36205e-11
      1296.97  2.49504e-08  1.43469e-11
      1297.30  3.56137e-08  1.67533e-11
      1297.64  4.59204e-08  1.90636e-11
      1297.98  4.06415e-08  1.80251e-11
      1298.31  2.79835e-08  1.52798e-11
      1298.65  1.72504e-08  1.23645e-11
      1298.99  1.36558e-08  1.11953e-11
      1299.33  2.08176e-08  1.37771e-11
      1299.66  3.41580e-08  1.76857e-11
      1300.00  3.79751e-08  1.79802e-11
      1300.34  3.37252e-08  1.67124e-11
      1300.68  2.43253e-08  1.38115e-11
      1301.02  2.44133e-08  1.38390e-11
      1301.35  3.92234e-08  1.86042e-11
      1301.69  4.60597e-08  2.02633e-11
      1302.03  4.43427e-08  2.01152e-11
      1302.37  3.96040e-08  1.83811e-11
      1302.71  4.46716e-08  1.94922e-11
      1303.05  4.87170e-08  1.94916e-11
      1303.39  5.46799e-08  2.04616e-11
      1303.73  5.84097e-08  2.13132e-11
      1304.07  5.53075e-08  2.09272e-11
      1304.41  5.65230e-08  2.17106e-11
      1304.75  5.94160e-08  2.28111e-11
      1305.09  6.13059e-08  2.32028e-11
      1305.43  6.94127e-08  2.43886e-11
      1305.77  7.88050e-08  2.55172e-11
      1306.11  7.75574e-08  2.50932e-11
      1306.46  5.53922e-08  2.10048e-11
      1306.80  3.05812e-08  1.56619e-11
      1307.14  1.81430e-08  1.25587e-11
      1307.48  1.30810e-08  1.11850e-11
      1307.82  1.06429e-08  1.03028e-11
      1308.16  1.04707e-08  1.01381e-11
      1308.51  1.20029e-08  1.07632e-11
      1308.85  1.00662e-08  9.39812e-12
      1309.19  7.52777e-09  8.05181e-12
      1309.53  6.95428e-09  7.86850e-12
      1309.88  6.88012e-09  7.96531e-12
      1310.22  7.38255e-09  8.39851e-12
      1310.56  9.33371e-09  9.41454e-12
      1310.91  1.54747e-08  1.18009e-11
      1311.25  2.64299e-08  1.56180e-11
      1311.60  2.69161e-08  1.54062e-11
      1311.94  1.68881e-08  1.18059e-11
      1312.28  9.53612e-09  9.04339e-12
      1312.63  6.72998e-09  7.98196e-12
      1312.97  5.82713e-09  7.68332e-12
      1313.32  7.52123e-09  8.74396e-12
      1313.66  1.17404e-08  1.12551e-11
      1314.01  1.00421e-08  1.01861e-11
      1314.35  6.02977e-09  7.86240e-12
      1314.70  4.75224e-09  6.96151e-12
      1315.05  4.71917e-09  6.73368e-12
      1315.39  5.34328e-09  7.06646e-12
      1315.74  6.75211e-09  7.94898e-12
      1316.08  9.93224e-09  9.50104e-12
      1316.43  1.82653e-08  1.28573e-11
      1316.78  2.96098e-08  1.70624e-11
      1317.12  2.40562e-08  1.49075e-11
      1317.47  1.23624e-08  1.04062e-11
      1317.82  7.84973e-09  8.40110e-12
      1318.17  7.96553e-09  8.29035e-12
      1318.51  1.27713e-08  1.07779e-11
      1318.86  1.57290e-08  1.24142e-11
      1319.21  1.06201e-08  1.02847e-11
      1319.56  6.32284e-09  8.29469e-12
      1319.91  6.40239e-09  8.98222e-12
      1320.25  6.62248e-09  8.45900e-12
      1320.60  6.65040e-09  7.88480e-12
      1320.95  7.99322e-09  8.40959e-12
      1321.30  1.09911e-08  9.55919e-12
      1321.65  1.98986e-08  1.26524e-11
      1322.00  3.53649e-08  1.80536e-11
      1322.35  3.06313e-08  1.66620e-11
      1322.70  1.68370e-08  1.23568e-11
      1323.05  1.15532e-08  1.02313e-11
      1323.40  1.28454e-08  1.07024e-11
      1323.75  1.49589e-08  1.12939e-11
      1324.10  1.55536e-08  1.16534e-11
      1324.45  1.14562e-08  1.00802e-11
      1324.80  8.37449e-09  9.35692e-12
      