227
      1249.95  0.00000e+00  0.00000e+00
      1250.27  4.96314e-09  2.90775e-11
      1250.58  4.99713e-09  2.84762e-11
      1250.89  5.23104e-09  2.48895e-11
      1251.20  6.31393e-09  1.92079e-11
      1251.52  8.80028e-09  2.14511e-11
      1251.83  1.43792e-08  2.77616e-11
      1252.14  1.90220e-08  3.23674e-11
      1252.46  1.90827e-08  3.30006e-11
      1252.77  1.70373e-08  4.00834e-11
      1253.09  1.63497e-08  4.92927e-11
      1253.40  1.62413e-08  5.11396e-11
      1253.71  0.00000e+00  0.00000e+00
      1254.03  0.00000e+00  0.00000e+00
      1254.34  0.00000e+00  0.00000e+00
      1254.66  0.00000e+00  0.00000e+00
      1254.97  0.00000e+00  0.00000e+00
      1255.29  0.00000e+00  0.00000e+00
      1255.60  0.00000e+00  0.00000e+00
      1255.92  0.00000e+00  0.00000e+00
      1256.23  0.00000e+00  0.00000e+00
      1256.55  0.00000e+00  0.00000e+00
      1256.87  0.00000e+00  0.00000e+00
      1257.18  0.00000e+00  0.00000e+00
      1257.50  0.00000e+00  0.00000e+00
      1257.81  0.00000e+00  0.00000e+00
      1258.13  0.00000e+00  0.00000e+00
      1258.45  0.00000e+00  0.00000e+00
      1258.76  0.00000e+00  0.00000e+00
      1259.08  0.00000e+00  0.00000e+00
      1259.40  0.00000e+00  0.00000e+00
      1259.72  0.00000e+00  0.00000e+00
      1260.03  0.00000e+00  0.00000e+00
      1260.35  0.00000e+00  0.00000e+00
      1260.67  0.00000e+00  0.00000e+00
      1260.99  0.00000e+00  0.00000e+00
      1261.30  0.00000e+00  0.00000e+00
      1261.62  0.00000e+00  0.00000e+00
      1261.94  2.94959e-08  5.27304e-11
      1262.26  2.91449e-08  4.95128e-11
      1262.58  2.74810e-08  3.53165e-11
      1262.90  3.05833e-08  3.16364e-11
      1263.22  4.30220e-08  3.98836e-11
      1263.54  3.82404e-08  3.80087e-11
      1263.86  2.83872e-08  4.13169e-11
      1264.17  2.59003e-08  5.18566e-11
      1264.49  2.55315e-08  5.41854e-11
      1264.81  0.00000e+00  0.00000e+00
      1265.13  0.00000e+00  0.00000e+00
      1265.45  0.00000e+00  0.00000e+00
      1265.77  0.00000e+00  0.00000e+00
      1266.10  0.00000e+00  0.00000e+00
      1266.42  0.00000e+00  0.00000e+00
      1266.74  0.00000e+00  0.00000e+00
      1267.06  0.00000e+00  0.00000e+00
      1267.38  0.00000e+00  0.00000e+00
      1267.70  0.00000e+00  0.00000e+00
      1268.02  0.00000e+00  0.00000e+00
      1268.34  0.00000e+00  0.00000e+00
      1268.67  0.00000e+00  0.00000e+00
      1268.99  0.00000e+00  0.00000e+00
      1269.31  0.00000e+00  0.00000e+00
      1269.63  0.00000e+00  0.00000e+00
      1269.95  0.00000e+00  0.00000e+00
      1270.28  0.00000e+00  0.00000e+00
      1270.60  0.00000e+00  0.00000e+00
      1270.92  0.00000e+00  0.00000e+00
      1271.25  0.00000e+00  0.00000e+00
      1271.57  1.59609e-08  3.98014e-11
      1271.89  1.59609e-08  3.98014e-11
      1272.22  1.59346e-08  3.96387e-11
      1272.54  1.10321e-08  2.53550e-11
      1272.86  9.24971e-09  2.24533e-11
      1273.19  8.74462e-09  2.05864e-11
      1273.51  8.53003e-09  2.81529e-11
      1273.84  8.49350e-09  3.05428e-11
      1274.16  0.00000e+00  0.00000e+00
      1274.49  0.00000e+00  0.00000e+00
      1274.81  0.00000e+00  0.00000e+00
      1275.14  0.00000e+00  0.00000e+00
      1275.46  0.00000e+00  0.00000e+00
      1275.79  0.00000e+00  0.00000e+00
      1276.11  0.00000e+00  0.00000e+00
      1276.44  0.00000e+00  0.00000e+00
      1276.76  0.00000e+00  0.00000e+00
      1277.09  0.00000e+00  0.00000e+00
      1277.42  0.00000e+00  0.00000e+00
      1277.74  0.00000e+00  0.00000e+00
      1278.07  0.00000e+00  0.00000e+00
      1278.40  0.00000e+00  0.00000e+00
      1278.72  0.00000e+00  0.00000e+00
      1279.05  0.00000e+00  0.00000e+00
      1279.38  0.00000e+00  0.00000e+00
      1279.71  0.00000e+00  0.00000e+00
      1280.03  1.82200e-08  4.14457e-11
      1280.36  1.84845e-08  3.90264e-11
      1280.69  2.00997e-08  3.00430e-11
      1281.02  2.50649e-08  2.94261e-11
      1281.34  3.36798e-08  3.57256e-11
      1281.67  4.01575e-08  5.41005e-11
      1282.00  4.15857e-08  6.38059e-11
      1282.33  4.17810e-08  6.53253e-11
      1282.66  0.00000e+00  0.00000e+00
      1282.99  0.00000e+00  0.00000e+00
      1283.32  0.00000e+00  0.00000e+00
      1283.65  0.00000e+00  0.00000e+00
      1283.98  0.00000e+00  0.00000e+00
      1284.31  0.00000e+00  0.00000e+00
      1284.64  0.00000e+00  0.00000e+00
      1284.97  0.00000e+00  0.00000e+00
      1285.30  0.00000e+00  0.00000e+00
      1285.63  0.00000e+00  0.00000e+00
      1285.96  0.00000e+00  0.00000e+00
      1286.29  0.00000e+00  0.00000e+00
      1286.62  0.00000e+00  0.00000e+00
      1286.95  0.00000e+00  0.00000e+00
      1287.28  0.00000e+00  0.00000e+00
      1287.61  4.57997e-08  6.29471e-11
      1287.95  4.59076e-08  5.83096e-11
      1288.28  4.64647e-08  4.15433e-11
      1288.61  4.71917e-08  3.69511e-11
      1288.94  4.73676e-08  3.89253e-11
      1289.27  4.56275e-08  5.35932e-11
      1289.61  4.51442e-08  6.02623e-11
      1289.94  0.00000e+00  0.00000e+00
      1290.27  0.00000e+00  0.00000e+00
      1290.61  0.00000e+00  0.00000e+00
      1290.94  0.00000e+00  0.00000e+00
      1291.27  0.00000e+00  0.00000e+00
      1291.61  0.00000e+00  0.00000e+00
      1291.94  0.00000e+00  0.00000e+00
      1292.27  0.00000e+00  0.00000e+00
      1292.61  0.00000e+00  0.00000e+00
      1292.94  0.00000e+00  0.00000e+00
      1293.28  0.00000e+00  0.00000e+00
      1293.61  0.00000e+00  0.00000e+00
      1293.95  0.00000e+00  0.00000e+00
      1294.28  0.00000e+00  0.00000e+00
      1294.62  4.15552e-08  6.01397e-11
      1294.95  4.14732e-08  5.86943e-11
      1295.29  4.08180e-08  4.95250e-11
      1295.62  3.68961e-08  3.56029e-11
      1295.96  2.91913e-08  3.13995e-11
      1296.29  2.53884e-08  3.49424e-11
      1296.63  2.47249e-08  4.65278e-11
      1296.97  2.46401e-08  4.92790e-11
      1297.30  0.00000e+00  0.00000e+00
      1297.64  0.00000e+00  0.00000e+00
      1297.98  0.00000e+00  0.00000e+00
      1298.31  0.00000e+00  0.00000e+00
      1298.65  0.00000e+00  0.00000e+00
      1298.99  0.00000e+00  0.00000e+00
      1299.33  0.00000e+00  0.00000e+00
      1299.66  0.00000e+00  0.00000e+00
      1300.00  0.00000e+00  0.00000e+00
      1300.34  0.00000e+00  0.00000e+00
      1300.68  0.00000e+00  0.00000e+00
      1301.02  0.00000e+00  0.00000e+00
      1301.35  0.00000e+00  0.00000e+00
      1301.69  4.84657e-08  6.60481e-11
      1302.03  4.81603e-08  6.01598e-11
      1302.37  4.74682e-08  4.16021e-11
      1302.71  5.25809e-08  4.11788e-11
      1303.05  5.74901e-08  5.65188e-11
      1303.39  5.84288e-08  6.72123e-11
      1303.73  5.85476e-08  6.88885e-11
      1304.07  0.00000e+00  0.00000e+00
      1304.41  0.00000e+00  0.00000e+00
      1304.75  0.00000e+00  0.00000e+00
      1305.09  0.00000e+00  0.00000e+00
      1305.43  0.00000e+00  0.00000e+00
      1305.77  0.00000e+00  0.00000e+00
      1306.11  0.00000e+00  0.00000e+00
      1306.46  0.00000e+00  0.00000e+00
      1306.80  0.00000e+00  0.00000e+00
      1307.14  0.00000e+00  0.00000e+00
      1307.48  0.00000e+00  0.00000e+00
      1307.82  0.00000e+00  0.00000e+00
      1308.16  1.53800e-08  3.62759e-11
      1308.51  1.50182e-08  3.31619e-11
      1308.85  1.29837e-08  2.19914e-11
      1309.19  1.02720e-08  2.12049e-11
      1309.53  9.56399e-09  2.72957e-11
      1309.88  9.46751e-09  2.86560e-11
      1310.22  0.00000e+00  0.00000e+00
      1310.56  0.00000e+00  0.00000e+00
      1310.91  0.00000e+00  0.00000e+00
      1311.25  0.00000e+00  0.00000e+00
      1311.60  0.00000e+00  0.00000e+00
      1311.94  0.00000e+00  0.00000e+00
      1312.28  0.00000e+00  0.00000e+00
      1312.63  0.00000e+00  0.00000e+00
      1312.97  0.00000e+00  0.00000e+00
      1313.32  0.00000e+00  0.00000e+00
      1313.66  0.00000e+00  0.00000e+00
      1314.01  0.00000e+00  0.00000e+00
      1314.35  5.92229e-09  2.32558e-11
      1314.70  5.94458e-09  2.23483e-11
      1315.05  6.08366e-09  1.80047e-11
      1315.39  6.36812e-09  2.02708e-11
      1315.74  6.46616e-09  2.40705e-11
      1316.08  6.48013e-09  2.46817e-11
      1316.43  0.00000e+00  0.00000e+00
      1316.78  0.00000e+00  0.00000e+00
      1317.12  0.00000e+00  0.00000e+00
      1317.47  0.00000e+00  0.00000e+00
      1317.82  0.00000e+00  0.00000e+00
      1318.17  0.00000e+00  0.00000e+00
      1318.51  0.00000e+00  0.00000e+00
      1318.86  0.00000e+00  0.00000e+00
      1319.21  0.00000e+00  0.00000e+00
      1319.56  0.00000e+00  0.00000e+00
      1319.91  0.00000e+00  0.00000e+00
      1320.25  9.91066e-09  2.92117e-11
      1320.60  9.91066e-09  2.92117e-11
      1320.95  9.91066e-09  2.92117e-11
      1321.30  9.91066e-09  2.92117e-11
      1321.65  9.91066e-09  2.92117e-11
      1322.00  0.00000e+00  0.00000e+00
      1322.35  0.00000e+00  0.00000e+00
      1322.70  0.00000e+00  0.00000e+00
      1323.05  0.00000e+00  0.00000e+00
      1323.40  0.00000e+00  0.00000e+00
      1323.75  0.00000e+00  0.00000e+00
      1324.10  0.00000e+00  0.00000e+00
      1324.45  0.00000e+00  0.00000e+00
      1324.80  0.00000e+00  0.00000e+00
      