227
      1249.95  1.76915e-08  2.24396e-11
      1250.27  8.57095e-09  1.54595e-11
      1250.58  2.88382e-09  9.69399e-12
      1250.89  2.07825e-09  8.77484e-12
      1251.20  2.77021e-09  9.23446e-12
      1251.52  4.22653e-09  1.07534e-11
      1251.83  7.28771e-09  1.33860e-11
      1252.14  9.64112e-09  1.51164e-11
      1252.46  9.49390e-09  1.50825e-11
      1252.77  8.83815e-09  1.40362e-11
      1253.09  1.39306e-08  1.67424e-11
      1253.40  2.54422e-08  2.17523e-11
      1253.71  3.14433e-08  2.38207e-11
      1254.03  2.05306e-08  1.87867e-11
      1254.34  1.07429e-08  1.37185e-11
      1254.66  1.28484e-08  1.56213e-11
      1254.97  1.90305e-08  2.01727e-11
      1255.29  1.36881e-08  1.75307e-11
      1255.60  6.72050e-09  1.29873e-11
      1255.92  7.32483e-09  1.34694e-11
      1256.23  1.20943e-08  1.62540e-11
      1256.55  1.83469e-08  2.00987e-11
      1256.87  1.37768e-08  1.70137e-11
      1257.18  6.79853e-09  1.23530e-11
      1257.50  4.88634e-09  1.13821e-11
      1257.81  5.42669e-09  1.22157e-11
      1258.13  6.74204e-09  1.37725e-11
      1258.45  6.82717e-09  1.39030e-11
      1258.76  7.16421e-09  1.36505e-11
      1259.08  1.19314e-08  1.62772e-11
      1259.40  2.31559e-08  2.18740e-11
      1259.72  3.08556e-08  2.52404e-11
      1260.03  2.34062e-08  2.14445e-11
      1260.35  1.72498e-08  1.81740e-11
      1260.67  2.19464e-08  2.17730e-11
      1260.99  2.03841e-08  2.07726e-11
      1261.30  1.60601e-08  1.76333e-11
      1261.62  2.00887e-08  2.01500e-11
      1261.94  2.06020e-08  1.89482e-11
      1262.26  2.04006e-08  2.01784e-11
      1262.58  1.48879e-08  1.58755e-11
      1262.90  1.62441e-08  1.51718e-11
      1263.22  2.48202e-08  1.97467e-11
      1263.54  2.11095e-08  1.78384e-11
      1263.86  1.38335e-08  1.46546e-11
      1264.17  1.08633e-08  1.46056e-11
      1264.49  7.61249e-09  1.20467e-11
      1264.81  8.98492e-09  1.16087e-11
      1265.13  1.70999e-08  1.55513e-11
      1265.45  2.61067e-08  1.93670e-11
      1265.77  2.38338e-08  1.86114e-11
      1266.10  1.36786e-08  1.44516e-11
      1266.42  7.51208e-09  1.15575e-11
      1266.74  6.47004e-09  1.14742e-11
      1267.06  8.51832e-09  1.29710e-11
      1267.38  1.64552e-08  1.73979e-11
      1267.70  2.84944e-08  2.28962e-11
      1268.02  3.09985e-08  2.32148e-11
      1268.34  3.02023e-08  2.54883e-11
      1268.67  2.70865e-08  2.34840e-11
      1268.99  2.70158e-08  2.24942e-11
      1269.31  2.15360e-08  2.01331e-11
      1269.63  1.47058e-08  1.70186e-11
      1269.95  1.21790e-08  1.56181e-11
      1270.28  1.43493e-08  1.62211e-11
      1270.60  2.24404e-08  1.97933e-11
      1270.92  2.66708e-08  2.04349e-11
      1271.25  2.89214e-08  2.04547e-11
      1271.57  2.82956e-08  2.03711e-11
      1271.89  1.75159e-08  1.57213e-11
      1272.22  8.38949e-09  1.11863e-11
      1272.54  5.30915e-09  9.51220e-12
      1272.86  4.39547e-09  8.97632e-12
      1273.19  4.12920e-09  8.48603e-12
      1273.51  4.97192e-09  8.74318e-12
      1273.84  7.67619e-09  1.03967e-11
      1274.16  1.01879e-08  1.15787e-11
      1274.49  1.29784e-08  1.27354e-11
      1274.81  2.24461e-08  1.75933e-11
      1275.14  3.07937e-08  2.17410e-11
      1275.46  2.80947e-08  2.14516e-11
      1275.79  1.90904e-08  1.81153e-11
      1276.11  1.27823e-08  1.48751e-11
      1276.44  1.58881e-08  1.61073e-11
      1276.76  2.65271e-08  2.15023e-11
      1277.09  2.70113e-08  2.06223e-11
      1277.42  2.76372e-08  2.19532e-11
      1277.74  1.94610e-08  1.84041e-11
      1278.07  9.42953e-09  1.32008e-11
      1278.40  5.77991e-09  1.15708e-11
      1278.72  4.40623e-09  1.05741e-11
      1279.05  4.34901e-09  9.72393e-12
      1279.38  5.69659e-09  1.03263e-11
      1279.71  8.20888e-09  1.14448e-11
      1280.03  1.06437e-08  1.28731e-11
      1280.36  9.79870e-09  1.18183e-11
      1280.69  1.03964e-08  1.21131e-11
      1281.02  1.36022e-08  1.37943e-11
      1281.34  1.90967e-08  1.67973e-11
      1281.67  2.13013e-08  1.89210e-11
      1282.00  1.79862e-08  1.71109e-11
      1282.33  1.96946e-08  1.61435e-11
      1282.66  2.92839e-08  1.97762e-11
      1282.99  3.66936e-08  2.23726e-11
      1283.32  3.65270e-08  2.29165e-11
      1283.65  2.67932e-08  2.03403e-11
      1283.98  1.51635e-08  1.59900e-11
      1284.31  9.13816e-09  1.34942e-11
      1284.64  6.92543e-09  1.22155e-11
      1284.97  6.75928e-09  1.20025e-11
      1285.30  7.64179e-09  1.26274e-11
      1285.63  6.66333e-09  1.12837e-11
      1285.96  6.13000e-09  1.04795e-11
      1286.29  8.81040e-09  1.25378e-11
      1286.62  1.18775e-08  1.48139e-11
      1286.95  1.13362e-08  1.42339e-11
      1287.28  1.38196e-08  1.51756e-11
      1287.61  2.27569e-08  1.95582e-11
      1287.95  2.71320e-08  2.04734e-11
      1288.28  2.72535e-08  1.94657e-11
      1288.61  2.74153e-08  1.85017e-11
      1288.94  2.70241e-08  1.83757e-11
      1289.27  2.01698e-08  1.57278e-11
      1289.61  1.56623e-08  1.45102e-11
      1289.94  1.29148e-08  1.38594e-11
      1290.27  9.20233e-09  1.21315e-11
      1290.61  7.89142e-09  1.19197e-11
      1290.94  6.09921e-09  1.05586e-11
      1291.27  4.58278e-09  9.16770e-12
      1291.61  5.27906e-09  9.61543e-12
      1291.94  8.38558e-09  1.19476e-11
      1292.27  1.36602e-08  1.52703e-11
      1292.61  1.86967e-08  1.91551e-11
      1292.94  1.39412e-08  1.62277e-11
      1293.28  1.11999e-08  1.44996e-11
      1293.61  1.42070e-08  1.63421e-11
      1293.95  1.74439e-08  1.67661e-11
      1294.28  2.49820e-08  1.95156e-11
      1294.62  2.77758e-08  1.98032e-11
      1294.95  2.36749e-08  1.74214e-11
      1295.29  2.30713e-08  1.73829e-11
      1295.62  2.01467e-08  1.63082e-11
      1295.96  1.53123e-08  1.43781e-11
      1296.29  1.36096e-08  1.37518e-11
      1296.63  1.43525e-08  1.41583e-11
      1296.97  1.74752e-08  1.52670e-11
      1297.30  2.59868e-08  1.85871e-11
      1297.64  3.44515e-08  2.19388e-11
      1297.98  2.99362e-08  2.07728e-11
      1298.31  2.00302e-08  1.78490e-11
      1298.65  1.17775e-08  1.42381e-11
      1298.99  9.01597e-09  1.29248e-11
      1299.33  1.42898e-08  1.61139e-11
      1299.66  2.47129e-08  2.15217e-11
      1300.00  2.71841e-08  2.15021e-11
      1300.34  2.38398e-08  1.99653e-11
      1300.68  1.62519e-08  1.56214e-11
      1301.02  1.62268e-08  1.49203e-11
      1301.35  2.79695e-08  2.05483e-11
      1301.69  3.28423e-08  2.16210e-11
      1302.03  3.18064e-08  2.13419e-11
      1302.37  2.78003e-08  1.88166e-11
      1302.71  3.25762e-08  2.04496e-11
      1303.05  3.54777e-08  2.07542e-11
      1303.39  3.72599e-08  2.35741e-11
      1303.73  3.80604e-08  2.25032e-11
      1304.07  4.05370e-08  2.53657e-11
      1304.41  4.25959e-08  2.52777e-11
      1304.75  4.50330e-08  2.71744e-11
      1305.09  4.63121e-08  2.79016e-11
      1305.43  5.29601e-08  3.01887e-11
      1305.77  6.07413e-08  3.17348e-11
      1306.11  6.00380e-08  3.12875e-11
      1306.46  4.14862e-08  2.54864e-11
      1306.80  2.14127e-08  1.78428e-11
      1307.14  1.20483e-08  1.37913e-11
      1307.48  8.49192e-09  1.18853e-11
      1307.82  6.79574e-09  1.06590e-11
      1308.16  6.71113e-09  1.03135e-11
      1308.51  7.95903e-09  1.09164e-11
      1308.85  6.62931e-09  9.55916e-12
      1309.19  4.88956e-09  8.19505e-12
      1309.53  4.59195e-09  8.24317e-12
      1309.88  4.59647e-09  8.55506e-12
      1310.22  4.99012e-09  9.30677e-12
      1310.56  6.42502e-09  1.08074e-11
      1310.91  1.09548e-08  1.38910e-11
      1311.25  1.94620e-08  1.92496e-11
      1311.60  1.96842e-08  1.89842e-11
      1311.94  1.18820e-08  1.42603e-11
      1312.28  6.38881e-09  1.07585e-11
      1312.63  4.37622e-09  9.35740e-12
      1312.97  3.70631e-09  8.80567e-12
      1313.32  4.83122e-09  9.67807e-12
      1313.66  7.88094e-09  1.21432e-11
      1314.01  6.62220e-09  1.07740e-11
      1314.35  3.81930e-09  8.08811e-12
      1314.70  2.98131e-09  7.25085e-12
      1315.05  3.01232e-09  6.98099e-12
      1315.39  3.49328e-09  7.36645e-12
      1315.74  4.53452e-09  8.50940e-12
      1316.08  6.85860e-09  1.03708e-11
      1316.43  1.31417e-08  1.45694e-11
      1316.78  2.19238e-08  2.00602e-11
      1317.12  1.75633e-08  1.77596e-11
      1317.47  8.63405e-09  1.24483e-11
      1317.82  5.27484e-09  1.01053e-11
      1318.17  5.26501e-09  9.84729e-12
      1318.51  8.57982e-09  1.24775e-11
      1318.86  1.06092e-08  1.38800e-11
      1319.21  7.01010e-09  1.13600e-11
      1319.56  4.05053e-09  8.82215e-12
      1319.91  4.21103e-09  9.01841e-12
      1320.25  4.27611e-09  8.59308e-12
      1320.60  4.29311e-09  8.07151e-12
      1320.95  5.29672e-09  8.59998e-12
      1321.30  7.56757e-09  1.01169e-11
      1321.65  1.43783e-08  1.38396e-11
      1322.00  2.64568e-08  2.05456e-11
      1322.35  2.29234e-08  1.95179e-11
      1322.70  1.20699e-08  1.44838e-11
      1323.05  7.96318e-09  1.22965e-11
      1323.40  8.81022e-09  1.28699e-11
      1323.75  1.02864e-08  1.36361e-11
      1324.10  1.06775e-08  1.37774e-11
      1324.45  7.64321e-09  1.13845e-11
      1324.80  5.44180e-09  9.99780e-12
      