227
      1249.95  1.11987e-08  1.31399e-11
      1250.27  5.45442e-09  9.36580e-12
      1250.58  1.75055e-09  6.34076e-12
      1250.89  1.18339e-09  6.23854e-12
      1251.20  1.59525e-09  6.42446e-12
      1251.52  2.54806e-09  7.36571e-12
      1251.83  4.54689e-09  9.35576e-12
      1252.14  5.97999e-09  1.06114e-11
      1252.46  5.76845e-09  1.06555e-11
      1252.77  5.31514e-09  9.87554e-12
      1253.09  8.69908e-09  1.14666e-11
      1253.40  1.65928e-08  1.49944e-11
      1253.71  2.07768e-08  1.67052e-11
      1254.03  1.31089e-08  1.30470e-11
      1254.34  6.30674e-09  9.44669e-12
      1254.66  7.60725e-09  1.07903e-11
      1254.97  1.17627e-08  1.37254e-11
      1255.29  8.22700e-09  1.15013e-11
      1255.60  3.73001e-09  8.13968e-12
      1255.92  4.01173e-09  8.29757e-12
      1256.23  6.97399e-09  9.64686e-12
      1256.55  1.10806e-08  1.18273e-11
      1256.87  8.18475e-09  9.92886e-12
      1257.18  3.74418e-09  7.21774e-12
      1257.50  2.62663e-09  6.57814e-12
      1257.81  2.96753e-09  6.99194e-12
      1258.13  3.73094e-09  7.68835e-12
      1258.45  3.76291e-09  7.54298e-12
      1258.76  3.95010e-09  7.15522e-12
      1259.08  7.05849e-09  8.43294e-12
      1259.40  1.45969e-08  1.15134e-11
      1259.72  1.99647e-08  1.35362e-11
      1260.03  1.51711e-08  1.16958e-11
      1260.35  1.10243e-08  1.00908e-11
      1260.67  1.40499e-08  1.21922e-11
      1260.99  1.31118e-08  1.19240e-11
      1261.30  1.03996e-08  1.04825e-11
      1261.62  1.29928e-08  1.19456e-11
      1261.94  1.36105e-08  1.16622e-11
      1262.26  1.38264e-08  1.22626e-11
      1262.58  9.80764e-09  1.02229e-11
      1262.90  1.05749e-08  1.01787e-11
      1263.22  1.66315e-08  1.36579e-11
      1263.54  1.39721e-08  1.26673e-11
      1263.86  8.70579e-09  1.03536e-11
      1264.17  6.82432e-09  9.71618e-12
      1264.49  4.95407e-09  8.26680e-12
      1264.81  5.25973e-09  7.81093e-12
      1265.13  1.05491e-08  1.04992e-11
      1265.45  1.65766e-08  1.30080e-11
      1265.77  1.50257e-08  1.23729e-11
      1266.10  8.18455e-09  9.29262e-12
      1266.42  4.11052e-09  7.18312e-12
      1266.74  3.44868e-09  6.90043e-12
      1267.06  4.72357e-09  7.60173e-12
      1267.38  9.77884e-09  9.99772e-12
      1267.70  1.69716e-08  1.42012e-11
      1268.02  1.93575e-08  1.39635e-11
      1268.34  1.93312e-08  1.32059e-11
      1268.67  1.75824e-08  1.22700e-11
      1268.99  1.73351e-08  1.20193e-11
      1269.31  1.37176e-08  1.08434e-11
      1269.63  8.96781e-09  9.03761e-12
      1269.95  7.33812e-09  8.31999e-12
      1270.28  8.95954e-09  8.75932e-12
      1270.60  1.47705e-08  1.10065e-11
      1270.92  1.79370e-08  1.17235e-11
      1271.25  1.95302e-08  1.22435e-11
      1271.57  1.91943e-08  1.27372e-11
      1271.89  1.16967e-08  1.02176e-11
      1272.22  5.18426e-09  7.48636e-12
      1272.54  3.10935e-09  6.52296e-12
      1272.86  2.51135e-09  6.23424e-12
      1273.19  2.36282e-09  5.98286e-12
      1273.51  2.87554e-09  6.09720e-12
      1273.84  4.51810e-09  7.08686e-12
      1274.16  6.04899e-09  7.89181e-12
      1274.49  7.86295e-09  8.63320e-12
      1274.81  1.39729e-08  1.17712e-11
      1275.14  1.94960e-08  1.42436e-11
      1275.46  1.77189e-08  1.36559e-11
      1275.79  1.16551e-08  1.10670e-11
      1276.11  7.45325e-09  8.71522e-12
      1276.44  9.04442e-09  9.75471e-12
      1276.76  1.74731e-08  1.36658e-11
      1277.09  1.72626e-08  1.13618e-11
      1277.42  1.78904e-08  1.19066e-11
      1277.74  1.24321e-08  9.88586e-12
      1278.07  5.62740e-09  7.02359e-12
      1278.40  3.33459e-09  6.11163e-12
      1278.72  2.55910e-09  5.61661e-12
      1279.05  2.50480e-09  5.40760e-12
      1279.38  3.37127e-09  5.88938e-12
      1279.71  5.07602e-09  6.81201e-12
      1280.03  6.88047e-09  8.27671e-12
      1280.36  6.14908e-09  7.81043e-12
      1280.69  6.51246e-09  8.14502e-12
      1281.02  8.54761e-09  9.43806e-12
      1281.34  1.26080e-08  1.17099e-11
      1281.67  1.56060e-08  1.35367e-11
      1282.00  1.20924e-08  1.14416e-11
      1282.33  1.21197e-08  1.09887e-11
      1282.66  1.83304e-08  1.40920e-11
      1282.99  2.42570e-08  1.57214e-11
      1283.32  2.41199e-08  1.50118e-11
      1283.65  1.71057e-08  1.27663e-11
      1283.98  9.04392e-09  9.58014e-12
      1284.31  5.15625e-09  7.70668e-12
      1284.64  3.83769e-09  6.85558e-12
      1284.97  3.78707e-09  6.43380e-12
      1285.30  4.45545e-09  6.60650e-12
      1285.63  3.84920e-09  5.93426e-12
      1285.96  3.53243e-09  5.54604e-12
      1286.29  5.36652e-09  6.70739e-12
      1286.62  7.53449e-09  8.19493e-12
      1286.95  7.10745e-09  8.03617e-12
      1287.28  8.87395e-09  8.97745e-12
      1287.61  1.54068e-08  1.22010e-11
      1287.95  1.85270e-08  1.31390e-11
      1288.28  1.85221e-08  1.27486e-11
      1288.61  1.84991e-08  1.25924e-11
      1288.94  1.82391e-08  1.28953e-11
      1289.27  1.31906e-08  1.10490e-11
      1289.61  9.70808e-09  1.00903e-11
      1289.94  7.72507e-09  9.52827e-12
      1290.27  5.29312e-09  8.14096e-12
      1290.61  4.43837e-09  7.65636e-12
      1290.94  3.39669e-09  6.63497e-12
      1291.27  2.51431e-09  5.67278e-12
      1291.61  2.90540e-09  5.63002e-12
      1291.94  4.75266e-09  6.67713e-12
      1292.27  8.17788e-09  8.35505e-12
      1292.61  1.16376e-08  1.02853e-11
      1292.94  8.72731e-09  8.79001e-12
      1293.28  6.69058e-09  7.84188e-12
      1293.61  8.70845e-09  8.84595e-12
      1293.95  1.12159e-08  9.39337e-12
      1294.28  1.66546e-08  1.13153e-11
      1294.62  1.87835e-08  1.20340e-11
      1294.95  1.59140e-08  1.10666e-11
      1295.29  1.52271e-08  1.15345e-11
      1295.62  1.30972e-08  1.12135e-11
      1295.96  9.59571e-09  9.98980e-12
      1296.29  8.29366e-09  9.59877e-12
      1296.63  8.64359e-09  9.72515e-12
      1296.97  1.06457e-08  1.01896e-11
      1297.30  1.63884e-08  1.21867e-11
      1297.64  2.21347e-08  1.41284e-11
      1297.98  1.89066e-08  1.28710e-11
      1298.31  1.20238e-08  1.04906e-11
      1298.65  6.75066e-09  8.12979e-12
      1298.99  5.04581e-09  7.20564e-12
      1299.33  8.63039e-09  8.82069e-12
      1299.66  1.59153e-08  1.16619e-11
      1300.00  1.78529e-08  1.16138e-11
      1300.34  1.56438e-08  1.06854e-11
      1300.68  1.05134e-08  8.63063e-12
      1301.02  1.05296e-08  8.70588e-12
      1301.35  1.91500e-08  1.27099e-11
      1301.69  2.26978e-08  1.39921e-11
      1302.03  2.19990e-08  1.43694e-11
      1302.37  1.89961e-08  1.29969e-11
      1302.71  2.23928e-08  1.43959e-11
      1303.05  2.42627e-08  1.44749e-11
      1303.39  2.78894e-08  1.55186e-11
      1303.73  3.01707e-08  1.62837e-11
      1304.07  2.78181e-08  1.56755e-11
      1304.41  2.83800e-08  1.62283e-11
      1304.75  3.01829e-08  1.69829e-11
      1305.09  3.13090e-08  1.69201e-11
      1305.43  3.63259e-08  1.84510e-11
      1305.77  4.37447e-08  1.90429e-11
      1306.11  4.34739e-08  1.78936e-11
      1306.46  2.93813e-08  1.42729e-11
      1306.80  1.43531e-08  1.00185e-11
      1307.14  7.59031e-09  7.88650e-12
      1307.48  5.22961e-09  7.37902e-12
      1307.82  4.09613e-09  6.95869e-12
      1308.16  4.08143e-09  6.71008e-12
      1308.51  4.87329e-09  7.30709e-12
      1308.85  3.99151e-09  6.53023e-12
      1309.19  2.83049e-09  5.71092e-12
      1309.53  2.58169e-09  5.59326e-12
      1309.88  2.55577e-09  5.79593e-12
      1310.22  2.77324e-09  6.19749e-12
      1310.56  3.60212e-09  6.82355e-12
      1310.91  6.15404e-09  8.63515e-12
      1311.25  1.26361e-08  1.19186e-11
      1311.60  1.24785e-08  1.07215e-11
      1311.94  7.30888e-09  7.78389e-12
      1312.28  3.75681e-09  5.80410e-12
      1312.63  2.54071e-09  5.14298e-12
      1312.97  2.16225e-09  4.94542e-12
      1313.32  2.90119e-09  5.58694e-12
      1313.66  4.98468e-09  7.39270e-12
      1314.01  4.13207e-09  6.96914e-12
      1314.35  2.27216e-09  5.40907e-12
      1314.70  1.73092e-09  4.88578e-12
      1315.05  1.72844e-09  4.89120e-12
      1315.39  1.97273e-09  5.17774e-12
      1315.74  2.54617e-09  5.78848e-12
      1316.08  3.92376e-09  6.83822e-12
      1316.43  8.02200e-09  9.28160e-12
      1316.78  1.39644e-08  1.24128e-11
      1317.12  1.09804e-08  1.04851e-11
      1317.47  5.15182e-09  7.09187e-12
      1317.82  3.02039e-09  5.54701e-12
      1318.17  3.08688e-09  5.48983e-12
      1318.51  5.24657e-09  6.83654e-12
      1318.86  6.54863e-09  7.82028e-12
      1319.21  4.34493e-09  6.71077e-12
      1319.56  2.50072e-09  6.09568e-12
      1319.91  2.54947e-09  6.55770e-12
      1320.25  2.56187e-09  5.83653e-12
      1320.60  2.54820e-09  5.49369e-12
      1320.95  3.11756e-09  5.86079e-12
      1321.30  4.49597e-09  6.82597e-12
      1321.65  9.07180e-09  9.30551e-12
      1322.00  1.70758e-08  1.34714e-11
      1322.35  1.47553e-08  1.24995e-11
      1322.70  7.35780e-09  8.79577e-12
      1323.05  4.60167e-09  6.96996e-12
      1323.40  5.14225e-09  7.05906e-12
      1323.75  6.13856e-09  7.35323e-12
      1324.10  6.44492e-09  7.42963e-12
      1324.45  4.64640e-09  6.40687e-12
      1324.80  3.25332e-09  5.85903e-12
      