227
      1249.95  7.69502e-09  1.08793e-11
      1250.27  3.71164e-09  7.82454e-12
      1250.58  1.05857e-09  5.35091e-12
      1250.89  6.89234e-10  5.07023e-12
      1251.20  1.00030e-09  5.34100e-12
      1251.52  1.64888e-09  5.97133e-12
      1251.83  2.97889e-09  7.34441e-12
      1252.14  3.92724e-09  8.21986e-12
      1252.46  3.75235e-09  8.02529e-12
      1252.77  3.41849e-09  7.32580e-12
      1253.09  5.82828e-09  8.41986e-12
      1253.40  1.16470e-08  1.08813e-11
      1253.71  1.49966e-08  1.22391e-11
      1254.03  9.18798e-09  9.41713e-12
      1254.34  4.08152e-09  6.76432e-12
      1254.66  4.98757e-09  7.57027e-12
      1254.97  8.42266e-09  1.01281e-11
      1255.29  5.68028e-09  8.34434e-12
      1255.60  2.29107e-09  5.90263e-12
      1255.92  2.55334e-09  5.92847e-12
      1256.23  4.56023e-09  6.84937e-12
      1256.55  7.85372e-09  8.68776e-12
      1256.87  5.65295e-09  7.32502e-12
      1257.18  2.33485e-09  5.45428e-12
      1257.50  1.63452e-09  5.25902e-12
      1257.81  1.88085e-09  5.69878e-12
      1258.13  2.39999e-09  6.29021e-12
      1258.45  2.40827e-09  6.14353e-12
      1258.76  2.50955e-09  6.04237e-12
      1259.08  4.65849e-09  7.06368e-12
      1259.40  1.01413e-08  9.82492e-12
      1259.72  1.42904e-08  1.17402e-11
      1260.03  1.08081e-08  1.01899e-11
      1260.35  7.53634e-09  8.72610e-12
      1260.67  9.74474e-09  1.05963e-11
      1260.99  9.12145e-09  1.03699e-11
      1261.30  7.10696e-09  8.82009e-12
      1261.62  8.97162e-09  9.93953e-12
      1261.94  9.52268e-09  9.63266e-12
      1262.26  9.89029e-09  9.69986e-12
      1262.58  7.17291e-09  7.96675e-12
      1262.90  7.24782e-09  7.94969e-12
      1263.22  1.19069e-08  1.07172e-11
      1263.54  9.84054e-09  9.66820e-12
      1263.86  5.83839e-09  7.67645e-12
      1264.17  4.48604e-09  7.04751e-12
      1264.49  3.14639e-09  5.85135e-12
      1264.81  3.30762e-09  5.51959e-12
      1265.13  7.19866e-09  7.32783e-12
      1265.45  1.19049e-08  9.19196e-12
      1265.77  1.07245e-08  8.76740e-12
      1266.10  5.48726e-09  6.51660e-12
      1266.42  2.54580e-09  5.10441e-12
      1266.74  2.12666e-09  4.98571e-12
      1267.06  2.96015e-09  5.47176e-12
      1267.38  6.67191e-09  7.19537e-12
      1267.70  1.33253e-08  1.00658e-11
      1268.02  1.42023e-08  9.82282e-12
      1268.34  1.39143e-08  9.96173e-12
      1268.67  1.24700e-08  9.44145e-12
      1268.99  1.23681e-08  1.01584e-11
      1269.31  9.54311e-09  9.17192e-12
      1269.63  5.94637e-09  7.64666e-12
      1269.95  4.81778e-09  7.15798e-12
      1270.28  5.98573e-09  7.44508e-12
      1270.60  1.05679e-08  9.72485e-12
      1270.92  1.28208e-08  1.01509e-11
      1271.25  1.40133e-08  1.04722e-11
      1271.57  1.39442e-08  1.07995e-11
      1271.89  8.23332e-09  8.37012e-12
      1272.22  3.44568e-09  5.98945e-12
      1272.54  1.99567e-09  5.13661e-12
      1272.86  1.56448e-09  4.84316e-12
      1273.19  1.44863e-09  4.55088e-12
      1273.51  1.80236e-09  4.47295e-12
      1273.84  2.95624e-09  5.10415e-12
      1274.16  3.99231e-09  5.58219e-12
      1274.49  5.24736e-09  5.94785e-12
      1274.81  9.81943e-09  8.21904e-12
      1275.14  1.39509e-08  1.00270e-11
      1275.46  1.25724e-08  9.68886e-12
      1275.79  8.03853e-09  7.85886e-12
      1276.11  4.99683e-09  6.28088e-12
      1276.44  6.63904e-09  6.74842e-12
      1276.76  1.19027e-08  9.12367e-12
      1277.09  1.23174e-08  8.89765e-12
      1277.42  1.27323e-08  9.66717e-12
      1277.74  8.73005e-09  8.25924e-12
      1278.07  3.82945e-09  6.07197e-12
      1278.40  2.15527e-09  5.27125e-12
      1278.72  1.62931e-09  5.04087e-12
      1279.05  1.60601e-09  4.81772e-12
      1279.38  2.19574e-09  5.13031e-12
      1279.71  3.42693e-09  5.76120e-12
      1280.03  4.67625e-09  6.62459e-12
      1280.36  4.24884e-09  6.18948e-12
      1280.69  4.43110e-09  6.48527e-12
      1281.02  5.89993e-09  7.50482e-12
      1281.34  8.83750e-09  9.07711e-12
      1281.67  1.08970e-08  9.99865e-12
      1282.00  8.54660e-09  8.39190e-12
      1282.33  8.60644e-09  7.83356e-12
      1282.66  1.34832e-08  9.42811e-12
      1282.99  1.74926e-08  1.04247e-11
      1283.32  1.75521e-08  1.05441e-11
      1283.65  1.22829e-08  9.12713e-12
      1283.98  6.28116e-09  6.89342e-12
      1284.31  3.40164e-09  5.68403e-12
      1284.64  2.45805e-09  5.17638e-12
      1284.97  2.42748e-09  5.11458e-12
      1285.30  2.87588e-09  5.35978e-12
      1285.63  2.48705e-09  4.89764e-12
      1285.96  2.27869e-09  4.72163e-12
      1286.29  3.58349e-09  5.82580e-12
      1286.62  5.17574e-09  7.22490e-12
      1286.95  4.83324e-09  7.04964e-12
      1287.28  6.08402e-09  7.77037e-12
      1287.61  1.10926e-08  1.04445e-11
      1287.95  1.34405e-08  1.09556e-11
      1288.28  1.33756e-08  1.04230e-11
      1288.61  1.32953e-08  9.94597e-12
      1288.94  1.33117e-08  1.00199e-11
      1289.27  9.36004e-09  8.39371e-12
      1289.61  6.60502e-09  7.41500e-12
      1289.94  5.24843e-09  6.86926e-12
      1290.27  3.45674e-09  5.73825e-12
      1290.61  2.92084e-09  5.42790e-12
      1290.94  2.22931e-09  4.80570e-12
      1291.27  1.60160e-09  4.07292e-12
      1291.61  1.85217e-09  4.11860e-12
      1291.94  3.10148e-09  5.01447e-12
      1292.27  5.51002e-09  6.42897e-12
      1292.61  8.29207e-09  8.28762e-12
      1292.94  6.12244e-09  7.27227e-12
      1293.28  4.37562e-09  6.49359e-12
      1293.61  5.88723e-09  7.58405e-12
      1293.95  7.67265e-09  8.07722e-12
      1294.28  1.18360e-08  9.75394e-12
      1294.62  1.35901e-08  1.03031e-11
      1294.95  1.12259e-08  9.20712e-12
      1295.29  1.07529e-08  9.45745e-12
      1295.62  9.18963e-09  8.96682e-12
      1295.96  6.54849e-09  7.78791e-12
      1296.29  5.61516e-09  7.25346e-12
      1296.63  5.82040e-09  7.07990e-12
      1296.97  7.27151e-09  7.23623e-12
      1297.30  1.16839e-08  8.68293e-12
      1297.64  1.60449e-08  1.01225e-11
      1297.98  1.35132e-08  9.24045e-12
      1298.31  8.30601e-09  7.54866e-12
      1298.65  4.50072e-09  5.98583e-12
      1298.99  3.32075e-09  5.47845e-12
      1299.33  6.00109e-09  6.96507e-12
      1299.66  1.12484e-08  9.47188e-12
      1300.00  1.27714e-08  9.67484e-12
      1300.34  1.10187e-08  9.05215e-12
      1300.68  7.43686e-09  7.48255e-12
      1301.02  7.66588e-09  7.64009e-12
      1301.35  1.36952e-08  1.07144e-11
      1301.69  1.65717e-08  1.18875e-11
      1302.03  1.61008e-08  1.18874e-11
      1302.37  1.42214e-08  1.07031e-11
      1302.71  1.65147e-08  1.13030e-11
      1303.05  1.82132e-08  1.12217e-11
      1303.39  2.09082e-08  1.17429e-11
      1303.73  2.26583e-08  1.21301e-11
      1304.07  2.08964e-08  1.16150e-11
      1304.41  2.11456e-08  1.19872e-11
      1304.75  2.25495e-08  1.25623e-11
      1305.09  2.36750e-08  1.27479e-11
      1305.43  2.82192e-08  1.38075e-11
      1305.77  3.38616e-08  1.49174e-11
      1306.11  3.40648e-08  1.49711e-11
      1306.46  2.27454e-08  1.22432e-11
      1306.80  1.05037e-08  8.52651e-12
      1307.14  5.15494e-09  6.63270e-12
      1307.48  3.41976e-09  5.98295e-12
      1307.82  2.68330e-09  5.57014e-12
      1308.16  2.68671e-09  5.50720e-12
      1308.51  3.27025e-09  5.84962e-12
      1308.85  2.65138e-09  5.17417e-12
      1309.19  1.84402e-09  4.38348e-12
      1309.53  1.68100e-09  4.24597e-12
      1309.88  1.61572e-09  4.28329e-12
      1310.22  1.73509e-09  4.49533e-12
      1310.56  2.29355e-09  4.97308e-12
      1310.91  4.39314e-09  6.06722e-12
      1311.25  8.80786e-09  8.38179e-12
      1311.60  8.84444e-09  8.05730e-12
      1311.94  4.97672e-09  6.00898e-12
      1312.28  2.45028e-09  4.62693e-12
      1312.63  1.61804e-09  4.26753e-12
      1312.97  1.37242e-09  4.28091e-12
      1313.32  1.92556e-09  5.08823e-12
      1313.66  3.34027e-09  6.35350e-12
      1314.01  2.76719e-09  5.69640e-12
      1314.35  1.52749e-09  4.45952e-12
      1314.70  1.14102e-09  3.96844e-12
      1315.05  1.12599e-09  3.90408e-12
      1315.39  1.28488e-09  4.14923e-12
      1315.74  1.66431e-09  4.48054e-12
      1316.08  2.62441e-09  5.18030e-12
      1316.43  5.59354e-09  6.96165e-12
      1316.78  9.80471e-09  9.16262e-12
      1317.12  7.82856e-09  7.96981e-12
      1317.47  3.50388e-09  5.36297e-12
      1317.82  1.95712e-09  4.44991e-12
      1318.17  2.01148e-09  4.40617e-12
      1318.51  3.46712e-09  5.61332e-12
      1318.86  4.36972e-09  6.44016e-12
      1319.21  2.93690e-09  5.73396e-12
      1319.56  1.63633e-09  4.78976e-12
      1319.91  1.66420e-09  4.86437e-12
      1320.25  1.68019e-09  4.71554e-12
      1320.60  1.64999e-09  4.41548e-12
      1320.95  2.05055e-09  4.58627e-12
      1321.30  3.02369e-09  5.21243e-12
      1321.65  6.35771e-09  6.94736e-12
      1322.00  1.26286e-08  1.03404e-11
      1322.35  1.07732e-08  9.46926e-12
      1322.70  5.03374e-09  6.54010e-12
      1323.05  3.02435e-09  5.33424e-12
      1323.40  3.39155e-09  5.46371e-12
      1323.75  4.08497e-09  5.74450e-12
      1324.10  4.26846e-09  5.92989e-12
      1324.45  3.08385e-09  5.27231e-12
      1324.80  2.14217e-09  5.26042e-12
      