227
      1249.95  7.92543e-09  1.33497e-11
      1250.27  3.75568e-09  9.18571e-12
      1250.58  1.14849e-09  6.24478e-12
      1250.89  7.48904e-10  5.82248e-12
      1251.20  9.96566e-10  6.19435e-12
      1251.52  1.62880e-09  6.83197e-12
      1251.83  2.99275e-09  8.38370e-12
      1252.14  3.96256e-09  9.19324e-12
      1252.46  3.76562e-09  8.90469e-12
      1252.77  3.39057e-09  8.05950e-12
      1253.09  5.78810e-09  9.16773e-12
      1253.40  1.16539e-08  1.19724e-11
      1253.71  1.50925e-08  1.37391e-11
      1254.03  9.08446e-09  1.04672e-11
      1254.34  4.05036e-09  7.55221e-12
      1254.66  4.97977e-09  8.46841e-12
      1254.97  8.47560e-09  1.16020e-11
      1255.29  5.59098e-09  9.35243e-12
      1255.60  2.30345e-09  6.67421e-12
      1255.92  2.51963e-09  6.81816e-12
      1256.23  4.50439e-09  7.69012e-12
      1256.55  7.98825e-09  1.01994e-11
      1256.87  5.50692e-09  8.27843e-12
      1257.18  2.27712e-09  6.14251e-12
      1257.50  1.60869e-09  5.88469e-12
      1257.81  1.85054e-09  6.87782e-12
      1258.13  2.44117e-09  7.46875e-12
      1258.45  2.38302e-09  6.82824e-12
      1258.76  2.44077e-09  6.71243e-12
      1259.08  4.52456e-09  7.80986e-12
      1259.40  1.00506e-08  1.08478e-11
      1259.72  1.42683e-08  1.29595e-11
      1260.03  1.06340e-08  1.12693e-11
      1260.35  7.48202e-09  1.03122e-11
      1260.67  1.00544e-08  1.28083e-11
      1260.99  8.99088e-09  1.14658e-11
      1261.30  6.75032e-09  1.02123e-11
      1261.62  7.89364e-09  1.12952e-11
      1261.94  9.06662e-09  1.20819e-11
      1262.26  9.56867e-09  1.21349e-11
      1262.58  6.17590e-09  9.26600e-12
      1262.90  7.11735e-09  8.94811e-12
      1263.22  1.19158e-08  1.21882e-11
      1263.54  9.86854e-09  1.08407e-11
      1263.86  5.83302e-09  8.43597e-12
      1264.17  4.50136e-09  7.65483e-12
      1264.49  3.18550e-09  6.43955e-12
      1264.81  3.36753e-09  6.08498e-12
      1265.13  7.22835e-09  8.19642e-12
      1265.45  1.18354e-08  1.03261e-11
      1265.77  1.06485e-08  9.80775e-12
      1266.10  5.49535e-09  7.33344e-12
      1266.42  2.57957e-09  5.76241e-12
      1266.74  2.15202e-09  5.71620e-12
      1267.06  2.98039e-09  6.23128e-12
      1267.38  6.52500e-09  8.38413e-12
      1267.70  1.24642e-08  1.10979e-11
      1268.02  1.38250e-08  1.16389e-11
      1268.34  1.37496e-08  1.12635e-11
      1268.67  1.23510e-08  1.05899e-11
      1268.99  1.22162e-08  1.12053e-11
      1269.31  9.43549e-09  1.01152e-11
      1269.63  5.86678e-09  8.44441e-12
      1269.95  4.75491e-09  7.87828e-12
      1270.28  5.93125e-09  8.33784e-12
      1270.60  1.02930e-08  1.09527e-11
      1270.92  1.25201e-08  1.36372e-11
      1271.25  1.41255e-08  1.32045e-11
      1271.57  1.38575e-08  1.26839e-11
      1271.89  8.26263e-09  9.68834e-12
      1272.22  3.38875e-09  6.82904e-12
      1272.54  1.96135e-09  5.92218e-12
      1272.86  1.57756e-09  5.41867e-12
      1273.19  1.48397e-09  4.97539e-12
      1273.51  1.83043e-09  4.84228e-12
      1273.84  2.95266e-09  5.56795e-12
      1274.16  4.01254e-09  6.15909e-12
      1274.49  5.33883e-09  6.75889e-12
      1274.81  9.76766e-09  9.24144e-12
      1275.14  1.38299e-08  1.12423e-11
      1275.46  1.25141e-08  1.09180e-11
      1275.79  8.05870e-09  8.89339e-12
      1276.11  5.01989e-09  7.12977e-12
      1276.44  6.13182e-09  7.96980e-12
      1276.76  1.24593e-08  1.15836e-11
      1277.09  1.22762e-08  1.00830e-11
      1277.42  1.25795e-08  1.08111e-11
      1277.74  8.66941e-09  9.22652e-12
      1278.07  3.72714e-09  6.73391e-12
      1278.40  2.09932e-09  5.87772e-12
      1278.72  1.59885e-09  5.54860e-12
      1279.05  1.57264e-09  5.50801e-12
      1279.38  2.08325e-09  6.04982e-12
      1279.71  3.18410e-09  6.49838e-12
      1280.03  4.40487e-09  8.15378e-12
      1280.36  3.93048e-09  7.67090e-12
      1280.69  4.34227e-09  7.33294e-12
      1281.02  5.81452e-09  8.26949e-12
      1281.34  8.75808e-09  9.88668e-12
      1281.67  1.09896e-08  1.10279e-11
      1282.00  8.55368e-09  9.20472e-12
      1282.33  8.48043e-09  8.47421e-12
      1282.66  1.34892e-08  1.03310e-11
      1282.99  1.75319e-08  1.15368e-11
      1283.32  1.76291e-08  1.19004e-11
      1283.65  1.22988e-08  1.02075e-11
      1283.98  6.21126e-09  7.72981e-12
      1284.31  3.41295e-09  6.74234e-12
      1284.64  2.43346e-09  5.97462e-12
      1284.97  2.40791e-09  5.63153e-12
      1285.30  2.88244e-09  5.98398e-12
      1285.63  2.47970e-09  5.55375e-12
      1285.96  2.24793e-09  5.42533e-12
      1286.29  3.54459e-09  6.61063e-12
      1286.62  5.14081e-09  8.07339e-12
      1286.95  4.70163e-09  8.12478e-12
      1287.28  5.55265e-09  8.51052e-12
      1287.61  1.10187e-08  1.23433e-11
      1287.95  1.33918e-08  1.26997e-11
      1288.28  1.32741e-08  1.18249e-11
      1288.61  1.31658e-08  1.10683e-11
      1288.94  1.33108e-08  1.10920e-11
      1289.27  9.30275e-09  9.09845e-12
      1289.61  6.61338e-09  8.11607e-12
      1289.94  5.25772e-09  7.51670e-12
      1290.27  3.43702e-09  6.34493e-12
      1290.61  2.95256e-09  6.06372e-12
      1290.94  2.23095e-09  5.13249e-12
      1291.27  1.60157e-09  4.47146e-12
      1291.61  1.84358e-09  4.58735e-12
      1291.94  3.09710e-09  5.62750e-12
      1292.27  5.48599e-09  7.19977e-12
      1292.61  8.38657e-09  9.43533e-12
      1292.94  5.94694e-09  8.03018e-12
      1293.28  4.28100e-09  7.25197e-12
      1293.61  5.85110e-09  8.59035e-12
      1293.95  7.33651e-09  9.26962e-12
      1294.28  1.09846e-08  1.10477e-11
      1294.62  1.34917e-08  1.21625e-11
      1294.95  1.10569e-08  1.06312e-11
      1295.29  1.07217e-08  1.08407e-11
      1295.62  9.12098e-09  9.93994e-12
      1295.96  6.45705e-09  8.39070e-12
      1296.29  5.53981e-09  7.77571e-12
      1296.63  5.79025e-09  7.68805e-12
      1296.97  7.23886e-09  7.84286e-12
      1297.30  1.16860e-08  9.38665e-12
      1297.64  1.61095e-08  1.10476e-11
      1297.98  1.34480e-08  1.00447e-11
      1298.31  8.21565e-09  8.21539e-12
      1298.65  4.45074e-09  6.56454e-12
      1298.99  3.29666e-09  6.04890e-12
      1299.33  5.96892e-09  7.78154e-12
      1299.66  1.11945e-08  1.06979e-11
      1300.00  1.26354e-08  1.10753e-11
      1300.34  1.08874e-08  1.06917e-11
      1300.68  7.24878e-09  9.18726e-12
      1301.02  7.17455e-09  8.55697e-12
      1301.35  1.36514e-08  1.29986e-11
      1301.69  1.64802e-08  1.38911e-11
      1302.03  1.60101e-08  1.36177e-11
      1302.37  1.40230e-08  1.17933e-11
      1302.71  1.64294e-08  1.22982e-11
      1303.05  1.80755e-08  1.20163e-11
      1303.39  2.08653e-08  1.25999e-11
      1303.73  2.25979e-08  1.30480e-11
      1304.07  2.07837e-08  1.24619e-11
      1304.41  2.10875e-08  1.31808e-11
      1304.75  2.24492e-08  1.35830e-11
      1305.09  2.35739e-08  1.39944e-11
      1305.43  2.81330e-08  1.53604e-11
      1305.77  3.36307e-08  1.67842e-11
      1306.11  3.35808e-08  1.71178e-11
      1306.46  2.22645e-08  1.39759e-11
      1306.80  1.03956e-08  9.98636e-12
      1307.14  5.35447e-09  8.39344e-12
      1307.48  3.47197e-09  7.08422e-12
      1307.82  2.66510e-09  6.61080e-12
      1308.16  2.67986e-09  6.28461e-12
      1308.51  3.18253e-09  6.46675e-12
      1308.85  2.60949e-09  5.59538e-12
      1309.19  1.85033e-09  4.74126e-12
      1309.53  1.67627e-09  4.55492e-12
      1309.88  1.64707e-09  4.56820e-12
      1310.22  1.77582e-09  4.77375e-12
      1310.56  2.37063e-09  5.24041e-12
      1310.91  4.56414e-09  6.60913e-12
      1311.25  8.56603e-09  8.91812e-12
      1311.60  8.63102e-09  8.87809e-12
      1311.94  4.98316e-09  6.85784e-12
      1312.28  2.47766e-09  5.40677e-12
      1312.63  1.61511e-09  4.99507e-12
      1312.97  1.35218e-09  5.31320e-12
      1313.32  1.89094e-09  5.85090e-12
      1313.66  3.21958e-09  7.45104e-12
      1314.01  2.77200e-09  6.75175e-12
      1314.35  1.52477e-09  5.15859e-12
      1314.70  1.12176e-09  4.40279e-12
      1315.05  1.11709e-09  4.22713e-12
      1315.39  1.27697e-09  4.36517e-12
      1315.74  1.66059e-09  4.75117e-12
      1316.08  2.60785e-09  5.39696e-12
      1316.43  5.54160e-09  7.18464e-12
      1316.78  1.00260e-08  9.77992e-12
      1317.12  7.81095e-09  8.43638e-12
      1317.47  3.38544e-09  5.79982e-12
      1317.82  1.90891e-09  4.86864e-12
      1318.17  1.94816e-09  5.00242e-12
      1318.51  3.48160e-09  6.56647e-12
      1318.86  4.50817e-09  7.94997e-12
      1319.21  3.19453e-09  6.96598e-12
      1319.56  1.70159e-09  6.36137e-12
      1319.91  1.75304e-09  6.64567e-12
      1320.25  1.66395e-09  5.33735e-12
      1320.60  1.63305e-09  4.89303e-12
      1320.95  2.02510e-09  5.01677e-12
      1321.30  2.98619e-09  5.57695e-12
      1321.65  6.46065e-09  7.38998e-12
      1322.00  1.25179e-08  1.06530e-11
      1322.35  1.05063e-08  9.68707e-12
      1322.70  5.06443e-09  6.94336e-12
      1323.05  3.05492e-09  5.71224e-12
      1323.40  3.38130e-09  6.08787e-12
      1323.75  4.06095e-09  6.61338e-12
      1324.10  4.23762e-09  6.98461e-12
      1324.45  3.11204e-09  6.56627e-12
      1324.80  2.20999e-09  5.81469e-12
      