227
      1249.95  8.01588e-09  1.10290e-11
      1250.27  3.92919e-09  7.99142e-12
      1250.58  1.22030e-09  5.50026e-12
      1250.89  8.10316e-10  5.25262e-12
      1251.20  1.08572e-09  5.51910e-12
      1251.52  1.76839e-09  6.28993e-12
      1251.83  3.15309e-09  7.84814e-12
      1252.14  4.13080e-09  8.63825e-12
      1252.46  3.94839e-09  8.37713e-12
      1252.77  3.61819e-09  7.70829e-12
      1253.09  6.10909e-09  8.74664e-12
      1253.40  1.21047e-08  1.13956e-11
      1253.71  1.55079e-08  1.29293e-11
      1254.03  9.58173e-09  1.01924e-11
      1254.34  4.32580e-09  7.12647e-12
      1254.66  5.27096e-09  8.04733e-12
      1254.97  8.74314e-09  1.06079e-11
      1255.29  5.97675e-09  8.85151e-12
      1255.60  2.48120e-09  6.25504e-12
      1255.92  2.74845e-09  6.29847e-12
      1256.23  4.87276e-09  7.15797e-12
      1256.55  8.19566e-09  9.07608e-12
      1256.87  5.98673e-09  7.73461e-12
      1257.18  2.53958e-09  5.74972e-12
      1257.50  1.77580e-09  5.49758e-12
      1257.81  2.03953e-09  5.91479e-12
      1258.13  2.57366e-09  6.62928e-12
      1258.45  2.58614e-09  6.44405e-12
      1258.76  2.69746e-09  6.20832e-12
      1259.08  4.94242e-09  7.16998e-12
      1259.40  1.05920e-08  9.95968e-12
      1259.72  1.48323e-08  1.19876e-11
      1260.03  1.12718e-08  1.04843e-11
      1260.35  7.91550e-09  8.97650e-12
      1260.67  1.01592e-08  1.08474e-11
      1260.99  9.54566e-09  1.06508e-11
      1261.30  7.46755e-09  9.13329e-12
      1261.62  9.37900e-09  1.02246e-11
      1261.94  9.96826e-09  9.85902e-12
      1262.26  1.02784e-08  9.97366e-12
      1262.58  7.49166e-09  8.37626e-12
      1262.90  7.59236e-09  8.35409e-12
      1263.22  1.23510e-08  1.13150e-11
      1263.54  1.02799e-08  1.02735e-11
      1263.86  6.14705e-09  8.13540e-12
      1264.17  4.74559e-09  7.47252e-12
      1264.49  3.36789e-09  6.23114e-12
      1264.81  3.54128e-09  5.80332e-12
      1265.13  7.54498e-09  7.74611e-12
      1265.45  1.23415e-08  9.68452e-12
      1265.77  1.11752e-08  9.27061e-12
      1266.10  5.82038e-09  6.95212e-12
      1266.42  2.76278e-09  5.41542e-12
      1266.74  2.31259e-09  5.31290e-12
      1267.06  3.20085e-09  5.71521e-12
      1267.38  7.06226e-09  7.41198e-12
      1267.70  1.38930e-08  1.02903e-11
      1268.02  1.48800e-08  1.00838e-11
      1268.34  1.45371e-08  1.01548e-11
      1268.67  1.30532e-08  9.62975e-12
      1268.99  1.29071e-08  1.03002e-11
      1269.31  9.99627e-09  9.35517e-12
      1269.63  6.26176e-09  7.82713e-12
      1269.95  5.08423e-09  7.27798e-12
      1270.28  6.27309e-09  7.43263e-12
      1270.60  1.10259e-08  9.85389e-12
      1270.92  1.33732e-08  1.03446e-11
      1271.25  1.45905e-08  1.07357e-11
      1271.57  1.45414e-08  1.11315e-11
      1271.89  8.54758e-09  8.66555e-12
      1272.22  3.55638e-09  6.24039e-12
      1272.54  2.08765e-09  5.51899e-12
      1272.86  1.68176e-09  5.15525e-12
      1273.19  1.57340e-09  4.89757e-12
      1273.51  1.93852e-09  4.75804e-12
      1273.84  3.15690e-09  5.42615e-12
      1274.16  4.25011e-09  5.96749e-12
      1274.49  5.50652e-09  6.35600e-12
      1274.81  1.02751e-08  8.79941e-12
      1275.14  1.46137e-08  1.07192e-11
      1275.46  1.31670e-08  1.03065e-11
      1275.79  8.44890e-09  8.32176e-12
      1276.11  5.28797e-09  6.54943e-12
      1276.44  6.98963e-09  6.96912e-12
      1276.76  1.24860e-08  9.39850e-12
      1277.09  1.28493e-08  9.05695e-12
      1277.42  1.33348e-08  9.93362e-12
      1277.74  9.11049e-09  8.36782e-12
      1278.07  4.02696e-09  6.23135e-12
      1278.40  2.30154e-09  5.45786e-12
      1278.72  1.74384e-09  5.16954e-12
      1279.05  1.70943e-09  4.97070e-12
      1279.38  2.32760e-09  5.22738e-12
      1279.71  3.60838e-09  5.88266e-12
      1280.03  4.90280e-09  6.80778e-12
      1280.36  4.43036e-09  6.40203e-12
      1280.69  4.63402e-09  6.90949e-12
      1281.02  6.14844e-09  7.95320e-12
      1281.34  9.23787e-09  9.67278e-12
      1281.67  1.14239e-08  1.08195e-11
      1282.00  8.93766e-09  8.98304e-12
      1282.33  9.04048e-09  8.39100e-12
      1282.66  1.41266e-08  1.00858e-11
      1282.99  1.82639e-08  1.11696e-11
      1283.32  1.83045e-08  1.12964e-11
      1283.65  1.28338e-08  9.72919e-12
      1283.98  6.61781e-09  7.28014e-12
      1284.31  3.63063e-09  5.94389e-12
      1284.64  2.64845e-09  5.38719e-12
      1284.97  2.60758e-09  5.25573e-12
      1285.30  3.05539e-09  5.38145e-12
      1285.63  2.64116e-09  4.94085e-12
      1285.96  2.43191e-09  4.81519e-12
      1286.29  3.78546e-09  5.84082e-12
      1286.62  5.42512e-09  7.21235e-12
      1286.95  5.08694e-09  7.21369e-12
      1287.28  6.39649e-09  7.93487e-12
      1287.61  1.15176e-08  1.06684e-11
      1287.95  1.39548e-08  1.13134e-11
      1288.28  1.38959e-08  1.08341e-11
      1288.61  1.38349e-08  1.04417e-11
      1288.94  1.38001e-08  1.05534e-11
      1289.27  9.81182e-09  8.92964e-12
      1289.61  6.98181e-09  7.97872e-12
      1289.94  5.56077e-09  7.46276e-12
      1290.27  3.71477e-09  6.25691e-12
      1290.61  3.11987e-09  5.83568e-12
      1290.94  2.39299e-09  5.17694e-12
      1291.27  1.74242e-09  4.29361e-12
      1291.61  2.00426e-09  4.33720e-12
      1291.94  3.30898e-09  5.18466e-12
      1292.27  5.81232e-09  6.57651e-12
      1292.61  8.59114e-09  8.37757e-12
      1292.94  6.41037e-09  7.41817e-12
      1293.28  4.63014e-09  6.58276e-12
      1293.61  6.18820e-09  7.66172e-12
      1293.95  8.04567e-09  8.15092e-12
      1294.28  1.22978e-08  9.88794e-12
      1294.62  1.40811e-08  1.05305e-11
      1294.95  1.17066e-08  9.52139e-12
      1295.29  1.12307e-08  9.90233e-12
      1295.62  9.61922e-09  9.50195e-12
      1295.96  6.86555e-09  8.25767e-12
      1296.29  5.90370e-09  7.82531e-12
      1296.63  6.15433e-09  7.62041e-12
      1296.97  7.67459e-09  7.84218e-12
      1297.30  1.22782e-08  9.43465e-12
      1297.64  1.68860e-08  1.09328e-11
      1297.98  1.41785e-08  9.86141e-12
      1298.31  8.73416e-09  7.98246e-12
      1298.65  4.75871e-09  6.24957e-12
      1298.99  3.50984e-09  5.61090e-12
      1299.33  6.26106e-09  7.07596e-12
      1299.66  1.17250e-08  9.58065e-12
      1300.00  1.32568e-08  9.70065e-12
      1300.34  1.14503e-08  9.05679e-12
      1300.68  7.69732e-09  7.53756e-12
      1301.02  7.93936e-09  7.73794e-12
      1301.35  1.42285e-08  1.10509e-11
      1301.69  1.71616e-08  1.22420e-11
      1302.03  1.67031e-08  1.24403e-11
      1302.37  1.47436e-08  1.12464e-11
      1302.71  1.71763e-08  1.20608e-11
      1303.05  1.89170e-08  1.20203e-11
      1303.39  2.17735e-08  1.26223e-11
      1303.73  2.35921e-08  1.30529e-11
      1304.07  2.18103e-08  1.24785e-11
      1304.41  2.20572e-08  1.27473e-11
      1304.75  2.34343e-08  1.32266e-11
      1305.09  2.45309e-08  1.32839e-11
      1305.43  2.91123e-08  1.41404e-11
      1305.77  3.47667e-08  1.50735e-11
      1306.11  3.48766e-08  1.49297e-11
      1306.46  2.33576e-08  1.21864e-11
      1306.80  1.08982e-08  8.59873e-12
      1307.14  5.39557e-09  6.70316e-12
      1307.48  3.57710e-09  6.06576e-12
      1307.82  2.81440e-09  5.75562e-12
      1308.16  2.82422e-09  5.76939e-12
      1308.51  3.41775e-09  6.18053e-12
      1308.85  2.79841e-09  5.45474e-12
      1309.19  1.96247e-09  4.69592e-12
      1309.53  1.79315e-09  4.71940e-12
      1309.88  1.76165e-09  4.75034e-12
      1310.22  1.90142e-09  4.91717e-12
      1310.56  2.48754e-09  5.27792e-12
      1310.91  4.64519e-09  6.45595e-12
      1311.25  9.20738e-09  8.72683e-12
      1311.60  9.24661e-09  8.31608e-12
      1311.94  5.20686e-09  6.11500e-12
      1312.28  2.59234e-09  4.66528e-12
      1312.63  1.73145e-09  4.32019e-12
      1312.97  1.46619e-09  4.38304e-12
      1313.32  2.02658e-09  5.04338e-12
      1313.66  3.48979e-09  6.44066e-12
      1314.01  2.88477e-09  5.77221e-12
      1314.35  1.60793e-09  4.68972e-12
      1314.70  1.21304e-09  4.18740e-12
      1315.05  1.19958e-09  4.14000e-12
      1315.39  1.37200e-09  4.38593e-12
      1315.74  1.78454e-09  4.85670e-12
      1316.08  2.81220e-09  5.60798e-12
      1316.43  5.94410e-09  7.39118e-12
      1316.78  1.03115e-08  9.68863e-12
      1317.12  8.19692e-09  8.30569e-12
      1317.47  3.71990e-09  5.58726e-12
      1317.82  2.09533e-09  4.49004e-12
      1318.17  2.15229e-09  4.46163e-12
      1318.51  3.64768e-09  5.57433e-12
      1318.86  4.56647e-09  6.49853e-12
      1319.21  3.07135e-09  5.75933e-12
      1319.56  1.71865e-09  4.83015e-12
      1319.91  1.74279e-09  5.01722e-12
      1320.25  1.76632e-09  4.89363e-12
      1320.60  1.75130e-09  4.65536e-12
      1320.95  2.16808e-09  4.93844e-12
      1321.30  3.19791e-09  5.58440e-12
      1321.65  6.71676e-09  7.54110e-12
      1322.00  1.31981e-08  1.11267e-11
      1322.35  1.13239e-08  1.01380e-11
      1322.70  5.35276e-09  6.98327e-12
      1323.05  3.21335e-09  5.57354e-12
      1323.40  3.57921e-09  5.62128e-12
      1323.75  4.29178e-09  5.85771e-12
      1324.10  4.49258e-09  5.98236e-12
      1324.45  3.24071e-09  5.31741e-12
      1324.80  2.24887e-09  5.04347e-12
      