227
      1249.95  7.90300e-09  1.42274e-11
      1250.27  3.85939e-09  1.01853e-11
      1250.58  1.22580e-09  6.91284e-12
      1250.89  7.92291e-10  6.26523e-12
      1251.20  1.03849e-09  6.67374e-12
      1251.52  1.70042e-09  7.66340e-12
      1251.83  3.09248e-09  9.53816e-12
      1252.14  4.08912e-09  1.07100e-11
      1252.46  3.89977e-09  1.05086e-11
      1252.77  3.53282e-09  9.56038e-12
      1253.09  6.01074e-09  1.09454e-11
      1253.40  1.20442e-08  1.44982e-11
      1253.71  1.55405e-08  1.65428e-11
      1254.03  9.50287e-09  1.27724e-11
      1254.34  4.33458e-09  9.41892e-12
      1254.66  5.28396e-09  1.06429e-11
      1254.97  8.82967e-09  1.45302e-11
      1255.29  5.92503e-09  1.20733e-11
      1255.60  2.51314e-09  8.75489e-12
      1255.92  2.72170e-09  8.94186e-12
      1256.23  4.84617e-09  1.00283e-11
      1256.55  8.38111e-09  1.33139e-11
      1256.87  5.90108e-09  1.10778e-11
      1257.18  2.52767e-09  8.24248e-12
      1257.50  1.75844e-09  7.87230e-12
      1257.81  2.02908e-09  8.37520e-12
      1258.13  2.62154e-09  9.50185e-12
      1258.45  2.58406e-09  8.94935e-12
      1258.76  2.61416e-09  8.58662e-12
      1259.08  4.79499e-09  9.90654e-12
      1259.40  1.06645e-08  1.38434e-11
      1259.72  1.52094e-08  1.65896e-11
      1260.03  1.12270e-08  1.40019e-11
      1260.35  7.77823e-09  1.24695e-11
      1260.67  1.05034e-08  1.51033e-11
      1260.99  9.54851e-09  1.36974e-11
      1261.30  7.18802e-09  1.13203e-11
      1261.62  9.21229e-09  1.39400e-11
      1261.94  9.69749e-09  1.31428e-11
      1262.26  1.02187e-08  1.36993e-11
      1262.58  6.99473e-09  1.06460e-11
      1262.90  7.33544e-09  1.01898e-11
      1263.22  1.23842e-08  1.40630e-11
      1263.54  1.01876e-08  1.25979e-11
      1263.86  6.02055e-09  9.96334e-12
      1264.17  4.73807e-09  9.96664e-12
      1264.49  3.17549e-09  8.14469e-12
      1264.81  3.46898e-09  7.36976e-12
      1265.13  7.49464e-09  1.00384e-11
      1265.45  1.24088e-08  1.29354e-11
      1265.77  1.12178e-08  1.25233e-11
      1266.10  5.81883e-09  9.48538e-12
      1266.42  2.75986e-09  7.58155e-12
      1266.74  2.31079e-09  7.43479e-12
      1267.06  3.16823e-09  8.05956e-12
      1267.38  6.96572e-09  1.07012e-11
      1267.70  1.39522e-08  1.53101e-11
      1268.02  1.48734e-08  1.47658e-11
      1268.34  1.46439e-08  1.46306e-11
      1268.67  1.30801e-08  1.37552e-11
      1268.99  1.30396e-08  1.45944e-11
      1269.31  1.00775e-08  1.31247e-11
      1269.63  6.26625e-09  1.06484e-11
      1269.95  5.07758e-09  9.86497e-12
      1270.28  6.21050e-09  1.00363e-11
      1270.60  1.09597e-08  1.29053e-11
      1270.92  1.33462e-08  1.40845e-11
      1271.25  1.45636e-08  1.45785e-11
      1271.57  1.44910e-08  1.42331e-11
      1271.89  8.57672e-09  1.09474e-11
      1272.22  3.49928e-09  7.66912e-12
      1272.54  2.04893e-09  6.71220e-12
      1272.86  1.65221e-09  6.21391e-12
      1273.19  1.54703e-09  5.83784e-12
      1273.51  1.90224e-09  5.77153e-12
      1273.84  3.07434e-09  6.66428e-12
      1274.16  4.19738e-09  7.54169e-12
      1274.49  5.51264e-09  8.33397e-12
      1274.81  1.01411e-08  1.17704e-11
      1275.14  1.45219e-08  1.45351e-11
      1275.46  1.32241e-08  1.43353e-11
      1275.79  8.54921e-09  1.17127e-11
      1276.11  5.33784e-09  9.40139e-12
      1276.44  6.51279e-09  1.01174e-11
      1276.76  1.35077e-08  1.56571e-11
      1277.09  1.30422e-08  1.33681e-11
      1277.42  1.33129e-08  1.42340e-11
      1277.74  9.31403e-09  1.22414e-11
      1278.07  4.06507e-09  8.70974e-12
      1278.40  2.31310e-09  7.46533e-12
      1278.72  1.76139e-09  6.76946e-12
      1279.05  1.71087e-09  6.57751e-12
      1279.38  2.30096e-09  6.61068e-12
      1279.71  3.51983e-09  7.62688e-12
      1280.03  4.66309e-09  9.43818e-12
      1280.36  4.07985e-09  8.98453e-12
      1280.69  4.51876e-09  8.49099e-12
      1281.02  6.00010e-09  9.59138e-12
      1281.34  9.01246e-09  1.15745e-11
      1281.67  1.14067e-08  1.30809e-11
      1282.00  8.78948e-09  1.09134e-11
      1282.33  8.66939e-09  1.02374e-11
      1282.66  1.39583e-08  1.28017e-11
      1282.99  1.82395e-08  1.45826e-11
      1283.32  1.85063e-08  1.53363e-11
      1283.65  1.29644e-08  1.33130e-11
      1283.98  6.57971e-09  1.02351e-11
      1284.31  3.86342e-09  9.01082e-12
      1284.64  2.62236e-09  8.20733e-12
      1284.97  2.59638e-09  7.45103e-12
      1285.30  3.15302e-09  7.73412e-12
      1285.63  2.69491e-09  7.09666e-12
      1285.96  2.40167e-09  6.69767e-12
      1286.29  3.75303e-09  8.11101e-12
      1286.62  5.51373e-09  9.87913e-12
      1286.95  5.04214e-09  9.47252e-12
      1287.28  6.12122e-09  1.02697e-11
      1287.61  1.15514e-08  1.40156e-11
      1287.95  1.39240e-08  1.44038e-11
      1288.28  1.37682e-08  1.35650e-11
      1288.61  1.36061e-08  1.28368e-11
      1288.94  1.38199e-08  1.31688e-11
      1289.27  9.59393e-09  1.08407e-11
      1289.61  6.82640e-09  9.71740e-12
      1289.94  5.47981e-09  9.26263e-12
      1290.27  3.60665e-09  7.94862e-12
      1290.61  3.12465e-09  7.70489e-12
      1290.94  2.38813e-09  6.65718e-12
      1291.27  1.72563e-09  5.88728e-12
      1291.61  1.98551e-09  6.10779e-12
      1291.94  3.30369e-09  7.40003e-12
      1292.27  5.80628e-09  9.53457e-12
      1292.61  8.95091e-09  1.25617e-11
      1292.94  6.35737e-09  1.05084e-11
      1293.28  4.58150e-09  9.24751e-12
      1293.61  6.24356e-09  1.06934e-11
      1293.95  7.93237e-09  1.08587e-11
      1294.28  1.23853e-08  1.34867e-11
      1294.62  1.41730e-08  1.40292e-11
      1294.95  1.15714e-08  1.22315e-11
      1295.29  1.12044e-08  1.26618e-11
      1295.62  9.49919e-09  1.17177e-11
      1295.96  6.73041e-09  1.00348e-11
      1296.29  5.75231e-09  9.30313e-12
      1296.63  5.98673e-09  9.30259e-12
      1296.97  7.48440e-09  9.64192e-12
      1297.30  1.21079e-08  1.18534e-11
      1297.64  1.67910e-08  1.41458e-11
      1297.98  1.41223e-08  1.30601e-11
      1298.31  8.74128e-09  1.08566e-11
      1298.65  4.78431e-09  8.65480e-12
      1298.99  3.52900e-09  7.91820e-12
      1299.33  6.28403e-09  1.00645e-11
      1299.66  1.18480e-08  1.37118e-11
      1300.00  1.33419e-08  1.38041e-11
      1300.34  1.15470e-08  1.27335e-11
      1300.68  7.73449e-09  1.01678e-11
      1301.02  7.85875e-09  1.03736e-11
      1301.35  1.42075e-08  1.47507e-11
      1301.69  1.71330e-08  1.59403e-11
      1302.03  1.66460e-08  1.57552e-11
      1302.37  1.45597e-08  1.39063e-11
      1302.71  1.69378e-08  1.46595e-11
      1303.05  1.85767e-08  1.44093e-11
      1303.39  2.13763e-08  1.52797e-11
      1303.73  2.32559e-08  1.62481e-11
      1304.07  2.15700e-08  1.59200e-11
      1304.41  2.19208e-08  1.66849e-11
      1304.75  2.33762e-08  1.78263e-11
      1305.09  2.46113e-08  1.85050e-11
      1305.43  2.93235e-08  2.01052e-11
      1305.77  3.50608e-08  2.16873e-11
      1306.11  3.50506e-08  2.17270e-11
      1306.46  2.35555e-08  1.74360e-11
      1306.80  1.11110e-08  1.20997e-11
      1307.14  5.52032e-09  9.30983e-12
      1307.48  3.62847e-09  8.37570e-12
      1307.82  2.83775e-09  7.64990e-12
      1308.16  2.83596e-09  7.39292e-12
      1308.51  3.34611e-09  7.57649e-12
      1308.85  2.76817e-09  6.62527e-12
      1309.19  1.94394e-09  5.65432e-12
      1309.53  1.75781e-09  5.53108e-12
      1309.88  1.74419e-09  5.71088e-12
      1310.22  1.88694e-09  6.11461e-12
      1310.56  2.52282e-09  6.75423e-12
      1310.91  4.78796e-09  8.66785e-12
      1311.25  8.88117e-09  1.14760e-11
      1311.60  9.15222e-09  1.14375e-11
      1311.94  5.40686e-09  8.82527e-12
      1312.28  2.70089e-09  6.82298e-12
      1312.63  1.77615e-09  6.10599e-12
      1312.97  1.51532e-09  6.05233e-12
      1313.32  2.04666e-09  7.07043e-12
      1313.66  3.41310e-09  8.59005e-12
      1314.01  2.95970e-09  7.89931e-12
      1314.35  1.62069e-09  6.10036e-12
      1314.70  1.20015e-09  5.22603e-12
      1315.05  1.19095e-09  4.97235e-12
      1315.39  1.34759e-09  5.25743e-12
      1315.74  1.73629e-09  5.81245e-12
      1316.08  2.70540e-09  6.74762e-12
      1316.43  5.72230e-09  9.19980e-12
      1316.78  1.05104e-08  1.27765e-11
      1317.12  8.28105e-09  1.10944e-11
      1317.47  3.64156e-09  7.56177e-12
      1317.82  2.08267e-09  6.12358e-12
      1318.17  2.11203e-09  6.26015e-12
      1318.51  3.74467e-09  8.16168e-12
      1318.86  4.73714e-09  9.29703e-12
      1319.21  3.08938e-09  8.00435e-12
      1319.56  1.73949e-09  7.06651e-12
      1319.91  1.79434e-09  7.12694e-12
      1320.25  1.77645e-09  6.65933e-12
      1320.60  1.76008e-09  5.88152e-12
      1320.95  2.15435e-09  6.19210e-12
      1321.30  3.11893e-09  6.78423e-12
      1321.65  6.68534e-09  9.18184e-12
      1322.00  1.27618e-08  1.33292e-11
      1322.35  1.09333e-08  1.24414e-11
      1322.70  5.48000e-09  9.14912e-12
      1323.05  3.33019e-09  7.42182e-12
      1323.40  3.62897e-09  7.57717e-12
      1323.75  4.34637e-09  8.18374e-12
      1324.10  4.50669e-09  8.42055e-12
      1324.45  3.31835e-09  7.59018e-12
      1324.80  2.31929e-09  7.24610e-12
      