227
      1249.95  7.69329e-09  1.07672e-11
      1250.27  3.58787e-09  7.81869e-12
      1250.58  1.06376e-09  5.63275e-12
      1250.89  7.03738e-10  5.12135e-12
      1251.20  9.54780e-10  5.43173e-12
      1251.52  1.58543e-09  6.14990e-12
      1251.83  2.90467e-09  7.57127e-12
      1252.14  3.83392e-09  8.66434e-12
      1252.46  3.64953e-09  8.54730e-12
      1252.77  3.30540e-09  8.15641e-12
      1253.09  5.67924e-09  9.74570e-12
      1253.40  1.14329e-08  1.26602e-11
      1253.71  1.46892e-08  1.41190e-11
      1254.03  8.85779e-09  1.07711e-11
      1254.34  3.93247e-09  7.72275e-12
      1254.66  4.85093e-09  8.71996e-12
      1254.97  8.28295e-09  1.16181e-11
      1255.29  5.45720e-09  9.45376e-12
      1255.60  2.22418e-09  6.89119e-12
      1255.92  2.44328e-09  7.08308e-12
      1256.23  4.37339e-09  7.98378e-12
      1256.55  7.88567e-09  1.04830e-11
      1256.87  5.44192e-09  8.32768e-12
      1257.18  2.20574e-09  5.94081e-12
      1257.50  1.56961e-09  5.81549e-12
      1257.81  1.77799e-09  6.24439e-12
      1258.13  2.43177e-09  7.31909e-12
      1258.45  2.34405e-09  6.45454e-12
      1258.76  2.41499e-09  6.29917e-12
      1259.08  4.50919e-09  7.25954e-12
      1259.40  9.95228e-09  9.79089e-12
      1259.72  1.40999e-08  1.14031e-11
      1260.03  1.06317e-08  9.74249e-12
      1260.35  7.42460e-09  8.62851e-12
      1260.67  9.77426e-09  1.02771e-11
      1260.99  8.97724e-09  9.47428e-12
      1261.30  6.88691e-09  8.29831e-12
      1261.62  8.34128e-09  9.84158e-12
      1261.94  9.13936e-09  1.02494e-11
      1262.26  9.46858e-09  1.07629e-11
      1262.58  6.54543e-09  8.77218e-12
      1262.90  7.12512e-09  8.41964e-12
      1263.22  1.15638e-08  1.12560e-11
      1263.54  9.56170e-09  1.02653e-11
      1263.86  5.71913e-09  8.33629e-12
      1264.17  4.37055e-09  7.81022e-12
      1264.49  3.07429e-09  6.57944e-12
      1264.81  3.26649e-09  6.38938e-12
      1265.13  7.05840e-09  8.63950e-12
      1265.45  1.15798e-08  1.08204e-11
      1265.77  1.04289e-08  1.02429e-11
      1266.10  5.35082e-09  7.60275e-12
      1266.42  2.49054e-09  5.87001e-12
      1266.74  2.07910e-09  5.66851e-12
      1267.06  2.88119e-09  6.27720e-12
      1267.38  6.36134e-09  8.58893e-12
      1267.70  1.27221e-08  1.25129e-11
      1268.02  1.37899e-08  1.13951e-11
      1268.34  1.35353e-08  1.09497e-11
      1268.67  1.21664e-08  1.00602e-11
      1268.99  1.20890e-08  9.93426e-12
      1269.31  9.40233e-09  8.87076e-12
      1269.63  5.85998e-09  7.32866e-12
      1269.95  4.75218e-09  6.71685e-12
      1270.28  5.93877e-09  7.00788e-12
      1270.60  1.02508e-08  8.96876e-12
      1270.92  1.25175e-08  1.03402e-11
      1271.25  1.37639e-08  1.08642e-11
      1271.57  1.34709e-08  1.08085e-11
      1271.89  8.01707e-09  8.54423e-12
      1272.22  3.31522e-09  6.11277e-12
      1272.54  1.89204e-09  5.40997e-12
      1272.86  1.51132e-09  5.16007e-12
      1273.19  1.41539e-09  5.01106e-12
      1273.51  1.77138e-09  5.07981e-12
      1273.84  2.86378e-09  5.77187e-12
      1274.16  3.87970e-09  6.50165e-12
      1274.49  5.21114e-09  7.07123e-12
      1274.81  9.58614e-09  9.61430e-12
      1275.14  1.35540e-08  1.16393e-11
      1275.46  1.22665e-08  1.11759e-11
      1275.79  7.90231e-09  9.03375e-12
      1276.11  4.91511e-09  7.05566e-12
      1276.44  6.23602e-09  8.00894e-12
      1276.76  1.19269e-08  1.07773e-11
      1277.09  1.21003e-08  9.39961e-12
      1277.42  1.25168e-08  9.87507e-12
      1277.74  8.63801e-09  8.21508e-12
      1278.07  3.70915e-09  5.82190e-12
      1278.40  2.08162e-09  4.93003e-12
      1278.72  1.58098e-09  4.61109e-12
      1279.05  1.55486e-09  4.52538e-12
      1279.38  2.09486e-09  4.80870e-12
      1279.71  3.24093e-09  5.52980e-12
      1280.03  4.43850e-09  7.08159e-12
      1280.36  4.01074e-09  6.71300e-12
      1280.69  4.25637e-09  6.75312e-12
      1281.02  5.71664e-09  7.84347e-12
      1281.34  8.60133e-09  9.72114e-12
      1281.67  1.06887e-08  1.09757e-11
      1282.00  8.39479e-09  9.45980e-12
      1282.33  8.37191e-09  8.98991e-12
      1282.66  1.31690e-08  1.10353e-11
      1282.99  1.71219e-08  1.21767e-11
      1283.32  1.72004e-08  1.22752e-11
      1283.65  1.20894e-08  1.04470e-11
      1283.98  6.15244e-09  7.69505e-12
      1284.31  3.32820e-09  6.13284e-12
      1284.64  2.40411e-09  5.49931e-12
      1284.97  2.36344e-09  5.28594e-12
      1285.30  2.82108e-09  5.43602e-12
      1285.63  2.44540e-09  4.89023e-12
      1285.96  2.22939e-09  4.61431e-12
      1286.29  3.51583e-09  5.50415e-12
      1286.62  5.10319e-09  6.62007e-12
      1286.95  4.72269e-09  6.49164e-12
      1287.28  5.76144e-09  7.31288e-12
      1287.61  1.08766e-08  1.06577e-11
      1287.95  1.31366e-08  1.13185e-11
      1288.28  1.30285e-08  1.10188e-11
      1288.61  1.29153e-08  1.06798e-11
      1288.94  1.30333e-08  1.10888e-11
      1289.27  9.06999e-09  9.21288e-12
      1289.61  6.48791e-09  8.34016e-12
      1289.94  5.13718e-09  7.70916e-12
      1290.27  3.34163e-09  6.44620e-12
      1290.61  2.88114e-09  6.31366e-12
      1290.94  2.16564e-09  5.36093e-12
      1291.27  1.54443e-09  4.54027e-12
      1291.61  1.78309e-09  4.56050e-12
      1291.94  3.01678e-09  5.35454e-12
      1292.27  5.38064e-09  6.56603e-12
      1292.61  8.26672e-09  8.31798e-12
      1292.94  5.95829e-09  6.97663e-12
      1293.28  4.25943e-09  6.05678e-12
      1293.61  5.81210e-09  7.02773e-12
      1293.95  7.42795e-09  7.50305e-12
      1294.28  1.12786e-08  9.36426e-12
      1294.62  1.32424e-08  1.05384e-11
      1294.95  1.09175e-08  9.60080e-12
      1295.29  1.04531e-08  9.96629e-12
      1295.62  8.91236e-09  9.43883e-12
      1295.96  6.34204e-09  8.25522e-12
      1296.29  5.42618e-09  7.88767e-12
      1296.63  5.66984e-09  7.78347e-12
      1296.97  7.11703e-09  8.22316e-12
      1297.30  1.14012e-08  9.86275e-12
      1297.64  1.56848e-08  1.14627e-11
      1297.98  1.32806e-08  1.03485e-11
      1298.31  8.14270e-09  8.18247e-12
      1298.65  4.43242e-09  6.35841e-12
      1298.99  3.25675e-09  5.55856e-12
      1299.33  5.86929e-09  6.88756e-12
      1299.66  1.10232e-08  9.11714e-12
      1300.00  1.25768e-08  9.26338e-12
      1300.34  1.08444e-08  8.58770e-12
      1300.68  7.32242e-09  7.17205e-12
      1301.02  7.34429e-09  7.46388e-12
      1301.35  1.33944e-08  1.11479e-11
      1301.69  1.61821e-08  1.23981e-11
      1302.03  1.56818e-08  1.25540e-11
      1302.37  1.38521e-08  1.14244e-11
      1302.71  1.61131e-08  1.23250e-11
      1303.05  1.77692e-08  1.24014e-11
      1303.39  2.04722e-08  1.32080e-11
      1303.73  2.21992e-08  1.36994e-11
      1304.07  2.04509e-08  1.29681e-11
      1304.41  2.07547e-08  1.41199e-11
      1304.75  2.21502e-08  1.34143e-11
      1305.09  2.32881e-08  1.32822e-11
      1305.43  2.78110e-08  1.41242e-11
      1305.77  3.33587e-08  1.48274e-11
      1306.11  3.35560e-08  1.46496e-11
      1306.46  2.23598e-08  1.17086e-11
      1306.80  1.03978e-08  8.12728e-12
      1307.14  5.18426e-09  6.51562e-12
      1307.48  3.32001e-09  6.09535e-12
      1307.82  2.57462e-09  5.82630e-12
      1308.16  2.59124e-09  5.76221e-12
      1308.51  3.12350e-09  6.28752e-12
      1308.85  2.51888e-09  5.55365e-12
      1309.19  1.76875e-09  4.87566e-12
      1309.53  1.60106e-09  4.75895e-12
      1309.88  1.57603e-09  4.73261e-12
      1310.22  1.70791e-09  4.94553e-12
      1310.56  2.27741e-09  5.23036e-12
      1310.91  4.40249e-09  6.37075e-12
      1311.25  8.50521e-09  8.57183e-12
      1311.60  8.59890e-09  8.18073e-12
      1311.94  4.95023e-09  6.02089e-12
      1312.28  2.45996e-09  4.60228e-12
      1312.63  1.59763e-09  4.12375e-12
      1312.97  1.33906e-09  4.16225e-12
      1313.32  1.86362e-09  4.97394e-12
      1313.66  3.19972e-09  6.54279e-12
      1314.01  2.66502e-09  5.93313e-12
      1314.35  1.44468e-09  4.84246e-12
      1314.70  1.06774e-09  4.38880e-12
      1315.05  1.05988e-09  4.28731e-12
      1315.39  1.21935e-09  4.53367e-12
      1315.74  1.59662e-09  4.94291e-12
      1316.08  2.51019e-09  5.58494e-12
      1316.43  5.38106e-09  7.26876e-12
      1316.78  9.86198e-09  9.71127e-12
      1317.12  7.78660e-09  8.15833e-12
      1317.47  3.37700e-09  5.38343e-12
      1317.82  1.88932e-09  4.28714e-12
      1318.17  1.91649e-09  4.19295e-12
      1318.51  3.42382e-09  5.30313e-12
      1318.86  4.42946e-09  6.25556e-12
      1319.21  2.95618e-09  5.70211e-12
      1319.56  1.61403e-09  5.92187e-12
      1319.91  1.70678e-09  6.35841e-12
      1320.25  1.60898e-09  5.20614e-12
      1320.60  1.57094e-09  4.82428e-12
      1320.95  1.95692e-09  5.09679e-12
      1321.30  2.89883e-09  5.78974e-12
      1321.65  6.22924e-09  7.56584e-12
      1322.00  1.23778e-08  1.10100e-11
      1322.35  1.05354e-08  9.87594e-12
      1322.70  5.00573e-09  6.70677e-12
      1323.05  2.98391e-09  5.27954e-12
      1323.40  3.31728e-09  5.35485e-12
      1323.75  4.00921e-09  5.59930e-12
      1324.10  4.20737e-09  5.70034e-12
      1324.45  3.06427e-09  5.17515e-12
      1324.80  2.09729e-09  4.97166e-12
      