227
      1249.95  2.46381e-08  3.28167e-11
      1250.27  1.45766e-08  2.39270e-11
      1250.58  6.84090e-09  1.42322e-11
      1250.89  5.16461e-09  1.31268e-11
      1251.20  6.41090e-09  1.48063e-11
      1251.52  8.86878e-09  1.71159e-11
      1251.83  1.36678e-08  2.38971e-11
      1252.14  1.84452e-08  2.61384e-11
      1252.46  1.81836e-08  2.61096e-11
      1252.77  1.69415e-08  2.36285e-11
      1253.09  2.47955e-08  2.74506e-11
      1253.40  4.18792e-08  3.62338e-11
      1253.71  5.19184e-08  4.82020e-11
      1254.03  3.35183e-08  3.63475e-11
      1254.34  1.73829e-08  3.05323e-11
      1254.66  2.09796e-08  3.24282e-11
      1254.97  2.96300e-08  4.00929e-11
      1255.29  2.16478e-08  3.37049e-11
      1255.60  1.12908e-08  2.43649e-11
      1255.92  1.05383e-08  3.02154e-11
      1256.23  1.32703e-08  2.88339e-11
      1256.55  2.47503e-08  3.01286e-11
      1256.87  1.71642e-08  2.46163e-11
      1257.18  1.16707e-08  1.60537e-11
      1257.50  9.21644e-09  1.46442e-11
      1257.81  1.02047e-08  1.58206e-11
      1258.13  1.25164e-08  1.76580e-11
      1258.45  1.29475e-08  1.76790e-11
      1258.76  1.39655e-08  1.74681e-11
      1259.08  2.22497e-08  2.09727e-11
      1259.40  4.00799e-08  2.83638e-11
      1259.72  5.12662e-08  3.56403e-11
      1260.03  3.93819e-08  3.06787e-11
      1260.35  3.02738e-08  2.84394e-11
      1260.67  3.66784e-08  3.88905e-11
      1260.99  3.54510e-08  3.44574e-11
      1261.30  3.04392e-08  2.64063e-11
      1261.62  3.61862e-08  2.88987e-11
      1261.94  3.76699e-08  2.81735e-11
      1262.26  3.79889e-08  2.85560e-11
      1262.58  2.94179e-08  2.46140e-11
      1262.90  2.80053e-08  2.76676e-11
      1263.22  3.74945e-08  3.41301e-11
      1263.54  3.50492e-08  3.20708e-11
      1263.86  2.50364e-08  2.50059e-11
      1264.17  2.05981e-08  2.32969e-11
      1264.49  1.55769e-08  1.97376e-11
      1264.81  1.56854e-08  1.93395e-11
      1265.13  2.66102e-08  2.82497e-11
      1265.45  4.03294e-08  3.80834e-11
      1265.77  3.61817e-08  3.63198e-11
      1266.10  2.10083e-08  2.78587e-11
      1266.42  1.20610e-08  2.22245e-11
      1266.74  1.01474e-08  2.22174e-11
      1267.06  1.04550e-08  2.92628e-11
      1267.38  2.35234e-08  1.86039e-11
      1267.70  4.54198e-08  2.83100e-11
      1268.02  4.84403e-08  2.95536e-11
      1268.34  4.85906e-08  3.12706e-11
      1268.67  4.51032e-08  2.96777e-11
      1268.99  4.56860e-08  3.91630e-11
      1269.31  3.51690e-08  2.93055e-11
      1269.63  2.58176e-08  2.40553e-11
      1269.95  2.29138e-08  2.15584e-11
      1270.28  2.63146e-08  2.23260e-11
      1270.60  3.80026e-08  3.20227e-11
      1270.92  4.65399e-08  3.48489e-11
      1271.25  4.95789e-08  3.72751e-11
      1271.57  4.32596e-08  3.51235e-11
      1271.89  2.28751e-08  3.02342e-11
      1272.22  1.57555e-08  1.88602e-11
      1272.54  1.09009e-08  1.60565e-11
      1272.86  9.15474e-09  1.50218e-11
      1273.19  8.54039e-09  1.42930e-11
      1273.51  9.72663e-09  1.46897e-11
      1273.84  1.37708e-08  1.73564e-11
      1274.16  1.75510e-08  1.99639e-11
      1274.49  2.10722e-08  2.37677e-11
      1274.81  3.34183e-08  3.44302e-11
      1275.14  4.42291e-08  4.07971e-11
      1275.46  4.03646e-08  3.90833e-11
      1275.79  2.81276e-08  3.28240e-11
      1276.11  1.94424e-08  3.03564e-11
      1276.44  1.91684e-08  3.26657e-11
      1276.76  3.96716e-08  2.70305e-11
      1277.09  4.48903e-08  3.13585e-11
      1277.42  3.94438e-08  3.76248e-11
      1277.74  2.66644e-08  3.24917e-11
      1278.07  1.71996e-08  1.90997e-11
      1278.40  1.17200e-08  1.59801e-11
      1278.72  9.44118e-09  1.44743e-11
      1279.05  9.37709e-09  1.40808e-11
      1279.38  1.17067e-08  1.60025e-11
      1279.71  1.48517e-08  1.89795e-11
      1280.03  2.02614e-08  2.33487e-11
      1280.36  1.87167e-08  2.04042e-11
      1280.69  1.97172e-08  2.08186e-11
      1281.02  2.47718e-08  2.39495e-11
      1281.34  3.15217e-08  3.19909e-11
      1281.67  3.64537e-08  2.81520e-11
      1282.00  2.94407e-08  3.00875e-11
      1282.33  3.17445e-08  2.63104e-11
      1282.66  4.21464e-08  3.66539e-11
      1282.99  5.23693e-08  4.66615e-11
      1283.32  5.15030e-08  4.38824e-11
      1283.65  3.80685e-08  3.66334e-11
      1283.98  2.23152e-08  2.84984e-11
      1284.31  1.40220e-08  2.41378e-11
      1284.64  1.13974e-08  2.88128e-11
      1284.97  1.14870e-08  1.69787e-11
      1285.30  1.35390e-08  1.92290e-11
      1285.63  1.23448e-08  1.62870e-11
      1285.96  1.18343e-08  1.53977e-11
      1286.29  1.62417e-08  1.77340e-11
      1286.62  2.25708e-08  2.41842e-11
      1286.95  2.11181e-08  2.13739e-11
      1287.28  2.55111e-08  2.34423e-11
      1287.61  3.98406e-08  2.97424e-11
      1287.95  4.63687e-08  3.12108e-11
      1288.28  4.61424e-08  3.15391e-11
      1288.61  4.51866e-08  4.08392e-11
      1288.94  3.95202e-08  3.92927e-11
      1289.27  2.83636e-08  3.25312e-11
      1289.61  2.58857e-08  2.52213e-11
      1289.94  2.15020e-08  2.33218e-11
      1290.27  1.53774e-08  2.00877e-11
      1290.61  1.27658e-08  2.06001e-11
      1290.94  9.76207e-09  1.87931e-11
      1291.27  7.45316e-09  1.62763e-11
      1291.61  8.27817e-09  1.73962e-11
      1291.94  1.06678e-08  2.55226e-11
      1292.27  1.71134e-08  2.04715e-11
      1292.61  3.13263e-08  2.56931e-11
      1292.94  2.45986e-08  2.24790e-11
      1293.28  2.12536e-08  2.10884e-11
      1293.61  2.66741e-08  2.42508e-11
      1293.95  3.22316e-08  2.52626e-11
      1294.28  4.36264e-08  3.00793e-11
      1294.62  4.75934e-08  3.18405e-11
      1294.95  4.03957e-08  3.28085e-11
      1295.29  3.97859e-08  3.22299e-11
      1295.62  3.49511e-08  2.87715e-11
      1295.96  2.70574e-08  2.51288e-11
      1296.29  2.37480e-08  2.37942e-11
      1296.63  2.42350e-08  2.36619e-11
      1296.97  2.83753e-08  2.49251e-11
      1297.30  3.93491e-08  2.93822e-11
      1297.64  4.91440e-08  3.56806e-11
      1297.98  4.25479e-08  3.70001e-11
      1298.31  2.91159e-08  3.14177e-11
      1298.65  1.79421e-08  2.55275e-11
      1298.99  1.31667e-08  2.83072e-11
      1299.33  1.80641e-08  2.17020e-11
      1299.66  3.63467e-08  2.88192e-11
      1300.00  4.49897e-08  3.10717e-11
      1300.34  3.94349e-08  3.16279e-11
      1300.68  2.96991e-08  2.35857e-11
      1301.02  3.09185e-08  2.44528e-11
      1301.35  4.77529e-08  3.20699e-11
      1301.69  5.47030e-08  3.47136e-11
      1302.03  5.19648e-08  3.42993e-11
      1302.37  4.58547e-08  3.39246e-11
      1302.71  4.86605e-08  3.50216e-11
      1303.05  5.52128e-08  3.79044e-11
      1303.39  6.08171e-08  3.62214e-11
      1303.73  6.33719e-08  3.74370e-11
      1304.07  5.94310e-08  3.73312e-11
      1304.41  5.90528e-08  4.22801e-11
      1304.75  6.08765e-08  4.55970e-11
      1305.09  6.17415e-08  4.72506e-11
      1305.43  6.46812e-08  6.12420e-11
      1305.77  7.85663e-08  4.08598e-11
      1306.11  8.72439e-08  4.00593e-11
      1306.46  6.30086e-08  3.41626e-11
      1306.80  3.64487e-08  2.65594e-11
      1307.14  2.29680e-08  2.34132e-11
      1307.48  1.65438e-08  2.25598e-11
      1307.82  1.34750e-08  1.85942e-11
      1308.16  1.30837e-08  1.92967e-11
      1308.51  1.43143e-08  1.99163e-11
      1308.85  1.17281e-08  1.64554e-11
      1309.19  8.85802e-09  1.69512e-11
      1309.53  8.35732e-09  1.43409e-11
      1309.88  8.08770e-09  1.44874e-11
      1310.22  8.48408e-09  1.51012e-11
      1310.56  1.03398e-08  1.69795e-11
      1310.91  1.62374e-08  2.30647e-11
      1311.25  2.66460e-08  3.10220e-11
      1311.60  2.83964e-08  3.53022e-11
      1311.94  2.47562e-08  3.60645e-11
      1312.28  1.21017e-08  1.47757e-11
      1312.63  8.63227e-09  1.37873e-11
      1312.97  7.72146e-09  1.34516e-11
      1313.32  1.01516e-08  1.55992e-11
      1313.66  1.45907e-08  1.92754e-11
      1314.01  1.23728e-08  1.73994e-11
      1314.35  8.20415e-09  1.60134e-11
      1314.70  6.10842e-09  1.46859e-11
      1315.05  5.96741e-09  1.28703e-11
      1315.39  6.55771e-09  1.28253e-11
      1315.74  8.03888e-09  1.44213e-11
      1316.08  1.14583e-08  1.72335e-11
      1316.43  2.01808e-08  2.28975e-11
      1316.78  3.03462e-08  3.02818e-11
      1317.12  2.46595e-08  2.91100e-11
      1317.47  1.36322e-08  2.37554e-11
      1317.82  1.04049e-08  2.40399e-11
      1318.17  1.05160e-08  1.42118e-11
      1318.51  1.61577e-08  1.90958e-11
      1318.86  1.89272e-08  2.29132e-11
      1319.21  1.37757e-08  2.11567e-11
      1319.56  9.72576e-09  1.74200e-11
      1319.91  8.07630e-09  1.86572e-11
      1320.25  8.27870e-09  1.69276e-11
      1320.60  8.35769e-09  1.51829e-11
      1320.95  9.75369e-09  1.51504e-11
      1321.30  1.31512e-08  1.75615e-11
      1321.65  2.26662e-08  2.31094e-11
      1322.00  3.73616e-08  3.17479e-11
      1322.35  3.25405e-08  2.94323e-11
      1322.70  1.83142e-08  2.23525e-11
      1323.05  1.21076e-08  2.50785e-11
      1323.40  1.28400e-08  2.02771e-11
      1323.75  1.82969e-08  2.11318e-11
      1324.10  1.89434e-08  2.60090e-11
      1324.45  1.26579e-08  2.33867e-11
      1324.80  1.07260e-08  1.62798e-11
      