227
      1249.95  2.19431e-08  2.16066e-11
      1250.27  1.22767e-08  1.42475e-11
      1250.58  4.73911e-09  8.82530e-12
      1250.89  3.45085e-09  8.03285e-12
      1251.20  4.36013e-09  8.85516e-12
      1251.52  6.23262e-09  1.03105e-11
      1251.83  1.02385e-08  1.31819e-11
      1252.14  1.31486e-08  1.55231e-11
      1252.46  1.30095e-08  1.54104e-11
      1252.77  1.22813e-08  1.36269e-11
      1253.09  1.83446e-08  1.55983e-11
      1253.40  3.25383e-08  2.01689e-11
      1253.71  4.05827e-08  2.24122e-11
      1254.03  2.69604e-08  1.76641e-11
      1254.34  1.43032e-08  1.29343e-11
      1254.66  1.64491e-08  1.43473e-11
      1254.97  2.44634e-08  1.85291e-11
      1255.29  1.79558e-08  1.55574e-11
      1255.60  9.08293e-09  1.08585e-11
      1255.92  9.69068e-09  1.10912e-11
      1256.23  1.42905e-08  1.33391e-11
      1256.55  1.86999e-08  1.68061e-11
      1256.87  1.43314e-08  1.45082e-11
      1257.18  9.05267e-09  1.03547e-11
      1257.50  6.80007e-09  9.47864e-12
      1257.81  7.45225e-09  1.02408e-11
      1258.13  9.14329e-09  1.14113e-11
      1258.45  9.42052e-09  1.13485e-11
      1258.76  9.95015e-09  1.11543e-11
      1259.08  1.58256e-08  1.31554e-11
      1259.40  2.76841e-08  1.87393e-11
      1259.72  3.50828e-08  1.98421e-11
      1260.03  3.03060e-08  1.93939e-11
      1260.35  2.32031e-08  1.65352e-11
      1260.67  2.52407e-08  1.87203e-11
      1260.99  2.27783e-08  1.79207e-11
      1261.30  2.17590e-08  1.75286e-11
      1261.62  2.66315e-08  1.82998e-11
      1261.94  2.78523e-08  1.81807e-11
      1262.26  2.78652e-08  1.84879e-11
      1262.58  2.21166e-08  1.51766e-11
      1262.90  2.22421e-08  1.51251e-11
      1263.22  3.15097e-08  1.98818e-11
      1263.54  2.75281e-08  1.83738e-11
      1263.86  1.89371e-08  1.46554e-11
      1264.17  1.53686e-08  1.33871e-11
      1264.49  1.16977e-08  1.12345e-11
      1264.81  1.19648e-08  1.05893e-11
      1265.13  2.14201e-08  1.38938e-11
      1265.45  3.19756e-08  1.81080e-11
      1265.77  2.78920e-08  1.77013e-11
      1266.10  1.62060e-08  1.31100e-11
      1266.42  9.93579e-09  9.99153e-12
      1266.74  8.88943e-09  1.01713e-11
      1267.06  1.16674e-08  1.12881e-11
      1267.38  2.04663e-08  1.35594e-11
      1267.70  3.54296e-08  1.76959e-11
      1268.02  3.88850e-08  1.78401e-11
      1268.34  3.83666e-08  1.79436e-11
      1268.67  3.50830e-08  1.80091e-11
      1268.99  3.26002e-08  1.65567e-11
      1269.31  2.79725e-08  1.74208e-11
      1269.63  1.98350e-08  1.45815e-11
      1269.95  1.67583e-08  1.35114e-11
      1270.28  1.90786e-08  1.41193e-11
      1270.60  2.68463e-08  1.61702e-11
      1270.92  3.48800e-08  1.92807e-11
      1271.25  3.78073e-08  1.92486e-11
      1271.57  3.67300e-08  2.03614e-11
      1271.89  2.36816e-08  1.62568e-11
      1272.22  1.21026e-08  1.14587e-11
      1272.54  7.91097e-09  9.71612e-12
      1272.86  6.54352e-09  8.88619e-12
      1273.19  6.10438e-09  8.30478e-12
      1273.51  7.05153e-09  8.32761e-12
      1273.84  1.02111e-08  9.58015e-12
      1274.16  1.33198e-08  1.07056e-11
      1274.49  1.69026e-08  1.18418e-11
      1274.81  2.65983e-08  1.61171e-11
      1275.14  3.49244e-08  1.94971e-11
      1275.46  3.41334e-08  1.89122e-11
      1275.79  2.30453e-08  1.51689e-11
      1276.11  1.66427e-08  1.22677e-11
      1276.44  2.04351e-08  1.28309e-11
      1276.76  2.97612e-08  1.60632e-11
      1277.09  3.29361e-08  1.71974e-11
      1277.42  3.21735e-08  1.83531e-11
      1277.74  2.19432e-08  1.58424e-11
      1278.07  1.32344e-08  1.15369e-11
      1278.40  8.45081e-09  9.81194e-12
      1278.72  6.68625e-09  8.97136e-12
      1279.05  6.52489e-09  8.59796e-12
      1279.38  8.29834e-09  9.26830e-12
      1279.71  1.14752e-08  1.07998e-11
      1280.03  1.48137e-08  1.23138e-11
      1280.36  1.39635e-08  1.17815e-11
      1280.69  1.45247e-08  1.23662e-11
      1281.02  1.84044e-08  1.41049e-11
      1281.34  2.49079e-08  1.71073e-11
      1281.67  2.83093e-08  1.96561e-11
      1282.00  2.37585e-08  1.60121e-11
      1282.33  2.46243e-08  1.47092e-11
      1282.66  3.32275e-08  1.85042e-11
      1282.99  4.22811e-08  2.06716e-11
      1283.32  4.41575e-08  1.95958e-11
      1283.65  3.30448e-08  1.70309e-11
      1283.98  1.93340e-08  1.32198e-11
      1284.31  1.20494e-08  1.09083e-11
      1284.64  9.27676e-09  9.66415e-12
      1284.97  9.07248e-09  9.33100e-12
      1285.30  1.03762e-08  9.90018e-12
      1285.63  9.23160e-09  9.17862e-12
      1285.96  8.54859e-09  8.76782e-12
      1286.29  1.19633e-08  1.08250e-11
      1286.62  1.61287e-08  1.33051e-11
      1286.95  1.56267e-08  1.31029e-11
      1287.28  1.83114e-08  1.44030e-11
      1287.61  2.76319e-08  1.70242e-11
      1287.95  3.50124e-08  2.08758e-11
      1288.28  3.58662e-08  1.86658e-11
      1288.61  3.54508e-08  1.85495e-11
      1288.94  3.36635e-08  2.00415e-11
      1289.27  2.53255e-08  1.64685e-11
      1289.61  2.01891e-08  1.40839e-11
      1289.94  1.67827e-08  1.31343e-11
      1290.27  1.20193e-08  1.09957e-11
      1290.61  1.02294e-08  1.01638e-11
      1290.94  8.05734e-09  8.77678e-12
      1291.27  6.12810e-09  7.31027e-12
      1291.61  6.99663e-09  7.58306e-12
      1291.94  1.08879e-08  9.46942e-12
      1292.27  1.74571e-08  1.21740e-11
      1292.61  2.39456e-08  1.50676e-11
      1292.94  1.89580e-08  1.34831e-11
      1293.28  1.52150e-08  1.22197e-11
      1293.61  1.93162e-08  1.39265e-11
      1293.95  2.37128e-08  1.47515e-11
      1294.28  3.26613e-08  1.74217e-11
      1294.62  3.61279e-08  1.96728e-11
      1294.95  3.15016e-08  1.78058e-11
      1295.29  3.01777e-08  1.82385e-11
      1295.62  2.64275e-08  1.79314e-11
      1295.96  2.05187e-08  1.50480e-11
      1296.29  1.80753e-08  1.37324e-11
      1296.63  1.85962e-08  1.33746e-11
      1296.97  2.20344e-08  1.38053e-11
      1297.30  3.14538e-08  1.59098e-11
      1297.64  4.11022e-08  1.85624e-11
      1297.98  3.64045e-08  1.81180e-11
      1298.31  2.38189e-08  1.48339e-11
      1298.65  1.54602e-08  1.16101e-11
      1298.99  1.21443e-08  1.03332e-11
      1299.33  1.82413e-08  1.28296e-11
      1299.66  2.84169e-08  1.58749e-11
      1300.00  3.39735e-08  1.77833e-11
      1300.34  3.13894e-08  1.62943e-11
      1300.68  2.27687e-08  1.38245e-11
      1301.02  2.23706e-08  1.40041e-11
      1301.35  3.62197e-08  1.93624e-11
      1301.69  4.23945e-08  2.21186e-11
      1302.03  4.05229e-08  2.21475e-11
      1302.37  3.61514e-08  1.91487e-11
      1302.71  4.10616e-08  1.96206e-11
      1303.05  4.45161e-08  1.95435e-11
      1303.39  4.95478e-08  2.04039e-11
      1303.73  5.16675e-08  2.19247e-11
      1304.07  4.91066e-08  2.10506e-11
      1304.41  4.90542e-08  2.16360e-11
      1304.75  5.29314e-08  2.24167e-11
      1305.09  5.55737e-08  2.15172e-11
      1305.43  6.30912e-08  2.33747e-11
      1305.77  7.31182e-08  2.47232e-11
      1306.11  7.33303e-08  2.41244e-11
      1306.46  5.22360e-08  2.03506e-11
      1306.80  2.86416e-08  1.53863e-11
      1307.14  1.69938e-08  1.30966e-11
      1307.48  1.18919e-08  1.21420e-11
      1307.82  9.79234e-09  1.07626e-11
      1308.16  9.64764e-09  1.02800e-11
      1308.51  1.08476e-08  1.11579e-11
      1308.85  9.07273e-09  9.65393e-12
      1309.19  6.87395e-09  8.22393e-12
      1309.53  6.05645e-09  8.24237e-12
      1309.88  6.06004e-09  8.07441e-12
      1310.22  6.51969e-09  8.24797e-12
      1310.56  8.20426e-09  9.01444e-12
      1310.91  1.24711e-08  1.15433e-11
      1311.25  2.09945e-08  1.37713e-11
      1311.60  2.39138e-08  1.45351e-11
      1311.94  1.55657e-08  1.10034e-11
      1312.28  8.93423e-09  9.01309e-12
      1312.63  5.89686e-09  8.10187e-12
      1312.97  5.46059e-09  7.72921e-12
      1313.32  7.10948e-09  8.87742e-12
      1313.66  1.08214e-08  1.14812e-11
      1314.01  9.37819e-09  1.06092e-11
      1314.35  5.69094e-09  8.34346e-12
      1314.70  4.46463e-09  7.14628e-12
      1315.05  4.39279e-09  6.91715e-12
      1315.39  4.86532e-09  7.23955e-12
      1315.74  6.04211e-09  7.95867e-12
      1316.08  8.84416e-09  9.43396e-12
      1316.43  1.63154e-08  1.24314e-11
      1316.78  2.57143e-08  1.57696e-11
      1317.12  2.16523e-08  1.38666e-11
      1317.47  1.15827e-08  9.55114e-12
      1317.82  7.31064e-09  7.69545e-12
      1318.17  7.44660e-09  7.91961e-12
      1318.51  1.15337e-08  1.04044e-11
      1318.86  1.41454e-08  1.20735e-11
      1319.21  1.01479e-08  1.05020e-11
      1319.56  6.20719e-09  8.56771e-12
      1319.91  6.04856e-09  8.95418e-12
      1320.25  6.19757e-09  8.55613e-12
      1320.60  6.18062e-09  7.99039e-12
      1320.95  7.28140e-09  8.50098e-12
      1321.30  9.98595e-09  9.71938e-12
      1321.65  1.77993e-08  1.27868e-11
      1322.00  3.07572e-08  1.77367e-11
      1322.35  2.79614e-08  1.64784e-11
      1322.70  1.55883e-08  1.17064e-11
      1323.05  1.04514e-08  9.50412e-12
      1323.40  1.12370e-08  9.95797e-12
      1323.75  1.35190e-08  1.09370e-11
      1324.10  1.35900e-08  1.13435e-11
      1324.45  9.70821e-09  9.95228e-12
      1324.80  7.81369e-09  9.36980e-12
      