227
      1249.95  3.30716e-08  3.19816e-11
      1250.27  1.71355e-08  2.16132e-11
      1250.58  6.63956e-09  1.36716e-11
      1250.89  5.00132e-09  1.23761e-11
      1251.20  6.38890e-09  1.38554e-11
      1251.52  8.98701e-09  1.59258e-11
      1251.83  1.47200e-08  2.05572e-11
      1252.14  1.92546e-08  2.35856e-11
      1252.46  1.91035e-08  2.33747e-11
      1252.77  1.78535e-08  2.15365e-11
      1253.09  2.64390e-08  2.43914e-11
      1253.40  4.55986e-08  3.07211e-11
      1253.71  5.52323e-08  3.33794e-11
      1254.03  3.64898e-08  2.61596e-11
      1254.34  2.02355e-08  1.94185e-11
      1254.66  2.33736e-08  2.15024e-11
      1254.97  3.34090e-08  2.71562e-11
      1255.29  2.43969e-08  2.26426e-11
      1255.60  1.28535e-08  1.60632e-11
      1255.92  1.38137e-08  1.63579e-11
      1256.23  2.13505e-08  1.91237e-11
      1256.55  3.11745e-08  2.32152e-11
      1256.87  2.40822e-08  1.99034e-11
      1257.18  1.26601e-08  1.48417e-11
      1257.50  9.47425e-09  1.38870e-11
      1257.81  1.03647e-08  1.49970e-11
      1258.13  1.26066e-08  1.68609e-11
      1258.45  1.30407e-08  1.72039e-11
      1258.76  1.39805e-08  1.70027e-11
      1259.08  2.21314e-08  2.02260e-11
      1259.40  3.96537e-08  2.67790e-11
      1259.72  5.12657e-08  3.11607e-11
      1260.03  4.09586e-08  2.76550e-11
      1260.35  3.19768e-08  2.48274e-11
      1260.67  3.81693e-08  2.97216e-11
      1260.99  3.64560e-08  2.91604e-11
      1261.30  3.08540e-08  2.55957e-11
      1261.62  3.60480e-08  2.79120e-11
      1261.94  3.81383e-08  2.74142e-11
      1262.26  3.81254e-08  2.85775e-11
      1262.58  3.01107e-08  2.35279e-11
      1262.90  3.14996e-08  2.35304e-11
      1263.22  4.38240e-08  2.92379e-11
      1263.54  3.80184e-08  2.70335e-11
      1263.86  2.67328e-08  2.26568e-11
      1264.17  2.19539e-08  2.07673e-11
      1264.49  1.67728e-08  1.72178e-11
      1264.81  1.74310e-08  1.63001e-11
      1265.13  3.05635e-08  2.09424e-11
      1265.45  4.46862e-08  2.51649e-11
      1265.77  4.03620e-08  2.38894e-11
      1266.10  2.39357e-08  1.83352e-11
      1266.42  1.40451e-08  1.46371e-11
      1266.74  1.21998e-08  1.40860e-11
      1267.06  1.53240e-08  1.54506e-11
      1267.38  2.76632e-08  1.99112e-11
      1267.70  4.72217e-08  2.63328e-11
      1268.02  5.02309e-08  2.57965e-11
      1268.34  5.03196e-08  2.64252e-11
      1268.67  4.59798e-08  2.54281e-11
      1268.99  4.60378e-08  2.74583e-11
      1269.31  3.70931e-08  2.52118e-11
      1269.63  2.63712e-08  2.19266e-11
      1269.95  2.26016e-08  2.07498e-11
      1270.28  2.56750e-08  2.12684e-11
      1270.60  4.00070e-08  2.67398e-11
      1270.92  4.68459e-08  2.76161e-11
      1271.25  5.05591e-08  2.85121e-11
      1271.57  5.03819e-08  2.92842e-11
      1271.89  3.20416e-08  2.32926e-11
      1272.22  1.63928e-08  1.73326e-11
      1272.54  1.12006e-08  1.51342e-11
      1272.86  9.54884e-09  1.40393e-11
      1273.19  8.97000e-09  1.31254e-11
      1273.51  1.02698e-08  1.30108e-11
      1273.84  1.48054e-08  1.48524e-11
      1274.16  1.91251e-08  1.63488e-11
      1274.49  2.34990e-08  1.74260e-11
      1274.81  3.76649e-08  2.27724e-11
      1275.14  5.00754e-08  2.68902e-11
      1275.46  4.58944e-08  2.60180e-11
      1275.79  3.23064e-08  2.16351e-11
      1276.11  2.29284e-08  1.76107e-11
      1276.44  2.75620e-08  1.87018e-11
      1276.76  4.24808e-08  2.38090e-11
      1277.09  4.46763e-08  2.37132e-11
      1277.42  4.49297e-08  2.52399e-11
      1277.74  3.31423e-08  2.25319e-11
      1278.07  1.76834e-08  1.71851e-11
      1278.40  1.15494e-08  1.50112e-11
      1278.72  9.25708e-09  1.38995e-11
      1279.05  9.12337e-09  1.34639e-11
      1279.38  1.17103e-08  1.46057e-11
      1279.71  1.61610e-08  1.64995e-11
      1280.03  2.04620e-08  1.86155e-11
      1280.36  1.92114e-08  1.78963e-11
      1280.69  2.02331e-08  1.88764e-11
      1281.02  2.58292e-08  2.15887e-11
      1281.34  3.50508e-08  2.53220e-11
      1281.67  4.09107e-08  2.70659e-11
      1282.00  3.40249e-08  2.32895e-11
      1282.33  3.44972e-08  2.18895e-11
      1282.66  4.86715e-08  2.53636e-11
      1282.99  5.91621e-08  2.72008e-11
      1283.32  5.82605e-08  2.73103e-11
      1283.65  4.35022e-08  2.40969e-11
      1283.98  2.58222e-08  1.90069e-11
      1284.31  1.63952e-08  1.58544e-11
      1284.64  1.27746e-08  1.42945e-11
      1284.97  1.24950e-08  1.40675e-11
      1285.30  1.41788e-08  1.48951e-11
      1285.63  1.26399e-08  1.38120e-11
      1285.96  1.18147e-08  1.34573e-11
      1286.29  1.64201e-08  1.65211e-11
      1286.62  2.17952e-08  1.98215e-11
      1286.95  2.15049e-08  2.29311e-11
      1287.28  2.53645e-08  2.19807e-11
      1287.61  3.99897e-08  2.81461e-11
      1287.95  4.74290e-08  2.94697e-11
      1288.28  4.77989e-08  2.81770e-11
      1288.61  4.79791e-08  2.73680e-11
      1288.94  4.68625e-08  2.68682e-11
      1289.27  3.59233e-08  2.31462e-11
      1289.61  2.83080e-08  2.10514e-11
      1289.94  2.36399e-08  1.96205e-11
      1290.27  1.71051e-08  1.64161e-11
      1290.61  1.44921e-08  1.51329e-11
      1290.94  1.13325e-08  1.29894e-11
      1291.27  8.66667e-09  1.08567e-11
      1291.61  9.94460e-09  1.13267e-11
      1291.94  1.52683e-08  1.40970e-11
      1292.27  2.39461e-08  1.82606e-11
      1292.61  3.16748e-08  2.24722e-11
      1292.94  2.53704e-08  2.02773e-11
      1293.28  2.10765e-08  1.90825e-11
      1293.61  2.62803e-08  2.16732e-11
      1293.95  3.20632e-08  2.30422e-11
      1294.28  4.33077e-08  2.64399e-11
      1294.62  4.82567e-08  2.79681e-11
      1294.95  4.28037e-08  2.60458e-11
      1295.29  4.13470e-08  2.63803e-11
      1295.62  3.69398e-08  2.54450e-11
      1295.96  2.89478e-08  2.23537e-11
      1296.29  2.56606e-08  2.10342e-11
      1296.63  2.65292e-08  2.05672e-11
      1296.97  3.12556e-08  2.10177e-11
      1297.30  4.32263e-08  2.34008e-11
      1297.64  5.45759e-08  2.60281e-11
      1297.98  4.87800e-08  2.46404e-11
      1298.31  3.40448e-08  2.08188e-11
      1298.65  2.15087e-08  1.71295e-11
      1298.99  1.72876e-08  1.57747e-11
      1299.33  2.56483e-08  1.96577e-11
      1299.66  4.07357e-08  2.50618e-11
      1300.00  4.56925e-08  2.62055e-11
      1300.34  4.07843e-08  2.49106e-11
      1300.68  3.04644e-08  2.13686e-11
      1301.02  3.08188e-08  2.19449e-11
      1301.35  4.74679e-08  2.88727e-11
      1301.69  5.61478e-08  3.19904e-11
      1302.03  5.40823e-08  3.13871e-11
      1302.37  4.92274e-08  2.87644e-11
      1302.71  5.43247e-08  2.94868e-11
      1303.05  5.95264e-08  2.91809e-11
      1303.39  6.57358e-08  2.97489e-11
      1303.73  6.93705e-08  3.00779e-11
      1304.07  6.59225e-08  2.90866e-11
      1304.41  6.67589e-08  2.96044e-11
      1304.75  6.96315e-08  3.06214e-11
      1305.09  7.18618e-08  3.12916e-11
      1305.43  8.06026e-08  3.27773e-11
      1305.77  9.08116e-08  3.46393e-11
      1306.11  8.90723e-08  3.45733e-11
      1306.46  6.51148e-08  2.98962e-11
      1306.80  3.74115e-08  2.33126e-11
      1307.14  2.28440e-08  1.93764e-11
      1307.48  1.67160e-08  1.75226e-11
      1307.82  1.37601e-08  1.62354e-11
      1308.16  1.36024e-08  1.60404e-11
      1308.51  1.52330e-08  1.74401e-11
      1308.85  1.28595e-08  1.53212e-11
      1309.19  9.92194e-09  1.24337e-11
      1309.53  9.13198e-09  1.19397e-11
      1309.88  8.93831e-09  1.17353e-11
      1310.22  9.45396e-09  1.20688e-11
      1310.56  1.17570e-08  1.32006e-11
      1310.91  1.90284e-08  1.62621e-11
      1311.25  3.12757e-08  2.09368e-11
      1311.60  3.19358e-08  2.08824e-11
      1311.94  2.05822e-08  1.64186e-11
      1312.28  1.19319e-08  1.28851e-11
      1312.63  8.53797e-09  1.16937e-11
      1312.97  7.51114e-09  1.16310e-11
      1313.32  9.69583e-09  1.36476e-11
      1313.66  1.46750e-08  1.75077e-11
      1314.01  1.28341e-08  1.61125e-11
      1314.35  7.97294e-09  1.24456e-11
      1314.70  6.33960e-09  1.08945e-11
      1315.05  6.28922e-09  1.05759e-11
      1315.39  7.05717e-09  1.07935e-11
      1315.74  8.77956e-09  1.19219e-11
      1316.08  1.25978e-08  1.38235e-11
      1316.43  2.23393e-08  1.80461e-11
      1316.78  3.50633e-08  2.32604e-11
      1317.12  2.88264e-08  2.02064e-11
      1317.47  1.52363e-08  1.41384e-11
      1317.82  9.83568e-09  1.17181e-11
      1318.17  1.00271e-08  1.18462e-11
      1318.51  1.57565e-08  1.57166e-11
      1318.86  1.93596e-08  1.85781e-11
      1319.21  1.34146e-08  1.58488e-11
      1319.56  8.19047e-09  1.34359e-11
      1319.91  8.03261e-09  1.23189e-11
      1320.25  8.63351e-09  1.43316e-11
      1320.60  8.73225e-09  1.23636e-11
      1320.95  1.04010e-08  1.29907e-11
      1321.30  1.40735e-08  1.44833e-11
      1321.65  2.45950e-08  1.86259e-11
      1322.00  4.22880e-08  2.56189e-11
      1322.35  3.67150e-08  2.32415e-11
      1322.70  2.06219e-08  1.70911e-11
      1323.05  1.43130e-08  1.40913e-11
      1323.40  1.57791e-08  1.47691e-11
      1323.75  1.83292e-08  1.59244e-11
      1324.10  1.91105e-08  1.68549e-11
      1324.45  1.43852e-08  1.52155e-11
      1324.80  1.08650e-08  1.57265e-11
      