227
      1249.95  2.77807e-08  2.88914e-11
      1250.27  1.41467e-08  1.97387e-11
      1250.58  5.26875e-09  1.23721e-11
      1250.89  3.87464e-09  1.09595e-11
      1251.20  5.00069e-09  1.22352e-11
      1251.52  7.17281e-09  1.39537e-11
      1251.83  1.19790e-08  1.79947e-11
      1252.14  1.57246e-08  2.05312e-11
      1252.46  1.55169e-08  2.03684e-11
      1252.77  1.44134e-08  1.86996e-11
      1253.09  2.17195e-08  2.13358e-11
      1253.40  3.83043e-08  2.71947e-11
      1253.71  4.70400e-08  2.99699e-11
      1254.03  3.09201e-08  2.35407e-11
      1254.34  1.68654e-08  1.74938e-11
      1254.66  1.97597e-08  1.96965e-11
      1254.97  2.88623e-08  2.53679e-11
      1255.29  2.10070e-08  2.13525e-11
      1255.60  1.08571e-08  1.52382e-11
      1255.92  1.17948e-08  1.58537e-11
      1256.23  1.85280e-08  1.86879e-11
      1256.55  2.74684e-08  2.30700e-11
      1256.87  2.11382e-08  1.98677e-11
      1257.18  1.09189e-08  1.47669e-11
      1257.50  8.13166e-09  1.41683e-11
      1257.81  8.94910e-09  1.51371e-11
      1258.13  1.09131e-08  1.68412e-11
      1258.45  1.12236e-08  1.71057e-11
      1258.76  1.19471e-08  1.67227e-11
      1259.08  1.91129e-08  1.98989e-11
      1259.40  3.47141e-08  2.65407e-11
      1259.72  4.50241e-08  3.06347e-11
      1260.03  3.57158e-08  2.69084e-11
      1260.35  2.75249e-08  2.37973e-11
      1260.67  3.30469e-08  2.76935e-11
      1260.99  3.14097e-08  2.71482e-11
      1261.30  2.61801e-08  2.38674e-11
      1261.62  3.06123e-08  2.58811e-11
      1261.94  3.22791e-08  2.49218e-11
      1262.26  3.23872e-08  2.46553e-11
      1262.58  2.53196e-08  2.07465e-11
      1262.90  2.62028e-08  2.08111e-11
      1263.22  3.68565e-08  2.60213e-11
      1263.54  3.18358e-08  2.38952e-11
      1263.86  2.20587e-08  1.97809e-11
      1264.17  1.79862e-08  1.81112e-11
      1264.49  1.36718e-08  1.51684e-11
      1264.81  1.43919e-08  1.45033e-11
      1265.13  2.59651e-08  1.90178e-11
      1265.45  3.86054e-08  2.32665e-11
      1265.77  3.50755e-08  2.24620e-11
      1266.10  2.06682e-08  1.73898e-11
      1266.42  1.20019e-08  1.40592e-11
      1266.74  1.04397e-08  1.37193e-11
      1267.06  1.32693e-08  1.52902e-11
      1267.38  2.44088e-08  1.99465e-11
      1267.70  4.21604e-08  2.66665e-11
      1268.02  4.48421e-08  2.62130e-11
      1268.34  4.48433e-08  2.67606e-11
      1268.67  4.07670e-08  2.54404e-11
      1268.99  4.07149e-08  2.72108e-11
      1269.31  3.25541e-08  2.48560e-11
      1269.63  2.28569e-08  2.14582e-11
      1269.95  1.93530e-08  2.00013e-11
      1270.28  2.19473e-08  2.02527e-11
      1270.60  3.45120e-08  2.54556e-11
      1270.92  4.03311e-08  2.59424e-11
      1271.25  4.34367e-08  2.64795e-11
      1271.57  4.32479e-08  2.69071e-11
      1271.89  2.70010e-08  2.09938e-11
      1272.22  1.33797e-08  1.53251e-11
      1272.54  8.97563e-09  1.31680e-11
      1272.86  7.57157e-09  1.20740e-11
      1273.19  7.09938e-09  1.13103e-11
      1273.51  8.22978e-09  1.12530e-11
      1273.84  1.21181e-08  1.29751e-11
      1274.16  1.59209e-08  1.45898e-11
      1274.49  1.98888e-08  1.58592e-11
      1274.81  3.26913e-08  2.12618e-11
      1275.14  4.40765e-08  2.56639e-11
      1275.46  4.05737e-08  2.52757e-11
      1275.79  2.84443e-08  2.12828e-11
      1276.11  2.00396e-08  1.75841e-11
      1276.44  2.42757e-08  1.88540e-11
      1276.76  3.79586e-08  2.42939e-11
      1277.09  3.98865e-08  2.42522e-11
      1277.42  4.00590e-08  2.56692e-11
      1277.74  2.92946e-08  2.26144e-11
      1278.07  1.53036e-08  1.70170e-11
      1278.40  9.80683e-09  1.46164e-11
      1278.72  7.75477e-09  1.33084e-11
      1279.05  7.55387e-09  1.28447e-11
      1279.38  9.68448e-09  1.36472e-11
      1279.71  1.34475e-08  1.51717e-11
      1280.03  1.71530e-08  1.70781e-11
      1280.36  1.59635e-08  1.61427e-11
      1280.69  1.66685e-08  1.67986e-11
      1281.02  2.13267e-08  1.91380e-11
      1281.34  2.92901e-08  2.24643e-11
      1281.67  3.45592e-08  2.41479e-11
      1282.00  2.86379e-08  2.06150e-11
      1282.33  2.92157e-08  1.96147e-11
      1282.66  4.21373e-08  2.33502e-11
      1282.99  5.19938e-08  2.56022e-11
      1283.32  5.15707e-08  2.61487e-11
      1283.65  3.85113e-08  2.34456e-11
      1283.98  2.27099e-08  1.87336e-11
      1284.31  1.42907e-08  1.57289e-11
      1284.64  1.10849e-08  1.43515e-11
      1284.97  1.08484e-08  1.41081e-11
      1285.30  1.23180e-08  1.48564e-11
      1285.63  1.09023e-08  1.36262e-11
      1285.96  1.01079e-08  1.30975e-11
      1286.29  1.40799e-08  1.58950e-11
      1286.62  1.87076e-08  1.90010e-11
      1286.95  1.80081e-08  1.84620e-11
      1287.28  2.14962e-08  2.01510e-11
      1287.61  3.42069e-08  2.57347e-11
      1287.95  4.05380e-08  2.67474e-11
      1288.28  4.06405e-08  2.52998e-11
      1288.61  4.06506e-08  2.42463e-11
      1288.94  3.96972e-08  2.36998e-11
      1289.27  3.01994e-08  2.02736e-11
      1289.61  2.35763e-08  1.84291e-11
      1289.94  1.97521e-08  1.74789e-11
      1290.27  1.43557e-08  1.49500e-11
      1290.61  1.22715e-08  1.41248e-11
      1290.94  9.66721e-09  1.24253e-11
      1291.27  7.41931e-09  1.06090e-11
      1291.61  8.57192e-09  1.12837e-11
      1291.94  1.32872e-08  1.42063e-11
      1292.27  2.10456e-08  1.84527e-11
      1292.61  2.79803e-08  2.25904e-11
      1292.94  2.22123e-08  2.02293e-11
      1293.28  1.81125e-08  1.86444e-11
      1293.61  2.25668e-08  2.09786e-11
      1293.95  2.75675e-08  2.20773e-11
      1294.28  3.74443e-08  2.51674e-11
      1294.62  4.15966e-08  2.61693e-11
      1294.95  3.64765e-08  2.39683e-11
      1295.29  3.49243e-08  2.38286e-11
      1295.62  3.09497e-08  2.26754e-11
      1295.96  2.39404e-08  1.96598e-11
      1296.29  2.11399e-08  1.83081e-11
      1296.63  2.20062e-08  1.80357e-11
      1296.97  2.64051e-08  1.88020e-11
      1297.30  3.74250e-08  2.16696e-11
      1297.64  4.79996e-08  2.47415e-11
      1297.98  4.30519e-08  2.38869e-11
      1298.31  2.99327e-08  2.05231e-11
      1298.65  1.87895e-08  1.71328e-11
      1298.99  1.50170e-08  1.57749e-11
      1299.33  2.25346e-08  1.96379e-11
      1299.66  3.60327e-08  2.50277e-11
      1300.00  4.03244e-08  2.58973e-11
      1300.34  3.56904e-08  2.42147e-11
      1300.68  2.62956e-08  2.03469e-11
      1301.02  2.63547e-08  2.04808e-11
      1301.35  4.08656e-08  2.67094e-11
      1301.69  4.82328e-08  2.91341e-11
      1302.03  4.62254e-08  2.82131e-11
      1302.37  4.18486e-08  2.56179e-11
      1302.71  4.62640e-08  2.61884e-11
      1303.05  5.08707e-08  2.58824e-11
      1303.39  5.67561e-08  2.66758e-11
      1303.73  6.06617e-08  2.76253e-11
      1304.07  5.81352e-08  2.74290e-11
      1304.41  5.94180e-08  2.85903e-11
      1304.75  6.25007e-08  3.03322e-11
      1305.09  6.48400e-08  3.15790e-11
      1305.43  7.31236e-08  3.35259e-11
      1305.77  8.26970e-08  3.56353e-11
      1306.11  8.09623e-08  3.55050e-11
      1306.46  5.85700e-08  3.03116e-11
      1306.80  3.29568e-08  2.30985e-11
      1307.14  1.96169e-08  1.86058e-11
      1307.48  1.40950e-08  1.65674e-11
      1307.82  1.14430e-08  1.50361e-11
      1308.16  1.12160e-08  1.44815e-11
      1308.51  1.25760e-08  1.48270e-11
      1308.85  1.06898e-08  1.28638e-11
      1309.19  8.04897e-09  1.08864e-11
      1309.53  7.38444e-09  1.04760e-11
      1309.88  7.33856e-09  1.05541e-11
      1310.22  7.91792e-09  1.11869e-11
      1310.56  1.00553e-08  1.25660e-11
      1310.91  1.66392e-08  1.58381e-11
      1311.25  2.77794e-08  2.08615e-11
      1311.60  2.84757e-08  2.11707e-11
      1311.94  1.81928e-08  1.65576e-11
      1312.28  1.03846e-08  1.29354e-11
      1312.63  7.33236e-09  1.16403e-11
      1312.97  6.36116e-09  1.13104e-11
      1313.32  8.14709e-09  1.29510e-11
      1313.66  1.23743e-08  1.62497e-11
      1314.01  1.07221e-08  1.46956e-11
      1314.35  6.50532e-09  1.11552e-11
      1314.70  5.09006e-09  9.62533e-12
      1315.05  5.02262e-09  9.13586e-12
      1315.39  5.67026e-09  9.39116e-12
      1315.74  7.16049e-09  1.04700e-11
      1316.08  1.05601e-08  1.25196e-11
      1316.43  1.93428e-08  1.69822e-11
      1316.78  3.10505e-08  2.25162e-11
      1317.12  2.55571e-08  1.99559e-11
      1317.47  1.33512e-08  1.42141e-11
      1317.82  8.53967e-09  1.17782e-11
      1318.17  8.65705e-09  1.18476e-11
      1318.51  1.37066e-08  1.56640e-11
      1318.86  1.68204e-08  1.82330e-11
      1319.21  1.14469e-08  1.52158e-11
      1319.56  6.84025e-09  1.22590e-11
      1319.91  6.85729e-09  1.32647e-11
      1320.25  7.06920e-09  1.20198e-11
      1320.60  7.08354e-09  1.09041e-11
      1320.95  8.47203e-09  1.13683e-11
      1321.30  1.15888e-08  1.27243e-11
      1321.65  2.08827e-08  1.67353e-11
      1322.00  3.69240e-08  2.37590e-11
      1322.35  3.22027e-08  2.20387e-11
      1322.70  1.80231e-08  1.65700e-11
      1323.05  1.25044e-08  1.39230e-11
      1323.40  1.38476e-08  1.48433e-11
      1323.75  1.60916e-08  1.59661e-11
      1324.10  1.66934e-08  1.67927e-11
      1324.45  1.23681e-08  1.47609e-11
      1324.80  9.08696e-09  1.38933e-11
      