227
      1249.95  1.26758e-08  1.49860e-11
      1250.27  6.11257e-09  1.11945e-11
      1250.58  1.91882e-09  7.47332e-12
      1250.89  1.26886e-09  9.01587e-12
      1251.20  1.73734e-09  6.82432e-12
      1251.52  2.79487e-09  7.85966e-12
      1251.83  5.10941e-09  1.02822e-11
      1252.14  6.75716e-09  1.17109e-11
      1252.46  6.51630e-09  1.26353e-11
      1252.77  5.92663e-09  1.13398e-11
      1253.09  9.67309e-09  1.32410e-11
      1253.40  1.84088e-08  1.75040e-11
      1253.71  2.31042e-08  1.94102e-11
      1254.03  1.45143e-08  1.50548e-11
      1254.34  6.97995e-09  1.07742e-11
      1254.66  8.42783e-09  1.21395e-11
      1254.97  1.31832e-08  1.58637e-11
      1255.29  9.17839e-09  1.32398e-11
      1255.60  4.12154e-09  9.37409e-12
      1255.92  4.49739e-09  9.85410e-12
      1256.23  7.75348e-09  1.13954e-11
      1256.55  1.24520e-08  1.40344e-11
      1256.87  9.17865e-09  1.18856e-11
      1257.18  4.16869e-09  8.42092e-12
      1257.50  2.91611e-09  7.69339e-12
      1257.81  3.32206e-09  8.19296e-12
      1258.13  4.23371e-09  8.77054e-12
      1258.45  4.29525e-09  8.65444e-12
      1258.76  4.51864e-09  8.37371e-12
      1259.08  7.99383e-09  9.84592e-12
      1259.40  1.64006e-08  1.33099e-11
      1259.72  2.24021e-08  1.54725e-11
      1260.03  1.70676e-08  1.31330e-11
      1260.35  1.24051e-08  1.11750e-11
      1260.67  1.58616e-08  1.36152e-11
      1260.99  1.48214e-08  1.32677e-11
      1261.30  1.16921e-08  1.15049e-11
      1261.62  1.46354e-08  1.33866e-11
      1261.94  1.52849e-08  1.30180e-11
      1262.26  1.58427e-08  1.36145e-11
      1262.58  1.15315e-08  1.09836e-11
      1262.90  1.17469e-08  1.11999e-11
      1263.22  1.86268e-08  1.54937e-11
      1263.54  1.55876e-08  1.41026e-11
      1263.86  9.73248e-09  1.15324e-11
      1264.17  7.73006e-09  1.11389e-11
      1264.49  5.55455e-09  9.50618e-12
      1264.81  5.87292e-09  8.90344e-12
      1265.13  1.16842e-08  1.19542e-11
      1265.45  1.83401e-08  1.49647e-11
      1265.77  1.66594e-08  1.42777e-11
      1266.10  9.13160e-09  1.06638e-11
      1266.42  4.62307e-09  8.20921e-12
      1266.74  3.88679e-09  7.88658e-12
      1267.06  5.30081e-09  8.68498e-12
      1267.38  1.08536e-08  1.16032e-11
      1267.70  1.93513e-08  1.69911e-11
      1268.02  2.21549e-08  1.70154e-11
      1268.34  2.21986e-08  1.57879e-11
      1268.67  2.00195e-08  1.42991e-11
      1268.99  1.94414e-08  1.37910e-11
      1269.31  1.54259e-08  1.22493e-11
      1269.63  1.02317e-08  1.02188e-11
      1269.95  8.39211e-09  9.44639e-12
      1270.28  1.01610e-08  9.95428e-12
      1270.60  1.65428e-08  1.25083e-11
      1270.92  1.99833e-08  1.33230e-11
      1271.25  2.17804e-08  1.38780e-11
      1271.57  2.13641e-08  1.43483e-11
      1271.89  1.30323e-08  1.14129e-11
      1272.22  5.87533e-09  8.31636e-12
      1272.54  3.52736e-09  7.26201e-12
      1272.86  2.83678e-09  6.91842e-12
      1273.19  2.63950e-09  6.79046e-12
      1273.51  3.20098e-09  6.91437e-12
      1273.84  5.05618e-09  8.10450e-12
      1274.16  6.75182e-09  9.04929e-12
      1274.49  8.74270e-09  9.87091e-12
      1274.81  1.55183e-08  1.34944e-11
      1275.14  2.15484e-08  1.63254e-11
      1275.46  1.95563e-08  1.55889e-11
      1275.79  1.29541e-08  1.26759e-11
      1276.11  8.41437e-09  9.95757e-12
      1276.44  1.07151e-08  1.06722e-11
      1276.76  1.88172e-08  1.40445e-11
      1277.09  1.91521e-08  1.29093e-11
      1277.42  2.01252e-08  1.37748e-11
      1277.74  1.39165e-08  1.12543e-11
      1278.07  6.38741e-09  7.93611e-12
      1278.40  3.81740e-09  6.83494e-12
      1278.72  2.91388e-09  6.27562e-12
      1279.05  2.84244e-09  6.06982e-12
      1279.38  3.83354e-09  6.58618e-12
      1279.71  5.69602e-09  7.76567e-12
      1280.03  7.85239e-09  9.36540e-12
      1280.36  6.85247e-09  9.35579e-12
      1280.69  7.33893e-09  9.17975e-12
      1281.02  9.62032e-09  1.06871e-11
      1281.34  1.40155e-08  1.31703e-11
      1281.67  1.72100e-08  1.51092e-11
      1282.00  1.35437e-08  1.30219e-11
      1282.33  1.35307e-08  1.25032e-11
      1282.66  2.07403e-08  1.55991e-11
      1282.99  2.64344e-08  1.71850e-11
      1283.32  2.63609e-08  1.71034e-11
      1283.65  1.88893e-08  1.44762e-11
      1283.98  1.01239e-08  1.08133e-11
      1284.31  5.82171e-09  8.62394e-12
      1284.64  4.35538e-09  7.64076e-12
      1284.97  4.29735e-09  7.22433e-12
      1285.30  5.05975e-09  7.49268e-12
      1285.63  4.41097e-09  6.79961e-12
      1285.96  4.01708e-09  6.25937e-12
      1286.29  6.04148e-09  7.59618e-12
      1286.62  8.48418e-09  9.22161e-12
      1286.95  8.07551e-09  9.10008e-12
      1287.28  9.98561e-09  1.02233e-11
      1287.61  1.71525e-08  1.38434e-11
      1287.95  2.06210e-08  1.49642e-11
      1288.28  2.05648e-08  1.46822e-11
      1288.61  2.04864e-08  1.45013e-11
      1288.94  2.01449e-08  1.48538e-11
      1289.27  1.46694e-08  1.26828e-11
      1289.61  1.08112e-08  1.14515e-11
      1289.94  8.68536e-09  1.08014e-11
      1290.27  5.94933e-09  9.20349e-12
      1290.61  4.98162e-09  8.81075e-12
      1290.94  3.79960e-09  7.70608e-12
      1291.27  2.78499e-09  6.29851e-12
      1291.61  3.24839e-09  6.29930e-12
      1291.94  5.37095e-09  7.52899e-12
      1292.27  9.21993e-09  9.43629e-12
      1292.61  1.31370e-08  1.17167e-11
      1292.94  9.86523e-09  1.00318e-11
      1293.28  7.61670e-09  8.73886e-12
      1293.61  9.93314e-09  9.98722e-12
      1293.95  1.26336e-08  1.06621e-11
      1294.28  1.86039e-08  1.29716e-11
      1294.62  2.09220e-08  1.37619e-11
      1294.95  1.77171e-08  1.27085e-11
      1295.29  1.70088e-08  1.32216e-11
      1295.62  1.46474e-08  1.27579e-11
      1295.96  1.07834e-08  1.13574e-11
      1296.29  9.32220e-09  1.09369e-11
      1296.63  9.69039e-09  1.10131e-11
      1296.97  1.18474e-08  1.16171e-11
      1297.30  1.80861e-08  1.39632e-11
      1297.64  2.43423e-08  1.60579e-11
      1297.98  2.08787e-08  1.44434e-11
      1298.31  1.34577e-08  1.17132e-11
      1298.65  7.66693e-09  8.92896e-12
      1298.99  5.79408e-09  7.82223e-12
      1299.33  9.78946e-09  9.74357e-12
      1299.66  1.77615e-08  1.30323e-11
      1300.00  1.99238e-08  1.30200e-11
      1300.34  1.75052e-08  1.21225e-11
      1300.68  1.19622e-08  9.90094e-12
      1301.02  1.20058e-08  1.00804e-11
      1301.35  2.11627e-08  1.47008e-11
      1301.69  2.50600e-08  1.61328e-11
      1302.03  2.42380e-08  1.66080e-11
      1302.37  2.10365e-08  1.51081e-11
      1302.71  2.45438e-08  1.68057e-11
      1303.05  2.66325e-08  1.70343e-11
      1303.39  3.04339e-08  1.79655e-11
      1303.73  3.28961e-08  1.87625e-11
      1304.07  3.03756e-08  1.79152e-11
      1304.41  3.09545e-08  1.82105e-11
      1304.75  3.29595e-08  1.88627e-11
      1305.09  3.41625e-08  1.86024e-11
      1305.43  4.00025e-08  2.00180e-11
      1305.77  4.73278e-08  2.07093e-11
      1306.11  4.74108e-08  1.98597e-11
      1306.46  3.22364e-08  1.59790e-11
      1306.80  1.58958e-08  1.12074e-11
      1307.14  8.62379e-09  9.00851e-12
      1307.48  6.51075e-09  9.27101e-12
      1307.82  4.79554e-09  8.61377e-12
      1308.16  4.62084e-09  7.73340e-12
      1308.51  5.55795e-09  8.55047e-12
      1308.85  4.49132e-09  7.67341e-12
      1309.19  3.16553e-09  6.59256e-12
      1309.53  2.90808e-09  6.41334e-12
      1309.88  2.86152e-09  6.54280e-12
      1310.22  3.08102e-09  6.80758e-12
      1310.56  4.00317e-09  7.50143e-12
      1310.91  7.16035e-09  9.38895e-12
      1311.25  1.38021e-08  1.28210e-11
      1311.60  1.39395e-08  1.19206e-11
      1311.94  8.18612e-09  8.61204e-12
      1312.28  4.24176e-09  6.37858e-12
      1312.63  2.87315e-09  5.66129e-12
      1312.97  2.43174e-09  5.47641e-12
      1313.32  3.26213e-09  6.31435e-12
      1313.66  5.66771e-09  8.46286e-12
      1314.01  4.66433e-09  7.81406e-12
      1314.35  2.54485e-09  6.57991e-12
      1314.70  1.92781e-09  5.88940e-12
      1315.05  1.91214e-09  5.57521e-12
      1315.39  2.17842e-09  5.89255e-12
      1315.74  2.82481e-09  6.57057e-12
      1316.08  4.36269e-09  7.81065e-12
      1316.43  8.83522e-09  1.03111e-11
      1316.78  1.55285e-08  1.39746e-11
      1317.12  1.22472e-08  1.17156e-11
      1317.47  5.73098e-09  7.74777e-12
      1317.82  3.39283e-09  6.00789e-12
      1318.17  3.46548e-09  5.85597e-12
      1318.51  5.97916e-09  7.57645e-12
      1318.86  7.54649e-09  8.82867e-12
      1319.21  5.13670e-09  7.97599e-12
      1319.56  3.28230e-09  7.96626e-12
      1319.91  3.54515e-09  6.51036e-12
      1320.25  2.92511e-09  7.25175e-12
      1320.60  2.85309e-09  6.30652e-12
      1320.95  3.49615e-09  6.85907e-12
      1321.30  4.99420e-09  7.87239e-12
      1321.65  9.95548e-09  1.05476e-11
      1322.00  1.89170e-08  1.54923e-11
      1322.35  1.62055e-08  1.39816e-11
      1322.70  8.21532e-09  9.70126e-12
      1323.05  5.21157e-09  7.67537e-12
      1323.40  5.84496e-09  7.78268e-12
      1323.75  6.99038e-09  8.06603e-12
      1324.10  7.34369e-09  8.16647e-12
      1324.45  5.31051e-09  7.13931e-12
      1324.80  3.74187e-09  6.50891e-12
      