227
      1249.95  3.15983e-08  2.62627e-11
      1250.27  1.66221e-08  1.81834e-11
      1250.58  6.55414e-09  1.16673e-11
      1250.89  4.81328e-09  1.03843e-11
      1251.20  6.03715e-09  1.15645e-11
      1251.52  8.47911e-09  1.34296e-11
      1251.83  1.39526e-08  1.78750e-11
      1252.14  1.82481e-08  2.07190e-11
      1252.46  1.80652e-08  2.10007e-11
      1252.77  1.65626e-08  1.96189e-11
      1253.09  2.46436e-08  2.28516e-11
      1253.40  4.32337e-08  2.97005e-11
      1253.71  5.30682e-08  3.33972e-11
      1254.03  3.45040e-08  2.62168e-11
      1254.34  1.88688e-08  1.97858e-11
      1254.66  2.19902e-08  2.24388e-11
      1254.97  3.26155e-08  2.98747e-11
      1255.29  2.67456e-08  2.98370e-11
      1255.60  1.14933e-08  1.90301e-11
      1255.92  1.32367e-08  1.82969e-11
      1256.23  2.04547e-08  2.11234e-11
      1256.55  3.05320e-08  2.59687e-11
      1256.87  2.35918e-08  2.21859e-11
      1257.18  1.22740e-08  1.62157e-11
      1257.50  9.20084e-09  1.48298e-11
      1257.81  1.00715e-08  1.57179e-11
      1258.13  1.23299e-08  1.74325e-11
      1258.45  1.27722e-08  1.74283e-11
      1258.76  1.35994e-08  1.68705e-11
      1259.08  2.14680e-08  1.96033e-11
      1259.40  3.86418e-08  2.53437e-11
      1259.72  5.02363e-08  2.87535e-11
      1260.03  4.01994e-08  2.50909e-11
      1260.35  3.10048e-08  2.18572e-11
      1260.67  3.71611e-08  2.49971e-11
      1260.99  3.56225e-08  2.45399e-11
      1261.30  2.97735e-08  2.17039e-11
      1261.62  3.47031e-08  2.34473e-11
      1261.94  3.68159e-08  2.29175e-11
      1262.26  3.69534e-08  2.29364e-11
      1262.58  2.92719e-08  1.97444e-11
      1262.90  2.99911e-08  2.00527e-11
      1263.22  4.15281e-08  2.52609e-11
      1263.54  3.62379e-08  2.41753e-11
      1263.86  2.52929e-08  2.07087e-11
      1264.17  2.06529e-08  1.96471e-11
      1264.49  1.58609e-08  1.70358e-11
      1264.81  1.65603e-08  1.65147e-11
      1265.13  2.89597e-08  2.14800e-11
      1265.45  4.24349e-08  2.65229e-11
      1265.77  3.86441e-08  2.56805e-11
      1266.10  2.31653e-08  2.01230e-11
      1266.42  1.35899e-08  1.61334e-11
      1266.74  1.17807e-08  1.56290e-11
      1267.06  1.49455e-08  1.72456e-11
      1267.38  2.70110e-08  2.19935e-11
      1267.70  4.56499e-08  2.84120e-11
      1268.02  4.91697e-08  2.80638e-11
      1268.34  4.90373e-08  3.00630e-11
      1268.67  4.52988e-08  2.69076e-11
      1268.99  4.48764e-08  2.66223e-11
      1269.31  3.62956e-08  2.39661e-11
      1269.63  2.59058e-08  2.03524e-11
      1269.95  2.20857e-08  1.86451e-11
      1270.28  2.51612e-08  1.86714e-11
      1270.60  3.85510e-08  2.27041e-11
      1270.92  4.52552e-08  2.32745e-11
      1271.25  4.90039e-08  2.38623e-11
      1271.57  4.86621e-08  2.44711e-11
      1271.89  3.08904e-08  1.96435e-11
      1272.22  1.57761e-08  1.47516e-11
      1272.54  1.06370e-08  1.29949e-11
      1272.86  8.96650e-09  1.23802e-11
      1273.19  8.34167e-09  1.18668e-11
      1273.51  9.55403e-09  1.21902e-11
      1273.84  1.39425e-08  1.43994e-11
      1274.16  1.80521e-08  1.64683e-11
      1274.49  2.20017e-08  1.80210e-11
      1274.81  3.61352e-08  2.45197e-11
      1275.14  4.86142e-08  2.96160e-11
      1275.46  4.45833e-08  2.89000e-11
      1275.79  3.13031e-08  2.43091e-11
      1276.11  2.19686e-08  1.96762e-11
      1276.44  2.65044e-08  2.04006e-11
      1276.76  4.19997e-08  2.59292e-11
      1277.09  4.36114e-08  2.49798e-11
      1277.42  4.44506e-08  2.61088e-11
      1277.74  3.25418e-08  2.24068e-11
      1278.07  1.71303e-08  1.62642e-11
      1278.40  1.12179e-08  1.38090e-11
      1278.72  8.92938e-09  1.22924e-11
      1279.05  8.73314e-09  1.16212e-11
      1279.38  1.12285e-08  1.23608e-11
      1279.71  1.54047e-08  1.38473e-11
      1280.03  1.90976e-08  1.65253e-11
      1280.36  1.77108e-08  1.59627e-11
      1280.69  1.92329e-08  1.60981e-11
      1281.02  2.44228e-08  1.88466e-11
      1281.34  3.32320e-08  2.28035e-11
      1281.67  3.91724e-08  2.57304e-11
      1282.00  3.21613e-08  2.24242e-11
      1282.33  3.25056e-08  2.17736e-11
      1282.66  4.64847e-08  2.62450e-11
      1282.99  5.68988e-08  2.90794e-11
      1283.32  5.63495e-08  2.99728e-11
      1283.65  4.22013e-08  2.67749e-11
      1283.98  2.50070e-08  2.11958e-11
      1284.31  1.58939e-08  1.74385e-11
      1284.64  1.24032e-08  1.53974e-11
      1284.97  1.21144e-08  1.46801e-11
      1285.30  1.36809e-08  1.60707e-11
      1285.63  1.22142e-08  1.41148e-11
      1285.96  1.14389e-08  1.25828e-11
      1286.29  1.58976e-08  1.49029e-11
      1286.62  2.12018e-08  1.74879e-11
      1286.95  2.05213e-08  1.70944e-11
      1287.28  2.43121e-08  1.83098e-11
      1287.61  3.86215e-08  2.34289e-11
      1287.95  4.58230e-08  2.46170e-11
      1288.28  4.58578e-08  2.39172e-11
      1288.61  4.58261e-08  2.37912e-11
      1288.94  4.47937e-08  2.42775e-11
      1289.27  3.40913e-08  2.15774e-11
      1289.61  2.66663e-08  2.02773e-11
      1289.94  2.23955e-08  1.97330e-11
      1290.27  1.62533e-08  1.71932e-11
      1290.61  1.38337e-08  1.63779e-11
      1290.94  1.08755e-08  1.42648e-11
      1291.27  8.32306e-09  1.20415e-11
      1291.61  9.59285e-09  1.25539e-11
      1291.94  1.48254e-08  1.54027e-11
      1292.27  2.32919e-08  1.93080e-11
      1292.61  3.07962e-08  2.41623e-11
      1292.94  2.41418e-08  2.11291e-11
      1293.28  2.03431e-08  1.78477e-11
      1293.61  2.54958e-08  1.96304e-11
      1293.95  3.10122e-08  2.00971e-11
      1294.28  4.18974e-08  2.24927e-11
      1294.62  4.68265e-08  2.34768e-11
      1294.95  4.13085e-08  2.17774e-11
      1295.29  3.97147e-08  2.22327e-11
      1295.62  3.53204e-08  2.19305e-11
      1295.96  2.74645e-08  1.99765e-11
      1296.29  2.41531e-08  1.93739e-11
      1296.63  2.49107e-08  1.96700e-11
      1296.97  2.95372e-08  2.10708e-11
      1297.30  4.12450e-08  2.45396e-11
      1297.64  5.25758e-08  2.82017e-11
      1297.98  4.72288e-08  2.71247e-11
      1298.31  3.30727e-08  2.31849e-11
      1298.65  2.08995e-08  1.88480e-11
      1298.99  1.67445e-08  1.68271e-11
      1299.33  2.48823e-08  2.01671e-11
      1299.66  3.97679e-08  2.46902e-11
      1300.00  4.46891e-08  2.47952e-11
      1300.34  4.01673e-08  2.43340e-11
      1300.68  2.86735e-08  1.98679e-11
      1301.02  2.95693e-08  1.85257e-11
      1301.35  4.58612e-08  2.40141e-11
      1301.69  5.42516e-08  2.66764e-11
      1302.03  5.20666e-08  2.64587e-11
      1302.37  4.70419e-08  2.49883e-11
      1302.71  5.17903e-08  2.64935e-11
      1303.05  5.66448e-08  2.74443e-11
      1303.39  6.27686e-08  2.97030e-11
      1303.73  6.70051e-08  3.19828e-11
      1304.07  6.34356e-08  3.14016e-11
      1304.41  6.44036e-08  3.34620e-11
      1304.75  6.77447e-08  3.51922e-11
      1305.09  7.00697e-08  3.46344e-11
      1305.43  7.88146e-08  3.55769e-11
      1305.77  8.91606e-08  3.63345e-11
      1306.11  8.77240e-08  3.48418e-11
      1306.46  6.39989e-08  2.88246e-11
      1306.80  3.65552e-08  2.14084e-11
      1307.14  2.21571e-08  1.69377e-11
      1307.48  1.61415e-08  1.49754e-11
      1307.82  1.32018e-08  1.35983e-11
      1308.16  1.29722e-08  1.33786e-11
      1308.51  1.45745e-08  1.41637e-11
      1308.85  1.24101e-08  1.28447e-11
      1309.19  9.35795e-09  1.13817e-11
      1309.53  8.57110e-09  1.14042e-11
      1309.88  8.39470e-09  1.18446e-11
      1310.22  8.93817e-09  1.26815e-11
      1310.56  1.12189e-08  1.44338e-11
      1310.91  1.81769e-08  1.78635e-11
      1311.25  3.04217e-08  2.31749e-11
      1311.60  3.13173e-08  2.26341e-11
      1311.94  2.01317e-08  1.72044e-11
      1312.28  1.16217e-08  1.29398e-11
      1312.63  8.31224e-09  1.11665e-11
      1312.97  7.26433e-09  1.05055e-11
      1313.32  9.28213e-09  1.16590e-11
      1313.66  1.42843e-08  1.47454e-11
      1314.01  1.23908e-08  1.33535e-11
      1314.35  7.58873e-09  1.03435e-11
      1314.70  5.99477e-09  9.28540e-12
      1315.05  5.91133e-09  9.29237e-12
      1315.39  6.59303e-09  1.00843e-11
      1315.74  8.21431e-09  1.16911e-11
      1316.08  1.18114e-08  1.42338e-11
      1316.43  2.12172e-08  1.93856e-11
      1316.78  3.42544e-08  2.57940e-11
      1317.12  2.80622e-08  2.24259e-11
      1317.47  1.47222e-08  1.55224e-11
      1317.82  9.52689e-09  1.23308e-11
      1318.17  9.63345e-09  1.19678e-11
      1318.51  1.53827e-08  1.52169e-11
      1318.86  1.90705e-08  1.71087e-11
      1319.21  1.29780e-08  1.38334e-11
      1319.56  7.90331e-09  1.09001e-11
      1319.91  8.21709e-09  1.13102e-11
      1320.25  8.36677e-09  1.09915e-11
      1320.60  8.29643e-09  1.06357e-11
      1320.95  9.80891e-09  1.17279e-11
      1321.30  1.33047e-08  1.37369e-11
      1321.65  2.34949e-08  1.86604e-11
      1322.00  4.02179e-08  2.66166e-11
      1322.35  3.51820e-08  2.51437e-11
      1322.70  2.00837e-08  1.90311e-11
      1323.05  1.39936e-08  1.56577e-11
      1323.40  1.53543e-08  1.59013e-11
      1323.75  1.78652e-08  1.63611e-11
      1324.10  1.85675e-08  1.64862e-11
      1324.45  1.40235e-08  1.39999e-11
      1324.80  1.04695e-08  1.23262e-11
      