227
      1249.95  1.71447e-08  1.58711e-11
      1250.27  8.61251e-09  1.09569e-11
      1250.58  2.97291e-09  7.10546e-12
      1250.89  2.05231e-09  6.48752e-12
      1251.20  2.70283e-09  7.09954e-12
      1251.52  4.12778e-09  8.19413e-12
      1251.83  7.19643e-09  1.06603e-11
      1252.14  9.50398e-09  1.23099e-11
      1252.46  9.28622e-09  1.23512e-11
      1252.77  8.51012e-09  1.14784e-11
      1253.09  1.33537e-08  1.34453e-11
      1253.40  2.47320e-08  1.74802e-11
      1253.71  3.09241e-08  1.95559e-11
      1254.03  1.94969e-08  1.50194e-11
      1254.34  9.80732e-09  1.09119e-11
      1254.66  1.16787e-08  1.21866e-11
      1254.97  1.81988e-08  1.62497e-11
      1255.29  1.26562e-08  1.33170e-11
      1255.60  5.93404e-09  9.34328e-12
      1255.92  6.54026e-09  9.66167e-12
      1256.23  1.07396e-08  1.12140e-11
      1256.55  1.69421e-08  1.40372e-11
      1256.87  1.25906e-08  1.16656e-11
      1257.18  5.98055e-09  8.36802e-12
      1257.50  4.30204e-09  7.68567e-12
      1257.81  4.81413e-09  8.21624e-12
      1258.13  6.04228e-09  9.17009e-12
      1258.45  6.17809e-09  9.11009e-12
      1258.76  6.52071e-09  8.71469e-12
      1259.08  1.10326e-08  1.04002e-11
      1259.40  2.15602e-08  1.40992e-11
      1259.72  2.89984e-08  1.63306e-11
      1260.03  2.25330e-08  1.42088e-11
      1260.35  1.67062e-08  1.22911e-11
      1260.67  2.08983e-08  1.47429e-11
      1260.99  1.98137e-08  1.44539e-11
      1261.30  1.59967e-08  1.26913e-11
      1261.62  1.94352e-08  1.42353e-11
      1261.94  2.05448e-08  1.39759e-11
      1262.26  2.14963e-08  1.49928e-11
      1262.58  1.59705e-08  1.24031e-11
      1262.90  1.62854e-08  1.20740e-11
      1263.22  2.41874e-08  1.56560e-11
      1263.54  2.07757e-08  1.46124e-11
      1263.86  1.36296e-08  1.20430e-11
      1264.17  1.08308e-08  1.11554e-11
      1264.49  8.10217e-09  9.50460e-12
      1264.81  8.52556e-09  9.22992e-12
      1265.13  1.60103e-08  1.21156e-11
      1265.45  2.43499e-08  1.49339e-11
      1265.77  2.21254e-08  1.42118e-11
      1266.10  1.26023e-08  1.08485e-11
      1266.42  6.77253e-09  8.45033e-12
      1266.74  5.75259e-09  8.10888e-12
      1267.06  7.58715e-09  8.95415e-12
      1267.38  1.48791e-08  1.17378e-11
      1267.70  2.63139e-08  1.55470e-11
      1268.02  2.86419e-08  1.52057e-11
      1268.34  2.81316e-08  1.47847e-11
      1268.67  2.58643e-08  1.39660e-11
      1268.99  2.54171e-08  1.45087e-11
      1269.31  2.02681e-08  1.31635e-11
      1269.63  1.38425e-08  1.11019e-11
      1269.95  1.15172e-08  1.02689e-11
      1270.28  1.36623e-08  1.06618e-11
      1270.60  2.17867e-08  1.33713e-11
      1270.92  2.60589e-08  1.40740e-11
      1271.25  2.83987e-08  1.45799e-11
      1271.57  2.80117e-08  1.49982e-11
      1271.89  1.73713e-08  1.20022e-11
      1272.22  8.26923e-09  8.84832e-12
      1272.54  5.20997e-09  7.69400e-12
      1272.86  4.27792e-09  7.22036e-12
      1273.19  3.97999e-09  6.88825e-12
      1273.51  4.71589e-09  6.98888e-12
      1273.84  7.22222e-09  8.21235e-12
      1274.16  9.51785e-09  9.21519e-12
      1274.49  1.19909e-08  9.92910e-12
      1274.81  2.06869e-08  1.34864e-11
      1275.14  2.83416e-08  1.62951e-11
      1275.46  2.57742e-08  1.56902e-11
      1275.79  1.74107e-08  1.28522e-11
      1276.11  1.15648e-08  1.02340e-11
      1276.44  1.43990e-08  1.08041e-11
      1276.76  2.44446e-08  1.48885e-11
      1277.09  2.48862e-08  1.35138e-11
      1277.42  2.59002e-08  1.43405e-11
      1277.74  1.82438e-08  1.20038e-11
      1278.07  8.79612e-09  8.69644e-12
      1278.40  5.45185e-09  7.41842e-12
      1278.72  4.23949e-09  6.80441e-12
      1279.05  4.14590e-09  6.61504e-12
      1279.38  5.51982e-09  7.18408e-12
      1279.71  8.01907e-09  8.22816e-12
      1280.03  1.07089e-08  9.55190e-12
      1280.36  9.70025e-09  9.02831e-12
      1280.69  1.01966e-08  9.68824e-12
      1281.02  1.32391e-08  1.12347e-11
      1281.34  1.88178e-08  1.36236e-11
      1281.67  2.28237e-08  1.53280e-11
      1282.00  1.82202e-08  1.30620e-11
      1282.33  1.82544e-08  1.24654e-11
      1282.66  2.72952e-08  1.51261e-11
      1282.99  3.41670e-08  1.67260e-11
      1283.32  3.39867e-08  1.69721e-11
      1283.65  2.47008e-08  1.46382e-11
      1283.98  1.37070e-08  1.11588e-11
      1284.31  8.18602e-09  9.06348e-12
      1284.64  6.19689e-09  8.01050e-12
      1284.97  6.06049e-09  7.68465e-12
      1285.30  7.08194e-09  8.00886e-12
      1285.63  6.20268e-09  7.21026e-12
      1285.96  5.67157e-09  6.73093e-12
      1286.29  8.28768e-09  8.18988e-12
      1286.62  1.14708e-08  9.98223e-12
      1286.95  1.10065e-08  9.83007e-12
      1287.28  1.33452e-08  1.08610e-11
      1287.61  2.23745e-08  1.44490e-11
      1287.95  2.68505e-08  1.53848e-11
      1288.28  2.68656e-08  1.49189e-11
      1288.61  2.68380e-08  1.47035e-11
      1288.94  2.64339e-08  1.48760e-11
      1289.27  1.95547e-08  1.28355e-11
      1289.61  1.47011e-08  1.16522e-11
      1289.94  1.20459e-08  1.10248e-11
      1290.27  8.40639e-09  9.35336e-12
      1290.61  7.09404e-09  8.81442e-12
      1290.94  5.47290e-09  7.62708e-12
      1291.27  4.07033e-09  6.43955e-12
      1291.61  4.70188e-09  6.54975e-12
      1291.94  7.54480e-09  7.94916e-12
      1292.27  1.24436e-08  1.00678e-11
      1292.61  1.73108e-08  1.23531e-11
      1292.94  1.33170e-08  1.06644e-11
      1293.28  1.04736e-08  9.51856e-12
      1293.61  1.35345e-08  1.08710e-11
      1293.95  1.69583e-08  1.14836e-11
      1294.28  2.42514e-08  1.35822e-11
      1294.62  2.73285e-08  1.44332e-11
      1294.95  2.35083e-08  1.33120e-11
      1295.29  2.26047e-08  1.37591e-11
      1295.62  1.97855e-08  1.33320e-11
      1295.96  1.48782e-08  1.18270e-11
      1296.29  1.29617e-08  1.12880e-11
      1296.63  1.34466e-08  1.13142e-11
      1296.97  1.62547e-08  1.19025e-11
      1297.30  2.38253e-08  1.39314e-11
      1297.64  3.13840e-08  1.60819e-11
      1297.98  2.74302e-08  1.49788e-11
      1298.31  1.81761e-08  1.22519e-11
      1298.65  1.07552e-08  9.59594e-12
      1298.99  8.26896e-09  8.52857e-12
      1299.33  1.32288e-08  1.05046e-11
      1299.66  2.28947e-08  1.36958e-11
      1300.00  2.57724e-08  1.38205e-11
      1300.34  2.27747e-08  1.27880e-11
      1300.68  1.61573e-08  1.05832e-11
      1301.02  1.61462e-08  1.06946e-11
      1301.35  2.70995e-08  1.48798e-11
      1301.69  3.22815e-08  1.65865e-11
      1302.03  3.11697e-08  1.66525e-11
      1302.37  2.75490e-08  1.52807e-11
      1302.71  3.13393e-08  1.63500e-11
      1303.05  3.42327e-08  1.65534e-11
      1303.39  3.85273e-08  1.74332e-11
      1303.73  4.13877e-08  1.82273e-11
      1304.07  3.86437e-08  1.77463e-11
      1304.41  3.92802e-08  1.82409e-11
      1304.75  4.15851e-08  1.89882e-11
      1305.09  4.29888e-08  1.90319e-11
      1305.43  4.94098e-08  1.99202e-11
      1305.77  5.72461e-08  2.07184e-11
      1306.11  5.70794e-08  2.03018e-11
      1306.46  3.99352e-08  1.67108e-11
      1306.80  2.08156e-08  1.20277e-11
      1307.14  1.17441e-08  9.56951e-12
      1307.48  8.30457e-09  8.61422e-12
      1307.82  6.67807e-09  8.05741e-12
      1308.16  6.59296e-09  7.99496e-12
      1308.51  7.72315e-09  8.64680e-12
      1308.85  6.42254e-09  7.75928e-12
      1309.19  4.64673e-09  6.71914e-12
      1309.53  4.25130e-09  6.58110e-12
      1309.88  4.17311e-09  6.64476e-12
      1310.22  4.46595e-09  6.94456e-12
      1310.56  5.70436e-09  7.69216e-12
      1310.91  9.81454e-09  9.54592e-12
      1311.25  1.77404e-08  1.27731e-11
      1311.60  1.81432e-08  1.23351e-11
      1311.94  1.09992e-08  9.17182e-12
      1312.28  5.93311e-09  6.89735e-12
      1312.63  4.11382e-09  6.12034e-12
      1312.97  3.53610e-09  5.93420e-12
      1313.32  4.65285e-09  6.82075e-12
      1313.66  7.71390e-09  8.84745e-12
      1314.01  6.50739e-09  8.06406e-12
      1314.35  3.72715e-09  6.30464e-12
      1314.70  2.88250e-09  5.70724e-12
      1315.05  2.86529e-09  5.59394e-12
      1315.39  3.24335e-09  5.89193e-12
      1315.74  4.12817e-09  6.65866e-12
      1316.08  6.14342e-09  7.88143e-12
      1316.43  1.18430e-08  1.06368e-11
      1316.78  2.02370e-08  1.43001e-11
      1317.12  1.60986e-08  1.21489e-11
      1317.47  7.83145e-09  8.21416e-12
      1317.82  4.78856e-09  6.46615e-12
      1318.17  4.85739e-09  6.32368e-12
      1318.51  8.16256e-09  8.17476e-12
      1318.86  1.02164e-08  9.43037e-12
      1319.21  6.77897e-09  7.85847e-12
      1319.56  3.98295e-09  6.58539e-12
      1319.91  4.14223e-09  6.94718e-12
      1320.25  4.17247e-09  6.69120e-12
      1320.60  4.15325e-09  6.47124e-12
      1320.95  5.02469e-09  6.97546e-12
      1321.30  7.04580e-09  8.08306e-12
      1321.65  1.33823e-08  1.07770e-11
      1322.00  2.41560e-08  1.54093e-11
      1322.35  2.08665e-08  1.41393e-11
      1322.70  1.11113e-08  1.01708e-11
      1323.05  7.29338e-09  8.15315e-12
      1323.40  8.04918e-09  8.29929e-12
      1323.75  9.49618e-09  8.67501e-12
      1324.10  9.90623e-09  8.83663e-12
      1324.45  7.32058e-09  7.63654e-12
      1324.80  5.30415e-09  6.92071e-12
      