227
      1249.95  1.10574e-08  1.65104e-11
      1250.27  5.31439e-09  1.16655e-11
      1250.58  1.61104e-09  7.63015e-12
      1250.89  1.03335e-09  6.91624e-12
      1251.20  1.44272e-09  7.51492e-12
      1251.52  2.37253e-09  8.57358e-12
      1251.83  4.42090e-09  1.11534e-11
      1252.14  5.88238e-09  1.26159e-11
      1252.46  5.65903e-09  1.25182e-11
      1252.77  5.12242e-09  1.17719e-11
      1253.09  8.47133e-09  1.37116e-11
      1253.40  1.64324e-08  1.78754e-11
      1253.71  2.08477e-08  1.97774e-11
      1254.03  1.30774e-08  1.52689e-11
      1254.34  6.13798e-09  1.06680e-11
      1254.66  7.41735e-09  1.17745e-11
      1254.97  1.16950e-08  1.53211e-11
      1255.29  8.20050e-09  1.28682e-11
      1255.60  3.57882e-09  8.98426e-12
      1255.92  3.86021e-09  9.10526e-12
      1256.23  6.79385e-09  1.05117e-11
      1256.55  1.09172e-08  1.29752e-11
      1256.87  8.09808e-09  1.09124e-11
      1257.18  3.59889e-09  7.79503e-12
      1257.50  2.46667e-09  7.13718e-12
      1257.81  2.81107e-09  7.65169e-12
      1258.13  3.58010e-09  8.52366e-12
      1258.45  3.60789e-09  8.55189e-12
      1258.76  3.82118e-09  8.41072e-12
      1259.08  6.91059e-09  9.99592e-12
      1259.40  1.43915e-08  1.38335e-11
      1259.72  1.97589e-08  1.64333e-11
      1260.03  1.50017e-08  1.41629e-11
      1260.35  1.08384e-08  1.22500e-11
      1260.67  1.38870e-08  1.50725e-11
      1260.99  1.29633e-08  1.48392e-11
      1261.30  1.02265e-08  1.29382e-11
      1261.62  1.28769e-08  1.49952e-11
      1261.94  1.34611e-08  1.45276e-11
      1262.26  1.40267e-08  1.50042e-11
      1262.58  1.01146e-08  1.21694e-11
      1262.90  1.03198e-08  1.22411e-11
      1263.22  1.68043e-08  1.67973e-11
      1263.54  1.38745e-08  1.49760e-11
      1263.86  8.49038e-09  1.20510e-11
      1264.17  6.71539e-09  1.16167e-11
      1264.49  4.74787e-09  9.76014e-12
      1264.81  5.05080e-09  8.87194e-12
      1265.13  1.03843e-08  1.17788e-11
      1265.45  1.66040e-08  1.46490e-11
      1265.77  1.50316e-08  1.36839e-11
      1266.10  8.05153e-09  1.01400e-11
      1266.42  3.95369e-09  7.78842e-12
      1266.74  3.32073e-09  7.57190e-12
      1267.06  4.55795e-09  8.15340e-12
      1267.38  9.56998e-09  1.07915e-11
      1267.70  1.72240e-08  1.51933e-11
      1268.02  1.93192e-08  1.53821e-11
      1268.34  1.90422e-08  1.52580e-11
      1268.67  1.72029e-08  1.44231e-11
      1268.99  1.71586e-08  1.41311e-11
      1269.31  1.35628e-08  1.29262e-11
      1269.63  8.80075e-09  1.09790e-11
      1269.95  7.18411e-09  1.03113e-11
      1270.28  8.79484e-09  1.10657e-11
      1270.60  1.45722e-08  1.41148e-11
      1270.92  1.77343e-08  1.55330e-11
      1271.25  1.94169e-08  1.60743e-11
      1271.57  1.90498e-08  1.62241e-11
      1271.89  1.15792e-08  1.27391e-11
      1272.22  5.08836e-09  9.15507e-12
      1272.54  2.99025e-09  8.06382e-12
      1272.86  2.40071e-09  7.53990e-12
      1273.19  2.24499e-09  7.44191e-12
      1273.51  2.75799e-09  7.87510e-12
      1273.84  4.40711e-09  8.18603e-12
      1274.16  5.93330e-09  8.89123e-12
      1274.49  7.75200e-09  9.80910e-12
      1274.81  1.39106e-08  1.28702e-11
      1275.14  1.94205e-08  1.54456e-11
      1275.46  1.76135e-08  1.46113e-11
      1275.79  1.15788e-08  1.18048e-11
      1276.11  7.40179e-09  9.30987e-12
      1276.44  9.51373e-09  9.91897e-12
      1276.76  1.66368e-08  1.32098e-11
      1277.09  1.70084e-08  1.26785e-11
      1277.42  1.78197e-08  1.37976e-11
      1277.74  1.22168e-08  1.15911e-11
      1278.07  5.49694e-09  8.52426e-12
      1278.40  3.19314e-09  7.34653e-12
      1278.72  2.42767e-09  6.85887e-12
      1279.05  2.36953e-09  6.82848e-12
      1279.38  3.22833e-09  7.52668e-12
      1279.71  4.94462e-09  8.89911e-12
      1280.03  6.77463e-09  1.03054e-11
      1280.36  6.03880e-09  9.45173e-12
      1280.69  6.37802e-09  9.83667e-12
      1281.02  8.41629e-09  1.12631e-11
      1281.34  1.24542e-08  1.37329e-11
      1281.67  1.54465e-08  1.54520e-11
      1282.00  1.21153e-08  1.29681e-11
      1282.33  1.21078e-08  1.21685e-11
      1282.66  1.87633e-08  1.45961e-11
      1282.99  2.39591e-08  1.59901e-11
      1283.32  2.39666e-08  1.59748e-11
      1283.65  1.70833e-08  1.35108e-11
      1283.98  8.99729e-09  1.00915e-11
      1284.31  5.05637e-09  8.17002e-12
      1284.64  3.71453e-09  7.32622e-12
      1284.97  3.64437e-09  7.16855e-12
      1285.30  4.29626e-09  7.51184e-12
      1285.63  3.73121e-09  7.08229e-12
      1285.96  3.41330e-09  6.65282e-12
      1286.29  5.19893e-09  8.31939e-12
      1286.62  7.34037e-09  1.03134e-11
      1286.95  7.02537e-09  1.03408e-11
      1287.28  8.76827e-09  1.15751e-11
      1287.61  1.52158e-08  1.54353e-11
      1287.95  1.84263e-08  1.65708e-11
      1288.28  1.83954e-08  1.58865e-11
      1288.61  1.83907e-08  1.53866e-11
      1288.94  1.80646e-08  1.53528e-11
      1289.27  1.31433e-08  1.29244e-11
      1289.61  9.58386e-09  1.13123e-11
      1289.94  7.64881e-09  1.04281e-11
      1290.27  5.22118e-09  8.70390e-12
      1290.61  4.33816e-09  7.98491e-12
      1290.94  3.31269e-09  6.89581e-12
      1291.27  2.42698e-09  5.86570e-12
      1291.61  2.80917e-09  5.95186e-12
      1291.94  4.61740e-09  7.24689e-12
      1292.27  8.02694e-09  9.37961e-12
      1292.61  1.14919e-08  1.19146e-11
      1292.94  8.60075e-09  1.03508e-11
      1293.28  6.55473e-09  9.41882e-12
      1293.61  8.56252e-09  1.09669e-11
      1293.95  1.10632e-08  1.19640e-11
      1294.28  1.64943e-08  1.45426e-11
      1294.62  1.85837e-08  1.53804e-11
      1294.95  1.57316e-08  1.40850e-11
      1295.29  1.50991e-08  1.42658e-11
      1295.62  1.29443e-08  1.34883e-11
      1295.96  9.49953e-09  1.18251e-11
      1296.29  8.20369e-09  1.10746e-11
      1296.63  8.53224e-09  1.08395e-11
      1296.97  1.05159e-08  1.11444e-11
      1297.30  1.63038e-08  1.32415e-11
      1297.64  2.20111e-08  1.49377e-11
      1297.98  1.87656e-08  1.35233e-11
      1298.31  1.19418e-08  1.10896e-11
      1298.65  6.63975e-09  8.65492e-12
      1298.99  4.93612e-09  7.86841e-12
      1299.33  8.54337e-09  1.00665e-11
      1299.66  1.57362e-08  1.38363e-11
      1300.00  1.76331e-08  1.42309e-11
      1300.34  1.54264e-08  1.35204e-11
      1300.68  1.04302e-08  1.11960e-11
      1301.02  1.05828e-08  1.14335e-11
      1301.35  1.88929e-08  1.62825e-11
      1301.69  2.24544e-08  1.77472e-11
      1302.03  2.18355e-08  1.78973e-11
      1302.37  1.89631e-08  1.58576e-11
      1302.71  2.22505e-08  1.70806e-11
      1303.05  2.41751e-08  1.67197e-11
      1303.39  2.77983e-08  1.73647e-11
      1303.73  3.00472e-08  1.80638e-11
      1304.07  2.77321e-08  1.67874e-11
      1304.41  2.82720e-08  1.70710e-11
      1304.75  3.00607e-08  1.77110e-11
      1305.09  3.12025e-08  1.78222e-11
      1305.43  3.66736e-08  1.94652e-11
      1305.77  4.32256e-08  2.08152e-11
      1306.11  4.34128e-08  2.11756e-11
      1306.46  2.92408e-08  1.74939e-11
      1306.80  1.41421e-08  1.25230e-11
      1307.14  7.44071e-09  1.00344e-11
      1307.48  5.07146e-09  9.17859e-12
      1307.82  3.97821e-09  8.67707e-12
      1308.16  3.93981e-09  8.33392e-12
      1308.51  4.83353e-09  9.01834e-12
      1308.85  3.91008e-09  7.85136e-12
      1309.19  2.72300e-09  6.61941e-12
      1309.53  2.49139e-09  6.28513e-12
      1309.88  2.45892e-09  6.20705e-12
      1310.22  2.66623e-09  6.38785e-12
      1310.56  3.46303e-09  6.97723e-12
      1310.91  6.31649e-09  8.66767e-12
      1311.25  1.23239e-08  1.21660e-11
      1311.60  1.24081e-08  1.16781e-11
      1311.94  7.14409e-09  8.78730e-12
      1312.28  3.63685e-09  6.85327e-12
      1312.63  2.42698e-09  6.16047e-12
      1312.97  2.04331e-09  6.19767e-12
      1313.32  2.78440e-09  7.11845e-12
      1313.66  4.92172e-09  9.66248e-12
      1314.01  4.01992e-09  8.61367e-12
      1314.35  2.18201e-09  6.69037e-12
      1314.70  1.64342e-09  6.03615e-12
      1315.05  1.64863e-09  5.74636e-12
      1315.39  1.89688e-09  5.84856e-12
      1315.74  2.46383e-09  6.30039e-12
      1316.08  3.80958e-09  7.26044e-12
      1316.43  7.89294e-09  9.62096e-12
      1316.78  1.40041e-08  1.30880e-11
      1317.12  1.09321e-08  1.10818e-11
      1317.47  5.01614e-09  7.50916e-12
      1317.82  2.90281e-09  6.16711e-12
      1318.17  2.95197e-09  6.22864e-12
      1318.51  5.16611e-09  8.36405e-12
      1318.86  6.53070e-09  9.90862e-12
      1319.21  4.25550e-09  8.54767e-12
      1319.56  2.35617e-09  7.28860e-12
      1319.91  2.44568e-09  7.66829e-12
      1320.25  2.46824e-09  7.03522e-12
      1320.60  2.44398e-09  6.53957e-12
      1320.95  3.02550e-09  6.78617e-12
      1321.30  4.38109e-09  7.52967e-12
      1321.65  8.91490e-09  1.00523e-11
      1322.00  1.71597e-08  1.44324e-11
      1322.35  1.46394e-08  1.29386e-11
      1322.70  7.26680e-09  9.22777e-12
      1323.05  4.53090e-09  7.48678e-12
      1323.40  5.07931e-09  7.85722e-12
      1323.75  6.06736e-09  8.52131e-12
      1324.10  6.36361e-09  9.02379e-12
      1324.45  4.53893e-09  7.99079e-12
      1324.80  3.18922e-09  7.42797e-12
      