227
      1249.95  8.99480e-09  1.19779e-11
      1250.27  4.37526e-09  8.33997e-12
      1250.58  1.36820e-09  5.58950e-12
      1250.89  9.07374e-10  5.18811e-12
      1251.20  1.21480e-09  5.70971e-12
      1251.52  1.93538e-09  6.22513e-12
      1251.83  3.53471e-09  7.74857e-12
      1252.14  4.67932e-09  8.70496e-12
      1252.46  4.46823e-09  8.57283e-12
      1252.77  3.98435e-09  7.86694e-12
      1253.09  6.67880e-09  9.14695e-12
      1253.40  1.33479e-08  1.20890e-11
      1253.71  1.73389e-08  1.37812e-11
      1254.03  1.05852e-08  1.06158e-11
      1254.34  4.74860e-09  7.58231e-12
      1254.66  5.83763e-09  8.67800e-12
      1254.97  9.74946e-09  1.17669e-11
      1255.29  6.81320e-09  1.01699e-11
      1255.60  2.74830e-09  7.07218e-12
      1255.92  3.09549e-09  7.11863e-12
      1256.23  5.45750e-09  8.35700e-12
      1256.55  9.15908e-09  1.05892e-11
      1256.87  6.70938e-09  8.97883e-12
      1257.18  2.88536e-09  6.51820e-12
      1257.50  2.03793e-09  6.23525e-12
      1257.81  2.30675e-09  6.75281e-12
      1258.13  2.94651e-09  7.55720e-12
      1258.45  2.97423e-09  7.30409e-12
      1258.76  3.09863e-09  7.08418e-12
      1259.08  5.59412e-09  8.39177e-12
      1259.40  1.19090e-08  1.14446e-11
      1259.72  1.66154e-08  1.34801e-11
      1260.03  1.25781e-08  1.15923e-11
      1260.35  8.94325e-09  1.00470e-11
      1260.67  1.15230e-08  1.19544e-11
      1260.99  1.06579e-08  1.13135e-11
      1261.30  8.29546e-09  9.59094e-12
      1261.62  1.04385e-08  1.06942e-11
      1261.94  1.09966e-08  1.02301e-11
      1262.26  1.14141e-08  1.03627e-11
      1262.58  8.21198e-09  8.43747e-12
      1262.90  8.34854e-09  8.46927e-12
      1263.22  1.36510e-08  1.15812e-11
      1263.54  1.12621e-08  1.04377e-11
      1263.86  6.82553e-09  8.48538e-12
      1264.17  5.28740e-09  8.15241e-12
      1264.49  3.59575e-09  6.73022e-12
      1264.81  3.90363e-09  6.28839e-12
      1265.13  8.35268e-09  8.49404e-12
      1265.45  1.37742e-08  1.09247e-11
      1265.77  1.24233e-08  1.04954e-11
      1266.10  6.50213e-09  8.12922e-12
      1266.42  3.04382e-09  6.32255e-12
      1266.74  2.61117e-09  6.04828e-12
      1267.06  3.58750e-09  6.69524e-12
      1267.38  7.64702e-09  9.02887e-12
      1267.70  1.38428e-08  1.19733e-11
      1268.02  1.58052e-08  1.28675e-11
      1268.34  1.53920e-08  1.22340e-11
      1268.67  1.39255e-08  1.18795e-11
      1268.99  1.44817e-08  1.19522e-11
      1269.31  1.12574e-08  1.07183e-11
      1269.63  7.11840e-09  8.86251e-12
      1269.95  5.77708e-09  8.07250e-12
      1270.28  7.07055e-09  8.26183e-12
      1270.60  1.21213e-08  1.04827e-11
      1270.92  1.46992e-08  1.08948e-11
      1271.25  1.59902e-08  1.11115e-11
      1271.57  1.57722e-08  1.13609e-11
      1271.89  9.46482e-09  8.91919e-12
      1272.22  4.05642e-09  6.39759e-12
      1272.54  2.34020e-09  5.68507e-12
      1272.86  1.84059e-09  5.40998e-12
      1273.19  1.77363e-09  4.94966e-12
      1273.51  2.18958e-09  4.99239e-12
      1273.84  3.49521e-09  5.73805e-12
      1274.16  4.71846e-09  6.41955e-12
      1274.49  6.26948e-09  7.09503e-12
      1274.81  1.13318e-08  9.84148e-12
      1275.14  1.59017e-08  1.21152e-11
      1275.46  1.44704e-08  1.18049e-11
      1275.79  9.48732e-09  9.72524e-12
      1276.11  6.10724e-09  7.83853e-12
      1276.44  7.94250e-09  8.44110e-12
      1276.76  1.29969e-08  1.14883e-11
      1277.09  1.36638e-08  1.10188e-11
      1277.42  1.48083e-08  1.15948e-11
      1277.74  1.01974e-08  9.68416e-12
      1278.07  4.64851e-09  7.02228e-12
      1278.40  2.63385e-09  5.90843e-12
      1278.72  1.99198e-09  5.44871e-12
      1279.05  1.94871e-09  5.14499e-12
      1279.38  2.62883e-09  5.40912e-12
      1279.71  3.95998e-09  6.09832e-12
      1280.03  5.06246e-09  6.96640e-12
      1280.36  4.68342e-09  6.66138e-12
      1280.69  5.10498e-09  6.87962e-12
      1281.02  6.73395e-09  7.90961e-12
      1281.34  1.00784e-08  9.79636e-12
      1281.67  1.26206e-08  1.10985e-11
      1282.00  9.77358e-09  9.39996e-12
      1282.33  9.77186e-09  9.01925e-12
      1282.66  1.51522e-08  1.14507e-11
      1282.99  1.98077e-08  1.29993e-11
      1283.32  2.01228e-08  1.30253e-11
      1283.65  1.42328e-08  1.13004e-11
      1283.98  7.37237e-09  8.57608e-12
      1284.31  4.10651e-09  7.18863e-12
      1284.64  3.01203e-09  6.45169e-12
      1284.97  2.93490e-09  6.21003e-12
      1285.30  3.16954e-09  6.07494e-12
      1285.63  2.89952e-09  5.93758e-12
      1285.96  2.76138e-09  5.48448e-12
      1286.29  4.22802e-09  6.45226e-12
      1286.62  6.03724e-09  7.73531e-12
      1286.95  5.72212e-09  7.58922e-12
      1287.28  7.06662e-09  8.19771e-12
      1287.61  1.25243e-08  1.07664e-11
      1287.95  1.52165e-08  1.13866e-11
      1288.28  1.50961e-08  1.08384e-11
      1288.61  1.50087e-08  1.05334e-11
      1288.94  1.48760e-08  1.07327e-11
      1289.27  1.07529e-08  9.27037e-12
      1289.61  7.67070e-09  8.33836e-12
      1289.94  6.15035e-09  7.95160e-12
      1290.27  4.14480e-09  6.83907e-12
      1290.61  3.48757e-09  6.55008e-12
      1290.94  2.69588e-09  5.77583e-12
      1291.27  1.97057e-09  4.92439e-12
      1291.61  2.29225e-09  4.99785e-12
      1291.94  3.79057e-09  6.12235e-12
      1292.27  6.60167e-09  7.85422e-12
      1292.61  9.67143e-09  9.85650e-12
      1292.94  7.17537e-09  8.44579e-12
      1293.28  5.25458e-09  7.34260e-12
      1293.61  6.93305e-09  8.28147e-12
      1293.95  8.92718e-09  8.63077e-12
      1294.28  1.35432e-08  1.02762e-11
      1294.62  1.53816e-08  1.07431e-11
      1294.95  1.28040e-08  9.65945e-12
      1295.29  1.22602e-08  9.94668e-12
      1295.62  1.04650e-08  9.48363e-12
      1295.96  7.56922e-09  8.48860e-12
      1296.29  6.52999e-09  8.09428e-12
      1296.63  6.80683e-09  8.12459e-12
      1296.97  8.49701e-09  8.60550e-12
      1297.30  1.34318e-08  1.05185e-11
      1297.64  1.82451e-08  1.23855e-11
      1297.98  1.55572e-08  1.14962e-11
      1298.31  9.82404e-09  9.49869e-12
      1298.65  5.46203e-09  7.49879e-12
      1298.99  4.09369e-09  6.77437e-12
      1299.33  7.12501e-09  8.35199e-12
      1299.66  1.29955e-08  1.10076e-11
      1300.00  1.46722e-08  1.09257e-11
      1300.34  1.27031e-08  9.96318e-12
      1300.68  8.65186e-09  8.07188e-12
      1301.02  8.82507e-09  8.04896e-12
      1301.35  1.54105e-08  1.11074e-11
      1301.69  1.85531e-08  1.22674e-11
      1302.03  1.80096e-08  1.23655e-11
      1302.37  1.59222e-08  1.12769e-11
      1302.71  1.84054e-08  1.21704e-11
      1303.05  2.02927e-08  1.23733e-11
      1303.39  2.33128e-08  1.33753e-11
      1303.73  2.52480e-08  1.45109e-11
      1304.07  2.33221e-08  1.43522e-11
      1304.41  2.38971e-08  1.46108e-11
      1304.75  2.55263e-08  1.53024e-11
      1305.09  2.68202e-08  1.55141e-11
      1305.43  3.17310e-08  1.65294e-11
      1305.77  3.76493e-08  1.73031e-11
      1306.11  3.77164e-08  1.69208e-11
      1306.46  2.53711e-08  1.35296e-11
      1306.80  1.20193e-08  9.33187e-12
      1307.14  6.06707e-09  7.11030e-12
      1307.48  4.02250e-09  6.27489e-12
      1307.82  3.15641e-09  5.84686e-12
      1308.16  3.14600e-09  5.73878e-12
      1308.51  3.80877e-09  6.12963e-12
      1308.85  3.09667e-09  5.73712e-12
      1309.19  2.12156e-09  5.06916e-12
      1309.53  1.97826e-09  4.86201e-12
      1309.88  1.95299e-09  5.11417e-12
      1310.22  2.12689e-09  5.39863e-12
      1310.56  2.80053e-09  6.02136e-12
      1310.91  5.28358e-09  7.52147e-12
      1311.25  1.02021e-08  1.03332e-11
      1311.60  1.02675e-08  9.85852e-12
      1311.94  5.95611e-09  7.27219e-12
      1312.28  3.04243e-09  5.74602e-12
      1312.63  1.85877e-09  4.84843e-12
      1312.97  1.66221e-09  4.57421e-12
      1313.32  2.28096e-09  5.06874e-12
      1313.66  3.84576e-09  6.49440e-12
      1314.01  3.18929e-09  5.88324e-12
      1314.35  1.78905e-09  4.65402e-12
      1314.70  1.33021e-09  4.25107e-12
      1315.05  1.32220e-09  4.21530e-12
      1315.39  1.51551e-09  4.47235e-12
      1315.74  1.96840e-09  5.04653e-12
      1316.08  3.10771e-09  6.13902e-12
      1316.43  6.54608e-09  8.36345e-12
      1316.78  1.14150e-08  1.12523e-11
      1317.12  9.09748e-09  9.74382e-12
      1317.47  4.24192e-09  6.60719e-12
      1317.82  2.39393e-09  5.22322e-12
      1318.17  2.42134e-09  4.97184e-12
      1318.51  4.12600e-09  6.26712e-12
      1318.86  5.16804e-09  7.08887e-12
      1319.21  3.41648e-09  5.99644e-12
      1319.56  1.91471e-09  5.00064e-12
      1319.91  1.95553e-09  4.97813e-12
      1320.25  1.96644e-09  4.87506e-12
      1320.60  1.94028e-09  4.68821e-12
      1320.95  2.40969e-09  5.01942e-12
      1321.30  3.51553e-09  5.84923e-12
      1321.65  7.37373e-09  8.15429e-12
      1322.00  1.43794e-08  1.22876e-11
      1322.35  1.22131e-08  1.13726e-11
      1322.70  6.04702e-09  8.15360e-12
      1323.05  3.73456e-09  6.51938e-12
      1323.40  4.12612e-09  6.64683e-12
      1323.75  4.89408e-09  6.78469e-12
      1324.10  5.07707e-09  6.82952e-12
      1324.45  3.67092e-09  5.84300e-12
      1324.80  2.48985e-09  5.40726e-12
      