227
      1249.95  1.03594e-08  1.60365e-11
      1250.27  4.98793e-09  1.11533e-11
      1250.58  1.53124e-09  7.47209e-12
      1250.89  9.78240e-10  6.70736e-12
      1251.20  1.33137e-09  7.21364e-12
      1251.52  2.19068e-09  8.01898e-12
      1251.83  4.11126e-09  1.03314e-11
      1252.14  5.47354e-09  1.16009e-11
      1252.46  5.26786e-09  1.14890e-11
      1252.77  4.74851e-09  1.06227e-11
      1253.09  7.90076e-09  1.23539e-11
      1253.40  1.54677e-08  1.61746e-11
      1253.71  1.97105e-08  1.78463e-11
      1254.03  1.23134e-08  1.36926e-11
      1254.34  5.71996e-09  9.60796e-12
      1254.66  6.95331e-09  1.06484e-11
      1254.97  1.10799e-08  1.38756e-11
      1255.29  7.77059e-09  1.15803e-11
      1255.60  3.35423e-09  8.10542e-12
      1255.92  3.64064e-09  8.31434e-12
      1256.23  6.43055e-09  9.72720e-12
      1256.55  1.03818e-08  1.20477e-11
      1256.87  7.71123e-09  1.02166e-11
      1257.18  3.40163e-09  7.37940e-12
      1257.50  2.32654e-09  6.87355e-12
      1257.81  2.64883e-09  7.50138e-12
      1258.13  3.36730e-09  8.40584e-12
      1258.45  3.39876e-09  8.56435e-12
      1258.76  3.58657e-09  8.49965e-12
      1259.08  6.51254e-09  1.00196e-11
      1259.40  1.36206e-08  1.38992e-11
      1259.72  1.87408e-08  1.65137e-11
      1260.03  1.42454e-08  1.42390e-11
      1260.35  1.02559e-08  1.22822e-11
      1260.67  1.31074e-08  1.49214e-11
      1260.99  1.22209e-08  1.45548e-11
      1261.30  9.65034e-09  1.27523e-11
      1261.62  1.20931e-08  1.45682e-11
      1261.94  1.26865e-08  1.40352e-11
      1262.26  1.32051e-08  1.43124e-11
      1262.58  9.54181e-09  1.15809e-11
      1262.90  9.76214e-09  1.15765e-11
      1263.22  1.58605e-08  1.56436e-11
      1263.54  1.30962e-08  1.38774e-11
      1263.86  7.96129e-09  1.10974e-11
      1264.17  6.25264e-09  1.01951e-11
      1264.49  4.45460e-09  8.52694e-12
      1264.81  4.66433e-09  7.99016e-12
      1265.13  9.72929e-09  1.06148e-11
      1265.45  1.57020e-08  1.31924e-11
      1265.77  1.42314e-08  1.24307e-11
      1266.10  7.57221e-09  9.19467e-12
      1266.42  3.69366e-09  7.05968e-12
      1266.74  3.10709e-09  6.99905e-12
      1267.06  4.27931e-09  7.67529e-12
      1267.38  9.13303e-09  1.01886e-11
      1267.70  1.72337e-08  1.38406e-11
      1268.02  1.87188e-08  1.39051e-11
      1268.34  1.82338e-08  1.39438e-11
      1268.67  1.66374e-08  1.34822e-11
      1268.99  1.62986e-08  1.40249e-11
      1269.31  1.28494e-08  1.29531e-11
      1269.63  8.26429e-09  1.09089e-11
      1269.95  6.73571e-09  1.02048e-11
      1270.28  8.28007e-09  1.09750e-11
      1270.60  1.38312e-08  1.37902e-11
      1270.92  1.68602e-08  1.46411e-11
      1271.25  1.83842e-08  1.50825e-11
      1271.57  1.80846e-08  1.53579e-11
      1271.89  1.09699e-08  1.20644e-11
      1272.22  4.76315e-09  8.49894e-12
      1272.54  2.78581e-09  7.26234e-12
      1272.86  2.23448e-09  6.84006e-12
      1273.19  2.08656e-09  6.41448e-12
      1273.51  2.57151e-09  6.43585e-12
      1273.84  4.12274e-09  7.29660e-12
      1274.16  5.53823e-09  7.96980e-12
      1274.49  7.26333e-09  8.63188e-12
      1274.81  1.31018e-08  1.15809e-11
      1275.14  1.83566e-08  1.40113e-11
      1275.46  1.66479e-08  1.34654e-11
      1275.79  1.09176e-08  1.10545e-11
      1276.11  6.97493e-09  8.87207e-12
      1276.44  9.01891e-09  9.63061e-12
      1276.76  1.57466e-08  1.29787e-11
      1277.09  1.61610e-08  1.26608e-11
      1277.42  1.69273e-08  1.39343e-11
      1277.74  1.15526e-08  1.16675e-11
      1278.07  5.20294e-09  8.53803e-12
      1278.40  3.01921e-09  7.37172e-12
      1278.72  2.28434e-09  6.93229e-12
      1279.05  2.22382e-09  7.02979e-12
      1279.38  3.03440e-09  8.20240e-12
      1279.71  4.67577e-09  1.35510e-11
      1280.03  6.44589e-09  9.77313e-12
      1280.36  5.71120e-09  8.85169e-12
      1280.69  6.00802e-09  9.20888e-12
      1281.02  7.93985e-09  1.05265e-11
      1281.34  1.17783e-08  1.25809e-11
      1281.67  1.46473e-08  1.41308e-11
      1282.00  1.14280e-08  1.17572e-11
      1282.33  1.14101e-08  1.10293e-11
      1282.66  1.77534e-08  1.32371e-11
      1282.99  2.27255e-08  1.45658e-11
      1283.32  2.27714e-08  1.48254e-11
      1283.65  1.61962e-08  1.26736e-11
      1283.98  8.48142e-09  9.57449e-12
      1284.31  4.74242e-09  7.89643e-12
      1284.64  3.47968e-09  7.17545e-12
      1284.97  3.41316e-09  7.18293e-12
      1285.30  4.01521e-09  7.61628e-12
      1285.63  3.49865e-09  7.09698e-12
      1285.96  3.20763e-09  6.68573e-12
      1286.29  4.89683e-09  8.18962e-12
      1286.62  6.95027e-09  1.01068e-11
      1286.95  6.65182e-09  1.00468e-11
      1287.28  8.30709e-09  1.10303e-11
      1287.61  1.44441e-08  1.45801e-11
      1287.95  1.75256e-08  1.54960e-11
      1288.28  1.74764e-08  1.46156e-11
      1288.61  1.74523e-08  1.40310e-11
      1288.94  1.71500e-08  1.39222e-11
      1289.27  1.24659e-08  1.16300e-11
      1289.61  9.00718e-09  1.01891e-11
      1289.94  7.18624e-09  9.40676e-12
      1290.27  4.88654e-09  7.99088e-12
      1290.61  4.05469e-09  7.38058e-12
      1290.94  3.10264e-09  6.47902e-12
      1291.27  2.26545e-09  5.57860e-12
      1291.61  2.62124e-09  5.74746e-12
      1291.94  4.32414e-09  7.10321e-12
      1292.27  7.54579e-09  9.30749e-12
      1292.61  1.08413e-08  1.20026e-11
      1292.94  8.14247e-09  1.05837e-11
      1293.28  6.17524e-09  9.54589e-12
      1293.61  8.07620e-09  1.09664e-11
      1293.95  1.04723e-08  1.17207e-11
      1294.28  1.56852e-08  1.41602e-11
      1294.62  1.77346e-08  1.47577e-11
      1294.95  1.49842e-08  1.33788e-11
      1295.29  1.43469e-08  1.33753e-11
      1295.62  1.23028e-08  1.25725e-11
      1295.96  8.99177e-09  1.08192e-11
      1296.29  7.73398e-09  9.97090e-12
      1296.63  8.03067e-09  9.80294e-12
      1296.97  9.91046e-09  1.01160e-11
      1297.30  1.54417e-08  1.20494e-11
      1297.64  2.08750e-08  1.38132e-11
      1297.98  1.77283e-08  1.27440e-11
      1298.31  1.12237e-08  1.06033e-11
      1298.65  6.21818e-09  8.46186e-12
      1298.99  4.62463e-09  7.73180e-12
      1299.33  8.04418e-09  1.00195e-11
      1299.66  1.48711e-08  1.38551e-11
      1300.00  1.67062e-08  1.41167e-11
      1300.34  1.46234e-08  1.32690e-11
      1300.68  9.90144e-09  1.08969e-11
      1301.02  1.00733e-08  1.09487e-11
      1301.35  1.79730e-08  1.54224e-11
      1301.69  2.14358e-08  1.66334e-11
      1302.03  2.08475e-08  1.64845e-11
      1302.37  1.81688e-08  1.45291e-11
      1302.71  2.12173e-08  1.53533e-11
      1303.05  2.30816e-08  1.49802e-11
      1303.39  2.65537e-08  1.56232e-11
      1303.73  2.86714e-08  1.62529e-11
      1304.07  2.64694e-08  1.54949e-11
      1304.41  2.69417e-08  1.61318e-11
      1304.75  2.85752e-08  1.70682e-11
      1305.09  2.96832e-08  1.76028e-11
      1305.43  3.49622e-08  1.95242e-11
      1305.77  4.13689e-08  2.10684e-11
      1306.11  4.15598e-08  2.14173e-11
      1306.46  2.80182e-08  1.76376e-11
      1306.80  1.35133e-08  1.24213e-11
      1307.14  7.05544e-09  9.77574e-12
      1307.48  4.77578e-09  8.65052e-12
      1307.82  3.76521e-09  8.09058e-12
      1308.16  3.74475e-09  7.98322e-12
      1308.51  4.55986e-09  8.23176e-12
      1308.85  3.68381e-09  7.14976e-12
      1309.19  2.57235e-09  5.96862e-12
      1309.53  2.33862e-09  5.67615e-12
      1309.88  2.31209e-09  5.69667e-12
      1310.22  2.50057e-09  6.14861e-12
      1310.56  3.24805e-09  6.60916e-12
      1310.91  5.95956e-09  8.27380e-12
      1311.25  1.15685e-08  1.17883e-11
      1311.60  1.16459e-08  1.16306e-11
      1311.94  6.68070e-09  8.81502e-12
      1312.28  3.39255e-09  7.00438e-12
      1312.63  2.26891e-09  6.13745e-12
      1312.97  1.91353e-09  6.05006e-12
      1313.32  2.62841e-09  6.84622e-12
      1313.66  4.63346e-09  9.16566e-12
      1314.01  3.79867e-09  7.91929e-12
      1314.35  2.07820e-09  6.02944e-12
      1314.70  1.56205e-09  5.47447e-12
      1315.05  1.55407e-09  5.15617e-12
      1315.39  1.78035e-09  5.20965e-12
      1315.74  2.31521e-09  5.68893e-12
      1316.08  3.59421e-09  6.71204e-12
      1316.43  7.47231e-09  9.05866e-12
      1316.78  1.31923e-08  1.24777e-11
      1317.12  1.02691e-08  1.08010e-11
      1317.47  4.70793e-09  7.51355e-12
      1317.82  2.71279e-09  6.19617e-12
      1318.17  2.76396e-09  6.30963e-12
      1318.51  4.83807e-09  8.35640e-12
      1318.86  6.10832e-09  9.70982e-12
      1319.21  3.98322e-09  8.21080e-12
      1319.56  2.22352e-09  6.68236e-12
      1319.91  2.30925e-09  6.80043e-12
      1320.25  2.32782e-09  6.38436e-12
      1320.60  2.30776e-09  5.94251e-12
      1320.95  2.85504e-09  6.18543e-12
      1321.30  4.14123e-09  6.82012e-12
      1321.65  8.50027e-09  9.16160e-12
      1322.00  1.63457e-08  1.33917e-11
      1322.35  1.38814e-08  1.22322e-11
      1322.70  6.82618e-09  8.93024e-12
      1323.05  4.21619e-09  7.38200e-12
      1323.40  4.71918e-09  7.85039e-12
      1323.75  5.64312e-09  8.50285e-12
      1324.10  5.93749e-09  8.95688e-12
      1324.45  4.25808e-09  7.81937e-12
      1324.80  2.99392e-09  7.13824e-12
      