227
      1249.95  2.63312e-08  3.28990e-11
      1250.27  1.44199e-08  2.01474e-11
      1250.58  5.62781e-09  1.25124e-11
      1250.89  4.13054e-09  1.13915e-11
      1251.20  5.18428e-09  1.26414e-11
      1251.52  7.28682e-09  1.47510e-11
      1251.83  1.19318e-08  1.89402e-11
      1252.14  1.54180e-08  2.24462e-11
      1252.46  1.52772e-08  2.23338e-11
      1252.77  1.41743e-08  1.95129e-11
      1253.09  2.09063e-08  2.22921e-11
      1253.40  3.68076e-08  2.91580e-11
      1253.71  4.62427e-08  3.25566e-11
      1254.03  3.06455e-08  2.51751e-11
      1254.34  1.63914e-08  1.83496e-11
      1254.66  1.88475e-08  2.02204e-11
      1254.97  2.82809e-08  2.62910e-11
      1255.29  2.07552e-08  2.18899e-11
      1255.60  1.05333e-08  1.50026e-11
      1255.92  1.13912e-08  1.54742e-11
      1256.23  1.67089e-08  1.87955e-11
      1256.55  2.29186e-08  2.82243e-11
      1256.87  1.64579e-08  2.14361e-11
      1257.18  1.07352e-08  1.41762e-11
      1257.50  8.19459e-09  1.29072e-11
      1257.81  8.98098e-09  1.38716e-11
      1258.13  1.10257e-08  1.54854e-11
      1258.45  1.14244e-08  1.53487e-11
      1258.76  1.20956e-08  1.50876e-11
      1259.08  1.89466e-08  1.77868e-11
      1259.40  3.24079e-08  2.65386e-11
      1259.72  4.28890e-08  3.03392e-11
      1260.03  3.58143e-08  2.70622e-11
      1260.35  2.73317e-08  2.29745e-11
      1260.67  3.03934e-08  3.02083e-11
      1260.99  2.81333e-08  2.91712e-11
      1261.30  2.57263e-08  2.50195e-11
      1261.62  3.07050e-08  2.58252e-11
      1261.94  3.24496e-08  2.60673e-11
      1262.26  3.23268e-08  2.62534e-11
      1262.58  2.58380e-08  2.16560e-11
      1262.90  2.58346e-08  2.16133e-11
      1263.22  3.59460e-08  2.82567e-11
      1263.54  3.17211e-08  2.62639e-11
      1263.86  2.19220e-08  2.09481e-11
      1264.17  1.77351e-08  1.91091e-11
      1264.49  1.36532e-08  1.61258e-11
      1264.81  1.40249e-08  1.52000e-11
      1265.13  2.45852e-08  1.96156e-11
      1265.45  3.63375e-08  2.57422e-11
      1265.77  3.26157e-08  2.71683e-11
      1266.10  1.90623e-08  1.90695e-11
      1266.42  1.17198e-08  1.39646e-11
      1266.74  1.02231e-08  1.33750e-11
      1267.06  1.30924e-08  1.45880e-11
      1267.38  2.38468e-08  1.85463e-11
      1267.70  4.07152e-08  2.39202e-11
      1268.02  4.50141e-08  2.42440e-11
      1268.34  4.44039e-08  2.45769e-11
      1268.67  4.12957e-08  2.50896e-11
      1268.99  3.94866e-08  2.47726e-11
      1269.31  3.30144e-08  2.38675e-11
      1269.63  2.36017e-08  1.97533e-11
      1269.95  1.99949e-08  1.83008e-11
      1270.28  2.25843e-08  1.93850e-11
      1270.60  3.21405e-08  2.34051e-11
      1270.92  4.12442e-08  2.79156e-11
      1271.25  4.36330e-08  2.73653e-11
      1271.57  4.25513e-08  2.87572e-11
      1271.89  2.76933e-08  2.28475e-11
      1272.22  1.42714e-08  1.62271e-11
      1272.54  9.37757e-09  1.38472e-11
      1272.86  7.75462e-09  1.27000e-11
      1273.19  7.21563e-09  1.18797e-11
      1273.51  8.26433e-09  1.19295e-11
      1273.84  1.18311e-08  1.36860e-11
      1274.16  1.53592e-08  1.53308e-11
      1274.49  1.93923e-08  1.69442e-11
      1274.81  3.03583e-08  2.32577e-11
      1275.14  4.03796e-08  2.92967e-11
      1275.46  3.90563e-08  2.73349e-11
      1275.79  2.68492e-08  2.34563e-11
      1276.11  1.94382e-08  1.72451e-11
      1276.44  2.38090e-08  1.76954e-11
      1276.76  3.51579e-08  2.32727e-11
      1277.09  3.89532e-08  2.42489e-11
      1277.42  3.89870e-08  2.82717e-11
      1277.74  2.50918e-08  2.37818e-11
      1278.07  1.57489e-08  1.55717e-11
      1278.40  1.02205e-08  1.32608e-11
      1278.72  8.11217e-09  1.21937e-11
      1279.05  7.88303e-09  1.17701e-11
      1279.38  9.95249e-09  1.27567e-11
      1279.71  1.36348e-08  1.49755e-11
      1280.03  1.73450e-08  1.73089e-11
      1280.36  1.63325e-08  1.66249e-11
      1280.69  1.69630e-08  1.74218e-11
      1281.02  2.13627e-08  1.99700e-11
      1281.34  2.87146e-08  2.43833e-11
      1281.67  3.26481e-08  2.95977e-11
      1282.00  2.71804e-08  2.34787e-11
      1282.33  2.80815e-08  2.10189e-11
      1282.66  3.82834e-08  2.77104e-11
      1282.99  4.88211e-08  3.03585e-11
      1283.32  4.99274e-08  2.75854e-11
      1283.65  3.76186e-08  2.39326e-11
      1283.98  2.23222e-08  1.84689e-11
      1284.31  1.41229e-08  1.52397e-11
      1284.64  1.10185e-08  1.34008e-11
      1284.97  1.08134e-08  1.27466e-11
      1285.30  1.23204e-08  1.35624e-11
      1285.63  1.10882e-08  1.25352e-11
      1285.96  1.03089e-08  1.18291e-11
      1286.29  1.42655e-08  1.45892e-11
      1286.62  1.90789e-08  1.79345e-11
      1286.95  1.84863e-08  1.78585e-11
      1287.28  2.13590e-08  1.99007e-11
      1287.61  3.23648e-08  2.46511e-11
      1287.95  4.12671e-08  3.09898e-11
      1288.28  4.11593e-08  2.63048e-11
      1288.61  4.05827e-08  2.69477e-11
      1288.94  3.84104e-08  2.98634e-11
      1289.27  2.93330e-08  2.33388e-11
      1289.61  2.32090e-08  2.00113e-11
      1289.94  1.94050e-08  1.87699e-11
      1290.27  1.39761e-08  1.57339e-11
      1290.61  1.19069e-08  1.45028e-11
      1290.94  9.45407e-09  1.25338e-11
      1291.27  7.21169e-09  1.03003e-11
      1291.61  8.25219e-09  1.06001e-11
      1291.94  1.28340e-08  1.32461e-11
      1292.27  2.05035e-08  1.67838e-11
      1292.61  2.79593e-08  2.03806e-11
      1292.94  2.25289e-08  1.82420e-11
      1293.28  1.81771e-08  1.64534e-11
      1293.61  2.29437e-08  1.87862e-11
      1293.95  2.79091e-08  1.99920e-11
      1294.28  3.76668e-08  2.40465e-11
      1294.62  4.19645e-08  2.86401e-11
      1294.95  3.67060e-08  2.49287e-11
      1295.29  3.51442e-08  2.56125e-11
      1295.62  3.11063e-08  2.62027e-11
      1295.96  2.38454e-08  2.17468e-11
      1296.29  2.09964e-08  1.95620e-11
      1296.63  2.15241e-08  1.90650e-11
      1296.97  2.53383e-08  1.96386e-11
      1297.30  3.56725e-08  2.26019e-11
      1297.64  4.64685e-08  2.64508e-11
      1297.98  4.21342e-08  2.62493e-11
      1298.31  2.79104e-08  2.15112e-11
      1298.65  1.81639e-08  1.62063e-11
      1298.99  1.43949e-08  1.42612e-11
      1299.33  2.14182e-08  1.75021e-11
      1299.66  3.38675e-08  2.30191e-11
      1300.00  4.03387e-08  2.47765e-11
      1300.34  3.67408e-08  2.19102e-11
      1300.68  2.68304e-08  1.86424e-11
      1301.02  2.60483e-08  1.89773e-11
      1301.35  4.16332e-08  2.65862e-11
      1301.69  4.89824e-08  3.10798e-11
      1302.03  4.67534e-08  3.16194e-11
      1302.37  4.12215e-08  2.75386e-11
      1302.71  4.65162e-08  2.80081e-11
      1303.05  5.03466e-08  2.78283e-11
      1303.39  5.57223e-08  2.91813e-11
      1303.73  5.86807e-08  3.21071e-11
      1304.07  5.53902e-08  3.05281e-11
      1304.41  5.56757e-08  3.28683e-11
      1304.75  6.00972e-08  3.22433e-11
      1305.09  6.26574e-08  2.98297e-11
      1305.43  7.13543e-08  3.33251e-11
      1305.77  8.50443e-08  3.44263e-11
      1306.11  8.32957e-08  3.28101e-11
      1306.46  5.97447e-08  2.72231e-11
      1306.80  3.32583e-08  2.06308e-11
      1307.14  2.03686e-08  1.83044e-11
      1307.48  1.42987e-08  1.75198e-11
      1307.82  1.16406e-08  1.49725e-11
      1308.16  1.14117e-08  1.42363e-11
      1308.51  1.29078e-08  1.56624e-11
      1308.85  1.07344e-08  1.36234e-11
      1309.19  8.09589e-09  1.17310e-11
      1309.53  7.21850e-09  1.19930e-11
      1309.88  7.12700e-09  1.15288e-11
      1310.22  7.60950e-09  1.17449e-11
      1310.56  9.54146e-09  1.28464e-11
      1310.91  1.41001e-08  1.69455e-11
      1311.25  2.55241e-08  2.02140e-11
      1311.60  2.77590e-08  2.06863e-11
      1311.94  1.81864e-08  1.51124e-11
      1312.28  1.09726e-08  1.28980e-11
      1312.63  7.28375e-09  1.15036e-11
      1312.97  6.57074e-09  1.04008e-11
      1313.32  8.46660e-09  1.19582e-11
      1313.66  1.27485e-08  1.55366e-11
      1314.01  1.11156e-08  1.44427e-11
      1314.35  6.85966e-09  1.14996e-11
      1314.70  5.34894e-09  9.95348e-12
      1315.05  5.22370e-09  9.74130e-12
      1315.39  5.74905e-09  1.02835e-11
      1315.74  7.07901e-09  1.13634e-11
      1316.08  1.02542e-08  1.35131e-11
      1316.43  1.86458e-08  1.77223e-11
      1316.78  2.92306e-08  2.23665e-11
      1317.12  2.47983e-08  1.96129e-11
      1317.47  1.34555e-08  1.33760e-11
      1317.82  8.63594e-09  1.06097e-11
      1318.17  8.81659e-09  1.07537e-11
      1318.51  1.36067e-08  1.40106e-11
      1318.86  1.67317e-08  1.62583e-11
      1319.21  1.20302e-08  1.41527e-11
      1319.56  7.37365e-09  1.16379e-11
      1319.91  7.18051e-09  1.28647e-11
      1320.25  7.37396e-09  1.21509e-11
      1320.60  7.32177e-09  1.11294e-11
      1320.95  8.55727e-09  1.19951e-11
      1321.30  1.15758e-08  1.37717e-11
      1321.65  2.02063e-08  1.81616e-11
      1322.00  3.50181e-08  2.53936e-11
      1322.35  3.17980e-08  2.33968e-11
      1322.70  1.78448e-08  1.65523e-11
      1323.05  1.20502e-08  1.34304e-11
      1323.40  1.34568e-08  1.39963e-11
      1323.75  1.62520e-08  1.57908e-11
      1324.10  1.66045e-08  1.65811e-11
      1324.45  1.16688e-08  1.41363e-11
      1324.80  9.36331e-09  1.25815e-11
      