227
      1249.95  1.91816e-08  1.73834e-11
      1250.27  1.02399e-08  1.22133e-11
      1250.58  3.81773e-09  7.76182e-12
      1250.89  2.66854e-09  7.18506e-12
      1251.20  3.37591e-09  8.10468e-12
      1251.52  4.98943e-09  9.57343e-12
      1251.83  8.27440e-09  1.21413e-11
      1252.14  1.09200e-08  1.40415e-11
      1252.46  1.08147e-08  1.39255e-11
      1252.77  1.01724e-08  1.29692e-11
      1253.09  1.54921e-08  1.50167e-11
      1253.40  2.77413e-08  1.96577e-11
      1253.71  3.42503e-08  2.19700e-11
      1254.03  2.28279e-08  1.79065e-11
      1254.34  1.21057e-08  1.35654e-11
      1254.66  1.38362e-08  1.53428e-11
      1254.97  2.02864e-08  1.95773e-11
      1255.29  1.48111e-08  1.66343e-11
      1255.60  7.41213e-09  1.18052e-11
      1255.92  7.76587e-09  1.18648e-11
      1256.23  1.24371e-08  1.38198e-11
      1256.55  1.88850e-08  1.71821e-11
      1256.87  1.45385e-08  1.48802e-11
      1257.18  7.23313e-09  1.09434e-11
      1257.50  5.19122e-09  1.00267e-11
      1257.81  5.68886e-09  1.07032e-11
      1258.13  6.99202e-09  1.18284e-11
      1258.45  7.16732e-09  1.15768e-11
      1258.76  7.56889e-09  1.10225e-11
      1259.08  1.24219e-08  1.28834e-11
      1259.40  2.36935e-08  1.72198e-11
      1259.72  3.18279e-08  2.00135e-11
      1260.03  2.52408e-08  1.76901e-11
      1260.35  1.88425e-08  1.53549e-11
      1260.67  2.30217e-08  1.76505e-11
      1260.99  2.21079e-08  1.71604e-11
      1261.30  1.80326e-08  1.47404e-11
      1261.62  2.14761e-08  1.58279e-11
      1261.94  2.28980e-08  1.53828e-11
      1262.26  2.31626e-08  1.53019e-11
      1262.58  1.81316e-08  1.32281e-11
      1262.90  1.83018e-08  1.34658e-11
      1263.22  2.67406e-08  1.72830e-11
      1263.54  2.34129e-08  1.63917e-11
      1263.86  1.56456e-08  1.35904e-11
      1264.17  1.25850e-08  1.25779e-11
      1264.49  9.55608e-09  1.07174e-11
      1264.81  9.88559e-09  1.03483e-11
      1265.13  1.81929e-08  1.37873e-11
      1265.45  2.77831e-08  1.74229e-11
      1265.77  2.55905e-08  1.71158e-11
      1266.10  1.47841e-08  1.34719e-11
      1266.42  8.07309e-09  1.06355e-11
      1266.74  6.85605e-09  1.03206e-11
      1267.06  8.77596e-09  1.12087e-11
      1267.38  1.65170e-08  1.43910e-11
      1267.70  2.92671e-08  1.88981e-11
      1268.02  3.17578e-08  1.88059e-11
      1268.34  3.12309e-08  1.87006e-11
      1268.67  2.86378e-08  1.79197e-11
      1268.99  2.81894e-08  1.85730e-11
      1269.31  2.28225e-08  1.69867e-11
      1269.63  1.55876e-08  1.41476e-11
      1269.95  1.30515e-08  1.28305e-11
      1270.28  1.50882e-08  1.28108e-11
      1270.60  2.39779e-08  1.57227e-11
      1270.92  2.88358e-08  1.63663e-11
      1271.25  3.11664e-08  1.67018e-11
      1271.57  3.11348e-08  1.71007e-11
      1271.89  1.97473e-08  1.36673e-11
      1272.22  9.46016e-09  9.92209e-12
      1272.54  6.10623e-09  8.59229e-12
      1272.86  5.08681e-09  7.93702e-12
      1273.19  4.77806e-09  7.50645e-12
      1273.51  5.56680e-09  7.60059e-12
      1273.84  8.32882e-09  8.98302e-12
      1274.16  1.10176e-08  1.03374e-11
      1274.49  1.37857e-08  1.15366e-11
      1274.81  2.32932e-08  1.58900e-11
      1275.14  3.20952e-08  1.95492e-11
      1275.46  2.95112e-08  1.93321e-11
      1275.79  2.01441e-08  1.59506e-11
      1276.11  1.35188e-08  1.27638e-11
      1276.44  1.63298e-08  1.33197e-11
      1276.76  2.69872e-08  1.75698e-11
      1277.09  2.77929e-08  1.70666e-11
      1277.42  2.86309e-08  1.83716e-11
      1277.74  2.04901e-08  1.56960e-11
      1278.07  1.01667e-08  1.14609e-11
      1278.40  6.38954e-09  9.76370e-12
      1278.72  5.01718e-09  8.59045e-12
      1279.05  4.88063e-09  8.08257e-12
      1279.38  6.36024e-09  8.56869e-12
      1279.71  9.07275e-09  9.48399e-12
      1280.03  1.20708e-08  1.08829e-11
      1280.36  1.09048e-08  1.01449e-11
      1280.69  1.15105e-08  1.08166e-11
      1281.02  1.47369e-08  1.23697e-11
      1281.34  2.09450e-08  1.48869e-11
      1281.67  2.54578e-08  1.67141e-11
      1282.00  2.02141e-08  1.40543e-11
      1282.33  2.04798e-08  1.36072e-11
      1282.66  3.05944e-08  1.67245e-11
      1282.99  3.82719e-08  1.89342e-11
      1283.32  3.83998e-08  1.97261e-11
      1283.65  2.80638e-08  1.76205e-11
      1283.98  1.58640e-08  1.38888e-11
      1284.31  9.63487e-09  1.15580e-11
      1284.64  7.30276e-09  1.02523e-11
      1284.97  7.10691e-09  9.85617e-12
      1285.30  8.23102e-09  1.04535e-11
      1285.63  7.13717e-09  9.30260e-12
      1285.96  6.54159e-09  8.79267e-12
      1286.29  9.39814e-09  1.06327e-11
      1286.62  1.29006e-08  1.28589e-11
      1286.95  1.22727e-08  1.23410e-11
      1287.28  1.48079e-08  1.32415e-11
      1287.61  2.46630e-08  1.68962e-11
      1287.95  2.94363e-08  1.73909e-11
      1288.28  2.95834e-08  1.64454e-11
      1288.61  2.95979e-08  1.59057e-11
      1288.94  2.92136e-08  1.60914e-11
      1289.27  2.17476e-08  1.38705e-11
      1289.61  1.66736e-08  1.28560e-11
      1289.94  1.37387e-08  1.22819e-11
      1290.27  9.78193e-09  1.08233e-11
      1290.61  8.30206e-09  1.01020e-11
      1290.94  6.52191e-09  8.94639e-12
      1291.27  4.95344e-09  7.69515e-12
      1291.61  5.63675e-09  8.11735e-12
      1291.94  8.76594e-09  1.00566e-11
      1292.27  1.41154e-08  1.30085e-11
      1292.61  1.93303e-08  1.60765e-11
      1292.94  1.51142e-08  1.41986e-11
      1293.28  1.19255e-08  1.26837e-11
      1293.61  1.51626e-08  1.40912e-11
      1293.95  1.88789e-08  1.46643e-11
      1294.28  2.65729e-08  1.66649e-11
      1294.62  3.01008e-08  1.72519e-11
      1294.95  2.60690e-08  1.56276e-11
      1295.29  2.49803e-08  1.58013e-11
      1295.62  2.20722e-08  1.50276e-11
      1295.96  1.66938e-08  1.31337e-11
      1296.29  1.45743e-08  1.23446e-11
      1296.63  1.51391e-08  1.22062e-11
      1296.97  1.81486e-08  1.27052e-11
      1297.30  2.63893e-08  1.50578e-11
      1297.64  3.50374e-08  1.79644e-11
      1297.98  3.10928e-08  1.72397e-11
      1298.31  2.09768e-08  1.49365e-11
      1298.65  1.26043e-08  1.22775e-11
      1298.99  9.58019e-09  1.10538e-11
      1299.33  1.48438e-08  1.35145e-11
      1299.66  2.55604e-08  1.76731e-11
      1300.00  2.86766e-08  1.78995e-11
      1300.34  2.55119e-08  1.66393e-11
      1300.68  1.79689e-08  1.35486e-11
      1301.02  1.77575e-08  1.33940e-11
      1301.35  2.98411e-08  1.83504e-11
      1301.69  3.53826e-08  1.95694e-11
      1302.03  3.41800e-08  1.91064e-11
      1302.37  3.02356e-08  1.68886e-11
      1302.71  3.43250e-08  1.77199e-11
      1303.05  3.74114e-08  1.74680e-11
      1303.39  4.22144e-08  1.85341e-11
      1303.73  4.52151e-08  1.96800e-11
      1304.07  4.27145e-08  1.95535e-11
      1304.41  4.35648e-08  2.08688e-11
      1304.75  4.60543e-08  2.23161e-11
      1305.09  4.80200e-08  2.30559e-11
      1305.43  5.48174e-08  2.44109e-11
      1305.77  6.27457e-08  2.56607e-11
      1306.11  6.18290e-08  2.54772e-11
      1306.46  4.38964e-08  2.12661e-11
      1306.80  2.37116e-08  1.59018e-11
      1307.14  1.35526e-08  1.26493e-11
      1307.48  9.57072e-09  1.11139e-11
      1307.82  7.73043e-09  1.00614e-11
      1308.16  7.61122e-09  9.64462e-12
      1308.51  8.64683e-09  9.92543e-12
      1308.85  7.35460e-09  8.60821e-12
      1309.19  5.44860e-09  7.26901e-12
      1309.53  4.95930e-09  7.09030e-12
      1309.88  4.89082e-09  7.26736e-12
      1310.22  5.25131e-09  7.74137e-12
      1310.56  6.66112e-09  8.82052e-12
      1310.91  1.12309e-08  1.11731e-11
      1311.25  1.97029e-08  1.48919e-11
      1311.60  2.05268e-08  1.49733e-11
      1311.94  1.27794e-08  1.16164e-11
      1312.28  6.98605e-09  8.95228e-12
      1312.63  4.85896e-09  8.01995e-12
      1312.97  4.17350e-09  7.80509e-12
      1313.32  5.34222e-09  8.65731e-12
      1313.66  8.78376e-09  1.12203e-11
      1314.01  7.46610e-09  9.84086e-12
      1314.35  4.36787e-09  7.27761e-12
      1314.70  3.41547e-09  6.33659e-12
      1315.05  3.39244e-09  6.12482e-12
      1315.39  3.80782e-09  6.47907e-12
      1315.74  4.77946e-09  7.25290e-12
      1316.08  7.05644e-09  8.72414e-12
      1316.43  1.34027e-08  1.17292e-11
      1316.78  2.20544e-08  1.57172e-11
      1317.12  1.78947e-08  1.38913e-11
      1317.47  9.34610e-09  9.97133e-12
      1317.82  5.79681e-09  8.16510e-12
      1318.17  5.84855e-09  8.37576e-12
      1318.51  9.19651e-09  1.07771e-11
      1318.86  1.12200e-08  1.24710e-11
      1319.21  7.89883e-09  1.06597e-11
      1319.56  4.84017e-09  8.50163e-12
      1319.91  4.75832e-09  8.26318e-12
      1320.25  4.85432e-09  7.90192e-12
      1320.60  4.86372e-09  7.36695e-12
      1320.95  5.79011e-09  7.64266e-12
      1321.30  8.08432e-09  8.75065e-12
      1321.65  1.49310e-08  1.17999e-11
      1322.00  2.56111e-08  1.63743e-11
      1322.35  2.32429e-08  1.58052e-11
      1322.70  1.29142e-08  1.17189e-11
      1323.05  8.52390e-09  9.74815e-12
      1323.40  9.24296e-09  1.00667e-11
      1323.75  1.09086e-08  1.08725e-11
      1324.10  1.13279e-08  1.15102e-11
      1324.45  8.51228e-09  1.01606e-11
      1324.80  6.12174e-09  9.21606e-12
      