227
      1249.95  2.49289e-08  2.32468e-11
      1250.27  1.45983e-08  2.13033e-11
      1250.58  6.68537e-09  1.29063e-11
      1250.89  4.98726e-09  1.17521e-11
      1251.20  6.23832e-09  1.32851e-11
      1251.52  8.71205e-09  1.55316e-11
      1251.83  1.39679e-08  2.01505e-11
      1252.14  1.77137e-08  2.49996e-11
      1252.46  1.76819e-08  2.50573e-11
      1252.77  1.71104e-08  2.17050e-11
      1253.09  2.49698e-08  2.45557e-11
      1253.40  4.29640e-08  3.13851e-11
      1253.71  5.24881e-08  3.54980e-11
      1254.03  3.52808e-08  2.77962e-11
      1254.34  1.93525e-08  2.05360e-11
      1254.66  2.18761e-08  2.24869e-11
      1254.97  3.16877e-08  2.82817e-11
      1255.29  2.34487e-08  2.36884e-11
      1255.60  1.21322e-08  1.63904e-11
      1255.92  1.27926e-08  1.65761e-11
      1256.23  1.82167e-08  2.00865e-11
      1256.55  2.53139e-08  2.29940e-11
      1256.87  1.77525e-08  2.18488e-11
      1257.18  1.15988e-08  1.45150e-11
      1257.50  8.81684e-09  1.29881e-11
      1257.81  9.55529e-09  1.38141e-11
      1258.13  1.16527e-08  1.51691e-11
      1258.45  1.20630e-08  1.50120e-11
      1258.76  1.27743e-08  1.45958e-11
      1259.08  2.00098e-08  1.71467e-11
      1259.40  3.44824e-08  2.51209e-11
      1259.72  4.28216e-08  2.85673e-11
      1260.03  3.41782e-08  2.76474e-11
      1260.35  2.90963e-08  2.27958e-11
      1260.67  3.19318e-08  3.10880e-11
      1260.99  2.98837e-08  2.88928e-11
      1261.30  2.81777e-08  2.63566e-11
      1261.62  3.48796e-08  3.02484e-11
      1261.94  3.59060e-08  3.07733e-11
      1262.26  3.39294e-08  2.34200e-11
      1262.58  2.87123e-08  2.36639e-11
      1262.90  2.96130e-08  2.31715e-11
      1263.22  3.88714e-08  2.87474e-11
      1263.54  3.42863e-08  2.93361e-11
      1263.86  2.57198e-08  2.30564e-11
      1264.17  2.11036e-08  2.11606e-11
      1264.49  1.63371e-08  1.79602e-11
      1264.81  1.66482e-08  1.69845e-11
      1265.13  2.86280e-08  2.18209e-11
      1265.45  4.17530e-08  2.96749e-11
      1265.77  3.62247e-08  2.14277e-11
      1266.10  1.94733e-08  2.09348e-11
      1266.42  1.33198e-08  1.54306e-11
      1266.74  1.15268e-08  1.44145e-11
      1267.06  1.44304e-08  1.54378e-11
      1267.38  2.57338e-08  1.92968e-11
      1267.70  4.33150e-08  2.44181e-11
      1268.02  4.74315e-08  2.42256e-11
      1268.34  4.68264e-08  2.40393e-11
      1268.67  4.34401e-08  2.40785e-11
      1268.99  4.21817e-08  2.44973e-11
      1269.31  3.46536e-08  2.25780e-11
      1269.63  2.49575e-08  1.88470e-11
      1269.95  2.12145e-08  1.75717e-11
      1270.28  2.40634e-08  1.86686e-11
      1270.60  3.35029e-08  2.43380e-11
      1270.92  4.42630e-08  2.90215e-11
      1271.25  4.55969e-08  3.07357e-11
      1271.57  4.21192e-08  2.48000e-11
      1271.89  2.50172e-08  2.07032e-11
      1272.22  1.58003e-08  1.71812e-11
      1272.54  1.10168e-08  1.45696e-11
      1272.86  9.24005e-09  1.35689e-11
      1273.19  8.66374e-09  1.28633e-11
      1273.51  9.94751e-09  1.31085e-11
      1273.84  1.41512e-08  1.52625e-11
      1274.16  1.81563e-08  1.69460e-11
      1274.49  2.25828e-08  1.85608e-11
      1274.81  3.43731e-08  2.54702e-11
      1275.14  4.50060e-08  2.52257e-11
      1275.46  4.40727e-08  3.14380e-11
      1275.79  3.03776e-08  2.13785e-11
      1276.11  2.12213e-08  1.86009e-11
      1276.44  2.56452e-08  1.86219e-11
      1276.76  3.66875e-08  2.49822e-11
      1277.09  4.08967e-08  2.62313e-11
      1277.42  4.16755e-08  2.88289e-11
      1277.74  2.59089e-08  2.29278e-11
      1278.07  1.65167e-08  1.51142e-11
      1278.40  1.08288e-08  1.27330e-11
      1278.72  8.63541e-09  1.16834e-11
      1279.05  8.49266e-09  1.13324e-11
      1279.38  1.07225e-08  1.26272e-11
      1279.71  1.42466e-08  1.42087e-11
      1280.03  1.96711e-08  1.90858e-11
      1280.36  1.84052e-08  1.68896e-11
      1280.69  1.94513e-08  1.81571e-11
      1281.02  2.45810e-08  2.09980e-11
      1281.34  3.17823e-08  2.78019e-11
      1281.67  3.45732e-08  2.16803e-11
      1282.00  2.96839e-08  2.72108e-11
      1282.33  3.24634e-08  2.39007e-11
      1282.66  4.06164e-08  2.66412e-11
      1282.99  5.55074e-08  3.06545e-11
      1283.32  5.59896e-08  3.09389e-11
      1283.65  4.19033e-08  2.58296e-11
      1283.98  2.48445e-08  1.99760e-11
      1284.31  1.56136e-08  1.61269e-11
      1284.64  1.20108e-08  1.38848e-11
      1284.97  1.16315e-08  1.30031e-11
      1285.30  1.31334e-08  1.43890e-11
      1285.63  1.14932e-08  1.28845e-11
      1285.96  1.08539e-08  1.14743e-11
      1286.29  1.45555e-08  1.44904e-11
      1286.62  1.94385e-08  1.65614e-11
      1286.95  1.95650e-08  1.75806e-11
      1287.28  2.33509e-08  1.90771e-11
      1287.61  3.66277e-08  2.80921e-11
      1287.95  4.41375e-08  2.63148e-11
      1288.28  4.59104e-08  2.84419e-11
      1288.61  4.56989e-08  3.04586e-11
      1288.94  3.98912e-08  2.38165e-11
      1289.27  3.01654e-08  2.61926e-11
      1289.61  2.70519e-08  2.19411e-11
      1289.94  2.28877e-08  2.06251e-11
      1290.27  1.65091e-08  1.74892e-11
      1290.61  1.38998e-08  1.60109e-11
      1290.94  1.09189e-08  1.37033e-11
      1291.27  8.26686e-09  1.12245e-11
      1291.61  9.28020e-09  1.14121e-11
      1291.94  1.40770e-08  1.36795e-11
      1292.27  2.20043e-08  1.69925e-11
      1292.61  2.95764e-08  2.03312e-11
      1292.94  2.37059e-08  1.78859e-11
      1293.28  1.92162e-08  1.60124e-11
      1293.61  2.41174e-08  1.80120e-11
      1293.95  2.95046e-08  1.91045e-11
      1294.28  3.99900e-08  2.31816e-11
      1294.62  4.44534e-08  2.45830e-11
      1294.95  3.82481e-08  2.53306e-11
      1295.29  3.68038e-08  2.66750e-11
      1295.62  3.10397e-08  2.39484e-11
      1295.96  2.72104e-08  2.30767e-11
      1296.29  2.44962e-08  2.09941e-11
      1296.63  2.52935e-08  2.10658e-11
      1296.97  2.98223e-08  2.19070e-11
      1297.30  4.13249e-08  2.50262e-11
      1297.64  5.27772e-08  2.93346e-11
      1297.98  4.88670e-08  3.05499e-11
      1298.31  3.04411e-08  2.31178e-11
      1298.65  2.02309e-08  1.76393e-11
      1298.99  1.59024e-08  1.50376e-11
      1299.33  2.30395e-08  1.78609e-11
      1299.66  3.59823e-08  2.25746e-11
      1300.00  4.24052e-08  2.39623e-11
      1300.34  3.82869e-08  2.10040e-11
      1300.68  2.83930e-08  1.78649e-11
      1301.02  2.79551e-08  1.82476e-11
      1301.35  4.33307e-08  2.73990e-11
      1301.69  5.04305e-08  3.13913e-11
      1302.03  4.58795e-08  3.00206e-11
      1302.37  4.48363e-08  3.17974e-11
      1302.71  5.23984e-08  2.89522e-11
      1303.05  5.73385e-08  2.92736e-11
      1303.39  6.33856e-08  3.15485e-11
      1303.73  6.63250e-08  3.15940e-11
      1304.07  6.24343e-08  3.51994e-11
      1304.41  6.25537e-08  3.25990e-11
      1304.75  6.67268e-08  3.57483e-11
      1305.09  6.83891e-08  3.17470e-11
      1305.43  7.67751e-08  3.23457e-11
      1305.77  8.73192e-08  3.29554e-11
      1306.11  8.68558e-08  3.20483e-11
      1306.46  6.23374e-08  2.66447e-11
      1306.80  3.47980e-08  1.98661e-11
      1307.14  2.16255e-08  1.79359e-11
      1307.48  1.54303e-08  1.59549e-11
      1307.82  1.22159e-08  1.60298e-11
      1308.16  1.24788e-08  1.45463e-11
      1308.51  1.35569e-08  1.48115e-11
      1308.85  1.16946e-08  1.53819e-11
      1309.19  9.58800e-09  1.34808e-11
      1309.53  8.50268e-09  1.11538e-11
      1309.88  8.51175e-09  1.34275e-11
      1310.22  9.05237e-09  1.30472e-11
      1310.56  1.10776e-08  1.42143e-11
      1310.91  1.65037e-08  1.78421e-11
      1311.25  2.82106e-08  1.91515e-11
      1311.60  3.02492e-08  2.15382e-11
      1311.94  1.95601e-08  1.56374e-11
      1312.28  1.23084e-08  1.43673e-11
      1312.63  7.65531e-09  1.19891e-11
      1312.97  6.91520e-09  9.99391e-12
      1313.32  8.92796e-09  1.12853e-11
      1313.66  1.37345e-08  1.49954e-11
      1314.01  1.29075e-08  1.60438e-11
      1314.35  7.24547e-09  9.34292e-12
      1314.70  5.97644e-09  1.08640e-11
      1315.05  6.07539e-09  1.00953e-11
      1315.39  6.78252e-09  1.08224e-11
      1315.74  8.41486e-09  1.23065e-11
      1316.08  1.21216e-08  1.48365e-11
      1316.43  2.15468e-08  1.94034e-11
      1316.78  3.29789e-08  2.42328e-11
      1317.12  2.75554e-08  2.10071e-11
      1317.47  1.49184e-08  1.42745e-11
      1317.82  9.43490e-09  1.10659e-11
      1318.17  9.47731e-09  1.08345e-11
      1318.51  1.43621e-08  1.37325e-11
      1318.86  1.75026e-08  1.57347e-11
      1319.21  1.26615e-08  1.36835e-11
      1319.56  7.94877e-09  1.11606e-11
      1319.91  7.94307e-09  1.14497e-11
      1320.25  8.26866e-09  1.16389e-11
      1320.60  8.37493e-09  1.15255e-11
      1320.95  9.95035e-09  1.26550e-11
      1321.30  1.36054e-08  1.49436e-11
      1321.65  2.36406e-08  1.99214e-11
      1322.00  3.97360e-08  2.73704e-11
      1322.35  3.60601e-08  2.57310e-11
      1322.70  2.03729e-08  1.83036e-11
      1323.05  1.36697e-08  1.43860e-11
      1323.40  1.46843e-08  1.43133e-11
      1323.75  1.70204e-08  1.48868e-11
      1324.10  1.76301e-08  1.83758e-11
      1324.45  1.16707e-08  1.56506e-11
      1324.80  9.89062e-09  1.33617e-11
      