227
      1249.95  2.97336e-08  3.34729e-11
      1250.27  1.57728e-08  2.19395e-11
      1250.58  6.26639e-09  1.39065e-11
      1250.89  4.61086e-09  1.25480e-11
      1251.20  5.79064e-09  1.38974e-11
      1251.52  8.09646e-09  1.59686e-11
      1251.83  1.33230e-08  2.08133e-11
      1252.14  1.74994e-08  2.38238e-11
      1252.46  1.73779e-08  2.35440e-11
      1252.77  1.58890e-08  2.13591e-11
      1253.09  2.28175e-08  2.46408e-11
      1253.40  3.70596e-08  3.12934e-11
      1253.71  5.09349e-08  3.96441e-11
      1254.03  3.34236e-08  2.78475e-11
      1254.34  1.77673e-08  2.03091e-11
      1254.66  2.03387e-08  2.20304e-11
      1254.97  3.08051e-08  2.85753e-11
      1255.29  2.22714e-08  2.34481e-11
      1255.60  1.12429e-08  1.60618e-11
      1255.92  1.21570e-08  1.64084e-11
      1256.23  1.82376e-08  1.91118e-11
      1256.55  2.53737e-08  2.77025e-11
      1256.87  1.74873e-08  2.24818e-11
      1257.18  1.10442e-08  1.48466e-11
      1257.50  8.40878e-09  1.35785e-11
      1257.81  9.15848e-09  1.44830e-11
      1258.13  1.12489e-08  1.63841e-11
      1258.45  1.16002e-08  1.61022e-11
      1258.76  1.22191e-08  1.58049e-11
      1259.08  1.90721e-08  1.87864e-11
      1259.40  3.32865e-08  2.75306e-11
      1259.72  4.48937e-08  3.32212e-11
      1260.03  3.58302e-08  2.95240e-11
      1260.35  2.79009e-08  2.42328e-11
      1260.67  3.29024e-08  3.64151e-11
      1260.99  3.05626e-08  3.14257e-11
      1261.30  2.70229e-08  2.60014e-11
      1261.62  3.25965e-08  2.72085e-11
      1261.94  3.46796e-08  2.67526e-11
      1262.26  3.50646e-08  2.72876e-11
      1262.58  2.79472e-08  2.36494e-11
      1262.90  2.78416e-08  2.37570e-11
      1263.22  3.94914e-08  3.10251e-11
      1263.54  3.52572e-08  2.85625e-11
      1263.86  2.43249e-08  2.30747e-11
      1264.17  1.99282e-08  2.11250e-11
      1264.49  1.54179e-08  1.78272e-11
      1264.81  1.56096e-08  1.67295e-11
      1265.13  2.53624e-08  2.26377e-11
      1265.45  3.70362e-08  2.49523e-11
      1265.77  3.63325e-08  2.67951e-11
      1266.10  2.20881e-08  1.96432e-11
      1266.42  1.27160e-08  1.51187e-11
      1266.74  1.09500e-08  1.43564e-11
      1267.06  1.37714e-08  1.54364e-11
      1267.38  2.45523e-08  1.94393e-11
      1267.70  4.16070e-08  2.51603e-11
      1268.02  4.53750e-08  2.70120e-11
      1268.34  4.39054e-08  2.76405e-11
      1268.67  4.13644e-08  2.68855e-11
      1268.99  3.88197e-08  3.09088e-11
      1269.31  3.21980e-08  2.60927e-11
      1269.63  2.38084e-08  2.08297e-11
      1269.95  2.03456e-08  1.92830e-11
      1270.28  2.33380e-08  2.00604e-11
      1270.60  3.47364e-08  2.59972e-11
      1270.92  4.20210e-08  2.89176e-11
      1271.25  4.55781e-08  2.88538e-11
      1271.57  4.46304e-08  3.16061e-11
      1271.89  2.91472e-08  2.47413e-11
      1272.22  1.54027e-08  1.75636e-11
      1272.54  1.03009e-08  1.50891e-11
      1272.86  8.65939e-09  1.39463e-11
      1273.19  8.13161e-09  1.31089e-11
      1273.51  9.30926e-09  1.30924e-11
      1273.84  1.32626e-08  1.50928e-11
      1274.16  1.71912e-08  1.70141e-11
      1274.49  2.05532e-08  1.92239e-11
      1274.81  2.77108e-08  2.35283e-11
      1275.14  4.32119e-08  3.20338e-11
      1275.46  4.20569e-08  3.03072e-11
      1275.79  2.78424e-08  2.20255e-11
      1276.11  2.04698e-08  1.81961e-11
      1276.44  2.47585e-08  1.83660e-11
      1276.76  3.76000e-08  2.30988e-11
      1277.09  4.03078e-08  2.39967e-11
      1277.42  3.85492e-08  3.03737e-11
      1277.74  2.36740e-08  2.76645e-11
      1278.07  1.53822e-08  1.67178e-11
      1278.40  1.03410e-08  1.40221e-11
      1278.72  8.27408e-09  1.28490e-11
      1279.05  8.11487e-09  1.25782e-11
      1279.38  1.03434e-08  1.37341e-11
      1279.71  1.43262e-08  1.59157e-11
      1280.03  1.82844e-08  1.86071e-11
      1280.36  1.73756e-08  1.86631e-11
      1280.69  1.82241e-08  1.91105e-11
      1281.02  2.32527e-08  2.18295e-11
      1281.34  3.16181e-08  2.64652e-11
      1281.67  3.60754e-08  2.97065e-11
      1282.00  2.92014e-08  2.59257e-11
      1282.33  3.02653e-08  2.37661e-11
      1282.66  4.14932e-08  2.45790e-11
      1282.99  5.39709e-08  3.17379e-11
      1283.32  5.31821e-08  2.95552e-11
      1283.65  3.99698e-08  2.57486e-11
      1283.98  2.36460e-08  1.97346e-11
      1284.31  1.48513e-08  1.59931e-11
      1284.64  1.14569e-08  1.40113e-11
      1284.97  1.10046e-08  1.34641e-11
      1285.30  1.19210e-08  1.50060e-11
      1285.63  1.08508e-08  1.37565e-11
      1285.96  1.03810e-08  1.24456e-11
      1286.29  1.43897e-08  1.53683e-11
      1286.62  1.93964e-08  1.86965e-11
      1286.95  1.89124e-08  1.87559e-11
      1287.28  2.22646e-08  2.06654e-11
      1287.61  3.57817e-08  2.78323e-11
      1287.95  4.33047e-08  2.91731e-11
      1288.28  4.35138e-08  2.84057e-11
      1288.61  4.29506e-08  3.35029e-11
      1288.94  4.12181e-08  3.25303e-11
      1289.27  3.24501e-08  2.53562e-11
      1289.61  2.56435e-08  2.20327e-11
      1289.94  2.16763e-08  2.07340e-11
      1290.27  1.55934e-08  1.73133e-11
      1290.61  1.31060e-08  1.58771e-11
      1290.94  1.02974e-08  1.36279e-11
      1291.27  7.78083e-09  1.12166e-11
      1291.61  8.77644e-09  1.15846e-11
      1291.94  1.34319e-08  1.40600e-11
      1292.27  2.10560e-08  1.76337e-11
      1292.61  2.85809e-08  2.14305e-11
      1292.94  2.27654e-08  1.90544e-11
      1293.28  1.82488e-08  1.72965e-11
      1293.61  2.32306e-08  1.99666e-11
      1293.95  2.81974e-08  2.11614e-11
      1294.28  3.81305e-08  2.68691e-11
      1294.62  4.30576e-08  2.53889e-11
      1294.95  3.79393e-08  2.74978e-11
      1295.29  3.72566e-08  2.84447e-11
      1295.62  3.52466e-08  2.98620e-11
      1295.96  2.51722e-08  2.51737e-11
      1296.29  2.30401e-08  2.15619e-11
      1296.63  2.37950e-08  2.09495e-11
      1296.97  2.79107e-08  2.17647e-11
      1297.30  3.76603e-08  2.59704e-11
      1297.64  4.69565e-08  2.59144e-11
      1297.98  4.40701e-08  2.78430e-11
      1298.31  3.09646e-08  2.20187e-11
      1298.65  1.91961e-08  1.72815e-11
      1298.99  1.48234e-08  1.50244e-11
      1299.33  2.20524e-08  1.80168e-11
      1299.66  3.67274e-08  2.36169e-11
      1300.00  4.12301e-08  2.42655e-11
      1300.34  3.71113e-08  2.31367e-11
      1300.68  2.68384e-08  1.97267e-11
      1301.02  2.62339e-08  2.00515e-11
      1301.35  4.32184e-08  2.81144e-11
      1301.69  5.12459e-08  3.09520e-11
      1302.03  4.97574e-08  3.11157e-11
      1302.37  4.38236e-08  2.80684e-11
      1302.71  4.94968e-08  3.09185e-11
      1303.05  5.41032e-08  3.02669e-11
      1303.39  6.06154e-08  3.13530e-11
      1303.73  6.46853e-08  3.26317e-11
      1304.07  6.05948e-08  3.23782e-11
      1304.41  5.90323e-08  3.17581e-11
      1304.75  6.33764e-08  3.50604e-11
      1305.09  6.52233e-08  3.15443e-11
      1305.43  7.34170e-08  3.49084e-11
      1305.77  8.59328e-08  3.65739e-11
      1306.11  8.30133e-08  3.42110e-11
      1306.46  5.96674e-08  2.84701e-11
      1306.80  3.37224e-08  2.19027e-11
      1307.14  2.17933e-08  2.23335e-11
      1307.48  1.38781e-08  2.09610e-11
      1307.82  1.19441e-08  1.65036e-11
      1308.16  1.20592e-08  1.53436e-11
      1308.51  1.38194e-08  1.63736e-11
      1308.85  1.17471e-08  1.47187e-11
      1309.19  8.98055e-09  1.29159e-11
      1309.53  8.24917e-09  1.25768e-11
      1309.88  8.10421e-09  1.25109e-11
      1310.22  8.58634e-09  1.29467e-11
      1310.56  1.06045e-08  1.39236e-11
      1310.91  1.49210e-08  1.85409e-11
      1311.25  2.75917e-08  2.32284e-11
      1311.60  2.88695e-08  2.15972e-11
      1311.94  1.86821e-08  1.57746e-11
      1312.28  1.08190e-08  1.22212e-11
      1312.63  7.60513e-09  1.10615e-11
      1312.97  6.64944e-09  1.07800e-11
      1313.32  8.58542e-09  1.26059e-11
      1313.66  1.29047e-08  1.62593e-11
      1314.01  1.14627e-08  1.50780e-11
      1314.35  7.25882e-09  1.17912e-11
      1314.70  5.70475e-09  1.09778e-11
      1315.05  5.68507e-09  1.08282e-11
      1315.39  6.35751e-09  1.12274e-11
      1315.74  7.89109e-09  1.25085e-11
      1316.08  1.14096e-08  1.47095e-11
      1316.43  2.03426e-08  1.90143e-11
      1316.78  3.15715e-08  2.38930e-11
      1317.12  2.64253e-08  2.08701e-11
      1317.47  1.41216e-08  1.41919e-11
      1317.82  8.92675e-09  1.12137e-11
      1318.17  8.92671e-09  1.12681e-11
      1318.51  1.36892e-08  1.47080e-11
      1318.86  1.65605e-08  1.84236e-11
      1319.21  1.14590e-08  1.58176e-11
      1319.56  7.41058e-09  1.26370e-11
      1319.91  7.04347e-09  1.40049e-11
      1320.25  7.70680e-09  1.45058e-11
      1320.60  7.83745e-09  1.21147e-11
      1320.95  9.32144e-09  1.31761e-11
      1321.30  1.27169e-08  1.50708e-11
      1321.65  2.21364e-08  1.95741e-11
      1322.00  3.89671e-08  2.78362e-11
      1322.35  3.51543e-08  2.53206e-11
      1322.70  1.97051e-08  1.80994e-11
      1323.05  1.29223e-08  1.44808e-11
      1323.40  1.39099e-08  1.66962e-11
      1323.75  1.61524e-08  1.77036e-11
      1324.10  1.64519e-08  1.77928e-11
      1324.45  1.21143e-08  1.49300e-11
      1324.80  9.51469e-09  1.30116e-11
      