227
      1249.95  3.34625e-08  2.77631e-11
      1250.27  1.77896e-08  1.93708e-11
      1250.58  6.98908e-09  1.22506e-11
      1250.89  5.17933e-09  1.10887e-11
      1251.20  6.49426e-09  1.23593e-11
      1251.52  9.20444e-09  1.44615e-11
      1251.83  1.48354e-08  1.86914e-11
      1252.14  1.93811e-08  2.17850e-11
      1252.46  1.93372e-08  2.18898e-11
      1252.77  1.82167e-08  2.04905e-11
      1253.09  2.67340e-08  2.35163e-11
      1253.40  4.57488e-08  3.02178e-11
      1253.71  5.53398e-08  3.36359e-11
      1254.03  3.71110e-08  2.72096e-11
      1254.34  2.07937e-08  2.15074e-11
      1254.66  2.38985e-08  2.38032e-11
      1254.97  3.39342e-08  3.00764e-11
      1255.29  2.50538e-08  2.56867e-11
      1255.60  1.33178e-08  1.83596e-11
      1255.92  1.42228e-08  1.88979e-11
      1256.23  2.19543e-08  2.20603e-11
      1256.55  3.21135e-08  2.70317e-11
      1256.87  2.49645e-08  2.32941e-11
      1257.18  1.31775e-08  1.72646e-11
      1257.50  9.87472e-09  1.58639e-11
      1257.81  1.07626e-08  1.77852e-11
      1258.13  1.30532e-08  1.98352e-11
      1258.45  1.35323e-08  1.89756e-11
      1258.76  1.44652e-08  1.80030e-11
      1259.08  2.27153e-08  2.10300e-11
      1259.40  4.05670e-08  2.72194e-11
      1259.72  5.25938e-08  3.11404e-11
      1260.03  4.22692e-08  2.73243e-11
      1260.35  3.27651e-08  2.39939e-11
      1260.67  3.91494e-08  2.74913e-11
      1260.99  3.75757e-08  2.67516e-11
      1261.30  3.14758e-08  2.33257e-11
      1261.62  3.65502e-08  2.50477e-11
      1261.94  3.88542e-08  2.43556e-11
      1262.26  3.88819e-08  2.41139e-11
      1262.58  3.10571e-08  2.07753e-11
      1262.90  3.18079e-08  2.10500e-11
      1263.22  4.38844e-08  2.62399e-11
      1263.54  3.85561e-08  2.50105e-11
      1263.86  2.69955e-08  2.11250e-11
      1264.17  2.20609e-08  1.96460e-11
      1264.49  1.71145e-08  1.69169e-11
      1264.81  1.78216e-08  1.64873e-11
      1265.13  3.08868e-08  2.16991e-11
      1265.45  4.49600e-08  2.67307e-11
      1265.77  4.10309e-08  2.60239e-11
      1266.10  2.47767e-08  2.05524e-11
      1266.42  1.45670e-08  1.66642e-11
      1266.74  1.26581e-08  1.61951e-11
      1267.06  1.60637e-08  1.79928e-11
      1267.38  2.87115e-08  2.29340e-11
      1267.70  4.75346e-08  2.92102e-11
      1268.02  5.18746e-08  2.91783e-11
      1268.34  5.13562e-08  2.90354e-11
      1268.67  4.76794e-08  2.78362e-11
      1268.99  4.66319e-08  2.85650e-11
      1269.31  3.81852e-08  2.60610e-11
      1269.63  2.74765e-08  2.23909e-11
      1269.95  2.34553e-08  2.03857e-11
      1270.28  2.69741e-08  2.07281e-11
      1270.60  4.01464e-08  2.44709e-11
      1270.92  4.75858e-08  2.53132e-11
      1271.25  5.13592e-08  2.56245e-11
      1271.57  5.02231e-08  2.59019e-11
      1271.89  3.28596e-08  2.10676e-11
      1272.22  1.72180e-08  1.57492e-11
      1272.54  1.15373e-08  1.36137e-11
      1272.86  9.68404e-09  1.27341e-11
      1273.19  9.08307e-09  1.20719e-11
      1273.51  1.04877e-08  1.23725e-11
      1273.84  1.49535e-08  1.44764e-11
      1274.16  1.92027e-08  1.63395e-11
      1274.49  2.41623e-08  1.84649e-11
      1274.81  3.84037e-08  2.47140e-11
      1275.14  5.06115e-08  2.97209e-11
      1275.46  4.66849e-08  2.92121e-11
      1275.79  3.32674e-08  2.49842e-11
      1276.11  2.38619e-08  2.06053e-11
      1276.44  2.87696e-08  2.17169e-11
      1276.76  4.32799e-08  2.67191e-11
      1277.09  4.59356e-08  2.67672e-11
      1277.42  4.60395e-08  2.76591e-11
      1277.74  3.38747e-08  2.39581e-11
      1278.07  1.84915e-08  1.80587e-11
      1278.40  1.20249e-08  1.52463e-11
      1278.72  9.57907e-09  1.38173e-11
      1279.05  9.41115e-09  1.30800e-11
      1279.38  1.19653e-08  1.38621e-11
      1279.71  1.65009e-08  1.51753e-11
      1280.03  2.07927e-08  1.69133e-11
      1280.36  1.95139e-08  1.60134e-11
      1280.69  2.06294e-08  1.69147e-11
      1281.02  2.61244e-08  1.93925e-11
      1281.34  3.54889e-08  2.32079e-11
      1281.67  4.11458e-08  2.53938e-11
      1282.00  3.41771e-08  2.22694e-11
      1282.33  3.50552e-08  2.18204e-11
      1282.66  4.93361e-08  2.60291e-11
      1282.99  6.01048e-08  2.92037e-11
      1283.32  5.93577e-08  3.00968e-11
      1283.65  4.44134e-08  2.70757e-11
      1283.98  2.65927e-08  2.16542e-11
      1284.31  1.69688e-08  1.83111e-11
      1284.64  1.32009e-08  1.63243e-11
      1284.97  1.29316e-08  1.58079e-11
      1285.30  1.46794e-08  1.64669e-11
      1285.63  1.30719e-08  1.48771e-11
      1285.96  1.22102e-08  1.40145e-11
      1286.29  1.68752e-08  1.66775e-11
      1286.62  2.23555e-08  1.98093e-11
      1286.95  2.16522e-08  1.91558e-11
      1287.28  2.58297e-08  2.03999e-11
      1287.61  4.06488e-08  2.55725e-11
      1287.95  4.81213e-08  2.66220e-11
      1288.28  4.84050e-08  2.52834e-11
      1288.61  4.84316e-08  2.44228e-11
      1288.94  4.72753e-08  2.45294e-11
      1289.27  3.61652e-08  2.15553e-11
      1289.61  2.85261e-08  2.02091e-11
      1289.94  2.39271e-08  1.95913e-11
      1290.27  1.74558e-08  1.72395e-11
      1290.61  1.48435e-08  1.64506e-11
      1290.94  1.16461e-08  1.44419e-11
      1291.27  8.96836e-09  1.23911e-11
      1291.61  1.03073e-08  1.31469e-11
      1291.94  1.57842e-08  1.61552e-11
      1292.27  2.46522e-08  2.05618e-11
      1292.61  3.26703e-08  2.48692e-11
      1292.94  2.62639e-08  2.21467e-11
      1293.28  2.16439e-08  1.99795e-11
      1293.61  2.69636e-08  2.21618e-11
      1293.95  3.27316e-08  2.29481e-11
      1294.28  4.40551e-08  2.55731e-11
      1294.62  4.92085e-08  2.62151e-11
      1294.95  4.35069e-08  2.38876e-11
      1295.29  4.19083e-08  2.39150e-11
      1295.62  3.75470e-08  2.29381e-11
      1295.96  2.92625e-08  2.04116e-11
      1296.29  2.58118e-08  1.94469e-11
      1296.63  2.66859e-08  1.95766e-11
      1296.97  3.14994e-08  2.07326e-11
      1297.30  4.37067e-08  2.41922e-11
      1297.64  5.57595e-08  2.81034e-11
      1297.98  5.01105e-08  2.70728e-11
      1298.31  3.50867e-08  2.35050e-11
      1298.65  2.22052e-08  1.95210e-11
      1298.99  1.77035e-08  1.78181e-11
      1299.33  2.61646e-08  2.16055e-11
      1299.66  4.19420e-08  2.71860e-11
      1300.00  4.69840e-08  2.76061e-11
      1300.34  4.20018e-08  2.54484e-11
      1300.68  3.10800e-08  2.10545e-11
      1301.02  3.07956e-08  2.07256e-11
      1301.35  4.83835e-08  2.70199e-11
      1301.69  5.71006e-08  2.90312e-11
      1302.03  5.49399e-08  2.81870e-11
      1302.37  4.91786e-08  2.56414e-11
      1302.71  5.48169e-08  2.66110e-11
      1303.05  5.96345e-08  2.68535e-11
      1303.39  6.62005e-08  2.84617e-11
      1303.73  7.05032e-08  3.02605e-11
      1304.07  6.66269e-08  3.03760e-11
      1304.41  6.79931e-08  3.23436e-11
      1304.75  7.12590e-08  3.45350e-11
      1305.09  7.30504e-08  3.52017e-11
      1305.43  8.22493e-08  3.72768e-11
      1305.77  9.31775e-08  3.88650e-11
      1306.11  9.24995e-08  3.82879e-11
      1306.46  6.66242e-08  3.18869e-11
      1306.80  3.76475e-08  2.38453e-11
      1307.14  2.31294e-08  1.95032e-11
      1307.48  1.70125e-08  1.68888e-11
      1307.82  1.39464e-08  1.53989e-11
      1308.16  1.37376e-08  1.47891e-11
      1308.51  1.57887e-08  1.54721e-11
      1308.85  1.31379e-08  1.32722e-11
      1309.19  1.00107e-08  1.13875e-11
      1309.53  9.23119e-09  1.12738e-11
      1309.88  9.04046e-09  1.17598e-11
      1310.22  9.59423e-09  1.25794e-11
      1310.56  1.19279e-08  1.41902e-11
      1310.91  1.94017e-08  1.79867e-11
      1311.25  3.24502e-08  2.39044e-11
      1311.60  3.27510e-08  2.34029e-11
      1311.94  2.10928e-08  1.83609e-11
      1312.28  1.23907e-08  1.42289e-11
      1312.63  8.83482e-09  1.24861e-11
      1312.97  7.72932e-09  1.20887e-11
      1313.32  1.00063e-08  1.35903e-11
      1313.66  1.50333e-08  1.70521e-11
      1314.01  1.29911e-08  1.50836e-11
      1314.35  8.20303e-09  1.14290e-11
      1314.70  6.47056e-09  9.95254e-12
      1315.05  6.38037e-09  9.63301e-12
      1315.39  7.12344e-09  1.00601e-11
      1315.74  8.88367e-09  1.13968e-11
      1316.08  1.28997e-08  1.40869e-11
      1316.43  2.30411e-08  1.92006e-11
      1316.78  3.51396e-08  2.50491e-11
      1317.12  2.92931e-08  2.26846e-11
      1317.47  1.60411e-08  1.62312e-11
      1317.82  1.03341e-08  1.32769e-11
      1318.17  1.05621e-08  1.33859e-11
      1318.51  1.60999e-08  1.70188e-11
      1318.86  1.94744e-08  1.92272e-11
      1319.21  1.39481e-08  1.61634e-11
      1319.56  8.66597e-09  1.29019e-11
      1319.91  8.64780e-09  1.29390e-11
      1320.25  8.92537e-09  1.22806e-11
      1320.60  8.93043e-09  1.12635e-11
      1320.95  1.05622e-08  1.18602e-11
      1321.30  1.43931e-08  1.36107e-11
      1321.65  2.49439e-08  1.81549e-11
      1322.00  4.20167e-08  2.56317e-11
      1322.35  3.75990e-08  2.47156e-11
      1322.70  2.13508e-08  1.87401e-11
      1323.05  1.47532e-08  1.57577e-11
      1323.40  1.62091e-08  1.65090e-11
      1323.75  1.88527e-08  1.75720e-11
      1324.10  1.97959e-08  1.82782e-11
      1324.45  1.48399e-08  1.58347e-11
      1324.80  1.10404e-08  1.44426e-11
      