227
      1249.95  1.96743e-08  2.50585e-11
      1250.27  1.01799e-08  1.75705e-11
      1250.58  3.64992e-09  1.10895e-11
      1250.89  2.49889e-09  9.81868e-12
      1251.20  3.21480e-09  1.10776e-11
      1251.52  4.86807e-09  1.27924e-11
      1251.83  8.28513e-09  1.66562e-11
      1252.14  1.08458e-08  1.91517e-11
      1252.46  1.06058e-08  1.89988e-11
      1252.77  9.73236e-09  1.73143e-11
      1253.09  1.50799e-08  2.00598e-11
      1253.40  2.75157e-08  2.57231e-11
      1253.71  3.42568e-08  2.83938e-11
      1254.03  2.16663e-08  2.17143e-11
      1254.34  1.11001e-08  1.58177e-11
      1254.66  1.30772e-08  1.74708e-11
      1254.97  2.06224e-08  2.33011e-11
      1255.29  1.41236e-08  1.86371e-11
      1255.60  6.62817e-09  1.28055e-11
      1255.92  7.39263e-09  1.32426e-11
      1256.23  1.19882e-08  1.51800e-11
      1256.55  1.96762e-08  1.93728e-11
      1256.87  1.44051e-08  1.59766e-11
      1257.18  6.84309e-09  1.15144e-11
      1257.50  5.04691e-09  1.06950e-11
      1257.81  5.67352e-09  1.16579e-11
      1258.13  7.18046e-09  1.32494e-11
      1258.45  7.36944e-09  1.31443e-11
      1258.76  7.79313e-09  1.29569e-11
      1259.08  1.29688e-08  1.54290e-11
      1259.40  2.50720e-08  2.11035e-11
      1259.72  3.38179e-08  2.49280e-11
      1260.03  2.65045e-08  2.20497e-11
      1260.35  1.95739e-08  1.93938e-11
      1260.67  2.42441e-08  2.33607e-11
      1260.99  2.31711e-08  2.31404e-11
      1261.30  1.87250e-08  2.04090e-11
      1261.62  2.22980e-08  2.26309e-11
      1261.94  2.36940e-08  2.22124e-11
      1262.26  2.36992e-08  2.21507e-11
      1262.58  1.84412e-08  1.89060e-11
      1262.90  1.86376e-08  1.90225e-11
      1263.22  2.69989e-08  2.42274e-11
      1263.54  2.35096e-08  2.27164e-11
      1263.86  1.55588e-08  1.84361e-11
      1264.17  1.23218e-08  1.69048e-11
      1264.49  9.26989e-09  1.42781e-11
      1264.81  9.68296e-09  1.35871e-11
      1265.13  1.78454e-08  1.74034e-11
      1265.45  2.69792e-08  2.12433e-11
      1265.77  2.46730e-08  2.01460e-11
      1266.10  1.42531e-08  1.54169e-11
      1266.42  7.80780e-09  1.19165e-11
      1266.74  6.65672e-09  1.13036e-11
      1267.06  8.75264e-09  1.24300e-11
      1267.38  1.69274e-08  1.61131e-11
      1267.70  2.96571e-08  2.11893e-11
      1268.02  3.26426e-08  2.11362e-11
      1268.34  3.23679e-08  2.12538e-11
      1268.67  2.99607e-08  2.05770e-11
      1268.99  2.94250e-08  2.15853e-11
      1269.31  2.37137e-08  1.99296e-11
      1269.63  1.64515e-08  1.72762e-11
      1269.95  1.37326e-08  1.60830e-11
      1270.28  1.60830e-08  1.68841e-11
      1270.60  2.51351e-08  2.10549e-11
      1270.92  2.99639e-08  2.23144e-11
      1271.25  3.25080e-08  2.32004e-11
      1271.57  3.19073e-08  2.39444e-11
      1271.89  1.99818e-08  1.92345e-11
      1272.22  9.66102e-09  1.40841e-11
      1272.54  6.09268e-09  1.21026e-11
      1272.86  4.98332e-09  1.10921e-11
      1273.19  4.63730e-09  1.05484e-11
      1273.51  5.43177e-09  1.04886e-11
      1273.84  8.17744e-09  1.20396e-11
      1274.16  1.07190e-08  1.33674e-11
      1274.49  1.35398e-08  1.44014e-11
      1274.81  2.30121e-08  1.91308e-11
      1275.14  3.14120e-08  2.28713e-11
      1275.46  2.87977e-08  2.18710e-11
      1275.79  1.97216e-08  1.78201e-11
      1276.11  1.33662e-08  1.40599e-11
      1276.44  1.66262e-08  1.48308e-11
      1276.76  2.75543e-08  1.96211e-11
      1277.09  2.85995e-08  1.90324e-11
      1277.42  2.98585e-08  2.07545e-11
      1277.74  2.12053e-08  1.78356e-11
      1278.07  1.05702e-08  1.33565e-11
      1278.40  6.60333e-09  1.16102e-11
      1278.72  5.14865e-09  1.08091e-11
      1279.05  5.00407e-09  1.04572e-11
      1279.38  6.54316e-09  1.14853e-11
      1279.71  9.37184e-09  1.29534e-11
      1280.03  1.25598e-08  1.54922e-11
      1280.36  1.11559e-08  1.43623e-11
      1280.69  1.17297e-08  1.54144e-11
      1281.02  1.49922e-08  1.75120e-11
      1281.34  2.12370e-08  2.09656e-11
      1281.67  2.59088e-08  2.34498e-11
      1282.00  2.02154e-08  1.92321e-11
      1282.33  2.01670e-08  1.79650e-11
      1282.66  3.04200e-08  2.15551e-11
      1282.99  3.79626e-08  2.34395e-11
      1283.32  3.80325e-08  2.36750e-11
      1283.65  2.76943e-08  2.02836e-11
      1283.98  1.54068e-08  1.54368e-11
      1284.31  9.37496e-09  1.25566e-11
      1284.64  7.22265e-09  1.12603e-11
      1284.97  7.11509e-09  1.08392e-11
      1285.30  8.48505e-09  1.17630e-11
      1285.63  7.38017e-09  1.06435e-11
      1285.96  6.69895e-09  1.02486e-11
      1286.29  9.77344e-09  1.28676e-11
      1286.62  1.36294e-08  1.58970e-11
      1286.95  1.28374e-08  1.57074e-11
      1287.28  1.52053e-08  1.72755e-11
      1287.61  2.57089e-08  2.32639e-11
      1287.95  3.05549e-08  2.43935e-11
      1288.28  3.03821e-08  2.33714e-11
      1288.61  3.01700e-08  2.25224e-11
      1288.94  2.98553e-08  2.26764e-11
      1289.27  2.18832e-08  1.92537e-11
      1289.61  1.64888e-08  1.72640e-11
      1289.94  1.36603e-08  1.61512e-11
      1290.27  9.47148e-09  1.32970e-11
      1290.61  8.08278e-09  1.24174e-11
      1290.94  6.28242e-09  1.04895e-11
      1291.27  4.65380e-09  8.66451e-12
      1291.61  5.40482e-09  8.87276e-12
      1291.94  8.75160e-09  1.10679e-11
      1292.27  1.43880e-08  1.43093e-11
      1292.61  2.02433e-08  1.79785e-11
      1292.94  1.56842e-08  1.59784e-11
      1293.28  1.23105e-08  1.46582e-11
      1293.61  1.60366e-08  1.71927e-11
      1293.95  1.97429e-08  1.81587e-11
      1294.28  2.78194e-08  2.15666e-11
      1294.62  3.13691e-08  2.31393e-11
      1294.95  2.68290e-08  2.12849e-11
      1295.29  2.57101e-08  2.17493e-11
      1295.62  2.26152e-08  2.09464e-11
      1295.96  1.69271e-08  1.84190e-11
      1296.29  1.46759e-08  1.69794e-11
      1296.63  1.52143e-08  1.66593e-11
      1296.97  1.82273e-08  1.70167e-11
      1297.30  2.64334e-08  1.95112e-11
      1297.64  3.49232e-08  2.23243e-11
      1297.98  3.08604e-08  2.05789e-11
      1298.31  2.06708e-08  1.69751e-11
      1298.65  1.24735e-08  1.35618e-11
      1298.99  9.70894e-09  1.21744e-11
      1299.33  1.53957e-08  1.52136e-11
      1299.66  2.64092e-08  2.00294e-11
      1300.00  2.99747e-08  2.09932e-11
      1300.34  2.65326e-08  1.99393e-11
      1300.68  1.90121e-08  1.68930e-11
      1301.02  1.87395e-08  1.72844e-11
      1301.35  3.07265e-08  2.39172e-11
      1301.69  3.65158e-08  2.65265e-11
      1302.03  3.50353e-08  2.60885e-11
      1302.37  3.10263e-08  2.36680e-11
      1302.71  3.48160e-08  2.45668e-11
      1303.05  3.80712e-08  2.44585e-11
      1303.39  4.24736e-08  2.51893e-11
      1303.73  4.55780e-08  2.58490e-11
      1304.07  4.28110e-08  2.48515e-11
      1304.41  4.35419e-08  2.50975e-11
      1304.75  4.61897e-08  2.60834e-11
      1305.09  4.80168e-08  2.60305e-11
      1305.43  5.52435e-08  2.75307e-11
      1305.77  6.40005e-08  2.91223e-11
      1306.11  6.40243e-08  2.92868e-11
      1306.46  4.55097e-08  2.50937e-11
      1306.80  2.42635e-08  1.88813e-11
      1307.14  1.38963e-08  1.55395e-11
      1307.48  9.87197e-09  1.41942e-11
      1307.82  7.89987e-09  1.31449e-11
      1308.16  7.71579e-09  1.28447e-11
      1308.51  8.96137e-09  1.36572e-11
      1308.85  7.39989e-09  1.19528e-11
      1309.19  5.33707e-09  1.01057e-11
      1309.53  4.87188e-09  9.73676e-12
      1309.88  4.77244e-09  9.62950e-12
      1310.22  5.09361e-09  9.91394e-12
      1310.56  6.47533e-09  1.06905e-11
      1310.91  1.10906e-08  1.30074e-11
      1311.25  2.02409e-08  1.75172e-11
      1311.60  2.08058e-08  1.70944e-11
      1311.94  1.27396e-08  1.30504e-11
      1312.28  7.03034e-09  1.02344e-11
      1312.63  4.93247e-09  9.24668e-12
      1312.97  4.22496e-09  9.14501e-12
      1313.32  5.47341e-09  1.06282e-11
      1313.66  9.13032e-09  1.43696e-11
      1314.01  7.56954e-09  1.28112e-11
      1314.35  4.33262e-09  9.77607e-12
      1314.70  3.34685e-09  8.72384e-12
      1315.05  3.31413e-09  8.39265e-12
      1315.39  3.71336e-09  8.76378e-12
      1315.74  4.68901e-09  9.69482e-12
      1316.08  6.95392e-09  1.11829e-11
      1316.43  1.33978e-08  1.47784e-11
      1316.78  2.25410e-08  1.93054e-11
      1317.12  1.80020e-08  1.63705e-11
      1317.47  9.14946e-09  1.13875e-11
      1317.82  5.71493e-09  9.19500e-12
      1318.17  5.86936e-09  9.42097e-12
      1318.51  9.66244e-09  1.26156e-11
      1318.86  1.19043e-08  1.49648e-11
      1319.21  8.03663e-09  1.28188e-11
      1319.56  4.83175e-09  1.06008e-11
      1319.91  4.88209e-09  1.12089e-11
      1320.25  4.86958e-09  1.05347e-11
      1320.60  4.82816e-09  9.97985e-12
      1320.95  5.78633e-09  1.05379e-11
      1321.30  8.06388e-09  1.19168e-11
      1321.65  1.51263e-08  1.56738e-11
      1322.00  2.62320e-08  2.13586e-11
      1322.35  2.30185e-08  1.94853e-11
      1322.70  1.28524e-08  1.41365e-11
      1323.05  8.57684e-09  1.13387e-11
      1323.40  9.40549e-09  1.17217e-11
      1323.75  1.11612e-08  1.26412e-11
      1324.10  1.16177e-08  1.33923e-11
      1324.45  8.76887e-09  1.20993e-11
      1324.80  6.35332e-09  1.11684e-11
      