227
      1249.95  2.41405e-08  2.35893e-11
      1250.27  1.24812e-08  1.62838e-11
      1250.58  4.62423e-09  1.06781e-11
      1250.89  3.24342e-09  9.37733e-12
      1251.20  4.16457e-09  1.03542e-11
      1251.52  6.12594e-09  1.24541e-11
      1251.83  1.03955e-08  1.62263e-11
      1252.14  1.36985e-08  1.89933e-11
      1252.46  1.34779e-08  1.91973e-11
      1252.77  1.22921e-08  1.78479e-11
      1253.09  1.87827e-08  2.08866e-11
      1253.40  3.40920e-08  2.72390e-11
      1253.71  4.26734e-08  3.10379e-11
      1254.03  2.70456e-08  2.39991e-11
      1254.34  1.41049e-08  1.77753e-11
      1254.66  1.66886e-08  2.00715e-11
      1254.97  2.58693e-08  2.69632e-11
      1255.29  1.81805e-08  2.20857e-11
      1255.60  8.90591e-09  1.55063e-11
      1255.92  9.86351e-09  1.60313e-11
      1256.23  1.55965e-08  1.85273e-11
      1256.55  2.42714e-08  2.31459e-11
      1256.87  1.83425e-08  1.93222e-11
      1257.18  9.08976e-09  1.39166e-11
      1257.50  6.71812e-09  1.27733e-11
      1257.81  7.45705e-09  1.35562e-11
      1258.13  9.22474e-09  1.51057e-11
      1258.45  9.45910e-09  1.47921e-11
      1258.76  1.00359e-08  1.41955e-11
      1259.08  1.63408e-08  1.67375e-11
      1259.40  3.04683e-08  2.20509e-11
      1259.72  4.02310e-08  2.50649e-11
      1260.03  3.19133e-08  2.19034e-11
      1260.35  2.40615e-08  1.90244e-11
      1260.67  2.92056e-08  2.22101e-11
      1260.99  2.79529e-08  2.18433e-11
      1261.30  2.29386e-08  1.91238e-11
      1261.62  2.69145e-08  2.08873e-11
      1261.94  2.85900e-08  2.05818e-11
      1262.26  2.85171e-08  2.05999e-11
      1262.58  2.24383e-08  1.78078e-11
      1262.90  2.29210e-08  1.82507e-11
      1263.22  3.25558e-08  2.33084e-11
      1263.54  2.84545e-08  2.22349e-11
      1263.86  1.94190e-08  1.88567e-11
      1264.17  1.56240e-08  1.75827e-11
      1264.49  1.19117e-08  1.52300e-11
      1264.81  1.25180e-08  1.48627e-11
      1265.13  2.25832e-08  1.94253e-11
      1265.45  3.36571e-08  2.40169e-11
      1265.77  3.06926e-08  2.31417e-11
      1266.10  1.80334e-08  1.78139e-11
      1266.42  1.01963e-08  1.41358e-11
      1266.74  8.77987e-09  1.36444e-11
      1267.06  1.13200e-08  1.49553e-11
      1267.38  2.11753e-08  1.92057e-11
      1267.70  3.65457e-08  2.49711e-11
      1268.02  3.96093e-08  2.42212e-11
      1268.34  3.93746e-08  2.39672e-11
      1268.67  3.61550e-08  2.25010e-11
      1268.99  3.57554e-08  2.32969e-11
      1269.31  2.87285e-08  2.09066e-11
      1269.63  2.01082e-08  1.75411e-11
      1269.95  1.69140e-08  1.60390e-11
      1270.28  1.95232e-08  1.62280e-11
      1270.60  3.03594e-08  2.00888e-11
      1270.92  3.58149e-08  2.08873e-11
      1271.25  3.87466e-08  2.15752e-11
      1271.57  3.82397e-08  2.22101e-11
      1271.89  2.39218e-08  1.78025e-11
      1272.22  1.18132e-08  1.32570e-11
      1272.54  7.72957e-09  1.17670e-11
      1272.86  6.44219e-09  1.11035e-11
      1273.19  6.02028e-09  1.06614e-11
      1273.51  7.00625e-09  1.09183e-11
      1273.84  1.05039e-08  1.30326e-11
      1274.16  1.37783e-08  1.48245e-11
      1274.49  1.70458e-08  1.61269e-11
      1274.81  2.87177e-08  2.20624e-11
      1275.14  3.91000e-08  2.68120e-11
      1275.46  3.57884e-08  2.59546e-11
      1275.79  2.46990e-08  2.13712e-11
      1276.11  1.69049e-08  1.69736e-11
      1276.44  2.06383e-08  1.76142e-11
      1276.76  3.38497e-08  2.28678e-11
      1277.09  3.48135e-08  2.18201e-11
      1277.42  3.58763e-08  2.30561e-11
      1277.74  2.58264e-08  1.94105e-11
      1278.07  1.30901e-08  1.40886e-11
      1278.40  8.34576e-09  1.17948e-11
      1278.72  6.55812e-09  1.05694e-11
      1279.05  6.36165e-09  1.01225e-11
      1279.38  8.25279e-09  1.08085e-11
      1279.71  1.16047e-08  1.22190e-11
      1280.03  1.51240e-08  1.41225e-11
      1280.36  1.37810e-08  1.35240e-11
      1280.69  1.44683e-08  1.45756e-11
      1281.02  1.86032e-08  1.71362e-11
      1281.34  2.59641e-08  2.10363e-11
      1281.67  3.11968e-08  2.37922e-11
      1282.00  2.52529e-08  2.05250e-11
      1282.33  2.54681e-08  1.98956e-11
      1282.66  3.73475e-08  2.41680e-11
      1282.99  4.62335e-08  2.68299e-11
      1283.32  4.60100e-08  2.74943e-11
      1283.65  3.40530e-08  2.41485e-11
      1283.98  1.96083e-08  1.87286e-11
      1284.31  1.21264e-08  1.51713e-11
      1284.64  9.34570e-09  1.32871e-11
      1284.97  9.14717e-09  1.26900e-11
      1285.30  1.06126e-08  1.30905e-11
      1285.63  9.36342e-09  1.16314e-11
      1285.96  8.55090e-09  1.07349e-11
      1286.29  1.21112e-08  1.29503e-11
      1286.62  1.64845e-08  1.54418e-11
      1286.95  1.58165e-08  1.50915e-11
      1287.28  1.86935e-08  1.63750e-11
      1287.61  3.04651e-08  2.14900e-11
      1287.95  3.62257e-08  2.26903e-11
      1288.28  3.62119e-08  2.21025e-11
      1288.61  3.62821e-08  2.21441e-11
      1288.94  3.57673e-08  2.26398e-11
      1289.27  2.69041e-08  2.00028e-11
      1289.61  2.06355e-08  1.85975e-11
      1289.94  1.72714e-08  1.79459e-11
      1290.27  1.22854e-08  1.54426e-11
      1290.61  1.04193e-08  1.45409e-11
      1290.94  8.17898e-09  1.27256e-11
      1291.27  6.17410e-09  1.05921e-11
      1291.61  7.12734e-09  1.08042e-11
      1291.94  1.12523e-08  1.32436e-11
      1292.27  1.80263e-08  1.67605e-11
      1292.61  2.44990e-08  1.98281e-11
      1292.94  1.93276e-08  1.72633e-11
      1293.28  1.54263e-08  1.51362e-11
      1293.61  1.96642e-08  1.69372e-11
      1293.95  2.41489e-08  1.75938e-11
      1294.28  3.32491e-08  2.01094e-11
      1294.62  3.72326e-08  2.12364e-11
      1294.95  3.22432e-08  1.97058e-11
      1295.29  3.08646e-08  2.04024e-11
      1295.62  2.74032e-08  2.01642e-11
      1295.96  2.09961e-08  1.82615e-11
      1296.29  1.84384e-08  1.76142e-11
      1296.63  1.91709e-08  1.78954e-11
      1296.97  2.30197e-08  1.90478e-11
      1297.30  3.28217e-08  2.22754e-11
      1297.64  4.25716e-08  2.57644e-11
      1297.98  3.79632e-08  2.43825e-11
      1298.31  2.59527e-08  2.03454e-11
      1298.65  1.59962e-08  1.62731e-11
      1298.99  1.25785e-08  1.43367e-11
      1299.33  1.92419e-08  1.72784e-11
      1299.66  3.17311e-08  2.15569e-11
      1300.00  3.58203e-08  2.16844e-11
      1300.34  3.17546e-08  1.97854e-11
      1300.68  2.31895e-08  1.63860e-11
      1301.02  2.29957e-08  1.63515e-11
      1301.35  3.64490e-08  2.19321e-11
      1301.69  4.31749e-08  2.45740e-11
      1302.03  4.14476e-08  2.46080e-11
      1302.37  3.73551e-08  2.31898e-11
      1302.71  4.15992e-08  2.46812e-11
      1303.05  4.58136e-08  2.55859e-11
      1303.39  5.10150e-08  2.72915e-11
      1303.73  5.46447e-08  2.88661e-11
      1304.07  5.18949e-08  2.88406e-11
      1304.41  5.27794e-08  2.96428e-11
      1304.75  5.56883e-08  3.09946e-11
      1305.09  5.76080e-08  3.09815e-11
      1305.43  6.52990e-08  3.18596e-11
      1305.77  7.44983e-08  3.25430e-11
      1306.11  7.35876e-08  3.12368e-11
      1306.46  5.30092e-08  2.57108e-11
      1306.80  2.92629e-08  1.88279e-11
      1307.14  1.71150e-08  1.48064e-11
      1307.48  1.21925e-08  1.31064e-11
      1307.82  9.80877e-09  1.20758e-11
      1308.16  9.59110e-09  1.19612e-11
      1308.51  1.09543e-08  1.28406e-11
      1308.85  9.29407e-09  1.17406e-11
      1309.19  6.90925e-09  1.03234e-11
      1309.53  6.34204e-09  1.03644e-11
      1309.88  6.25863e-09  1.07096e-11
      1310.22  6.69032e-09  1.13619e-11
      1310.56  8.48432e-09  1.27810e-11
      1310.91  1.41548e-08  1.58082e-11
      1311.25  2.44606e-08  2.06221e-11
      1311.60  2.51796e-08  1.99557e-11
      1311.94  1.58606e-08  1.50288e-11
      1312.28  8.87933e-09  1.11962e-11
      1312.63  6.24224e-09  9.62911e-12
      1312.97  5.41307e-09  9.21880e-12
      1313.32  6.94388e-09  1.03131e-11
      1313.66  1.09922e-08  1.32697e-11
      1314.01  9.36274e-09  1.20733e-11
      1314.35  5.49656e-09  9.28975e-12
      1314.70  4.31058e-09  8.48309e-12
      1315.05  4.30324e-09  8.56487e-12
      1315.39  4.85349e-09  9.26271e-12
      1315.74  6.11918e-09  1.06276e-11
      1316.08  8.96819e-09  1.28597e-11
      1316.43  1.66894e-08  1.74900e-11
      1316.78  2.78637e-08  2.34052e-11
      1317.12  2.24627e-08  1.99501e-11
      1317.47  1.14041e-08  1.35824e-11
      1317.82  7.19640e-09  1.05929e-11
      1318.17  7.28870e-09  1.02379e-11
      1318.51  1.19291e-08  1.30396e-11
      1318.86  1.47817e-08  1.48249e-11
      1319.21  9.90139e-09  1.20916e-11
      1319.56  5.92064e-09  9.70527e-12
      1319.91  6.07369e-09  1.00937e-11
      1320.25  6.09830e-09  9.84857e-12
      1320.60  6.08672e-09  9.62392e-12
      1320.95  7.33086e-09  1.06063e-11
      1321.30  1.01711e-08  1.25925e-11
      1321.65  1.86477e-08  1.71892e-11
      1322.00  3.23926e-08  2.45212e-11
      1322.35  2.83217e-08  2.28317e-11
      1322.70  1.59324e-08  1.69230e-11
      1323.05  1.08279e-08  1.35825e-11
      1323.40  1.18471e-08  1.36874e-11
      1323.75  1.38655e-08  1.41245e-11
      1324.10  1.43541e-08  1.42242e-11
      1324.45  1.07865e-08  1.21671e-11
      1324.80  7.93792e-09  1.07169e-11
      