227
      1249.95  2.34314e-08  2.46657e-11
      1250.27  1.21976e-08  1.70960e-11
      1250.58  4.54643e-09  1.10415e-11
      1250.89  3.17506e-09  1.00933e-11
      1251.20  4.05578e-09  1.11815e-11
      1251.52  5.99897e-09  1.31125e-11
      1251.83  1.01518e-08  1.72234e-11
      1252.14  1.33418e-08  2.01214e-11
      1252.46  1.31265e-08  2.03358e-11
      1252.77  1.20322e-08  1.88636e-11
      1253.09  1.84037e-08  2.19945e-11
      1253.40  3.33917e-08  2.86852e-11
      1253.71  4.16367e-08  3.22552e-11
      1254.03  2.63298e-08  2.47425e-11
      1254.34  1.37089e-08  1.82723e-11
      1254.66  1.61517e-08  2.03367e-11
      1254.97  2.52492e-08  2.75098e-11
      1255.29  1.75397e-08  2.22512e-11
      1255.60  8.47743e-09  1.52965e-11
      1255.92  9.44491e-09  1.59441e-11
      1256.23  1.49473e-08  1.82661e-11
      1256.55  2.35051e-08  2.29282e-11
      1256.87  1.76197e-08  1.90552e-11
      1257.18  8.64483e-09  1.36232e-11
      1257.50  6.35466e-09  1.23982e-11
      1257.81  7.03879e-09  1.32310e-11
      1258.13  8.76701e-09  1.46070e-11
      1258.45  9.01283e-09  1.43783e-11
      1258.76  9.52099e-09  1.37710e-11
      1259.08  1.55527e-08  1.62273e-11
      1259.40  2.92221e-08  2.16060e-11
      1259.72  3.88166e-08  2.48428e-11
      1260.03  3.07350e-08  2.18521e-11
      1260.35  2.30935e-08  1.90983e-11
      1260.67  2.82185e-08  2.25853e-11
      1260.99  2.70836e-08  2.24408e-11
      1261.30  2.21990e-08  1.98558e-11
      1261.62  2.62087e-08  2.19554e-11
      1261.94  2.79787e-08  2.18758e-11
      1262.26  2.80453e-08  2.20504e-11
      1262.58  2.20814e-08  1.90995e-11
      1262.90  2.25069e-08  1.95601e-11
      1263.22  3.19973e-08  2.50782e-11
      1263.54  2.80190e-08  2.38854e-11
      1263.86  1.90482e-08  2.00341e-11
      1264.17  1.52632e-08  1.85816e-11
      1264.49  1.15935e-08  1.59043e-11
      1264.81  1.21371e-08  1.54125e-11
      1265.13  2.19074e-08  2.00198e-11
      1265.45  3.27037e-08  2.46505e-11
      1265.77  2.98302e-08  2.35647e-11
      1266.10  1.75089e-08  1.82049e-11
      1266.42  9.83529e-09  1.42517e-11
      1266.74  8.41422e-09  1.35646e-11
      1267.06  1.08519e-08  1.48284e-11
      1267.38  2.04273e-08  1.90346e-11
      1267.70  3.52076e-08  2.44339e-11
      1268.02  3.82493e-08  2.37511e-11
      1268.34  3.79151e-08  2.33490e-11
      1268.67  3.48342e-08  2.19057e-11
      1268.99  3.43532e-08  2.27304e-11
      1269.31  2.75996e-08  2.04911e-11
      1269.63  1.92732e-08  1.73576e-11
      1269.95  1.61924e-08  1.59782e-11
      1270.28  1.88312e-08  1.64084e-11
      1270.60  2.93665e-08  2.04802e-11
      1270.92  3.47995e-08  2.15680e-11
      1271.25  3.78100e-08  2.25851e-11
      1271.57  3.73600e-08  2.34580e-11
      1271.89  2.35094e-08  1.90444e-11
      1272.22  1.16351e-08  1.42950e-11
      1272.54  7.56605e-09  1.25309e-11
      1272.86  6.28535e-09  1.18467e-11
      1273.19  5.85496e-09  1.13599e-11
      1273.51  6.83261e-09  1.15234e-11
      1273.84  1.02263e-08  1.36062e-11
      1274.16  1.33594e-08  1.54035e-11
      1274.49  1.65761e-08  1.65550e-11
      1274.81  2.78654e-08  2.23890e-11
      1275.14  3.78179e-08  2.69118e-11
      1275.46  3.45789e-08  2.58746e-11
      1275.79  2.38477e-08  2.12023e-11
      1276.11  1.62476e-08  1.67879e-11
      1276.44  1.98370e-08  1.72164e-11
      1276.76  3.26389e-08  2.22747e-11
      1277.09  3.34635e-08  2.11407e-11
      1277.42  3.46939e-08  2.23199e-11
      1277.74  2.47745e-08  1.87139e-11
      1278.07  1.24468e-08  1.36736e-11
      1278.40  7.93129e-09  1.16587e-11
      1278.72  6.22860e-09  1.05991e-11
      1279.05  6.05701e-09  1.02537e-11
      1279.38  7.92607e-09  1.11276e-11
      1279.71  1.12266e-08  1.27697e-11
      1280.03  1.48374e-08  1.50798e-11
      1280.36  1.34530e-08  1.44202e-11
      1280.69  1.41693e-08  1.56907e-11
      1281.02  1.82192e-08  1.84145e-11
      1281.34  2.54729e-08  2.24130e-11
      1281.67  3.06894e-08  2.52912e-11
      1282.00  2.45955e-08  2.15209e-11
      1282.33  2.46703e-08  2.05738e-11
      1282.66  3.63810e-08  2.48475e-11
      1282.99  4.50622e-08  2.73753e-11
      1283.32  4.48275e-08  2.78074e-11
      1283.65  3.30101e-08  2.41081e-11
      1283.98  1.88368e-08  1.85329e-11
      1284.31  1.16134e-08  1.49029e-11
      1284.64  8.91042e-09  1.30616e-11
      1284.97  8.68495e-09  1.22601e-11
      1285.30  1.01392e-08  1.26917e-11
      1285.63  8.90258e-09  1.12974e-11
      1285.96  8.10551e-09  1.04897e-11
      1286.29  1.15658e-08  1.27850e-11
      1286.62  1.58605e-08  1.55482e-11
      1286.95  1.52191e-08  1.53783e-11
      1287.28  1.80872e-08  1.69659e-11
      1287.61  2.98213e-08  2.26532e-11
      1287.95  3.56245e-08  2.41723e-11
      1288.28  3.56800e-08  2.37042e-11
      1288.61  3.56716e-08  2.36379e-11
      1288.94  3.52329e-08  2.41304e-11
      1289.27  2.63419e-08  2.11047e-11
      1289.61  2.01013e-08  1.93449e-11
      1289.94  1.68025e-08  1.85160e-11
      1290.27  1.18731e-08  1.56362e-11
      1290.61  1.00794e-08  1.47929e-11
      1290.94  7.87210e-09  1.26259e-11
      1291.27  5.89610e-09  1.04667e-11
      1291.61  6.78014e-09  1.06263e-11
      1291.94  1.07195e-08  1.28924e-11
      1292.27  1.72433e-08  1.61215e-11
      1292.61  2.35792e-08  1.92946e-11
      1292.94  1.85191e-08  1.67401e-11
      1293.28  1.46818e-08  1.48379e-11
      1293.61  1.88337e-08  1.69355e-11
      1293.95  2.32274e-08  1.78332e-11
      1294.28  3.22970e-08  2.08703e-11
      1294.62  3.64020e-08  2.24280e-11
      1294.95  3.16085e-08  2.10608e-11
      1295.29  3.03546e-08  2.20277e-11
      1295.62  2.69740e-08  2.17466e-11
      1295.96  2.05749e-08  1.95153e-11
      1296.29  1.80126e-08  1.87750e-11
      1296.63  1.86640e-08  1.88516e-11
      1296.97  2.23647e-08  1.98394e-11
      1297.30  3.18879e-08  2.29050e-11
      1297.64  4.14208e-08  2.63335e-11
      1297.98  3.68242e-08  2.48151e-11
      1298.31  2.50233e-08  2.03176e-11
      1298.65  1.53119e-08  1.60416e-11
      1298.99  1.19696e-08  1.40306e-11
      1299.33  1.83894e-08  1.67907e-11
      1299.66  3.05204e-08  2.10088e-11
      1300.00  3.44676e-08  2.12781e-11
      1300.34  3.05609e-08  1.96903e-11
      1300.68  2.22993e-08  1.65243e-11
      1301.02  2.21747e-08  1.67989e-11
      1301.35  3.55690e-08  2.29912e-11
      1301.69  4.23875e-08  2.61160e-11
      1302.03  4.07898e-08  2.63270e-11
      1302.37  3.66625e-08  2.46834e-11
      1302.71  4.08549e-08  2.62383e-11
      1303.05  4.48583e-08  2.68201e-11
      1303.39  4.98742e-08  2.81586e-11
      1303.73  5.33745e-08  2.94099e-11
      1304.07  5.04657e-08  2.89374e-11
      1304.41  5.12613e-08  2.95426e-11
      1304.75  5.40219e-08  3.04304e-11
      1305.09  5.58528e-08  3.02473e-11
      1305.43  6.32925e-08  3.07975e-11
      1305.77  7.23002e-08  3.13869e-11
      1306.11  7.15477e-08  3.02266e-11
      1306.46  5.13392e-08  2.51572e-11
      1306.80  2.80835e-08  1.86308e-11
      1307.14  1.63914e-08  1.49488e-11
      1307.48  1.17353e-08  1.35651e-11
      1307.82  9.50246e-09  1.27321e-11
      1308.16  9.36740e-09  1.27876e-11
      1308.51  1.07750e-08  1.38967e-11
      1308.85  9.09059e-09  1.26627e-11
      1309.19  6.70508e-09  1.11363e-11
      1309.53  6.14973e-09  1.09608e-11
      1309.88  6.03887e-09  1.10397e-11
      1310.22  6.45097e-09  1.16230e-11
      1310.56  8.14939e-09  1.28087e-11
      1310.91  1.35807e-08  1.56805e-11
      1311.25  2.37545e-08  2.05899e-11
      1311.60  2.43991e-08  1.96219e-11
      1311.94  1.51926e-08  1.45305e-11
      1312.28  8.44647e-09  1.08601e-11
      1312.63  5.93166e-09  9.78634e-12
      1312.97  5.11961e-09  9.43645e-12
      1313.32  6.61535e-09  1.07979e-11
      1313.66  1.07124e-08  1.38787e-11
      1314.01  9.10733e-09  1.27066e-11
      1314.35  5.35245e-09  9.92586e-12
      1314.70  4.20051e-09  9.12419e-12
      1315.05  4.18095e-09  9.02582e-12
      1315.39  4.70440e-09  9.67162e-12
      1315.74  5.91610e-09  1.10366e-11
      1316.08  8.64200e-09  1.31057e-11
      1316.43  1.61367e-08  1.74989e-11
      1316.78  2.70436e-08  2.32615e-11
      1317.12  2.16380e-08  1.95215e-11
      1317.47  1.09327e-08  1.31977e-11
      1317.82  6.86432e-09  1.02001e-11
      1318.17  6.95414e-09  9.90027e-12
      1318.51  1.13893e-08  1.27596e-11
      1318.86  1.41189e-08  1.47180e-11
      1319.21  9.49984e-09  1.22446e-11
      1319.56  5.73200e-09  1.00973e-11
      1319.91  5.91331e-09  1.08069e-11
      1320.25  5.96828e-09  1.05961e-11
      1320.60  5.97170e-09  1.03873e-11
      1320.95  7.16004e-09  1.13571e-11
      1321.30  9.92327e-09  1.33851e-11
      1321.65  1.82217e-08  1.79510e-11
      1322.00  3.14250e-08  2.50387e-11
      1322.35  2.75063e-08  2.31261e-11
      1322.70  1.54641e-08  1.69489e-11
      1323.05  1.04095e-08  1.34050e-11
      1323.40  1.13235e-08  1.33312e-11
      1323.75  1.32586e-08  1.37181e-11
      1324.10  1.37150e-08  1.39066e-11
      1324.45  1.03206e-08  1.19920e-11
      1324.80  7.58190e-09  1.07657e-11
      