227
      1249.95  2.78675e-08  2.38043e-11
      1250.27  1.46205e-08  1.64865e-11
      1250.58  5.64608e-09  1.07489e-11
      1250.89  4.10343e-09  9.42312e-12
      1251.20  5.22680e-09  1.05081e-11
      1251.52  7.50921e-09  1.23976e-11
      1251.83  1.25159e-08  1.63308e-11
      1252.14  1.64569e-08  1.90119e-11
      1252.46  1.62950e-08  1.92836e-11
      1252.77  1.48830e-08  1.79591e-11
      1253.09  2.24015e-08  2.09786e-11
      1253.40  3.99013e-08  2.72865e-11
      1253.71  4.93952e-08  3.08305e-11
      1254.03  3.16757e-08  2.40105e-11
      1254.34  1.69802e-08  1.81167e-11
      1254.66  1.98776e-08  2.04085e-11
      1254.97  2.99216e-08  2.72239e-11
      1255.29  2.14085e-08  2.29865e-11
      1255.60  1.06720e-08  1.62369e-11
      1255.92  1.17537e-08  1.66521e-11
      1256.23  1.81945e-08  1.91541e-11
      1256.55  2.76454e-08  2.37946e-11
      1256.87  2.10659e-08  2.00599e-11
      1257.18  1.06722e-08  1.45647e-11
      1257.50  7.91094e-09  1.33147e-11
      1257.81  8.66539e-09  1.41419e-11
      1258.13  1.06122e-08  1.56574e-11
      1258.45  1.09142e-08  1.54248e-11
      1258.76  1.15871e-08  1.49072e-11
      1259.08  1.85228e-08  1.74433e-11
      1259.40  3.39304e-08  2.27348e-11
      1259.72  4.45484e-08  2.58980e-11
      1260.03  3.55274e-08  2.26015e-11
      1260.35  2.70868e-08  1.96119e-11
      1260.67  3.27620e-08  2.26058e-11
      1260.99  3.15226e-08  2.21618e-11
      1261.30  2.62401e-08  1.94726e-11
      1261.62  3.08258e-08  2.11414e-11
      1261.94  3.28895e-08  2.07503e-11
      1262.26  3.30807e-08  2.07450e-11
      1262.58  2.63304e-08  1.79711e-11
      1262.90  2.70460e-08  1.84310e-11
      1263.22  3.79467e-08  2.32926e-11
      1263.54  3.32758e-08  2.23622e-11
      1263.86  2.30697e-08  1.90913e-11
      1264.17  1.87430e-08  1.79665e-11
      1264.49  1.43904e-08  1.55128e-11
      1264.81  1.50601e-08  1.51479e-11
      1265.13  2.65466e-08  1.97496e-11
      1265.45  3.90452e-08  2.44062e-11
      1265.77  3.55542e-08  2.37227e-11
      1266.10  2.11121e-08  1.84663e-11
      1266.42  1.21387e-08  1.48100e-11
      1266.74  1.04184e-08  1.42567e-11
      1267.06  1.32166e-08  1.56725e-11
      1267.38  2.41452e-08  2.00578e-11
      1267.70  4.10855e-08  2.60616e-11
      1268.02  4.42581e-08  2.52623e-11
      1268.34  4.39067e-08  2.50724e-11
      1268.67  4.02144e-08  2.34557e-11
      1268.99  3.97597e-08  2.42564e-11
      1269.31  3.20536e-08  2.18274e-11
      1269.63  2.26028e-08  1.82846e-11
      1269.95  1.91603e-08  1.66640e-11
      1270.28  2.20332e-08  1.67699e-11
      1270.60  3.41010e-08  2.05034e-11
      1270.92  4.03247e-08  2.11388e-11
      1271.25  4.38691e-08  2.17115e-11
      1271.57  4.36927e-08  2.23066e-11
      1271.89  2.77946e-08  1.79117e-11
      1272.22  1.41111e-08  1.34265e-11
      1272.54  9.45757e-09  1.18914e-11
      1272.86  7.97102e-09  1.12599e-11
      1273.19  7.46200e-09  1.08933e-11
      1273.51  8.61273e-09  1.11273e-11
      1273.84  1.26695e-08  1.32623e-11
      1274.16  1.64378e-08  1.51023e-11
      1274.49  2.00899e-08  1.64530e-11
      1274.81  3.31725e-08  2.24837e-11
      1275.14  4.46898e-08  2.72786e-11
      1275.46  4.08221e-08  2.65595e-11
      1275.79  2.83402e-08  2.19893e-11
      1276.11  1.96055e-08  1.77846e-11
      1276.44  2.36141e-08  1.84279e-11
      1276.76  3.77352e-08  2.36225e-11
      1277.09  3.89340e-08  2.25988e-11
      1277.42  3.96732e-08  2.37699e-11
      1277.74  2.88145e-08  2.01999e-11
      1278.07  1.48871e-08  1.46918e-11
      1278.40  9.59400e-09  1.23296e-11
      1278.72  7.60371e-09  1.10078e-11
      1279.05  7.44210e-09  1.03960e-11
      1279.38  9.65888e-09  1.10472e-11
      1279.71  1.35310e-08  1.23876e-11
      1280.03  1.75539e-08  1.42819e-11
      1280.36  1.63434e-08  1.37725e-11
      1280.69  1.72713e-08  1.47861e-11
      1281.02  2.21198e-08  1.73269e-11
      1281.34  3.04780e-08  2.10911e-11
      1281.67  3.62198e-08  2.36628e-11
      1282.00  2.96434e-08  2.06759e-11
      1282.33  2.98926e-08  2.01143e-11
      1282.66  4.30142e-08  2.43769e-11
      1282.99  5.27173e-08  2.70333e-11
      1283.32  5.21494e-08  2.79097e-11
      1283.65  3.87058e-08  2.47760e-11
      1283.98  2.25528e-08  1.94862e-11
      1284.31  1.40639e-08  1.58743e-11
      1284.64  1.08475e-08  1.40692e-11
      1284.97  1.05362e-08  1.33329e-11
      1285.30  1.20791e-08  1.37014e-11
      1285.63  1.06992e-08  1.23104e-11
      1285.96  9.81494e-09  1.13168e-11
      1286.29  1.37584e-08  1.34915e-11
      1286.62  1.85831e-08  1.58865e-11
      1286.95  1.79978e-08  1.54782e-11
      1287.28  2.14125e-08  1.65773e-11
      1287.61  3.46878e-08  2.14628e-11
      1287.95  4.14980e-08  2.26152e-11
      1288.28  4.17734e-08  2.19840e-11
      1288.61  4.20405e-08  2.19286e-11
      1288.94  4.13918e-08  2.24022e-11
      1289.27  3.14559e-08  1.99230e-11
      1289.61  2.44527e-08  1.86570e-11
      1289.94  2.04924e-08  1.80920e-11
      1290.27  1.46900e-08  1.57452e-11
      1290.61  1.24394e-08  1.48858e-11
      1290.94  9.72730e-09  1.30731e-11
      1291.27  7.33386e-09  1.09757e-11
      1291.61  8.37449e-09  1.12898e-11
      1291.94  1.29641e-08  1.38097e-11
      1292.27  2.04476e-08  1.73239e-11
      1292.61  2.74316e-08  2.05571e-11
      1292.94  2.17522e-08  1.79393e-11
      1293.28  1.75398e-08  1.58405e-11
      1293.61  2.22053e-08  1.74900e-11
      1293.95  2.72333e-08  1.80373e-11
      1294.28  3.73516e-08  2.03569e-11
      1294.62  4.20687e-08  2.13416e-11
      1294.95  3.70691e-08  1.98156e-11
      1295.29  3.59309e-08  2.04773e-11
      1295.62  3.21611e-08  2.02293e-11
      1295.96  2.49653e-08  1.84574e-11
      1296.29  2.20248e-08  1.78895e-11
      1296.63  2.27853e-08  1.81456e-11
      1296.97  2.70771e-08  1.93728e-11
      1297.30  3.79748e-08  2.26726e-11
      1297.64  4.85941e-08  2.61816e-11
      1297.98  4.33005e-08  2.50630e-11
      1298.31  2.98092e-08  2.11679e-11
      1298.65  1.85164e-08  1.71476e-11
      1298.99  1.45506e-08  1.51429e-11
      1299.33  2.17882e-08  1.82025e-11
      1299.66  3.53442e-08  2.25562e-11
      1300.00  3.97284e-08  2.26373e-11
      1300.34  3.53315e-08  2.05477e-11
      1300.68  2.60414e-08  1.68680e-11
      1301.02  2.60989e-08  1.66615e-11
      1301.35  4.12774e-08  2.19936e-11
      1301.69  4.91621e-08  2.44859e-11
      1302.03  4.75639e-08  2.44072e-11
      1302.37  4.31696e-08  2.29561e-11
      1302.71  4.79575e-08  2.44312e-11
      1303.05  5.26506e-08  2.53567e-11
      1303.39  5.83611e-08  2.70817e-11
      1303.73  6.20103e-08  2.85775e-11
      1304.07  5.87680e-08  2.87554e-11
      1304.41  5.95086e-08  2.99588e-11
      1304.75  6.22774e-08  3.14674e-11
      1305.09  6.40941e-08  3.17248e-11
      1305.43  7.19131e-08  3.26743e-11
      1305.77  8.12961e-08  3.34660e-11
      1306.11  7.99036e-08  3.20625e-11
      1306.46  5.78364e-08  2.63729e-11
      1306.80  3.25062e-08  1.94452e-11
      1307.14  1.94109e-08  1.52334e-11
      1307.48  1.40625e-08  1.33858e-11
      1307.82  1.15307e-08  1.22657e-11
      1308.16  1.14467e-08  1.21561e-11
      1308.51  1.30580e-08  1.29955e-11
      1308.85  1.11785e-08  1.18569e-11
      1309.19  8.44416e-09  1.05436e-11
      1309.53  7.74174e-09  1.05501e-11
      1309.88  7.60203e-09  1.09773e-11
      1310.22  8.07301e-09  1.17811e-11
      1310.56  1.00950e-08  1.33797e-11
      1310.91  1.64043e-08  1.64979e-11
      1311.25  2.75707e-08  2.14342e-11
      1311.60  2.81965e-08  2.07543e-11
      1311.94  1.79070e-08  1.57850e-11
      1312.28  1.01321e-08  1.18112e-11
      1312.63  7.13786e-09  1.00855e-11
      1312.97  6.22617e-09  9.61164e-12
      1313.32  8.02172e-09  1.05547e-11
      1313.66  1.25541e-08  1.33712e-11
      1314.01  1.09179e-08  1.21631e-11
      1314.35  6.65620e-09  9.41085e-12
      1314.70  5.29916e-09  8.48512e-12
      1315.05  5.28777e-09  8.52640e-12
      1315.39  5.94228e-09  9.31109e-12
      1315.74  7.42232e-09  1.07078e-11
      1316.08  1.07134e-08  1.30476e-11
      1316.43  1.93902e-08  1.77382e-11
      1316.78  3.15223e-08  2.37914e-11
      1317.12  2.55292e-08  2.05197e-11
      1317.47  1.30923e-08  1.41234e-11
      1317.82  8.30065e-09  1.11310e-11
      1318.17  8.33633e-09  1.07285e-11
      1318.51  1.34238e-08  1.36019e-11
      1318.86  1.66510e-08  1.53529e-11
      1319.21  1.12801e-08  1.24455e-11
      1319.56  6.86019e-09  9.86336e-12
      1319.91  7.17762e-09  1.01955e-11
      1320.25  7.36908e-09  9.98877e-12
      1320.60  7.41437e-09  9.77058e-12
      1320.95  8.88369e-09  1.07458e-11
      1321.30  1.21772e-08  1.27437e-11
      1321.65  2.16981e-08  1.73257e-11
      1322.00  3.71698e-08  2.46538e-11
      1322.35  3.24143e-08  2.32262e-11
      1322.70  1.83365e-08  1.75670e-11
      1323.05  1.24984e-08  1.43038e-11
      1323.40  1.35598e-08  1.44283e-11
      1323.75  1.57078e-08  1.48241e-11
      1324.10  1.62266e-08  1.49109e-11
      1324.45  1.22137e-08  1.26673e-11
      1324.80  9.08333e-09  1.11290e-11
      