227
      1249.95  1.50217e-08  2.20173e-11
      1250.27  7.61383e-09  1.54600e-11
      1250.58  2.53975e-09  9.87371e-12
      1250.89  1.67051e-09  8.80161e-12
      1251.20  2.23247e-09  9.62216e-12
      1251.52  3.51367e-09  1.10592e-11
      1251.83  6.17124e-09  1.42376e-11
      1252.14  8.17181e-09  1.65836e-11
      1252.46  7.94804e-09  1.60995e-11
      1252.77  7.26596e-09  1.46545e-11
      1253.09  1.16033e-08  1.68040e-11
      1253.40  2.17247e-08  2.16255e-11
      1253.71  2.71520e-08  2.38995e-11
      1254.03  1.70248e-08  1.81915e-11
      1254.34  8.45145e-09  1.32853e-11
      1254.66  1.00461e-08  1.46308e-11
      1254.97  1.59841e-08  1.95720e-11
      1255.29  1.08412e-08  1.56956e-11
      1255.60  4.89134e-09  1.08398e-11
      1255.92  5.38693e-09  1.12682e-11
      1256.23  8.99607e-09  1.29397e-11
      1256.55  1.51231e-08  1.67556e-11
      1256.87  1.08026e-08  1.37864e-11
      1257.18  4.85141e-09  9.93811e-12
      1257.50  3.47278e-09  9.39541e-12
      1257.81  3.94324e-09  1.02550e-11
      1258.13  5.07049e-09  1.16141e-11
      1258.45  5.14510e-09  1.16034e-11
      1258.76  5.41801e-09  1.14476e-11
      1259.08  9.40206e-09  1.37584e-11
      1259.40  1.91190e-08  1.90206e-11
      1259.72  2.63650e-08  2.26155e-11
      1260.03  2.03300e-08  1.98276e-11
      1260.35  1.47466e-08  1.72553e-11
      1260.67  1.87252e-08  2.09363e-11
      1260.99  1.78161e-08  2.05308e-11
      1261.30  1.41928e-08  1.78323e-11
      1261.62  1.72751e-08  1.96976e-11
      1261.94  1.83289e-08  1.91141e-11
      1262.26  1.85246e-08  1.90931e-11
      1262.58  1.41865e-08  1.60782e-11
      1262.90  1.42937e-08  1.60234e-11
      1263.22  2.13923e-08  2.07201e-11
      1263.54  1.85229e-08  1.93219e-11
      1263.86  1.19134e-08  1.54537e-11
      1264.17  9.35106e-09  1.41714e-11
      1264.49  6.91124e-09  1.19163e-11
      1264.81  7.24420e-09  1.10899e-11
      1265.13  1.38696e-08  1.44122e-11
      1265.45  2.13564e-08  1.76869e-11
      1265.77  1.94824e-08  1.68896e-11
      1266.10  1.09505e-08  1.28777e-11
      1266.42  5.70338e-09  1.00039e-11
      1266.74  4.76201e-09  9.57472e-12
      1267.06  6.37716e-09  1.06102e-11
      1267.38  1.28366e-08  1.40179e-11
      1267.70  2.29883e-08  1.89073e-11
      1268.02  2.52215e-08  1.88991e-11
      1268.34  2.49079e-08  1.91717e-11
      1268.67  2.29991e-08  1.87115e-11
      1268.99  2.25559e-08  1.95610e-11
      1269.31  1.80888e-08  1.81740e-11
      1269.63  1.22751e-08  1.55475e-11
      1269.95  1.01827e-08  1.44655e-11
      1270.28  1.21751e-08  1.51062e-11
      1270.60  1.94965e-08  1.88344e-11
      1270.92  2.35303e-08  1.99747e-11
      1271.25  2.56494e-08  2.06096e-11
      1271.57  2.51942e-08  2.11013e-11
      1271.89  1.55986e-08  1.68233e-11
      1272.22  7.23191e-09  1.20719e-11
      1272.54  4.41497e-09  1.02769e-11
      1272.86  3.57866e-09  9.51339e-12
      1273.19  3.34407e-09  8.87793e-12
      1273.51  3.98825e-09  8.76845e-12
      1273.84  6.14517e-09  1.00661e-11
      1274.16  8.14069e-09  1.10123e-11
      1274.49  1.04711e-08  1.19228e-11
      1274.81  1.81372e-08  1.60434e-11
      1275.14  2.49036e-08  1.93075e-11
      1275.46  2.27074e-08  1.86374e-11
      1275.79  1.52484e-08  1.52776e-11
      1276.11  1.00679e-08  1.21604e-11
      1276.44  1.26274e-08  1.29214e-11
      1276.76  2.11528e-08  1.72490e-11
      1277.09  2.19943e-08  1.69307e-11
      1277.42  2.29709e-08  1.86647e-11
      1277.74  1.61264e-08  1.60197e-11
      1278.07  7.81302e-09  1.20428e-11
      1278.40  4.73735e-09  1.04119e-11
      1278.72  3.65100e-09  9.55389e-12
      1279.05  3.53611e-09  9.10717e-12
      1279.38  4.72185e-09  9.95100e-12
      1279.71  6.98510e-09  1.13779e-11
      1280.03  9.52226e-09  1.34661e-11
      1280.36  8.42881e-09  1.23467e-11
      1280.69  8.90607e-09  1.30751e-11
      1281.02  1.14802e-08  1.47219e-11
      1281.34  1.66346e-08  1.76452e-11
      1281.67  2.05329e-08  1.96256e-11
      1282.00  1.58181e-08  1.58922e-11
      1282.33  1.57919e-08  1.48102e-11
      1282.66  2.43363e-08  1.79313e-11
      1282.99  3.06479e-08  1.97220e-11
      1283.32  3.07015e-08  2.01695e-11
      1283.65  2.19608e-08  1.74180e-11
      1283.98  1.17624e-08  1.32894e-11
      1284.31  6.87875e-09  1.09586e-11
      1284.64  5.15094e-09  9.83856e-12
      1284.97  5.04303e-09  9.55784e-12
      1285.30  6.12859e-09  1.05098e-11
      1285.63  5.27787e-09  9.52780e-12
      1285.96  4.78158e-09  9.19246e-12
      1286.29  7.26906e-09  1.19842e-11
      1286.62  1.03815e-08  1.44917e-11
      1286.95  9.65441e-09  1.39529e-11
      1287.28  1.15686e-08  1.51999e-11
      1287.61  2.03695e-08  2.06381e-11
      1287.95  2.43231e-08  2.12470e-11
      1288.28  2.42066e-08  2.01423e-11
      1288.61  2.40589e-08  1.93149e-11
      1288.94  2.40329e-08  1.94823e-11
      1289.27  1.72512e-08  1.61389e-11
      1289.61  1.27839e-08  1.44046e-11
      1289.94  1.04925e-08  1.34809e-11
      1290.27  7.11320e-09  1.10108e-11
      1290.61  6.06282e-09  1.03860e-11
      1290.94  4.65182e-09  8.93378e-12
      1291.27  3.35506e-09  7.47254e-12
      1291.61  3.85949e-09  7.69163e-12
      1291.94  6.32731e-09  9.67274e-12
      1292.27  1.06347e-08  1.26342e-11
      1292.61  1.54045e-08  1.61924e-11
      1292.94  1.16825e-08  1.42295e-11
      1293.28  8.97409e-09  1.29277e-11
      1293.61  1.19995e-08  1.53123e-11
      1293.95  1.50426e-08  1.61169e-11
      1294.28  2.18718e-08  1.92356e-11
      1294.62  2.48490e-08  2.03202e-11
      1294.95  2.10100e-08  1.83649e-11
      1295.29  2.01523e-08  1.87257e-11
      1295.62  1.76287e-08  1.77311e-11
      1295.96  1.30044e-08  1.52338e-11
      1296.29  1.12443e-08  1.39961e-11
      1296.63  1.16866e-08  1.37248e-11
      1296.97  1.41227e-08  1.40213e-11
      1297.30  2.09736e-08  1.62534e-11
      1297.64  2.80828e-08  1.89046e-11
      1297.98  2.44057e-08  1.75912e-11
      1298.31  1.58227e-08  1.46650e-11
      1298.65  9.15682e-09  1.17617e-11
      1298.99  6.89953e-09  1.06345e-11
      1299.33  1.13961e-08  1.35200e-11
      1299.66  2.04183e-08  1.82899e-11
      1300.00  2.32970e-08  1.90971e-11
      1300.34  2.06121e-08  1.80305e-11
      1300.68  1.45180e-08  1.50923e-11
      1301.02  1.43305e-08  1.53586e-11
      1301.35  2.45076e-08  2.13631e-11
      1301.69  2.92730e-08  2.33129e-11
      1302.03  2.81830e-08  2.27282e-11
      1302.37  2.47417e-08  2.01773e-11
      1302.71  2.82105e-08  2.09118e-11
      1303.05  3.08436e-08  2.06206e-11
      1303.39  3.47079e-08  2.13047e-11
      1303.73  3.74756e-08  2.19559e-11
      1304.07  3.48602e-08  2.11229e-11
      1304.41  3.53274e-08  2.16675e-11
      1304.75  3.74122e-08  2.29203e-11
      1305.09  3.86065e-08  2.31661e-11
      1305.43  4.46380e-08  2.49601e-11
      1305.77  5.22591e-08  2.68013e-11
      1306.11  5.27093e-08  2.73052e-11
      1306.46  3.67885e-08  2.32160e-11
      1306.80  1.88125e-08  1.70652e-11
      1307.14  1.04314e-08  1.36446e-11
      1307.48  7.30448e-09  1.23597e-11
      1307.82  5.79049e-09  1.13873e-11
      1308.16  5.69684e-09  1.09066e-11
      1308.51  6.78330e-09  1.14905e-11
      1308.85  5.55197e-09  9.97964e-12
      1309.19  3.93945e-09  8.27711e-12
      1309.53  3.58797e-09  7.97065e-12
      1309.88  3.50836e-09  7.94033e-12
      1310.22  3.76089e-09  8.25669e-12
      1310.56  4.81051e-09  9.06389e-12
      1310.91  8.45488e-09  1.12367e-11
      1311.25  1.58521e-08  1.55603e-11
      1311.60  1.60638e-08  1.52770e-11
      1311.94  9.52153e-09  1.16837e-11
      1312.28  5.08141e-09  9.26951e-12
      1312.63  3.51618e-09  8.54110e-12
      1312.97  3.01177e-09  8.55985e-12
      1313.32  4.01498e-09  1.02877e-11
      1313.66  6.87130e-09  1.28660e-11
      1314.01  5.65619e-09  1.11280e-11
      1314.35  3.19304e-09  8.52224e-12
      1314.70  2.42787e-09  8.26223e-12
      1315.05  2.41242e-09  7.16628e-12
      1315.39  2.73214e-09  7.42670e-12
      1315.74  3.49583e-09  8.07262e-12
      1316.08  5.29198e-09  9.40779e-12
      1316.43  1.04944e-08  1.25985e-11
      1316.78  1.78236e-08  1.66543e-11
      1317.12  1.40413e-08  1.43157e-11
      1317.47  6.85794e-09  1.00405e-11
      1317.82  4.11063e-09  8.21882e-12
      1318.17  4.24083e-09  8.60226e-12
      1318.51  7.17057e-09  1.13867e-11
      1318.86  8.91881e-09  1.34253e-11
      1319.21  6.01026e-09  1.14808e-11
      1319.56  3.56470e-09  9.62852e-12
      1319.91  3.58947e-09  9.71015e-12
      1320.25  3.60132e-09  9.09950e-12
      1320.60  3.57390e-09  8.49583e-12
      1320.95  4.32013e-09  8.75356e-12
      1321.30  6.15509e-09  9.82779e-12
      1321.65  1.19882e-08  1.30152e-11
      1322.00  2.11515e-08  1.79177e-11
      1322.35  1.84515e-08  1.66657e-11
      1322.70  9.93352e-09  1.22509e-11
      1323.05  6.36220e-09  9.93656e-12
      1323.40  6.89418e-09  1.03983e-11
      1323.75  8.22160e-09  1.12894e-11
      1324.10  8.61055e-09  1.21066e-11
      1324.45  6.47576e-09  1.09163e-11
      1324.80  4.64268e-09  9.93525e-12
      