227
      1249.95  1.09994e-08  1.45620e-11
      1250.27  5.49058e-09  1.03608e-11
      1250.58  1.82491e-09  6.91385e-12
      1250.89  1.22791e-09  6.16843e-12
      1251.20  1.60585e-09  6.79797e-12
      1251.52  2.52728e-09  7.58300e-12
      1251.83  4.48900e-09  9.70010e-12
      1252.14  5.92588e-09  1.11159e-11
      1252.46  5.73248e-09  1.10731e-11
      1252.77  5.15617e-09  1.04647e-11
      1253.09  8.44665e-09  1.24696e-11
      1253.40  1.64643e-08  1.66642e-11
      1253.71  2.11947e-08  1.92408e-11
      1254.03  1.29409e-08  1.46159e-11
      1254.34  6.02893e-09  1.05043e-11
      1254.66  7.33098e-09  1.19103e-11
      1254.97  1.22535e-08  1.67792e-11
      1255.29  9.75131e-09  1.62062e-11
      1255.60  3.48314e-09  1.02104e-11
      1255.92  3.99725e-09  1.02277e-11
      1256.23  6.78586e-09  1.16595e-11
      1256.55  1.11655e-08  1.47616e-11
      1256.87  8.27827e-09  1.23834e-11
      1257.18  3.68819e-09  8.78062e-12
      1257.50  2.61749e-09  8.17807e-12
      1257.81  2.83076e-09  9.56170e-12
      1258.13  3.83185e-09  1.08705e-11
      1258.45  3.77559e-09  9.51343e-12
      1258.76  3.96371e-09  9.06503e-12
      1259.08  6.99970e-09  1.07695e-11
      1259.40  1.43217e-08  1.43890e-11
      1259.72  1.95119e-08  1.67485e-11
      1260.03  1.50456e-08  1.42739e-11
      1260.35  1.09437e-08  1.20570e-11
      1260.67  1.37264e-08  1.40512e-11
      1260.99  1.29231e-08  1.35932e-11
      1261.30  1.03673e-08  1.17830e-11
      1261.62  1.27028e-08  1.31011e-11
      1261.94  1.34982e-08  1.28864e-11
      1262.26  1.38262e-08  1.29564e-11
      1262.58  1.02496e-08  1.08189e-11
      1262.90  1.05928e-08  1.10206e-11
      1263.22  1.64141e-08  1.46558e-11
      1263.54  1.37855e-08  1.35179e-11
      1263.86  8.71779e-09  1.13130e-11
      1264.17  6.83758e-09  1.06056e-11
      1264.49  4.89439e-09  9.07981e-12
      1264.81  5.08816e-09  8.72157e-12
      1265.13  1.04118e-08  1.19046e-11
      1265.45  1.67493e-08  1.52606e-11
      1265.77  1.52709e-08  1.49087e-11
      1266.10  9.18643e-09  1.29130e-11
      1266.42  3.87443e-09  9.18738e-12
      1266.74  3.40494e-09  8.49752e-12
      1267.06  4.53798e-09  9.23877e-12
      1267.38  9.07990e-09  1.29961e-11
      1267.70  1.60444e-08  1.64039e-11
      1268.02  1.89097e-08  1.83797e-11
      1268.34  1.84807e-08  1.66087e-11
      1268.67  1.67219e-08  1.63954e-11
      1268.99  1.73215e-08  1.51334e-11
      1269.31  1.36977e-08  1.33978e-11
      1269.63  8.82618e-09  1.08924e-11
      1269.95  7.21790e-09  1.00469e-11
      1270.28  8.69257e-09  1.03282e-11
      1270.60  1.44640e-08  1.28983e-11
      1270.92  1.76448e-08  1.34304e-11
      1271.25  1.91505e-08  1.37441e-11
      1271.57  1.89006e-08  1.40209e-11
      1271.89  1.16872e-08  1.11668e-11
      1272.22  5.16490e-09  7.97848e-12
      1272.54  3.10741e-09  7.03755e-12
      1272.86  2.52571e-09  6.71441e-12
      1273.19  2.38059e-09  6.51594e-12
      1273.51  2.89431e-09  6.81991e-12
      1273.84  4.48438e-09  7.96760e-12
      1274.16  5.99520e-09  8.97968e-12
      1274.49  7.93777e-09  1.01327e-11
      1274.81  1.38235e-08  1.37746e-11
      1275.14  1.91075e-08  1.68244e-11
      1275.46  1.74802e-08  1.63424e-11
      1275.79  1.16951e-08  1.34879e-11
      1276.11  7.68893e-09  1.08002e-11
      1276.44  9.67016e-09  1.16066e-11
      1276.76  1.52302e-08  1.63423e-11
      1277.09  1.67038e-08  1.60568e-11
      1277.42  1.75285e-08  1.50063e-11
      1277.74  1.23093e-08  1.23767e-11
      1278.07  5.84871e-09  8.85178e-12
      1278.40  3.35990e-09  7.40713e-12
      1278.72  2.55095e-09  6.63963e-12
      1279.05  2.48579e-09  6.26774e-12
      1279.38  3.32225e-09  6.64543e-12
      1279.71  4.93967e-09  7.61691e-12
      1280.03  6.46860e-09  8.61029e-12
      1280.36  5.96894e-09  8.57324e-12
      1280.69  6.46647e-09  8.83127e-12
      1281.02  8.42829e-09  1.02477e-11
      1281.34  1.24697e-08  1.28337e-11
      1281.67  1.55067e-08  1.50402e-11
      1282.00  1.19340e-08  1.27493e-11
      1282.33  1.18493e-08  1.25565e-11
      1282.66  1.71675e-08  1.69202e-11
      1282.99  2.42992e-08  2.01947e-11
      1283.32  2.41301e-08  1.82995e-11
      1283.65  1.71051e-08  1.54671e-11
      1283.98  8.98092e-09  1.16326e-11
      1284.31  5.16249e-09  9.80808e-12
      1284.64  3.80830e-09  8.61665e-12
      1284.97  3.66986e-09  8.41493e-12
      1285.30  4.04448e-09  7.77968e-12
      1285.63  3.66994e-09  8.10206e-12
      1285.96  3.42495e-09  6.73424e-12
      1286.29  5.19761e-09  8.01558e-12
      1286.62  7.44265e-09  9.66807e-12
      1286.95  7.04285e-09  9.36061e-12
      1287.28  8.59669e-09  9.96939e-12
      1287.61  1.51802e-08  1.34662e-11
      1287.95  1.83619e-08  1.43543e-11
      1288.28  1.82686e-08  1.39421e-11
      1288.61  1.82014e-08  1.38174e-11
      1288.94  1.80924e-08  1.42638e-11
      1289.27  1.31732e-08  1.24860e-11
      1289.61  9.53296e-09  1.12734e-11
      1289.94  7.70936e-09  1.08097e-11
      1290.27  5.27166e-09  9.30365e-12
      1290.61  4.42246e-09  8.90106e-12
      1290.94  3.42623e-09  7.76352e-12
      1291.27  2.51709e-09  6.58249e-12
      1291.61  2.89637e-09  6.73303e-12
      1291.94  4.71055e-09  8.15101e-12
      1292.27  8.06513e-09  1.03044e-11
      1292.61  1.15039e-08  1.24440e-11
      1292.94  8.78808e-09  1.07228e-11
      1293.28  6.58017e-09  9.17006e-12
      1293.61  8.52355e-09  1.02292e-11
      1293.95  1.10190e-08  1.08393e-11
      1294.28  1.62259e-08  1.27250e-11
      1294.62  1.84313e-08  1.34951e-11
      1294.95  1.57394e-08  1.25118e-11
      1295.29  1.49557e-08  1.28117e-11
      1295.62  1.29403e-08  1.25216e-11
      1295.96  9.56630e-09  1.11322e-11
      1296.29  8.26942e-09  1.08393e-11
      1296.63  8.59461e-09  1.09934e-11
      1296.97  1.06240e-08  1.18368e-11
      1297.30  1.62219e-08  1.43910e-11
      1297.64  2.16126e-08  1.67846e-11
      1297.98  1.86937e-08  1.56920e-11
      1298.31  1.20145e-08  1.27855e-11
      1298.65  6.84733e-09  9.93316e-12
      1298.99  5.16847e-09  8.70888e-12
      1299.33  8.67067e-09  1.07043e-11
      1299.66  1.54534e-08  1.38179e-11
      1300.00  1.74891e-08  1.38815e-11
      1300.34  1.51711e-08  1.25805e-11
      1300.68  1.05740e-08  1.01791e-11
      1301.02  1.07827e-08  1.01609e-11
      1301.35  1.84054e-08  1.39992e-11
      1301.69  2.21598e-08  1.55724e-11
      1302.03  2.15184e-08  1.59155e-11
      1302.37  1.91701e-08  1.47248e-11
      1302.71  2.19494e-08  1.61712e-11
      1303.05  2.41069e-08  1.66420e-11
      1303.39  2.75097e-08  1.81615e-11
      1303.73  2.99840e-08  2.21745e-11
      1304.07  2.72961e-08  2.04183e-11
      1304.41  2.80947e-08  1.99323e-11
      1304.75  2.98220e-08  2.02336e-11
      1305.09  3.11464e-08  2.01711e-11
      1305.43  3.63831e-08  2.13318e-11
      1305.77  4.28371e-08  2.21122e-11
      1306.11  4.27072e-08  2.14236e-11
      1306.46  2.89713e-08  1.70633e-11
      1306.80  1.43601e-08  1.18641e-11
      1307.14  7.58408e-09  8.98129e-12
      1307.48  5.12357e-09  7.85045e-12
      1307.82  4.06654e-09  7.39351e-12
      1308.16  4.06744e-09  7.39455e-12
      1308.51  4.82961e-09  8.53921e-12
      1308.85  4.26357e-09  9.05161e-12
      1309.19  2.76938e-09  7.38437e-12
      1309.53  2.55965e-09  6.67617e-12
      1309.88  2.53152e-09  6.69886e-12
      1310.22  2.74582e-09  7.15595e-12
      1310.56  3.56064e-09  7.89500e-12
      1310.91  6.52022e-09  9.96497e-12
      1311.25  1.20198e-08  1.33171e-11
      1311.60  1.21724e-08  1.26562e-11
      1311.94  7.35805e-09  9.49131e-12
      1312.28  4.19344e-09  8.33295e-12
      1312.63  2.41170e-09  6.71064e-12
      1312.97  2.12870e-09  5.71053e-12
      1313.32  2.91363e-09  6.33374e-12
      1313.66  4.80349e-09  8.29138e-12
      1314.01  4.02570e-09  7.48655e-12
      1314.35  2.31689e-09  5.94811e-12
      1314.70  1.73189e-09  5.53151e-12
      1315.05  1.72003e-09  5.61809e-12
      1315.39  1.96963e-09  5.96670e-12
      1315.74  2.52930e-09  6.64112e-12
      1316.08  3.92863e-09  8.04012e-12
      1316.43  8.01803e-09  1.10143e-11
      1316.78  1.35935e-08  1.46273e-11
      1317.12  1.09304e-08  1.26188e-11
      1317.47  5.90978e-09  1.01695e-11
      1317.82  2.88032e-09  7.13727e-12
      1318.17  3.04381e-09  6.39195e-12
      1318.51  5.10059e-09  7.90519e-12
      1318.86  6.37906e-09  9.00341e-12
      1319.21  4.52921e-09  8.19588e-12
      1319.56  2.51595e-09  6.88201e-12
      1319.91  2.54069e-09  6.63941e-12
      1320.25  2.53372e-09  6.27035e-12
      1320.60  2.52251e-09  6.25666e-12
      1320.95  3.08877e-09  6.84137e-12
      1321.30  4.49240e-09  8.14929e-12
      1321.65  9.10241e-09  1.11888e-11
      1322.00  1.66875e-08  1.58936e-11
      1322.35  1.44798e-08  1.46931e-11
      1322.70  7.50783e-09  1.05920e-11
      1323.05  4.68241e-09  8.25221e-12
      1323.40  5.10293e-09  8.32952e-12
      1323.75  6.02106e-09  8.52907e-12
      1324.10  6.21028e-09  8.60678e-12
      1324.45  4.61190e-09  7.49007e-12
      1324.80  3.35509e-09  7.28340e-12
      