227
      1249.95  1.14091e-08  1.46594e-11
      1250.27  5.71301e-09  1.02946e-11
      1250.58  1.90559e-09  6.70271e-12
      1250.89  1.26873e-09  5.93462e-12
      1251.20  1.66939e-09  6.48895e-12
      1251.52  2.61720e-09  7.12194e-12
      1251.83  4.65545e-09  9.13280e-12
      1252.14  6.15605e-09  1.04828e-11
      1252.46  5.95153e-09  1.03668e-11
      1252.77  5.33991e-09  9.64609e-12
      1253.09  8.71171e-09  1.15091e-11
      1253.40  1.69418e-08  1.53937e-11
      1253.71  2.17646e-08  1.76423e-11
      1254.03  1.34038e-08  1.34649e-11
      1254.34  6.29773e-09  9.61192e-12
      1254.66  7.64569e-09  1.10328e-11
      1254.97  1.24997e-08  1.52860e-11
      1255.29  1.02499e-08  1.53015e-11
      1255.60  3.71266e-09  9.64945e-12
      1255.92  4.16149e-09  9.52272e-12
      1256.23  7.11095e-09  1.11159e-11
      1256.55  1.15095e-08  1.39619e-11
      1256.87  8.57180e-09  1.18681e-11
      1257.18  3.87080e-09  8.36313e-12
      1257.50  2.73246e-09  7.94156e-12
      1257.81  2.98940e-09  9.59045e-12
      1258.13  4.00978e-09  1.02578e-11
      1258.45  3.94018e-09  9.39724e-12
      1258.76  4.13431e-09  9.09711e-12
      1259.08  7.24930e-09  1.08313e-11
      1259.40  1.48170e-08  1.46830e-11
      1259.72  2.03215e-08  1.69747e-11
      1260.03  1.56629e-08  1.44141e-11
      1260.35  1.14772e-08  1.24069e-11
      1260.67  1.43945e-08  1.44252e-11
      1260.99  1.34438e-08  1.38650e-11
      1261.30  1.07339e-08  1.19605e-11
      1261.62  1.31886e-08  1.31684e-11
      1261.94  1.39548e-08  1.28008e-11
      1262.26  1.43535e-08  1.26967e-11
      1262.58  1.05604e-08  1.03872e-11
      1262.90  1.08570e-08  1.03865e-11
      1263.22  1.69971e-08  1.38005e-11
      1263.54  1.42271e-08  1.25941e-11
      1263.86  8.97086e-09  1.04038e-11
      1264.17  7.11662e-09  9.89744e-12
      1264.49  5.06377e-09  8.33057e-12
      1264.81  5.22840e-09  7.95854e-12
      1265.13  1.07038e-08  1.09172e-11
      1265.45  1.72982e-08  1.40599e-11
      1265.77  1.57722e-08  1.37865e-11
      1266.10  9.57710e-09  1.21326e-11
      1266.42  4.05779e-09  8.75912e-12
      1266.74  3.54893e-09  7.96627e-12
      1267.06  4.76971e-09  8.81275e-12
      1267.38  9.53510e-09  1.21361e-11
      1267.70  1.69279e-08  1.57009e-11
      1268.02  1.97454e-08  1.79172e-11
      1268.34  1.95149e-08  1.65176e-11
      1268.67  1.74887e-08  1.63536e-11
      1268.99  1.77846e-08  1.52193e-11
      1269.31  1.41039e-08  1.36852e-11
      1269.63  9.16273e-09  1.11881e-11
      1269.95  7.53944e-09  1.03136e-11
      1270.28  9.07156e-09  1.05001e-11
      1270.60  1.49755e-08  1.30170e-11
      1270.92  1.82735e-08  1.35360e-11
      1271.25  1.97991e-08  1.36549e-11
      1271.57  1.94996e-08  1.37854e-11
      1271.89  1.20727e-08  1.08300e-11
      1272.22  5.38852e-09  7.70039e-12
      1272.54  3.31222e-09  6.90261e-12
      1272.86  2.60797e-09  6.49853e-12
      1273.19  2.46244e-09  5.96445e-12
      1273.51  2.98979e-09  6.21776e-12
      1273.84  4.63637e-09  7.29866e-12
      1274.16  6.20132e-09  8.29334e-12
      1274.49  8.19237e-09  9.39842e-12
      1274.81  1.42425e-08  1.28097e-11
      1275.14  1.96890e-08  1.58085e-11
      1275.46  1.80237e-08  1.54979e-11
      1275.79  1.20490e-08  1.29194e-11
      1276.11  7.94128e-09  1.04436e-11
      1276.44  1.00255e-08  1.12867e-11
      1276.76  1.61041e-08  1.61870e-11
      1277.09  1.74010e-08  1.56370e-11
      1277.42  1.81131e-08  1.52035e-11
      1277.74  1.26866e-08  1.25937e-11
      1278.07  6.03474e-09  9.02142e-12
      1278.40  3.50979e-09  7.53390e-12
      1278.72  2.67495e-09  6.75613e-12
      1279.05  2.60034e-09  6.32902e-12
      1279.38  3.45860e-09  6.58160e-12
      1279.71  5.07716e-09  7.63040e-12
      1280.03  6.47130e-09  7.96450e-12
      1280.36  6.04644e-09  8.50057e-12
      1280.69  6.66310e-09  8.27464e-12
      1281.02  8.68454e-09  9.47914e-12
      1281.34  1.28108e-08  1.17593e-11
      1281.67  1.59919e-08  1.37187e-11
      1282.00  1.23462e-08  1.15985e-11
      1282.33  1.22533e-08  1.14513e-11
      1282.66  1.80272e-08  1.53130e-11
      1282.99  2.50354e-08  1.81021e-11
      1283.32  2.47357e-08  1.70505e-11
      1283.65  1.75979e-08  1.46141e-11
      1283.98  9.35992e-09  1.12555e-11
      1284.31  5.65527e-09  9.69316e-12
      1284.64  3.91590e-09  8.85721e-12
      1284.97  3.83816e-09  8.23171e-12
      1285.30  4.33511e-09  7.96243e-12
      1285.63  3.82894e-09  8.12245e-12
      1285.96  3.58460e-09  6.78062e-12
      1286.29  5.41542e-09  8.06507e-12
      1286.62  7.69624e-09  9.70354e-12
      1286.95  7.31235e-09  9.40382e-12
      1287.28  8.95116e-09  9.91951e-12
      1287.61  1.56357e-08  1.30335e-11
      1287.95  1.89177e-08  1.37017e-11
      1288.28  1.88186e-08  1.30577e-11
      1288.61  1.87447e-08  1.27974e-11
      1288.94  1.85570e-08  1.31137e-11
      1289.27  1.35462e-08  1.14547e-11
      1289.61  9.86142e-09  1.03685e-11
      1289.94  7.96391e-09  1.00266e-11
      1290.27  5.45464e-09  8.72148e-12
      1290.61  4.56914e-09  8.27709e-12
      1290.94  3.54447e-09  7.43052e-12
      1291.27  2.61500e-09  6.36761e-12
      1291.61  3.01414e-09  6.65702e-12
      1291.94  4.89032e-09  8.08112e-12
      1292.27  8.35902e-09  1.02901e-11
      1292.61  1.18860e-08  1.27103e-11
      1292.94  9.02901e-09  1.10642e-11
      1293.28  6.84642e-09  9.46411e-12
      1293.61  8.87435e-09  1.04893e-11
      1293.95  1.14145e-08  1.09734e-11
      1294.28  1.67991e-08  1.27212e-11
      1294.62  1.90323e-08  1.31956e-11
      1294.95  1.62082e-08  1.19207e-11
      1295.29  1.54244e-08  1.19763e-11
      1295.62  1.33309e-08  1.15454e-11
      1295.96  9.84424e-09  1.02266e-11
      1296.29  8.51170e-09  9.88510e-12
      1296.63  8.84910e-09  1.00581e-11
      1296.97  1.09208e-08  1.08984e-11
      1297.30  1.66669e-08  1.33389e-11
      1297.64  2.22184e-08  1.57465e-11
      1297.98  1.91954e-08  1.48951e-11
      1298.31  1.23852e-08  1.23634e-11
      1298.65  7.05932e-09  9.78721e-12
      1298.99  5.32339e-09  8.63837e-12
      1299.33  8.93726e-09  1.07424e-11
      1299.66  1.59141e-08  1.41250e-11
      1300.00  1.80184e-08  1.40341e-11
      1300.34  1.57531e-08  1.27176e-11
      1300.68  1.09312e-08  1.01897e-11
      1301.02  1.11044e-08  1.00471e-11
      1301.35  1.90141e-08  1.36292e-11
      1301.69  2.27955e-08  1.48378e-11
      1302.03  2.21338e-08  1.48931e-11
      1302.37  1.96188e-08  1.35741e-11
      1302.71  2.25678e-08  1.49309e-11
      1303.05  2.46895e-08  1.53413e-11
      1303.39  2.81859e-08  1.67407e-11
      1303.73  3.08273e-08  2.02032e-11
      1304.07  2.83696e-08  1.85291e-11
      1304.41  2.88601e-08  1.91840e-11
      1304.75  3.05681e-08  1.97773e-11
      1305.09  3.19083e-08  2.00496e-11
      1305.43  3.73398e-08  2.13857e-11
      1305.77  4.38007e-08  2.22856e-11
      1306.11  4.37364e-08  2.19238e-11
      1306.46  2.98690e-08  1.74445e-11
      1306.80  1.48681e-08  1.20652e-11
      1307.14  7.87178e-09  9.05981e-12
      1307.48  5.30989e-09  7.77781e-12
      1307.82  4.21282e-09  7.14068e-12
      1308.16  4.20020e-09  6.89902e-12
      1308.51  4.98490e-09  7.64939e-12
      1308.85  4.38399e-09  8.02779e-12
      1309.19  2.91262e-09  6.46047e-12
      1309.53  2.65180e-09  6.00063e-12
      1309.88  2.61812e-09  6.20488e-12
      1310.22  2.82554e-09  6.68788e-12
      1310.56  3.68008e-09  7.52601e-12
      1310.91  6.71838e-09  9.62094e-12
      1311.25  1.24220e-08  1.31479e-11
      1311.60  1.25498e-08  1.25896e-11
      1311.94  7.55208e-09  9.47619e-12
      1312.28  4.30712e-09  8.34964e-12
      1312.63  2.55449e-09  6.58982e-12
      1312.97  2.20814e-09  5.64924e-12
      1313.32  3.00559e-09  6.23987e-12
      1313.66  4.98722e-09  8.04747e-12
      1314.01  4.16616e-09  7.14154e-12
      1314.35  2.38686e-09  5.54426e-12
      1314.70  1.78431e-09  5.04771e-12
      1315.05  1.77599e-09  5.06659e-12
      1315.39  2.02667e-09  5.44256e-12
      1315.74  2.60574e-09  6.24956e-12
      1316.08  4.03845e-09  7.66483e-12
      1316.43  8.25454e-09  1.07311e-11
      1316.78  1.40346e-08  1.43014e-11
      1317.12  1.12242e-08  1.24750e-11
      1317.47  5.92864e-09  9.65381e-12
      1317.82  3.06953e-09  6.99631e-12
      1318.17  3.17140e-09  6.47153e-12
      1318.51  5.31433e-09  8.04786e-12
      1318.86  6.61529e-09  9.08272e-12
      1319.21  4.45280e-09  7.54685e-12
      1319.56  2.57713e-09  6.05005e-12
      1319.91  2.59596e-09  6.00550e-12
      1320.25  2.61520e-09  5.80096e-12
      1320.60  2.60606e-09  5.68638e-12
      1320.95  3.19267e-09  6.21232e-12
      1321.30  4.61941e-09  7.33506e-12
      1321.65  9.33131e-09  1.03706e-11
      1322.00  1.71416e-08  1.51119e-11
      1322.35  1.48526e-08  1.42263e-11
      1322.70  7.70825e-09  1.03684e-11
      1323.05  4.83664e-09  8.26744e-12
      1323.40  5.27990e-09  8.41809e-12
      1323.75  6.24687e-09  8.65398e-12
      1324.10  6.49029e-09  8.75646e-12
      1324.45  4.81000e-09  7.52856e-12
      1324.80  3.50881e-09  7.30428e-12
      