227
      1249.95  8.53997e-09  1.57201e-11
      1250.27  4.16630e-09  1.08762e-11
      1250.58  1.33293e-09  7.34684e-12
      1250.89  8.86469e-10  6.83028e-12
      1251.20  1.18268e-09  7.41832e-12
      1251.52  1.92815e-09  8.44888e-12
      1251.83  3.52789e-09  1.03577e-11
      1252.14  4.70407e-09  1.16202e-11
      1252.46  4.54002e-09  1.09481e-11
      1252.77  4.13891e-09  9.71302e-12
      1253.09  6.96971e-09  1.11723e-11
      1253.40  1.38284e-08  1.45403e-11
      1253.71  1.77701e-08  1.64130e-11
      1254.03  1.08721e-08  1.25298e-11
      1254.34  5.08344e-09  9.14203e-12
      1254.66  6.24908e-09  1.02917e-11
      1254.97  1.03709e-08  1.39263e-11
      1255.29  6.97047e-09  1.12970e-11
      1255.60  3.03137e-09  7.93172e-12
      1255.92  3.34734e-09  8.52331e-12
      1256.23  5.82709e-09  1.00478e-11
      1256.55  9.78660e-09  1.30745e-11
      1256.87  7.05440e-09  1.11464e-11
      1257.18  3.11220e-09  8.35787e-12
      1257.50  2.21893e-09  8.21884e-12
      1257.81  2.54200e-09  8.82447e-12
      1258.13  3.24327e-09  9.88999e-12
      1258.45  3.26421e-09  9.83927e-12
      1258.76  3.45156e-09  1.00057e-11
      1259.08  6.22185e-09  1.20034e-11
      1259.40  1.20937e-08  1.74692e-11
      1259.72  1.54556e-08  1.71293e-11
      1260.03  1.15602e-08  1.53520e-11
      1260.35  8.18519e-09  1.32746e-11
      1260.67  1.05633e-08  1.59245e-11
      1260.99  9.87069e-09  1.52538e-11
      1261.30  7.84862e-09  1.29676e-11
      1261.62  9.87279e-09  1.43212e-11
      1261.94  1.05495e-08  1.37099e-11
      1262.26  1.09517e-08  1.37972e-11
      1262.58  8.06885e-09  1.13878e-11
      1262.90  8.43145e-09  1.13619e-11
      1263.22  1.33198e-08  1.49180e-11
      1263.54  1.12054e-08  1.33915e-11
      1263.86  7.03362e-09  1.06594e-11
      1264.17  5.47822e-09  9.50252e-12
      1264.49  3.97028e-09  7.90547e-12
      1264.81  4.29363e-09  7.51305e-12
      1265.13  8.92326e-09  1.00950e-11
      1265.45  1.42532e-08  1.26718e-11
      1265.77  1.28628e-08  1.21578e-11
      1266.10  6.91694e-09  9.26866e-12
      1266.42  3.46420e-09  7.40649e-12
      1266.74  2.90580e-09  7.24452e-12
      1267.06  3.92987e-09  8.23281e-12
      1267.38  8.13471e-09  1.13434e-11
      1267.70  1.44362e-08  1.40721e-11
      1268.02  1.68955e-08  1.69123e-11
      1268.34  1.61638e-08  1.51912e-11
      1268.67  1.50558e-08  1.66695e-11
      1268.99  1.56589e-08  1.69606e-11
      1269.31  1.22939e-08  1.58183e-11
      1269.63  8.05215e-09  1.45664e-11
      1269.95  5.50598e-09  1.01723e-11
      1270.28  6.60441e-09  1.10181e-11
      1270.60  1.12494e-08  1.36881e-11
      1270.92  1.38012e-08  1.43433e-11
      1271.25  1.51834e-08  1.48279e-11
      1271.57  1.50352e-08  1.51633e-11
      1271.89  9.18587e-09  1.19572e-11
      1272.22  3.96406e-09  8.41161e-12
      1272.54  2.35050e-09  7.35644e-12
      1272.86  1.91529e-09  6.71238e-12
      1273.19  1.82795e-09  6.10102e-12
      1273.51  2.29573e-09  5.98945e-12
      1273.84  3.67299e-09  6.89265e-12
      1274.16  5.00020e-09  7.64398e-12
      1274.49  6.76254e-09  8.63562e-12
      1274.81  1.20242e-08  1.16812e-11
      1275.14  1.67621e-08  1.42018e-11
      1275.46  1.53313e-08  1.38681e-11
      1275.79  1.01983e-08  1.16038e-11
      1276.11  6.71399e-09  9.62460e-12
      1276.44  8.61404e-09  1.09574e-11
      1276.76  1.35091e-08  1.44607e-11
      1277.09  1.50035e-08  1.56944e-11
      1277.42  1.57423e-08  1.60514e-11
      1277.74  1.10965e-08  1.40628e-11
      1278.07  5.56908e-09  1.24927e-11
      1278.40  2.75143e-09  7.79697e-12
      1278.72  1.86276e-09  7.34669e-12
      1279.05  1.81853e-09  7.00578e-12
      1279.38  2.44647e-09  7.13428e-12
      1279.71  3.77573e-09  8.10119e-12
      1280.03  5.15292e-09  9.29567e-12
      1280.36  4.73965e-09  8.66134e-12
      1280.69  5.00607e-09  9.01801e-12
      1281.02  6.74018e-09  1.03148e-11
      1281.34  1.02328e-08  1.23193e-11
      1281.67  1.28145e-08  1.36137e-11
      1282.00  1.00425e-08  1.12547e-11
      1282.33  1.01680e-08  1.06074e-11
      1282.66  1.53712e-08  1.34735e-11
      1282.99  2.09108e-08  1.56316e-11
      1283.32  2.13176e-08  1.54902e-11
      1283.65  1.50436e-08  1.34123e-11
      1283.98  7.79618e-09  1.03024e-11
      1284.31  4.45296e-09  8.68142e-12
      1284.64  3.33411e-09  8.10030e-12
      1284.97  3.19524e-09  8.40317e-12
      1285.30  3.54063e-09  7.94728e-12
      1285.63  3.24271e-09  9.31368e-12
      1285.96  2.70871e-09  8.04548e-12
      1286.29  3.93482e-09  8.37508e-12
      1286.62  5.83409e-09  1.04772e-11
      1286.95  5.30710e-09  1.00119e-11
      1287.28  6.47153e-09  1.08834e-11
      1287.61  1.22368e-08  1.48565e-11
      1287.95  1.47692e-08  1.50215e-11
      1288.28  1.47915e-08  1.41637e-11
      1288.61  1.48613e-08  1.34002e-11
      1288.94  1.52171e-08  1.36208e-11
      1289.27  1.08026e-08  1.11603e-11
      1289.61  7.96858e-09  1.00565e-11
      1289.94  6.44843e-09  9.49062e-12
      1290.27  4.39886e-09  8.00158e-12
      1290.61  3.78103e-09  7.70423e-12
      1290.94  2.91524e-09  6.86943e-12
      1291.27  2.17697e-09  6.04328e-12
      1291.61  2.55663e-09  6.56850e-12
      1291.94  4.21938e-09  8.24095e-12
      1292.27  7.30922e-09  1.10247e-11
      1292.61  1.04769e-08  1.39834e-11
      1292.94  8.06873e-09  1.35105e-11
      1293.28  5.47315e-09  9.83957e-12
      1293.61  6.57737e-09  1.10214e-11
      1293.95  8.55188e-09  1.14873e-11
      1294.28  1.29548e-08  1.36936e-11
      1294.62  1.46589e-08  1.41636e-11
      1294.95  1.23740e-08  1.27682e-11
      1295.29  1.18845e-08  1.28364e-11
      1295.62  1.03118e-08  1.20509e-11
      1295.96  7.68830e-09  1.05286e-11
      1296.29  6.74121e-09  9.80886e-12
      1296.63  7.13821e-09  9.57308e-12
      1296.97  9.08302e-09  1.01566e-11
      1297.30  1.42772e-08  1.23386e-11
      1297.64  1.91968e-08  1.46277e-11
      1297.98  1.65841e-08  1.39147e-11
      1298.31  1.05707e-08  1.16470e-11
      1298.65  6.01874e-09  9.59946e-12
      1298.99  4.61405e-09  8.97923e-12
      1299.33  7.93573e-09  1.17690e-11
      1299.66  1.40105e-08  1.62891e-11
      1300.00  1.55780e-08  1.79198e-11
      1300.34  1.29248e-08  1.38501e-11
      1300.68  8.04073e-09  1.07811e-11
      1301.02  8.41964e-09  1.07463e-11
      1301.35  1.49017e-08  1.47690e-11
      1301.69  1.81378e-08  1.61815e-11
      1302.03  1.76681e-08  1.58542e-11
      1302.37  1.58217e-08  1.41148e-11
      1302.71  1.86056e-08  1.47507e-11
      1303.05  2.08054e-08  1.47527e-11
      1303.39  2.40847e-08  1.57658e-11
      1303.73  2.61753e-08  1.77290e-11
      1304.07  2.40493e-08  1.71754e-11
      1304.41  2.52927e-08  1.75619e-11
      1304.75  2.71454e-08  1.86859e-11
      1305.09  2.84639e-08  1.96711e-11
      1305.43  3.23108e-08  2.28377e-11
      1305.77  3.99188e-08  2.63013e-11
      1306.11  4.08867e-08  2.85709e-11
      1306.46  2.70898e-08  1.73663e-11
      1306.80  1.13806e-08  1.20531e-11
      1307.14  5.79002e-09  9.47584e-12
      1307.48  3.87850e-09  8.36328e-12
      1307.82  3.05804e-09  7.75518e-12
      1308.16  3.09687e-09  7.42619e-12
      1308.51  3.74946e-09  7.82376e-12
      1308.85  3.10684e-09  7.15244e-12
      1309.19  2.19308e-09  6.15070e-12
      1309.53  2.09715e-09  5.82091e-12
      1309.88  2.11531e-09  5.96180e-12
      1310.22  2.33705e-09  6.41768e-12
      1310.56  3.15015e-09  7.19502e-12
      1310.91  5.96702e-09  9.31940e-12
      1311.25  1.09127e-08  1.30030e-11
      1311.60  1.09854e-08  1.30168e-11
      1311.94  6.60149e-09  1.06066e-11
      1312.28  3.66506e-09  9.69782e-12
      1312.63  2.05179e-09  6.09344e-12
      1312.97  1.64430e-09  6.18977e-12
      1313.32  2.26299e-09  6.85809e-12
      1313.66  3.67400e-09  8.56743e-12
      1314.01  3.14693e-09  7.76385e-12
      1314.35  1.78302e-09  6.03008e-12
      1314.70  1.34881e-09  5.29564e-12
      1315.05  1.36726e-09  5.13169e-12
      1315.39  1.59900e-09  5.35223e-12
      1315.74  2.12179e-09  6.01319e-12
      1316.08  3.40347e-09  7.19965e-12
      1316.43  7.14890e-09  1.00355e-11
      1316.78  1.22802e-08  1.35753e-11
      1317.12  9.78990e-09  1.21891e-11
      1317.47  4.96631e-09  9.60586e-12
      1317.82  2.51435e-09  7.98262e-12
      1318.17  2.37957e-09  8.49077e-12
      1318.51  3.82975e-09  7.44003e-12
      1318.86  5.08455e-09  9.38241e-12
      1319.21  3.33851e-09  8.23066e-12
      1319.56  1.84277e-09  7.01300e-12
      1319.91  1.94016e-09  6.78843e-12
      1320.25  1.96051e-09  6.09923e-12
      1320.60  1.99729e-09  5.78826e-12
      1320.95  2.50550e-09  6.09530e-12
      1321.30  3.76122e-09  7.35490e-12
      1321.65  8.05396e-09  9.90791e-12
      1322.00  1.47690e-08  1.41715e-11
      1322.35  1.27292e-08  1.35064e-11
      1322.70  6.59662e-09  1.01857e-11
      1323.05  4.18230e-09  8.66532e-12
      1323.40  4.55081e-09  9.45815e-12
      1323.75  5.05341e-09  1.09803e-11
      1324.10  4.88751e-09  8.39665e-12
      1324.45  3.60778e-09  7.74927e-12
      1324.80  2.48543e-09  7.22960e-12
      