227
      1249.95  1.02128e-08  1.78618e-11
      1250.27  5.03836e-09  1.28413e-11
      1250.58  1.65968e-09  8.81594e-12
      1250.89  1.13486e-09  8.00043e-12
      1251.20  1.49050e-09  8.63323e-12
      1251.52  2.37493e-09  9.84406e-12
      1251.83  4.22434e-09  1.21859e-11
      1252.14  5.55556e-09  1.39767e-11
      1252.46  5.35120e-09  1.38429e-11
      1252.77  4.84749e-09  1.29448e-11
      1253.09  8.00466e-09  1.53007e-11
      1253.40  1.56248e-08  2.00538e-11
      1253.71  2.00134e-08  2.27495e-11
      1254.03  1.22136e-08  1.70699e-11
      1254.34  5.68946e-09  1.22519e-11
      1254.66  6.93204e-09  1.37418e-11
      1254.97  1.16429e-08  1.88021e-11
      1255.29  7.97198e-09  1.55333e-11
      1255.60  3.33371e-09  1.05278e-11
      1255.92  3.72419e-09  1.10134e-11
      1256.23  6.32233e-09  1.26570e-11
      1256.55  1.05852e-08  1.59292e-11
      1256.87  7.76336e-09  1.33012e-11
      1257.18  3.41816e-09  9.49732e-12
      1257.50  2.43178e-09  8.99343e-12
      1257.81  2.71133e-09  9.73602e-12
      1258.13  3.49733e-09  1.06833e-11
      1258.45  3.52957e-09  9.73108e-12
      1258.76  3.71319e-09  9.52245e-12
      1259.08  6.60449e-09  1.10410e-11
      1259.40  1.30200e-08  1.52640e-11
      1259.72  1.76160e-08  1.64423e-11
      1260.03  1.37304e-08  1.54436e-11
      1260.35  1.00138e-08  1.35456e-11
      1260.67  1.27013e-08  1.63175e-11
      1260.99  1.19076e-08  1.60813e-11
      1261.30  9.60765e-09  1.42316e-11
      1261.62  1.18606e-08  1.61118e-11
      1261.94  1.26182e-08  1.59545e-11
      1262.26  1.29120e-08  1.62450e-11
      1262.58  9.57064e-09  1.36477e-11
      1262.90  1.00208e-08  1.39341e-11
      1263.22  1.54448e-08  1.82016e-11
      1263.54  1.29343e-08  1.65498e-11
      1263.86  8.16359e-09  1.35226e-11
      1264.17  6.36361e-09  1.25581e-11
      1264.49  4.58440e-09  1.05636e-11
      1264.81  4.84197e-09  1.02672e-11
      1265.13  9.92506e-09  1.37759e-11
      1265.45  1.58475e-08  1.71202e-11
      1265.77  1.43113e-08  1.62759e-11
      1266.10  7.76777e-09  1.25577e-11
      1266.42  3.79425e-09  9.50605e-12
      1266.74  3.20081e-09  8.81693e-12
      1267.06  4.22242e-09  9.75242e-12
      1267.38  8.42585e-09  1.33333e-11
      1267.70  1.45982e-08  1.62228e-11
      1268.02  1.77261e-08  1.88859e-11
      1268.34  1.69921e-08  1.65577e-11
      1268.67  1.57039e-08  1.67544e-11
      1268.99  1.65152e-08  1.55702e-11
      1269.31  1.30414e-08  1.39269e-11
      1269.63  8.54749e-09  1.20118e-11
      1269.95  6.62328e-09  1.09113e-11
      1270.28  8.05955e-09  1.19627e-11
      1270.60  1.35571e-08  1.54542e-11
      1270.92  1.64965e-08  1.63570e-11
      1271.25  1.79860e-08  1.71154e-11
      1271.57  1.77279e-08  1.76017e-11
      1271.89  1.08679e-08  1.40406e-11
      1272.22  4.77209e-09  1.00219e-11
      1272.54  2.87762e-09  8.61299e-12
      1272.86  2.34192e-09  8.19303e-12
      1273.19  2.20980e-09  8.00024e-12
      1273.51  2.70446e-09  7.99260e-12
      1273.84  4.21811e-09  9.29975e-12
      1274.16  5.66886e-09  1.03769e-11
      1274.49  7.53696e-09  1.15337e-11
      1274.81  1.31364e-08  1.51930e-11
      1275.14  1.81674e-08  1.80172e-11
      1275.46  1.66226e-08  1.71034e-11
      1275.79  1.11029e-08  1.38866e-11
      1276.11  7.28014e-09  1.11147e-11
      1276.44  9.10766e-09  1.19994e-11
      1276.76  1.40087e-08  1.64262e-11
      1277.09  1.56855e-08  1.64934e-11
      1277.42  1.66093e-08  1.52394e-11
      1277.74  1.17265e-08  1.26781e-11
      1278.07  5.81997e-09  1.02181e-11
      1278.40  3.14433e-09  7.88197e-12
      1278.72  2.30713e-09  7.63583e-12
      1279.05  2.27884e-09  7.52369e-12
      1279.38  3.08024e-09  8.23234e-12
      1279.71  4.68606e-09  9.36369e-12
      1280.03  6.32969e-09  1.10951e-11
      1280.36  5.71175e-09  1.03327e-11
      1280.69  6.06785e-09  1.09737e-11
      1281.02  7.95480e-09  1.25360e-11
      1281.34  1.18116e-08  1.54107e-11
      1281.67  1.45457e-08  1.77085e-11
      1282.00  1.12025e-08  1.46672e-11
      1282.33  1.12393e-08  1.41278e-11
      1282.66  1.61072e-08  1.83113e-11
      1282.99  2.29636e-08  2.16503e-11
      1283.32  2.30105e-08  1.93992e-11
      1283.65  1.62795e-08  1.61039e-11
      1283.98  8.48034e-09  1.18050e-11
      1284.31  4.83039e-09  9.44259e-12
      1284.64  3.58965e-09  8.40151e-12
      1284.97  3.39854e-09  8.33752e-12
      1285.30  3.65452e-09  7.78750e-12
      1285.63  3.41881e-09  8.41801e-12
      1285.96  3.09156e-09  7.06385e-12
      1286.29  4.80308e-09  9.14651e-12
      1286.62  6.93942e-09  1.15788e-11
      1286.95  6.50802e-09  1.14509e-11
      1287.28  8.05196e-09  1.25192e-11
      1287.61  1.44202e-08  1.71493e-11
      1287.95  1.73515e-08  1.81219e-11
      1288.28  1.72860e-08  1.74913e-11
      1288.61  1.72306e-08  1.70362e-11
      1288.94  1.72023e-08  1.72831e-11
      1289.27  1.24289e-08  1.46885e-11
      1289.61  9.01101e-09  1.29586e-11
      1289.94  7.28557e-09  1.21823e-11
      1290.27  4.96175e-09  1.00842e-11
      1290.61  4.16736e-09  9.32763e-12
      1290.94  3.22189e-09  8.18996e-12
      1291.27  2.36967e-09  6.80870e-12
      1291.61  2.73466e-09  7.06094e-12
      1291.94  4.44965e-09  8.35554e-12
      1292.27  7.63828e-09  1.05341e-11
      1292.61  1.09284e-08  1.26042e-11
      1292.94  8.48265e-09  1.13840e-11
      1293.28  6.14369e-09  9.58846e-12
      1293.61  7.88319e-09  1.19340e-11
      1293.95  1.02903e-08  1.31602e-11
      1294.28  1.52746e-08  1.58283e-11
      1294.62  1.72848e-08  1.68962e-11
      1294.95  1.47425e-08  1.56511e-11
      1295.29  1.40523e-08  1.58667e-11
      1295.62  1.21596e-08  1.51822e-11
      1295.96  8.99191e-09  1.32257e-11
      1296.29  7.78332e-09  1.24843e-11
      1296.63  8.11242e-09  1.22399e-11
      1296.97  1.00707e-08  1.29341e-11
      1297.30  1.54329e-08  1.53218e-11
      1297.64  2.05827e-08  1.75448e-11
      1297.98  1.78280e-08  1.60741e-11
      1298.31  1.14201e-08  1.27735e-11
      1298.65  6.49687e-09  9.94064e-12
      1298.99  4.88297e-09  8.65642e-12
      1299.33  8.22238e-09  1.06441e-11
      1299.66  1.45953e-08  1.39150e-11
      1300.00  1.65551e-08  1.49008e-11
      1300.34  1.42043e-08  1.49635e-11
      1300.68  9.79697e-09  1.27682e-11
      1301.02  1.01859e-08  1.28421e-11
      1301.35  1.74437e-08  1.76903e-11
      1301.69  2.09637e-08  1.95431e-11
      1302.03  2.03454e-08  1.95605e-11
      1302.37  1.82148e-08  1.78696e-11
      1302.71  2.08749e-08  1.89720e-11
      1303.05  2.30117e-08  1.90563e-11
      1303.39  2.62614e-08  2.02347e-11
      1303.73  2.84390e-08  2.37357e-11
      1304.07  2.58059e-08  2.14308e-11
      1304.41  2.68683e-08  2.01674e-11
      1304.75  2.85497e-08  2.00437e-11
      1305.09  2.98038e-08  1.99327e-11
      1305.43  3.39571e-08  2.19574e-11
      1305.77  4.13718e-08  2.30070e-11
      1306.11  4.17264e-08  2.33686e-11
      1306.46  2.80274e-08  1.83530e-11
      1306.80  1.31180e-08  1.39531e-11
      1307.14  6.93604e-09  1.09836e-11
      1307.48  4.72231e-09  9.72402e-12
      1307.82  3.76582e-09  9.14978e-12
      1308.16  3.80029e-09  9.11726e-12
      1308.51  4.51745e-09  9.88670e-12
      1308.85  3.93675e-09  1.02546e-11
      1309.19  2.54843e-09  8.53411e-12
      1309.53  2.40987e-09  7.43812e-12
      1309.88  2.38196e-09  7.38285e-12
      1310.22  2.57863e-09  7.61597e-12
      1310.56  3.38082e-09  8.07511e-12
      1310.91  6.22894e-09  9.79178e-12
      1311.25  1.14419e-08  1.31105e-11
      1311.60  1.16002e-08  1.24362e-11
      1311.94  6.99601e-09  9.54716e-12
      1312.28  3.95338e-09  8.68013e-12
      1312.63  2.21545e-09  7.31915e-12
      1312.97  1.96238e-09  6.99186e-12
      1313.32  2.74071e-09  7.98045e-12
      1313.66  4.47648e-09  1.04524e-11
      1314.01  3.73181e-09  9.38716e-12
      1314.35  2.14466e-09  7.42833e-12
      1314.70  1.61770e-09  6.81071e-12
      1315.05  1.61435e-09  6.89034e-12
      1315.39  1.84887e-09  6.86307e-12
      1315.74  2.38417e-09  7.49507e-12
      1316.08  3.72746e-09  8.59181e-12
      1316.43  7.65341e-09  1.12901e-11
      1316.78  1.29323e-08  1.44867e-11
      1317.12  1.04330e-08  1.24759e-11
      1317.47  5.60239e-09  1.00793e-11
      1317.82  2.65583e-09  7.36143e-12
      1318.17  2.67855e-09  6.92835e-12
      1318.51  4.63202e-09  8.87835e-12
      1318.86  5.92078e-09  1.09801e-11
      1319.21  4.35372e-09  1.07144e-11
      1319.56  2.25024e-09  8.94315e-12
      1319.91  2.36919e-09  8.48783e-12
      1320.25  2.36650e-09  7.70137e-12
      1320.60  2.37935e-09  7.46890e-12
      1320.95  2.91548e-09  7.86173e-12
      1321.30  4.24721e-09  8.87111e-12
      1321.65  8.70343e-09  1.18541e-11
      1322.00  1.58465e-08  1.62425e-11
      1322.35  1.37705e-08  1.48616e-11
      1322.70  7.15440e-09  1.06779e-11
      1323.05  4.44670e-09  8.35014e-12
      1323.40  4.78878e-09  8.44196e-12
      1323.75  5.50639e-09  9.18780e-12
      1324.10  5.67022e-09  9.70662e-12
      1324.45  4.19816e-09  9.05659e-12
      1324.80  2.98114e-09  8.42935e-12
      