227
      1249.95  1.16528e-08  1.88143e-11
      1250.27  5.91336e-09  1.30856e-11
      1250.58  2.00122e-09  8.39578e-12
      1250.89  1.32425e-09  7.81704e-12
      1251.20  1.71792e-09  8.83332e-12
      1251.52  2.69251e-09  1.04382e-11
      1251.83  4.69415e-09  1.27631e-11
      1252.14  6.16710e-09  1.42322e-11
      1252.46  5.95319e-09  1.38254e-11
      1252.77  5.49125e-09  1.26395e-11
      1253.09  8.86386e-09  1.44138e-11
      1253.40  1.67554e-08  1.87485e-11
      1253.71  2.10392e-08  2.10067e-11
      1254.03  1.34374e-08  1.67407e-11
      1254.34  6.54995e-09  1.24313e-11
      1254.66  7.78864e-09  1.40652e-11
      1254.97  1.21713e-08  1.84726e-11
      1255.29  8.63084e-09  1.54963e-11
      1255.60  4.03955e-09  1.09384e-11
      1255.92  4.27902e-09  1.10462e-11
      1256.23  7.31357e-09  1.30484e-11
      1256.55  1.16980e-08  1.64538e-11
      1256.87  8.78789e-09  1.42076e-11
      1257.18  4.11184e-09  1.06607e-11
      1257.50  2.89659e-09  1.00013e-11
      1257.81  3.24416e-09  1.09220e-11
      1258.13  4.07212e-09  1.18964e-11
      1258.45  4.14006e-09  1.16514e-11
      1258.76  4.33421e-09  1.11096e-11
      1259.08  7.54417e-09  1.31186e-11
      1259.40  1.53480e-08  1.81903e-11
      1259.72  2.09966e-08  2.15742e-11
      1260.03  1.62986e-08  1.90214e-11
      1260.35  1.18783e-08  1.64281e-11
      1260.67  1.47083e-08  1.94018e-11
      1260.99  1.39250e-08  1.88220e-11
      1261.30  1.11847e-08  1.62332e-11
      1261.62  1.34810e-08  1.75711e-11
      1261.94  1.43917e-08  1.68938e-11
      1262.26  1.45521e-08  1.68941e-11
      1262.58  1.10502e-08  1.42457e-11
      1262.90  1.12075e-08  1.44186e-11
      1263.22  1.68506e-08  1.84784e-11
      1263.54  1.44775e-08  1.70560e-11
      1263.86  9.18589e-09  1.37862e-11
      1264.17  7.08145e-09  1.25090e-11
      1264.49  5.19207e-09  1.03495e-11
      1264.81  5.45879e-09  9.77757e-12
      1265.13  1.06855e-08  1.29810e-11
      1265.45  1.66836e-08  1.64057e-11
      1265.77  1.52723e-08  1.59199e-11
      1266.10  8.54612e-09  1.23428e-11
      1266.42  4.38922e-09  9.77222e-12
      1266.74  3.70817e-09  9.50964e-12
      1267.06  4.99310e-09  1.04227e-11
      1267.38  1.03244e-08  1.38434e-11
      1267.70  1.89971e-08  1.85067e-11
      1268.02  2.09430e-08  1.86277e-11
      1268.34  2.05019e-08  1.84933e-11
      1268.67  1.88422e-08  1.80252e-11
      1268.99  1.83722e-08  1.88953e-11
      1269.31  1.46828e-08  1.74202e-11
      1269.63  9.66421e-09  1.45274e-11
      1269.95  7.93392e-09  1.32827e-11
      1270.28  9.51232e-09  1.37168e-11
      1270.60  1.54825e-08  1.70080e-11
      1270.92  1.89093e-08  1.80114e-11
      1271.25  2.04266e-08  1.84349e-11
      1271.57  2.01286e-08  1.89622e-11
      1271.89  1.25476e-08  1.51439e-11
      1272.22  5.59063e-09  1.08538e-11
      1272.54  3.34765e-09  9.30039e-12
      1272.86  2.70262e-09  8.47546e-12
      1273.19  2.52580e-09  7.72039e-12
      1273.51  3.01685e-09  7.72910e-12
      1273.84  4.65269e-09  8.89636e-12
      1274.16  6.23344e-09  9.96908e-12
      1274.49  8.09287e-09  1.10473e-11
      1274.81  1.40249e-08  1.50316e-11
      1275.14  1.95811e-08  1.83710e-11
      1275.46  1.80203e-08  1.80134e-11
      1275.79  1.21309e-08  1.49056e-11
      1276.11  8.03033e-09  1.18375e-11
      1276.44  1.01229e-08  1.27427e-11
      1276.76  1.71842e-08  1.67397e-11
      1277.09  1.82933e-08  1.68425e-11
      1277.42  1.86004e-08  1.80757e-11
      1277.74  1.33559e-08  1.58581e-11
      1278.07  6.25969e-09  1.16019e-11
      1278.40  3.71085e-09  1.00021e-11
      1278.72  2.86922e-09  9.31446e-12
      1279.05  2.77838e-09  8.67742e-12
      1279.38  3.67608e-09  9.14855e-12
      1279.71  5.43553e-09  1.02236e-11
      1280.03  7.36406e-09  1.18872e-11
      1280.36  6.63417e-09  1.11870e-11
      1280.69  6.86982e-09  1.17238e-11
      1281.02  8.91677e-09  1.33153e-11
      1281.34  1.30184e-08  1.61876e-11
      1281.67  1.62461e-08  1.80220e-11
      1282.00  1.25129e-08  1.47393e-11
      1282.33  1.23212e-08  1.36856e-11
      1282.66  1.92528e-08  1.66815e-11
      1282.99  2.45759e-08  1.86669e-11
      1283.32  2.47585e-08  1.92578e-11
      1283.65  1.75243e-08  1.67123e-11
      1283.98  9.23967e-09  1.27795e-11
      1284.31  5.38804e-09  1.06168e-11
      1284.64  4.06992e-09  9.62130e-12
      1284.97  4.00393e-09  9.34842e-12
      1285.30  4.85136e-09  1.00637e-11
      1285.63  4.18221e-09  8.99237e-12
      1285.96  3.77269e-09  8.48465e-12
      1286.29  5.69771e-09  1.06050e-11
      1286.62  8.14367e-09  1.33728e-11
      1286.95  7.54942e-09  1.27825e-11
      1287.28  9.24484e-09  1.41303e-11
      1287.61  1.63330e-08  1.87166e-11
      1287.95  1.94862e-08  1.93680e-11
      1288.28  1.94003e-08  1.84061e-11
      1288.61  1.92483e-08  1.75968e-11
      1288.94  1.91365e-08  1.79071e-11
      1289.27  1.37216e-08  1.49319e-11
      1289.61  1.01258e-08  1.33926e-11
      1289.94  8.07276e-09  1.24950e-11
      1290.27  5.51763e-09  1.05470e-11
      1290.61  4.63267e-09  9.74497e-12
      1290.94  3.54727e-09  8.46245e-12
      1291.27  2.62119e-09  7.23488e-12
      1291.61  3.02168e-09  7.52854e-12
      1291.94  4.96481e-09  9.20222e-12
      1292.27  8.53111e-09  1.20704e-11
      1292.61  1.21670e-08  1.55569e-11
      1292.94  9.37200e-09  1.37981e-11
      1293.28  7.21142e-09  1.22729e-11
      1293.61  9.28175e-09  1.39268e-11
      1293.95  1.19460e-08  1.48333e-11
      1294.28  1.74176e-08  1.75981e-11
      1294.62  1.97687e-08  1.85695e-11
      1294.95  1.69193e-08  1.70878e-11
      1295.29  1.59814e-08  1.73791e-11
      1295.62  1.38505e-08  1.66312e-11
      1295.96  1.01781e-08  1.46047e-11
      1296.29  8.73847e-09  1.33277e-11
      1296.63  9.05606e-09  1.29597e-11
      1296.97  1.10562e-08  1.32440e-11
      1297.30  1.66708e-08  1.55541e-11
      1297.64  2.23267e-08  1.80154e-11
      1297.98  1.94198e-08  1.67908e-11
      1298.31  1.23722e-08  1.38487e-11
      1298.65  7.09770e-09  1.12101e-11
      1298.99  5.36723e-09  1.00258e-11
      1299.33  8.99497e-09  1.26737e-11
      1299.66  1.63459e-08  1.70253e-11
      1300.00  1.87573e-08  1.77261e-11
      1300.34  1.64795e-08  1.64533e-11
      1300.68  1.14401e-08  1.36804e-11
      1301.02  1.12138e-08  1.37489e-11
      1301.35  1.98663e-08  1.96082e-11
      1301.69  2.38546e-08  2.15906e-11
      1302.03  2.30820e-08  2.13880e-11
      1302.37  1.98943e-08  1.88667e-11
      1302.71  2.31775e-08  2.00449e-11
      1303.05  2.51638e-08  1.96168e-11
      1303.39  2.86403e-08  2.05519e-11
      1303.73  3.09736e-08  2.15159e-11
      1304.07  2.84246e-08  2.05350e-11
      1304.41  2.88002e-08  2.11379e-11
      1304.75  3.05590e-08  2.22141e-11
      1305.09  3.16856e-08  2.22896e-11
      1305.43  3.73487e-08  2.39291e-11
      1305.77  4.43272e-08  2.54868e-11
      1306.11  4.44987e-08  2.58805e-11
      1306.46  3.05806e-08  2.14329e-11
      1306.80  1.53912e-08  1.55121e-11
      1307.14  8.26679e-09  1.24571e-11
      1307.48  5.65240e-09  1.10420e-11
      1307.82  4.51115e-09  1.03603e-11
      1308.16  4.49600e-09  1.03535e-11
      1308.51  5.19672e-09  1.06343e-11
      1308.85  4.30796e-09  9.30067e-12
      1309.19  3.11908e-09  8.03163e-12
      1309.53  2.79143e-09  8.19408e-12
      1309.88  2.74089e-09  7.84854e-12
      1310.22  2.94330e-09  8.12439e-12
      1310.56  3.81174e-09  8.89298e-12
      1310.91  6.80420e-09  1.09811e-11
      1311.25  1.21163e-08  1.41993e-11
      1311.60  1.25094e-08  1.39214e-11
      1311.94  7.70378e-09  1.08264e-11
      1312.28  4.08635e-09  8.38945e-12
      1312.63  2.77900e-09  7.73744e-12
      1312.97  2.39342e-09  7.61009e-12
      1313.32  3.18537e-09  8.78672e-12
      1313.66  5.21700e-09  1.12036e-11
      1314.01  4.51614e-09  1.03395e-11
      1314.35  2.56500e-09  8.06499e-12
      1314.70  1.94785e-09  7.03739e-12
      1315.05  1.90947e-09  6.92241e-12
      1315.39  2.14718e-09  7.25966e-12
      1315.74  2.72088e-09  7.95896e-12
      1316.08  4.08481e-09  9.19618e-12
      1316.43  8.17156e-09  1.22058e-11
      1316.78  1.43904e-08  1.63021e-11
      1317.12  1.13112e-08  1.37742e-11
      1317.47  5.30093e-09  9.29389e-12
      1317.82  3.14081e-09  7.40166e-12
      1318.17  3.26090e-09  7.62343e-12
      1318.51  5.52392e-09  1.01789e-11
      1318.86  6.90066e-09  1.19668e-11
      1319.21  4.68512e-09  1.02939e-11
      1319.56  2.78519e-09  8.78768e-12
      1319.91  2.79457e-09  8.85127e-12
      1320.25  2.81190e-09  8.58807e-12
      1320.60  2.79629e-09  8.23129e-12
      1320.95  3.38262e-09  8.44899e-12
      1321.30  4.85047e-09  9.63415e-12
      1321.65  9.60051e-09  1.30715e-11
      1322.00  1.69984e-08  1.80741e-11
      1322.35  1.50830e-08  1.68365e-11
      1322.70  7.90878e-09  1.18848e-11
      1323.05  4.90207e-09  9.38388e-12
      1323.40  5.26995e-09  9.38550e-12
      1323.75  6.32578e-09  1.00322e-11
      1324.10  6.66095e-09  1.06068e-11
      1324.45  5.04498e-09  9.72075e-12
      1324.80  3.56457e-09  8.95321e-12
      