227
      1249.95  3.25254e-08  2.96398e-11
      1250.27  1.72088e-08  2.11287e-11
      1250.58  6.96594e-09  1.37803e-11
      1250.89  5.14067e-09  1.25115e-11
      1251.20  6.39155e-09  1.41779e-11
      1251.52  8.91010e-09  1.64883e-11
      1251.83  1.44121e-08  2.11815e-11
      1252.14  1.88433e-08  2.39084e-11
      1252.46  1.87429e-08  2.35244e-11
      1252.77  1.73504e-08  2.14464e-11
      1253.09  2.53623e-08  2.45942e-11
      1253.40  4.35865e-08  3.34227e-11
      1253.71  5.54978e-08  4.12517e-11
      1254.03  3.18129e-08  2.73837e-11
      1254.34  1.97048e-08  2.16612e-11
      1254.66  2.28633e-08  2.33647e-11
      1254.97  3.34991e-08  2.95655e-11
      1255.29  2.43103e-08  2.40840e-11
      1255.60  1.29359e-08  1.70206e-11
      1255.92  1.37586e-08  1.71257e-11
      1256.23  2.09031e-08  1.95117e-11
      1256.55  3.14112e-08  2.60687e-11
      1256.87  2.37066e-08  2.17859e-11
      1257.18  1.28858e-08  1.54595e-11
      1257.50  9.67162e-09  1.41180e-11
      1257.81  1.04977e-08  1.45729e-11
      1258.13  1.27876e-08  1.58729e-11
      1258.45  1.31728e-08  1.52575e-11
      1258.76  1.38979e-08  1.46852e-11
      1259.08  2.16417e-08  1.72164e-11
      1259.40  3.90794e-08  2.33807e-11
      1259.72  5.18667e-08  2.89199e-11
      1260.03  4.09373e-08  2.44078e-11
      1260.35  3.08453e-08  2.18291e-11
      1260.67  3.72672e-08  2.66590e-11
      1260.99  3.66232e-08  2.65868e-11
      1261.30  3.04251e-08  2.08975e-11
      1261.62  3.58842e-08  2.28626e-11
      1261.94  3.77141e-08  2.34362e-11
      1262.26  3.65920e-08  2.37775e-11
      1262.58  2.80851e-08  2.46683e-11
      1262.90  3.01991e-08  2.38323e-11
      1263.22  4.25681e-08  3.05326e-11
      1263.54  3.73431e-08  2.80963e-11
      1263.86  2.61726e-08  2.32954e-11
      1264.17  2.15381e-08  2.12771e-11
      1264.49  1.66264e-08  1.79665e-11
      1264.81  1.70413e-08  1.70853e-11
      1265.13  2.92167e-08  2.26475e-11
      1265.45  4.33397e-08  2.93773e-11
      1265.77  3.99946e-08  2.68997e-11
      1266.10  2.42829e-08  2.05296e-11
      1266.42  1.42705e-08  1.62368e-11
      1266.74  1.23537e-08  1.51510e-11
      1267.06  1.55115e-08  1.61853e-11
      1267.38  2.73378e-08  2.02260e-11
      1267.70  4.47835e-08  2.75452e-11
      1268.02  4.92914e-08  2.92126e-11
      1268.34  4.75639e-08  2.70061e-11
      1268.67  4.56541e-08  2.63352e-11
      1268.99  4.56588e-08  3.12809e-11
      1269.31  3.77666e-08  2.50135e-11
      1269.63  2.62871e-08  1.99410e-11
      1269.95  2.28458e-08  1.71957e-11
      1270.28  2.59478e-08  1.75995e-11
      1270.60  3.76473e-08  2.17831e-11
      1270.92  4.63994e-08  2.47445e-11
      1271.25  4.85313e-08  2.61796e-11
      1271.57  4.79619e-08  2.86701e-11
      1271.89  3.23856e-08  2.05358e-11
      1272.22  1.71421e-08  1.50996e-11
      1272.54  1.15001e-08  1.39109e-11
      1272.86  9.47349e-09  1.39775e-11
      1273.19  8.87151e-09  1.32223e-11
      1273.51  1.01877e-08  1.33417e-11
      1273.84  1.44357e-08  1.54584e-11
      1274.16  1.86324e-08  1.74638e-11
      1274.49  2.30903e-08  1.95884e-11
      1274.81  3.41604e-08  3.00646e-11
      1275.14  4.51751e-08  2.67878e-11
      1275.46  4.31940e-08  3.53224e-11
      1275.79  3.15871e-08  2.76529e-11
      1276.11  2.30547e-08  1.91999e-11
      1276.44  2.71885e-08  1.96698e-11
      1276.76  3.92572e-08  2.23421e-11
      1277.09  4.40012e-08  2.61861e-11
      1277.42  4.26366e-08  2.88686e-11
      1277.74  2.86693e-08  2.57678e-11
      1278.07  1.78893e-08  1.57389e-11
      1278.40  1.17828e-08  1.29073e-11
      1278.72  9.41172e-09  1.14447e-11
      1279.05  9.19024e-09  1.09111e-11
      1279.38  1.16194e-08  1.16864e-11
      1279.71  1.55193e-08  1.39850e-11
      1280.03  1.94014e-08  1.60425e-11
      1280.36  1.85476e-08  1.60714e-11
      1280.69  2.00337e-08  1.60713e-11
      1281.02  2.53392e-08  1.85692e-11
      1281.34  3.33071e-08  2.37500e-11
      1281.67  3.78939e-08  3.05173e-11
      1282.00  3.08956e-08  2.77584e-11
      1282.33  3.31614e-08  2.35363e-11
      1282.66  4.72946e-08  2.95896e-11
      1282.99  5.83469e-08  3.12483e-11
      1283.32  5.78531e-08  3.10149e-11
      1283.65  4.35298e-08  2.71065e-11
      1283.98  2.58818e-08  2.09518e-11
      1284.31  1.64894e-08  1.70438e-11
      1284.64  1.28432e-08  1.48101e-11
      1284.97  1.22541e-08  1.44181e-11
      1285.30  1.29701e-08  1.45396e-11
      1285.63  1.21259e-08  1.45113e-11
      1285.96  1.15678e-08  1.21085e-11
      1286.29  1.54182e-08  1.46691e-11
      1286.62  2.22934e-08  1.82463e-11
      1286.95  2.08905e-08  1.64885e-11
      1287.28  2.34099e-08  1.77382e-11
      1287.61  3.89923e-08  2.33327e-11
      1287.95  4.74164e-08  2.69734e-11
      1288.28  4.68754e-08  2.40258e-11
      1288.61  4.71233e-08  2.65768e-11
      1288.94  4.50694e-08  2.55227e-11
      1289.27  3.40474e-08  2.39753e-11
      1289.61  2.76571e-08  2.25147e-11
      1289.94  2.33367e-08  2.14444e-11
      1290.27  1.66742e-08  1.78950e-11
      1290.61  1.45323e-08  1.72034e-11
      1290.94  1.13227e-08  1.43367e-11
      1291.27  8.65489e-09  1.20606e-11
      1291.61  9.84296e-09  1.23637e-11
      1291.94  1.51335e-08  1.52049e-11
      1292.27  2.36053e-08  1.87527e-11
      1292.61  3.21690e-08  2.26726e-11
      1292.94  2.52433e-08  1.93049e-11
      1293.28  2.07879e-08  1.70568e-11
      1293.61  2.60966e-08  1.87100e-11
      1293.95  3.12828e-08  1.91493e-11
      1294.28  4.01233e-08  2.56368e-11
      1294.62  4.32726e-08  1.94872e-11
      1294.95  4.04469e-08  2.45981e-11
      1295.29  4.10291e-08  2.25510e-11
      1295.62  3.71379e-08  2.26225e-11
      1295.96  2.87120e-08  1.99616e-11
      1296.29  2.53030e-08  1.83962e-11
      1296.63  2.57471e-08  1.94259e-11
      1296.97  3.02449e-08  2.20098e-11
      1297.30  4.19387e-08  2.60440e-11
      1297.64  5.35195e-08  3.12375e-11
      1297.98  4.83196e-08  2.84026e-11
      1298.31  3.41168e-08  2.36937e-11
      1298.65  2.16326e-08  1.90051e-11
      1298.99  1.71659e-08  1.66378e-11
      1299.33  2.51306e-08  1.94649e-11
      1299.66  4.03574e-08  2.37728e-11
      1300.00  4.55209e-08  2.39732e-11
      1300.34  4.12114e-08  2.25625e-11
      1300.68  3.17259e-08  1.88560e-11
      1301.02  3.02712e-08  1.91629e-11
      1301.35  4.67485e-08  2.36008e-11
      1301.69  5.56725e-08  2.62908e-11
      1302.03  5.37820e-08  2.73323e-11
      1302.37  4.67043e-08  2.67498e-11
      1302.71  5.16568e-08  2.50552e-11
      1303.05  5.73637e-08  2.95170e-11
      1303.39  6.21648e-08  2.61108e-11
      1303.73  6.71375e-08  2.83066e-11
      1304.07  6.32888e-08  3.43573e-11
      1304.41  6.41718e-08  4.28493e-11
      1304.75  6.90944e-08  3.98186e-11
      1305.09  7.07565e-08  3.41931e-11
      1305.43  7.96656e-08  3.56464e-11
      1305.77  8.97565e-08  3.96443e-11
      1306.11  8.85323e-08  3.65615e-11
      1306.46  6.50075e-08  2.87734e-11
      1306.80  3.71414e-08  2.12242e-11
      1307.14  2.38233e-08  1.95247e-11
      1307.48  1.65087e-08  1.79374e-11
      1307.82  1.33307e-08  1.46455e-11
      1308.16  1.31827e-08  1.36507e-11
      1308.51  1.54449e-08  1.45983e-11
      1308.85  1.36738e-08  1.41929e-11
      1309.19  9.77411e-09  1.29818e-11
      1309.53  8.98720e-09  1.04352e-11
      1309.88  8.88640e-09  1.18810e-11
      1310.22  9.36097e-09  1.28380e-11
      1310.56  1.16164e-08  1.48579e-11
      1310.91  1.83602e-08  1.87111e-11
      1311.25  3.11918e-08  2.53042e-11
      1311.60  3.17594e-08  2.24830e-11
      1311.94  2.07549e-08  1.71034e-11
      1312.28  1.22051e-08  1.30873e-11
      1312.63  8.67914e-09  1.13497e-11
      1312.97  7.59200e-09  1.07379e-11
      1313.32  9.70066e-09  1.17266e-11
      1313.66  1.44054e-08  1.42316e-11
      1314.01  1.28169e-08  1.29421e-11
      1314.35  8.28683e-09  1.05917e-11
      1314.70  6.38918e-09  9.29882e-12
      1315.05  6.34102e-09  8.97493e-12
      1315.39  7.05616e-09  9.50048e-12
      1315.74  8.71328e-09  1.08540e-11
      1316.08  1.23361e-08  1.33004e-11
      1316.43  2.13027e-08  1.88599e-11
      1316.78  3.42350e-08  2.57520e-11
      1317.12  2.87853e-08  2.24792e-11
      1317.47  1.54147e-08  1.54386e-11
      1317.82  9.92305e-09  1.23515e-11
      1318.17  9.93865e-09  1.20428e-11
      1318.51  1.55644e-08  1.53501e-11
      1318.86  1.93244e-08  1.77731e-11
      1319.21  1.33634e-08  1.43246e-11
      1319.56  8.26197e-09  1.15510e-11
      1319.91  7.94574e-09  1.12925e-11
      1320.25  8.67726e-09  1.18811e-11
      1320.60  8.73803e-09  1.00933e-11
      1320.95  1.03342e-08  1.09177e-11
      1321.30  1.39874e-08  1.27174e-11
      1321.65  2.44583e-08  1.71858e-11
      1322.00  4.11072e-08  2.39691e-11
      1322.35  3.74866e-08  2.37922e-11
      1322.70  2.33924e-08  2.18140e-11
      1323.05  1.44455e-08  1.65200e-11
      1323.40  1.57370e-08  1.69301e-11
      1323.75  1.82845e-08  1.76759e-11
      1324.10  1.88052e-08  1.76225e-11
      1324.45  1.44702e-08  1.50141e-11
      1324.80  1.08479e-08  1.27853e-11
      