227
      1249.95  2.59180e-08  2.25381e-11
      1250.27  1.37832e-08  1.58436e-11
      1250.58  5.28368e-09  1.04360e-11
      1250.89  3.74382e-09  9.68017e-12
      1251.20  4.75036e-09  1.08185e-11
      1251.52  6.95862e-09  1.28123e-11
      1251.83  1.13921e-08  1.64158e-11
      1252.14  1.49198e-08  1.88091e-11
      1252.46  1.47587e-08  1.87180e-11
      1252.77  1.38863e-08  1.72120e-11
      1253.09  2.08712e-08  1.97790e-11
      1253.40  3.63577e-08  2.55651e-11
      1253.71  4.38887e-08  2.82761e-11
      1254.03  2.91542e-08  2.28155e-11
      1254.34  1.60463e-08  1.74118e-11
      1254.66  1.84856e-08  1.97821e-11
      1254.97  2.64697e-08  2.49559e-11
      1255.29  1.92303e-08  2.08611e-11
      1255.60  1.00368e-08  1.48678e-11
      1255.92  1.06411e-08  1.50676e-11
      1256.23  1.68033e-08  1.73952e-11
      1256.55  2.49218e-08  2.12142e-11
      1256.87  1.91021e-08  1.83581e-11
      1257.18  9.82420e-09  1.36556e-11
      1257.50  7.19143e-09  1.23588e-11
      1257.81  7.91102e-09  1.31900e-11
      1258.13  9.68420e-09  1.45093e-11
      1258.45  9.94324e-09  1.41464e-11
      1258.76  1.05968e-08  1.34519e-11
      1259.08  1.71244e-08  1.57096e-11
      1259.40  3.16509e-08  2.08004e-11
      1259.72  4.15207e-08  2.41087e-11
      1260.03  3.30827e-08  2.12625e-11
      1260.35  2.54818e-08  1.87872e-11
      1260.67  3.07884e-08  2.18205e-11
      1260.99  2.95080e-08  2.14746e-11
      1261.30  2.46207e-08  1.88535e-11
      1261.62  2.88818e-08  2.03548e-11
      1261.94  3.07435e-08  1.98792e-11
      1262.26  3.08691e-08  2.00178e-11
      1262.58  2.43881e-08  1.74033e-11
      1262.90  2.50626e-08  1.78657e-11
      1263.22  3.51800e-08  2.26921e-11
      1263.54  3.07905e-08  2.16228e-11
      1263.86  2.11359e-08  1.82010e-11
      1264.17  1.70522e-08  1.68092e-11
      1264.49  1.30433e-08  1.42715e-11
      1264.81  1.36016e-08  1.37663e-11
      1265.13  2.41598e-08  1.81144e-11
      1265.45  3.55357e-08  2.26897e-11
      1265.77  3.18972e-08  2.25535e-11
      1266.10  1.90906e-08  1.70644e-11
      1266.42  1.09342e-08  1.35240e-11
      1266.74  9.40365e-09  1.30521e-11
      1267.06  1.20799e-08  1.42833e-11
      1267.38  2.22542e-08  1.81200e-11
      1267.70  3.77710e-08  2.31964e-11
      1268.02  4.12242e-08  2.29348e-11
      1268.34  4.06314e-08  2.27357e-11
      1268.67  3.76575e-08  2.17906e-11
      1268.99  3.67387e-08  2.23688e-11
      1269.31  2.99375e-08  2.04787e-11
      1269.63  2.09733e-08  1.72340e-11
      1269.95  1.77828e-08  1.57069e-11
      1270.28  2.07192e-08  1.61228e-11
      1270.60  3.16024e-08  1.93712e-11
      1270.92  3.78985e-08  2.03708e-11
      1271.25  4.09845e-08  2.10221e-11
      1271.57  4.03283e-08  2.16198e-11
      1271.89  2.59695e-08  1.77975e-11
      1272.22  1.30684e-08  1.31813e-11
      1272.54  8.62445e-09  1.13782e-11
      1272.86  7.20104e-09  1.07582e-11
      1273.19  6.76505e-09  1.02394e-11
      1273.51  7.84637e-09  1.04534e-11
      1273.84  1.14483e-08  1.21460e-11
      1274.16  1.49223e-08  1.38090e-11
      1274.49  1.87078e-08  1.53389e-11
      1274.81  3.04306e-08  2.05972e-11
      1275.14  4.08229e-08  2.49409e-11
      1275.46  3.74984e-08  2.43751e-11
      1275.79  2.61701e-08  2.02740e-11
      1276.11  1.81524e-08  1.65434e-11
      1276.44  2.12062e-08  1.72988e-11
      1276.76  3.72508e-08  2.45041e-11
      1277.09  3.64247e-08  2.11958e-11
      1277.42  3.69077e-08  2.21480e-11
      1277.74  2.67777e-08  1.89324e-11
      1278.07  1.37705e-08  1.38194e-11
      1278.40  8.77536e-09  1.18793e-11
      1278.72  6.93659e-09  1.06646e-11
      1279.05  6.78318e-09  9.99005e-12
      1279.38  8.82730e-09  1.07891e-11
      1279.71  1.24540e-08  1.19860e-11
      1280.03  1.63947e-08  1.38472e-11
      1280.36  1.49094e-08  1.29549e-11
      1280.69  1.58217e-08  1.39961e-11
      1281.02  2.02041e-08  1.61897e-11
      1281.34  2.81318e-08  1.95909e-11
      1281.67  3.36588e-08  2.21132e-11
      1282.00  2.67923e-08  1.87263e-11
      1282.33  2.72785e-08  1.82098e-11
      1282.66  3.98772e-08  2.20299e-11
      1282.99  4.89286e-08  2.44751e-11
      1283.32  4.85186e-08  2.53037e-11
      1283.65  3.55589e-08  2.23263e-11
      1283.98  2.05526e-08  1.75810e-11
      1284.31  1.28719e-08  1.46322e-11
      1284.64  9.89033e-09  1.30715e-11
      1284.97  9.69762e-09  1.24217e-11
      1285.30  1.12388e-08  1.29652e-11
      1285.63  9.73621e-09  1.14960e-11
      1285.96  8.99962e-09  1.08274e-11
      1286.29  1.27751e-08  1.29234e-11
      1286.62  1.72626e-08  1.55915e-11
      1286.95  1.63895e-08  1.49765e-11
      1287.28  1.98723e-08  1.62807e-11
      1287.61  3.24565e-08  2.10060e-11
      1287.95  3.84172e-08  2.17487e-11
      1288.28  3.87501e-08  2.10425e-11
      1288.61  3.88797e-08  2.04249e-11
      1288.94  3.81735e-08  2.07043e-11
      1289.27  2.87477e-08  1.81117e-11
      1289.61  2.25409e-08  1.71391e-11
      1289.94  1.86081e-08  1.63985e-11
      1290.27  1.33363e-08  1.42481e-11
      1290.61  1.13319e-08  1.35526e-11
      1290.94  8.83071e-09  1.18443e-11
      1291.27  6.71189e-09  1.02360e-11
      1291.61  7.67301e-09  1.05238e-11
      1291.94  1.19464e-08  1.28549e-11
      1292.27  1.90559e-08  1.63467e-11
      1292.61  2.55155e-08  1.97583e-11
      1292.94  2.01689e-08  1.73720e-11
      1293.28  1.64032e-08  1.57364e-11
      1293.61  2.06011e-08  1.73842e-11
      1293.95  2.53108e-08  1.79400e-11
      1294.28  3.46541e-08  2.01621e-11
      1294.62  3.88734e-08  2.09769e-11
      1294.95  3.42281e-08  1.92423e-11
      1295.29  3.30568e-08  1.96971e-11
      1295.62  2.94835e-08  1.91620e-11
      1295.96  2.27677e-08  1.70531e-11
      1296.29  2.00330e-08  1.62917e-11
      1296.63  2.07795e-08  1.63414e-11
      1296.97  2.47265e-08  1.71940e-11
      1297.30  3.49009e-08  2.00454e-11
      1297.64  4.51744e-08  2.33694e-11
      1297.98  4.01785e-08  2.23429e-11
      1298.31  2.74942e-08  1.92583e-11
      1298.65  1.68784e-08  1.56864e-11
      1298.99  1.31453e-08  1.41639e-11
      1299.33  2.00475e-08  1.72845e-11
      1299.66  3.35401e-08  2.21703e-11
      1300.00  3.73898e-08  2.21955e-11
      1300.34  3.33200e-08  2.04264e-11
      1300.68  2.37348e-08  1.65303e-11
      1301.02  2.34745e-08  1.62399e-11
      1301.35  3.87790e-08  2.22431e-11
      1301.69  4.56022e-08  2.38922e-11
      1302.03  4.41262e-08  2.37437e-11
      1302.37  3.92633e-08  2.13273e-11
      1302.71  4.45934e-08  2.26745e-11
      1303.05  4.83755e-08  2.26898e-11
      1303.39  5.42509e-08  2.40865e-11
      1303.73  5.76852e-08  2.53677e-11
      1304.07  5.45078e-08  2.53590e-11
      1304.41  5.55899e-08  2.69809e-11
      1304.75  5.81875e-08  2.88132e-11
      1305.09  6.00044e-08  2.94091e-11
      1305.43  6.75123e-08  3.13120e-11
      1305.77  7.61505e-08  3.33571e-11
      1306.11  7.57529e-08  3.17580e-11
      1306.46  5.36112e-08  2.70672e-11
      1306.80  2.99980e-08  1.95098e-11
      1307.14  1.80291e-08  1.53885e-11
      1307.48  1.29157e-08  1.35765e-11
      1307.82  1.04569e-08  1.23291e-11
      1308.16  1.03553e-08  1.20042e-11
      1308.51  1.18609e-08  1.24443e-11
      1308.85  1.00473e-08  1.09797e-11
      1309.19  7.56465e-09  9.59240e-12
      1309.53  6.95363e-09  9.29442e-12
      1309.88  6.83938e-09  9.60414e-12
      1310.22  7.30664e-09  1.03201e-11
      1310.56  9.12767e-09  1.18392e-11
      1310.91  1.38286e-08  1.56451e-11
      1311.25  2.81068e-08  2.24434e-11
      1311.60  2.63381e-08  2.00025e-11
      1311.94  1.62872e-08  1.50076e-11
      1312.28  9.36831e-09  1.13026e-11
      1312.63  6.60492e-09  1.00137e-11
      1312.97  5.69528e-09  9.53149e-12
      1313.32  7.33944e-09  1.06366e-11
      1313.66  1.16864e-08  1.37754e-11
      1314.01  9.87873e-09  1.29817e-11
      1314.35  5.91189e-09  9.16829e-12
      1314.70  4.70526e-09  8.02682e-12
      1315.05  4.71717e-09  7.97953e-12
      1315.39  5.32575e-09  8.47900e-12
      1315.74  6.69963e-09  9.55410e-12
      1316.08  9.81935e-09  1.14768e-11
      1316.43  1.81900e-08  1.57586e-11
      1316.78  2.87851e-08  2.07254e-11
      1317.12  2.33286e-08  1.81808e-11
      1317.47  1.24556e-08  1.31241e-11
      1317.82  7.83965e-09  1.05313e-11
      1318.17  8.01684e-09  1.07238e-11
      1318.51  1.24742e-08  1.33918e-11
      1318.86  1.50005e-08  1.52727e-11
      1319.21  1.08026e-08  1.35074e-11
      1319.56  7.09072e-09  1.00056e-11
      1319.91  6.57694e-09  1.08992e-11
      1320.25  6.59870e-09  9.79041e-12
      1320.60  6.66924e-09  9.35859e-12
      1320.95  8.00604e-09  9.80591e-12
      1321.30  1.11693e-08  1.13744e-11
      1321.65  2.00613e-08  1.53390e-11
      1322.00  3.35161e-08  2.11525e-11
      1322.35  3.02703e-08  2.06180e-11
      1322.70  1.70848e-08  1.54474e-11
      1323.05  1.15372e-08  1.28329e-11
      1323.40  1.25217e-08  1.31754e-11
      1323.75  1.46493e-08  1.40358e-11
      1324.10  1.52845e-08  1.45247e-11
      1324.45  1.14376e-08  1.26237e-11
      1324.80  8.29337e-09  1.14018e-11
      