227
      1249.95  2.85560e-08  2.45962e-11
      1250.27  1.48827e-08  1.69815e-11
      1250.58  5.60688e-09  1.09083e-11
      1250.89  4.14038e-09  9.97569e-12
      1251.20  5.28679e-09  1.11473e-11
      1251.52  7.61334e-09  1.31467e-11
      1251.83  1.25574e-08  1.71767e-11
      1252.14  1.64821e-08  1.97871e-11
      1252.46  1.63858e-08  1.99244e-11
      1252.77  1.52523e-08  1.86627e-11
      1253.09  2.26683e-08  2.16096e-11
      1253.40  3.96281e-08  2.79699e-11
      1253.71  4.85185e-08  3.12982e-11
      1254.03  3.20159e-08  2.49685e-11
      1254.34  1.73629e-08  1.88338e-11
      1254.66  2.00675e-08  2.13213e-11
      1254.97  2.93202e-08  2.75121e-11
      1255.29  2.13103e-08  2.31595e-11
      1255.60  1.08855e-08  1.63860e-11
      1255.92  1.16921e-08  1.67594e-11
      1256.23  1.82076e-08  1.93923e-11
      1256.55  2.72715e-08  2.39231e-11
      1256.87  2.09766e-08  2.05138e-11
      1257.18  1.07110e-08  1.50513e-11
      1257.50  7.93744e-09  1.38285e-11
      1257.81  8.68065e-09  1.46526e-11
      1258.13  1.06246e-08  1.63372e-11
      1258.45  1.09412e-08  1.59831e-11
      1258.76  1.15994e-08  1.51873e-11
      1259.08  1.85156e-08  1.77522e-11
      1259.40  3.38621e-08  2.33563e-11
      1259.72  4.44986e-08  2.68656e-11
      1260.03  3.55168e-08  2.34826e-11
      1260.35  2.70848e-08  2.04072e-11
      1260.67  3.28652e-08  2.35112e-11
      1260.99  3.17054e-08  2.30524e-11
      1261.30  2.62780e-08  2.01704e-11
      1261.62  3.09940e-08  2.18774e-11
      1261.94  3.31048e-08  2.14539e-11
      1262.26  3.33134e-08  2.13798e-11
      1262.58  2.65549e-08  1.85563e-11
      1262.90  2.70658e-08  1.89763e-11
      1263.22  3.81023e-08  2.40311e-11
      1263.54  3.34990e-08  2.29382e-11
      1263.86  2.30848e-08  1.93947e-11
      1264.17  1.87881e-08  1.80935e-11
      1264.49  1.44760e-08  1.56063e-11
      1264.81  1.50246e-08  1.51344e-11
      1265.13  2.63990e-08  1.98655e-11
      1265.45  3.89035e-08  2.46940e-11
      1265.77  3.55790e-08  2.38801e-11
      1266.10  2.11408e-08  1.87535e-11
      1266.42  1.21233e-08  1.49956e-11
      1266.74  1.04579e-08  1.44732e-11
      1267.06  1.33263e-08  1.59896e-11
      1267.38  2.41758e-08  2.05493e-11
      1267.70  4.05998e-08  2.60660e-11
      1268.02  4.43473e-08  2.58972e-11
      1268.34  4.36705e-08  2.55251e-11
      1268.67  4.04273e-08  2.43166e-11
      1268.99  3.94073e-08  2.47735e-11
      1269.31  3.21648e-08  2.25932e-11
      1269.63  2.27213e-08  1.91032e-11
      1269.95  1.92816e-08  1.73978e-11
      1270.28  2.23297e-08  1.77079e-11
      1270.60  3.37573e-08  2.10442e-11
      1270.92  4.04461e-08  2.20193e-11
      1271.25  4.37996e-08  2.24175e-11
      1271.57  4.30664e-08  2.28390e-11
      1271.89  2.81234e-08  1.87081e-11
      1272.22  1.43960e-08  1.39633e-11
      1272.54  9.56980e-09  1.21802e-11
      1272.86  8.02958e-09  1.14596e-11
      1273.19  7.55135e-09  1.09754e-11
      1273.51  8.78217e-09  1.13715e-11
      1273.84  1.26644e-08  1.32595e-11
      1274.16  1.64188e-08  1.50875e-11
      1274.49  2.07406e-08  1.69747e-11
      1274.81  3.32093e-08  2.26699e-11
      1275.14  4.40116e-08  2.71677e-11
      1275.46  4.04301e-08  2.66280e-11
      1275.79  2.84988e-08  2.25427e-11
      1276.11  2.01951e-08  1.84612e-11
      1276.44  2.43136e-08  1.93480e-11
      1276.76  3.69289e-08  2.37306e-11
      1277.09  3.91884e-08  2.36575e-11
      1277.42  3.91223e-08  2.42375e-11
      1277.74  2.86538e-08  2.09820e-11
      1278.07  1.52543e-08  1.55547e-11
      1278.40  9.71547e-09  1.30575e-11
      1278.72  7.66699e-09  1.16880e-11
      1279.05  7.52528e-09  1.09921e-11
      1279.38  9.69677e-09  1.16928e-11
      1279.71  1.36125e-08  1.30521e-11
      1280.03  1.73792e-08  1.46608e-11
      1280.36  1.63959e-08  1.40496e-11
      1280.69  1.73690e-08  1.49964e-11
      1281.02  2.22220e-08  1.74111e-11
      1281.34  3.05604e-08  2.10434e-11
      1281.67  3.57789e-08  2.32558e-11
      1282.00  2.97089e-08  2.04768e-11
      1282.33  3.03416e-08  2.00661e-11
      1282.66  4.30110e-08  2.41085e-11
      1282.99  5.26131e-08  2.68816e-11
      1283.32  5.19957e-08  2.76646e-11
      1283.65  3.86425e-08  2.47138e-11
      1283.98  2.27424e-08  1.94674e-11
      1284.31  1.42194e-08  1.62248e-11
      1284.64  1.09104e-08  1.43842e-11
      1284.97  1.06356e-08  1.38459e-11
      1285.30  1.20860e-08  1.42417e-11
      1285.63  1.07016e-08  1.28282e-11
      1285.96  9.90801e-09  1.18878e-11
      1286.29  1.38135e-08  1.41744e-11
      1286.62  1.84838e-08  1.67809e-11
      1286.95  1.79348e-08  1.62847e-11
      1287.28  2.15144e-08  1.74569e-11
      1287.61  3.44373e-08  2.22068e-11
      1287.95  4.12165e-08  2.33340e-11
      1288.28  4.16552e-08  2.24043e-11
      1288.61  4.19522e-08  2.19941e-11
      1288.94  4.11443e-08  2.21751e-11
      1289.27  3.13978e-08  1.96697e-11
      1289.61  2.45373e-08  1.85282e-11
      1289.94  2.05505e-08  1.80536e-11
      1290.27  1.48184e-08  1.57060e-11
      1290.61  1.25401e-08  1.49446e-11
      1290.94  9.83465e-09  1.31712e-11
      1291.27  7.43297e-09  1.11211e-11
      1291.61  8.49032e-09  1.16157e-11
      1291.94  1.30916e-08  1.42487e-11
      1292.27  2.06067e-08  1.80145e-11
      1292.61  2.76139e-08  2.18198e-11
      1292.94  2.19153e-08  1.92086e-11
      1293.28  1.76479e-08  1.69995e-11
      1293.61  2.22702e-08  1.88363e-11
      1293.95  2.71904e-08  1.94293e-11
      1294.28  3.72345e-08  2.18507e-11
      1294.62  4.19317e-08  2.25482e-11
      1294.95  3.68390e-08  2.06431e-11
      1295.29  3.57716e-08  2.09813e-11
      1295.62  3.21331e-08  2.03458e-11
      1295.96  2.49075e-08  1.82760e-11
      1296.29  2.20252e-08  1.76407e-11
      1296.63  2.28515e-08  1.79324e-11
      1296.97  2.70587e-08  1.90144e-11
      1297.30  3.80346e-08  2.23406e-11
      1297.64  4.91079e-08  2.61819e-11
      1297.98  4.37325e-08  2.49822e-11
      1298.31  3.01019e-08  2.14173e-11
      1298.65  1.86187e-08  1.74490e-11
      1298.99  1.45429e-08  1.56702e-11
      1299.33  2.18307e-08  1.91109e-11
      1299.66  3.58587e-08  2.41653e-11
      1300.00  3.99970e-08  2.42239e-11
      1300.34  3.56020e-08  2.20047e-11
      1300.68  2.57972e-08  1.79682e-11
      1301.02  2.54570e-08  1.75750e-11
      1301.35  4.13989e-08  2.36318e-11
      1301.69  4.89240e-08  2.53772e-11
      1302.03  4.74588e-08  2.51063e-11
      1302.37  4.23077e-08  2.27848e-11
      1302.71  4.80291e-08  2.42829e-11
      1303.05  5.22472e-08  2.46651e-11
      1303.39  5.85267e-08  2.64588e-11
      1303.73  6.25616e-08  2.83537e-11
      1304.07  5.86988e-08  2.82153e-11
      1304.41  5.99128e-08  2.99946e-11
      1304.75  6.27722e-08  3.19652e-11
      1305.09  6.41748e-08  3.22148e-11
      1305.43  7.25557e-08  3.42850e-11
      1305.77  8.22216e-08  3.54212e-11
      1306.11  8.11901e-08  3.46031e-11
      1306.46  5.78052e-08  2.83735e-11
      1306.80  3.21454e-08  2.08212e-11
      1307.14  1.93187e-08  1.67050e-11
      1307.48  1.39786e-08  1.43933e-11
      1307.82  1.14019e-08  1.30507e-11
      1308.16  1.13330e-08  1.26023e-11
      1308.51  1.31105e-08  1.33831e-11
      1308.85  1.10064e-08  1.16532e-11
      1309.19  8.40588e-09  1.01789e-11
      1309.53  7.74279e-09  1.02092e-11
      1309.88  7.61841e-09  1.05309e-11
      1310.22  8.12288e-09  1.13557e-11
      1310.56  1.01652e-08  1.30080e-11
      1310.91  1.66513e-08  1.65849e-11
      1311.25  2.80111e-08  2.17250e-11
      1311.60  2.82724e-08  2.11356e-11
      1311.94  1.80141e-08  1.63730e-11
      1312.28  1.03402e-08  1.24828e-11
      1312.63  7.23901e-09  1.08251e-11
      1312.97  6.28430e-09  1.03183e-11
      1313.32  8.17639e-09  1.16157e-11
      1313.66  1.23529e-08  1.43436e-11
      1314.01  1.07017e-08  1.27945e-11
      1314.35  6.68884e-09  9.74148e-12
      1314.70  5.26859e-09  8.56901e-12
      1315.05  5.25226e-09  8.39631e-12
      1315.39  5.94454e-09  9.12226e-12
      1315.74  7.49213e-09  1.05348e-11
      1316.08  1.10048e-08  1.28599e-11
      1316.43  1.99187e-08  1.77282e-11
      1316.78  3.06791e-08  2.33968e-11
      1317.12  2.55763e-08  2.08429e-11
      1317.47  1.36689e-08  1.46842e-11
      1317.82  8.63618e-09  1.18263e-11
      1318.17  8.74406e-09  1.16545e-11
      1318.51  1.34161e-08  1.46985e-11
      1318.86  1.62797e-08  1.66143e-11
      1319.21  1.15147e-08  1.39103e-11
      1319.56  7.02605e-09  1.10330e-11
      1319.91  7.06454e-09  1.08982e-11
      1320.25  7.30244e-09  1.03610e-11
      1320.60  7.37140e-09  9.80170e-12
      1320.95  8.81962e-09  1.05019e-11
      1321.30  1.21693e-08  1.22810e-11
      1321.65  2.14861e-08  1.66058e-11
      1322.00  3.72979e-08  2.40483e-11
      1322.35  3.30968e-08  2.30457e-11
      1322.70  1.83070e-08  1.71986e-11
      1323.05  1.24611e-08  1.43246e-11
      1323.40  1.37246e-08  1.48619e-11
      1323.75  1.59573e-08  1.57161e-11
      1324.10  1.65886e-08  1.61592e-11
      1324.45  1.22783e-08  1.37792e-11
      1324.80  9.05088e-09  1.22969e-11
      