227
      1249.95  3.29523e-08  2.25373e-11
      1250.27  1.78021e-08  1.58014e-11
      1250.58  7.09320e-09  1.01289e-11
      1250.89  5.16389e-09  9.17472e-12
      1251.20  6.43731e-09  1.02758e-11
      1251.52  9.16168e-09  1.20390e-11
      1251.83  1.46738e-08  1.54068e-11
      1252.14  1.91387e-08  1.77206e-11
      1252.46  1.90998e-08  1.75811e-11
      1252.77  1.80698e-08  1.62162e-11
      1253.09  2.65309e-08  1.84141e-11
      1253.40  4.52332e-08  2.33759e-11
      1253.71  5.44761e-08  2.56984e-11
      1254.03  3.67488e-08  2.08234e-11
      1254.34  2.07106e-08  1.60521e-11
      1254.66  2.36902e-08  1.78911e-11
      1254.97  3.34050e-08  2.24157e-11
      1255.29  2.47276e-08  1.90446e-11
      1255.60  1.32513e-08  1.35856e-11
      1255.92  1.40706e-08  1.38199e-11
      1256.23  2.17433e-08  1.60444e-11
      1256.55  3.17193e-08  1.95655e-11
      1256.87  2.47216e-08  1.69349e-11
      1257.18  1.31069e-08  1.26590e-11
      1257.50  9.78617e-09  1.16864e-11
      1257.81  1.06829e-08  1.25470e-11
      1258.13  1.29861e-08  1.38995e-11
      1258.45  1.34468e-08  1.38061e-11
      1258.76  1.43894e-08  1.33894e-11
      1259.08  2.26087e-08  1.56488e-11
      1259.40  4.04498e-08  2.06473e-11
      1259.72  5.24037e-08  2.37425e-11
      1260.03  4.21097e-08  2.10593e-11
      1260.35  3.25838e-08  1.86305e-11
      1260.67  3.89121e-08  2.15523e-11
      1260.99  3.73981e-08  2.12571e-11
      1261.30  3.12617e-08  1.86824e-11
      1261.62  3.63666e-08  2.01941e-11
      1261.94  3.86203e-08  1.97283e-11
      1262.26  3.86522e-08  1.95238e-11
      1262.58  3.09259e-08  1.69750e-11
      1262.90  3.14878e-08  1.72670e-11
      1263.22  4.35410e-08  2.15152e-11
      1263.54  3.83456e-08  2.03863e-11
      1263.86  2.67516e-08  1.70816e-11
      1264.17  2.18972e-08  1.57695e-11
      1264.49  1.69722e-08  1.33926e-11
      1264.81  1.75842e-08  1.28268e-11
      1265.13  3.04684e-08  1.66123e-11
      1265.45  4.45130e-08  2.03497e-11
      1265.77  4.07414e-08  1.97464e-11
      1266.10  2.45610e-08  1.55312e-11
      1266.42  1.43748e-08  1.24248e-11
      1266.74  1.25179e-08  1.20814e-11
      1267.06  1.58814e-08  1.31974e-11
      1267.38  2.83015e-08  1.68167e-11
      1267.70  4.71749e-08  2.14778e-11
      1268.02  5.15207e-08  2.14633e-11
      1268.34  5.09720e-08  2.14515e-11
      1268.67  4.73624e-08  2.06859e-11
      1268.99  4.64142e-08  2.14680e-11
      1269.31  3.81212e-08  1.98087e-11
      1269.63  2.73003e-08  1.69780e-11
      1269.95  2.33925e-08  1.57164e-11
      1270.28  2.67777e-08  1.60591e-11
      1270.60  3.99585e-08  1.92309e-11
      1270.92  4.73977e-08  2.01249e-11
      1271.25  5.10215e-08  2.06689e-11
      1271.57  5.01653e-08  2.12238e-11
      1271.89  3.27437e-08  1.72387e-11
      1272.22  1.69899e-08  1.29405e-11
      1272.54  1.14074e-08  1.12199e-11
      1272.86  9.58204e-09  1.04148e-11
      1273.19  8.97644e-09  9.79251e-12
      1273.51  1.03032e-08  9.90542e-12
      1273.84  1.47773e-08  1.14910e-11
      1274.16  1.90694e-08  1.28293e-11
      1274.49  2.36748e-08  1.40852e-11
      1274.81  3.79288e-08  1.87354e-11
      1275.14  5.04231e-08  2.25069e-11
      1275.46  4.64655e-08  2.19350e-11
      1275.79  3.29244e-08  1.84369e-11
      1276.11  2.33632e-08  1.51222e-11
      1276.44  2.80547e-08  1.62470e-11
      1276.76  4.38180e-08  2.03240e-11
      1277.09  4.53632e-08  1.95042e-11
      1277.42  4.61565e-08  2.06333e-11
      1277.74  3.37021e-08  1.78805e-11
      1278.07  1.81117e-08  1.35357e-11
      1278.40  1.18609e-08  1.16148e-11
      1278.72  9.46915e-09  1.05729e-11
      1279.05  9.29184e-09  1.00250e-11
      1279.38  1.18824e-08  1.08060e-11
      1279.71  1.63831e-08  1.20176e-11
      1280.03  2.08829e-08  1.36576e-11
      1280.36  1.92682e-08  1.29730e-11
      1280.69  2.04417e-08  1.38471e-11
      1281.02  2.58412e-08  1.58574e-11
      1281.34  3.52366e-08  1.88913e-11
      1281.67  4.12049e-08  2.07336e-11
      1282.00  3.36886e-08  1.77480e-11
      1282.33  3.45393e-08  1.71881e-11
      1282.66  4.89718e-08  2.01956e-11
      1282.99  5.96225e-08  2.22982e-11
      1283.32  5.90094e-08  2.28214e-11
      1283.65  4.39753e-08  2.03410e-11
      1283.98  2.62613e-08  1.62878e-11
      1284.31  1.67967e-08  1.36416e-11
      1284.64  1.30594e-08  1.21747e-11
      1284.97  1.28027e-08  1.17594e-11
      1285.30  1.46045e-08  1.22864e-11
      1285.63  1.29020e-08  1.10536e-11
      1285.96  1.20716e-08  1.05872e-11
      1286.29  1.67680e-08  1.26696e-11
      1286.62  2.22966e-08  1.52974e-11
      1286.95  2.14843e-08  1.49367e-11
      1287.28  2.56881e-08  1.62174e-11
      1287.61  4.05458e-08  2.05438e-11
      1287.95  4.78454e-08  2.14599e-11
      1288.28  4.81204e-08  2.05387e-11
      1288.61  4.81818e-08  1.99263e-11
      1288.94  4.70031e-08  1.99521e-11
      1289.27  3.58783e-08  1.74145e-11
      1289.61  2.83517e-08  1.62601e-11
      1289.94  2.37332e-08  1.55550e-11
      1290.27  1.72591e-08  1.33693e-11
      1290.61  1.46856e-08  1.25635e-11
      1290.94  1.15437e-08  1.09544e-11
      1291.27  8.86763e-09  9.30598e-12
      1291.61  1.01575e-08  9.70713e-12
      1291.94  1.55835e-08  1.19082e-11
      1292.27  2.43823e-08  1.51547e-11
      1292.61  3.23610e-08  1.83809e-11
      1292.94  2.59993e-08  1.64149e-11
      1293.28  2.14252e-08  1.50006e-11
      1293.61  2.68082e-08  1.69103e-11
      1293.95  3.24824e-08  1.74883e-11
      1294.28  4.38262e-08  1.96647e-11
      1294.62  4.90301e-08  2.05017e-11
      1294.95  4.32213e-08  1.89265e-11
      1295.29  4.17187e-08  1.91870e-11
      1295.62  3.73539e-08  1.86336e-11
      1295.96  2.90172e-08  1.66354e-11
      1296.29  2.55690e-08  1.57477e-11
      1296.63  2.64058e-08  1.56869e-11
      1296.97  3.10842e-08  1.63166e-11
      1297.30  4.32515e-08  1.86953e-11
      1297.64  5.56058e-08  2.14769e-11
      1297.98  4.98207e-08  2.04862e-11
      1298.31  3.47749e-08  1.77467e-11
      1298.65  2.17979e-08  1.45531e-11
      1298.99  1.72575e-08  1.32011e-11
      1299.33  2.57298e-08  1.60584e-11
      1299.66  4.19331e-08  2.05543e-11
      1300.00  4.66493e-08  2.07559e-11
      1300.34  4.18089e-08  1.93312e-11
      1300.68  3.06168e-08  1.61090e-11
      1301.02  3.05728e-08  1.61344e-11
      1301.35  4.84636e-08  2.14527e-11
      1301.69  5.67895e-08  2.32360e-11
      1302.03  5.47232e-08  2.29790e-11
      1302.37  4.89906e-08  2.08890e-11
      1302.71  5.46622e-08  2.17780e-11
      1303.05  5.92620e-08  2.17476e-11
      1303.39  6.58027e-08  2.27296e-11
      1303.73  6.97654e-08  2.37055e-11
      1304.07  6.62079e-08  2.34888e-11
      1304.41  6.74776e-08  2.46771e-11
      1304.75  7.05755e-08  2.59911e-11
      1305.09  7.26013e-08  2.63636e-11
      1305.43  8.15973e-08  2.77105e-11
      1305.77  9.21077e-08  2.88214e-11
      1306.11  9.09618e-08  2.82884e-11
      1306.46  6.61317e-08  2.37739e-11
      1306.80  3.77809e-08  1.80533e-11
      1307.14  2.31179e-08  1.47467e-11
      1307.48  1.69327e-08  1.31167e-11
      1307.82  1.39047e-08  1.20958e-11
      1308.16  1.37182e-08  1.17471e-11
      1308.51  1.56126e-08  1.23262e-11
      1308.85  1.31473e-08  1.07337e-11
      1309.19  9.96386e-09  9.25835e-12
      1309.53  9.15552e-09  9.04014e-12
      1309.88  8.96535e-09  9.15223e-12
      1310.22  9.51748e-09  9.73817e-12
      1310.56  1.18311e-08  1.09388e-11
      1310.91  1.90592e-08  1.37802e-11
      1311.25  3.23557e-08  1.82004e-11
      1311.60  3.27547e-08  1.76262e-11
      1311.94  2.09429e-08  1.36112e-11
      1312.28  1.21763e-08  1.06581e-11
      1312.63  8.71583e-09  9.35765e-12
      1312.97  7.60555e-09  9.20215e-12
      1313.32  9.79400e-09  1.03529e-11
      1313.66  1.51701e-08  1.35165e-11
      1314.01  1.29264e-08  1.19854e-11
      1314.35  8.06993e-09  9.15063e-12
      1314.70  6.41097e-09  8.17221e-12
      1315.05  6.32909e-09  7.84280e-12
      1315.39  7.07582e-09  8.21303e-12
      1315.74  8.81876e-09  9.18325e-12
      1316.08  1.27547e-08  1.10754e-11
      1316.43  2.28825e-08  1.48663e-11
      1316.78  3.50262e-08  1.90636e-11
      1317.12  2.89597e-08  1.69974e-11
      1317.47  1.59117e-08  1.25088e-11
      1317.82  1.02316e-08  9.82857e-12
      1318.17  1.04882e-08  9.90318e-12
      1318.51  1.59672e-08  1.26290e-11
      1318.86  1.92184e-08  1.44532e-11
      1319.21  1.38353e-08  1.23581e-11
      1319.56  8.66659e-09  9.96710e-12
      1319.91  8.60117e-09  9.99581e-12
      1320.25  8.86297e-09  9.66593e-12
      1320.60  8.90983e-09  9.14375e-12
      1320.95  1.05154e-08  9.62131e-12
      1321.30  1.43363e-08  1.10154e-11
      1321.65  2.48716e-08  1.45473e-11
      1322.00  4.13758e-08  2.00542e-11
      1322.35  3.73335e-08  1.91635e-11
      1322.70  2.13537e-08  1.43298e-11
      1323.05  1.46867e-08  1.19428e-11
      1323.40  1.60402e-08  1.23736e-11
      1323.75  1.86846e-08  1.31207e-11
      1324.10  1.96000e-08  1.36311e-11
      1324.45  1.46962e-08  1.19337e-11
      1324.80  1.09057e-08  1.09163e-11
      