227
      1249.95  2.39721e-08  2.56356e-11
      1250.27  1.21618e-08  1.76007e-11
      1250.58  4.40500e-09  1.14332e-11
      1250.89  3.16300e-09  1.05967e-11
      1251.20  4.08375e-09  1.18168e-11
      1251.52  5.97760e-09  1.35432e-11
      1251.83  1.02233e-08  1.81045e-11
      1252.14  1.35100e-08  2.07999e-11
      1252.46  1.32832e-08  2.08122e-11
      1252.77  1.20265e-08  1.89240e-11
      1253.09  1.83153e-08  2.19783e-11
      1253.40  3.33230e-08  2.87881e-11
      1253.71  4.17451e-08  3.24797e-11
      1254.03  2.65550e-08  2.50301e-11
      1254.34  1.37498e-08  1.84975e-11
      1254.66  1.61995e-08  2.05949e-11
      1254.97  2.51544e-08  2.75093e-11
      1255.29  1.76740e-08  2.23955e-11
      1255.60  8.50948e-09  1.53116e-11
      1255.92  9.43145e-09  1.57913e-11
      1256.23  1.49342e-08  1.80465e-11
      1256.55  2.35702e-08  2.26698e-11
      1256.87  1.76850e-08  1.89911e-11
      1257.18  8.65461e-09  1.36647e-11
      1257.50  6.38859e-09  1.24650e-11
      1257.81  7.07547e-09  1.33035e-11
      1258.13  8.84482e-09  1.46650e-11
      1258.45  9.05541e-09  1.44493e-11
      1258.76  9.50283e-09  1.39351e-11
      1259.08  1.54668e-08  1.64379e-11
      1259.40  2.93234e-08  2.20526e-11
      1259.72  3.92366e-08  2.55896e-11
      1260.03  3.08364e-08  2.25072e-11
      1260.35  2.29391e-08  1.96089e-11
      1260.67  2.84422e-08  2.34967e-11
      1260.99  2.72779e-08  2.31705e-11
      1261.30  2.20723e-08  2.02867e-11
      1261.62  2.64835e-08  2.24750e-11
      1261.94  2.80612e-08  2.21880e-11
      1262.26  2.83111e-08  2.26185e-11
      1262.58  2.21173e-08  1.95295e-11
      1262.90  2.22918e-08  1.98998e-11
      1263.22  3.23638e-08  2.58392e-11
      1263.54  2.82573e-08  2.45010e-11
      1263.86  1.89545e-08  2.03521e-11
      1264.17  1.52861e-08  1.88571e-11
      1264.49  1.16270e-08  1.59018e-11
      1264.81  1.20504e-08  1.53159e-11
      1265.13  2.18518e-08  2.01055e-11
      1265.45  3.29245e-08  2.47739e-11
      1265.77  3.02220e-08  2.37849e-11
      1266.10  1.76242e-08  1.83325e-11
      1266.42  9.79717e-09  1.42819e-11
      1266.74  8.42472e-09  1.36579e-11
      1267.06  1.09178e-08  1.48635e-11
      1267.38  2.03332e-08  1.89158e-11
      1267.70  3.51639e-08  2.42629e-11
      1268.02  3.84619e-08  2.38407e-11
      1268.34  3.78482e-08  2.33325e-11
      1268.67  3.50702e-08  2.22499e-11
      1268.99  3.42054e-08  2.27128e-11
      1269.31  2.78971e-08  2.08331e-11
      1269.63  1.93831e-08  1.77014e-11
      1269.95  1.63443e-08  1.63777e-11
      1270.28  1.90511e-08  1.69577e-11
      1270.60  2.92136e-08  2.07528e-11
      1270.92  3.51022e-08  2.20244e-11
      1271.25  3.78390e-08  2.28689e-11
      1271.57  3.71789e-08  2.37063e-11
      1271.89  2.40091e-08  1.95992e-11
      1272.22  1.18257e-08  1.44979e-11
      1272.54  7.62858e-09  1.26155e-11
      1272.86  6.33496e-09  1.19314e-11
      1273.19  5.94042e-09  1.13153e-11
      1273.51  6.95566e-09  1.16069e-11
      1273.84  1.02126e-08  1.35015e-11
      1274.16  1.33955e-08  1.53077e-11
      1274.49  1.70576e-08  1.69945e-11
      1274.81  2.78099e-08  2.25282e-11
      1275.14  3.74556e-08  2.68969e-11
      1275.46  3.45614e-08  2.59950e-11
      1275.79  2.41268e-08  2.14494e-11
      1276.11  1.68380e-08  1.71651e-11
      1276.44  2.04243e-08  1.77324e-11
      1276.76  3.17638e-08  2.18488e-11
      1277.09  3.39383e-08  2.16525e-11
      1277.42  3.38547e-08  2.21002e-11
      1277.74  2.49218e-08  1.92929e-11
      1278.07  1.28923e-08  1.41301e-11
      1278.40  8.05719e-09  1.19916e-11
      1278.72  6.33404e-09  1.08284e-11
      1279.05  6.19889e-09  1.04251e-11
      1279.38  8.02417e-09  1.13006e-11
      1279.71  1.13407e-08  1.29788e-11
      1280.03  1.45899e-08  1.49358e-11
      1280.36  1.37236e-08  1.46098e-11
      1280.69  1.43627e-08  1.57524e-11
      1281.02  1.84400e-08  1.85288e-11
      1281.34  2.54884e-08  2.23752e-11
      1281.67  3.02045e-08  2.49509e-11
      1282.00  2.49002e-08  2.17159e-11
      1282.33  2.51496e-08  2.09388e-11
      1282.66  3.63048e-08  2.49108e-11
      1282.99  4.49449e-08  2.75137e-11
      1283.32  4.46536e-08  2.79971e-11
      1283.65  3.31255e-08  2.43849e-11
      1283.98  1.91386e-08  1.88567e-11
      1284.31  1.17574e-08  1.52228e-11
      1284.64  9.00105e-09  1.33174e-11
      1284.97  8.77853e-09  1.26010e-11
      1285.30  1.00912e-08  1.30213e-11
      1285.63  8.94957e-09  1.17310e-11
      1285.96  8.21508e-09  1.08860e-11
      1286.29  1.16515e-08  1.31451e-11
      1286.62  1.58727e-08  1.58291e-11
      1286.95  1.53466e-08  1.57082e-11
      1287.28  1.82706e-08  1.71398e-11
      1287.61  2.98686e-08  2.25312e-11
      1287.95  3.57671e-08  2.40992e-11
      1288.28  3.58135e-08  2.35680e-11
      1288.61  3.57874e-08  2.33538e-11
      1288.94  3.51916e-08  2.38550e-11
      1289.27  2.64452e-08  2.10424e-11
      1289.61  2.02186e-08  1.93256e-11
      1289.94  1.68625e-08  1.85660e-11
      1290.27  1.19523e-08  1.58639e-11
      1290.61  1.01571e-08  1.49906e-11
      1290.94  7.92200e-09  1.29487e-11
      1291.27  5.92800e-09  1.08436e-11
      1291.61  6.80173e-09  1.09460e-11
      1291.94  1.07071e-08  1.32124e-11
      1292.27  1.72388e-08  1.64880e-11
      1292.61  2.38029e-08  2.00087e-11
      1292.94  1.85490e-08  1.73189e-11
      1293.28  1.46566e-08  1.52021e-11
      1293.61  1.89593e-08  1.73332e-11
      1293.95  2.32054e-08  1.79860e-11
      1294.28  3.25063e-08  2.12483e-11
      1294.62  3.67335e-08  2.23229e-11
      1294.95  3.15920e-08  2.06351e-11
      1295.29  3.06061e-08  2.18200e-11
      1295.62  2.71483e-08  2.13544e-11
      1295.96  2.05773e-08  1.92651e-11
      1296.29  1.80511e-08  1.85794e-11
      1296.63  1.87237e-08  1.87803e-11
      1296.97  2.22083e-08  1.97531e-11
      1297.30  3.18818e-08  2.30875e-11
      1297.64  4.20870e-08  2.67915e-11
      1297.98  3.71031e-08  2.48963e-11
      1298.31  2.51282e-08  2.08664e-11
      1298.65  1.51654e-08  1.64762e-11
      1298.99  1.16583e-08  1.44064e-11
      1299.33  1.81196e-08  1.71952e-11
      1299.66  3.11883e-08  2.22726e-11
      1300.00  3.47174e-08  2.20966e-11
      1300.34  3.10019e-08  2.02933e-11
      1300.68  2.18449e-08  1.65192e-11
      1301.02  2.15787e-08  1.64870e-11
      1301.35  3.64001e-08  2.33180e-11
      1301.69  4.26772e-08  2.55921e-11
      1302.03  4.11592e-08  2.59976e-11
      1302.37  3.61451e-08  2.38788e-11
      1302.71  4.13518e-08  2.59552e-11
      1303.05  4.46176e-08  2.62053e-11
      1303.39  5.01999e-08  2.80642e-11
      1303.73  5.35769e-08  2.96346e-11
      1304.07  5.03521e-08  2.90386e-11
      1304.41  5.14717e-08  3.03232e-11
      1304.75  5.40763e-08  3.15276e-11
      1305.09  5.58184e-08  3.12410e-11
      1305.43  6.35685e-08  3.23855e-11
      1305.77  7.25366e-08  3.29539e-11
      1306.11  7.17762e-08  3.19590e-11
      1306.46  5.10724e-08  2.58949e-11
      1306.80  2.81733e-08  1.90083e-11
      1307.14  1.65833e-08  1.52145e-11
      1307.48  1.18292e-08  1.34418e-11
      1307.82  9.58208e-09  1.25923e-11
      1308.16  9.48338e-09  1.26031e-11
      1308.51  1.08170e-08  1.37109e-11
      1308.85  9.05792e-09  1.22572e-11
      1309.19  6.80580e-09  1.07772e-11
      1309.53  6.18678e-09  1.07573e-11
      1309.88  6.08541e-09  1.10827e-11
      1310.22  6.51886e-09  1.18079e-11
      1310.56  8.24989e-09  1.32107e-11
      1310.91  1.39139e-08  1.65767e-11
      1311.25  2.35080e-08  2.10185e-11
      1311.60  2.40454e-08  2.01262e-11
      1311.94  1.53402e-08  1.53616e-11
      1312.28  8.64553e-09  1.14760e-11
      1312.63  6.00776e-09  9.88674e-12
      1312.97  5.19910e-09  9.40114e-12
      1313.32  6.83644e-09  1.07227e-11
      1313.66  1.04203e-08  1.34510e-11
      1314.01  9.10665e-09  1.24669e-11
      1314.35  5.52238e-09  9.79191e-12
      1314.70  4.25724e-09  8.78190e-12
      1315.05  4.21647e-09  8.72642e-12
      1315.39  4.76121e-09  9.48414e-12
      1315.74  5.99618e-09  1.10224e-11
      1316.08  8.89234e-09  1.34000e-11
      1316.43  1.64080e-08  1.82350e-11
      1316.78  2.61220e-08  2.35496e-11
      1317.12  2.17630e-08  2.06541e-11
      1317.47  1.12593e-08  1.39988e-11
      1317.82  7.02046e-09  1.09817e-11
      1318.17  7.08833e-09  1.05975e-11
      1318.51  1.13015e-08  1.33561e-11
      1318.86  1.40148e-08  1.50939e-11
      1319.21  9.68313e-09  1.25411e-11
      1319.56  5.75709e-09  1.00844e-11
      1319.91  5.93434e-09  1.05204e-11
      1320.25  6.02796e-09  1.03753e-11
      1320.60  5.96693e-09  9.99392e-12
      1320.95  7.15346e-09  1.09625e-11
      1321.30  9.83716e-09  1.29597e-11
      1321.65  1.79370e-08  1.76360e-11
      1322.00  3.21103e-08  2.56220e-11
      1322.35  2.79249e-08  2.38359e-11
      1322.70  1.52675e-08  1.74221e-11
      1323.05  1.03173e-08  1.40421e-11
      1323.40  1.13840e-08  1.41152e-11
      1323.75  1.33297e-08  1.45547e-11
      1324.10  1.38584e-08  1.49347e-11
      1324.45  1.03593e-08  1.25969e-11
      1324.80  7.61175e-09  1.11462e-11
      