227
      1249.95  1.52087e-08  1.69815e-11
      1250.27  7.84908e-09  1.20168e-11
      1250.58  2.72014e-09  7.87614e-12
      1250.89  1.79938e-09  7.08504e-12
      1251.20  2.34588e-09  7.62641e-12
      1251.52  3.66315e-09  8.86163e-12
      1251.83  6.33943e-09  1.14194e-11
      1252.14  8.39364e-09  1.29971e-11
      1252.46  8.24742e-09  1.29339e-11
      1252.77  7.66825e-09  1.19144e-11
      1253.09  1.20750e-08  1.35881e-11
      1253.40  2.23216e-08  1.76575e-11
      1253.71  2.78024e-08  1.95053e-11
      1254.03  1.79234e-08  1.49927e-11
      1254.34  9.21692e-09  1.09437e-11
      1254.66  1.08299e-08  1.21872e-11
      1254.97  1.66209e-08  1.62322e-11
      1255.29  1.16379e-08  1.31905e-11
      1255.60  5.57955e-09  9.19666e-12
      1255.92  6.00326e-09  9.47321e-12
      1256.23  9.92300e-09  1.08503e-11
      1256.55  1.59956e-08  1.39485e-11
      1256.87  1.14210e-08  1.18429e-11
      1257.18  5.04741e-09  8.44090e-12
      1257.50  3.98420e-09  7.84311e-12
      1257.81  4.46563e-09  8.46101e-12
      1258.13  5.61789e-09  9.47917e-12
      1258.45  5.66623e-09  9.47208e-12
      1258.76  5.86851e-09  9.05711e-12
      1259.08  9.89731e-09  1.08082e-11
      1259.40  1.96688e-08  1.49090e-11
      1259.72  2.67815e-08  1.77354e-11
      1260.03  2.05242e-08  1.54036e-11
      1260.35  1.48920e-08  1.33102e-11
      1260.67  1.89115e-08  1.63917e-11
      1260.99  1.79271e-08  1.59765e-11
      1261.30  1.42632e-08  1.37267e-11
      1261.62  1.74567e-08  1.53935e-11
      1261.94  1.84648e-08  1.49534e-11
      1262.26  1.88209e-08  1.51095e-11
      1262.58  1.43468e-08  1.27254e-11
      1262.90  1.45051e-08  1.27543e-11
      1263.22  2.18334e-08  1.67909e-11
      1263.54  1.88379e-08  1.55363e-11
      1263.86  1.22354e-08  1.25026e-11
      1264.17  9.19394e-09  1.16861e-11
      1264.49  6.88799e-09  9.64270e-12
      1264.81  7.60220e-09  8.99349e-12
      1265.13  1.45895e-08  1.19283e-11
      1265.45  2.25185e-08  1.47660e-11
      1265.77  2.06168e-08  1.41647e-11
      1266.10  1.13556e-08  1.11174e-11
      1266.42  5.79557e-09  8.45682e-12
      1266.74  5.27224e-09  7.98590e-12
      1267.06  6.96307e-09  8.74126e-12
      1267.38  1.37487e-08  1.15324e-11
      1267.70  2.46094e-08  1.53129e-11
      1268.02  2.64150e-08  1.53999e-11
      1268.34  2.36486e-08  1.56997e-11
      1268.67  2.32197e-08  1.50548e-11
      1268.99  2.35173e-08  1.54972e-11
      1269.31  1.87177e-08  1.42131e-11
      1269.63  1.25921e-08  1.19825e-11
      1269.95  1.03952e-08  1.10649e-11
      1270.28  1.22566e-08  1.15317e-11
      1270.60  1.96551e-08  1.45667e-11
      1270.92  2.36251e-08  1.54308e-11
      1271.25  2.57052e-08  1.60388e-11
      1271.57  2.53547e-08  1.64310e-11
      1271.89  1.57751e-08  1.31809e-11
      1272.22  7.41028e-09  9.60841e-12
      1272.54  4.41662e-09  8.47188e-12
      1272.86  3.30730e-09  7.87983e-12
      1273.19  3.49272e-09  7.10543e-12
      1273.51  4.20459e-09  7.02433e-12
      1273.84  6.46655e-09  8.12011e-12
      1274.16  8.61166e-09  9.01827e-12
      1274.49  1.09790e-08  9.86960e-12
      1274.81  1.76457e-08  1.35697e-11
      1275.14  2.49975e-08  1.65567e-11
      1275.46  2.38827e-08  1.54767e-11
      1275.79  1.62929e-08  1.26264e-11
      1276.11  1.09508e-08  1.01229e-11
      1276.44  1.29940e-08  1.08096e-11
      1276.76  2.01969e-08  1.42865e-11
      1277.09  2.29883e-08  1.39899e-11
      1277.42  2.40161e-08  1.50103e-11
      1277.74  1.68636e-08  1.27945e-11
      1278.07  8.24435e-09  9.49859e-12
      1278.40  4.96793e-09  8.08164e-12
      1278.72  3.80418e-09  7.49252e-12
      1279.05  3.69556e-09  7.14081e-12
      1279.38  4.88710e-09  7.71899e-12
      1279.71  7.01711e-09  8.88726e-12
      1280.03  8.36539e-09  1.09376e-11
      1280.36  8.10354e-09  9.89393e-12
      1280.69  9.12163e-09  1.02974e-11
      1281.02  1.17940e-08  1.18149e-11
      1281.34  1.70329e-08  1.41706e-11
      1281.67  2.09332e-08  1.61044e-11
      1282.00  1.63559e-08  1.30289e-11
      1282.33  1.65301e-08  1.22511e-11
      1282.66  2.52480e-08  1.48290e-11
      1282.99  3.18560e-08  1.64702e-11
      1283.32  3.20461e-08  1.68209e-11
      1283.65  2.30979e-08  1.44594e-11
      1283.98  1.26701e-08  1.09945e-11
      1284.31  7.58116e-09  9.06047e-12
      1284.64  5.71147e-09  8.07533e-12
      1284.97  5.53212e-09  7.71999e-12
      1285.30  6.54677e-09  8.54423e-12
      1285.63  5.62144e-09  7.65635e-12
      1285.96  5.03297e-09  7.18966e-12
      1286.29  7.46389e-09  9.02889e-12
      1286.62  1.05809e-08  1.13105e-11
      1286.95  9.76169e-09  1.07701e-11
      1287.28  1.16803e-08  1.17492e-11
      1287.61  2.05704e-08  1.61488e-11
      1287.95  2.44650e-08  1.67945e-11
      1288.28  2.44246e-08  1.60042e-11
      1288.61  2.43183e-08  1.54365e-11
      1288.94  2.44827e-08  1.58565e-11
      1289.27  1.76511e-08  1.31296e-11
      1289.61  1.33811e-08  1.18177e-11
      1289.94  1.06891e-08  1.13160e-11
      1290.27  7.08971e-09  9.27986e-12
      1290.61  6.57284e-09  8.61424e-12
      1290.94  5.05812e-09  7.33055e-12
      1291.27  3.73196e-09  6.17724e-12
      1291.61  4.29217e-09  6.36133e-12
      1291.94  6.94706e-09  8.00041e-12
      1292.27  1.14765e-08  1.03106e-11
      1292.61  1.64364e-08  1.32419e-11
      1292.94  1.22724e-08  1.14242e-11
      1293.28  9.41367e-09  1.00988e-11
      1293.61  1.23058e-08  1.18870e-11
      1293.95  1.51997e-08  1.25888e-11
      1294.28  2.21025e-08  1.51317e-11
      1294.62  2.50091e-08  1.60370e-11
      1294.95  2.11819e-08  1.44412e-11
      1295.29  2.05213e-08  1.49421e-11
      1295.62  1.79758e-08  1.41917e-11
      1295.96  1.33973e-08  1.22712e-11
      1296.29  1.16937e-08  1.14263e-11
      1296.63  1.21997e-08  1.13099e-11
      1296.97  1.47609e-08  1.15829e-11
      1297.30  2.19596e-08  1.35065e-11
      1297.64  2.93763e-08  1.57344e-11
      1297.98  2.56945e-08  1.45708e-11
      1298.31  1.62818e-08  1.24749e-11
      1298.65  9.09909e-09  9.80396e-12
      1298.99  7.60204e-09  8.62071e-12
      1299.33  1.22436e-08  1.08802e-11
      1299.66  2.12527e-08  1.45694e-11
      1300.00  2.38171e-08  1.49439e-11
      1300.34  2.09098e-08  1.40205e-11
      1300.68  1.47311e-08  1.16802e-11
      1301.02  1.45652e-08  1.17856e-11
      1301.35  2.46440e-08  1.67241e-11
      1301.69  2.94390e-08  1.83227e-11
      1302.03  2.84924e-08  1.81031e-11
      1302.37  2.51446e-08  1.61078e-11
      1302.71  2.86905e-08  1.70099e-11
      1303.05  3.15023e-08  1.67916e-11
      1303.39  3.55416e-08  1.75424e-11
      1303.73  3.72384e-08  1.88159e-11
      1304.07  3.47371e-08  1.79898e-11
      1304.41  3.67486e-08  1.79915e-11
      1304.75  3.90310e-08  1.89244e-11
      1305.09  4.03630e-08  1.91023e-11
      1305.43  4.65043e-08  2.05248e-11
      1305.77  5.39879e-08  2.19538e-11
      1306.11  5.38560e-08  2.21632e-11
      1306.46  3.73951e-08  1.84518e-11
      1306.80  1.91763e-08  1.32822e-11
      1307.14  1.06838e-08  1.06790e-11
      1307.48  7.47072e-09  9.52937e-12
      1307.82  5.96822e-09  8.80854e-12
      1308.16  5.88594e-09  8.56204e-12
      1308.51  6.97617e-09  9.13331e-12
      1308.85  5.78664e-09  7.98966e-12
      1309.19  4.03479e-09  6.81150e-12
      1309.53  3.60759e-09  6.71726e-12
      1309.88  3.76131e-09  6.65433e-12
      1310.22  4.07344e-09  6.92038e-12
      1310.56  5.23367e-09  7.49281e-12
      1310.91  9.08008e-09  9.29817e-12
      1311.25  1.66648e-08  1.29052e-11
      1311.60  1.69690e-08  1.24222e-11
      1311.94  1.02196e-08  9.43185e-12
      1312.28  5.47546e-09  7.33776e-12
      1312.63  3.74231e-09  6.61089e-12
      1312.97  3.16228e-09  6.77675e-12
      1313.32  4.16472e-09  7.58010e-12
      1313.66  6.99258e-09  1.00136e-11
      1314.01  5.81799e-09  8.86532e-12
      1314.35  3.34744e-09  6.81164e-12
      1314.70  2.57738e-09  6.14923e-12
      1315.05  2.55896e-09  5.80046e-12
      1315.39  2.90897e-09  6.00474e-12
      1315.74  3.72960e-09  6.64946e-12
      1316.08  5.64035e-09  7.76271e-12
      1316.43  1.11255e-08  1.04113e-11
      1316.78  1.86066e-08  1.37519e-11
      1317.12  1.48396e-08  1.18172e-11
      1317.47  7.48521e-09  8.22373e-12
      1317.82  4.51556e-09  6.71991e-12
      1318.17  4.58422e-09  6.97469e-12
      1318.51  7.42885e-09  9.18886e-12
      1318.86  9.05980e-09  1.04427e-11
      1319.21  6.16449e-09  9.33735e-12
      1319.56  3.67318e-09  7.82531e-12
      1319.91  3.60286e-09  7.51867e-12
      1320.25  3.60885e-09  7.32788e-12
      1320.60  3.74027e-09  6.76670e-12
      1320.95  4.53810e-09  7.06456e-12
      1321.30  6.48395e-09  8.06179e-12
      1321.65  1.24963e-08  1.08170e-11
      1322.00  2.17273e-08  1.49221e-11
      1322.35  1.93287e-08  1.38867e-11
      1322.70  1.03645e-08  1.04390e-11
      1323.05  6.53178e-09  8.31322e-12
      1323.40  7.43639e-09  8.38109e-12
      1323.75  8.75000e-09  9.00775e-12
      1324.10  9.00685e-09  9.52837e-12
      1324.45  6.77692e-09  8.59438e-12
      1324.80  4.81563e-09  7.80716e-12
      