227
      1249.95  2.37107e-08  2.13672e-11
      1250.27  1.24727e-08  1.48838e-11
      1250.58  4.66991e-09  9.49043e-12
      1250.89  3.23018e-09  8.34901e-12
      1251.20  4.12459e-09  9.20973e-12
      1251.52  6.10413e-09  1.08235e-11
      1251.83  1.01077e-08  1.40219e-11
      1252.14  1.33267e-08  1.61008e-11
      1252.46  1.31870e-08  1.57712e-11
      1252.77  1.22192e-08  1.43655e-11
      1253.09  1.86750e-08  1.65116e-11
      1253.40  3.35298e-08  2.13515e-11
      1253.71  4.14578e-08  2.36085e-11
      1254.03  2.68877e-08  1.84057e-11
      1254.34  1.44349e-08  1.37269e-11
      1254.66  1.68028e-08  1.51504e-11
      1254.97  2.55179e-08  1.98653e-11
      1255.29  1.79610e-08  1.62593e-11
      1255.60  9.00028e-09  1.15508e-11
      1255.92  9.76325e-09  1.18951e-11
      1256.23  1.54779e-08  1.36530e-11
      1256.55  2.43772e-08  1.74784e-11
      1256.87  1.81443e-08  1.46797e-11
      1257.18  9.08002e-09  1.08591e-11
      1257.50  6.68219e-09  1.00972e-11
      1257.81  7.25180e-09  1.11002e-11
      1258.13  8.79137e-09  1.35618e-11
      1258.45  9.14515e-09  1.28105e-11
      1258.76  9.74168e-09  1.18480e-11
      1259.08  1.57871e-08  1.39947e-11
      1259.40  3.00389e-08  1.91069e-11
      1259.72  4.02794e-08  2.25958e-11
      1260.03  3.11928e-08  1.96770e-11
      1260.35  2.31178e-08  1.72029e-11
      1260.67  2.91877e-08  2.09453e-11
      1260.99  2.76238e-08  2.02733e-11
      1261.30  2.20227e-08  1.72967e-11
      1261.62  2.64979e-08  1.98776e-11
      1261.94  2.78308e-08  1.91495e-11
      1262.26  2.76566e-08  1.93089e-11
      1262.58  2.00710e-08  1.61163e-11
      1262.90  2.20840e-08  1.58946e-11
      1263.22  3.29648e-08  2.07179e-11
      1263.54  2.82656e-08  1.89268e-11
      1263.86  1.88844e-08  1.55239e-11
      1264.17  1.54432e-08  1.50803e-11
      1264.49  1.09683e-08  1.21919e-11
      1264.81  1.18803e-08  1.12285e-11
      1265.13  2.20761e-08  1.47580e-11
      1265.45  3.38226e-08  1.82443e-11
      1265.77  3.09638e-08  1.74889e-11
      1266.10  1.78367e-08  1.33679e-11
      1266.42  9.96145e-09  1.05359e-11
      1266.74  8.64655e-09  1.01507e-11
      1267.06  1.11017e-08  1.10927e-11
      1267.38  2.03202e-08  1.44607e-11
      1267.70  3.48245e-08  1.97883e-11
      1268.02  3.87788e-08  1.97927e-11
      1268.34  3.81443e-08  2.00501e-11
      1268.67  3.51868e-08  1.89219e-11
      1268.99  3.53220e-08  1.93827e-11
      1269.31  2.85473e-08  1.79418e-11
      1269.63  1.97378e-08  1.53218e-11
      1269.95  1.66015e-08  1.43779e-11
      1270.28  1.90193e-08  1.47155e-11
      1270.60  2.98418e-08  1.85458e-11
      1270.92  3.51658e-08  1.98384e-11
      1271.25  3.80719e-08  2.02398e-11
      1271.57  3.79559e-08  2.04145e-11
      1271.89  2.40093e-08  1.62554e-11
      1272.22  1.17047e-08  1.18446e-11
      1272.54  7.63578e-09  1.02105e-11
      1272.86  6.34607e-09  9.39410e-12
      1273.19  5.91415e-09  8.79949e-12
      1273.51  6.85655e-09  8.75767e-12
      1273.84  1.02426e-08  1.01723e-11
      1274.16  1.35295e-08  1.14560e-11
      1274.49  1.69271e-08  1.23767e-11
      1274.81  2.81473e-08  1.65990e-11
      1275.14  3.84081e-08  1.98637e-11
      1275.46  3.54663e-08  1.91601e-11
      1275.79  2.46629e-08  1.58651e-11
      1276.11  1.69252e-08  1.28615e-11
      1276.44  1.94446e-08  1.41991e-11
      1276.76  3.24204e-08  1.92775e-11
      1277.09  3.43693e-08  1.78104e-11
      1277.42  3.53632e-08  1.84825e-11
      1277.74  2.56415e-08  1.61729e-11
      1278.07  1.30005e-08  1.20520e-11
      1278.40  8.19948e-09  1.08021e-11
      1278.72  6.34192e-09  9.87124e-12
      1279.05  6.24856e-09  9.27975e-12
      1279.38  8.10822e-09  9.92006e-12
      1279.71  1.13981e-08  1.12071e-11
      1280.03  1.47970e-08  1.33050e-11
      1280.36  1.35332e-08  1.23513e-11
      1280.69  1.43378e-08  1.29624e-11
      1281.02  1.83135e-08  1.48278e-11
      1281.34  2.55428e-08  1.75922e-11
      1281.67  3.08471e-08  1.94802e-11
      1282.00  2.46923e-08  1.63372e-11
      1282.33  2.47995e-08  1.53830e-11
      1282.66  3.67746e-08  1.83408e-11
      1282.99  4.57713e-08  2.00741e-11
      1283.32  4.58518e-08  2.04525e-11
      1283.65  3.38765e-08  1.78075e-11
      1283.98  1.93722e-08  1.38320e-11
      1284.31  1.19993e-08  1.13718e-11
      1284.64  9.25339e-09  1.02493e-11
      1284.97  8.99102e-09  9.88541e-12
      1285.30  1.05832e-08  1.05908e-11
      1285.63  9.19977e-09  9.65556e-12
      1285.96  8.30465e-09  9.20257e-12
      1286.29  1.18613e-08  1.13371e-11
      1286.62  1.64215e-08  1.40287e-11
      1286.95  1.54333e-08  1.37570e-11
      1287.28  1.80687e-08  1.48371e-11
      1287.61  3.01499e-08  2.02024e-11
      1287.95  3.54725e-08  2.18464e-11
      1288.28  3.55563e-08  2.06668e-11
      1288.61  3.58158e-08  1.91846e-11
      1288.94  3.58350e-08  1.93947e-11
      1289.27  2.62734e-08  1.62812e-11
      1289.61  2.02779e-08  1.48414e-11
      1289.94  1.70528e-08  1.41544e-11
      1290.27  1.18854e-08  1.17262e-11
      1290.61  1.03996e-08  1.10606e-11
      1290.94  8.09140e-09  9.30964e-12
      1291.27  6.05011e-09  7.83306e-12
      1291.61  6.93220e-09  8.08249e-12
      1291.94  1.10398e-08  1.01138e-11
      1292.27  1.76845e-08  1.28491e-11
      1292.61  2.49095e-08  1.64237e-11
      1292.94  1.88301e-08  1.41289e-11
      1293.28  1.49304e-08  1.29623e-11
      1293.61  1.94567e-08  1.52715e-11
      1293.95  2.34454e-08  1.57956e-11
      1294.28  3.31767e-08  1.89221e-11
      1294.62  3.69310e-08  2.02798e-11
      1294.95  3.14135e-08  1.83043e-11
      1295.29  3.09417e-08  1.86961e-11
      1295.62  2.72546e-08  1.77950e-11
      1295.96  2.06279e-08  1.58551e-11
      1296.29  1.80033e-08  1.48125e-11
      1296.63  1.87274e-08  1.44767e-11
      1296.97  2.23347e-08  1.47360e-11
      1297.30  3.22836e-08  1.70361e-11
      1297.64  4.24169e-08  1.94270e-11
      1297.98  3.75723e-08  1.80696e-11
      1298.31  2.57698e-08  1.53108e-11
      1298.65  1.57256e-08  1.22275e-11
      1298.99  1.23159e-08  1.10219e-11
      1299.33  1.89127e-08  1.36188e-11
      1299.66  3.15730e-08  1.78608e-11
      1300.00  3.53132e-08  1.83275e-11
      1300.34  3.14357e-08  1.74204e-11
      1300.68  2.26064e-08  1.45745e-11
      1301.02  2.25671e-08  1.48634e-11
      1301.35  3.58209e-08  2.07302e-11
      1301.69  4.24560e-08  2.28845e-11
      1302.03  4.11945e-08  2.21824e-11
      1302.37  3.68145e-08  2.01154e-11
      1302.71  4.12398e-08  2.10095e-11
      1303.05  4.49394e-08  2.07566e-11
      1303.39  5.01778e-08  2.14686e-11
      1303.73  5.35231e-08  2.23336e-11
      1304.07  5.09096e-08  2.16713e-11
      1304.41  5.21512e-08  2.20452e-11
      1304.75  5.50282e-08  2.28120e-11
      1305.09  5.71411e-08  2.30349e-11
      1305.43  6.48477e-08  2.41271e-11
      1305.77  7.38126e-08  2.53703e-11
      1306.11  7.27367e-08  2.53216e-11
      1306.46  5.23678e-08  2.14489e-11
      1306.80  2.90179e-08  1.64152e-11
      1307.14  1.69741e-08  1.33928e-11
      1307.48  1.20695e-08  1.20256e-11
      1307.82  9.77063e-09  1.11619e-11
      1308.16  9.59228e-09  1.09845e-11
      1308.51  1.08686e-08  1.15380e-11
      1308.85  9.19750e-09  1.01962e-11
      1309.19  6.80189e-09  8.77038e-12
      1309.53  6.12626e-09  8.59149e-12
      1309.88  6.06784e-09  8.47234e-12
      1310.22  6.55221e-09  8.78180e-12
      1310.56  8.35766e-09  9.59521e-12
      1310.91  1.40336e-08  1.18316e-11
      1311.25  2.41142e-08  1.52475e-11
      1311.60  2.49372e-08  1.50489e-11
      1311.94  1.58073e-08  1.17430e-11
      1312.28  8.82042e-09  9.08224e-12
      1312.63  6.16054e-09  8.16390e-12
      1312.97  5.30624e-09  8.03803e-12
      1313.32  6.83198e-09  9.37087e-12
      1313.66  1.08063e-08  1.19639e-11
      1314.01  9.33048e-09  1.10726e-11
      1314.35  5.49388e-09  8.71959e-12
      1314.70  4.23428e-09  7.61444e-12
      1315.05  4.22333e-09  7.24374e-12
      1315.39  4.74800e-09  7.64625e-12
      1315.74  5.96100e-09  8.49015e-12
      1316.08  8.73504e-09  9.90877e-12
      1316.43  1.63511e-08  1.31387e-11
      1316.78  2.74050e-08  1.72958e-11
      1317.12  2.22447e-08  1.48038e-11
      1317.47  1.13454e-08  1.02001e-11
      1317.82  7.14497e-09  8.17242e-12
      1318.17  7.18208e-09  8.26878e-12
      1318.51  1.17022e-08  1.10414e-11
      1318.86  1.45060e-08  1.30220e-11
      1319.21  9.88648e-09  1.13100e-11
      1319.56  5.79311e-09  9.39348e-12
      1319.91  5.89534e-09  9.75228e-12
      1320.25  6.04620e-09  9.26101e-12
      1320.60  6.06947e-09  8.61946e-12
      1320.95  7.25267e-09  9.22299e-12
      1321.30  1.00149e-08  1.04020e-11
      1321.65  1.83342e-08  1.36811e-11
      1322.00  3.13546e-08  1.86180e-11
      1322.35  2.78396e-08  1.73384e-11
      1322.70  1.59378e-08  1.27662e-11
      1323.05  1.08203e-08  1.02507e-11
      1323.40  1.17194e-08  1.03972e-11
      1323.75  1.36886e-08  1.11213e-11
      1324.10  1.40887e-08  1.16256e-11
      1324.45  1.07131e-08  1.05139e-11
      1324.80  7.83375e-09  9.66139e-12
      