227
      1249.95  2.45501e-08  2.39163e-11
      1250.27  1.24190e-08  1.63140e-11
      1250.58  4.45529e-09  1.05081e-11
      1250.89  3.25139e-09  9.78138e-12
      1251.20  4.21576e-09  1.08522e-11
      1251.52  6.19456e-09  1.27212e-11
      1251.83  1.04893e-08  1.68085e-11
      1252.14  1.38166e-08  1.94765e-11
      1252.46  1.36457e-08  1.94931e-11
      1252.77  1.25615e-08  1.79570e-11
      1253.09  1.90535e-08  2.10364e-11
      1253.40  3.40641e-08  2.75170e-11
      1253.71  4.22188e-08  3.10212e-11
      1254.03  2.74349e-08  2.44881e-11
      1254.34  1.44570e-08  1.81364e-11
      1254.66  1.69168e-08  2.06047e-11
      1254.97  2.54821e-08  2.70577e-11
      1255.29  1.83145e-08  2.23910e-11
      1255.60  9.07106e-09  1.56866e-11
      1255.92  9.88935e-09  1.61753e-11
      1256.23  1.56302e-08  1.87004e-11
      1256.55  2.40225e-08  2.32105e-11
      1256.87  1.83455e-08  1.98287e-11
      1257.18  9.12883e-09  1.44382e-11
      1257.50  6.73032e-09  1.31133e-11
      1257.81  7.44976e-09  1.39732e-11
      1258.13  9.18874e-09  1.55971e-11
      1258.45  9.40945e-09  1.51910e-11
      1258.76  9.94611e-09  1.45438e-11
      1259.08  1.61488e-08  1.70191e-11
      1259.40  3.01465e-08  2.25272e-11
      1259.72  3.99457e-08  2.59551e-11
      1260.03  3.15884e-08  2.26411e-11
      1260.35  2.37035e-08  1.97154e-11
      1260.67  2.88867e-08  2.28363e-11
      1260.99  2.76823e-08  2.23865e-11
      1261.30  2.26095e-08  1.94905e-11
      1261.62  2.68480e-08  2.12457e-11
      1261.94  2.85860e-08  2.08131e-11
      1262.26  2.87476e-08  2.08329e-11
      1262.58  2.26740e-08  1.80813e-11
      1262.90  2.29691e-08  1.85436e-11
      1263.22  3.28461e-08  2.37147e-11
      1263.54  2.87655e-08  2.26215e-11
      1263.86  1.94824e-08  1.90331e-11
      1264.17  1.57123e-08  1.77323e-11
      1264.49  1.20218e-08  1.52828e-11
      1264.81  1.25272e-08  1.47652e-11
      1265.13  2.25154e-08  1.95337e-11
      1265.45  3.36569e-08  2.43315e-11
      1265.77  3.08719e-08  2.35601e-11
      1266.10  1.81552e-08  1.84677e-11
      1266.42  1.02134e-08  1.46102e-11
      1266.74  8.79213e-09  1.40537e-11
      1267.06  1.13863e-08  1.54007e-11
      1267.38  2.11549e-08  1.99080e-11
      1267.70  3.61715e-08  2.54101e-11
      1268.02  3.96931e-08  2.51950e-11
      1268.34  3.90759e-08  2.47176e-11
      1268.67  3.62187e-08  2.35585e-11
      1268.99  3.52955e-08  2.40566e-11
      1269.31  2.87204e-08  2.19301e-11
      1269.63  2.00612e-08  1.84565e-11
      1269.95  1.69046e-08  1.67617e-11
      1270.28  1.96215e-08  1.70731e-11
      1270.60  2.97790e-08  2.03895e-11
      1270.92  3.56429e-08  2.14390e-11
      1271.25  3.83893e-08  2.18591e-11
      1271.57  3.75911e-08  2.23168e-11
      1271.89  2.42964e-08  1.82160e-11
      1272.22  1.20939e-08  1.34928e-11
      1272.54  7.86137e-09  1.17332e-11
      1272.86  6.53535e-09  1.10371e-11
      1273.19  6.11344e-09  1.06243e-11
      1273.51  7.19585e-09  1.10285e-11
      1273.84  1.05289e-08  1.28595e-11
      1274.16  1.37575e-08  1.46297e-11
      1274.49  1.75924e-08  1.64733e-11
      1274.81  2.86377e-08  2.22147e-11
      1275.14  3.83143e-08  2.66686e-11
      1275.46  3.53337e-08  2.60475e-11
      1275.79  2.48145e-08  2.19584e-11
      1276.11  1.74495e-08  1.77977e-11
      1276.44  2.12633e-08  1.86349e-11
      1276.76  3.27639e-08  2.29552e-11
      1277.09  3.49905e-08  2.28676e-11
      1277.42  3.49264e-08  2.32985e-11
      1277.74  2.56075e-08  2.01434e-11
      1278.07  1.34237e-08  1.48935e-11
      1278.40  8.41749e-09  1.24776e-11
      1278.72  6.59107e-09  1.11557e-11
      1279.05  6.41833e-09  1.05040e-11
      1279.38  8.25924e-09  1.11860e-11
      1279.71  1.16163e-08  1.25367e-11
      1280.03  1.48584e-08  1.41796e-11
      1280.36  1.39534e-08  1.36822e-11
      1280.69  1.46671e-08  1.46239e-11
      1281.02  1.88274e-08  1.70690e-11
      1281.34  2.61081e-08  2.07540e-11
      1281.67  3.07881e-08  2.30656e-11
      1282.00  2.54683e-08  2.03121e-11
      1282.33  2.59592e-08  1.99466e-11
      1282.66  3.72897e-08  2.39977e-11
      1282.99  4.60311e-08  2.68484e-11
      1283.32  4.56220e-08  2.75510e-11
      1283.65  3.38369e-08  2.44950e-11
      1283.98  1.97156e-08  1.92443e-11
      1284.31  1.22092e-08  1.58236e-11
      1284.64  9.36031e-09  1.39806e-11
      1284.97  9.16437e-09  1.33371e-11
      1285.30  1.04804e-08  1.37426e-11
      1285.63  9.31097e-09  1.25065e-11
      1285.96  8.60558e-09  1.15327e-11
      1286.29  1.21227e-08  1.36719e-11
      1286.62  1.63328e-08  1.61523e-11
      1286.95  1.57839e-08  1.57551e-11
      1287.28  1.88102e-08  1.68983e-11
      1287.61  3.03049e-08  2.16031e-11
      1287.95  3.61816e-08  2.27807e-11
      1288.28  3.63383e-08  2.19947e-11
      1288.61  3.64227e-08  2.16070e-11
      1288.94  3.56870e-08  2.18182e-11
      1289.27  2.69765e-08  1.93566e-11
      1289.61  2.07330e-08  1.80164e-11
      1289.94  1.72875e-08  1.75548e-11
      1290.27  1.23597e-08  1.52567e-11
      1290.61  1.04473e-08  1.44159e-11
      1290.94  8.21931e-09  1.26965e-11
      1291.27  6.19920e-09  1.08694e-11
      1291.61  7.12427e-09  1.11906e-11
      1291.94  1.11816e-08  1.37016e-11
      1292.27  1.79322e-08  1.72949e-11
      1292.61  2.44043e-08  2.10083e-11
      1292.94  1.92610e-08  1.82932e-11
      1293.28  1.53829e-08  1.61642e-11
      1293.61  1.96298e-08  1.81096e-11
      1293.95  2.40351e-08  1.85584e-11
      1294.28  3.31874e-08  2.10668e-11
      1294.62  3.72831e-08  2.17838e-11
      1294.95  3.22617e-08  1.99326e-11
      1295.29  3.10389e-08  2.04693e-11
      1295.62  2.76201e-08  1.98840e-11
      1295.96  2.10893e-08  1.78304e-11
      1296.29  1.85230e-08  1.71836e-11
      1296.63  1.92411e-08  1.75413e-11
      1296.97  2.29710e-08  1.87252e-11
      1297.30  3.27799e-08  2.20738e-11
      1297.64  4.28542e-08  2.60096e-11
      1297.98  3.80328e-08  2.45662e-11
      1298.31  2.59018e-08  2.09416e-11
      1298.65  1.58251e-08  1.69122e-11
      1298.99  1.23371e-08  1.51189e-11
      1299.33  1.89636e-08  1.83357e-11
      1299.66  3.19665e-08  2.34603e-11
      1300.00  3.57937e-08  2.35332e-11
      1300.34  3.19075e-08  2.14011e-11
      1300.68  2.27893e-08  1.73016e-11
      1301.02  2.23569e-08  1.67911e-11
      1301.35  3.69690e-08  2.29672e-11
      1301.69  4.34100e-08  2.47148e-11
      1302.03  4.18271e-08  2.45848e-11
      1302.37  3.67275e-08  2.22990e-11
      1302.71  4.20148e-08  2.40458e-11
      1303.05  4.55063e-08  2.43737e-11
      1303.39  5.12349e-08  2.63165e-11
      1303.73  5.48768e-08  2.81599e-11
      1304.07  5.14260e-08  2.79314e-11
      1304.41  5.26510e-08  2.95862e-11
      1304.75  5.54610e-08  3.14926e-11
      1305.09  5.70708e-08  3.17249e-11
      1305.43  6.51332e-08  3.35704e-11
      1305.77  7.44647e-08  3.45980e-11
      1306.11  7.38651e-08  3.38427e-11
      1306.46  5.24520e-08  2.74784e-11
      1306.80  2.88525e-08  2.00071e-11
      1307.14  1.70650e-08  1.59478e-11
      1307.48  1.21893e-08  1.37514e-11
      1307.82  9.83861e-09  1.24718e-11
      1308.16  9.67320e-09  1.21090e-11
      1308.51  1.11025e-08  1.29381e-11
      1308.85  9.24129e-09  1.13940e-11
      1309.19  6.96591e-09  9.96496e-12
      1309.53  6.37372e-09  1.00224e-11
      1309.88  6.27223e-09  1.03396e-11
      1310.22  6.71634e-09  1.11964e-11
      1310.56  8.51247e-09  1.27998e-11
      1310.91  1.43294e-08  1.62905e-11
      1311.25  2.43634e-08  2.14569e-11
      1311.60  2.47518e-08  2.08738e-11
      1311.94  1.57690e-08  1.60929e-11
      1312.28  8.97987e-09  1.21750e-11
      1312.63  6.27349e-09  1.04906e-11
      1312.97  5.44164e-09  1.00390e-11
      1313.32  7.13007e-09  1.15368e-11
      1313.66  1.07854e-08  1.38504e-11
      1314.01  9.31059e-09  1.23386e-11
      1314.35  5.66019e-09  9.44005e-12
      1314.70  4.35583e-09  8.28047e-12
      1315.05  4.32166e-09  8.20474e-12
      1315.39  4.88083e-09  8.81682e-12
      1315.74  6.16868e-09  1.01650e-11
      1316.08  9.19943e-09  1.25573e-11
      1316.43  1.69834e-08  1.73042e-11
      1316.78  2.66785e-08  2.28001e-11
      1317.12  2.22812e-08  2.02648e-11
      1317.47  1.16958e-08  1.41705e-11
      1317.82  7.34670e-09  1.14222e-11
      1318.17  7.48400e-09  1.11213e-11
      1318.51  1.17229e-08  1.40365e-11
      1318.86  1.43830e-08  1.58400e-11
      1319.21  1.00722e-08  1.31753e-11
      1319.56  6.04599e-09  1.04468e-11
      1319.91  6.08898e-09  1.04239e-11
      1320.25  6.20201e-09  1.00646e-11
      1320.60  6.14979e-09  9.47771e-12
      1320.95  7.35010e-09  1.02457e-11
      1321.30  1.01485e-08  1.20158e-11
      1321.65  1.83017e-08  1.63870e-11
      1322.00  3.27195e-08  2.41193e-11
      1322.35  2.87664e-08  2.29198e-11
      1322.70  1.56087e-08  1.68804e-11
      1323.05  1.05771e-08  1.38772e-11
      1323.40  1.17854e-08  1.44987e-11
      1323.75  1.38484e-08  1.52895e-11
      1324.10  1.44664e-08  1.55319e-11
      1324.45  1.07360e-08  1.32147e-11
      1324.80  7.88666e-09  1.17254e-11
      