227
      1249.95  2.37550e-08  2.60521e-11
      1250.27  1.21727e-08  1.79673e-11
      1250.58  4.45830e-09  1.15850e-11
      1250.89  3.16095e-09  1.06346e-11
      1251.20  4.07473e-09  1.20226e-11
      1251.52  5.97806e-09  1.38789e-11
      1251.83  1.01703e-08  1.81553e-11
      1252.14  1.34188e-08  2.07838e-11
      1252.46  1.32336e-08  2.08053e-11
      1252.77  1.20146e-08  1.88553e-11
      1253.09  1.83033e-08  2.16869e-11
      1253.40  3.33192e-08  2.82582e-11
      1253.71  4.17121e-08  3.18365e-11
      1254.03  2.64429e-08  2.44075e-11
      1254.34  1.37377e-08  1.79789e-11
      1254.66  1.61814e-08  2.00859e-11
      1254.97  2.53014e-08  2.67756e-11
      1255.29  1.75766e-08  2.14337e-11
      1255.60  8.46777e-09  1.46412e-11
      1255.92  9.41943e-09  1.51850e-11
      1256.23  1.48604e-08  1.71671e-11
      1256.55  2.37317e-08  2.18953e-11
      1256.87  1.76127e-08  1.80802e-11
      1257.18  8.59044e-09  1.30228e-11
      1257.50  6.35571e-09  1.19377e-11
      1257.81  7.04642e-09  1.27968e-11
      1258.13  8.83930e-09  1.42974e-11
      1258.45  9.04248e-09  1.40756e-11
      1258.76  9.42549e-09  1.35980e-11
      1259.08  1.53276e-08  1.60885e-11
      1259.40  2.92936e-08  2.18052e-11
      1259.72  3.93753e-08  2.55334e-11
      1260.03  3.07309e-08  2.25378e-11
      1260.35  2.27361e-08  1.96661e-11
      1260.67  2.84899e-08  2.39107e-11
      1260.99  2.72563e-08  2.35026e-11
      1261.30  2.19054e-08  2.04524e-11
      1261.62  2.64570e-08  2.29519e-11
      1261.94  2.79135e-08  2.24705e-11
      1262.26  2.83831e-08  2.29251e-11
      1262.58  2.20183e-08  1.96600e-11
      1262.90  2.20998e-08  2.00267e-11
      1263.22  3.24439e-08  2.60815e-11
      1263.54  2.82581e-08  2.45904e-11
      1263.86  1.88878e-08  2.02499e-11
      1264.17  1.53293e-08  1.86502e-11
      1264.49  1.16066e-08  1.57299e-11
      1264.81  1.19398e-08  1.49833e-11
      1265.13  2.17548e-08  1.95998e-11
      1265.45  3.29157e-08  2.41260e-11
      1265.77  3.01892e-08  2.30425e-11
      1266.10  1.75195e-08  1.76514e-11
      1266.42  9.70391e-09  1.35988e-11
      1266.74  8.36536e-09  1.30919e-11
      1267.06  1.08563e-08  1.41767e-11
      1267.38  2.02079e-08  1.80069e-11
      1267.70  3.51839e-08  2.32127e-11
      1268.02  3.83948e-08  2.29393e-11
      1268.34  3.78170e-08  2.25278e-11
      1268.67  3.49274e-08  2.14671e-11
      1268.99  3.41746e-08  2.21713e-11
      1269.31  2.78428e-08  2.05503e-11
      1269.63  1.93003e-08  1.75466e-11
      1269.95  1.62919e-08  1.63533e-11
      1270.28  1.89231e-08  1.70152e-11
      1270.60  2.91796e-08  2.10737e-11
      1270.92  3.50214e-08  2.24271e-11
      1271.25  3.77173e-08  2.33886e-11
      1271.57  3.71866e-08  2.43472e-11
      1271.89  2.39504e-08  1.99800e-11
      1272.22  1.17620e-08  1.47632e-11
      1272.54  7.63286e-09  1.28617e-11
      1272.86  6.33134e-09  1.21088e-11
      1273.19  5.91728e-09  1.13908e-11
      1273.51  6.90995e-09  1.16993e-11
      1273.84  1.01871e-08  1.35104e-11
      1274.16  1.33901e-08  1.51801e-11
      1274.49  1.69720e-08  1.67254e-11
      1274.81  2.77179e-08  2.20612e-11
      1275.14  3.74017e-08  2.61307e-11
      1275.46  3.45066e-08  2.52516e-11
      1275.79  2.40510e-08  2.06725e-11
      1276.11  1.67516e-08  1.64507e-11
      1276.44  2.02992e-08  1.69481e-11
      1276.76  3.17876e-08  2.10333e-11
      1277.09  3.38731e-08  2.08300e-11
      1277.42  3.38911e-08  2.13996e-11
      1277.74  2.49194e-08  1.87567e-11
      1278.07  1.28238e-08  1.38492e-11
      1278.40  8.03002e-09  1.18361e-11
      1278.72  6.30172e-09  1.07872e-11
      1279.05  6.16344e-09  1.04692e-11
      1279.38  7.98573e-09  1.13795e-11
      1279.71  1.12828e-08  1.31294e-11
      1280.03  1.45928e-08  1.51339e-11
      1280.36  1.36600e-08  1.47587e-11
      1280.69  1.42892e-08  1.58148e-11
      1281.02  1.83439e-08  1.85177e-11
      1281.34  2.54008e-08  2.23215e-11
      1281.67  3.02418e-08  2.47485e-11
      1282.00  2.48759e-08  2.14719e-11
      1282.33  2.50193e-08  2.05334e-11
      1282.66  3.62459e-08  2.43030e-11
      1282.99  4.49156e-08  2.66691e-11
      1283.32  4.46271e-08  2.69888e-11
      1283.65  3.30673e-08  2.34799e-11
      1283.98  1.90426e-08  1.80818e-11
      1284.31  1.16861e-08  1.45646e-11
      1284.64  8.95909e-09  1.27169e-11
      1284.97  8.73260e-09  1.19570e-11
      1285.30  1.00856e-08  1.24673e-11
      1285.63  8.92629e-09  1.13063e-11
      1285.96  8.15959e-09  1.06667e-11
      1286.29  1.15946e-08  1.29812e-11
      1286.62  1.58474e-08  1.58161e-11
      1286.95  1.52837e-08  1.58973e-11
      1287.28  1.81498e-08  1.74044e-11
      1287.61  2.98329e-08  2.30909e-11
      1287.95  3.56903e-08  2.46524e-11
      1288.28  3.57518e-08  2.41004e-11
      1288.61  3.57372e-08  2.38209e-11
      1288.94  3.52658e-08  2.41837e-11
      1289.27  2.63775e-08  2.10755e-11
      1289.61  2.01914e-08  1.93302e-11
      1289.94  1.68918e-08  1.86532e-11
      1290.27  1.19032e-08  1.56477e-11
      1290.61  1.01463e-08  1.47500e-11
      1290.94  7.89697e-09  1.25350e-11
      1291.27  5.89079e-09  1.03826e-11
      1291.61  6.76061e-09  1.05251e-11
      1291.94  1.06924e-08  1.26317e-11
      1292.27  1.71611e-08  1.56793e-11
      1292.61  2.38811e-08  1.92585e-11
      1292.94  1.84338e-08  1.66611e-11
      1293.28  1.45216e-08  1.47963e-11
      1293.61  1.89283e-08  1.71771e-11
      1293.95  2.30543e-08  1.79497e-11
      1294.28  3.24672e-08  2.12873e-11
      1294.62  3.67254e-08  2.26054e-11
      1294.95  3.14211e-08  2.09435e-11
      1295.29  3.05459e-08  2.21857e-11
      1295.62  2.71014e-08  2.17079e-11
      1295.96  2.05029e-08  1.94232e-11
      1296.29  1.79861e-08  1.85152e-11
      1296.63  1.86503e-08  1.86305e-11
      1296.97  2.20631e-08  1.92725e-11
      1297.30  3.17918e-08  2.25095e-11
      1297.64  4.21895e-08  2.61635e-11
      1297.98  3.70276e-08  2.40050e-11
      1298.31  2.50330e-08  2.00747e-11
      1298.65  1.50403e-08  1.56776e-11
      1298.99  1.15957e-08  1.36581e-11
      1299.33  1.81145e-08  1.64259e-11
      1299.66  3.11754e-08  2.14482e-11
      1300.00  3.46279e-08  2.14246e-11
      1300.34  3.09351e-08  2.00454e-11
      1300.68  2.17985e-08  1.64776e-11
      1301.02  2.16946e-08  1.67580e-11
      1301.35  3.62526e-08  2.37694e-11
      1301.69  4.24750e-08  2.61699e-11
      1302.03  4.10292e-08  2.66894e-11
      1302.37  3.62554e-08  2.44485e-11
      1302.71  4.12920e-08  2.64196e-11
      1303.05  4.46543e-08  2.65956e-11
      1303.39  5.01949e-08  2.81632e-11
      1303.73  5.35198e-08  2.96249e-11
      1304.07  5.04174e-08  2.87787e-11
      1304.41  5.14213e-08  2.96885e-11
      1304.75  5.39569e-08  3.05751e-11
      1305.09  5.57498e-08  3.01268e-11
      1305.43  6.35164e-08  3.09844e-11
      1305.77  7.24168e-08  3.15237e-11
      1306.11  7.15059e-08  3.06244e-11
      1306.46  5.10277e-08  2.51096e-11
      1306.80  2.82154e-08  1.87019e-11
      1307.14  1.65678e-08  1.51692e-11
      1307.48  1.17903e-08  1.35369e-11
      1307.82  9.56102e-09  1.28614e-11
      1308.16  9.46530e-09  1.28980e-11
      1308.51  1.07673e-08  1.39524e-11
      1308.85  9.04739e-09  1.23940e-11
      1309.19  6.78799e-09  1.08594e-11
      1309.53  6.17674e-09  1.07799e-11
      1309.88  6.07683e-09  1.09606e-11
      1310.22  6.50036e-09  1.15683e-11
      1310.56  8.23250e-09  1.28025e-11
      1310.91  1.38432e-08  1.58009e-11
      1311.25  2.33809e-08  2.00844e-11
      1311.60  2.39867e-08  1.92087e-11
      1311.94  1.53041e-08  1.45532e-11
      1312.28  8.62013e-09  1.08825e-11
      1312.63  5.98905e-09  9.54784e-12
      1312.97  5.18848e-09  9.22403e-12
      1313.32  6.77754e-09  1.06315e-11
      1313.66  1.03724e-08  1.36063e-11
      1314.01  9.07335e-09  1.26810e-11
      1314.35  5.48195e-09  1.01399e-11
      1314.70  4.24714e-09  9.01850e-12
      1315.05  4.21476e-09  8.99555e-12
      1315.39  4.74784e-09  9.62137e-12
      1315.74  5.98931e-09  1.10604e-11
      1316.08  8.85017e-09  1.32531e-11
      1316.43  1.63255e-08  1.83900e-11
      1316.78  2.62733e-08  2.31272e-11
      1317.12  2.18018e-08  1.99101e-11
      1317.47  1.11778e-08  1.33599e-11
      1317.82  6.96682e-09  1.03283e-11
      1318.17  7.02366e-09  1.00190e-11
      1318.51  1.12971e-08  1.28363e-11
      1318.86  1.40715e-08  1.47689e-11
      1319.21  9.62290e-09  1.23947e-11
      1319.56  5.69041e-09  1.00903e-11
      1319.91  5.90025e-09  1.05837e-11
      1320.25  5.98655e-09  1.05931e-11
      1320.60  5.95365e-09  1.01747e-11
      1320.95  7.15606e-09  1.11266e-11
      1321.30  9.84811e-09  1.30180e-11
      1321.65  1.80047e-08  1.76014e-11
      1322.00  3.18493e-08  2.51052e-11
      1322.35  2.77999e-08  2.32561e-11
      1322.70  1.53675e-08  1.69815e-11
      1323.05  1.03574e-08  1.35062e-11
      1323.40  1.13565e-08  1.34739e-11
      1323.75  1.32630e-08  1.37751e-11
      1324.10  1.37794e-08  1.41262e-11
      1324.45  1.03508e-08  1.21799e-11
      1324.80  7.60521e-09  1.10091e-11
      