227
      1249.95  1.24448e-08  1.82108e-11
      1250.27  6.29001e-09  1.28883e-11
      1250.58  2.01176e-09  8.41406e-12
      1250.89  1.27974e-09  7.47768e-12
      1251.20  1.71835e-09  8.34747e-12
      1251.52  2.80232e-09  9.31906e-12
      1251.83  5.01696e-09  1.18456e-11
      1252.14  6.70372e-09  1.33909e-11
      1252.46  6.52357e-09  1.33094e-11
      1252.77  6.01653e-09  1.21183e-11
      1253.09  9.69864e-09  1.37507e-11
      1253.40  1.83683e-08  1.79229e-11
      1253.71  2.30376e-08  1.97543e-11
      1254.03  1.46590e-08  1.52527e-11
      1254.34  7.22030e-09  1.09700e-11
      1254.66  8.54564e-09  1.21506e-11
      1254.97  1.33747e-08  1.61389e-11
      1255.29  9.22342e-09  1.32355e-11
      1255.60  4.18658e-09  9.23773e-12
      1255.92  4.49427e-09  9.52428e-12
      1256.23  7.70012e-09  1.09666e-11
      1256.55  1.27192e-08  1.41885e-11
      1256.87  9.15600e-09  1.18603e-11
      1257.18  4.11501e-09  8.63455e-12
      1257.50  2.89789e-09  8.15244e-12
      1257.81  3.27865e-09  8.83919e-12
      1258.13  4.21110e-09  9.99426e-12
      1258.45  4.21761e-09  9.99897e-12
      1258.76  4.35332e-09  9.52181e-12
      1259.08  7.68127e-09  1.14003e-11
      1259.40  1.61438e-08  1.60252e-11
      1259.72  2.25346e-08  1.92283e-11
      1260.03  1.70029e-08  1.66418e-11
      1260.35  1.20124e-08  1.41283e-11
      1260.67  1.56906e-08  1.75870e-11
      1260.99  1.48018e-08  1.70557e-11
      1261.30  1.15212e-08  1.45351e-11
      1261.62  1.44355e-08  1.63116e-11
      1261.94  1.52650e-08  1.56910e-11
      1262.26  1.56613e-08  1.58711e-11
      1262.58  1.17551e-08  1.31687e-11
      1262.90  1.17957e-08  1.31263e-11
      1263.22  1.83316e-08  1.73896e-11
      1263.54  1.57007e-08  1.59093e-11
      1263.86  9.88254e-09  1.25859e-11
      1264.17  7.72848e-09  1.13580e-11
      1264.49  5.65200e-09  9.47508e-12
      1264.81  5.91285e-09  8.96959e-12
      1265.13  1.17544e-08  1.18460e-11
      1265.45  1.84649e-08  1.47526e-11
      1265.77  1.68555e-08  1.41224e-11
      1266.10  9.27166e-09  1.06819e-11
      1266.42  4.68297e-09  8.23315e-12
      1266.74  3.92518e-09  8.05864e-12
      1267.06  5.29202e-09  8.90807e-12
      1267.38  1.09597e-08  1.19763e-11
      1267.70  2.00792e-08  1.60175e-11
      1268.02  2.19288e-08  1.61751e-11
      1268.34  2.12444e-08  1.63369e-11
      1268.67  1.96308e-08  1.57655e-11
      1268.99  1.92598e-08  1.66199e-11
      1269.31  1.53319e-08  1.53402e-11
      1269.63  1.01403e-08  1.29384e-11
      1269.95  8.29695e-09  1.19436e-11
      1270.28  1.00049e-08  1.26049e-11
      1270.60  1.63003e-08  1.57051e-11
      1270.92  1.97890e-08  1.66776e-11
      1271.25  2.15791e-08  1.71300e-11
      1271.57  2.12550e-08  1.75985e-11
      1271.89  1.31335e-08  1.39952e-11
      1272.22  5.93180e-09  9.90913e-12
      1272.54  3.48738e-09  8.53784e-12
      1272.86  2.73544e-09  7.82876e-12
      1273.19  2.64984e-09  7.24187e-12
      1273.51  3.22239e-09  7.07643e-12
      1273.84  5.05762e-09  8.10745e-12
      1274.16  6.78061e-09  9.03465e-12
      1274.49  8.88578e-09  9.86919e-12
      1274.81  1.55078e-08  1.33803e-11
      1275.14  2.14491e-08  1.62572e-11
      1275.46  1.96094e-08  1.57131e-11
      1275.79  1.31298e-08  1.29165e-11
      1276.11  8.64535e-09  1.03859e-11
      1276.44  1.08736e-08  1.11392e-11
      1276.76  1.80297e-08  1.48274e-11
      1277.09  1.90741e-08  1.46385e-11
      1277.42  1.96004e-08  1.58734e-11
      1277.74  1.37366e-08  1.37412e-11
      1278.07  6.56302e-09  1.02415e-11
      1278.40  3.81096e-09  8.66591e-12
      1278.72  2.89139e-09  8.07247e-12
      1279.05  2.81764e-09  7.69294e-12
      1279.38  3.77609e-09  8.11234e-12
      1279.71  5.66043e-09  9.29530e-12
      1280.03  7.45373e-09  1.10030e-11
      1280.36  6.84778e-09  1.01387e-11
      1280.69  7.35025e-09  1.06633e-11
      1281.02  9.57561e-09  1.20036e-11
      1281.34  1.40472e-08  1.44274e-11
      1281.67  1.73281e-08  1.60311e-11
      1282.00  1.34897e-08  1.30434e-11
      1282.33  1.36002e-08  1.22420e-11
      1282.66  2.09340e-08  1.48748e-11
      1282.99  2.66363e-08  1.65667e-11
      1283.32  2.67796e-08  1.70465e-11
      1283.65  1.90421e-08  1.47691e-11
      1283.98  1.01522e-08  1.13322e-11
      1284.31  5.85880e-09  9.36274e-12
      1284.64  4.33189e-09  8.45647e-12
      1284.97  4.21314e-09  8.13813e-12
      1285.30  5.06570e-09  8.84719e-12
      1285.63  4.30308e-09  7.98681e-12
      1285.96  3.85034e-09  7.65815e-12
      1286.29  5.91291e-09  9.61994e-12
      1286.62  8.54704e-09  1.21160e-11
      1286.95  7.86347e-09  1.14949e-11
      1287.28  9.55168e-09  1.24240e-11
      1287.61  1.72654e-08  1.71125e-11
      1287.95  2.06489e-08  1.75829e-11
      1288.28  2.05625e-08  1.66030e-11
      1288.61  2.04154e-08  1.58105e-11
      1288.94  2.06169e-08  1.62010e-11
      1289.27  1.46068e-08  1.32161e-11
      1289.61  1.08821e-08  1.18582e-11
      1289.94  8.84132e-09  1.09805e-11
      1290.27  5.93131e-09  9.05682e-12
      1290.61  5.12237e-09  8.64844e-12
      1290.94  3.85871e-09  7.34636e-12
      1291.27  2.78048e-09  6.29884e-12
      1291.61  3.19922e-09  6.54801e-12
      1291.94  5.30194e-09  8.25162e-12
      1292.27  9.02889e-09  1.08316e-11
      1292.61  1.33633e-08  1.42045e-11
      1292.94  9.73393e-09  1.20343e-11
      1293.28  7.29358e-09  1.06879e-11
      1293.61  9.84327e-09  1.26971e-11
      1293.95  1.23085e-08  1.31895e-11
      1294.28  1.84859e-08  1.60864e-11
      1294.62  2.10162e-08  1.69031e-11
      1294.95  1.75460e-08  1.49851e-11
      1295.29  1.70592e-08  1.54263e-11
      1295.62  1.48081e-08  1.44993e-11
      1295.96  1.08081e-08  1.23905e-11
      1296.29  9.35900e-09  1.13349e-11
      1296.63  9.75345e-09  1.11290e-11
      1296.97  1.18569e-08  1.14211e-11
      1297.30  1.80870e-08  1.36056e-11
      1297.64  2.46457e-08  1.60598e-11
      1297.98  2.12111e-08  1.48777e-11
      1298.31  1.35398e-08  1.24969e-11
      1298.65  7.67960e-09  9.97099e-12
      1298.99  5.71755e-09  9.06507e-12
      1299.33  9.59566e-09  1.15156e-11
      1299.66  1.75294e-08  1.57329e-11
      1300.00  1.97809e-08  1.61806e-11
      1300.34  1.73580e-08  1.52080e-11
      1300.68  1.18900e-08  1.25287e-11
      1301.02  1.17288e-08  1.24340e-11
      1301.35  2.08633e-08  1.81797e-11
      1301.69  2.49699e-08  1.93801e-11
      1302.03  2.42395e-08  1.89305e-11
      1302.37  2.10640e-08  1.64456e-11
      1302.71  2.44656e-08  1.73914e-11
      1303.05  2.67205e-08  1.70439e-11
      1303.39  3.04299e-08  1.77575e-11
      1303.73  3.30059e-08  1.86031e-11
      1304.07  3.05256e-08  1.79085e-11
      1304.41  3.10669e-08  1.85655e-11
      1304.75  3.30467e-08  1.97803e-11
      1305.09  3.41310e-08  2.01653e-11
      1305.43  3.97680e-08  2.20692e-11
      1305.77  4.66899e-08  2.36552e-11
      1306.11  4.69368e-08  2.41352e-11
      1306.46  3.20082e-08  2.00460e-11
      1306.80  1.58000e-08  1.41845e-11
      1307.14  8.51195e-09  1.12872e-11
      1307.48  5.85450e-09  1.00167e-11
      1307.82  4.64254e-09  9.24556e-12
      1308.16  4.59924e-09  8.84552e-12
      1308.51  5.56002e-09  9.30688e-12
      1308.85  4.54702e-09  7.98117e-12
      1309.19  3.21635e-09  6.70480e-12
      1309.53  2.93009e-09  6.49982e-12
      1309.88  2.89181e-09  6.62148e-12
      1310.22  3.12340e-09  6.90690e-12
      1310.56  4.04704e-09  7.57355e-12
      1310.91  7.28068e-09  9.56717e-12
      1311.25  1.36974e-08  1.36862e-11
      1311.60  1.38363e-08  1.31375e-11
      1311.94  8.16381e-09  1.00325e-11
      1312.28  4.25844e-09  7.91305e-12
      1312.63  2.85945e-09  7.22545e-12
      1312.97  2.41074e-09  7.10593e-12
      1313.32  3.25668e-09  8.75049e-12
      1313.66  5.54003e-09  1.07701e-11
      1314.01  4.59171e-09  9.12838e-12
      1314.35  2.60653e-09  6.99579e-12
      1314.70  1.95894e-09  6.25996e-12
      1315.05  1.94026e-09  5.87394e-12
      1315.39  2.23460e-09  6.03198e-12
      1315.74  2.89702e-09  6.61442e-12
      1316.08  4.46189e-09  7.87932e-12
      1316.43  9.07701e-09  1.05988e-11
      1316.78  1.52701e-08  1.41421e-11
      1317.12  1.21456e-08  1.23527e-11
      1317.47  5.97137e-09  8.60941e-12
      1317.82  3.45969e-09  7.08698e-12
      1318.17  3.52685e-09  7.51290e-12
      1318.51  5.85985e-09  9.94324e-12
      1318.86  7.23821e-09  1.11968e-11
      1319.21  4.90492e-09  9.52915e-12
      1319.56  2.85319e-09  7.79688e-12
      1319.91  2.84184e-09  7.67852e-12
      1320.25  2.88372e-09  7.31247e-12
      1320.60  2.89233e-09  6.82476e-12
      1320.95  3.54427e-09  7.05888e-12
      1321.30  5.16487e-09  8.02598e-12
      1321.65  1.03160e-08  1.08284e-11
      1322.00  1.82336e-08  1.51247e-11
      1322.35  1.61234e-08  1.42147e-11
      1322.70  8.56298e-09  1.04309e-11
      1323.05  5.40851e-09  8.53669e-12
      1323.40  5.82917e-09  8.90770e-12
      1323.75  6.90528e-09  9.68439e-12
      1324.10  7.12515e-09  1.03297e-11
      1324.45  5.34141e-09  9.20331e-12
      1324.80  3.73884e-09  8.30698e-12
      