227
      1249.95  1.17047e-08  1.84732e-11
      1250.27  5.88462e-09  1.28691e-11
      1250.58  1.88497e-09  8.21872e-12
      1250.89  1.25325e-09  7.46057e-12
      1251.20  1.65040e-09  8.09948e-12
      1251.52  2.63603e-09  9.74077e-12
      1251.83  4.64907e-09  1.17196e-11
      1252.14  6.10900e-09  1.33220e-11
      1252.46  5.94665e-09  1.30760e-11
      1252.77  5.52957e-09  1.22129e-11
      1253.09  8.94108e-09  1.40154e-11
      1253.40  1.69714e-08  1.82294e-11
      1253.71  2.12388e-08  2.02052e-11
      1254.03  1.35687e-08  1.59853e-11
      1254.34  6.57334e-09  1.16985e-11
      1254.66  7.78817e-09  1.33004e-11
      1254.97  1.21054e-08  1.76006e-11
      1255.29  8.42900e-09  1.48608e-11
      1255.60  3.81201e-09  1.17963e-11
      1255.92  4.00556e-09  1.09808e-11
      1256.23  6.98733e-09  1.28434e-11
      1256.55  1.14708e-08  1.64027e-11
      1256.87  8.36065e-09  1.38339e-11
      1257.18  3.74925e-09  1.01679e-11
      1257.50  2.54898e-09  9.62512e-12
      1257.81  2.89174e-09  1.03664e-11
      1258.13  3.67823e-09  1.17606e-11
      1258.45  3.78196e-09  1.12808e-11
      1258.76  3.94419e-09  1.08057e-11
      1259.08  7.02656e-09  1.27756e-11
      1259.40  1.49220e-08  1.77218e-11
      1259.72  2.08020e-08  2.10597e-11
      1260.03  1.56245e-08  1.79857e-11
      1260.35  1.11552e-08  1.51356e-11
      1260.67  1.45858e-08  1.86894e-11
      1260.99  1.37537e-08  1.77666e-11
      1261.30  1.05315e-08  1.47609e-11
      1261.62  1.33804e-08  1.68146e-11
      1261.94  1.39648e-08  1.59468e-11
      1262.26  1.43386e-08  1.68313e-11
      1262.58  9.70118e-09  1.33568e-11
      1262.90  1.06820e-08  1.28591e-11
      1263.22  1.73343e-08  1.74411e-11
      1263.54  1.45904e-08  1.58498e-11
      1263.86  8.95717e-09  1.26890e-11
      1264.17  7.00694e-09  1.16222e-11
      1264.49  5.10466e-09  9.77573e-12
      1264.81  5.29701e-09  9.31550e-12
      1265.13  1.06441e-08  1.26376e-11
      1265.45  1.70540e-08  1.61577e-11
      1265.77  1.55790e-08  1.57636e-11
      1266.10  8.38933e-09  1.21525e-11
      1266.42  4.13918e-09  9.43053e-12
      1266.74  3.46272e-09  9.35095e-12
      1267.06  4.70813e-09  1.03976e-11
      1267.38  9.90107e-09  1.39154e-11
      1267.70  1.84857e-08  1.87496e-11
      1268.02  2.01730e-08  1.88334e-11
      1268.34  1.95946e-08  1.88383e-11
      1268.67  1.81042e-08  1.81308e-11
      1268.99  1.78415e-08  1.87150e-11
      1269.31  1.42374e-08  1.71136e-11
      1269.63  9.32254e-09  1.40460e-11
      1269.95  7.72774e-09  1.29693e-11
      1270.28  9.30326e-09  1.32247e-11
      1270.60  1.50484e-08  1.63831e-11
      1270.92  1.83505e-08  1.72019e-11
      1271.25  2.01471e-08  1.73703e-11
      1271.57  1.98498e-08  1.75879e-11
      1271.89  1.23082e-08  1.38631e-11
      1272.22  5.44781e-09  9.69758e-12
      1272.54  3.24374e-09  8.23783e-12
      1272.86  2.59281e-09  7.56935e-12
      1273.19  2.43543e-09  7.18308e-12
      1273.51  2.96174e-09  7.20254e-12
      1273.84  4.59816e-09  8.33877e-12
      1274.16  6.16920e-09  9.53251e-12
      1274.49  8.18571e-09  1.08632e-11
      1274.81  1.42155e-08  1.49073e-11
      1275.14  1.96495e-08  1.84268e-11
      1275.46  1.79818e-08  1.80288e-11
      1275.79  1.20269e-08  1.50714e-11
      1276.11  7.87224e-09  1.20840e-11
      1276.44  1.00241e-08  1.30514e-11
      1276.76  1.64984e-08  1.70922e-11
      1277.09  1.76634e-08  1.71276e-11
      1277.42  1.80146e-08  1.78764e-11
      1277.74  1.27401e-08  1.54674e-11
      1278.07  6.05566e-09  1.13646e-11
      1278.40  3.53061e-09  9.49548e-12
      1278.72  2.74166e-09  8.59325e-12
      1279.05  2.67150e-09  8.02214e-12
      1279.38  3.53454e-09  8.41345e-12
      1279.71  5.24322e-09  9.47467e-12
      1280.03  7.00519e-09  1.08175e-11
      1280.36  6.45964e-09  1.00636e-11
      1280.69  6.76788e-09  1.05786e-11
      1281.02  8.84936e-09  1.19897e-11
      1281.34  1.29801e-08  1.44892e-11
      1281.67  1.58489e-08  1.61854e-11
      1282.00  1.25100e-08  1.35739e-11
      1282.33  1.26774e-08  1.30565e-11
      1282.66  1.93111e-08  1.62042e-11
      1282.99  2.45824e-08  1.86303e-11
      1283.32  2.45954e-08  1.94513e-11
      1283.65  1.74923e-08  1.72757e-11
      1283.98  9.32271e-09  1.33736e-11
      1284.31  5.27397e-09  1.09219e-11
      1284.64  3.87801e-09  9.93403e-12
      1284.97  3.77057e-09  9.46687e-12
      1285.30  4.43792e-09  1.01607e-11
      1285.63  3.83876e-09  9.09372e-12
      1285.96  3.55126e-09  8.60908e-12
      1286.29  5.50284e-09  1.03988e-11
      1286.62  7.83240e-09  1.28601e-11
      1286.95  7.34126e-09  1.20942e-11
      1287.28  9.02909e-09  1.28355e-11
      1287.61  1.59535e-08  1.70855e-11
      1287.95  1.92346e-08  1.76635e-11
      1288.28  1.90493e-08  1.66838e-11
      1288.61  1.89347e-08  1.56705e-11
      1288.94  1.89997e-08  1.61528e-11
      1289.27  1.34465e-08  1.34577e-11
      1289.61  9.98882e-09  1.23941e-11
      1289.94  7.97782e-09  1.17121e-11
      1290.27  5.37483e-09  9.91370e-12
      1290.61  4.57031e-09  9.67794e-12
      1290.94  3.41901e-09  8.40427e-12
      1291.27  2.46521e-09  7.25273e-12
      1291.61  2.84776e-09  7.72884e-12
      1291.94  4.75591e-09  9.61710e-12
      1292.27  8.22055e-09  1.24142e-11
      1292.61  1.22030e-08  1.62805e-11
      1292.94  8.75577e-09  1.35092e-11
      1293.28  6.75962e-09  1.17520e-11
      1293.61  9.09936e-09  1.34525e-11
      1293.95  1.14073e-08  1.36922e-11
      1294.28  1.71218e-08  1.64958e-11
      1294.62  1.92881e-08  1.71485e-11
      1294.95  1.60426e-08  1.51298e-11
      1295.29  1.57345e-08  1.52401e-11
      1295.62  1.35721e-08  1.43086e-11
      1295.96  9.79565e-09  1.24528e-11
      1296.29  8.53112e-09  1.15689e-11
      1296.63  8.87563e-09  1.15791e-11
      1296.97  1.07908e-08  1.22165e-11
      1297.30  1.66708e-08  1.51838e-11
      1297.64  2.27846e-08  1.83833e-11
      1297.98  1.93789e-08  1.72932e-11
      1298.31  1.22884e-08  1.47043e-11
      1298.65  6.86117e-09  1.16844e-11
      1298.99  5.09638e-09  1.04735e-11
      1299.33  8.74120e-09  1.30460e-11
      1299.66  1.61357e-08  1.77632e-11
      1300.00  1.82664e-08  1.77158e-11
      1300.34  1.61162e-08  1.63335e-11
      1300.68  1.08791e-08  1.31159e-11
      1301.02  1.09396e-08  1.27929e-11
      1301.35  1.93547e-08  1.81196e-11
      1301.69  2.29667e-08  1.93414e-11
      1302.03  2.23758e-08  1.89521e-11
      1302.37  1.95258e-08  1.63137e-11
      1302.71  2.27791e-08  1.74641e-11
      1303.05  2.47530e-08  1.74695e-11
      1303.39  2.83736e-08  1.89400e-11
      1303.73  3.05684e-08  2.05554e-11
      1304.07  2.82415e-08  2.04027e-11
      1304.41  2.87648e-08  2.17992e-11
      1304.75  3.05610e-08  2.31735e-11
      1305.09  3.17837e-08  2.36550e-11
      1305.43  3.73770e-08  2.55349e-11
      1305.77  4.40965e-08  2.70454e-11
      1306.11  4.43055e-08  2.70283e-11
      1306.46  3.02084e-08  2.20246e-11
      1306.80  1.49846e-08  1.53574e-11
      1307.14  7.98682e-09  1.18137e-11
      1307.48  5.38023e-09  1.02744e-11
      1307.82  4.22394e-09  9.29858e-12
      1308.16  4.23517e-09  8.69640e-12
      1308.51  5.01056e-09  9.12776e-12
      1308.85  4.06423e-09  7.96329e-12
      1309.19  2.89376e-09  6.93221e-12
      1309.53  2.61913e-09  6.92447e-12
      1309.88  2.58812e-09  7.26271e-12
      1310.22  2.78662e-09  7.85167e-12
      1310.56  3.63349e-09  8.88599e-12
      1310.91  6.67353e-09  1.13033e-11
      1311.25  1.24070e-08  1.55390e-11
      1311.60  1.25557e-08  1.51010e-11
      1311.94  7.50809e-09  1.15927e-11
      1312.28  3.90030e-09  8.96126e-12
      1312.63  2.60992e-09  7.80828e-12
      1312.97  2.26348e-09  7.73859e-12
      1313.32  3.07722e-09  8.45062e-12
      1313.66  5.05593e-09  1.06151e-11
      1314.01  4.23262e-09  9.73369e-12
      1314.35  2.37538e-09  6.89063e-12
      1314.70  1.76887e-09  6.03969e-12
      1315.05  1.76690e-09  5.88017e-12
      1315.39  2.02126e-09  6.25739e-12
      1315.74  2.61302e-09  7.18000e-12
      1316.08  4.06129e-09  8.76054e-12
      1316.43  8.30293e-09  1.21033e-11
      1316.78  1.38438e-08  1.64306e-11
      1317.12  1.11288e-08  1.46092e-11
      1317.47  5.42760e-09  1.00890e-11
      1317.82  3.11280e-09  8.08489e-12
      1318.17  3.17670e-09  8.17878e-12
      1318.51  5.34333e-09  1.04423e-11
      1318.86  6.66084e-09  1.17693e-11
      1319.21  4.60068e-09  9.93587e-12
      1319.56  2.65454e-09  7.85678e-12
      1319.91  2.55695e-09  7.75148e-12
      1320.25  2.63890e-09  7.23848e-12
      1320.60  2.64160e-09  6.75215e-12
      1320.95  3.20902e-09  7.09368e-12
      1321.30  4.68932e-09  8.37027e-12
      1321.65  9.48127e-09  1.19558e-11
      1322.00  1.68717e-08  1.71886e-11
      1322.35  1.49689e-08  1.67489e-11
      1322.70  7.77217e-09  1.22438e-11
      1323.05  4.82126e-09  9.87395e-12
      1323.40  5.26216e-09  1.01848e-11
      1323.75  6.29662e-09  1.08547e-11
      1324.10  6.47782e-09  1.13009e-11
      1324.45  4.86664e-09  9.92773e-12
      1324.80  3.41339e-09  8.51785e-12
      