227
      1249.95  2.25288e-08  2.62370e-11
      1250.27  1.20932e-08  1.83510e-11
      1250.58  4.57880e-09  1.14615e-11
      1250.89  3.21984e-09  1.04339e-11
      1251.20  4.03604e-09  1.19827e-11
      1251.52  5.92955e-09  1.42194e-11
      1251.83  9.73803e-09  1.77466e-11
      1252.14  1.28561e-08  2.03288e-11
      1252.46  1.27871e-08  1.98405e-11
      1252.77  1.20543e-08  1.81090e-11
      1253.09  1.81645e-08  2.06080e-11
      1253.40  3.22019e-08  2.66024e-11
      1253.71  3.97118e-08  2.94288e-11
      1254.03  2.67332e-08  2.38658e-11
      1254.34  1.44198e-08  1.79966e-11
      1254.66  1.64461e-08  2.02187e-11
      1254.97  2.39871e-08  2.57235e-11
      1255.29  1.77409e-08  2.18874e-11
      1255.60  9.03356e-09  1.54939e-11
      1255.92  9.51187e-09  1.57271e-11
      1256.23  1.50744e-08  1.84915e-11
      1256.55  2.26475e-08  2.29630e-11
      1256.87  1.74662e-08  1.96342e-11
      1257.18  8.83807e-09  1.45375e-11
      1257.50  6.41843e-09  1.34906e-11
      1257.81  7.00868e-09  1.45473e-11
      1258.13  8.57394e-09  1.62703e-11
      1258.45  8.81579e-09  1.61128e-11
      1258.76  9.29867e-09  1.55395e-11
      1259.08  1.50027e-08  1.84236e-11
      1259.40  2.80166e-08  2.48522e-11
      1259.72  3.73262e-08  2.91288e-11
      1260.03  2.98035e-08  2.60901e-11
      1260.35  2.23278e-08  2.29507e-11
      1260.67  2.70106e-08  2.65758e-11
      1260.99  2.60787e-08  2.60739e-11
      1261.30  2.12798e-08  2.24898e-11
      1261.62  2.51061e-08  2.40923e-11
      1261.94  2.67841e-08  2.33770e-11
      1262.26  2.68985e-08  2.31237e-11
      1262.58  2.12957e-08  1.99236e-11
      1262.90  2.13043e-08  2.00723e-11
      1263.22  3.06719e-08  2.59405e-11
      1263.54  2.71869e-08  2.46841e-11
      1263.86  1.83361e-08  2.00508e-11
      1264.17  1.48444e-08  1.81128e-11
      1264.49  1.13856e-08  1.50849e-11
      1264.81  1.17385e-08  1.42644e-11
      1265.13  2.12916e-08  1.86141e-11
      1265.45  3.23619e-08  2.32117e-11
      1265.77  3.00210e-08  2.26756e-11
      1266.10  1.76300e-08  1.77908e-11
      1266.42  9.82405e-09  1.40619e-11
      1266.74  8.43451e-09  1.37287e-11
      1267.06  1.07912e-08  1.50079e-11
      1267.38  1.99205e-08  1.92644e-11
      1267.70  3.44340e-08  2.48197e-11
      1268.02  3.74835e-08  2.49194e-11
      1268.34  3.68740e-08  2.50840e-11
      1268.67  3.39534e-08  2.44244e-11
      1268.99  3.32554e-08  2.56401e-11
      1269.31  2.71386e-08  2.38452e-11
      1269.63  1.86680e-08  2.02132e-11
      1269.95  1.56765e-08  1.86021e-11
      1270.28  1.79462e-08  1.88185e-11
      1270.60  2.80207e-08  2.33007e-11
      1270.92  3.36151e-08  2.44956e-11
      1271.25  3.61919e-08  2.52657e-11
      1271.57  3.61071e-08  2.59724e-11
      1271.89  2.31001e-08  2.07677e-11
      1272.22  1.11928e-08  1.49619e-11
      1272.54  7.31009e-09  1.27929e-11
      1272.86  6.12114e-09  1.18840e-11
      1273.19  5.73726e-09  1.12620e-11
      1273.51  6.63580e-09  1.11972e-11
      1273.84  9.84766e-09  1.28833e-11
      1274.16  1.30272e-08  1.45246e-11
      1274.49  1.61947e-08  1.56997e-11
      1274.81  2.71648e-08  2.12532e-11
      1275.14  3.74258e-08  2.58267e-11
      1275.46  3.46018e-08  2.53334e-11
      1275.79  2.39233e-08  2.09414e-11
      1276.11  1.62978e-08  1.68247e-11
      1276.44  1.96389e-08  1.77530e-11
      1276.76  3.21636e-08  2.35354e-11
      1277.09  3.28654e-08  2.25871e-11
      1277.42  3.38119e-08  2.45401e-11
      1277.74  2.43160e-08  2.12740e-11
      1278.07  1.22596e-08  1.58837e-11
      1278.40  7.79067e-09  1.37830e-11
      1278.72  6.12848e-09  1.23019e-11
      1279.05  5.93943e-09  1.17800e-11
      1279.38  7.69171e-09  1.27088e-11
      1279.71  1.08280e-08  1.42230e-11
      1280.03  1.42658e-08  1.65142e-11
      1280.36  1.29118e-08  1.55159e-11
      1280.69  1.36254e-08  1.65992e-11
      1281.02  1.73475e-08  1.87837e-11
      1281.34  2.43763e-08  2.22966e-11
      1281.67  2.94131e-08  2.48345e-11
      1282.00  2.35391e-08  2.09893e-11
      1282.33  2.39455e-08  1.97184e-11
      1282.66  3.53484e-08  2.34136e-11
      1282.99  4.40430e-08  2.58757e-11
      1283.32  4.42058e-08  2.63909e-11
      1283.65  3.27013e-08  2.33050e-11
      1283.98  1.89283e-08  1.83468e-11
      1284.31  1.17146e-08  1.52862e-11
      1284.64  8.99028e-09  1.36506e-11
      1284.97  8.79360e-09  1.32337e-11
      1285.30  1.00306e-08  1.38746e-11
      1285.63  8.70891e-09  1.24482e-11
      1285.96  8.00298e-09  1.20066e-11
      1286.29  1.13155e-08  1.48054e-11
      1286.62  1.53007e-08  1.81728e-11
      1286.95  1.46505e-08  1.78153e-11
      1287.28  1.75690e-08  1.95122e-11
      1287.61  2.85914e-08  2.51308e-11
      1287.95  3.40848e-08  2.62085e-11
      1288.28  3.42668e-08  2.49109e-11
      1288.61  3.42756e-08  2.40552e-11
      1288.94  3.36293e-08  2.40798e-11
      1289.27  2.53405e-08  2.06890e-11
      1289.61  1.95056e-08  1.89931e-11
      1289.94  1.61477e-08  1.80247e-11
      1290.27  1.16251e-08  1.54007e-11
      1290.61  9.85952e-09  1.39519e-11
      1290.94  7.83100e-09  1.20688e-11
      1291.27  5.99831e-09  1.01822e-11
      1291.61  6.87000e-09  1.06966e-11
      1291.94  1.06866e-08  1.32894e-11
      1292.27  1.71090e-08  1.73560e-11
      1292.61  2.31343e-08  2.14243e-11
      1292.94  1.81829e-08  1.88447e-11
      1293.28  1.43852e-08  1.71239e-11
      1293.61  1.81810e-08  1.94389e-11
      1293.95  2.24372e-08  2.06697e-11
      1294.28  3.10598e-08  2.39073e-11
      1294.62  3.51349e-08  2.52689e-11
      1294.95  3.04553e-08  2.32899e-11
      1295.29  2.91668e-08  2.39806e-11
      1295.62  2.59099e-08  2.29733e-11
      1295.96  1.96647e-08  2.00852e-11
      1296.29  1.71811e-08  1.87208e-11
      1296.63  1.78158e-08  1.83019e-11
      1296.97  2.11808e-08  1.89973e-11
      1297.30  3.05228e-08  2.17831e-11
      1297.64  4.06323e-08  2.51682e-11
      1297.98  3.62952e-08  2.34911e-11
      1298.31  2.47902e-08  1.99467e-11
      1298.65  1.51165e-08  1.61879e-11
      1298.99  1.15968e-08  1.46010e-11
      1299.33  1.79017e-08  1.79620e-11
      1299.66  3.06127e-08  2.34506e-11
      1300.00  3.38645e-08  2.36911e-11
      1300.34  3.01918e-08  2.24419e-11
      1300.68  2.12322e-08  1.86590e-11
      1301.02  2.08677e-08  1.89708e-11
      1301.35  3.48259e-08  2.66165e-11
      1301.69  4.09150e-08  2.88107e-11
      1302.03  3.94439e-08  2.85574e-11
      1302.37  3.48185e-08  2.55282e-11
      1302.71  3.94882e-08  2.68344e-11
      1303.05  4.28220e-08  2.62571e-11
      1303.39  4.81909e-08  2.75309e-11
      1303.73  5.14115e-08  2.91171e-11
      1304.07  4.87615e-08  2.81165e-11
      1304.41  4.99493e-08  2.89545e-11
      1304.75  5.28618e-08  2.99801e-11
      1305.09  5.52820e-08  3.03072e-11
      1305.43  6.30851e-08  3.17745e-11
      1305.77  7.20524e-08  3.34499e-11
      1306.11  7.11619e-08  3.36840e-11
      1306.46  5.06557e-08  2.82040e-11
      1306.80  2.78619e-08  2.12148e-11
      1307.14  1.62211e-08  1.73161e-11
      1307.48  1.15084e-08  1.56016e-11
      1307.82  9.30738e-09  1.44861e-11
      1308.16  9.13480e-09  1.42096e-11
      1308.51  1.02801e-08  1.49311e-11
      1308.85  8.76389e-09  1.30973e-11
      1309.19  6.53564e-09  1.11093e-11
      1309.53  5.94235e-09  1.07751e-11
      1309.88  5.85086e-09  1.09871e-11
      1310.22  6.27253e-09  1.15858e-11
      1310.56  7.93262e-09  1.27247e-11
      1310.91  1.32472e-08  1.54338e-11
      1311.25  2.30421e-08  1.99679e-11
      1311.60  2.41817e-08  1.97221e-11
      1311.94  1.53125e-08  1.52374e-11
      1312.28  8.56327e-09  1.18443e-11
      1312.63  5.97818e-09  1.06801e-11
      1312.97  5.08872e-09  1.03706e-11
      1313.32  6.46172e-09  1.17585e-11
      1313.66  1.04992e-08  1.56673e-11
      1314.01  8.89044e-09  1.40029e-11
      1314.35  5.24421e-09  1.06106e-11
      1314.70  4.11590e-09  9.43779e-12
      1315.05  4.08733e-09  9.27801e-12
      1315.39  4.58064e-09  9.86697e-12
      1315.74  5.72287e-09  1.09677e-11
      1316.08  8.36274e-09  1.30251e-11
      1316.43  1.56579e-08  1.73600e-11
      1316.78  2.54548e-08  2.22214e-11
      1317.12  2.08937e-08  1.90825e-11
      1317.47  1.11928e-08  1.33075e-11
      1317.82  7.05303e-09  1.06778e-11
      1318.17  7.18014e-09  1.09734e-11
      1318.51  1.12005e-08  1.43706e-11
      1318.86  1.34665e-08  1.65421e-11
      1319.21  9.50750e-09  1.42765e-11
      1319.56  5.85605e-09  1.17165e-11
      1319.91  5.72107e-09  1.17067e-11
      1320.25  5.83421e-09  1.15107e-11
      1320.60  5.82801e-09  1.09704e-11
      1320.95  6.90825e-09  1.15824e-11
      1321.30  9.57312e-09  1.34178e-11
      1321.65  1.72999e-08  1.79335e-11
      1322.00  2.94942e-08  2.44853e-11
      1322.35  2.69559e-08  2.35154e-11
      1322.70  1.51286e-08  1.67115e-11
      1323.05  1.01488e-08  1.33525e-11
      1323.40  1.10959e-08  1.33807e-11
      1323.75  1.31621e-08  1.43020e-11
      1324.10  1.38402e-08  1.52469e-11
      1324.45  1.03768e-08  1.35808e-11
      1324.80  7.42015e-09  1.22902e-11
      