227
      1249.95  3.56684e-08  6.48514e-11
      1250.27  1.86462e-08  2.73580e-11
      1250.58  7.04336e-09  1.89429e-11
      1250.89  5.29416e-09  1.73455e-11
      1251.20  6.58846e-09  1.97287e-11
      1251.52  9.21808e-09  2.30307e-11
      1251.83  1.47981e-08  2.95817e-11
      1252.14  1.91580e-08  3.33162e-11
      1252.46  1.89315e-08  3.27278e-11
      1252.77  1.76892e-08  3.00098e-11
      1253.09  2.62906e-08  3.47047e-11
      1253.40  4.51261e-08  4.52152e-11
      1253.71  5.63058e-08  6.22207e-11
      1254.03  2.87219e-08  4.39178e-11
      1254.34  1.99083e-08  3.10717e-11
      1254.66  2.35952e-08  3.40759e-11
      1254.97  3.37441e-08  4.31640e-11
      1255.29  2.41259e-08  3.51498e-11
      1255.60  1.31478e-08  2.53573e-11
      1255.92  1.40953e-08  2.60279e-11
      1256.23  2.15970e-08  3.00663e-11
      1256.55  3.20397e-08  3.80536e-11
      1256.87  2.42579e-08  3.24461e-11
      1257.18  1.30313e-08  2.46167e-11
      1257.50  9.83721e-09  2.29799e-11
      1257.81  1.07398e-08  2.40179e-11
      1258.13  1.29914e-08  2.62625e-11
      1258.45  1.33280e-08  2.54370e-11
      1258.76  1.41824e-08  2.48677e-11
      1259.08  2.22363e-08  2.96232e-11
      1259.40  3.99571e-08  3.97627e-11
      1259.72  5.20072e-08  4.67490e-11
      1260.03  4.13571e-08  4.16172e-11
      1260.35  3.20209e-08  3.70520e-11
      1260.67  3.86366e-08  4.32475e-11
      1260.99  3.68558e-08  4.15332e-11
      1261.30  3.08967e-08  3.63330e-11
      1261.62  3.61387e-08  3.96160e-11
      1261.94  3.78988e-08  4.15216e-11
      1262.26  3.78609e-08  5.68862e-11
      1262.58  2.98281e-08  3.17541e-11
      1262.90  3.12446e-08  3.32454e-11
      1263.22  4.34967e-08  4.17954e-11
      1263.54  3.73379e-08  3.84511e-11
      1263.86  2.63300e-08  3.22285e-11
      1264.17  2.16875e-08  2.95459e-11
      1264.49  1.67018e-08  2.49857e-11
      1264.81  1.75417e-08  2.42137e-11
      1265.13  3.05729e-08  3.17725e-11
      1265.45  4.42878e-08  3.92427e-11
      1265.77  4.00335e-08  3.78374e-11
      1266.10  2.41150e-08  2.95177e-11
      1266.42  1.43316e-08  2.38340e-11
      1266.74  1.25656e-08  2.26731e-11
      1267.06  1.59617e-08  2.46857e-11
      1267.38  2.81540e-08  3.17165e-11
      1267.70  4.43658e-08  4.90480e-11
      1268.02  4.89904e-08  5.95145e-11
      1268.34  4.89385e-08  6.81172e-11
      1268.67  4.81228e-08  6.53672e-11
      1268.99  4.62217e-08  4.97885e-11
      1269.31  3.74772e-08  3.79178e-11
      1269.63  2.69538e-08  3.22771e-11
      1269.95  2.31157e-08  2.95180e-11
      1270.28  2.61110e-08  3.12333e-11
      1270.60  3.53383e-08  4.09960e-11
      1270.92  4.69231e-08  4.81692e-11
      1271.25  4.88408e-08  4.86712e-11
      1271.57  4.82456e-08  5.10684e-11
      1271.89  3.24855e-08  3.53683e-11
      1272.22  1.72238e-08  2.69442e-11
      1272.54  1.23583e-08  3.07365e-11
      1272.86  1.03931e-08  1.93852e-11
      1273.19  9.05350e-09  1.82449e-11
      1273.51  1.05001e-08  1.86059e-11
      1273.84  1.48573e-08  2.16900e-11
      1274.16  1.90086e-08  2.45584e-11
      1274.49  2.39382e-08  2.75071e-11
      1274.81  3.50811e-08  4.13346e-11
      1275.14  4.13697e-08  4.90680e-11
      1275.46  4.13577e-08  5.33567e-11
      1275.79  3.21236e-08  3.47320e-11
      1276.11  2.34811e-08  2.79950e-11
      1276.44  2.75951e-08  3.08114e-11
      1276.76  3.75137e-08  4.06150e-11
      1277.09  4.40749e-08  4.58346e-11
      1277.42  4.23266e-08  4.52717e-11
      1277.74  2.92110e-08  3.95377e-11
      1278.07  1.79701e-08  2.57286e-11
      1278.40  1.18428e-08  2.17024e-11
      1278.72  9.49322e-09  1.95448e-11
      1279.05  9.31190e-09  1.89226e-11
      1279.38  1.18216e-08  2.04139e-11
      1279.71  1.61967e-08  2.36360e-11
      1280.03  2.05466e-08  2.76439e-11
      1280.36  1.92279e-08  2.66674e-11
      1280.69  2.02437e-08  2.81626e-11
      1281.02  2.52652e-08  3.27716e-11
      1281.34  3.01307e-08  4.65681e-11
      1281.67  3.37332e-08  4.25345e-11
      1282.00  3.10770e-08  3.78405e-11
      1282.33  3.41947e-08  3.25405e-11
      1282.66  4.87543e-08  3.88459e-11
      1282.99  5.91919e-08  4.29202e-11
      1283.32  5.82704e-08  4.37644e-11
      1283.65  4.31794e-08  3.84664e-11
      1283.98  2.55461e-08  3.02089e-11
      1284.31  1.64487e-08  2.51326e-11
      1284.64  1.29198e-08  2.23447e-11
      1284.97  1.23972e-08  2.27552e-11
      1285.30  1.31519e-08  2.41046e-11
      1285.63  1.22320e-08  2.31384e-11
      1285.96  1.16537e-08  2.01230e-11
      1286.29  1.47705e-08  2.77719e-11
      1286.62  2.34420e-08  3.71682e-11
      1286.95  2.08634e-08  2.83090e-11
      1287.28  2.20956e-08  3.25939e-11
      1287.61  3.79855e-08  4.36991e-11
      1287.95  4.85823e-08  5.58030e-11
      1288.28  4.77413e-08  4.82692e-11
      1288.61  4.75482e-08  4.02278e-11
      1288.94  4.73841e-08  4.30808e-11
      1289.27  4.00492e-08  5.06585e-11
      1289.61  3.17566e-08  3.15708e-11
      1289.94  2.33144e-08  2.95158e-11
      1290.27  1.66112e-08  2.47638e-11
      1290.61  1.47124e-08  2.39894e-11
      1290.94  1.12777e-08  1.99716e-11
      1291.27  8.76557e-09  1.72415e-11
      1291.61  1.01737e-08  1.81876e-11
      1291.94  1.56940e-08  2.29212e-11
      1292.27  2.44300e-08  2.89658e-11
      1292.61  3.25824e-08  3.54072e-11
      1292.94  2.51280e-08  3.03948e-11
      1293.28  2.12948e-08  2.79036e-11
      1293.61  2.65619e-08  3.10650e-11
      1293.95  3.18798e-08  3.26519e-11
      1294.28  3.97601e-08  4.80615e-11
      1294.62  4.12650e-08  4.48563e-11
      1294.95  4.07692e-08  4.39858e-11
      1295.29  4.11728e-08  3.85380e-11
      1295.62  3.67010e-08  3.73425e-11
      1295.96  2.87598e-08  3.31722e-11
      1296.29  2.52546e-08  3.18051e-11
      1296.63  2.48623e-08  4.04496e-11
      1296.97  2.88011e-08  2.77602e-11
      1297.30  4.35992e-08  3.59128e-11
      1297.64  5.45800e-08  4.09437e-11
      1297.98  4.83178e-08  3.90718e-11
      1298.31  3.38753e-08  3.34987e-11
      1298.65  2.15363e-08  2.73312e-11
      1298.99  1.76473e-08  2.48067e-11
      1299.33  2.62297e-08  3.00013e-11
      1299.66  4.12542e-08  3.72407e-11
      1300.00  4.59035e-08  3.82153e-11
      1300.34  4.17248e-08  3.77134e-11
      1300.68  3.45217e-08  3.73650e-11
      1301.02  3.15894e-08  3.56466e-11
      1301.35  4.75876e-08  4.08421e-11
      1301.69  5.59093e-08  4.46951e-11
      1302.03  5.37691e-08  4.41998e-11
      1302.37  4.81623e-08  4.05360e-11
      1302.71  5.38769e-08  4.36387e-11
      1303.05  5.84823e-08  4.42182e-11
      1303.39  6.40252e-08  5.04401e-11
      1303.73  6.85723e-08  7.54957e-11
      1304.07  6.58787e-08  5.76003e-11
      1304.41  6.51986e-08  6.23492e-11
      1304.75  7.01358e-08  5.85025e-11
      1305.09  7.17016e-08  4.89768e-11
      1305.43  8.08745e-08  5.19822e-11
      1305.77  8.92617e-08  6.53973e-11
      1306.11  8.76063e-08  6.47857e-11
      1306.46  6.38826e-08  4.48070e-11
      1306.80  3.65604e-08  3.40022e-11
      1307.14  2.42314e-08  3.43429e-11
      1307.48  1.57946e-08  2.90160e-11
      1307.82  1.36178e-08  2.32880e-11
      1308.16  1.36194e-08  2.27456e-11
      1308.51  1.54791e-08  2.40822e-11
      1308.85  1.41412e-08  2.70517e-11
      1309.19  9.87259e-09  2.83693e-11
      1309.53  9.09802e-09  2.18494e-11
      1309.88  8.80169e-09  2.23761e-11
      1310.22  8.88435e-09  2.44166e-11
      1310.56  1.18721e-08  1.98671e-11
      1310.91  1.97435e-08  2.58402e-11
      1311.25  3.19380e-08  3.28519e-11
      1311.60  3.16803e-08  3.17804e-11
      1311.94  2.04254e-08  2.48412e-11
      1312.28  1.21228e-08  1.96348e-11
      1312.63  8.72435e-09  1.76239e-11
      1312.97  7.72052e-09  1.72715e-11
      1313.32  1.00366e-08  1.95625e-11
      1313.66  1.46911e-08  2.39598e-11
      1314.01  1.27866e-08  2.19861e-11
      1314.35  8.65584e-09  2.11311e-11
      1314.70  6.38731e-09  1.85369e-11
      1315.05  6.41170e-09  1.59837e-11
      1315.39  7.12515e-09  1.67740e-11
      1315.74  8.80099e-09  1.88885e-11
      1316.08  1.17536e-08  2.33611e-11
      1316.43  1.50994e-08  3.26156e-11
      1316.78  3.23925e-08  3.19140e-11
      1317.12  2.82072e-08  3.07173e-11
      1317.47  1.50159e-08  2.16241e-11
      1317.82  9.88700e-09  1.78728e-11
      1318.17  1.02343e-08  1.82036e-11
      1318.51  1.62519e-08  2.39158e-11
      1318.86  1.96571e-08  2.73777e-11
      1319.21  1.32319e-08  2.24176e-11
      1319.56  8.27813e-09  1.96011e-11
      1319.91  8.21368e-09  1.93829e-11
      1320.25  8.78889e-09  1.98786e-11
      1320.60  8.87893e-09  1.77930e-11
      1320.95  1.05179e-08  1.94345e-11
      1321.30  1.42999e-08  2.25247e-11
      1321.65  2.51564e-08  3.00197e-11
      1322.00  4.07193e-08  4.04630e-11
      1322.35  3.93955e-08  4.56379e-11
      1322.70  3.25688e-08  4.59761e-11
      1323.05  1.50310e-08  2.63119e-11
      1323.40  1.61228e-08  2.31290e-11
      1323.75  1.85870e-08  2.41999e-11
      1324.10  1.89631e-08  2.52564e-11
      1324.45  1.45778e-08  2.24965e-11
      1324.80  1.09331e-08  2.04000e-11
      