227
      1249.95  3.29296e-08  2.99755e-11
      1250.27  1.79981e-08  2.11192e-11
      1250.58  7.21980e-09  1.37649e-11
      1250.89  5.20060e-09  1.24632e-11
      1251.20  6.45715e-09  1.41744e-11
      1251.52  9.18304e-09  1.67576e-11
      1251.83  1.47006e-08  2.16107e-11
      1252.14  1.92353e-08  2.48039e-11
      1252.46  1.91757e-08  2.48866e-11
      1252.77  1.81694e-08  2.30676e-11
      1253.09  2.65927e-08  2.64413e-11
      1253.40  4.53472e-08  3.38501e-11
      1253.71  5.47149e-08  3.75378e-11
      1254.03  3.70692e-08  3.07888e-11
      1254.34  2.08607e-08  2.35504e-11
      1254.66  2.37963e-08  2.64760e-11
      1254.97  3.35897e-08  3.30498e-11
      1255.29  2.49670e-08  2.81609e-11
      1255.60  1.33652e-08  2.00455e-11
      1255.92  1.41462e-08  2.00008e-11
      1256.23  2.18293e-08  2.31336e-11
      1256.55  3.19789e-08  2.83130e-11
      1256.87  2.49873e-08  2.44462e-11
      1257.18  1.31814e-08  1.81653e-11
      1257.50  9.84349e-09  1.66787e-11
      1257.81  1.07203e-08  1.75421e-11
      1258.13  1.29968e-08  1.93413e-11
      1258.45  1.34697e-08  1.89832e-11
      1258.76  1.43577e-08  1.81544e-11
      1259.08  2.24756e-08  2.10437e-11
      1259.40  4.02293e-08  2.75465e-11
      1259.72  5.24980e-08  3.18307e-11
      1260.03  4.22649e-08  2.82093e-11
      1260.35  3.24534e-08  2.48993e-11
      1260.67  3.89552e-08  2.89035e-11
      1260.99  3.75866e-08  2.83716e-11
      1261.30  3.11938e-08  2.47705e-11
      1261.62  3.64470e-08  2.66906e-11
      1261.94  3.86359e-08  2.62518e-11
      1262.26  3.88246e-08  2.62701e-11
      1262.58  3.10453e-08  2.30603e-11
      1262.90  3.12919e-08  2.36662e-11
      1263.22  4.38775e-08  3.01550e-11
      1263.54  3.86856e-08  2.87775e-11
      1263.86  2.67914e-08  2.42915e-11
      1264.17  2.20202e-08  2.26513e-11
      1264.49  1.70500e-08  1.93594e-11
      1264.81  1.75000e-08  1.85707e-11
      1265.13  3.04311e-08  2.42431e-11
      1265.45  4.49396e-08  2.99778e-11
      1265.77  4.13948e-08  2.92014e-11
      1266.10  2.47798e-08  2.30223e-11
      1266.42  1.44112e-08  1.83683e-11
      1266.74  1.25679e-08  1.78141e-11
      1267.06  1.58670e-08  1.92523e-11
      1267.38  2.81363e-08  2.42348e-11
      1267.70  4.76596e-08  3.09066e-11
      1268.02  5.18218e-08  3.05361e-11
      1268.34  5.12674e-08  3.02477e-11
      1268.67  4.73785e-08  2.88618e-11
      1268.99  4.66105e-08  2.96472e-11
      1269.31  3.83465e-08  2.72556e-11
      1269.63  2.72526e-08  2.29647e-11
      1269.95  2.33346e-08  2.11059e-11
      1270.28  2.64403e-08  2.11646e-11
      1270.60  4.01072e-08  2.57387e-11
      1270.92  4.74841e-08  2.66569e-11
      1271.25  5.09362e-08  2.73924e-11
      1271.57  5.07204e-08  2.82739e-11
      1271.89  3.28172e-08  2.29547e-11
      1272.22  1.67756e-08  1.72380e-11
      1272.54  1.13724e-08  1.51389e-11
      1272.86  9.61924e-09  1.42968e-11
      1273.19  8.97856e-09  1.35577e-11
      1273.51  1.02374e-08  1.37572e-11
      1273.84  1.48190e-08  1.61821e-11
      1274.16  1.92076e-08  1.84858e-11
      1274.49  2.33758e-08  2.01766e-11
      1274.81  3.80677e-08  2.72888e-11
      1275.14  5.12275e-08  3.31101e-11
      1275.46  4.70160e-08  3.22531e-11
      1275.79  3.30044e-08  2.67226e-11
      1276.11  2.31139e-08  2.16577e-11
      1276.44  2.77697e-08  2.24730e-11
      1276.76  4.41383e-08  2.87334e-11
      1277.09  4.53614e-08  2.75321e-11
      1277.42  4.67942e-08  2.94997e-11
      1277.74  3.38578e-08  2.50644e-11
      1278.07  1.79963e-08  1.86337e-11
      1278.40  1.18479e-08  1.58554e-11
      1278.72  9.47224e-09  1.42236e-11
      1279.05  9.26878e-09  1.34977e-11
      1279.38  1.18709e-08  1.43985e-11
      1279.71  1.63724e-08  1.59128e-11
      1280.03  2.09989e-08  1.82636e-11
      1280.36  1.92219e-08  1.72440e-11
      1280.69  2.04801e-08  1.86713e-11
      1281.02  2.58450e-08  2.15822e-11
      1281.34  3.53060e-08  2.60070e-11
      1281.67  4.14291e-08  2.90619e-11
      1282.00  3.37621e-08  2.49458e-11
      1282.33  3.46344e-08  2.45694e-11
      1282.66  4.92028e-08  2.92619e-11
      1282.99  5.99088e-08  3.25117e-11
      1283.32  5.93194e-08  3.34052e-11
      1283.65  4.42375e-08  2.99368e-11
      1283.98  2.64603e-08  2.39946e-11
      1284.31  1.69591e-08  2.00773e-11
      1284.64  1.31949e-08  1.78928e-11
      1284.97  1.29060e-08  1.69329e-11
      1285.30  1.46928e-08  1.75446e-11
      1285.63  1.29775e-08  1.63620e-11
      1285.96  1.21339e-08  1.48355e-11
      1286.29  1.68193e-08  1.74994e-11
      1286.62  2.23136e-08  2.08138e-11
      1286.95  2.14923e-08  2.02457e-11
      1287.28  2.56278e-08  2.17728e-11
      1287.61  4.04613e-08  2.75252e-11
      1287.95  4.78784e-08  2.86828e-11
      1288.28  4.81686e-08  2.73714e-11
      1288.61  4.82547e-08  2.67257e-11
      1288.94  4.70783e-08  2.69748e-11
      1289.27  3.60413e-08  2.38913e-11
      1289.61  2.84467e-08  2.25708e-11
      1289.94  2.38879e-08  2.19485e-11
      1290.27  1.73768e-08  1.91789e-11
      1290.61  1.47809e-08  1.82301e-11
      1290.94  1.16477e-08  1.59980e-11
      1291.27  8.90007e-09  1.35947e-11
      1291.61  1.01764e-08  1.40531e-11
      1291.94  1.56460e-08  1.72938e-11
      1292.27  2.44305e-08  2.17563e-11
      1292.61  3.26600e-08  2.62652e-11
      1292.94  2.62001e-08  2.33063e-11
      1293.28  2.13679e-08  2.10241e-11
      1293.61  2.69128e-08  2.34304e-11
      1293.95  3.23757e-08  2.38668e-11
      1294.28  4.38517e-08  2.67293e-11
      1294.62  4.92220e-08  2.77163e-11
      1294.95  4.30238e-08  2.51578e-11
      1295.29  4.18846e-08  2.58963e-11
      1295.62  3.75045e-08  2.52338e-11
      1295.96  2.89808e-08  2.26591e-11
      1296.29  2.55849e-08  2.16756e-11
      1296.63  2.64147e-08  2.18437e-11
      1296.97  3.09270e-08  2.29768e-11
      1297.30  4.32959e-08  2.68122e-11
      1297.64  5.64577e-08  3.13487e-11
      1297.98  5.02082e-08  2.98851e-11
      1298.31  3.49745e-08  2.60650e-11
      1298.65  2.17543e-08  2.11932e-11
      1298.99  1.71757e-08  1.93133e-11
      1299.33  2.57786e-08  2.33344e-11
      1299.66  4.24321e-08  2.98051e-11
      1300.00  4.68602e-08  2.94013e-11
      1300.34  4.20475e-08  2.70052e-11
      1300.68  3.05092e-08  2.21675e-11
      1301.02  3.06820e-08  2.19260e-11
      1301.35  4.85345e-08  2.89936e-11
      1301.69  5.66298e-08  3.12496e-11
      1302.03  5.46170e-08  3.09942e-11
      1302.37  4.91172e-08  2.81221e-11
      1302.71  5.47335e-08  2.94133e-11
      1303.05  5.92994e-08  2.95988e-11
      1303.39  6.58910e-08  3.12895e-11
      1303.73  6.96449e-08  3.30239e-11
      1304.07  6.64438e-08  3.31880e-11
      1304.41  6.77146e-08  3.55277e-11
      1304.75  7.07189e-08  3.73495e-11
      1305.09  7.30371e-08  3.81762e-11
      1305.43  8.18016e-08  3.97754e-11
      1305.77  9.20337e-08  4.11293e-11
      1306.11  9.03966e-08  3.98440e-11
      1306.46  6.64915e-08  3.36072e-11
      1306.80  3.84934e-08  2.55723e-11
      1307.14  2.34234e-08  2.04572e-11
      1307.48  1.70615e-08  1.80483e-11
      1307.82  1.40005e-08  1.64424e-11
      1308.16  1.37818e-08  1.58102e-11
      1308.51  1.54605e-08  1.63717e-11
      1308.85  1.32079e-08  1.44981e-11
      1309.19  1.00061e-08  1.25683e-11
      1309.53  9.19360e-09  1.23963e-11
      1309.88  9.02289e-09  1.26928e-11
      1310.22  9.55433e-09  1.36805e-11
      1310.56  1.18165e-08  1.57314e-11
      1310.91  1.86622e-08  2.07713e-11
      1311.25  3.30530e-08  2.74895e-11
      1311.60  3.32831e-08  2.57368e-11
      1311.94  2.10830e-08  1.95977e-11
      1312.28  1.21550e-08  1.51094e-11
      1312.63  8.73304e-09  1.34049e-11
      1312.97  7.58428e-09  1.28649e-11
      1313.32  9.73286e-09  1.43653e-11
      1313.66  1.53629e-08  1.84805e-11
      1314.01  1.29867e-08  1.62049e-11
      1314.35  8.07004e-09  1.22105e-11
      1314.70  6.42105e-09  1.06792e-11
      1315.05  6.33622e-09  1.04714e-11
      1315.39  7.08455e-09  1.11927e-11
      1315.74  8.81829e-09  1.25890e-11
      1316.08  1.27557e-08  1.54117e-11
      1316.43  2.29256e-08  2.08885e-11
      1316.78  3.52025e-08  2.72142e-11
      1317.12  2.90807e-08  2.43037e-11
      1317.47  1.60507e-08  1.75980e-11
      1317.82  1.03439e-08  1.42735e-11
      1318.17  1.05802e-08  1.42037e-11
      1318.51  1.60571e-08  1.80488e-11
      1318.86  1.93202e-08  2.05279e-11
      1319.21  1.39312e-08  1.73169e-11
      1319.56  8.75362e-09  1.38566e-11
      1319.91  8.64286e-09  1.36875e-11
      1320.25  8.89785e-09  1.31710e-11
      1320.60  8.94096e-09  1.23984e-11
      1320.95  1.05242e-08  1.30522e-11
      1321.30  1.43356e-08  1.50814e-11
      1321.65  2.48128e-08  2.01226e-11
      1322.00  4.15627e-08  2.81516e-11
      1322.35  3.75254e-08  2.72308e-11
      1322.70  2.14021e-08  2.06780e-11
      1323.05  1.47034e-08  1.72972e-11
      1323.40  1.61113e-08  1.79358e-11
      1323.75  1.88141e-08  1.90332e-11
      1324.10  1.97213e-08  1.96249e-11
      1324.45  1.47950e-08  1.70281e-11
      1324.80  1.10147e-08  1.54780e-11
      