227
      1249.95  2.20181e-08  3.48219e-11
      1250.27  1.03950e-08  2.00775e-11
      1250.58  4.30661e-09  1.21834e-11
      1250.89  3.09293e-09  1.12293e-11
      1251.20  3.95558e-09  1.24387e-11
      1251.52  5.90510e-09  1.46074e-11
      1251.83  9.88852e-09  1.86349e-11
      1252.14  1.29246e-08  2.13189e-11
      1252.46  1.27016e-08  2.10653e-11
      1252.77  1.18656e-08  1.93929e-11
      1253.09  1.81210e-08  2.23072e-11
      1253.40  3.21368e-08  2.90941e-11
      1253.71  3.90252e-08  3.23304e-11
      1254.03  2.55022e-08  2.62558e-11
      1254.34  1.38053e-08  2.03251e-11
      1254.66  1.60924e-08  2.30412e-11
      1254.97  2.34691e-08  2.96091e-11
      1255.29  1.67029e-08  2.47636e-11
      1255.60  8.60661e-09  1.80462e-11
      1255.92  9.14600e-09  1.85185e-11
      1256.23  1.46269e-08  2.18111e-11
      1256.55  2.21310e-08  2.72909e-11
      1256.87  1.67058e-08  2.35308e-11
      1257.18  8.48527e-09  1.80423e-11
      1257.50  6.16183e-09  1.69222e-11
      1257.81  6.81505e-09  1.82810e-11
      1258.13  8.39091e-09  2.05396e-11
      1258.45  8.58574e-09  2.01151e-11
      1258.76  9.12311e-09  1.97422e-11
      1259.08  1.49314e-08  2.33051e-11
      1259.40  2.80626e-08  3.13215e-11
      1259.72  3.70075e-08  3.68930e-11
      1260.03  2.92623e-08  3.28601e-11
      1260.35  2.23330e-08  2.92861e-11
      1260.67  2.70421e-08  3.45343e-11
      1260.99  2.57652e-08  3.39880e-11
      1261.30  2.13044e-08  2.98442e-11
      1261.62  2.50827e-08  3.25488e-11
      1261.94  2.66614e-08  3.18107e-11
      1262.26  2.67262e-08  3.17402e-11
      1262.58  2.02572e-08  2.33287e-11
      1262.90  2.19112e-08  2.12147e-11
      1263.22  3.11517e-08  2.64188e-11
      1263.54  2.70691e-08  2.48587e-11
      1263.86  1.84234e-08  2.06845e-11
      1264.17  1.47827e-08  1.89851e-11
      1264.49  1.12070e-08  1.60606e-11
      1264.81  1.17503e-08  1.55339e-11
      1265.13  2.12124e-08  2.05059e-11
      1265.45  3.15925e-08  2.56012e-11
      1265.77  2.88034e-08  2.51752e-11
      1266.10  1.68593e-08  1.98748e-11
      1266.42  9.44172e-09  1.61011e-11
      1266.74  8.08819e-09  1.58438e-11
      1267.06  1.04658e-08  1.74932e-11
      1267.38  1.96222e-08  2.27030e-11
      1267.70  3.35801e-08  2.96126e-11
      1268.02  3.67633e-08  2.98654e-11
      1268.34  3.61644e-08  3.03212e-11
      1268.67  3.35600e-08  2.98693e-11
      1268.99  3.26754e-08  3.13526e-11
      1269.31  2.66016e-08  2.94337e-11
      1269.63  1.85158e-08  2.52080e-11
      1269.95  1.55833e-08  2.35482e-11
      1270.28  1.81819e-08  2.44544e-11
      1270.60  2.77651e-08  2.97769e-11
      1270.92  3.33921e-08  3.18072e-11
      1271.25  3.60245e-08  3.30250e-11
      1271.57  3.54666e-08  3.41828e-11
      1271.89  2.30368e-08  2.81270e-11
      1272.22  1.13124e-08  2.09255e-11
      1272.54  7.19120e-09  1.72103e-11
      1272.86  5.98629e-09  1.37155e-11
      1273.19  5.72043e-09  1.17757e-11
      1273.51  6.71813e-09  1.19031e-11
      1273.84  9.87417e-09  1.37195e-11
      1274.16  1.29283e-08  1.55067e-11
      1274.49  1.64355e-08  1.73840e-11
      1274.81  2.68338e-08  2.34243e-11
      1275.14  3.60809e-08  2.85153e-11
      1275.46  3.32319e-08  2.82040e-11
      1275.79  2.31233e-08  2.39334e-11
      1276.11  1.60453e-08  1.96693e-11
      1276.44  1.94743e-08  2.10053e-11
      1276.76  3.07218e-08  2.69630e-11
      1277.09  3.24440e-08  2.72806e-11
      1277.42  3.27281e-08  2.91960e-11
      1277.74  2.39552e-08  2.58376e-11
      1278.07  1.21797e-08  1.95506e-11
      1278.40  7.65492e-09  1.70967e-11
      1278.72  6.02435e-09  1.59870e-11
      1279.05  5.84068e-09  1.52302e-11
      1279.38  7.56927e-09  1.63477e-11
      1279.71  1.07213e-08  1.85744e-11
      1280.03  1.42051e-08  2.16013e-11
      1280.36  1.29428e-08  2.07533e-11
      1280.69  1.35494e-08  2.24513e-11
      1281.02  1.74431e-08  2.57279e-11
      1281.34  2.55121e-08  2.70369e-11
      1281.67  3.00442e-08  2.62742e-11
      1282.00  2.36897e-08  2.17301e-11
      1282.33  2.38677e-08  2.07122e-11
      1282.66  3.55089e-08  2.49307e-11
      1282.99  4.38356e-08  2.77912e-11
      1283.32  4.36488e-08  2.88625e-11
      1283.65  3.18025e-08  2.57576e-11
      1283.98  1.79247e-08  2.05572e-11
      1284.31  1.10912e-08  1.74459e-11
      1284.64  8.51767e-09  1.59576e-11
      1284.97  8.34292e-09  1.55213e-11
      1285.30  9.83975e-09  1.68803e-11
      1285.63  8.45598e-09  1.52753e-11
      1285.96  7.71785e-09  1.48584e-11
      1286.29  1.11536e-08  1.82261e-11
      1286.62  1.53506e-08  2.27939e-11
      1286.95  1.44127e-08  2.23666e-11
      1287.28  1.73336e-08  2.47641e-11
      1287.61  2.88522e-08  3.28001e-11
      1287.95  3.40506e-08  3.42878e-11
      1288.28  3.41482e-08  3.34721e-11
      1288.61  3.41429e-08  3.25520e-11
      1288.94  3.36502e-08  3.29758e-11
      1289.27  2.47853e-08  2.71189e-11
      1289.61  1.94363e-08  2.15728e-11
      1289.94  1.61764e-08  1.88633e-11
      1290.27  1.15009e-08  1.61838e-11
      1290.61  9.79401e-09  1.54503e-11
      1290.94  7.54921e-09  1.34488e-11
      1291.27  5.71711e-09  1.15950e-11
      1291.61  6.58839e-09  1.21303e-11
      1291.94  1.03474e-08  1.53758e-11
      1292.27  1.66807e-08  2.00252e-11
      1292.61  2.25282e-08  2.49351e-11
      1292.94  1.77017e-08  2.26077e-11
      1293.28  1.43169e-08  2.10192e-11
      1293.61  1.80763e-08  2.41029e-11
      1293.95  2.23785e-08  2.58198e-11
      1294.28  3.08382e-08  2.98474e-11
      1294.62  3.46516e-08  3.17407e-11
      1294.95  3.04260e-08  2.98727e-11
      1295.29  2.91178e-08  3.07988e-11
      1295.62  2.58372e-08  3.03306e-11
      1295.96  1.97934e-08  2.72572e-11
      1296.29  1.72719e-08  2.62444e-11
      1296.63  1.80770e-08  2.47726e-11
      1296.97  2.20339e-08  2.17679e-11
      1297.30  3.10151e-08  2.29973e-11
      1297.64  4.02110e-08  2.65609e-11
      1297.98  3.56917e-08  2.54039e-11
      1298.31  2.42080e-08  2.18879e-11
      1298.65  1.47310e-08  1.81522e-11
      1298.99  1.14366e-08  1.67651e-11
      1299.33  1.75676e-08  2.10390e-11
      1299.66  2.95954e-08  2.75054e-11
      1300.00  3.32417e-08  2.84927e-11
      1300.34  2.96228e-08  2.71041e-11
      1300.68  2.10873e-08  2.29606e-11
      1301.02  2.06176e-08  2.33550e-11
      1301.35  3.45853e-08  3.29352e-11
      1301.69  4.07738e-08  3.64108e-11
      1302.03  3.93839e-08  3.68785e-11
      1302.37  3.44659e-08  3.35846e-11
      1302.71  3.93766e-08  3.60935e-11
      1303.05  4.26415e-08  3.62367e-11
      1303.39  4.81590e-08  3.64571e-11
      1303.73  5.14467e-08  3.23162e-11
      1304.07  4.87706e-08  2.90436e-11
      1304.41  4.99158e-08  3.05109e-11
      1304.75  5.23213e-08  3.22848e-11
      1305.09  5.39222e-08  3.33263e-11
      1305.43  6.12990e-08  3.59229e-11
      1305.77  6.97266e-08  3.81566e-11
      1306.11  6.85709e-08  3.84575e-11
      1306.46  4.89564e-08  3.26823e-11
      1306.80  2.71509e-08  2.52442e-11
      1307.14  1.59467e-08  2.09473e-11
      1307.48  1.13278e-08  1.90817e-11
      1307.82  9.16331e-09  1.81236e-11
      1308.16  9.07575e-09  1.81548e-11
      1308.51  1.02761e-08  1.93834e-11
      1308.85  8.67687e-09  1.74103e-11
      1309.19  6.48735e-09  1.52767e-11
      1309.53  5.90823e-09  1.52155e-11
      1309.88  5.79217e-09  1.53829e-11
      1310.22  6.33460e-09  1.41124e-11
      1310.56  8.03601e-09  1.37613e-11
      1310.91  1.34172e-08  1.67679e-11
      1311.25  2.27037e-08  2.19259e-11
      1311.60  2.33258e-08  2.20705e-11
      1311.94  1.47515e-08  1.74436e-11
      1312.28  8.23462e-09  1.36379e-11
      1312.63  5.72078e-09  1.25650e-11
      1312.97  4.93435e-09  1.25641e-11
      1313.32  6.38093e-09  1.46199e-11
      1313.66  1.02042e-08  1.94053e-11
      1314.01  8.79709e-09  1.77917e-11
      1314.35  5.18355e-09  1.38957e-11
      1314.70  4.02772e-09  1.25603e-11
      1315.05  3.99474e-09  1.25447e-11
      1315.39  4.49280e-09  1.34163e-11
      1315.74  5.64587e-09  1.53515e-11
      1316.08  8.23674e-09  1.83534e-11
      1316.43  1.56501e-08  2.44318e-11
      1316.78  2.61903e-08  2.76053e-11
      1317.12  2.04449e-08  2.08630e-11
      1317.47  1.07825e-08  1.48369e-11
      1317.82  6.73528e-09  1.21485e-11
      1318.17  6.88983e-09  1.24992e-11
      1318.51  1.09316e-08  1.64111e-11
      1318.86  1.32104e-08  1.94048e-11
      1319.21  9.21059e-09  1.72523e-11
      1319.56  5.66177e-09  1.44090e-11
      1319.91  5.63520e-09  1.51672e-11
      1320.25  5.74227e-09  1.49743e-11
      1320.60  5.75586e-09  1.44299e-11
      1320.95  6.88158e-09  1.54545e-11
      1321.30  9.59591e-09  1.82543e-11
      1321.65  1.73488e-08  2.43158e-11
      1322.00  2.92329e-08  3.38126e-11
      1322.35  2.63828e-08  3.21895e-11
      1322.70  1.35841e-08  1.92616e-11
      1323.05  9.93791e-09  1.46611e-11
      1323.40  1.09226e-08  1.50349e-11
      1323.75  1.28100e-08  1.63188e-11
      1324.10  1.32850e-08  1.72385e-11
      1324.45  1.00134e-08  1.57248e-11
      1324.80  7.23092e-09  1.48199e-11
      