227
      1249.95  3.24189e-08  2.79953e-11
      1250.27  1.73607e-08  1.98582e-11
      1250.58  6.76464e-09  1.27746e-11
      1250.89  4.92828e-09  1.16968e-11
      1251.20  6.19683e-09  1.32533e-11
      1251.52  8.79876e-09  1.55974e-11
      1251.83  1.42471e-08  2.01387e-11
      1252.14  1.86720e-08  2.31951e-11
      1252.46  1.86448e-08  2.29585e-11
      1252.77  1.73886e-08  2.10092e-11
      1253.09  2.54775e-08  2.39954e-11
      1253.40  4.41119e-08  3.06775e-11
      1253.71  5.40429e-08  3.40920e-11
      1254.03  3.60111e-08  2.72841e-11
      1254.34  1.97785e-08  2.06588e-11
      1254.66  2.26652e-08  2.30187e-11
      1254.97  3.32007e-08  2.95541e-11
      1255.29  2.43226e-08  2.44985e-11
      1255.60  1.25957e-08  1.70069e-11
      1255.92  1.35748e-08  1.71494e-11
      1256.23  2.08451e-08  1.96268e-11
      1256.55  3.15283e-08  2.41099e-11
      1256.87  2.43150e-08  2.05474e-11
      1257.18  1.26408e-08  1.52398e-11
      1257.50  9.50769e-09  1.40672e-11
      1257.81  1.03003e-08  1.47390e-11
      1258.13  1.26265e-08  1.63227e-11
      1258.45  1.30193e-08  1.59493e-11
      1258.76  1.36615e-08  1.53694e-11
      1259.08  2.14024e-08  1.79131e-11
      1259.40  3.90902e-08  2.38410e-11
      1259.72  5.17721e-08  2.78951e-11
      1260.03  4.09832e-08  2.47343e-11
      1260.35  3.08594e-08  2.18129e-11
      1260.67  3.81665e-08  2.61140e-11
      1260.99  3.66418e-08  2.56468e-11
      1261.30  2.97375e-08  2.22352e-11
      1261.62  3.56525e-08  2.46313e-11
      1261.94  3.73611e-08  2.40980e-11
      1262.26  3.81304e-08  2.45907e-11
      1262.58  2.97689e-08  2.11946e-11
      1262.90  2.98840e-08  2.17764e-11
      1263.22  4.33917e-08  2.84018e-11
      1263.54  3.76339e-08  2.64877e-11
      1263.86  2.57737e-08  2.22760e-11
      1264.17  2.14416e-08  2.07312e-11
      1264.49  1.63184e-08  1.73925e-11
      1264.81  1.65311e-08  1.65876e-11
      1265.13  2.94421e-08  2.17181e-11
      1265.45  4.42398e-08  2.67746e-11
      1265.77  4.04919e-08  2.57950e-11
      1266.10  2.37292e-08  1.98830e-11
      1266.42  1.37158e-08  1.58222e-11
      1266.74  1.19953e-08  1.51554e-11
      1267.06  1.50731e-08  1.62796e-11
      1267.38  2.70204e-08  2.02105e-11
      1267.70  4.70333e-08  2.64716e-11
      1268.02  5.01659e-08  2.54876e-11
      1268.34  5.01690e-08  2.56131e-11
      1268.67  4.57905e-08  2.41256e-11
      1268.99  4.57099e-08  2.53492e-11
      1269.31  3.71052e-08  2.30460e-11
      1269.63  2.62650e-08  1.95977e-11
      1269.95  2.24289e-08  1.82259e-11
      1270.28  2.53943e-08  1.83367e-11
      1270.60  3.91922e-08  2.28728e-11
      1270.92  4.60882e-08  2.38476e-11
      1271.25  4.97581e-08  2.48830e-11
      1271.57  4.94841e-08  2.60039e-11
      1271.89  3.16717e-08  2.10903e-11
      1272.22  1.63101e-08  1.61250e-11
      1272.54  1.10026e-08  1.41910e-11
      1272.86  9.27968e-09  1.33531e-11
      1273.19  8.68206e-09  1.26596e-11
      1273.51  9.97021e-09  1.28456e-11
      1273.84  1.44005e-08  1.50432e-11
      1274.16  1.85632e-08  1.68612e-11
      1274.49  2.29126e-08  1.82741e-11
      1274.81  3.70994e-08  2.44651e-11
      1275.14  4.93888e-08  2.93100e-11
      1275.46  4.54502e-08  2.83391e-11
      1275.79  3.21906e-08  2.34575e-11
      1276.11  2.28479e-08  1.89904e-11
      1276.44  2.74779e-08  1.94903e-11
      1276.76  4.22312e-08  2.41725e-11
      1277.09  4.42762e-08  2.35187e-11
      1277.42  4.49567e-08  2.46296e-11
      1277.74  3.28573e-08  2.11458e-11
      1278.07  1.78261e-08  1.60185e-11
      1278.40  1.15527e-08  1.35258e-11
      1278.72  9.16193e-09  1.22819e-11
      1279.05  8.99376e-09  1.16851e-11
      1279.38  1.14672e-08  1.25882e-11
      1279.71  1.58426e-08  1.42070e-11
      1280.03  2.00695e-08  1.64538e-11
      1280.36  1.87520e-08  1.58303e-11
      1280.69  1.98156e-08  1.71888e-11
      1281.02  2.51206e-08  2.01419e-11
      1281.34  3.41945e-08  2.43355e-11
      1281.67  3.98740e-08  2.67619e-11
      1282.00  3.30719e-08  2.33392e-11
      1282.33  3.37809e-08  2.25826e-11
      1282.66  4.76572e-08  2.65931e-11
      1282.99  5.81996e-08  2.92702e-11
      1283.32  5.75920e-08  2.95460e-11
      1283.65  4.31945e-08  2.63832e-11
      1283.98  2.58674e-08  2.08433e-11
      1284.31  1.64647e-08  1.72754e-11
      1284.64  1.27614e-08  1.51563e-11
      1284.97  1.24472e-08  1.43284e-11
      1285.30  1.41466e-08  1.45975e-11
      1285.63  1.26081e-08  1.32336e-11
      1285.96  1.17421e-08  1.27454e-11
      1286.29  1.62026e-08  1.47442e-11
      1286.62  2.15449e-08  1.75383e-11
      1286.95  2.09062e-08  1.73940e-11
      1287.28  2.47273e-08  1.89529e-11
      1287.61  3.91698e-08  2.43420e-11
      1287.95  4.66804e-08  2.59034e-11
      1288.28  4.68670e-08  2.50517e-11
      1288.61  4.68721e-08  2.47242e-11
      1288.94  4.59821e-08  2.52099e-11
      1289.27  3.50595e-08  2.24537e-11
      1289.61  2.74907e-08  2.10914e-11
      1289.94  2.32752e-08  2.05060e-11
      1290.27  1.67634e-08  1.76335e-11
      1290.61  1.43423e-08  1.66011e-11
      1290.94  1.12849e-08  1.43790e-11
      1291.27  8.55074e-09  1.20067e-11
      1291.61  9.75229e-09  1.22064e-11
      1291.94  1.50664e-08  1.50130e-11
      1292.27  2.35537e-08  1.86268e-11
      1292.61  3.23338e-08  2.27490e-11
      1292.94  2.52289e-08  1.95623e-11
      1293.28  2.03595e-08  1.74802e-11
      1293.61  2.61561e-08  1.98864e-11
      1293.95  3.10487e-08  2.00279e-11
      1294.28  4.29883e-08  2.30686e-11
      1294.62  4.82614e-08  2.41538e-11
      1294.95  4.15579e-08  2.21707e-11
      1295.29  4.09400e-08  2.34346e-11
      1295.62  3.64022e-08  2.29470e-11
      1295.96  2.79778e-08  2.08821e-11
      1296.29  2.47565e-08  2.00907e-11
      1296.63  2.55902e-08  2.02970e-11
      1296.97  3.01058e-08  2.11451e-11
      1297.30  4.22980e-08  2.45703e-11
      1297.64  5.46417e-08  2.82593e-11
      1297.98  4.84920e-08  2.66989e-11
      1298.31  3.39377e-08  2.30134e-11
      1298.65  2.12704e-08  1.85464e-11
      1298.99  1.69573e-08  1.67577e-11
      1299.33  2.52106e-08  1.98777e-11
      1299.66  4.07378e-08  2.48748e-11
      1300.00  4.53584e-08  2.44694e-11
      1300.34  4.06716e-08  2.24955e-11
      1300.68  2.99543e-08  1.87987e-11
      1301.02  3.01031e-08  1.87996e-11
      1301.35  4.67713e-08  2.47525e-11
      1301.69  5.50453e-08  2.74334e-11
      1302.03  5.30817e-08  2.75534e-11
      1302.37  4.80490e-08  2.57238e-11
      1302.71  5.31092e-08  2.71404e-11
      1303.05  5.79013e-08  2.77457e-11
      1303.39  6.41019e-08  2.95569e-11
      1303.73  6.80053e-08  3.10568e-11
      1304.07  6.48902e-08  3.10873e-11
      1304.41  6.59902e-08  3.25700e-11
      1304.75  6.90510e-08  3.40284e-11
      1305.09  7.12786e-08  3.41823e-11
      1305.43  7.98971e-08  3.51357e-11
      1305.77  9.01559e-08  3.60369e-11
      1306.11  8.88944e-08  3.44439e-11
      1306.46  6.51306e-08  2.86281e-11
      1306.80  3.72817e-08  2.15393e-11
      1307.14  2.26415e-08  1.72694e-11
      1307.48  1.65063e-08  1.53352e-11
      1307.82  1.34779e-08  1.40915e-11
      1308.16  1.32120e-08  1.38202e-11
      1308.51  1.51313e-08  1.46540e-11
      1308.85  1.27801e-08  1.31558e-11
      1309.19  9.61970e-09  1.15047e-11
      1309.53  8.87775e-09  1.15101e-11
      1309.88  8.68896e-09  1.18655e-11
      1310.22  9.20818e-09  1.27604e-11
      1310.56  1.13812e-08  1.43923e-11
      1310.91  1.84501e-08  1.76634e-11
      1311.25  3.17693e-08  2.34318e-11
      1311.60  3.21103e-08  2.24774e-11
      1311.94  2.03965e-08  1.70174e-11
      1312.28  1.18875e-08  1.29792e-11
      1312.63  8.50059e-09  1.13169e-11
      1312.97  7.41503e-09  1.08460e-11
      1313.32  9.55868e-09  1.22052e-11
      1313.66  1.45477e-08  1.54356e-11
      1314.01  1.25148e-08  1.38240e-11
      1314.35  7.89666e-09  1.06920e-11
      1314.70  6.21524e-09  9.46063e-12
      1315.05  6.14215e-09  9.49317e-12
      1315.39  6.85404e-09  1.03337e-11
      1315.74  8.53211e-09  1.18304e-11
      1316.08  1.23912e-08  1.44670e-11
      1316.43  2.22120e-08  1.96275e-11
      1316.78  3.40125e-08  2.50996e-11
      1317.12  2.85582e-08  2.22733e-11
      1317.47  1.55686e-08  1.55668e-11
      1317.82  9.98905e-09  1.25563e-11
      1318.17  1.01460e-08  1.23016e-11
      1318.51  1.54935e-08  1.53557e-11
      1318.86  1.89216e-08  1.73491e-11
      1319.21  1.35322e-08  1.46761e-11
      1319.56  8.32852e-09  1.16661e-11
      1319.91  8.36922e-09  1.16190e-11
      1320.25  8.59554e-09  1.13777e-11
      1320.60  8.56285e-09  1.08322e-11
      1320.95  1.00972e-08  1.16183e-11
      1321.30  1.36332e-08  1.36514e-11
      1321.65  2.37242e-08  1.83418e-11
      1322.00  4.13396e-08  2.66106e-11
      1322.35  3.64962e-08  2.51908e-11
      1322.70  2.05662e-08  1.87940e-11
      1323.05  1.42727e-08  1.55254e-11
      1323.40  1.56629e-08  1.59263e-11
      1323.75  1.81936e-08  1.64396e-11
      1324.10  1.89329e-08  1.68105e-11
      1324.45  1.43674e-08  1.45174e-11
      1324.80  1.07560e-08  1.29826e-11
      