227
      1249.95  2.48338e-08  1.91783e-11
      1250.27  1.26885e-08  1.31746e-11
      1250.58  4.64786e-09  8.42224e-12
      1250.89  3.34000e-09  7.79184e-12
      1251.20  4.30411e-09  8.86636e-12
      1251.52  6.24511e-09  1.02862e-11
      1251.83  1.05678e-08  1.33729e-11
      1252.14  1.39422e-08  1.52618e-11
      1252.46  1.37431e-08  1.52142e-11
      1252.77  1.24740e-08  1.37870e-11
      1253.09  1.89150e-08  1.59254e-11
      1253.40  3.42547e-08  2.07044e-11
      1253.71  4.28091e-08  2.34113e-11
      1254.03  2.72773e-08  1.80877e-11
      1254.34  1.43047e-08  1.34440e-11
      1254.66  1.68461e-08  1.50759e-11
      1254.97  2.62355e-08  2.01286e-11
      1255.29  1.82929e-08  1.62060e-11
      1255.60  8.95974e-09  1.11583e-11
      1255.92  9.93079e-09  1.15417e-11
      1256.23  1.56520e-08  1.31284e-11
      1256.55  2.49533e-08  1.68161e-11
      1256.87  1.85109e-08  1.39476e-11
      1257.18  9.17365e-09  1.01836e-11
      1257.50  6.80691e-09  9.41451e-12
      1257.81  7.53493e-09  1.00210e-11
      1258.13  9.42534e-09  1.12166e-11
      1258.45  9.61229e-09  1.10090e-11
      1258.76  1.00042e-08  1.05988e-11
      1259.08  1.61612e-08  1.24202e-11
      1259.40  3.07538e-08  1.67645e-11
      1259.72  4.12242e-08  1.96585e-11
      1260.03  3.20734e-08  1.73948e-11
      1260.35  2.37346e-08  1.52630e-11
      1260.67  3.03333e-08  1.90931e-11
      1260.99  2.84105e-08  1.77379e-11
      1261.30  2.27754e-08  1.52950e-11
      1261.62  2.76368e-08  1.70899e-11
      1261.94  2.89200e-08  1.66023e-11
      1262.26  2.93610e-08  1.72538e-11
      1262.58  2.24602e-08  1.46173e-11
      1262.90  2.29051e-08  1.48229e-11
      1263.22  3.36850e-08  1.93825e-11
      1263.54  2.90240e-08  1.80560e-11
      1263.86  1.95337e-08  1.49960e-11
      1264.17  1.57540e-08  1.41668e-11
      1264.49  1.17857e-08  1.18087e-11
      1264.81  1.23098e-08  1.10731e-11
      1265.13  2.24885e-08  1.45553e-11
      1265.45  3.40273e-08  1.80158e-11
      1265.77  3.11415e-08  1.73086e-11
      1266.10  1.81260e-08  1.33547e-11
      1266.42  1.01996e-08  1.04317e-11
      1266.74  8.82553e-09  1.00713e-11
      1267.06  1.13788e-08  1.09670e-11
      1267.38  2.11639e-08  1.38970e-11
      1267.70  3.68579e-08  1.80365e-11
      1268.02  4.00372e-08  1.77439e-11
      1268.34  3.96724e-08  1.75795e-11
      1268.67  3.64922e-08  1.67085e-11
      1268.99  3.59097e-08  1.73572e-11
      1269.31  2.91650e-08  1.59652e-11
      1269.63  2.03800e-08  1.35839e-11
      1269.95  1.71753e-08  1.25519e-11
      1270.28  1.98606e-08  1.28776e-11
      1270.60  3.05130e-08  1.58553e-11
      1270.92  3.63922e-08  1.67488e-11
      1271.25  3.92536e-08  1.74265e-11
      1271.57  3.85684e-08  1.80497e-11
      1271.89  2.47996e-08  1.47602e-11
      1272.22  1.23579e-08  1.09890e-11
      1272.54  8.02137e-09  9.68527e-12
      1272.86  6.61373e-09  9.12016e-12
      1273.19  6.20585e-09  8.45662e-12
      1273.51  7.22221e-09  8.60991e-12
      1273.84  1.05779e-08  9.97791e-12
      1274.16  1.38199e-08  1.11931e-11
      1274.49  1.75155e-08  1.24015e-11
      1274.81  2.85275e-08  1.64786e-11
      1275.14  3.83996e-08  1.97040e-11
      1275.46  3.55199e-08  1.90943e-11
      1275.79  2.49653e-08  1.57806e-11
      1276.11  1.75511e-08  1.26621e-11
      1276.44  2.12893e-08  1.31432e-11
      1276.76  3.31008e-08  1.63383e-11
      1277.09  3.54068e-08  1.61923e-11
      1277.42  3.54712e-08  1.66823e-11
      1277.74  2.61081e-08  1.45926e-11
      1278.07  1.36590e-08  1.08575e-11
      1278.40  8.59901e-09  9.21390e-12
      1278.72  6.74973e-09  8.33614e-12
      1279.05  6.59182e-09  8.02455e-12
      1279.38  8.47490e-09  8.63666e-12
      1279.71  1.19101e-08  9.85613e-12
      1280.03  1.52762e-08  1.13323e-11
      1280.36  1.43203e-08  1.10280e-11
      1280.69  1.49438e-08  1.17777e-11
      1281.02  1.91201e-08  1.37645e-11
      1281.34  2.63162e-08  1.66236e-11
      1281.67  3.09245e-08  1.87334e-11
      1282.00  2.54343e-08  1.61872e-11
      1282.33  2.58346e-08  1.52774e-11
      1282.66  3.72622e-08  1.81531e-11
      1282.99  4.60709e-08  1.99933e-11
      1283.32  4.57690e-08  2.02791e-11
      1283.65  3.40529e-08  1.78356e-11
      1283.98  1.97833e-08  1.38828e-11
      1284.31  1.22653e-08  1.13324e-11
      1284.64  9.44340e-09  9.97475e-12
      1284.97  9.23166e-09  9.39490e-12
      1285.30  1.07004e-08  9.74702e-12
      1285.63  9.49956e-09  8.78356e-12
      1285.96  8.67121e-09  8.23817e-12
      1286.29  1.22597e-08  9.95545e-12
      1286.62  1.67594e-08  1.20772e-11
      1286.95  1.60728e-08  1.19848e-11
      1287.28  1.89170e-08  1.30137e-11
      1287.61  3.11524e-08  1.72094e-11
      1287.95  3.71349e-08  1.82012e-11
      1288.28  3.70953e-08  1.76718e-11
      1288.61  3.69653e-08  1.73904e-11
      1288.94  3.66322e-08  1.78429e-11
      1289.27  2.71784e-08  1.55019e-11
      1289.61  2.09342e-08  1.43920e-11
      1289.94  1.75388e-08  1.38774e-11
      1290.27  1.22737e-08  1.16722e-11
      1290.61  1.05850e-08  1.11051e-11
      1290.94  8.19944e-09  9.43990e-12
      1291.27  6.11446e-09  7.87830e-12
      1291.61  7.03112e-09  8.03064e-12
      1291.94  1.11860e-08  9.80984e-12
      1292.27  1.79788e-08  1.22584e-11
      1292.61  2.52660e-08  1.51998e-11
      1292.94  1.93014e-08  1.29566e-11
      1293.28  1.54311e-08  1.15592e-11
      1293.61  2.00361e-08  1.33045e-11
      1293.95  2.42393e-08  1.36701e-11
      1294.28  3.40820e-08  1.60425e-11
      1294.62  3.82264e-08  1.68455e-11
      1294.95  3.28156e-08  1.56060e-11
      1295.29  3.19123e-08  1.64102e-11
      1295.62  2.81759e-08  1.60519e-11
      1295.96  2.14556e-08  1.44608e-11
      1296.29  1.88035e-08  1.38133e-11
      1296.63  1.94267e-08  1.38997e-11
      1296.97  2.29805e-08  1.44642e-11
      1297.30  3.28574e-08  1.68812e-11
      1297.64  4.29927e-08  1.95133e-11
      1297.98  3.79363e-08  1.81551e-11
      1298.31  2.59459e-08  1.53484e-11
      1298.65  1.58604e-08  1.21863e-11
      1298.99  1.24201e-08  1.08439e-11
      1299.33  1.91707e-08  1.30512e-11
      1299.66  3.22557e-08  1.66475e-11
      1300.00  3.61690e-08  1.65761e-11
      1300.34  3.22993e-08  1.53271e-11
      1300.68  2.32564e-08  1.26469e-11
      1301.02  2.32103e-08  1.27673e-11
      1301.35  3.74965e-08  1.75366e-11
      1301.69  4.41778e-08  1.93975e-11
      1302.03  4.25420e-08  1.95924e-11
      1302.37  3.79018e-08  1.81158e-11
      1302.71  4.24888e-08  1.93011e-11
      1303.05  4.61836e-08  1.96197e-11
      1303.39  5.15077e-08  2.07862e-11
      1303.73  5.49109e-08  2.19400e-11
      1304.07  5.18224e-08  2.15642e-11
      1304.41  5.26954e-08  2.23799e-11
      1304.75  5.53452e-08  2.32773e-11
      1305.09  5.71834e-08  2.31190e-11
      1305.43  6.50754e-08  2.38998e-11
      1305.77  7.44766e-08  2.45242e-11
      1306.11  7.40129e-08  2.38006e-11
      1306.46  5.31546e-08  1.95008e-11
      1306.80  2.94388e-08  1.44230e-11
      1307.14  1.74082e-08  1.16269e-11
      1307.48  1.24844e-08  1.03026e-11
      1307.82  1.01303e-08  9.67666e-12
      1308.16  9.96976e-09  9.57169e-12
      1308.51  1.14554e-08  1.03554e-11
      1308.85  9.52611e-09  9.16530e-12
      1309.19  7.11624e-09  8.02302e-12
      1309.53  6.48853e-09  8.03351e-12
      1309.88  6.35396e-09  8.20545e-12
      1310.22  6.77698e-09  8.73508e-12
      1310.56  8.54603e-09  9.71817e-12
      1310.91  1.42972e-08  1.20752e-11
      1311.25  2.42315e-08  1.54739e-11
      1311.60  2.47790e-08  1.48880e-11
      1311.94  1.58791e-08  1.13385e-11
      1312.28  9.06303e-09  8.55331e-12
      1312.63  6.36062e-09  7.45810e-12
      1312.97  5.53102e-09  7.12919e-12
      1313.32  7.22078e-09  8.13031e-12
      1313.66  1.09821e-08  1.02495e-11
      1314.01  9.60432e-09  9.45598e-12
      1314.35  5.87131e-09  7.45872e-12
      1314.70  4.53543e-09  6.61972e-12
      1315.05  4.47141e-09  6.62414e-12
      1315.39  5.00483e-09  7.18568e-12
      1315.74  6.27062e-09  8.22020e-12
      1316.08  9.23375e-09  9.91213e-12
      1316.43  1.69294e-08  1.36738e-11
      1316.78  2.69969e-08  1.74216e-11
      1317.12  2.24890e-08  1.51504e-11
      1317.47  1.16218e-08  1.02679e-11
      1317.82  7.28733e-09  8.04008e-12
      1318.17  7.37704e-09  7.83659e-12
      1318.51  1.18564e-08  9.99581e-12
      1318.86  1.48601e-08  1.14766e-11
      1319.21  1.02260e-08  9.58022e-12
      1319.56  6.07756e-09  7.82419e-12
      1319.91  6.28794e-09  7.95955e-12
      1320.25  6.37676e-09  7.82962e-12
      1320.60  6.33001e-09  7.52091e-12
      1320.95  7.55880e-09  8.17708e-12
      1321.30  1.03592e-08  9.68466e-12
      1321.65  1.87636e-08  1.31530e-11
      1322.00  3.26153e-08  1.87259e-11
      1322.35  2.85303e-08  1.74887e-11
      1322.70  1.59917e-08  1.29564e-11
      1323.05  1.08123e-08  1.03899e-11
      1323.40  1.17723e-08  1.04431e-11
      1323.75  1.37902e-08  1.07620e-11
      1324.10  1.43523e-08  1.09965e-11
      1324.45  1.09357e-08  9.52835e-12
      1324.80  8.08859e-09  8.48524e-12
      