227
      1249.95  2.58814e-08  2.29547e-11
      1250.27  1.44078e-08  1.74681e-11
      1250.58  4.65910e-09  1.01034e-11
      1250.89  3.66729e-09  9.04590e-12
      1251.20  4.64332e-09  1.00189e-11
      1251.52  6.66546e-09  1.17343e-11
      1251.83  1.04323e-08  1.57093e-11
      1252.14  1.25851e-08  1.95508e-11
      1252.46  1.34122e-08  1.90136e-11
      1252.77  1.32592e-08  1.66447e-11
      1253.09  1.97181e-08  1.93118e-11
      1253.40  3.45386e-08  2.49341e-11
      1253.71  4.25024e-08  2.78438e-11
      1254.03  2.89404e-08  2.38318e-11
      1254.34  1.49455e-08  1.78614e-11
      1254.66  1.74997e-08  1.92697e-11
      1254.97  2.55301e-08  2.46397e-11
      1255.29  1.89414e-08  2.11107e-11
      1255.60  9.70503e-09  1.51081e-11
      1255.92  1.02551e-08  1.54535e-11
      1256.23  1.61667e-08  1.79614e-11
      1256.55  2.43538e-08  2.23767e-11
      1256.87  1.91186e-08  1.95001e-11
      1257.18  1.01395e-08  1.61039e-11
      1257.50  6.76983e-09  1.40141e-11
      1257.81  7.03273e-09  1.56795e-11
      1258.13  7.43539e-09  1.11033e-11
      1258.45  9.61776e-09  1.68012e-11
      1258.76  1.07122e-08  1.47098e-11
      1259.08  1.71283e-08  1.70779e-11
      1259.40  3.14032e-08  2.25426e-11
      1259.72  4.05067e-08  2.77314e-11
      1260.03  2.93039e-08  2.17308e-11
      1260.35  2.33760e-08  2.16050e-11
      1260.67  2.50912e-08  1.96132e-11
      1260.99  2.75735e-08  2.37896e-11
      1261.30  2.22483e-08  2.02973e-11
      1261.62  2.27766e-08  2.10880e-11
      1261.94  2.76148e-08  2.10314e-11
      1262.26  3.07527e-08  2.10591e-11
      1262.58  2.40003e-08  1.75602e-11
      1262.90  2.38905e-08  1.72080e-11
      1263.22  3.37933e-08  2.16460e-11
      1263.54  2.97561e-08  2.07395e-11
      1263.86  1.98647e-08  1.88307e-11
      1264.17  1.47417e-08  1.79705e-11
      1264.49  1.21936e-08  1.43056e-11
      1264.81  1.28114e-08  1.34964e-11
      1265.13  2.17773e-08  1.84830e-11
      1265.45  3.39658e-08  2.32771e-11
      1265.77  3.14517e-08  2.28167e-11
      1266.10  1.80834e-08  1.78246e-11
      1266.42  1.06539e-08  1.38116e-11
      1266.74  9.16595e-09  1.34047e-11
      1267.06  1.16736e-08  1.45970e-11
      1267.38  2.13445e-08  1.89456e-11
      1267.70  3.40802e-08  2.67538e-11
      1268.02  3.66350e-08  2.77469e-11
      1268.34  3.32636e-08  2.10910e-11
      1268.67  3.38312e-08  2.52255e-11
      1268.99  3.64882e-08  2.41971e-11
      1269.31  3.01106e-08  2.18166e-11
      1269.63  2.13602e-08  1.84337e-11
      1269.95  1.80444e-08  1.68028e-11
      1270.28  2.04787e-08  1.70955e-11
      1270.60  2.72822e-08  2.06049e-11
      1270.92  3.27100e-08  1.94607e-11
      1271.25  4.00481e-08  2.23949e-11
      1271.57  3.96995e-08  2.17199e-11
      1271.89  2.63226e-08  1.88360e-11
      1272.22  1.18005e-08  1.32188e-11
      1272.54  8.15402e-09  1.16829e-11
      1272.86  6.58548e-09  1.06725e-11
      1273.19  6.50995e-09  9.69515e-12
      1273.51  7.54969e-09  9.96984e-12
      1273.84  1.09341e-08  1.18241e-11
      1274.16  1.41655e-08  1.34098e-11
      1274.49  1.78783e-08  1.51270e-11
      1274.81  2.90054e-08  2.04362e-11
      1275.14  3.89102e-08  2.49256e-11
      1275.46  3.60878e-08  2.45095e-11
      1275.79  2.54698e-08  2.07135e-11
      1276.11  1.78795e-08  1.68489e-11
      1276.44  2.10627e-08  1.82717e-11
      1276.76  2.99142e-08  2.46735e-11
      1277.09  3.36735e-08  2.41513e-11
      1277.42  3.61404e-08  2.34606e-11
      1277.74  2.66138e-08  2.00889e-11
      1278.07  1.43102e-08  1.51482e-11
      1278.40  9.08942e-09  1.26650e-11
      1278.72  7.20566e-09  1.11853e-11
      1279.05  7.04100e-09  1.04784e-11
      1279.38  8.83855e-09  1.12071e-11
      1279.71  1.05914e-08  1.24323e-11
      1280.03  1.34971e-08  1.35489e-11
      1280.36  1.44287e-08  1.36832e-11
      1280.69  1.54545e-08  1.38419e-11
      1281.02  1.95623e-08  1.58150e-11
      1281.34  2.68354e-08  1.90214e-11
      1281.67  3.07504e-08  2.21904e-11
      1282.00  2.45904e-08  1.90458e-11
      1282.33  2.63477e-08  1.79036e-11
      1282.66  3.77836e-08  2.15859e-11
      1282.99  4.65843e-08  2.43470e-11
      1283.32  4.64134e-08  2.52721e-11
      1283.65  3.45600e-08  2.28416e-11
      1283.98  2.03231e-08  1.82982e-11
      1284.31  1.25159e-08  1.58042e-11
      1284.64  9.65270e-09  1.35954e-11
      1284.97  9.00596e-09  1.38305e-11
      1285.30  8.44318e-09  9.50712e-12
      1285.63  8.53777e-09  1.30020e-11
      1285.96  9.08143e-09  1.15041e-11
      1286.29  1.21205e-08  1.41939e-11
      1286.62  1.53626e-08  1.40409e-11
      1286.95  1.63872e-08  1.62506e-11
      1287.28  1.95358e-08  1.68565e-11
      1287.61  2.76837e-08  2.13920e-11
      1287.95  3.06008e-08  2.29798e-11
      1288.28  3.16142e-08  2.25541e-11
      1288.61  3.60794e-08  2.16515e-11
      1288.94  3.58716e-08  2.15626e-11
      1289.27  2.58104e-08  1.86563e-11
      1289.61  2.09460e-08  1.77547e-11
      1289.94  1.68639e-08  1.69107e-11
      1290.27  1.27323e-08  1.41181e-11
      1290.61  1.05294e-08  1.41008e-11
      1290.94  8.22906e-09  1.21824e-11
      1291.27  6.43661e-09  1.01230e-11
      1291.61  7.36750e-09  1.05963e-11
      1291.94  1.14895e-08  1.32143e-11
      1292.27  1.83689e-08  1.70362e-11
      1292.61  2.40731e-08  2.27736e-11
      1292.94  1.68496e-08  1.74574e-11
      1293.28  1.61505e-08  1.63523e-11
      1293.61  2.05522e-08  1.77323e-11
      1293.95  2.49582e-08  1.83350e-11
      1294.28  3.04615e-08  2.13315e-11
      1294.62  3.05922e-08  2.07138e-11
      1294.95  2.72407e-08  1.98058e-11
      1295.29  3.10497e-08  2.12463e-11
      1295.62  2.84577e-08  2.05338e-11
      1295.96  1.92617e-08  1.78113e-11
      1296.29  1.86187e-08  1.67045e-11
      1296.63  1.98139e-08  1.59713e-11
      1296.97  2.35293e-08  1.69675e-11
      1297.30  3.32352e-08  2.00796e-11
      1297.64  4.29496e-08  2.34901e-11
      1297.98  3.84965e-08  2.29344e-11
      1298.31  2.65375e-08  1.96552e-11
      1298.65  1.65040e-08  1.62168e-11
      1298.99  1.29561e-08  1.45752e-11
      1299.33  1.92570e-08  1.78879e-11
      1299.66  2.82602e-08  2.25874e-11
      1300.00  3.49570e-08  2.45172e-11
      1300.34  3.23022e-08  2.29729e-11
      1300.68  2.14352e-08  1.73416e-11
      1301.02  2.32568e-08  1.72476e-11
      1301.35  3.16853e-08  2.13628e-11
      1301.69  3.63623e-08  2.45530e-11
      1302.03  3.59246e-08  2.43794e-11
      1302.37  3.63040e-08  2.23833e-11
      1302.71  4.02435e-08  2.30583e-11
      1303.05  4.49699e-08  2.38018e-11
      1303.39  4.98567e-08  2.54345e-11
      1303.73  5.12694e-08  2.99129e-11
      1304.07  4.89345e-08  3.05972e-11
      1304.41  5.08071e-08  3.12365e-11
      1304.75  5.54507e-08  3.03098e-11
      1305.09  5.77507e-08  2.95955e-11
      1305.43  6.56262e-08  3.10306e-11
      1305.77  7.52535e-08  3.23406e-11
      1306.11  7.52727e-08  3.19205e-11
      1306.46  5.43736e-08  2.67785e-11
      1306.80  3.01087e-08  1.98119e-11
      1307.14  1.79791e-08  1.59657e-11
      1307.48  1.27872e-08  1.48885e-11
      1307.82  9.78179e-09  1.28634e-11
      1308.16  1.01225e-08  1.19226e-11
      1308.51  1.06281e-08  1.22439e-11
      1308.85  9.01948e-09  1.20968e-11
      1309.19  6.23267e-09  1.04703e-11
      1309.53  5.82372e-09  1.04796e-11
      1309.88  6.41277e-09  1.00125e-11
      1310.22  6.92944e-09  1.02995e-11
      1310.56  8.62004e-09  1.17300e-11
      1310.91  1.42558e-08  1.47187e-11
      1311.25  2.49786e-08  1.98963e-11
      1311.60  2.54956e-08  1.93923e-11
      1311.94  1.61995e-08  1.51464e-11
      1312.28  9.50422e-09  1.32730e-11
      1312.63  5.99533e-09  1.07811e-11
      1312.97  5.74692e-09  9.92242e-12
      1313.32  7.47376e-09  1.08174e-11
      1313.66  1.15735e-08  1.37628e-11
      1314.01  1.01013e-08  1.35081e-11
      1314.35  4.88818e-09  9.13736e-12
      1314.70  4.03856e-09  8.13367e-12
      1315.05  4.59195e-09  7.86310e-12
      1315.39  5.15499e-09  8.25350e-12
      1315.74  6.42752e-09  9.57389e-12
      1316.08  9.39735e-09  1.16356e-11
      1316.43  1.73027e-08  1.59289e-11
      1316.78  2.70448e-08  2.07942e-11
      1317.12  2.24590e-08  1.87140e-11
      1317.47  1.21304e-08  1.33866e-11
      1317.82  7.63062e-09  1.08002e-11
      1318.17  7.78388e-09  1.09504e-11
      1318.51  1.21137e-08  1.39263e-11
      1318.86  1.48546e-08  1.56135e-11
      1319.21  1.07725e-08  1.33115e-11
      1319.56  6.47576e-09  1.13914e-11
      1319.91  5.19764e-09  9.11383e-12
      1320.25  6.22918e-09  1.02547e-11
      1320.60  6.61380e-09  9.08276e-12
      1320.95  7.77801e-09  9.55186e-12
      1321.30  1.06767e-08  1.12347e-11
      1321.65  1.89992e-08  1.53593e-11
      1322.00  3.19906e-08  2.16978e-11
      1322.35  2.91261e-08  2.12094e-11
      1322.70  1.64363e-08  1.58484e-11
      1323.05  1.10356e-08  1.31001e-11
      1323.40  1.19882e-08  1.34890e-11
      1323.75  1.41322e-08  1.45625e-11
      1324.10  1.42817e-08  1.60321e-11
      1324.45  9.82032e-09  1.29171e-11
      1324.80  8.04300e-09  1.26077e-11
      