227
      1249.95  2.50378e-08  2.05006e-11
      1250.27  1.39334e-08  1.55801e-11
      1250.58  4.57095e-09  8.99529e-12
      1250.89  3.72181e-09  8.46598e-12
      1251.20  4.72377e-09  9.48134e-12
      1251.52  6.72665e-09  1.12009e-11
      1251.83  1.02541e-08  1.51259e-11
      1252.14  1.07549e-08  1.32529e-11
      1252.46  1.29333e-08  1.87579e-11
      1252.77  1.34498e-08  1.61262e-11
      1253.09  1.99581e-08  1.85138e-11
      1253.40  3.49587e-08  2.38399e-11
      1253.71  4.32258e-08  2.67997e-11
      1254.03  3.02584e-08  2.35598e-11
      1254.34  1.42730e-08  1.62017e-11
      1254.66  1.76085e-08  1.80614e-11
      1254.97  2.57320e-08  2.28370e-11
      1255.29  1.89630e-08  1.93450e-11
      1255.60  9.69626e-09  1.38970e-11
      1255.92  1.02026e-08  1.38148e-11
      1256.23  1.58135e-08  1.59203e-11
      1256.55  2.37754e-08  1.94970e-11
      1256.87  1.85146e-08  1.68571e-11
      1257.18  9.56784e-09  1.34854e-11
      1257.50  6.33193e-09  1.19759e-11
      1257.81  6.50082e-09  1.30948e-11
      1258.13  6.45329e-09  1.01932e-11
      1258.45  8.93546e-09  1.37235e-11
      1258.76  9.90907e-09  1.21039e-11
      1259.08  1.57865e-08  1.39228e-11
      1259.40  2.91494e-08  1.84097e-11
      1259.72  3.81052e-08  2.21435e-11
      1260.03  2.90926e-08  1.93309e-11
      1260.35  2.15335e-08  1.78531e-11
      1260.67  2.48650e-08  2.05933e-11
      1260.99  2.64338e-08  1.98285e-11
      1261.30  2.11003e-08  1.71692e-11
      1261.62  2.11317e-08  1.90623e-11
      1261.94  2.58258e-08  1.88836e-11
      1262.26  2.97942e-08  1.90733e-11
      1262.58  2.34929e-08  1.61109e-11
      1262.90  2.35589e-08  1.61920e-11
      1263.22  3.37105e-08  2.06406e-11
      1263.54  2.98459e-08  2.00432e-11
      1263.86  1.95260e-08  1.75451e-11
      1264.17  1.29087e-08  1.18342e-11
      1264.49  1.21666e-08  1.40559e-11
      1264.81  1.29217e-08  1.31186e-11
      1265.13  1.96885e-08  1.57550e-11
      1265.45  3.37746e-08  2.25046e-11
      1265.77  3.12781e-08  2.14262e-11
      1266.10  1.60492e-08  1.55756e-11
      1266.42  1.05490e-08  1.26551e-11
      1266.74  9.10901e-09  1.20028e-11
      1267.06  1.14552e-08  1.29630e-11
      1267.38  2.05365e-08  1.64864e-11
      1267.70  3.16488e-08  2.25497e-11
      1268.02  3.37357e-08  2.42133e-11
      1268.34  2.88835e-08  1.78625e-11
      1268.67  3.10230e-08  2.16333e-11
      1268.99  3.40819e-08  1.99390e-11
      1269.31  2.80676e-08  1.80082e-11
      1269.63  1.97293e-08  1.51134e-11
      1269.95  1.66487e-08  1.37508e-11
      1270.28  1.91129e-08  1.40340e-11
      1270.60  2.67707e-08  1.74640e-11
      1270.92  3.22197e-08  1.83274e-11
      1271.25  3.80438e-08  1.89822e-11
      1271.57  3.80244e-08  1.90963e-11
      1271.89  2.54868e-08  1.66780e-11
      1272.22  1.15716e-08  1.20519e-11
      1272.54  8.11795e-09  1.14159e-11
      1272.86  6.46771e-09  1.04061e-11
      1273.19  6.64761e-09  9.41141e-12
      1273.51  7.75175e-09  9.67942e-12
      1273.84  1.11575e-08  1.14313e-11
      1274.16  1.44474e-08  1.29083e-11
      1274.49  1.81966e-08  1.43927e-11
      1274.81  2.91121e-08  1.91107e-11
      1275.14  3.87751e-08  2.29645e-11
      1275.46  3.58020e-08  2.23026e-11
      1275.79  2.51604e-08  1.86152e-11
      1276.11  1.75261e-08  1.49196e-11
      1276.44  1.83789e-08  1.61923e-11
      1276.76  2.32901e-08  1.40831e-11
      1277.09  3.15726e-08  2.09979e-11
      1277.42  3.40198e-08  1.94496e-11
      1277.74  2.51301e-08  1.68055e-11
      1278.07  1.35803e-08  1.30878e-11
      1278.40  7.87276e-09  1.04029e-11
      1278.72  6.62211e-09  9.23373e-12
      1279.05  6.53532e-09  8.65010e-12
      1279.38  8.28827e-09  9.29015e-12
      1279.71  1.00119e-08  1.10338e-11
      1280.03  1.20215e-08  1.09301e-11
      1280.36  1.39362e-08  1.24732e-11
      1280.69  1.51711e-08  1.27983e-11
      1281.02  1.94213e-08  1.49135e-11
      1281.34  2.67068e-08  1.82918e-11
      1281.67  2.98439e-08  2.19472e-11
      1282.00  2.32901e-08  1.83046e-11
      1282.33  2.66013e-08  1.74022e-11
      1282.66  3.79745e-08  2.06976e-11
      1282.99  4.66837e-08  2.30378e-11
      1283.32  4.62351e-08  2.35727e-11
      1283.65  3.43309e-08  2.10420e-11
      1283.98  2.03502e-08  1.72965e-11
      1284.31  1.14824e-08  1.15007e-11
      1284.64  9.14881e-09  1.22407e-11
      1284.97  8.99417e-09  1.14297e-11
      1285.30  9.04829e-09  1.28030e-11
      1285.63  8.04735e-09  1.09023e-11
      1285.96  8.44732e-09  9.50725e-12
      1286.29  1.15681e-08  1.15232e-11
      1286.62  1.51704e-08  1.38279e-11
      1286.95  1.54083e-08  1.32700e-11
      1287.28  1.84038e-08  1.41195e-11
      1287.61  2.64311e-08  1.89383e-11
      1287.95  2.54201e-08  1.81248e-11
      1288.28  2.48792e-08  1.60017e-11
      1288.61  3.50326e-08  2.10725e-11
      1288.94  3.50941e-08  1.97738e-11
      1289.27  2.49157e-08  1.70579e-11
      1289.61  2.05356e-08  1.67594e-11
      1289.94  1.60532e-08  1.51896e-11
      1290.27  1.28885e-08  1.37405e-11
      1290.61  9.96499e-09  1.19775e-11
      1290.94  7.78339e-09  1.13507e-11
      1291.27  6.49344e-09  9.23779e-12
      1291.61  7.31407e-09  9.54469e-12
      1291.94  1.11586e-08  1.15734e-11
      1292.27  1.75573e-08  1.46096e-11
      1292.61  2.22080e-08  1.87688e-11
      1292.94  1.54733e-08  1.50868e-11
      1293.28  1.49845e-08  1.33481e-11
      1293.61  1.90773e-08  1.45441e-11
      1293.95  2.32905e-08  1.50636e-11
      1294.28  2.95314e-08  1.84153e-11
      1294.62  2.72057e-08  1.81484e-11
      1294.95  2.36599e-08  1.68809e-11
      1295.29  3.00115e-08  1.88684e-11
      1295.62  2.80183e-08  1.98930e-11
      1295.96  1.70615e-08  1.30303e-11
      1296.29  1.84325e-08  1.60656e-11
      1296.63  2.00074e-08  1.54934e-11
      1296.97  2.37841e-08  1.64139e-11
      1297.30  3.34738e-08  1.91707e-11
      1297.64  4.31888e-08  2.22616e-11
      1297.98  3.84827e-08  2.13655e-11
      1298.31  2.63385e-08  1.82103e-11
      1298.65  1.62139e-08  1.46049e-11
      1298.99  1.25037e-08  1.27372e-11
      1299.33  1.82634e-08  1.53178e-11
      1299.66  2.59487e-08  1.85084e-11
      1300.00  3.25685e-08  2.07329e-11
      1300.34  2.96769e-08  1.91066e-11
      1300.68  1.92803e-08  1.48198e-11
      1301.02  2.17507e-08  1.41897e-11
      1301.35  3.19341e-08  1.91719e-11
      1301.69  3.68339e-08  2.21176e-11
      1302.03  3.54130e-08  2.03371e-11
      1302.37  3.54210e-08  2.01550e-11
      1302.71  3.89136e-08  2.04792e-11
      1303.05  4.39246e-08  2.20806e-11
      1303.39  4.70835e-08  2.53658e-11
      1303.73  3.87783e-08  1.80466e-11
      1304.07  3.72988e-08  1.81757e-11
      1304.41  4.15661e-08  1.79219e-11
      1304.75  5.34470e-08  2.86194e-11
      1305.09  5.65930e-08  2.64072e-11
      1305.43  6.39328e-08  2.73245e-11
      1305.77  7.28029e-08  2.79449e-11
      1306.11  7.23480e-08  2.72427e-11
      1306.46  5.15152e-08  2.24317e-11
      1306.80  2.81889e-08  1.63817e-11
      1307.14  1.67377e-08  1.31570e-11
      1307.48  1.17837e-08  1.25526e-11
      1307.82  9.03942e-09  1.12895e-11
      1308.16  9.66249e-09  1.03068e-11
      1308.51  1.02256e-08  1.04585e-11
      1308.85  8.96107e-09  1.20501e-11
      1309.19  5.03727e-09  6.91334e-12
      1309.53  5.13848e-09  7.77538e-12
      1309.88  6.51309e-09  9.82065e-12
      1310.22  7.09952e-09  1.00174e-11
      1310.56  8.79202e-09  1.11989e-11
      1310.91  1.43724e-08  1.37528e-11
      1311.25  2.44808e-08  1.80132e-11
      1311.60  2.47596e-08  1.72313e-11
      1311.94  1.57463e-08  1.33386e-11
      1312.28  9.01291e-09  1.12487e-11
      1312.63  5.54005e-09  9.40330e-12
      1312.97  5.36322e-09  8.26679e-12
      1313.32  6.99415e-09  9.04487e-12
      1313.66  1.07467e-08  1.14206e-11
      1314.01  9.38336e-09  1.10019e-11
      1314.35  4.98099e-09  8.14934e-12
      1314.70  4.03515e-09  6.96222e-12
      1315.05  4.61624e-09  7.38928e-12
      1315.39  5.23774e-09  7.85016e-12
      1315.74  6.55202e-09  9.08898e-12
      1316.08  9.57210e-09  1.12389e-11
      1316.43  1.73840e-08  1.51361e-11
      1316.78  2.69196e-08  1.94195e-11
      1317.12  2.23920e-08  1.72200e-11
      1317.47  1.19629e-08  1.19575e-11
      1317.82  7.44963e-09  9.42927e-12
      1318.17  7.46852e-09  9.27882e-12
      1318.51  1.14210e-08  1.16398e-11
      1318.86  1.39216e-08  1.29398e-11
      1319.21  1.02146e-08  1.13628e-11
      1319.56  5.83630e-09  9.40557e-12
      1319.91  4.02315e-09  7.22196e-12
      1320.25  5.88691e-09  9.32961e-12
      1320.60  6.46609e-09  8.20994e-12
      1320.95  7.74226e-09  9.02434e-12
      1321.30  1.07179e-08  1.08076e-11
      1321.65  1.90354e-08  1.47740e-11
      1322.00  3.23802e-08  2.09022e-11
      1322.35  2.93707e-08  2.01295e-11
      1322.70  1.64216e-08  1.47325e-11
      1323.05  1.09056e-08  1.19225e-11
      1323.40  1.16997e-08  1.19680e-11
      1323.75  1.35912e-08  1.24799e-11
      1324.10  1.40114e-08  1.33415e-11
      1324.45  1.02821e-08  1.13413e-11
      1324.80  7.45452e-09  1.05528e-11
      