227
      1249.95  0.00000e+00  0.00000e+00
      1250.27  0.00000e+00  0.00000e+00
      1250.58  0.00000e+00  0.00000e+00
      1250.89  0.00000e+00  0.00000e+00
      1251.20  0.00000e+00  0.00000e+00
      1251.52  0.00000e+00  0.00000e+00
      1251.83  0.00000e+00  0.00000e+00
      1252.14  0.00000e+00  0.00000e+00
      1252.46  0.00000e+00  0.00000e+00
      1252.77  0.00000e+00  0.00000e+00
      1253.09  0.00000e+00  0.00000e+00
      1253.40  0.00000e+00  0.00000e+00
      1253.71  0.00000e+00  0.00000e+00
      1254.03  0.00000e+00  0.00000e+00
      1254.34  0.00000e+00  0.00000e+00
      1254.66  0.00000e+00  0.00000e+00
      1254.97  0.00000e+00  0.00000e+00
      1255.29  0.00000e+00  0.00000e+00
      1255.60  0.00000e+00  0.00000e+00
      1255.92  0.00000e+00  0.00000e+00
      1256.23  0.00000e+00  0.00000e+00
      1256.55  0.00000e+00  0.00000e+00
      1256.87  0.00000e+00  0.00000e+00
      1257.18  0.00000e+00  0.00000e+00
      1257.50  0.00000e+00  0.00000e+00
      1257.81  0.00000e+00  0.00000e+00
      1258.13  0.00000e+00  0.00000e+00
      1258.45  0.00000e+00  0.00000e+00
      1258.76  0.00000e+00  0.00000e+00
      1259.08  0.00000e+00  0.00000e+00
      1259.40  0.00000e+00  0.00000e+00
      1259.72  0.00000e+00  0.00000e+00
      1260.03  0.00000e+00  0.00000e+00
      1260.35  0.00000e+00  0.00000e+00
      1260.67  0.00000e+00  0.00000e+00
      1260.99  0.00000e+00  0.00000e+00
      1261.30  0.00000e+00  0.00000e+00
      1261.62  0.00000e+00  0.00000e+00
      1261.94  0.00000e+00  0.00000e+00
      1262.26  0.00000e+00  0.00000e+00
      1262.58  0.00000e+00  0.00000e+00
      1262.90  0.00000e+00  0.00000e+00
      1263.22  0.00000e+00  0.00000e+00
      1263.54  0.00000e+00  0.00000e+00
      1263.86  0.00000e+00  0.00000e+00
      1264.17  0.00000e+00  0.00000e+00
      1264.49  0.00000e+00  0.00000e+00
      1264.81  0.00000e+00  0.00000e+00
      1265.13  0.00000e+00  0.00000e+00
      1265.45  0.00000e+00  0.00000e+00
      1265.77  0.00000e+00  0.00000e+00
      1266.10  0.00000e+00  0.00000e+00
      1266.42  0.00000e+00  0.00000e+00
      1266.74  0.00000e+00  0.00000e+00
      1267.06  0.00000e+00  0.00000e+00
      1267.38  0.00000e+00  0.00000e+00
      1267.70  0.00000e+00  0.00000e+00
      1268.02  0.00000e+00  0.00000e+00
      1268.34  0.00000e+00  0.00000e+00
      1268.67  0.00000e+00  0.00000e+00
      1268.99  0.00000e+00  0.00000e+00
      1269.31  0.00000e+00  0.00000e+00
      1269.63  0.00000e+00  0.00000e+00
      1269.95  0.00000e+00  0.00000e+00
      1270.28  0.00000e+00  0.00000e+00
      1270.60  0.00000e+00  0.00000e+00
      1270.92  0.00000e+00  0.00000e+00
      1271.25  0.00000e+00  0.00000e+00
      1271.57  0.00000e+00  0.00000e+00
      1271.89  0.00000e+00  0.00000e+00
      1272.22  0.00000e+00  0.00000e+00
      1272.54  0.00000e+00  0.00000e+00
      1272.86  0.00000e+00  0.00000e+00
      1273.19  0.00000e+00  0.00000e+00
      1273.51  0.00000e+00  0.00000e+00
      1273.84  0.00000e+00  0.00000e+00
      1274.16  0.00000e+00  0.00000e+00
      1274.49  0.00000e+00  0.00000e+00
      1274.81  0.00000e+00  0.00000e+00
      1275.14  0.00000e+00  0.00000e+00
      1275.46  0.00000e+00  0.00000e+00
      1275.79  0.00000e+00  0.00000e+00
      1276.11  0.00000e+00  0.00000e+00
      1276.44  0.00000e+00  0.00000e+00
      1276.76  0.00000e+00  0.00000e+00
      1277.09  0.00000e+00  0.00000e+00
      1277.42  0.00000e+00  0.00000e+00
      1277.74  0.00000e+00  0.00000e+00
      1278.07  0.00000e+00  0.00000e+00
      1278.40  0.00000e+00  0.00000e+00
      1278.72  0.00000e+00  0.00000e+00
      1279.05  0.00000e+00  0.00000e+00
      1279.38  0.00000e+00  0.00000e+00
      1279.71  0.00000e+00  0.00000e+00
      1280.03  0.00000e+00  0.00000e+00
      1280.36  0.00000e+00  0.00000e+00
      1280.69  0.00000e+00  0.00000e+00
      1281.02  0.00000e+00  0.00000e+00
      1281.34  0.00000e+00  0.00000e+00
      1281.67  0.00000e+00  0.00000e+00
      1282.00  0.00000e+00  0.00000e+00
      1282.33  0.00000e+00  0.00000e+00
      1282.66  0.00000e+00  0.00000e+00
      1282.99  0.00000e+00  0.00000e+00
      1283.32  0.00000e+00  0.00000e+00
      1283.65  7.44551e-09  3.20946e-11
      1283.98  7.35157e-09  3.01400e-11
      1284.31  6.87616e-09  2.28052e-11
      1284.64  6.17293e-09  2.53282e-11
      1284.97  5.97454e-09  2.87396e-11
      1285.30  5.94588e-09  2.92928e-11
      1285.63  0.00000e+00  0.00000e+00
      1285.96  0.00000e+00  0.00000e+00
      1286.29  0.00000e+00  0.00000e+00
      1286.62  0.00000e+00  0.00000e+00
      1286.95  0.00000e+00  0.00000e+00
      1287.28  0.00000e+00  0.00000e+00
      1287.61  0.00000e+00  0.00000e+00
      1287.95  0.00000e+00  0.00000e+00
      1288.28  0.00000e+00  0.00000e+00
      1288.61  0.00000e+00  0.00000e+00
      1288.94  0.00000e+00  0.00000e+00
      1289.27  0.00000e+00  0.00000e+00
      1289.61  0.00000e+00  0.00000e+00
      1289.94  0.00000e+00  0.00000e+00
      1290.27  0.00000e+00  0.00000e+00
      1290.61  0.00000e+00  0.00000e+00
      1290.94  4.35264e-09  2.37131e-11
      1291.27  4.42508e-09  2.27861e-11
      1291.61  4.85721e-09  1.87494e-11
      1291.94  5.76299e-09  2.22972e-11
      1292.27  6.10090e-09  2.69047e-11
      1292.61  6.15294e-09  2.76967e-11
      1292.94  0.00000e+00  0.00000e+00
      1293.28  0.00000e+00  0.00000e+00
      1293.61  0.00000e+00  0.00000e+00
      1293.95  0.00000e+00  0.00000e+00
      1294.28  0.00000e+00  0.00000e+00
      1294.62  0.00000e+00  0.00000e+00
      1294.95  0.00000e+00  0.00000e+00
      1295.29  0.00000e+00  0.00000e+00
      1295.62  0.00000e+00  0.00000e+00
      1295.96  0.00000e+00  0.00000e+00
      1296.29  0.00000e+00  0.00000e+00
      1296.63  0.00000e+00  0.00000e+00
      1296.97  0.00000e+00  0.00000e+00
      1297.30  0.00000e+00  0.00000e+00
      1297.64  1.35847e-08  3.90466e-11
      1297.98  1.34728e-08  3.81512e-11
      1298.31  1.26515e-08  3.22218e-11
      1298.65  9.43315e-09  2.08981e-11
      1298.99  6.97272e-09  2.44146e-11
      1299.33  6.51591e-09  2.88586e-11
      1299.66  6.45809e-09  2.95936e-11
      1300.00  0.00000e+00  0.00000e+00
      1300.34  0.00000e+00  0.00000e+00
      1300.68  0.00000e+00  0.00000e+00
      1301.02  0.00000e+00  0.00000e+00
      1301.35  0.00000e+00  0.00000e+00
      1301.69  0.00000e+00  0.00000e+00
      1302.03  0.00000e+00  0.00000e+00
      1302.37  0.00000e+00  0.00000e+00
      1302.71  0.00000e+00  0.00000e+00
      1303.05  0.00000e+00  0.00000e+00
      1303.39  0.00000e+00  0.00000e+00
      1303.73  0.00000e+00  0.00000e+00
      1304.07  3.95458e-08  6.49885e-11
      1304.41  3.95548e-08  6.33965e-11
      1304.75  3.96510e-08  5.33173e-11
      1305.09  4.06493e-08  4.07769e-11
      1305.43  4.26042e-08  5.61102e-11
      1305.77  4.31594e-08  6.61091e-11
      1306.11  4.32354e-08  6.76371e-11
      1306.46  0.00000e+00  0.00000e+00
      1306.80  0.00000e+00  0.00000e+00
      1307.14  0.00000e+00  0.00000e+00
      1307.48  0.00000e+00  0.00000e+00
      1307.82  0.00000e+00  0.00000e+00
      1308.16  0.00000e+00  0.00000e+00
      1308.51  0.00000e+00  0.00000e+00
      1308.85  0.00000e+00  0.00000e+00
      1309.19  0.00000e+00  0.00000e+00
      1309.53  0.00000e+00  0.00000e+00
      1309.88  0.00000e+00  0.00000e+00
      1310.22  0.00000e+00  0.00000e+00
      1310.56  1.54304e-08  4.02741e-11
      1310.91  1.58263e-08  3.69609e-11
      1311.25  1.76214e-08  2.79418e-11
      1311.60  1.77516e-08  3.11572e-11
      1311.94  1.69192e-08  4.05192e-11
      1312.28  1.67618e-08  4.25780e-11
      1312.63  0.00000e+00  0.00000e+00
      1312.97  0.00000e+00  0.00000e+00
      1313.32  0.00000e+00  0.00000e+00
      1313.66  0.00000e+00  0.00000e+00
      1314.01  0.00000e+00  0.00000e+00
      1314.35  0.00000e+00  0.00000e+00
      1314.70  0.00000e+00  0.00000e+00
      1315.05  0.00000e+00  0.00000e+00
      1315.39  0.00000e+00  0.00000e+00
      1315.74  0.00000e+00  0.00000e+00
      1316.08  0.00000e+00  0.00000e+00
      1316.43  1.85852e-08  4.42719e-11
      1316.78  1.78584e-08  4.07370e-11
      1317.12  1.36224e-08  2.57379e-11
      1317.47  7.70643e-09  2.03695e-11
      1317.82  6.13810e-09  2.56408e-11
      1318.17  5.92567e-09  2.70139e-11
      1318.51  0.00000e+00  0.00000e+00
      1318.86  0.00000e+00  0.00000e+00
      1319.21  0.00000e+00  0.00000e+00
      1319.56  0.00000e+00  0.00000e+00
      1319.91  0.00000e+00  0.00000e+00
      1320.25  0.00000e+00  0.00000e+00
      1320.60  0.00000e+00  0.00000e+00
      1320.95  0.00000e+00  0.00000e+00
      1321.30  0.00000e+00  0.00000e+00
      1321.65  0.00000e+00  0.00000e+00
      1322.00  8.30579e-09  3.05479e-11
      1322.35  8.21868e-09  2.94149e-11
      1322.70  7.66283e-09  2.33037e-11
      1323.05  6.47620e-09  2.23519e-11
      1323.40  6.05378e-09  2.63807e-11
      1323.75  5.99338e-09  2.70758e-11
      1324.10  0.00000e+00  0.00000e+00
      1324.45  0.00000e+00  0.00000e+00
      1324.80  0.00000e+00  0.00000e+00
      