227
      1249.95  3.37328e-08  3.68365e-11
      1250.27  1.76422e-08  2.88882e-11
      1250.58  7.14130e-09  1.90407e-11
      1250.89  5.28644e-09  1.73250e-11
      1251.20  6.55293e-09  1.96764e-11
      1251.52  9.13543e-09  2.29336e-11
      1251.83  1.46754e-08  2.94696e-11
      1252.14  1.91120e-08  3.32735e-11
      1252.46  1.89763e-08  3.27897e-11
      1252.77  1.76505e-08  3.00240e-11
      1253.09  2.59681e-08  3.45218e-11
      1253.40  4.47181e-08  4.49540e-11
      1253.71  5.63802e-08  6.20573e-11
      1254.03  2.91474e-08  4.40352e-11
      1254.34  1.99893e-08  3.11847e-11
      1254.66  2.33550e-08  3.38738e-11
      1254.97  3.36927e-08  4.31438e-11
      1255.29  2.43221e-08  3.50377e-11
      1255.60  1.31299e-08  2.37328e-11
      1255.92  1.40408e-08  2.36219e-11
      1256.23  2.14176e-08  2.69662e-11
      1256.55  3.21209e-08  3.39646e-11
      1256.87  2.46178e-08  2.89599e-11
      1257.18  1.31974e-08  2.16819e-11
      1257.50  9.88277e-09  1.99469e-11
      1257.81  1.07313e-08  2.05977e-11
      1258.13  1.30200e-08  2.24711e-11
      1258.45  1.34057e-08  2.15889e-11
      1258.76  1.41830e-08  2.07892e-11
      1259.08  2.20952e-08  2.43143e-11
      1259.40  3.98964e-08  3.22196e-11
      1259.72  5.24036e-08  3.75150e-11
      1260.03  4.18749e-08  3.31046e-11
      1260.35  3.17770e-08  2.98366e-11
      1260.67  3.84473e-08  3.64374e-11
      1260.99  3.72210e-08  3.21829e-11
      1261.30  3.10579e-08  2.71991e-11
      1261.62  3.64232e-08  2.92381e-11
      1261.94  3.82059e-08  2.99750e-11
      1262.26  3.71707e-08  3.60165e-11
      1262.58  2.78688e-08  3.56039e-11
      1262.90  3.09405e-08  3.30457e-11
      1263.22  4.33504e-08  4.17193e-11
      1263.54  3.76922e-08  3.86538e-11
      1263.86  2.65164e-08  3.23315e-11
      1264.17  2.18047e-08  2.96266e-11
      1264.49  1.68138e-08  2.51151e-11
      1264.81  1.73534e-08  2.41015e-11
      1265.13  3.01068e-08  3.15205e-11
      1265.45  4.41016e-08  3.91228e-11
      1265.77  4.04041e-08  3.80160e-11
      1266.10  2.45297e-08  2.97564e-11
      1266.42  1.44689e-08  2.38569e-11
      1266.74  1.25772e-08  2.16175e-11
      1267.06  1.58401e-08  2.23865e-11
      1267.38  2.78339e-08  2.81910e-11
      1267.70  4.47665e-08  4.15640e-11
      1268.02  4.96639e-08  4.70365e-11
      1268.34  4.91632e-08  5.03414e-11
      1268.67  4.85265e-08  4.38222e-11
      1268.99  4.66850e-08  4.31162e-11
      1269.31  3.83691e-08  3.40984e-11
      1269.63  2.69918e-08  2.79303e-11
      1269.95  2.32601e-08  2.40316e-11
      1270.28  2.62595e-08  2.46035e-11
      1270.60  3.70543e-08  2.95272e-11
      1270.92  4.72018e-08  3.45203e-11
      1271.25  4.91912e-08  3.69355e-11
      1271.57  4.86797e-08  3.85275e-11
      1271.89  3.30511e-08  2.61234e-11
      1272.22  1.74787e-08  1.93145e-11
      1272.54  1.19574e-08  1.83854e-11
      1272.86  9.72334e-09  1.88598e-11
      1273.19  9.04604e-09  1.83057e-11
      1273.51  1.04055e-08  1.85472e-11
      1273.84  1.46981e-08  2.15822e-11
      1274.16  1.89057e-08  2.44866e-11
      1274.49  2.36627e-08  2.73149e-11
      1274.81  3.47526e-08  4.05672e-11
      1275.14  4.12022e-08  5.02520e-11
      1275.46  4.15233e-08  5.40547e-11
      1275.79  3.24796e-08  3.49830e-11
      1276.11  2.35329e-08  2.67933e-11
      1276.44  2.74967e-08  2.75934e-11
      1276.76  3.83578e-08  3.42854e-11
      1277.09  4.44090e-08  3.93083e-11
      1277.42  4.29306e-08  3.97773e-11
      1277.74  2.95563e-08  3.45473e-11
      1278.07  1.83308e-08  2.20850e-11
      1278.40  1.20049e-08  1.82409e-11
      1278.72  9.58946e-09  1.61137e-11
      1279.05  9.35527e-09  1.52437e-11
      1279.38  1.18218e-08  1.60931e-11
      1279.71  1.59150e-08  1.90102e-11
      1280.03  2.01806e-08  2.52521e-11
      1280.36  1.90514e-08  2.18422e-11
      1280.69  2.03203e-08  2.06150e-11
      1281.02  2.55435e-08  2.34203e-11
      1281.34  3.25474e-08  3.01239e-11
      1281.67  3.76796e-08  4.11192e-11
      1282.00  3.11738e-08  3.85219e-11
      1282.33  3.38227e-08  3.23731e-11
      1282.66  4.82136e-08  3.86445e-11
      1282.99  5.89937e-08  4.28288e-11
      1283.32  5.85584e-08  4.38266e-11
      1283.65  4.38943e-08  3.87769e-11
      1283.98  2.60387e-08  3.04266e-11
      1284.31  1.65661e-08  2.43912e-11
      1284.64  1.30125e-08  2.04867e-11
      1284.97  1.24338e-08  2.02578e-11
      1285.30  1.32036e-08  2.16132e-11
      1285.63  1.23424e-08  2.05105e-11
      1285.96  1.16985e-08  1.71782e-11
      1286.29  1.51378e-08  2.21050e-11
      1286.62  2.32511e-08  2.83200e-11
      1286.95  2.11259e-08  2.31294e-11
      1287.28  2.28617e-08  2.50140e-11
      1287.61  3.89650e-08  2.98870e-11
      1287.95  4.86471e-08  3.79230e-11
      1288.28  4.78906e-08  3.79569e-11
      1288.61  4.77312e-08  3.13160e-11
      1288.94  4.66330e-08  3.35440e-11
      1289.27  3.61758e-08  3.15958e-11
      1289.61  2.83515e-08  3.04396e-11
      1289.94  2.35736e-08  2.97441e-11
      1290.27  1.67881e-08  2.49128e-11
      1290.61  1.47773e-08  2.40731e-11
      1290.94  1.14447e-08  2.01610e-11
      1291.27  8.79218e-09  1.72800e-11
      1291.61  1.00367e-08  1.80667e-11
      1291.94  1.55438e-08  2.22756e-11
      1292.27  2.42053e-08  2.63312e-11
      1292.61  3.27070e-08  3.16262e-11
      1292.94  2.55576e-08  2.70168e-11
      1293.28  2.12565e-08  2.40596e-11
      1293.61  2.65318e-08  2.64797e-11
      1293.95  3.18038e-08  2.72265e-11
      1294.28  4.00469e-08  3.85234e-11
      1294.62  4.16994e-08  3.47859e-11
      1294.95  4.09029e-08  3.50280e-11
      1295.29  4.15457e-08  2.93867e-11
      1295.62  3.71990e-08  2.79415e-11
      1295.96  2.91605e-08  2.43990e-11
      1296.29  2.55961e-08  2.28219e-11
      1296.63  2.58053e-08  2.48501e-11
      1296.97  3.06749e-08  2.97380e-11
      1297.30  4.29867e-08  3.57064e-11
      1297.64  5.44219e-08  4.08283e-11
      1297.98  4.88839e-08  3.92858e-11
      1298.31  3.44870e-08  3.37408e-11
      1298.65  2.19491e-08  2.75357e-11
      1298.99  1.76446e-08  2.38349e-11
      1299.33  2.58127e-08  2.70780e-11
      1299.66  4.09381e-08  3.31256e-11
      1300.00  4.61455e-08  3.36217e-11
      1300.34  4.19933e-08  3.22603e-11
      1300.68  3.40718e-08  2.93645e-11
      1301.02  3.13166e-08  2.86283e-11
      1301.35  4.73203e-08  3.28482e-11
      1301.69  5.63047e-08  3.56177e-11
      1302.03  5.44000e-08  3.72090e-11
      1302.37  4.78818e-08  3.49255e-11
      1302.71  5.30225e-08  3.94449e-11
      1303.05  5.83033e-08  3.79573e-11
      1303.39  6.29698e-08  4.43887e-11
      1303.73  6.83423e-08  7.29530e-11
      1304.07  6.39588e-08  7.34684e-11
      1304.41  6.49642e-08  6.42552e-11
      1304.75  7.00933e-08  5.92369e-11
      1305.09  7.15018e-08  4.90610e-11
      1305.43  8.03563e-08  5.15925e-11
      1305.77  8.94943e-08  6.22715e-11
      1306.11  8.88628e-08  5.66239e-11
      1306.46  6.54449e-08  4.02738e-11
      1306.80  3.75187e-08  2.98482e-11
      1307.14  2.43185e-08  2.80111e-11
      1307.48  1.64739e-08  2.40826e-11
      1307.82  1.36660e-08  2.01692e-11
      1308.16  1.35173e-08  1.93161e-11
      1308.51  1.56739e-08  2.00773e-11
      1308.85  1.42953e-08  2.03745e-11
      1309.19  1.00155e-08  2.03133e-11
      1309.53  9.20923e-09  1.54569e-11
      1309.88  8.96690e-09  1.52465e-11
      1310.22  9.41665e-09  1.62533e-11
      1310.56  1.18446e-08  2.06870e-11
      1310.91  1.91773e-08  2.54948e-11
      1311.25  3.15079e-08  3.27003e-11
      1311.60  3.20665e-08  3.19931e-11
      1311.94  2.08045e-08  2.46120e-11
      1312.28  1.23165e-08  1.81860e-11
      1312.63  8.84133e-09  1.58131e-11
      1312.97  7.74789e-09  1.51109e-11
      1313.32  9.90007e-09  1.66083e-11
      1313.66  1.46560e-08  2.01155e-11
      1314.01  1.30380e-08  1.82377e-11
      1314.35  8.63760e-09  1.56889e-11
      1314.70  6.50612e-09  1.28170e-11
      1315.05  6.44622e-09  1.19662e-11
      1315.39  7.15942e-09  1.22558e-11
      1315.74  8.82542e-09  1.35542e-11
      1316.08  1.22233e-08  1.62610e-11
      1316.43  2.01984e-08  2.31844e-11
      1316.78  3.46608e-08  3.56832e-11
      1317.12  2.89984e-08  3.13377e-11
      1317.47  1.54748e-08  2.19279e-11
      1317.82  1.00160e-08  1.79062e-11
      1318.17  1.01481e-08  1.70919e-11
      1318.51  1.59875e-08  2.13743e-11
      1318.86  1.97833e-08  2.41887e-11
      1319.21  1.36719e-08  1.97148e-11
      1319.56  8.40581e-09  1.65516e-11
      1319.91  8.15954e-09  1.61446e-11
      1320.25  8.83776e-09  1.63020e-11
      1320.60  8.90036e-09  1.38569e-11
      1320.95  1.05062e-08  1.46298e-11
      1321.30  1.42034e-08  1.64474e-11
      1321.65  2.48516e-08  2.14245e-11
      1322.00  4.10686e-08  2.88892e-11
      1322.35  3.83106e-08  2.96330e-11
      1322.70  2.58942e-08  3.17736e-11
      1323.05  1.48040e-08  2.67548e-11
      1323.40  1.59807e-08  2.31499e-11
      1323.75  1.84919e-08  2.39575e-11
      1324.10  1.90842e-08  2.37374e-11
      1324.45  1.48649e-08  2.04160e-11
      1324.80  1.10643e-08  1.79343e-11
      