227
      1249.95  3.03964e-08  4.94511e-11
      1250.27  1.77034e-08  2.97248e-11
      1250.58  7.58607e-09  2.19539e-11
      1250.89  5.65190e-09  2.79019e-11
      1251.20  5.39234e-09  3.00665e-11
      1251.52  0.00000e+00  0.00000e+00
      1251.83  0.00000e+00  0.00000e+00
      1252.14  0.00000e+00  0.00000e+00
      1252.46  0.00000e+00  0.00000e+00
      1252.77  0.00000e+00  0.00000e+00
      1253.09  0.00000e+00  0.00000e+00
      1253.40  0.00000e+00  0.00000e+00
      1253.71  0.00000e+00  0.00000e+00
      1254.03  0.00000e+00  0.00000e+00
      1254.34  0.00000e+00  0.00000e+00
      1254.66  0.00000e+00  0.00000e+00
      1254.97  0.00000e+00  0.00000e+00
      1255.29  0.00000e+00  0.00000e+00
      1255.60  1.60559e-08  4.46628e-11
      1255.92  1.66230e-08  4.26089e-11
      1256.23  1.95760e-08  3.56345e-11
      1256.55  2.43986e-08  4.00766e-11
      1256.87  1.68155e-08  3.26437e-11
      1257.18  1.07312e-08  2.16620e-11
      1257.50  8.28890e-09  2.00571e-11
      1257.81  9.16860e-09  2.15046e-11
      1258.13  1.14335e-08  2.40566e-11
      1258.45  1.18472e-08  2.37661e-11
      1258.76  1.23821e-08  2.27818e-11
      1259.08  1.95750e-08  2.68780e-11
      1259.40  3.63233e-08  3.73025e-11
      1259.72  4.83568e-08  5.86848e-11
      1260.03  2.95630e-08  4.48412e-11
      1260.35  2.82452e-08  3.66255e-11
      1260.67  3.74931e-08  4.11867e-11
      1260.99  3.87171e-08  4.98977e-11
      1261.30  2.76564e-08  4.00125e-11
      1261.62  3.18420e-08  4.37909e-11
      1261.94  3.58210e-08  4.22132e-11
      1262.26  3.88755e-08  3.69676e-11
      1262.58  3.01237e-08  3.19790e-11
      1262.90  2.43579e-08  4.03100e-11
      1263.22  2.37744e-08  4.84659e-11
      1263.54  2.37175e-08  4.99623e-11
      1263.86  0.00000e+00  0.00000e+00
      1264.17  0.00000e+00  0.00000e+00
      1264.49  0.00000e+00  0.00000e+00
      1264.81  0.00000e+00  0.00000e+00
      1265.13  0.00000e+00  0.00000e+00
      1265.45  0.00000e+00  0.00000e+00
      1265.77  0.00000e+00  0.00000e+00
      1266.10  0.00000e+00  0.00000e+00
      1266.42  0.00000e+00  0.00000e+00
      1266.74  1.78145e-08  4.37386e-11
      1267.06  1.89505e-08  4.05571e-11
      1267.38  2.55356e-08  3.26521e-11
      1267.70  4.18683e-08  3.77446e-11
      1268.02  4.49000e-08  3.68669e-11
      1268.34  4.53756e-08  3.77592e-11
      1268.67  4.17800e-08  3.60576e-11
      1268.99  4.21371e-08  3.83069e-11
      1269.31  3.44719e-08  3.50809e-11
      1269.63  2.46148e-08  3.00570e-11
      1269.95  2.11516e-08  2.78443e-11
      1270.28  2.41893e-08  2.80482e-11
      1270.60  3.74720e-08  3.47144e-11
      1270.92  4.41624e-08  4.09134e-11
      1271.25  4.54813e-08  4.93805e-11
      1271.57  4.64059e-08  5.40155e-11
      1271.89  3.16843e-08  3.29968e-11
      1272.22  1.69423e-08  2.43823e-11
      1272.54  1.15504e-08  2.18946e-11
      1272.86  1.02340e-08  2.85124e-11
      1273.19  1.00312e-08  3.33797e-11
      1273.51  1.00040e-08  3.42175e-11
      1273.84  0.00000e+00  0.00000e+00
      1274.16  0.00000e+00  0.00000e+00
      1274.49  0.00000e+00  0.00000e+00
      1274.81  0.00000e+00  0.00000e+00
      1275.14  0.00000e+00  0.00000e+00
      1275.46  0.00000e+00  0.00000e+00
      1275.79  0.00000e+00  0.00000e+00
      1276.11  3.91790e-08  5.77998e-11
      1276.44  3.93555e-08  5.37186e-11
      1276.76  3.99689e-08  3.95352e-11
      1277.09  3.87099e-08  3.84436e-11
      1277.42  3.44881e-08  4.27595e-11
      1277.74  2.27390e-08  3.88613e-11
      1278.07  1.59433e-08  2.42629e-11
      1278.40  1.06351e-08  2.03385e-11
      1278.72  8.59995e-09  1.83599e-11
      1279.05  8.53400e-09  1.76771e-11
      1279.38  1.09486e-08  1.90399e-11
      1279.71  1.53172e-08  2.15725e-11
      1280.03  1.96249e-08  2.47015e-11
      1280.36  1.87223e-08  2.40799e-11
      1280.69  1.98330e-08  2.58538e-11
      1281.02  2.52563e-08  2.98788e-11
      1281.34  3.23095e-08  4.17871e-11
      1281.67  3.51842e-08  5.77662e-11
      1282.00  3.56819e-08  6.14625e-11
      1282.33  0.00000e+00  0.00000e+00
      1282.66  0.00000e+00  0.00000e+00
      1282.99  0.00000e+00  0.00000e+00
      1283.32  0.00000e+00  0.00000e+00
      1283.65  0.00000e+00  0.00000e+00
      1283.98  0.00000e+00  0.00000e+00
      1284.31  1.01226e-08  3.31642e-11
      1284.64  1.02331e-08  3.15455e-11
      1284.97  1.08970e-08  2.44328e-11
      1285.30  1.23388e-08  2.06463e-11
      1285.63  1.11681e-08  1.90362e-11
      1285.96  1.04872e-08  1.80900e-11
      1286.29  1.47112e-08  2.21763e-11
      1286.62  1.99557e-08  2.68809e-11
      1286.95  1.96430e-08  2.67707e-11
      1287.28  2.34127e-08  2.89051e-11
      1287.61  3.77934e-08  3.71970e-11
      1287.95  4.56475e-08  3.91716e-11
      1288.28  4.63564e-08  3.80077e-11
      1288.61  4.62995e-08  4.68436e-11
      1288.94  3.98296e-08  4.11715e-11
      1289.27  3.45134e-08  5.65014e-11
      1289.61  3.45004e-08  5.65645e-11
      1289.94  3.45004e-08  5.65645e-11
      1290.27  0.00000e+00  0.00000e+00
      1290.61  0.00000e+00  0.00000e+00
      1290.94  0.00000e+00  0.00000e+00
      1291.27  0.00000e+00  0.00000e+00
      1291.61  0.00000e+00  0.00000e+00
      1291.94  2.68049e-08  4.98136e-11
      1292.27  2.74412e-08  4.53456e-11
      1292.61  2.91229e-08  3.44040e-11
      1292.94  2.20380e-08  2.76309e-11
      1293.28  1.78796e-08  2.49546e-11
      1293.61  2.35678e-08  2.89359e-11
      1293.95  2.84619e-08  2.97709e-11
      1294.28  4.04435e-08  3.51550e-11
      1294.62  4.60366e-08  3.70161e-11
      1294.95  3.99667e-08  3.43421e-11
      1295.29  3.93226e-08  4.36488e-11
      1295.62  3.30195e-08  4.16390e-11
      1295.96  2.79391e-08  3.17707e-11
      1296.29  2.51423e-08  3.26053e-11
      1296.63  2.47888e-08  4.53350e-11
      1296.97  2.47635e-08  4.92773e-11
      1297.30  0.00000e+00  0.00000e+00
      1297.64  0.00000e+00  0.00000e+00
      1297.98  0.00000e+00  0.00000e+00
      1298.31  0.00000e+00  0.00000e+00
      1298.65  0.00000e+00  0.00000e+00
      1298.99  3.86600e-08  5.98352e-11
      1299.33  3.88178e-08  5.69643e-11
      1299.66  3.96992e-08  4.36887e-11
      1300.00  4.05073e-08  3.52583e-11
      1300.34  3.66886e-08  3.32638e-11
      1300.68  2.73913e-08  2.82247e-11
      1301.02  2.79093e-08  2.86799e-11
      1301.35  4.39037e-08  3.81553e-11
      1301.69  5.26510e-08  4.79560e-11
      1302.03  5.22021e-08  5.82467e-11
      1302.37  4.64042e-08  5.27895e-11
      1302.71  5.29300e-08  4.16097e-11
      1303.05  5.77980e-08  4.43895e-11
      1303.39  5.82686e-08  6.22918e-11
      1303.73  5.82681e-08  6.84190e-11
      1304.07  0.00000e+00  0.00000e+00
      1304.41  0.00000e+00  0.00000e+00
      1304.75  0.00000e+00  0.00000e+00
      1305.09  0.00000e+00  0.00000e+00
      1305.43  0.00000e+00  0.00000e+00
      1305.77  5.45584e-08  6.71218e-11
      1306.11  5.38312e-08  6.46698e-11
      1306.46  4.88834e-08  5.05096e-11
      1306.80  3.30245e-08  3.15228e-11
      1307.14  2.11706e-08  2.88966e-11
      1307.48  1.50307e-08  2.50734e-11
      1307.82  1.23707e-08  2.27765e-11
      1308.16  1.24912e-08  2.08754e-11
      1308.51  1.46123e-08  2.21175e-11
      1308.85  1.26233e-08  1.97295e-11
      1309.19  9.62777e-09  1.70889e-11
      1309.53  9.02499e-09  1.72587e-11
      1309.88  8.90121e-09  2.27722e-11
      1310.22  8.86413e-09  2.84542e-11
      1310.56  8.85861e-09  2.94741e-11
      1310.91  0.00000e+00  0.00000e+00
      1311.25  0.00000e+00  0.00000e+00
      1311.60  0.00000e+00  0.00000e+00
      1311.94  7.78269e-09  2.68575e-11
      1312.28  7.66856e-09  2.41832e-11
      1312.63  7.07507e-09  1.68223e-11
      1312.97  6.48537e-09  1.55821e-11
      1313.32  8.54476e-09  1.77693e-11
      1313.66  1.33100e-08  2.30577e-11
      1314.01  1.16815e-08  2.08183e-11
      1314.35  7.53265e-09  1.62538e-11
      1314.70  6.07107e-09  1.44906e-11
      1315.05  6.09340e-09  1.44136e-11
      1315.39  6.89567e-09  1.54005e-11
      1315.74  8.33105e-09  1.90250e-11
      1316.08  9.15629e-09  2.81673e-11
      1316.43  9.29862e-09  3.07680e-11
      1316.78  0.00000e+00  0.00000e+00
      1317.12  0.00000e+00  0.00000e+00
      1317.47  0.00000e+00  0.00000e+00
      1317.82  1.41382e-08  3.64047e-11
      1318.17  1.42830e-08  3.50514e-11
      1318.51  1.51713e-08  2.87702e-11
      1318.86  1.64979e-08  3.06558e-11
      1319.21  9.74016e-09  2.39732e-11
      1319.56  7.40728e-09  1.73031e-11
      1319.91  7.70307e-09  1.71500e-11
      1320.25  8.08431e-09  1.67183e-11
      1320.60  8.20278e-09  1.61685e-11
      1320.95  9.86758e-09  1.76629e-11
      1321.30  1.33893e-08  2.06127e-11
      1321.65  1.99654e-08  2.97499e-11
      1322.00  2.35954e-08  4.42270e-11
      1322.35  2.41759e-08  4.73225e-11
      1322.70  0.00000e+00  0.00000e+00
      1323.05  0.00000e+00  0.00000e+00
      1323.40  0.00000e+00  0.00000e+00
      1323.75  1.15505e-08  3.33896e-11
      1324.10  1.14487e-08  3.18855e-11
      1324.45  1.08024e-08  2.42276e-11
      1324.80  9.31862e-09  1.88101e-11
      