227
      1249.95  3.62610e-08  7.76065e-11
      1250.27  3.69650e-08  8.43244e-11
      1250.58  0.00000e+00  0.00000e+00
      1250.89  0.00000e+00  0.00000e+00
      1251.20  0.00000e+00  0.00000e+00
      1251.52  0.00000e+00  0.00000e+00
      1251.83  0.00000e+00  0.00000e+00
      1252.14  1.59954e-08  5.04490e-11
      1252.46  1.62216e-08  4.86659e-11
      1252.77  1.78215e-08  4.00085e-11
      1253.09  2.65051e-08  3.53205e-11
      1253.40  4.51973e-08  4.52621e-11
      1253.71  5.62902e-08  6.22439e-11
      1254.03  2.86507e-08  4.38949e-11
      1254.34  1.98948e-08  3.10531e-11
      1254.66  2.36373e-08  3.41114e-11
      1254.97  3.37512e-08  4.31655e-11
      1255.29  2.40645e-08  3.50969e-11
      1255.60  1.31322e-08  2.53423e-11
      1255.92  1.41121e-08  2.60394e-11
      1256.23  2.16429e-08  3.00982e-11
      1256.55  3.20526e-08  3.80679e-11
      1256.87  2.42011e-08  3.24048e-11
      1257.18  1.30043e-08  2.46001e-11
      1257.50  9.83468e-09  2.29792e-11
      1257.81  1.07433e-08  2.40690e-11
      1258.13  1.29886e-08  2.65135e-11
      1258.45  1.33212e-08  2.57545e-11
      1258.76  1.41903e-08  2.52216e-11
      1259.08  2.22787e-08  3.01155e-11
      1259.40  4.00054e-08  4.04828e-11
      1259.72  5.19758e-08  4.76339e-11
      1260.03  4.12786e-08  4.24376e-11
      1260.35  3.20455e-08  3.77768e-11
      1260.67  3.86626e-08  4.38586e-11
      1260.99  3.68058e-08  4.26033e-11
      1261.30  3.08824e-08  3.74535e-11
      1261.62  3.61211e-08  4.09831e-11
      1261.94  3.78672e-08  4.31503e-11
      1262.26  3.79735e-08  6.07278e-11
      1262.58  3.80514e-08  6.82744e-11
      1262.90  0.00000e+00  0.00000e+00
      1263.22  0.00000e+00  0.00000e+00
      1263.54  0.00000e+00  0.00000e+00
      1263.86  0.00000e+00  0.00000e+00
      1264.17  1.37448e-08  3.79809e-11
      1264.49  1.41834e-08  3.36861e-11
      1264.81  1.76220e-08  2.56457e-11
      1265.13  3.06578e-08  3.18256e-11
      1265.45  4.43184e-08  3.92627e-11
      1265.77  3.99683e-08  3.78055e-11
      1266.10  2.40438e-08  2.94769e-11
      1266.42  1.43076e-08  2.38186e-11
      1266.74  1.25696e-08  2.26760e-11
      1267.06  1.59950e-08  2.47021e-11
      1267.38  2.82410e-08  3.17747e-11
      1267.70  4.44214e-08  4.91096e-11
      1268.02  4.89907e-08  5.96691e-11
      1268.34  4.89382e-08  6.81052e-11
      1268.67  4.80991e-08  6.60077e-11
      1268.99  4.61755e-08  5.02499e-11
      1269.31  3.73782e-08  3.81912e-11
      1269.63  2.69299e-08  3.26453e-11
      1269.95  2.31015e-08  3.00303e-11
      1270.28  2.61161e-08  3.19167e-11
      1270.60  3.51918e-08  4.25052e-11
      1270.92  4.69029e-08  4.97354e-11
      1271.25  4.88172e-08  5.00483e-11
      1271.57  4.81829e-08  5.25785e-11
      1271.89  3.23847e-08  3.65859e-11
      1272.22  1.71786e-08  2.80624e-11
      1272.54  1.24255e-08  3.34899e-11
      1272.86  1.16544e-08  3.96651e-11
      1273.19  1.15501e-08  4.07908e-11
      1273.51  1.97050e-08  4.26318e-11
      1273.84  1.97359e-08  4.09841e-11
      1274.16  2.00926e-08  3.27636e-11
      1274.49  2.40592e-08  2.78457e-11
      1274.81  3.51374e-08  4.14697e-11
      1275.14  4.13991e-08  4.88592e-11
      1275.46  4.13281e-08  5.32328e-11
      1275.79  3.20564e-08  3.46719e-11
      1276.11  2.34635e-08  2.79782e-11
      1276.44  2.76517e-08  3.08735e-11
      1276.76  3.75750e-08  4.05485e-11
      1277.09  4.40815e-08  4.58001e-11
      1277.42  4.22760e-08  4.51645e-11
      1277.74  2.91832e-08  3.95778e-11
      1278.07  1.79308e-08  2.59740e-11
      1278.40  1.18191e-08  2.19934e-11
      1278.72  9.48134e-09  1.98506e-11
      1279.05  9.31217e-09  1.92763e-11
      1279.38  1.18328e-08  2.08617e-11
      1279.71  1.62380e-08  2.41206e-11
      1280.03  2.05773e-08  2.78181e-11
      1280.36  1.92338e-08  2.72183e-11
      1280.69  2.02462e-08  2.92169e-11
      1281.02  2.52448e-08  3.42248e-11
      1281.34  2.97652e-08  5.01987e-11
      1281.67  3.10931e-08  6.24338e-11
      1282.00  3.12947e-08  6.46350e-11
      1282.33  5.82338e-08  7.08809e-11
      1282.66  5.85954e-08  6.41605e-11
      1282.99  6.01835e-08  4.63730e-11
      1283.32  5.82231e-08  4.37737e-11
      1283.65  4.30553e-08  3.84128e-11
      1283.98  2.54596e-08  3.01647e-11
      1284.31  1.64140e-08  2.51090e-11
      1284.64  1.29072e-08  2.23323e-11
      1284.97  1.24014e-08  2.27885e-11
      1285.30  1.31548e-08  2.40500e-11
      1285.63  1.22203e-08  2.30882e-11
      1285.96  1.16545e-08  2.02840e-11
      1286.29  1.47574e-08  2.83118e-11
      1286.62  2.34614e-08  3.79981e-11
      1286.95  2.08324e-08  2.87792e-11
      1287.28  2.20382e-08  3.34379e-11
      1287.61  3.79658e-08  4.61126e-11
      1287.95  4.85741e-08  5.83049e-11
      1288.28  4.77260e-08  4.91959e-11
      1288.61  4.75354e-08  4.14523e-11
      1288.94  4.74419e-08  4.40921e-11
      1289.27  4.06489e-08  5.48609e-11
      1289.61  3.81047e-08  6.51011e-11
      1289.94  2.85754e-08  4.26933e-11
      1290.27  1.57425e-08  3.93048e-11
      1290.61  1.47500e-08  2.80138e-11
      1290.94  1.12422e-08  1.99865e-11
      1291.27  8.76158e-09  1.72352e-11
      1291.61  1.01988e-08  1.82084e-11
      1291.94  1.57430e-08  2.29561e-11
      1292.27  2.45058e-08  2.90214e-11
      1292.61  3.25866e-08  3.54165e-11
      1292.94  2.50568e-08  3.03419e-11
      1293.28  2.13031e-08  2.79732e-11
      1293.61  2.65738e-08  3.13910e-11
      1293.95  3.19147e-08  3.31417e-11
      1294.28  3.97574e-08  4.90354e-11
      1294.62  4.12252e-08  4.59871e-11
      1294.95  4.07578e-08  4.48544e-11
      1295.29  4.11367e-08  3.95946e-11
      1295.62  3.66276e-08  3.85147e-11
      1295.96  2.87004e-08  3.44058e-11
      1296.29  2.52122e-08  3.32740e-11
      1296.63  2.46941e-08  4.44035e-11
      1296.97  2.46633e-08  5.30724e-11
      1297.30  5.69646e-08  6.53788e-11
      1297.64  5.67805e-08  5.58364e-11
      1297.98  4.81516e-08  3.95856e-11
      1298.31  3.37693e-08  3.34582e-11
      1298.65  2.14657e-08  2.72888e-11
      1298.99  1.76654e-08  2.48206e-11
      1299.33  2.63373e-08  3.00577e-11
      1299.66  4.13458e-08  3.72783e-11
      1300.00  4.58912e-08  3.82085e-11
      1300.34  4.17100e-08  3.78887e-11
      1300.68  3.45222e-08  3.80089e-11
      1301.02  3.16534e-08  3.62603e-11
      1301.35  4.76772e-08  4.16426e-11
      1301.69  5.58784e-08  4.56164e-11
      1302.03  5.37015e-08  4.48530e-11
      1302.37  4.81788e-08  4.11575e-11
      1302.71  5.39749e-08  4.39635e-11
      1303.05  5.85086e-08  4.51351e-11
      1303.39  6.41302e-08  5.09669e-11
      1303.73  6.85978e-08  7.57823e-11
      1304.07  6.94316e-08  8.48518e-11
      1304.41  7.04450e-08  7.85011e-11
      1304.75  7.03157e-08  5.98975e-11
      1305.09  7.17387e-08  4.89676e-11
      1305.43  8.09669e-08  5.20424e-11
      1305.77  8.93051e-08  6.53758e-11
      1306.11  8.74980e-08  6.46973e-11
      1306.46  6.36322e-08  4.46917e-11
      1306.80  3.64132e-08  3.39855e-11
      1307.14  2.42166e-08  3.47864e-11
      1307.48  1.57233e-08  2.94400e-11
      1307.82  1.36085e-08  2.35539e-11
      1308.16  1.36349e-08  2.30533e-11
      1308.51  1.54658e-08  2.45067e-11
      1308.85  1.41155e-08  2.78589e-11
      1309.19  9.85269e-09  2.94566e-11
      1309.53  9.08374e-09  2.28482e-11
      1309.88  8.77954e-09  2.37232e-11
      1310.22  8.67715e-09  3.06690e-11
      1310.56  1.37689e-08  2.63346e-11
      1310.91  2.29979e-08  3.43346e-11
      1311.25  3.21615e-08  3.31391e-11
      1311.60  3.16090e-08  3.17405e-11
      1311.94  2.03293e-08  2.47815e-11
      1312.28  1.20780e-08  1.96067e-11
      1312.63  8.70687e-09  1.76143e-11
      1312.97  7.72247e-09  1.72773e-11
      1313.32  1.00625e-08  1.96413e-11
      1313.66  1.46964e-08  2.42516e-11
      1314.01  1.27427e-08  2.23058e-11
      1314.35  8.64766e-09  2.17329e-11
      1314.70  6.37247e-09  1.92678e-11
      1315.05  6.41008e-09  1.64592e-11
      1315.39  7.12572e-09  1.73988e-11
      1315.74  8.80554e-09  1.97446e-11
      1316.08  1.16924e-08  2.47725e-11
      1316.43  1.36528e-08  3.82390e-11
      1316.78  2.67400e-08  3.58625e-11
      1317.12  2.72708e-08  3.26671e-11
      1317.47  1.49293e-08  2.15812e-11
      1317.82  9.86617e-09  1.78552e-11
      1318.17  1.02663e-08  1.82341e-11
      1318.51  1.63127e-08  2.39640e-11
      1318.86  1.96411e-08  2.73847e-11
      1319.21  1.31757e-08  2.24269e-11
      1319.56  8.26506e-09  1.98514e-11
      1319.91  8.22652e-09  1.96864e-11
      1320.25  8.78369e-09  2.01915e-11
      1320.60  8.88065e-09  1.82132e-11
      1320.95  1.05294e-08  2.00083e-11
      1321.30  1.43329e-08  2.33659e-11
      1321.65  2.52449e-08  3.14326e-11
      1322.00  4.07007e-08  4.26975e-11
      1322.35  3.96015e-08  4.95580e-11
      1322.70  3.58013e-08  6.23878e-11
      1323.05  1.47380e-08  2.77766e-11
      1323.40  1.61467e-08  2.31304e-11
      1323.75  1.86054e-08  2.42166e-11
      1324.10  1.89430e-08  2.52503e-11
      1324.45  1.45282e-08  2.24574e-11
      1324.80  1.09156e-08  2.03985e-11
      