227
      1249.95  2.23578e-08  3.74419e-11
      1250.27  1.18979e-08  2.64722e-11
      1250.58  4.50288e-09  1.73715e-11
      1250.89  3.18362e-09  1.52041e-11
      1251.20  4.04906e-09  1.40191e-11
      1251.52  5.93286e-09  1.54617e-11
      1251.83  9.92800e-09  1.94445e-11
      1252.14  1.29809e-08  2.20006e-11
      1252.46  1.27528e-08  2.15509e-11
      1252.77  1.19148e-08  1.96228e-11
      1253.09  1.82026e-08  2.22809e-11
      1253.40  3.22588e-08  2.87764e-11
      1253.71  3.91405e-08  3.17095e-11
      1254.03  2.55615e-08  2.54004e-11
      1254.34  1.38556e-08  1.94427e-11
      1254.66  1.61561e-08  2.18988e-11
      1254.97  2.35434e-08  2.79480e-11
      1255.29  1.67559e-08  2.32681e-11
      1255.60  8.63258e-09  1.68714e-11
      1255.92  9.10929e-09  1.73956e-11
      1256.23  1.37683e-08  2.25762e-11
      1256.55  2.18108e-08  3.31259e-11
      1256.87  1.64784e-08  2.86223e-11
      1257.18  8.38085e-09  2.17048e-11
      1257.50  6.12142e-09  2.01299e-11
      1257.81  6.79353e-09  2.14970e-11
      1258.13  8.36118e-09  2.38743e-11
      1258.45  8.54131e-09  2.31126e-11
      1258.76  9.09823e-09  2.24576e-11
      1259.08  1.49409e-08  2.62750e-11
      1259.40  2.80663e-08  3.49800e-11
      1259.72  3.68925e-08  4.07986e-11
      1260.03  2.90831e-08  3.59998e-11
      1260.35  2.22742e-08  3.18802e-11
      1260.67  2.70089e-08  3.73337e-11
      1260.99  2.56598e-08  3.64590e-11
      1261.30  2.12526e-08  3.18328e-11
      1261.62  2.50566e-08  3.45334e-11
      1261.94  2.66103e-08  3.35565e-11
      1262.26  2.67890e-08  3.36880e-11
      1262.58  2.12660e-08  2.91297e-11
      1262.90  2.23233e-08  2.97634e-11
      1263.22  3.17209e-08  3.29132e-11
      1263.54  2.70918e-08  2.67823e-11
      1263.86  1.84845e-08  2.16912e-11
      1264.17  1.48358e-08  1.96315e-11
      1264.49  1.12510e-08  1.63724e-11
      1264.81  1.18010e-08  1.56239e-11
      1265.13  2.13103e-08  2.02718e-11
      1265.45  3.17340e-08  2.49255e-11
      1265.77  2.89138e-08  2.41925e-11
      1266.10  1.69152e-08  1.89283e-11
      1266.42  9.47316e-09  1.51960e-11
      1266.74  8.12045e-09  1.48767e-11
      1267.06  1.02850e-08  1.66794e-11
      1267.38  1.84338e-08  2.46269e-11
      1267.70  3.33404e-08  3.61762e-11
      1268.02  3.65032e-08  3.60668e-11
      1268.34  3.59335e-08  3.60719e-11
      1268.67  3.33444e-08  3.50131e-11
      1268.99  3.24883e-08  3.62480e-11
      1269.31  2.63681e-08  3.35504e-11
      1269.63  1.83821e-08  2.83918e-11
      1269.95  1.55154e-08  2.62352e-11
      1270.28  1.81845e-08  2.69867e-11
      1270.60  2.77579e-08  3.25464e-11
      1270.92  3.33133e-08  3.44255e-11
      1271.25  3.59533e-08  3.54683e-11
      1271.57  3.53356e-08  3.64125e-11
      1271.89  2.28779e-08  2.97155e-11
      1272.22  1.12451e-08  2.19987e-11
      1272.54  7.26407e-09  1.90825e-11
      1272.86  6.14626e-09  1.79385e-11
      1273.19  5.78116e-09  1.42303e-11
      1273.51  6.75892e-09  1.26573e-11
      1273.84  9.91667e-09  1.41941e-11
      1274.16  1.29818e-08  1.58195e-11
      1274.49  1.65000e-08  1.73901e-11
      1274.81  2.69708e-08  2.30711e-11
      1275.14  3.62396e-08  2.75834e-11
      1275.46  3.33570e-08  2.69406e-11
      1275.79  2.31950e-08  2.26374e-11
      1276.11  1.60870e-08  1.84497e-11
      1276.44  1.91776e-08  1.99758e-11
      1276.76  2.94674e-08  2.92652e-11
      1277.09  3.21779e-08  3.31717e-11
      1277.42  3.24928e-08  3.50665e-11
      1277.74  2.36450e-08  3.04172e-11
      1278.07  1.20373e-08  2.26569e-11
      1278.40  7.59639e-09  1.95205e-11
      1278.72  5.99303e-09  1.80126e-11
      1279.05  5.82864e-09  1.69358e-11
      1279.38  7.56987e-09  1.79719e-11
      1279.71  1.07303e-08  2.02088e-11
      1280.03  1.41808e-08  2.32668e-11
      1280.36  1.28997e-08  2.21391e-11
      1280.69  1.35492e-08  2.37965e-11
      1281.02  1.73385e-08  2.73741e-11
      1281.34  2.46898e-08  3.29950e-11
      1281.67  2.99047e-08  3.43336e-11
      1282.00  2.33188e-08  2.40592e-11
      1282.33  2.39551e-08  2.16441e-11
      1282.66  3.56817e-08  2.55945e-11
      1282.99  4.40280e-08  2.80206e-11
      1283.32  4.38130e-08  2.85615e-11
      1283.65  3.18751e-08  2.49766e-11
      1283.98  1.79852e-08  1.96302e-11
      1284.31  1.11307e-08  1.64607e-11
      1284.64  8.54633e-09  1.50908e-11
      1284.97  8.23062e-09  1.65166e-11
      1285.30  9.74956e-09  2.04883e-11
      1285.63  8.35763e-09  1.83393e-11
      1285.96  7.68015e-09  1.75336e-11
      1286.29  1.11631e-08  2.11424e-11
      1286.62  1.53142e-08  2.59769e-11
      1286.95  1.43388e-08  2.50627e-11
      1287.28  1.73653e-08  2.74291e-11
      1287.61  2.88861e-08  3.58471e-11
      1287.95  3.39762e-08  3.70095e-11
      1288.28  3.40636e-08  3.57675e-11
      1288.61  3.40773e-08  3.44895e-11
      1288.94  3.35556e-08  3.46736e-11
      1289.27  2.50457e-08  2.99911e-11
      1289.61  1.96486e-08  2.57207e-11
      1289.94  1.61305e-08  2.05031e-11
      1290.27  1.15395e-08  1.67254e-11
      1290.61  9.83130e-09  1.56597e-11
      1290.94  7.57479e-09  1.33547e-11
      1291.27  5.73506e-09  1.12414e-11
      1291.61  6.61276e-09  1.15837e-11
      1291.94  1.03913e-08  1.45038e-11
      1292.27  1.67334e-08  1.87829e-11
      1292.61  2.26564e-08  2.52753e-11
      1292.94  1.77172e-08  2.66933e-11
      1293.28  1.42582e-08  2.51555e-11
      1293.61  1.80468e-08  2.82405e-11
      1293.95  2.23616e-08  2.96732e-11
      1294.28  3.08292e-08  3.37054e-11
      1294.62  3.45021e-08  3.52385e-11
      1294.95  3.02942e-08  3.26940e-11
      1295.29  2.90428e-08  3.33186e-11
      1295.62  2.57110e-08  3.24110e-11
      1295.96  1.97057e-08  2.88566e-11
      1296.29  1.72353e-08  2.75810e-11
      1296.63  1.79376e-08  2.74395e-11
      1296.97  2.24974e-08  2.60461e-11
      1297.30  3.15680e-08  2.49612e-11
      1297.64  4.03940e-08  2.73017e-11
      1297.98  3.58163e-08  2.55333e-11
      1298.31  2.42725e-08  2.15360e-11
      1298.65  1.47632e-08  1.74545e-11
      1298.99  1.14724e-08  1.58899e-11
      1299.33  1.74034e-08  1.99633e-11
      1299.66  2.83217e-08  2.91950e-11
      1300.00  3.28741e-08  3.44237e-11
      1300.34  2.93255e-08  3.22844e-11
      1300.68  2.08647e-08  2.67256e-11
      1301.02  2.06733e-08  2.67511e-11
      1301.35  3.46307e-08  3.70288e-11
      1301.69  4.06335e-08  4.01862e-11
      1302.03  3.92170e-08  4.01240e-11
      1302.37  3.43514e-08  3.60721e-11
      1302.71  3.93732e-08  3.84016e-11
      1303.05  4.25808e-08  3.81652e-11
      1303.39  4.80149e-08  4.00409e-11
      1303.73  5.18281e-08  3.86857e-11
      1304.07  4.88739e-08  3.16420e-11
      1304.41  5.00994e-08  3.12723e-11
      1304.75  5.25182e-08  3.23243e-11
      1305.09  5.41459e-08  3.24883e-11
      1305.43  6.15504e-08  3.43245e-11
      1305.77  7.00060e-08  3.60445e-11
      1306.11  6.97957e-08  3.87980e-11
      1306.46  4.94115e-08  3.85419e-11
      1306.80  2.66573e-08  3.03934e-11
      1307.14  1.57338e-08  2.46570e-11
      1307.48  1.12204e-08  2.19649e-11
      1307.82  9.10886e-09  2.04451e-11
      1308.16  9.06165e-09  2.01401e-11
      1308.51  1.02517e-08  2.11530e-11
      1308.85  8.61579e-09  1.87102e-11
      1309.19  6.45768e-09  1.62461e-11
      1309.53  5.89425e-09  1.60300e-11
      1309.88  5.78162e-09  1.61110e-11
      1310.22  6.31526e-09  1.50147e-11
      1310.56  8.06977e-09  1.43350e-11
      1310.91  1.34953e-08  1.70470e-11
      1311.25  2.27920e-08  2.17169e-11
      1311.60  2.34054e-08  2.13958e-11
      1311.94  1.47938e-08  1.65906e-11
      1312.28  8.26743e-09  1.28575e-11
      1312.63  5.83063e-09  1.29549e-11
      1312.97  4.92459e-09  1.49708e-11
      1313.32  6.41012e-09  1.74427e-11
      1313.66  1.01947e-08  2.25601e-11
      1314.01  8.69411e-09  2.01299e-11
      1314.35  5.13599e-09  1.54335e-11
      1314.70  4.00997e-09  1.37312e-11
      1315.05  3.98609e-09  1.35204e-11
      1315.39  4.49178e-09  1.42941e-11
      1315.74  5.65568e-09  1.61875e-11
      1316.08  8.27033e-09  1.91957e-11
      1316.43  1.56721e-08  2.55230e-11
      1316.78  2.60953e-08  2.85872e-11
      1317.12  2.05418e-08  2.11218e-11
      1317.47  1.08072e-08  1.46337e-11
      1317.82  6.76030e-09  1.16804e-11
      1318.17  6.92167e-09  1.18150e-11
      1318.51  1.08478e-08  1.57939e-11
      1318.86  1.30590e-08  2.15391e-11
      1319.21  9.05725e-09  2.06486e-11
      1319.56  5.60175e-09  1.68613e-11
      1319.91  5.61895e-09  1.73464e-11
      1320.25  5.71667e-09  1.67536e-11
      1320.60  5.74289e-09  1.58472e-11
      1320.95  6.88880e-09  1.67246e-11
      1321.30  9.63422e-09  1.95031e-11
      1321.65  1.74687e-08  2.57292e-11
      1322.00  2.92792e-08  3.53826e-11
      1322.35  2.63809e-08  3.36067e-11
      1322.70  1.39775e-08  2.03693e-11
      1323.05  1.00068e-08  1.48241e-11
      1323.40  1.09781e-08  1.48016e-11
      1323.75  1.28640e-08  1.56724e-11
      1324.10  1.33396e-08  1.62813e-11
      1324.45  1.01601e-08  1.52688e-11
      1324.80  7.29876e-09  1.67033e-11
      