227
      1249.95  3.30593e-08  2.94009e-11
      1250.27  1.80486e-08  2.08387e-11
      1250.58  7.19326e-09  1.34343e-11
      1250.89  5.19079e-09  1.22705e-11
      1251.20  6.44922e-09  1.38318e-11
      1251.52  9.18810e-09  1.65026e-11
      1251.83  1.47263e-08  2.12723e-11
      1252.14  1.92666e-08  2.44637e-11
      1252.46  1.92189e-08  2.42859e-11
      1252.77  1.81825e-08  2.27363e-11
      1253.09  2.65766e-08  2.59430e-11
      1253.40  4.54161e-08  3.34491e-11
      1253.71  5.49561e-08  3.70868e-11
      1254.03  3.71704e-08  3.03846e-11
      1254.34  2.07741e-08  2.32036e-11
      1254.66  2.37147e-08  2.61611e-11
      1254.97  3.37811e-08  3.32247e-11
      1255.29  2.50669e-08  2.81428e-11
      1255.60  1.32687e-08  1.99588e-11
      1255.92  1.41087e-08  2.02466e-11
      1256.23  2.17284e-08  2.33825e-11
      1256.55  3.20931e-08  2.88028e-11
      1256.87  2.50576e-08  2.49195e-11
      1257.18  1.31665e-08  1.85413e-11
      1257.50  9.90415e-09  1.71219e-11
      1257.81  1.07797e-08  1.81018e-11
      1258.13  1.30685e-08  2.00740e-11
      1258.45  1.35050e-08  1.95792e-11
      1258.76  1.43238e-08  1.87572e-11
      1259.08  2.24086e-08  2.16602e-11
      1259.40  4.02482e-08  2.84747e-11
      1259.72  5.27137e-08  3.28943e-11
      1260.03  4.22901e-08  2.90788e-11
      1260.35  3.22610e-08  2.55175e-11
      1260.67  3.90876e-08  2.96827e-11
      1260.99  3.77146e-08  2.88836e-11
      1261.30  3.10195e-08  2.47742e-11
      1261.62  3.65260e-08  2.66973e-11
      1261.94  3.86297e-08  2.59854e-11
      1262.26  3.89566e-08  2.59986e-11
      1262.58  3.09845e-08  2.26183e-11
      1262.90  3.11158e-08  2.30478e-11
      1263.22  4.41120e-08  2.97344e-11
      1263.54  3.87886e-08  2.82539e-11
      1263.86  2.67511e-08  2.36979e-11
      1264.17  2.20537e-08  2.20823e-11
      1264.49  1.70054e-08  1.88085e-11
      1264.81  1.73878e-08  1.80792e-11
      1265.13  3.03947e-08  2.36757e-11
      1265.45  4.51192e-08  2.94025e-11
      1265.77  4.15184e-08  2.88396e-11
      1266.10  2.46531e-08  2.26958e-11
      1266.42  1.43426e-08  1.82036e-11
      1266.74  1.25321e-08  1.77591e-11
      1267.06  1.57794e-08  1.91939e-11
      1267.38  2.80021e-08  2.41617e-11
      1267.70  4.79424e-08  3.13500e-11
      1268.02  5.17575e-08  3.09580e-11
      1268.34  5.14270e-08  3.09333e-11
      1268.67  4.72670e-08  2.94529e-11
      1268.99  4.68052e-08  3.06174e-11
      1269.31  3.83773e-08  2.80659e-11
      1269.63  2.71750e-08  2.36820e-11
      1269.95  2.32250e-08  2.16930e-11
      1270.28  2.62118e-08  2.15365e-11
      1270.60  4.02494e-08  2.64463e-11
      1270.92  4.74789e-08  2.72904e-11
      1271.25  5.10820e-08  2.78127e-11
      1271.57  5.11057e-08  2.85249e-11
      1271.89  3.27196e-08  2.28745e-11
      1272.22  1.66995e-08  1.71209e-11
      1272.54  1.13619e-08  1.49368e-11
      1272.86  9.63339e-09  1.40745e-11
      1273.19  8.99524e-09  1.34128e-11
      1273.51  1.02460e-08  1.35798e-11
      1273.84  1.48771e-08  1.59495e-11
      1274.16  1.92448e-08  1.81073e-11
      1274.49  2.33419e-08  1.97312e-11
      1274.81  3.81578e-08  2.69821e-11
      1275.14  5.11969e-08  3.28150e-11
      1275.46  4.69354e-08  3.21341e-11
      1275.79  3.30527e-08  2.69129e-11
      1276.11  2.32642e-08  2.19364e-11
      1276.44  2.79989e-08  2.28500e-11
      1276.76  4.39402e-08  2.91584e-11
      1277.09  4.54167e-08  2.82865e-11
      1277.42  4.66949e-08  3.03815e-11
      1277.74  3.38268e-08  2.57868e-11
      1278.07  1.81769e-08  1.94593e-11
      1278.40  1.19045e-08  1.64830e-11
      1278.72  9.46413e-09  1.47974e-11
      1279.05  9.29133e-09  1.39696e-11
      1279.38  1.18967e-08  1.48279e-11
      1279.71  1.63976e-08  1.63624e-11
      1280.03  2.08754e-08  1.85719e-11
      1280.36  1.92567e-08  1.73307e-11
      1280.69  2.04763e-08  1.85980e-11
      1281.02  2.58744e-08  2.13711e-11
      1281.34  3.53166e-08  2.56032e-11
      1281.67  4.12253e-08  2.82235e-11
      1282.00  3.38630e-08  2.44619e-11
      1282.33  3.47335e-08  2.38516e-11
      1282.66  4.91057e-08  2.83595e-11
      1282.99  5.98020e-08  3.15438e-11
      1283.32  5.92108e-08  3.25123e-11
      1283.65  4.42674e-08  2.92463e-11
      1283.98  2.65262e-08  2.34688e-11
      1284.31  1.69696e-08  1.97640e-11
      1284.64  1.31930e-08  1.77364e-11
      1284.97  1.28946e-08  1.69935e-11
      1285.30  1.46416e-08  1.75484e-11
      1285.63  1.29865e-08  1.58906e-11
      1285.96  1.21249e-08  1.50766e-11
      1286.29  1.67514e-08  1.78384e-11
      1286.62  2.22430e-08  2.12006e-11
      1286.95  2.15501e-08  2.07695e-11
      1287.28  2.56141e-08  2.22171e-11
      1287.61  4.03234e-08  2.80137e-11
      1287.95  4.78810e-08  2.91264e-11
      1288.28  4.81363e-08  2.74267e-11
      1288.61  4.82128e-08  2.66146e-11
      1288.94  4.71124e-08  2.66409e-11
      1289.27  3.60798e-08  2.35033e-11
      1289.61  2.84436e-08  2.22125e-11
      1289.94  2.39779e-08  2.16840e-11
      1290.27  1.73934e-08  1.89937e-11
      1290.61  1.48144e-08  1.79175e-11
      1290.94  1.16832e-08  1.59635e-11
      1291.27  8.89021e-09  1.34188e-11
      1291.61  1.01559e-08  1.39849e-11
      1291.94  1.56432e-08  1.73203e-11
      1292.27  2.44442e-08  2.19744e-11
      1292.61  3.29120e-08  2.68674e-11
      1292.94  2.61841e-08  2.38291e-11
      1293.28  2.12264e-08  2.14447e-11
      1293.61  2.69502e-08  2.42205e-11
      1293.95  3.22854e-08  2.46421e-11
      1294.28  4.39377e-08  2.76095e-11
      1294.62  4.93976e-08  2.85746e-11
      1294.95  4.29354e-08  2.57991e-11
      1295.29  4.20297e-08  2.64583e-11
      1295.62  3.75529e-08  2.53327e-11
      1295.96  2.89388e-08  2.25416e-11
      1296.29  2.55723e-08  2.14425e-11
      1296.63  2.64141e-08  2.14046e-11
      1296.97  3.08862e-08  2.23814e-11
      1297.30  4.33675e-08  2.61113e-11
      1297.64  5.65803e-08  3.05790e-11
      1297.98  5.00365e-08  2.90303e-11
      1298.31  3.49191e-08  2.55005e-11
      1298.65  2.18049e-08  2.08830e-11
      1298.99  1.73087e-08  1.90706e-11
      1299.33  2.58805e-08  2.33067e-11
      1299.66  4.22297e-08  2.98667e-11
      1300.00  4.67922e-08  2.97314e-11
      1300.34  4.19941e-08  2.74860e-11
      1300.68  3.06490e-08  2.28759e-11
      1301.02  3.09128e-08  2.27654e-11
      1301.35  4.83647e-08  2.98710e-11
      1301.69  5.65521e-08  3.21093e-11
      1302.03  5.45635e-08  3.16533e-11
      1302.37  4.92726e-08  2.86018e-11
      1302.71  5.46483e-08  2.94945e-11
      1303.05  5.93844e-08  2.94866e-11
      1303.39  6.58798e-08  3.09791e-11
      1303.73  6.96775e-08  3.26350e-11
      1304.07  6.65688e-08  3.28131e-11
      1304.41  6.77420e-08  3.48879e-11
      1304.75  7.08105e-08  3.68968e-11
      1305.09  7.31422e-08  3.77761e-11
      1305.43  8.18746e-08  3.96731e-11
      1305.77  9.21450e-08  4.15015e-11
      1306.11  9.05722e-08  4.04275e-11
      1306.46  6.66587e-08  3.42883e-11
      1306.80  3.85227e-08  2.63078e-11
      1307.14  2.34619e-08  2.11738e-11
      1307.48  1.71175e-08  1.87238e-11
      1307.82  1.40092e-08  1.69985e-11
      1308.16  1.37472e-08  1.63982e-11
      1308.51  1.55072e-08  1.68918e-11
      1308.85  1.32178e-08  1.47076e-11
      1309.19  9.99603e-09  1.25371e-11
      1309.53  9.19358e-09  1.23499e-11
      1309.88  9.00799e-09  1.25659e-11
      1310.22  9.53579e-09  1.33531e-11
      1310.56  1.16471e-08  1.53784e-11
      1310.91  1.75420e-08  1.94027e-11
      1311.25  3.51095e-08  2.93414e-11
      1311.60  3.34239e-08  2.53176e-11
      1311.94  2.09809e-08  1.93084e-11
      1312.28  1.21283e-08  1.50133e-11
      1312.63  8.72930e-09  1.34153e-11
      1312.97  7.60756e-09  1.31044e-11
      1313.32  9.78421e-09  1.46961e-11
      1313.66  1.52382e-08  1.88750e-11
      1314.01  1.29621e-08  1.65831e-11
      1314.35  8.12309e-09  1.26278e-11
      1314.70  6.42688e-09  1.08990e-11
      1315.05  6.34996e-09  1.05593e-11
      1315.39  7.09890e-09  1.11252e-11
      1315.74  8.82414e-09  1.24739e-11
      1316.08  1.27661e-08  1.51668e-11
      1316.43  2.29270e-08  2.06574e-11
      1316.78  3.50917e-08  2.66739e-11
      1317.12  2.92028e-08  2.38969e-11
      1317.47  1.60630e-08  1.71329e-11
      1317.82  1.03322e-08  1.40108e-11
      1318.17  1.05563e-08  1.41764e-11
      1318.51  1.60519e-08  1.80619e-11
      1318.86  1.93751e-08  2.06868e-11
      1319.21  1.39598e-08  1.77270e-11
      1319.56  8.71635e-09  1.41019e-11
      1319.91  8.65272e-09  1.40756e-11
      1320.25  8.89648e-09  1.35360e-11
      1320.60  8.91638e-09  1.26499e-11
      1320.95  1.05063e-08  1.32444e-11
      1321.30  1.42759e-08  1.50493e-11
      1321.65  2.46298e-08  1.97785e-11
      1322.00  4.18780e-08  2.78470e-11
      1322.35  3.75881e-08  2.66496e-11
      1322.70  2.12550e-08  2.00966e-11
      1323.05  1.46466e-08  1.67455e-11
      1323.40  1.61575e-08  1.74663e-11
      1323.75  1.88411e-08  1.86995e-11
      1324.10  1.96812e-08  1.95083e-11
      1324.45  1.48031e-08  1.71266e-11
      1324.80  1.10605e-08  1.57040e-11
      