227
      1249.95  1.83052e-08  1.83370e-11
      1250.27  9.62695e-09  1.28369e-11
      1250.58  3.46346e-09  8.27450e-12
      1250.89  2.34621e-09  7.70618e-12
      1251.20  3.02147e-09  8.57680e-12
      1251.52  4.57960e-09  1.01049e-11
      1251.83  7.61805e-09  1.27413e-11
      1252.14  1.02000e-08  1.44614e-11
      1252.46  1.01644e-08  1.39354e-11
      1252.77  9.47343e-09  1.26705e-11
      1253.09  1.45565e-08  1.44324e-11
      1253.40  2.62163e-08  1.86063e-11
      1253.71  3.22547e-08  2.04085e-11
      1254.03  2.12711e-08  1.62481e-11
      1254.34  1.11477e-08  1.19745e-11
      1254.66  1.28392e-08  1.33352e-11
      1254.97  1.89544e-08  1.68866e-11
      1255.29  1.37020e-08  1.41589e-11
      1255.60  6.78308e-09  9.93507e-12
      1255.92  7.11338e-09  9.93194e-12
      1256.23  1.15557e-08  1.14198e-11
      1256.55  1.77996e-08  1.43234e-11
      1256.87  1.34226e-08  1.26821e-11
      1257.18  6.34048e-09  9.27866e-12
      1257.50  4.76772e-09  8.49659e-12
      1257.81  5.27935e-09  9.12282e-12
      1258.13  6.52439e-09  1.00542e-11
      1258.45  6.70142e-09  1.00725e-11
      1258.76  7.08301e-09  9.73625e-12
      1259.08  1.17855e-08  1.15125e-11
      1259.40  2.27219e-08  1.58941e-11
      1259.72  3.05341e-08  1.89119e-11
      1260.03  2.40443e-08  1.68765e-11
      1260.35  1.79628e-08  1.48601e-11
      1260.67  2.20968e-08  1.75353e-11
      1260.99  2.11179e-08  1.73285e-11
      1261.30  1.72060e-08  1.51310e-11
      1261.62  2.04254e-08  1.66323e-11
      1261.94  2.18143e-08  1.63090e-11
      1262.26  2.20192e-08  1.63884e-11
      1262.58  1.70652e-08  1.40000e-11
      1262.90  1.74609e-08  1.40733e-11
      1263.22  2.56646e-08  1.81165e-11
      1263.54  2.23291e-08  1.69995e-11
      1263.86  1.47900e-08  1.39085e-11
      1264.17  1.08949e-08  1.32335e-11
      1264.49  8.21137e-09  1.08039e-11
      1264.81  9.17843e-09  9.80933e-12
      1265.13  1.70860e-08  1.27575e-11
      1265.45  2.61267e-08  1.58100e-11
      1265.77  2.39761e-08  1.52515e-11
      1266.10  1.33935e-08  1.24245e-11
      1266.42  6.77917e-09  9.38043e-12
      1266.74  6.25965e-09  8.64620e-12
      1267.06  8.11577e-09  9.35006e-12
      1267.38  1.55720e-08  1.20020e-11
      1267.70  2.78084e-08  1.58558e-11
      1268.02  2.98600e-08  1.60205e-11
      1268.34  2.67478e-08  1.67342e-11
      1268.67  2.62600e-08  1.58741e-11
      1268.99  2.69279e-08  1.63124e-11
      1269.31  2.17149e-08  1.50962e-11
      1269.63  1.47678e-08  1.28110e-11
      1269.95  1.23639e-08  1.18865e-11
      1270.28  1.43846e-08  1.22597e-11
      1270.60  2.29447e-08  1.54244e-11
      1270.92  2.74827e-08  1.65582e-11
      1271.25  2.98458e-08  1.72013e-11
      1271.57  2.98288e-08  1.78074e-11
      1271.89  1.88450e-08  1.44216e-11
      1272.22  8.94571e-09  1.05074e-11
      1272.54  5.55473e-09  9.49262e-12
      1272.86  4.27966e-09  8.68485e-12
      1273.19  4.38446e-09  7.86662e-12
      1273.51  5.18646e-09  7.82046e-12
      1273.84  7.83311e-09  9.01709e-12
      1274.16  1.03899e-08  1.00793e-11
      1274.49  1.29045e-08  1.09746e-11
      1274.81  1.99176e-08  1.52582e-11
      1275.14  2.85065e-08  1.85435e-11
      1275.46  2.75924e-08  1.69859e-11
      1275.79  1.88487e-08  1.36506e-11
      1276.11  1.26077e-08  1.06621e-11
      1276.44  1.49454e-08  1.12454e-11
      1276.76  2.42073e-08  1.50560e-11
      1277.09  2.62639e-08  1.43924e-11
      1277.42  2.72829e-08  1.54034e-11
      1277.74  1.95468e-08  1.33773e-11
      1278.07  9.59162e-09  9.88833e-12
      1278.40  5.94501e-09  8.54974e-12
      1278.72  4.63057e-09  7.88369e-12
      1279.05  4.50581e-09  7.57828e-12
      1279.38  5.90756e-09  8.19271e-12
      1279.71  8.39495e-09  9.42958e-12
      1280.03  1.00789e-08  1.16211e-11
      1280.36  9.68751e-09  1.07745e-11
      1280.69  1.09198e-08  1.12146e-11
      1281.02  1.40754e-08  1.29112e-11
      1281.34  2.00627e-08  1.56612e-11
      1281.67  2.45347e-08  1.76428e-11
      1282.00  1.93167e-08  1.45504e-11
      1282.33  1.94478e-08  1.36901e-11
      1282.66  2.92131e-08  1.64362e-11
      1282.99  3.64584e-08  1.80741e-11
      1283.32  3.64633e-08  1.82700e-11
      1283.65  2.64530e-08  1.57591e-11
      1283.98  1.47675e-08  1.20116e-11
      1284.31  8.90110e-09  9.75893e-12
      1284.64  6.72341e-09  8.57605e-12
      1284.97  6.44674e-09  8.26606e-12
      1285.30  7.11055e-09  8.94407e-12
      1285.63  6.50135e-09  7.91491e-12
      1285.96  6.06190e-09  7.51833e-12
      1286.29  8.85035e-09  9.39364e-12
      1286.62  1.22973e-08  1.16765e-11
      1286.95  1.15618e-08  1.15068e-11
      1287.28  1.39670e-08  1.28606e-11
      1287.61  2.35846e-08  1.70277e-11
      1287.95  2.78735e-08  1.81192e-11
      1288.28  2.80506e-08  1.75329e-11
      1288.61  2.83605e-08  1.68550e-11
      1288.94  2.82104e-08  1.72443e-11
      1289.27  2.07937e-08  1.46786e-11
      1289.61  1.59549e-08  1.34362e-11
      1289.94  1.25864e-08  1.32448e-11
      1290.27  8.34196e-09  1.13133e-11
      1290.61  7.81091e-09  9.71503e-12
      1290.94  6.04274e-09  8.25992e-12
      1291.27  4.51999e-09  6.88282e-12
      1291.61  5.14951e-09  7.01219e-12
      1291.94  8.13875e-09  8.42296e-12
      1292.27  1.32888e-08  1.07675e-11
      1292.61  1.84380e-08  1.33750e-11
      1292.94  1.42642e-08  1.17766e-11
      1293.28  1.12840e-08  1.05950e-11
      1293.61  1.44080e-08  1.20926e-11
      1293.95  1.78996e-08  1.30066e-11
      1294.28  2.53503e-08  1.53237e-11
      1294.62  2.85598e-08  1.64693e-11
      1294.95  2.47536e-08  1.53633e-11
      1295.29  2.39097e-08  1.58534e-11
      1295.62  2.11267e-08  1.54724e-11
      1295.96  1.59386e-08  1.38121e-11
      1296.29  1.38713e-08  1.31812e-11
      1296.63  1.45375e-08  1.28151e-11
      1296.97  1.74650e-08  1.31148e-11
      1297.30  2.54002e-08  1.52265e-11
      1297.64  3.34747e-08  1.75590e-11
      1297.98  2.95614e-08  1.62748e-11
      1298.31  1.90522e-08  1.42037e-11
      1298.65  1.05448e-08  1.11183e-11
      1298.99  8.95952e-09  9.32320e-12
      1299.33  1.40929e-08  1.12761e-11
      1299.66  2.42724e-08  1.47519e-11
      1300.00  2.72626e-08  1.50504e-11
      1300.34  2.41324e-08  1.41123e-11
      1300.68  1.70900e-08  1.18451e-11
      1301.02  1.69244e-08  1.20637e-11
      1301.35  2.83034e-08  1.73889e-11
      1301.69  3.36720e-08  1.92340e-11
      1302.03  3.27680e-08  1.94079e-11
      1302.37  2.90274e-08  1.75200e-11
      1302.71  3.30533e-08  1.87556e-11
      1303.05  3.60886e-08  1.86644e-11
      1303.39  4.06382e-08  1.98386e-11
      1303.73  4.16389e-08  2.18705e-11
      1304.07  3.88483e-08  2.10935e-11
      1304.41  4.17526e-08  2.05557e-11
      1304.75  4.40163e-08  2.10913e-11
      1305.09  4.55311e-08  2.09138e-11
      1305.43  5.19068e-08  2.15131e-11
      1305.77  5.95498e-08  2.21762e-11
      1306.11  5.88720e-08  2.17798e-11
      1306.46  4.17805e-08  1.80172e-11
      1306.80  2.24678e-08  1.33164e-11
      1307.14  1.27840e-08  1.07433e-11
      1307.48  8.95271e-09  9.76112e-12
      1307.82  7.20513e-09  9.17830e-12
      1308.16  7.14852e-09  9.27286e-12
      1308.51  8.18731e-09  9.79437e-12
      1308.85  6.95621e-09  8.73582e-12
      1309.19  4.87488e-09  7.84723e-12
      1309.53  4.14068e-09  7.99277e-12
      1309.88  4.52910e-09  7.72587e-12
      1310.22  4.93797e-09  7.97684e-12
      1310.56  6.31081e-09  8.81790e-12
      1310.91  1.07294e-08  1.07338e-11
      1311.25  1.86990e-08  1.36900e-11
      1311.60  1.93322e-08  1.32666e-11
      1311.94  1.19998e-08  9.98201e-12
      1312.28  6.52609e-09  7.65289e-12
      1312.63  4.48977e-09  6.68633e-12
      1312.97  3.82727e-09  6.58024e-12
      1313.32  4.95113e-09  7.56800e-12
      1313.66  8.14552e-09  9.89623e-12
      1314.01  6.98295e-09  9.15285e-12
      1314.35  4.02506e-09  7.10347e-12
      1314.70  3.11086e-09  6.35741e-12
      1315.05  3.11354e-09  6.27702e-12
      1315.39  3.53736e-09  6.80249e-12
      1315.74  4.50167e-09  7.71834e-12
      1316.08  6.69025e-09  9.15715e-12
      1316.43  1.28218e-08  1.19910e-11
      1316.78  2.14118e-08  1.57414e-11
      1317.12  1.71870e-08  1.33186e-11
      1317.47  8.74717e-09  9.08173e-12
      1317.82  5.34464e-09  7.11705e-12
      1318.17  5.40263e-09  7.04406e-12
      1318.51  8.69177e-09  8.98372e-12
      1318.86  1.06129e-08  1.04024e-11
      1319.21  7.30943e-09  8.90532e-12
      1319.56  4.39860e-09  7.43675e-12
      1319.91  4.14750e-09  7.89137e-12
      1320.25  4.10336e-09  7.66349e-12
      1320.60  4.50000e-09  7.22692e-12
      1320.95  5.44534e-09  7.74598e-12
      1321.30  7.70583e-09  9.06874e-12
      1321.65  1.44087e-08  1.23930e-11
      1322.00  2.47159e-08  1.72809e-11
      1322.35  2.23653e-08  1.63651e-11
      1322.70  1.22101e-08  1.20944e-11
      1323.05  7.76382e-09  9.46034e-12
      1323.40  8.69969e-09  9.06809e-12
      1323.75  1.02269e-08  9.35695e-12
      1324.10  1.06156e-08  9.63485e-12
      1324.45  8.00422e-09  8.44734e-12
      1324.80  5.69700e-09  7.70046e-12
      