227
      1249.95  1.57718e-08  2.13836e-11
      1250.27  8.01699e-09  1.49138e-11
      1250.58  2.72833e-09  9.60318e-12
      1250.89  1.79688e-09  8.78127e-12
      1251.20  2.37255e-09  1.01598e-11
      1251.52  3.71797e-09  1.17193e-11
      1251.83  6.46461e-09  1.51534e-11
      1252.14  8.57175e-09  1.68658e-11
      1252.46  8.37939e-09  1.62492e-11
      1252.77  7.71457e-09  1.48526e-11
      1253.09  1.21789e-08  1.67698e-11
      1253.40  2.24903e-08  2.16913e-11
      1253.71  2.78985e-08  2.40170e-11
      1254.03  1.78921e-08  1.88691e-11
      1254.34  9.07381e-09  1.39458e-11
      1254.66  1.06103e-08  1.54545e-11
      1254.97  1.62369e-08  1.99589e-11
      1255.29  1.13885e-08  1.63842e-11
      1255.60  5.39407e-09  1.13684e-11
      1255.92  5.72778e-09  1.14036e-11
      1256.23  9.61430e-09  1.32022e-11
      1256.55  1.52557e-08  1.65466e-11
      1256.87  1.13356e-08  1.40912e-11
      1257.18  5.38005e-09  1.04574e-11
      1257.50  3.77151e-09  9.71531e-12
      1257.81  4.20275e-09  1.05272e-11
      1258.13  5.19541e-09  1.17770e-11
      1258.45  5.35792e-09  1.14452e-11
      1258.76  5.74809e-09  1.09626e-11
      1259.08  9.88455e-09  1.30367e-11
      1259.40  1.96908e-08  1.80713e-11
      1259.72  2.66895e-08  2.16446e-11
      1260.03  2.07511e-08  1.92721e-11
      1260.35  1.53799e-08  1.69929e-11
      1260.67  1.91954e-08  2.03438e-11
      1260.99  1.82253e-08  1.99509e-11
      1261.30  1.47448e-08  1.74501e-11
      1261.62  1.76852e-08  1.92773e-11
      1261.94  1.88946e-08  1.88308e-11
      1262.26  1.89953e-08  1.93749e-11
      1262.58  1.45172e-08  1.64653e-11
      1262.90  1.51288e-08  1.66092e-11
      1263.22  2.24527e-08  2.13017e-11
      1263.54  1.93419e-08  1.98548e-11
      1263.86  1.26114e-08  1.62627e-11
      1264.17  9.74798e-09  1.49499e-11
      1264.49  7.15250e-09  1.23820e-11
      1264.81  7.59707e-09  1.15328e-11
      1265.13  1.45116e-08  1.50055e-11
      1265.45  2.23242e-08  1.85692e-11
      1265.77  2.03543e-08  1.77506e-11
      1266.10  1.15143e-08  1.35807e-11
      1266.42  6.00878e-09  1.05750e-11
      1266.74  5.02894e-09  1.00259e-11
      1267.06  6.66808e-09  1.07417e-11
      1267.38  1.32711e-08  1.39889e-11
      1267.70  2.35403e-08  1.85965e-11
      1268.02  2.60814e-08  1.83690e-11
      1268.34  2.54768e-08  1.83782e-11
      1268.67  2.36142e-08  1.77053e-11
      1268.99  2.32202e-08  1.84821e-11
      1269.31  1.86355e-08  1.71238e-11
      1269.63  1.25873e-08  1.45694e-11
      1269.95  1.04552e-08  1.34768e-11
      1270.28  1.24524e-08  1.41838e-11
      1270.60  1.98687e-08  1.76476e-11
      1270.92  2.40024e-08  1.90622e-11
      1271.25  2.61702e-08  1.98699e-11
      1271.57  2.59350e-08  2.05820e-11
      1271.89  1.63861e-08  1.66919e-11
      1272.22  7.63665e-09  1.22600e-11
      1272.54  4.71320e-09  1.07634e-11
      1272.86  3.82812e-09  9.79099e-12
      1273.19  3.56694e-09  9.10841e-12
      1273.51  4.26565e-09  9.14130e-12
      1273.84  6.46983e-09  1.04734e-11
      1274.16  8.64851e-09  1.17202e-11
      1274.49  1.11536e-08  1.30313e-11
      1274.81  1.87800e-08  1.73105e-11
      1275.14  2.57779e-08  2.06558e-11
      1275.46  2.37012e-08  1.97501e-11
      1275.79  1.60662e-08  1.61198e-11
      1276.11  1.06904e-08  1.26470e-11
      1276.44  1.24444e-08  1.40545e-11
      1276.76  2.23863e-08  1.89742e-11
      1277.09  2.30802e-08  1.67644e-11
      1277.42  2.32810e-08  1.73965e-11
      1277.74  1.68674e-08  1.53287e-11
      1278.07  8.16923e-09  1.12885e-11
      1278.40  4.86707e-09  9.82912e-12
      1278.72  3.73583e-09  9.03346e-12
      1279.05  3.67482e-09  8.70724e-12
      1279.38  4.86308e-09  9.36237e-12
      1279.71  7.15733e-09  1.07143e-11
      1280.03  9.55736e-09  1.26474e-11
      1280.36  8.84070e-09  1.21767e-11
      1280.69  9.29403e-09  1.29429e-11
      1281.02  1.21060e-08  1.51341e-11
      1281.34  1.74383e-08  1.83938e-11
      1281.67  2.14692e-08  2.05893e-11
      1282.00  1.69512e-08  1.72866e-11
      1282.33  1.67485e-08  1.60534e-11
      1282.66  2.53935e-08  1.93424e-11
      1282.99  3.18977e-08  2.13226e-11
      1283.32  3.19511e-08  2.16356e-11
      1283.65  2.29878e-08  1.85474e-11
      1283.98  1.23885e-08  1.39883e-11
      1284.31  7.26099e-09  1.13026e-11
      1284.64  5.46486e-09  9.95608e-12
      1284.97  5.32705e-09  9.44579e-12
      1285.30  6.41483e-09  1.00858e-11
      1285.63  5.47021e-09  8.86447e-12
      1285.96  4.89158e-09  8.35788e-12
      1286.29  7.39044e-09  1.04651e-11
      1286.62  1.05816e-08  1.32649e-11
      1286.95  9.78574e-09  1.29726e-11
      1287.28  1.18161e-08  1.42976e-11
      1287.61  2.08082e-08  1.97115e-11
      1287.95  2.46413e-08  2.10389e-11
      1288.28  2.47569e-08  2.01549e-11
      1288.61  2.49514e-08  1.94271e-11
      1288.94  2.50392e-08  2.01704e-11
      1289.27  1.81122e-08  1.71159e-11
      1289.61  1.37458e-08  1.57605e-11
      1289.94  1.11624e-08  1.48978e-11
      1290.27  7.64528e-09  1.24778e-11
      1290.61  6.49389e-09  1.14857e-11
      1290.94  4.90460e-09  9.72536e-12
      1291.27  3.59457e-09  8.10744e-12
      1291.61  4.12542e-09  8.22404e-12
      1291.94  6.69525e-09  9.83571e-12
      1292.27  1.12110e-08  1.24640e-11
      1292.61  1.57795e-08  1.55707e-11
      1292.94  1.19519e-08  1.34412e-11
      1293.28  9.38501e-09  1.20723e-11
      1293.61  1.21253e-08  1.37646e-11
      1293.95  1.53577e-08  1.46842e-11
      1294.28  2.21388e-08  1.74601e-11
      1294.62  2.49073e-08  1.86356e-11
      1294.95  2.15717e-08  1.76065e-11
      1295.29  2.07821e-08  1.82682e-11
      1295.62  1.82171e-08  1.78721e-11
      1295.96  1.36998e-08  1.59701e-11
      1296.29  1.19212e-08  1.52291e-11
      1296.63  1.24777e-08  1.51238e-11
      1296.97  1.51472e-08  1.56467e-11
      1297.30  2.22127e-08  1.82534e-11
      1297.64  2.91534e-08  2.07911e-11
      1297.98  2.55839e-08  1.93267e-11
      1298.31  1.67573e-08  1.57974e-11
      1298.65  9.81600e-09  1.25018e-11
      1298.99  7.42664e-09  1.08259e-11
      1299.33  1.19548e-08  1.31957e-11
      1299.66  2.07980e-08  1.69662e-11
      1300.00  2.36792e-08  1.73982e-11
      1300.34  2.08551e-08  1.60669e-11
      1300.68  1.47875e-08  1.34707e-11
      1301.02  1.45903e-08  1.37854e-11
      1301.35  2.46381e-08  1.95720e-11
      1301.69  2.96967e-08  2.20668e-11
      1302.03  2.89685e-08  2.21694e-11
      1302.37  2.55594e-08  2.03170e-11
      1302.71  2.93581e-08  2.18096e-11
      1303.05  3.21394e-08  2.19260e-11
      1303.39  3.64650e-08  2.33254e-11
      1303.73  3.93657e-08  2.46672e-11
      1304.07  3.64323e-08  2.37398e-11
      1304.41  3.70282e-08  2.42803e-11
      1304.75  3.90478e-08  2.52132e-11
      1305.09  4.01439e-08  2.46819e-11
      1305.43  4.63242e-08  2.54857e-11
      1305.77  5.37015e-08  2.60595e-11
      1306.11  5.34603e-08  2.55132e-11
      1306.46  3.70994e-08  2.07803e-11
      1306.80  1.92725e-08  1.50437e-11
      1307.14  1.07326e-08  1.21462e-11
      1307.48  7.44256e-09  1.08839e-11
      1307.82  5.95560e-09  1.02757e-11
      1308.16  5.94742e-09  1.03693e-11
      1308.51  6.92248e-09  1.12210e-11
      1308.85  5.77008e-09  9.97849e-12
      1309.19  4.22999e-09  8.71023e-12
      1309.53  3.81443e-09  8.66942e-12
      1309.88  3.80477e-09  8.92610e-12
      1310.22  4.11020e-09  9.40104e-12
      1310.56  5.29511e-09  1.03292e-11
      1310.91  9.26844e-09  1.27516e-11
      1311.25  1.61078e-08  1.61902e-11
      1311.60  1.65258e-08  1.55337e-11
      1311.94  1.02333e-08  1.17356e-11
      1312.28  5.48945e-09  8.69429e-12
      1312.63  3.69778e-09  7.73832e-12
      1312.97  3.16910e-09  7.50283e-12
      1313.32  4.19095e-09  8.59061e-12
      1313.66  6.70084e-09  1.09894e-11
      1314.01  5.85297e-09  1.02667e-11
      1314.35  3.35561e-09  8.16645e-12
      1314.70  2.53545e-09  7.30932e-12
      1315.05  2.54510e-09  7.26114e-12
      1315.39  2.90840e-09  7.90047e-12
      1315.74  3.73847e-09  8.99701e-12
      1316.08  5.66190e-09  1.07437e-11
      1316.43  1.10009e-08  1.43609e-11
      1316.78  1.89802e-08  1.91484e-11
      1317.12  1.51286e-08  1.60991e-11
      1317.47  7.22009e-09  1.06701e-11
      1317.82  4.33108e-09  8.22133e-12
      1318.17  4.35377e-09  8.03639e-12
      1318.51  7.32113e-09  1.03547e-11
      1318.86  9.12027e-09  1.19073e-11
      1319.21  6.07657e-09  1.00790e-11
      1319.56  3.53283e-09  8.42208e-12
      1319.91  3.59649e-09  8.64712e-12
      1320.25  3.69509e-09  8.44563e-12
      1320.60  3.73483e-09  8.31023e-12
      1320.95  4.55213e-09  8.97222e-12
      1321.30  6.52889e-09  1.05279e-11
      1321.65  1.26750e-08  1.46298e-11
      1322.00  2.21033e-08  2.03759e-11
      1322.35  1.96912e-08  1.93334e-11
      1322.70  1.07190e-08  1.39488e-11
      1323.05  6.82877e-09  1.09940e-11
      1323.40  7.29344e-09  1.07285e-11
      1323.75  8.60827e-09  1.10705e-11
      1324.10  8.89073e-09  1.12742e-11
      1324.45  6.68853e-09  9.92769e-12
      1324.80  4.72209e-09  8.84710e-12
      