227
      1249.95  1.46079e-08  1.79347e-11
      1250.27  7.45047e-09  1.24409e-11
      1250.58  2.51659e-09  7.99220e-12
      1250.89  1.65421e-09  7.50311e-12
      1251.20  2.17013e-09  8.45356e-12
      1251.52  3.42518e-09  1.01765e-11
      1251.83  5.62764e-09  1.26302e-11
      1252.14  7.70410e-09  1.42342e-11
      1252.46  7.84632e-09  1.36348e-11
      1252.77  7.27821e-09  1.23816e-11
      1253.09  1.14824e-08  1.41294e-11
      1253.40  2.12517e-08  1.82433e-11
      1253.71  2.64052e-08  2.02366e-11
      1254.03  1.71116e-08  1.61163e-11
      1254.34  8.70712e-09  1.19146e-11
      1254.66  1.02210e-08  1.33190e-11
      1254.97  1.55660e-08  1.72190e-11
      1255.29  1.10684e-08  1.43764e-11
      1255.60  5.29167e-09  1.00662e-11
      1255.92  5.60470e-09  1.01428e-11
      1256.23  9.41489e-09  1.17668e-11
      1256.55  1.48614e-08  1.47863e-11
      1256.87  1.11708e-08  1.27191e-11
      1257.18  5.33150e-09  9.46351e-12
      1257.50  3.75670e-09  8.82270e-12
      1257.81  4.13150e-09  9.66734e-12
      1258.13  4.94209e-09  1.08996e-11
      1258.45  5.17744e-09  1.05627e-11
      1258.76  5.63296e-09  9.94463e-12
      1259.08  9.63361e-09  1.18017e-11
      1259.40  1.90839e-08  1.63617e-11
      1259.72  2.58229e-08  1.93881e-11
      1260.03  2.00953e-08  1.71831e-11
      1260.35  1.47775e-08  1.49743e-11
      1260.67  1.83124e-08  1.77913e-11
      1260.99  1.73548e-08  1.74017e-11
      1261.30  1.38912e-08  1.51847e-11
      1261.62  1.58373e-08  1.69220e-11
      1261.94  1.72650e-08  1.62590e-11
      1262.26  1.69939e-08  1.65338e-11
      1262.58  1.30833e-08  1.38612e-11
      1262.90  1.39141e-08  1.38408e-11
      1263.22  2.08043e-08  1.78089e-11
      1263.54  1.79729e-08  1.65804e-11
      1263.86  1.16920e-08  1.35516e-11
      1264.17  8.68039e-09  1.28042e-11
      1264.49  6.39397e-09  1.04496e-11
      1264.81  7.11093e-09  9.55565e-12
      1265.13  1.37082e-08  1.26373e-11
      1265.45  2.12584e-08  1.58021e-11
      1265.77  1.94838e-08  1.52179e-11
      1266.10  1.08407e-08  1.19978e-11
      1266.42  5.53098e-09  9.28938e-12
      1266.74  4.87901e-09  8.77394e-12
      1267.06  6.48953e-09  9.58208e-12
      1267.38  1.28878e-08  1.24774e-11
      1267.70  2.28860e-08  1.67759e-11
      1268.02  2.53700e-08  1.67269e-11
      1268.34  2.38140e-08  1.71074e-11
      1268.67  2.26501e-08  1.62821e-11
      1268.99  2.27854e-08  1.67348e-11
      1269.31  1.82608e-08  1.54707e-11
      1269.63  1.22048e-08  1.30376e-11
      1269.95  1.01111e-08  1.20053e-11
      1270.28  1.19341e-08  1.24530e-11
      1270.60  1.91099e-08  1.55400e-11
      1270.92  2.23839e-08  1.69533e-11
      1271.25  2.45461e-08  1.73786e-11
      1271.57  2.46982e-08  1.76971e-11
      1271.89  1.54397e-08  1.42367e-11
      1272.22  7.04131e-09  1.03030e-11
      1272.54  4.30066e-09  8.87938e-12
      1272.86  3.46931e-09  8.19915e-12
      1273.19  3.27220e-09  7.48067e-12
      1273.51  3.92686e-09  7.59167e-12
      1273.84  6.03947e-09  8.76059e-12
      1274.16  8.11659e-09  9.85304e-12
      1274.49  1.03603e-08  1.07844e-11
      1274.81  1.69283e-08  1.47817e-11
      1275.14  2.37841e-08  1.79392e-11
      1275.46  2.26734e-08  1.70490e-11
      1275.79  1.54221e-08  1.38763e-11
      1276.11  1.02296e-08  1.09384e-11
      1276.44  1.18666e-08  1.22576e-11
      1276.76  2.15218e-08  1.69242e-11
      1277.09  2.24767e-08  1.51023e-11
      1277.42  2.30447e-08  1.59602e-11
      1277.74  1.65761e-08  1.39768e-11
      1278.07  7.94565e-09  1.02820e-11
      1278.40  4.69093e-09  9.05862e-12
      1278.72  3.55594e-09  8.43782e-12
      1279.05  3.56064e-09  7.80052e-12
      1279.38  4.68911e-09  8.28546e-12
      1279.71  6.79931e-09  9.40341e-12
      1280.03  8.57067e-09  1.14452e-11
      1280.36  7.96868e-09  1.06841e-11
      1280.69  8.67865e-09  1.10883e-11
      1281.02  1.12252e-08  1.26858e-11
      1281.34  1.61744e-08  1.55231e-11
      1281.67  1.99919e-08  1.73986e-11
      1282.00  1.55900e-08  1.43507e-11
      1282.33  1.55290e-08  1.34330e-11
      1282.66  2.39055e-08  1.63564e-11
      1282.99  3.01826e-08  1.81456e-11
      1283.32  3.03755e-08  1.85412e-11
      1283.65  2.18494e-08  1.59920e-11
      1283.98  1.18383e-08  1.21342e-11
      1284.31  7.01317e-09  9.89237e-12
      1284.64  5.31821e-09  8.83487e-12
      1284.97  5.17227e-09  8.49240e-12
      1285.30  5.98115e-09  9.25405e-12
      1285.63  5.29502e-09  8.06824e-12
      1285.96  4.85244e-09  7.59775e-12
      1286.29  7.26632e-09  9.49463e-12
      1286.62  1.03079e-08  1.19500e-11
      1286.95  9.55419e-09  1.15242e-11
      1287.28  1.15283e-08  1.28281e-11
      1287.61  1.93929e-08  1.74538e-11
      1287.95  2.17454e-08  1.90348e-11
      1288.28  2.19479e-08  1.81307e-11
      1288.61  2.32725e-08  1.67621e-11
      1288.94  2.33251e-08  1.69788e-11
      1289.27  1.68632e-08  1.43029e-11
      1289.61  1.27060e-08  1.29904e-11
      1289.94  1.00478e-08  1.25266e-11
      1290.27  6.68574e-09  1.05955e-11
      1290.61  6.04697e-09  9.56310e-12
      1290.94  4.62826e-09  8.17223e-12
      1291.27  3.43020e-09  6.92434e-12
      1291.61  3.96327e-09  7.10506e-12
      1291.94  6.46415e-09  8.53336e-12
      1292.27  1.08888e-08  1.10050e-11
      1292.61  1.53874e-08  1.39032e-11
      1292.94  1.17997e-08  1.22170e-11
      1293.28  9.25762e-09  1.09230e-11
      1293.61  1.19330e-08  1.24275e-11
      1293.95  1.50447e-08  1.32565e-11
      1294.28  2.15332e-08  1.57305e-11
      1294.62  2.36404e-08  1.71752e-11
      1294.95  2.02890e-08  1.58984e-11
      1295.29  1.98597e-08  1.60406e-11
      1295.62  1.73245e-08  1.55620e-11
      1295.96  1.25668e-08  1.41729e-11
      1296.29  1.06394e-08  1.31031e-11
      1296.63  1.14847e-08  1.25287e-11
      1296.97  1.39652e-08  1.29173e-11
      1297.30  2.07030e-08  1.52031e-11
      1297.64  2.74703e-08  1.75760e-11
      1297.98  2.41414e-08  1.63005e-11
      1298.31  1.55586e-08  1.36612e-11
      1298.65  8.82225e-09  1.08798e-11
      1298.99  7.09960e-09  9.40404e-12
      1299.33  1.15740e-08  1.15913e-11
      1299.66  2.04177e-08  1.52661e-11
      1300.00  2.32198e-08  1.57196e-11
      1300.34  2.05029e-08  1.45880e-11
      1300.68  1.44164e-08  1.21649e-11
      1301.02  1.41665e-08  1.22747e-11
      1301.35  2.35182e-08  1.79193e-11
      1301.69  2.81078e-08  2.00042e-11
      1302.03  2.78856e-08  1.95618e-11
      1302.37  2.42984e-08  1.74895e-11
      1302.71  2.78608e-08  1.87856e-11
      1303.05  3.01828e-08  1.85622e-11
      1303.39  3.40673e-08  1.96329e-11
      1303.73  3.56865e-08  2.12504e-11
      1304.07  3.29451e-08  2.05370e-11
      1304.41  3.48172e-08  2.06105e-11
      1304.75  3.69153e-08  2.13907e-11
      1305.09  3.82588e-08  2.11942e-11
      1305.43  4.44387e-08  2.22328e-11
      1305.77  5.19074e-08  2.30980e-11
      1306.11  5.18573e-08  2.29168e-11
      1306.46  3.63505e-08  1.88596e-11
      1306.80  1.90662e-08  1.37522e-11
      1307.14  1.06179e-08  1.10732e-11
      1307.48  7.34984e-09  9.87739e-12
      1307.82  5.85956e-09  9.30862e-12
      1308.16  5.79631e-09  9.37706e-12
      1308.51  6.64359e-09  9.78503e-12
      1308.85  5.53624e-09  8.68449e-12
      1309.19  3.85803e-09  7.78081e-12
      1309.53  3.09338e-09  8.36012e-12
      1309.88  3.34110e-09  7.71931e-12
      1310.22  3.76575e-09  7.90969e-12
      1310.56  4.88238e-09  8.70235e-12
      1310.91  8.60019e-09  1.07381e-11
      1311.25  1.51554e-08  1.37496e-11
      1311.60  1.57150e-08  1.33200e-11
      1311.94  9.76493e-09  1.01444e-11
      1312.28  5.27370e-09  7.90085e-12
      1312.63  3.59303e-09  6.93163e-12
      1312.97  3.08802e-09  6.78465e-12
      1313.32  4.08362e-09  7.79628e-12
      1313.66  6.66438e-09  9.95554e-12
      1314.01  5.75720e-09  9.24626e-12
      1314.35  3.17629e-09  7.44808e-12
      1314.70  2.36092e-09  6.55179e-12
      1315.05  2.42083e-09  6.41010e-12
      1315.39  2.72589e-09  6.80233e-12
      1315.74  3.46305e-09  7.57096e-12
      1316.08  5.16920e-09  8.83419e-12
      1316.43  1.01838e-08  1.18406e-11
      1316.78  1.76959e-08  1.58651e-11
      1317.12  1.40715e-08  1.33963e-11
      1317.47  6.83581e-09  8.99063e-12
      1317.82  4.12485e-09  7.03617e-12
      1318.17  4.22830e-09  7.05151e-12
      1318.51  7.10234e-09  9.23099e-12
      1318.86  8.84389e-09  1.07417e-11
      1319.21  5.96528e-09  9.30968e-12
      1319.56  3.39304e-09  7.92783e-12
      1319.91  3.31683e-09  8.14775e-12
      1320.25  3.51567e-09  7.84146e-12
      1320.60  3.61305e-09  7.50330e-12
      1320.95  4.35024e-09  7.85458e-12
      1321.30  6.16262e-09  9.08100e-12
      1321.65  1.18365e-08  1.24584e-11
      1322.00  2.05462e-08  1.73631e-11
      1322.35  1.83268e-08  1.63230e-11
      1322.70  9.92205e-09  1.16379e-11
      1323.05  6.34384e-09  9.15266e-12
      1323.40  6.85793e-09  9.06392e-12
      1323.75  8.17861e-09  9.46405e-12
      1324.10  8.56619e-09  9.79812e-12
      1324.45  6.49965e-09  8.76060e-12
      1324.80  4.62373e-09  7.95311e-12
      