227
      1249.95  1.85695e-08  3.30746e-11
      1250.27  9.51055e-09  2.30635e-11
      1250.58  3.63271e-09  1.57669e-11
      1250.89  2.66338e-09  1.48661e-11
      1251.20  3.42138e-09  1.67858e-11
      1251.52  5.05023e-09  1.90570e-11
      1251.83  8.57056e-09  2.43293e-11
      1252.14  1.12523e-08  2.77138e-11
      1252.46  1.10672e-08  2.74185e-11
      1252.77  1.02896e-08  2.55948e-11
      1253.09  1.59957e-08  3.05896e-11
      1253.40  2.91088e-08  3.98594e-11
      1253.71  3.69326e-08  4.72245e-11
      1254.03  3.31025e-08  6.02253e-11
      1254.34  2.93008e-08  6.30722e-11
      1254.66  1.21117e-08  2.91651e-11
      1254.97  1.67577e-08  3.17208e-11
      1255.29  1.18036e-08  2.64438e-11
      1255.60  5.65690e-09  1.91636e-11
      1255.92  5.55887e-09  2.26078e-11
      1256.23  1.06728e-08  2.31457e-11
      1256.55  1.66023e-08  2.74431e-11
      1256.87  1.17029e-08  2.23438e-11
      1257.18  5.52876e-09  1.63492e-11
      1257.50  4.14966e-09  1.54295e-11
      1257.81  4.71220e-09  1.64948e-11
      1258.13  5.96609e-09  1.83322e-11
      1258.45  6.06015e-09  1.77240e-11
      1258.76  6.44763e-09  1.72520e-11
      1259.08  1.10365e-08  2.09181e-11
      1259.40  2.18743e-08  2.90699e-11
      1259.72  2.95449e-08  3.42891e-11
      1260.03  2.26254e-08  2.96584e-11
      1260.35  1.69354e-08  2.58663e-11
      1260.67  2.19421e-08  3.15338e-11
      1260.99  2.07500e-08  3.01045e-11
      1261.30  1.67515e-08  2.62103e-11
      1261.62  2.09136e-08  2.96133e-11
      1261.94  2.20987e-08  2.89391e-11
      1262.26  2.27923e-08  3.00137e-11
      1262.58  1.74826e-08  2.56195e-11
      1262.90  1.81354e-08  2.67498e-11
      1263.22  2.72462e-08  3.49008e-11
      1263.54  2.32915e-08  3.20907e-11
      1263.86  1.55880e-08  2.63973e-11
      1264.17  1.28828e-08  2.47211e-11
      1264.49  9.81481e-09  2.10472e-11
      1264.81  9.52324e-09  2.15791e-11
      1265.13  1.15095e-08  3.31024e-11
      1265.45  1.83631e-08  2.49390e-11
      1265.77  2.07528e-08  2.84179e-11
      1266.10  1.14703e-08  2.17015e-11
      1266.42  6.21693e-09  1.74274e-11
      1266.74  5.30972e-09  1.56919e-11
      1267.06  6.60610e-09  1.50563e-11
      1267.38  1.43556e-08  2.21732e-11
      1267.70  2.53900e-08  2.94490e-11
      1268.02  2.71503e-08  2.91815e-11
      1268.34  2.67029e-08  2.91698e-11
      1268.67  2.47203e-08  2.82226e-11
      1268.99  2.45380e-08  2.95655e-11
      1269.31  1.97398e-08  2.69451e-11
      1269.63  1.36232e-08  2.26089e-11
      1269.95  1.17015e-08  2.10201e-11
      1270.28  1.41975e-08  2.19114e-11
      1270.60  2.25998e-08  2.75594e-11
      1270.92  2.72743e-08  2.94970e-11
      1271.25  2.97499e-08  3.09458e-11
      1271.57  2.93928e-08  3.18024e-11
      1271.89  1.86092e-08  2.55441e-11
      1272.22  9.09723e-09  1.87459e-11
      1272.54  6.00929e-09  1.64502e-11
      1272.86  5.11863e-09  1.54682e-11
      1273.19  4.89983e-09  1.48131e-11
      1273.51  5.84023e-09  1.53819e-11
      1273.84  8.76160e-09  1.86108e-11
      1274.16  1.13965e-08  2.17427e-11
      1274.49  1.20589e-08  2.99861e-11
      1274.81  1.52330e-08  2.43980e-11
      1275.14  2.65219e-08  3.22963e-11
      1275.46  2.40786e-08  3.13030e-11
      1275.79  1.61857e-08  2.52718e-11
      1276.11  1.07522e-08  1.92527e-11
      1276.44  1.33483e-08  1.79565e-11
      1276.76  2.27217e-08  2.66656e-11
      1277.09  2.39109e-08  2.66528e-11
      1277.42  2.39287e-08  2.79051e-11
      1277.74  1.70441e-08  2.40424e-11
      1278.07  8.61324e-09  1.77058e-11
      1278.40  5.48337e-09  1.50296e-11
      1278.72  4.44166e-09  1.38915e-11
      1279.05  4.49340e-09  1.35227e-11
      1279.38  5.96522e-09  1.47471e-11
      1279.71  8.68464e-09  1.73533e-11
      1280.03  1.13394e-08  2.00542e-11
      1280.36  1.06081e-08  1.93411e-11
      1280.69  1.13791e-08  2.06648e-11
      1281.02  1.49469e-08  2.40834e-11
      1281.34  2.11946e-08  2.87999e-11
      1281.67  2.53520e-08  3.20303e-11
      1282.00  2.08024e-08  2.77657e-11
      1282.33  2.13432e-08  2.75574e-11
      1282.66  2.82502e-08  4.06224e-11
      1282.99  3.10348e-08  4.46413e-11
      1283.32  3.17035e-08  3.29769e-11
      1283.65  2.28747e-08  2.95386e-11
      1283.98  1.27471e-08  2.27338e-11
      1284.31  7.49827e-09  1.70520e-11
      1284.64  6.00753e-09  1.50398e-11
      1284.97  5.86904e-09  1.44171e-11
      1285.30  6.76992e-09  1.57369e-11
      1285.63  5.90657e-09  1.44500e-11
      1285.96  5.66537e-09  1.39828e-11
      1286.29  8.46962e-09  1.73663e-11
      1286.62  1.16074e-08  2.09750e-11
      1286.95  1.12008e-08  2.04140e-11
      1287.28  1.40916e-08  2.25604e-11
      1287.61  2.37359e-08  2.97554e-11
      1287.95  2.83551e-08  3.12598e-11
      1288.28  2.86998e-08  3.06888e-11
      1288.61  2.90633e-08  3.07956e-11
      1288.94  2.89698e-08  3.17983e-11
      1289.27  2.15383e-08  2.76396e-11
      1289.61  1.68477e-08  2.57830e-11
      1289.94  1.40938e-08  2.43917e-11
      1290.27  9.93232e-09  2.18636e-11
      1290.61  8.23507e-09  2.73669e-11
      1290.94  5.71630e-09  1.34422e-11
      1291.27  3.87806e-09  1.29815e-11
      1291.61  4.58647e-09  1.28000e-11
      1291.94  6.40986e-09  1.48774e-11
      1292.27  1.14655e-08  1.82578e-11
      1292.61  1.65238e-08  2.47028e-11
      1292.94  1.21570e-08  2.08166e-11
      1293.28  1.00325e-08  1.91077e-11
      1293.61  1.35108e-08  2.20163e-11
      1293.95  1.70983e-08  2.33438e-11
      1294.28  2.50146e-08  2.83225e-11
      1294.62  2.80846e-08  3.01039e-11
      1294.95  2.41431e-08  2.75924e-11
      1295.29  2.40919e-08  2.92424e-11
      1295.62  2.12334e-08  2.78457e-11
      1295.96  1.61959e-08  2.45930e-11
      1296.29  1.45810e-08  2.35935e-11
      1296.63  1.54548e-08  2.39827e-11
      1296.97  1.88058e-08  2.53609e-11
      1297.30  2.76415e-08  3.10933e-11
      1297.64  3.59697e-08  4.68237e-11
      1297.98  3.43569e-08  4.31433e-11
      1298.31  1.68742e-08  2.46573e-11
      1298.65  9.47946e-09  1.78685e-11
      1298.99  7.24089e-09  1.61205e-11
      1299.33  1.23743e-08  1.91410e-11
      1299.66  2.25801e-08  2.76674e-11
      1300.00  2.46468e-08  2.75866e-11
      1300.34  2.19292e-08  2.62249e-11
      1300.68  1.52763e-08  2.15445e-11
      1301.02  1.65058e-08  2.25354e-11
      1301.35  2.86482e-08  3.16554e-11
      1301.69  3.34003e-08  3.38650e-11
      1302.03  3.25606e-08  3.40068e-11
      1302.37  2.92297e-08  3.07510e-11
      1302.71  3.43909e-08  3.38189e-11
      1303.05  3.75506e-08  3.43525e-11
      1303.39  4.31206e-08  3.71779e-11
      1303.73  4.60986e-08  3.92285e-11
      1304.07  4.32237e-08  4.16662e-11
      1304.41  4.14324e-08  5.48405e-11
      1304.75  3.97147e-08  3.33122e-11
      1305.09  4.08080e-08  3.81040e-11
      1305.43  4.48516e-08  3.98046e-11
      1305.77  5.38357e-08  3.71388e-11
      1306.11  5.32207e-08  3.98395e-11
      1306.46  3.61025e-08  3.25115e-11
      1306.80  1.92566e-08  2.42640e-11
      1307.14  1.13776e-08  1.96536e-11
      1307.48  8.26450e-09  1.73343e-11
      1307.82  6.90642e-09  1.62362e-11
      1308.16  7.17631e-09  1.62277e-11
      1308.51  8.31507e-09  1.74009e-11
      1308.85  6.96160e-09  1.56372e-11
      1309.19  5.38290e-09  1.41598e-11
      1309.53  5.02827e-09  1.43073e-11
      1309.88  5.05513e-09  1.44764e-11
      1310.22  5.56520e-09  1.55123e-11
      1310.56  6.61066e-09  1.87121e-11
      1310.91  7.50207e-09  2.50598e-11
      1311.25  1.53871e-08  2.21634e-11
      1311.60  1.71940e-08  2.50007e-11
      1311.94  1.18385e-08  1.70766e-11
      1312.28  5.58040e-09  1.35780e-11
      1312.63  3.89660e-09  1.23083e-11
      1312.97  3.52647e-09  1.21052e-11
      1313.32  4.98321e-09  1.42026e-11
      1313.66  7.63978e-09  1.77449e-11
      1314.01  6.49426e-09  1.60474e-11
      1314.35  4.00857e-09  1.25391e-11
      1314.70  3.23861e-09  1.15840e-11
      1315.05  3.33990e-09  1.19030e-11
      1315.39  3.86640e-09  1.25809e-11
      1315.74  4.99698e-09  1.43025e-11
      1316.08  7.66572e-09  1.72783e-11
      1316.43  1.43690e-08  2.36639e-11
      1316.78  2.23919e-08  3.79266e-11
      1317.12  2.19665e-08  3.69405e-11
      1317.47  7.73514e-09  1.63775e-11
      1317.82  5.03175e-09  1.19208e-11
      1318.17  4.88546e-09  1.30208e-11
      1318.51  7.97130e-09  1.69523e-11
      1318.86  9.62181e-09  1.91054e-11
      1319.21  6.40589e-09  1.58473e-11
      1319.56  4.01509e-09  1.31106e-11
      1319.91  4.38423e-09  1.37385e-11
      1320.25  4.48977e-09  1.33198e-11
      1320.60  4.62186e-09  1.31201e-11
      1320.95  5.76174e-09  1.47588e-11
      1321.30  8.26563e-09  1.71650e-11
      1321.65  1.58048e-08  2.30885e-11
      1322.00  2.77749e-08  3.27298e-11
      1322.35  2.36957e-08  3.02489e-11
      1322.70  1.45802e-08  2.88813e-11
      1323.05  1.11681e-08  2.91922e-11
      1323.40  8.07269e-09  1.66109e-11
      1323.75  9.09440e-09  1.73746e-11
      1324.10  9.23309e-09  1.79878e-11
      1324.45  6.70067e-09  1.57478e-11
      1324.80  5.11424e-09  1.44413e-11
      