227
      1249.95  2.12559e-08  1.88522e-11
      1250.27  1.12105e-08  1.32211e-11
      1250.58  4.04256e-09  8.34648e-12
      1250.89  2.78832e-09  7.47988e-12
      1251.20  3.59568e-09  8.32536e-12
      1251.52  5.38888e-09  9.61345e-12
      1251.83  9.03682e-09  1.22928e-11
      1252.14  1.19802e-08  1.39968e-11
      1252.46  1.18721e-08  1.37785e-11
      1252.77  1.11020e-08  1.26889e-11
      1253.09  1.68093e-08  1.44260e-11
      1253.40  2.99915e-08  1.85132e-11
      1253.71  3.69665e-08  2.03197e-11
      1254.03  2.45625e-08  1.62426e-11
      1254.34  1.29810e-08  1.20997e-11
      1254.66  1.49018e-08  1.35307e-11
      1254.97  2.19009e-08  1.72690e-11
      1255.29  1.60113e-08  1.47234e-11
      1255.60  7.96823e-09  1.04571e-11
      1255.92  8.39259e-09  1.06452e-11
      1256.23  1.34765e-08  1.24395e-11
      1256.55  2.05154e-08  1.55714e-11
      1256.87  1.57482e-08  1.35993e-11
      1257.18  7.75182e-09  1.00066e-11
      1257.50  5.57639e-09  9.31263e-12
      1257.81  6.14353e-09  1.00897e-11
      1258.13  7.60721e-09  1.11609e-11
      1258.45  7.81360e-09  1.10637e-11
      1258.76  8.28041e-09  1.07547e-11
      1259.08  1.36590e-08  1.28523e-11
      1259.40  2.60271e-08  1.73843e-11
      1259.72  3.48395e-08  2.04439e-11
      1260.03  2.75945e-08  1.81587e-11
      1260.35  2.06953e-08  1.58590e-11
      1260.67  2.54074e-08  1.85900e-11
      1260.99  2.43893e-08  1.81408e-11
      1261.30  1.99311e-08  1.57799e-11
      1261.62  2.37401e-08  1.71141e-11
      1261.94  2.52144e-08  1.65523e-11
      1262.26  2.56004e-08  1.65479e-11
      1262.58  1.98775e-08  1.40744e-11
      1262.90  2.01584e-08  1.40583e-11
      1263.22  2.93717e-08  1.78106e-11
      1263.54  2.55769e-08  1.65461e-11
      1263.86  1.71928e-08  1.35849e-11
      1264.17  1.38202e-08  1.23443e-11
      1264.49  1.03971e-08  1.03236e-11
      1264.81  1.07282e-08  9.74719e-12
      1265.13  1.97600e-08  1.27912e-11
      1265.45  2.99914e-08  1.58016e-11
      1265.77  2.74540e-08  1.52806e-11
      1266.10  1.58492e-08  1.18802e-11
      1266.42  8.68688e-09  9.52148e-12
      1266.74  7.40572e-09  9.20261e-12
      1267.06  9.48661e-09  1.01065e-11
      1267.38  1.79370e-08  1.30291e-11
      1267.70  3.17719e-08  1.74138e-11
      1268.02  3.42345e-08  1.73428e-11
      1268.34  3.36673e-08  1.77737e-11
      1268.67  3.09543e-08  1.69527e-11
      1268.99  3.08112e-08  1.79339e-11
      1269.31  2.48290e-08  1.65146e-11
      1269.63  1.71430e-08  1.40858e-11
      1269.95  1.43721e-08  1.30506e-11
      1270.28  1.65885e-08  1.32080e-11
      1270.60  2.63328e-08  1.64664e-11
      1270.92  3.16134e-08  1.74878e-11
      1271.25  3.43495e-08  1.79580e-11
      1271.57  3.41468e-08  1.82409e-11
      1271.89  2.15417e-08  1.44643e-11
      1272.22  1.04889e-08  1.04897e-11
      1272.54  6.70849e-09  9.20195e-12
      1272.86  5.42197e-09  8.55796e-12
      1273.19  5.22201e-09  7.69186e-12
      1273.51  6.10829e-09  7.63941e-12
      1273.84  9.15467e-09  8.86658e-12
      1274.16  1.20252e-08  9.88895e-12
      1274.49  1.50529e-08  1.07620e-11
      1274.81  2.52439e-08  1.45177e-11
      1275.14  3.43791e-08  1.75838e-11
      1275.46  3.15079e-08  1.70471e-11
      1275.79  2.16671e-08  1.42267e-11
      1276.11  1.47118e-08  1.14679e-11
      1276.44  1.78394e-08  1.21541e-11
      1276.76  2.87747e-08  1.60184e-11
      1277.09  3.00338e-08  1.57043e-11
      1277.42  3.08699e-08  1.70484e-11
      1277.74  2.21171e-08  1.47226e-11
      1278.07  1.12807e-08  1.11416e-11
      1278.40  7.03711e-09  9.52779e-12
      1278.72  5.49371e-09  8.64343e-12
      1279.05  5.35628e-09  8.19918e-12
      1279.38  6.98283e-09  8.85819e-12
      1279.71  9.96041e-09  1.00445e-11
      1280.03  1.27970e-08  1.19546e-11
      1280.36  1.19160e-08  1.09713e-11
      1280.69  1.28224e-08  1.14949e-11
      1281.02  1.64167e-08  1.29602e-11
      1281.34  2.31478e-08  1.54330e-11
      1281.67  2.77901e-08  1.69010e-11
      1282.00  2.23688e-08  1.41438e-11
      1282.33  2.27185e-08  1.34022e-11
      1282.66  3.32623e-08  1.59083e-11
      1282.99  4.12381e-08  1.76234e-11
      1283.32  4.10751e-08  1.79524e-11
      1283.65  3.01369e-08  1.58931e-11
      1283.98  1.72048e-08  1.25231e-11
      1284.31  1.04773e-08  1.03991e-11
      1284.64  7.90951e-09  9.33712e-12
      1284.97  7.66290e-09  8.96481e-12
      1285.30  8.88010e-09  9.58898e-12
      1285.63  7.73973e-09  8.74969e-12
      1285.96  7.13649e-09  8.39972e-12
      1286.29  1.02830e-08  1.03207e-11
      1286.62  1.41225e-08  1.27116e-11
      1286.95  1.34789e-08  1.24368e-11
      1287.28  1.62949e-08  1.35093e-11
      1287.61  2.70443e-08  1.75195e-11
      1287.95  3.23162e-08  1.82379e-11
      1288.28  3.25280e-08  1.74259e-11
      1288.61  3.25612e-08  1.67723e-11
      1288.94  3.21351e-08  1.68314e-11
      1289.27  2.40018e-08  1.43380e-11
      1289.61  1.85007e-08  1.30676e-11
      1289.94  1.52347e-08  1.21652e-11
      1290.27  1.07900e-08  1.02555e-11
      1290.61  9.14351e-09  9.58190e-12
      1290.94  7.07605e-09  8.17081e-12
      1291.27  5.30902e-09  6.96843e-12
      1291.61  6.02242e-09  7.31196e-12
      1291.94  9.46606e-09  9.15977e-12
      1292.27  1.53104e-08  1.17785e-11
      1292.61  2.10184e-08  1.47751e-11
      1292.94  1.63307e-08  1.31062e-11
      1293.28  1.30317e-08  1.19576e-11
      1293.61  1.66523e-08  1.35858e-11
      1293.95  2.06644e-08  1.43281e-11
      1294.28  2.91499e-08  1.68319e-11
      1294.62  3.29031e-08  1.75981e-11
      1294.95  2.85868e-08  1.62178e-11
      1295.29  2.75821e-08  1.64889e-11
      1295.62  2.44024e-08  1.57758e-11
      1295.96  1.86346e-08  1.37533e-11
      1296.29  1.63214e-08  1.27839e-11
      1296.63  1.68811e-08  1.25044e-11
      1296.97  2.01787e-08  1.28311e-11
      1297.30  2.91116e-08  1.47457e-11
      1297.64  3.80898e-08  1.69790e-11
      1297.98  3.36559e-08  1.60511e-11
      1298.31  2.27390e-08  1.36481e-11
      1298.65  1.36604e-08  1.10714e-11
      1298.99  1.05633e-08  1.00329e-11
      1299.33  1.63031e-08  1.24466e-11
      1299.66  2.73699e-08  1.61051e-11
      1300.00  3.09221e-08  1.66585e-11
      1300.34  2.74864e-08  1.57561e-11
      1300.68  1.99052e-08  1.32678e-11
      1301.02  1.99065e-08  1.34834e-11
      1301.35  3.21818e-08  1.81012e-11
      1301.69  3.85124e-08  2.00125e-11
      1302.03  3.72397e-08  1.96612e-11
      1302.37  3.35300e-08  1.77598e-11
      1302.71  3.74500e-08  1.83188e-11
      1303.05  4.11510e-08  1.81937e-11
      1303.39  4.59444e-08  1.88124e-11
      1303.73  4.91280e-08  1.94286e-11
      1304.07  4.65886e-08  1.89875e-11
      1304.41  4.72575e-08  1.95584e-11
      1304.75  4.96618e-08  2.04741e-11
      1305.09  5.12639e-08  2.08325e-11
      1305.43  5.79781e-08  2.19113e-11
      1305.77  6.62334e-08  2.32523e-11
      1306.11  6.54314e-08  2.32526e-11
      1306.46  4.69091e-08  1.98184e-11
      1306.80  2.55354e-08  1.50302e-11
      1307.14  1.47207e-08  1.21873e-11
      1307.48  1.04630e-08  1.09357e-11
      1307.82  8.47205e-09  1.00495e-11
      1308.16  8.33423e-09  9.76116e-12
      1308.51  9.64585e-09  1.01677e-11
      1308.85  8.19117e-09  8.93054e-12
      1309.19  6.02835e-09  7.53459e-12
      1309.53  5.51856e-09  7.31319e-12
      1309.88  5.42003e-09  7.41594e-12
      1310.22  5.79944e-09  7.67714e-12
      1310.56  7.28970e-09  8.45219e-12
      1310.91  1.21502e-08  1.03766e-11
      1311.25  2.17246e-08  1.39802e-11
      1311.60  2.22602e-08  1.36794e-11
      1311.94  1.36276e-08  1.04746e-11
      1312.28  7.44136e-09  8.18805e-12
      1312.63  5.17445e-09  7.42518e-12
      1312.97  4.43792e-09  7.31772e-12
      1313.32  5.79814e-09  8.33195e-12
      1313.66  9.57310e-09  1.11030e-11
      1314.01  8.08353e-09  9.84593e-12
      1314.35  4.81241e-09  7.48812e-12
      1314.70  3.75239e-09  6.64497e-12
      1315.05  3.73171e-09  6.37500e-12
      1315.39  4.22085e-09  6.67415e-12
      1315.74  5.34233e-09  7.42558e-12
      1316.08  7.90103e-09  8.80449e-12
      1316.43  1.49219e-08  1.16087e-11
      1316.78  2.40316e-08  1.49753e-11
      1317.12  1.95809e-08  1.31581e-11
      1317.47  1.02428e-08  9.26345e-12
      1317.82  6.26795e-09  7.51191e-12
      1318.17  6.30457e-09  7.64999e-12
      1318.51  9.95551e-09  1.00008e-11
      1318.86  1.21848e-08  1.16511e-11
      1319.21  8.59453e-09  1.00679e-11
      1319.56  5.24069e-09  8.17064e-12
      1319.91  5.19086e-09  8.27370e-12
      1320.25  5.32034e-09  7.90294e-12
      1320.60  5.34865e-09  7.52449e-12
      1320.95  6.42064e-09  7.89853e-12
      1321.30  9.02663e-09  9.06535e-12
      1321.65  1.65312e-08  1.19727e-11
      1322.00  2.82536e-08  1.64004e-11
      1322.35  2.56169e-08  1.55322e-11
      1322.70  1.42492e-08  1.13043e-11
      1323.05  9.35472e-09  9.21233e-12
      1323.40  1.00553e-08  9.33366e-12
      1323.75  1.17740e-08  1.00387e-11
      1324.10  1.22086e-08  1.06521e-11
      1324.45  9.22366e-09  9.55043e-12
      1324.80  6.65753e-09  8.78919e-12
      