227
      1249.95  3.32687e-08  3.02161e-11
      1250.27  1.80354e-08  2.13395e-11
      1250.58  7.11949e-09  1.36159e-11
      1250.89  5.15780e-09  1.23997e-11
      1251.20  6.46231e-09  1.39023e-11
      1251.52  9.18592e-09  1.63858e-11
      1251.83  1.47304e-08  2.11539e-11
      1252.14  1.92757e-08  2.43553e-11
      1252.46  1.92548e-08  2.42147e-11
      1252.77  1.81046e-08  2.24946e-11
      1253.09  2.64213e-08  2.58096e-11
      1253.40  4.53477e-08  3.33042e-11
      1253.71  5.52536e-08  3.72950e-11
      1254.03  3.75306e-08  3.09607e-11
      1254.34  2.12238e-08  2.73946e-11
      1254.66  2.36468e-08  3.40095e-11
      1254.97  3.39365e-08  4.32401e-11
      1255.29  2.49532e-08  3.64215e-11
      1255.60  1.31138e-08  2.55952e-11
      1255.92  1.41279e-08  2.59809e-11
      1256.23  2.16581e-08  3.02798e-11
      1256.55  3.22202e-08  3.70937e-11
      1256.87  2.50239e-08  3.20526e-11
      1257.18  1.31174e-08  2.40053e-11
      1257.50  9.92008e-09  2.22725e-11
      1257.81  1.07068e-08  2.36314e-11
      1258.13  1.30483e-08  2.62285e-11
      1258.45  1.34991e-08  2.57687e-11
      1258.76  1.41899e-08  2.50396e-11
      1259.08  2.21135e-08  2.91407e-11
      1259.40  4.01664e-08  3.87349e-11
      1259.72  5.31417e-08  4.52041e-11
      1260.03  4.14828e-08  3.76325e-11
      1260.35  3.16873e-08  2.80182e-11
      1260.67  3.92457e-08  3.13955e-11
      1260.99  3.77496e-08  3.02770e-11
      1261.30  3.07835e-08  2.57434e-11
      1261.62  3.66555e-08  2.78403e-11
      1261.94  3.85359e-08  2.68094e-11
      1262.26  3.91569e-08  2.67774e-11
      1262.58  3.08326e-08  2.29538e-11
      1262.90  3.09203e-08  2.32883e-11
      1263.22  4.44946e-08  3.00406e-11
      1263.54  3.88229e-08  2.80622e-11
      1263.86  2.66641e-08  2.35464e-11
      1264.17  2.21349e-08  2.19964e-11
      1264.49  1.69304e-08  1.86505e-11
      1264.81  1.71820e-08  1.79966e-11
      1265.13  3.03648e-08  2.38595e-11
      1265.45  4.55285e-08  3.03167e-11
      1265.77  4.27481e-08  3.40813e-11
      1266.10  2.46234e-08  2.96873e-11
      1266.42  1.42623e-08  2.38692e-11
      1266.74  1.24686e-08  2.30156e-11
      1267.06  1.56789e-08  2.51630e-11
      1267.38  2.79272e-08  3.15591e-11
      1267.70  4.83539e-08  4.12792e-11
      1268.02  5.16637e-08  4.04243e-11
      1268.34  5.16777e-08  4.08998e-11
      1268.67  4.71127e-08  3.88012e-11
      1268.99  4.71201e-08  4.11642e-11
      1269.31  3.83629e-08  3.76283e-11
      1269.63  2.71172e-08  3.20599e-11
      1269.95  2.32023e-08  2.98283e-11
      1270.28  2.67322e-08  2.88135e-11
      1270.60  4.15884e-08  3.04512e-11
      1270.92  4.75335e-08  2.89348e-11
      1271.25  5.11937e-08  2.93019e-11
      1271.57  5.11487e-08  2.99008e-11
      1271.89  3.26057e-08  2.36719e-11
      1272.22  1.67332e-08  1.76537e-11
      1272.54  1.13774e-08  1.52808e-11
      1272.86  9.63270e-09  1.41886e-11
      1273.19  9.01878e-09  1.34002e-11
      1273.51  1.02894e-08  1.34729e-11
      1273.84  1.48876e-08  1.58610e-11
      1274.16  1.92081e-08  1.79510e-11
      1274.49  2.34947e-08  1.96802e-11
      1274.81  3.81143e-08  2.68828e-11
      1275.14  5.09557e-08  3.44817e-11
      1275.46  4.71558e-08  3.97234e-11
      1275.79  3.29707e-08  3.49603e-11
      1276.11  2.33370e-08  2.84655e-11
      1276.44  2.82127e-08  2.97396e-11
      1276.76  4.37013e-08  3.74911e-11
      1277.09  4.54761e-08  3.66653e-11
      1277.42  4.64204e-08  3.90964e-11
      1277.74  3.37941e-08  3.36985e-11
      1278.07  1.83382e-08  2.57515e-11
      1278.40  1.19463e-08  2.19517e-11
      1278.72  9.50706e-09  1.99871e-11
      1279.05  9.31958e-09  1.89584e-11
      1279.38  1.21164e-08  1.89084e-11
      1279.71  1.65852e-08  1.79292e-11
      1280.03  2.07887e-08  1.95041e-11
      1280.36  1.93212e-08  1.81957e-11
      1280.69  2.04815e-08  1.92698e-11
      1281.02  2.59131e-08  2.20062e-11
      1281.34  3.52852e-08  2.61319e-11
      1281.67  4.11325e-08  2.84358e-11
      1282.00  3.39966e-08  2.45520e-11
      1282.33  3.47704e-08  2.38201e-11
      1282.66  4.90225e-08  2.83360e-11
      1282.99  5.97892e-08  3.16620e-11
      1283.32  5.92645e-08  3.28052e-11
      1283.65  4.57100e-08  3.22375e-11
      1283.98  2.71886e-08  3.00915e-11
      1284.31  1.69545e-08  2.58906e-11
      1284.64  1.31877e-08  2.31282e-11
      1284.97  1.29055e-08  2.23434e-11
      1285.30  1.46661e-08  2.30593e-11
      1285.63  1.30305e-08  2.08098e-11
      1285.96  1.21391e-08  1.98841e-11
      1286.29  1.67275e-08  2.38238e-11
      1286.62  2.22349e-08  2.87594e-11
      1286.95  2.16168e-08  2.84767e-11
      1287.28  2.57620e-08  3.04278e-11
      1287.61  4.15479e-08  3.35400e-11
      1287.95  4.80745e-08  3.11114e-11
      1288.28  4.81730e-08  2.89244e-11
      1288.61  4.81959e-08  2.76540e-11
      1288.94  4.72049e-08  2.73790e-11
      1289.27  3.60888e-08  2.39263e-11
      1289.61  2.83737e-08  2.22333e-11
      1289.94  2.40271e-08  2.15267e-11
      1290.27  1.73717e-08  1.85942e-11
      1290.61  1.48326e-08  1.77106e-11
      1290.94  1.17043e-08  1.57051e-11
      1291.27  8.84798e-09  1.38523e-11
      1291.61  1.00334e-08  1.70239e-11
      1291.94  1.56619e-08  2.25504e-11
      1292.27  2.44429e-08  2.83351e-11
      1292.61  3.31500e-08  3.47126e-11
      1292.94  2.60309e-08  3.04838e-11
      1293.28  2.10563e-08  2.76423e-11
      1293.61  2.69485e-08  3.18270e-11
      1293.95  3.20016e-08  3.25529e-11
      1294.28  4.40531e-08  3.73414e-11
      1294.62  4.94988e-08  3.85770e-11
      1294.95  4.21347e-08  3.01695e-11
      1295.29  4.21201e-08  2.81150e-11
      1295.62  3.75452e-08  2.65763e-11
      1295.96  2.88615e-08  2.33889e-11
      1296.29  2.55520e-08  2.18916e-11
      1296.63  2.64175e-08  2.16370e-11
      1296.97  3.09734e-08  2.23370e-11
      1297.30  4.34854e-08  2.60458e-11
      1297.64  5.63859e-08  3.03489e-11
      1297.98  4.99686e-08  2.91221e-11
      1298.31  3.51904e-08  2.59761e-11
      1298.65  2.28176e-08  2.44368e-11
      1298.99  1.75775e-08  2.51341e-11
      1299.33  2.60968e-08  3.03911e-11
      1299.66  4.21686e-08  3.88552e-11
      1300.00  4.67544e-08  3.87151e-11
      1300.34  4.19842e-08  3.61488e-11
      1300.68  3.08522e-08  3.03764e-11
      1301.02  3.10035e-08  3.06854e-11
      1301.35  4.80531e-08  4.05035e-11
      1301.69  5.65591e-08  4.27466e-11
      1302.03  5.43431e-08  3.57611e-11
      1302.37  4.94085e-08  3.02268e-11
      1302.71  5.45886e-08  3.07369e-11
      1303.05  5.94578e-08  3.03975e-11
      1303.39  6.57953e-08  3.15246e-11
      1303.73  6.96578e-08  3.26857e-11
      1304.07  6.66062e-08  3.26555e-11
      1304.41  6.77008e-08  3.45295e-11
      1304.75  7.07786e-08  3.69015e-11
      1305.09  7.27519e-08  4.09376e-11
      1305.43  8.16042e-08  5.04327e-11
      1305.77  9.22312e-08  5.40659e-11
      1306.11  9.06442e-08  5.24477e-11
      1306.46  6.66267e-08  4.44250e-11
      1306.80  3.83777e-08  3.39386e-11
      1307.14  2.34020e-08  2.76760e-11
      1307.48  1.70982e-08  2.48742e-11
      1307.82  1.39574e-08  2.28848e-11
      1308.16  1.38177e-08  2.07655e-11
      1308.51  1.56634e-08  1.85380e-11
      1308.85  1.32393e-08  1.55838e-11
      1309.19  9.97067e-09  1.30601e-11
      1309.53  9.19423e-09  1.26553e-11
      1309.88  9.00138e-09  1.27356e-11
      1310.22  9.53589e-09  1.34815e-11
      1310.56  1.17417e-08  1.51733e-11
      1310.91  1.89062e-08  1.89534e-11
      1311.25  3.28056e-08  2.58615e-11
      1311.60  3.40484e-08  2.82964e-11
      1311.94  2.11175e-08  2.49798e-11
      1312.28  1.21488e-08  1.96953e-11
      1312.63  8.76554e-09  1.74734e-11
      1312.97  7.66936e-09  1.71701e-11
      1313.32  9.86317e-09  1.99214e-11
      1313.66  1.51186e-08  2.53017e-11
      1314.01  1.29634e-08  2.25746e-11
      1314.35  8.08784e-09  1.65558e-11
      1314.70  6.38421e-09  1.22015e-11
      1315.05  6.36630e-09  1.12193e-11
      1315.39  7.10740e-09  1.17219e-11
      1315.74  8.84624e-09  1.29107e-11
      1316.08  1.28069e-08  1.53670e-11
      1316.43  2.28822e-08  2.05360e-11
      1316.78  3.49555e-08  2.64300e-11
      1317.12  2.93100e-08  2.37456e-11
      1317.47  1.63114e-08  1.76665e-11
      1317.82  1.05721e-08  1.70521e-11
      1318.17  1.05690e-08  1.84422e-11
      1318.51  1.60219e-08  2.33602e-11
      1318.86  1.94087e-08  2.67231e-11
      1319.21  1.39484e-08  2.31276e-11
      1319.56  8.65024e-09  1.86136e-11
      1319.91  8.63451e-09  1.88178e-11
      1320.25  8.88238e-09  1.83345e-11
      1320.60  8.94436e-09  1.53674e-11
      1320.95  1.04978e-08  1.40400e-11
      1321.30  1.41498e-08  1.55966e-11
      1321.65  2.44573e-08  2.01200e-11
      1322.00  4.22857e-08  2.83185e-11
      1322.35  3.76332e-08  2.66301e-11
      1322.70  2.12114e-08  1.98978e-11
      1323.05  1.47079e-08  1.67404e-11
      1323.40  1.60840e-08  1.84837e-11
      1323.75  1.87375e-08  2.31539e-11
      1324.10  1.95866e-08  2.54093e-11
      1324.45  1.48133e-08  2.22586e-11
      1324.80  1.11068e-08  2.04222e-11
      