227
      1249.95  3.35938e-08  3.00693e-11
      1250.27  1.78288e-08  2.08950e-11
      1250.58  6.90672e-09  1.33107e-11
      1250.89  5.09570e-09  1.23601e-11
      1251.20  6.42045e-09  1.43719e-11
      1251.52  9.02190e-09  1.65879e-11
      1251.83  1.46908e-08  2.15432e-11
      1252.14  1.93438e-08  2.48495e-11
      1252.46  1.92763e-08  2.49446e-11
      1252.77  1.77495e-08  2.30677e-11
      1253.09  2.59742e-08  2.66714e-11
      1253.40  4.54539e-08  3.45628e-11
      1253.71  5.60528e-08  3.78636e-11
      1254.03  3.68099e-08  2.96786e-11
      1254.34  2.00936e-08  2.25190e-11
      1254.66  2.30802e-08  2.52036e-11
      1254.97  3.44670e-08  3.30892e-11
      1255.29  2.48787e-08  2.74399e-11
      1255.60  1.27399e-08  1.91020e-11
      1255.92  1.38704e-08  1.96298e-11
      1256.23  2.11901e-08  2.24716e-11
      1256.55  3.26494e-08  2.83840e-11
      1256.87  2.48042e-08  2.41056e-11
      1257.18  1.27900e-08  1.79043e-11
      1257.50  9.62393e-09  1.65338e-11
      1257.81  1.05000e-08  1.74837e-11
      1258.13  1.30377e-08  1.98673e-11
      1258.45  1.34452e-08  1.99544e-11
      1258.76  1.39923e-08  1.89538e-11
      1259.08  2.18658e-08  2.19167e-11
      1259.40  4.02895e-08  2.90518e-11
      1259.72  5.36132e-08  3.36248e-11
      1260.03  4.18994e-08  2.91669e-11
      1260.35  3.13603e-08  2.51983e-11
      1260.67  3.95757e-08  3.00276e-11
      1260.99  3.77273e-08  2.88406e-11
      1261.30  3.03039e-08  2.44350e-11
      1261.62  3.69007e-08  2.70384e-11
      1261.94  3.82913e-08  2.61634e-11
      1262.26  3.87556e-08  2.89481e-11
      1262.58  2.87323e-08  2.39559e-11
      1262.90  3.05483e-08  2.32727e-11
      1263.22  4.49970e-08  3.07525e-11
      1263.54  3.86356e-08  2.86232e-11
      1263.86  2.65531e-08  2.43549e-11
      1264.17  2.23158e-08  2.50538e-11
      1264.49  1.63532e-08  2.04431e-11
      1264.81  1.69221e-08  1.86238e-11
      1265.13  3.05558e-08  2.45338e-11
      1265.45  4.58176e-08  2.95904e-11
      1265.77  4.15189e-08  2.84377e-11
      1266.10  2.42840e-08  2.21399e-11
      1266.42  1.41711e-08  1.79453e-11
      1266.74  1.23848e-08  1.73218e-11
      1267.06  1.54894e-08  1.88906e-11
      1267.38  2.77251e-08  2.37353e-11
      1267.70  4.79497e-08  3.11634e-11
      1268.02  5.10958e-08  3.02845e-11
      1268.34  5.11287e-08  3.03860e-11
      1268.67  4.67248e-08  2.89692e-11
      1268.99  4.68362e-08  3.14600e-11
      1269.31  3.80742e-08  2.88516e-11
      1269.63  2.71239e-08  2.43461e-11
      1269.95  2.31496e-08  2.21282e-11
      1270.28  2.63310e-08  2.19627e-11
      1270.60  4.01739e-08  2.64719e-11
      1270.92  4.71995e-08  2.71922e-11
      1271.25  5.10501e-08  2.79242e-11
      1271.57  5.04714e-08  2.85292e-11
      1271.89  3.25744e-08  2.31307e-11
      1272.22  1.70084e-08  1.74755e-11
      1272.54  1.16173e-08  1.64977e-11
      1272.86  9.55125e-09  1.55293e-11
      1273.19  8.97914e-09  1.35739e-11
      1273.51  1.03268e-08  1.37258e-11
      1273.84  1.48299e-08  1.62477e-11
      1274.16  1.90354e-08  1.83936e-11
      1274.49  2.36963e-08  2.05356e-11
      1274.81  3.82828e-08  2.71701e-11
      1275.14  5.04394e-08  3.19694e-11
      1275.46  4.64053e-08  3.11659e-11
      1275.79  3.29693e-08  2.61755e-11
      1276.11  2.35680e-08  2.15488e-11
      1276.44  2.82561e-08  2.24760e-11
      1276.76  4.28657e-08  2.79190e-11
      1277.09  4.52664e-08  2.76400e-11
      1277.42  4.56592e-08  2.88237e-11
      1277.74  3.35967e-08  2.50903e-11
      1278.07  1.85360e-08  1.93690e-11
      1278.40  1.20001e-08  1.68063e-11
      1278.72  9.49611e-09  1.50451e-11
      1279.05  9.32589e-09  1.41087e-11
      1279.38  1.18573e-08  1.47455e-11
      1279.71  1.63353e-08  1.63416e-11
      1280.03  2.05995e-08  1.84033e-11
      1280.36  1.93849e-08  1.75542e-11
      1280.69  2.04264e-08  1.87056e-11
      1281.02  2.58681e-08  2.16004e-11
      1281.34  3.50362e-08  2.62222e-11
      1281.67  4.07079e-08  3.13159e-11
      1282.00  3.32198e-08  2.68728e-11
      1282.33  3.46550e-08  2.45184e-11
      1282.66  4.87651e-08  2.92610e-11
      1282.99  5.96480e-08  3.28314e-11
      1283.32  5.89342e-08  3.27848e-11
      1283.65  4.43535e-08  2.89823e-11
      1283.98  2.65742e-08  2.32731e-11
      1284.31  1.69000e-08  1.95666e-11
      1284.64  1.31121e-08  1.74228e-11
      1284.97  1.27541e-08  1.65881e-11
      1285.30  1.44910e-08  1.71940e-11
      1285.63  1.29377e-08  1.56642e-11
      1285.96  1.19644e-08  1.52258e-11
      1286.29  1.65456e-08  1.82996e-11
      1286.62  2.21992e-08  2.17462e-11
      1286.95  2.15019e-08  2.12289e-11
      1287.28  2.52633e-08  2.24277e-11
      1287.61  4.02476e-08  2.82909e-11
      1287.95  4.79012e-08  2.92408e-11
      1288.28  4.80539e-08  2.76522e-11
      1288.61  4.80376e-08  2.68440e-11
      1288.94  4.73833e-08  2.71504e-11
      1289.27  3.59611e-08  2.38341e-11
      1289.61  2.82629e-08  2.23877e-11
      1289.94  2.40099e-08  2.19648e-11
      1290.27  1.71568e-08  1.90227e-11
      1290.61  1.48440e-08  1.84797e-11
      1290.94  1.15892e-08  1.58655e-11
      1291.27  8.75888e-09  1.29856e-11
      1291.61  9.95592e-09  1.34801e-11
      1291.94  1.54279e-08  1.69091e-11
      1292.27  2.40647e-08  2.12818e-11
      1292.61  3.35326e-08  2.68110e-11
      1292.94  2.55851e-08  2.28223e-11
      1293.28  2.07361e-08  2.06326e-11
      1293.61  2.68664e-08  2.40522e-11
      1293.95  3.18190e-08  2.47679e-11
      1294.28  4.42875e-08  2.83417e-11
      1294.62  4.94320e-08  2.87848e-11
      1294.95  4.26558e-08  2.59223e-11
      1295.29  4.20145e-08  2.65442e-11
      1295.62  3.72897e-08  2.53356e-11
      1295.96  2.89010e-08  2.27564e-11
      1296.29  2.55821e-08  2.15516e-11
      1296.63  2.64007e-08  2.17096e-11
      1296.97  3.10663e-08  2.27707e-11
      1297.30  4.34535e-08  2.67472e-11
      1297.64  5.57024e-08  3.11656e-11
      1297.98  4.95711e-08  2.98943e-11
      1298.31  3.48719e-08  2.54556e-11
      1298.65  2.20424e-08  2.07185e-11
      1298.99  1.76208e-08  1.90115e-11
      1299.33  2.60083e-08  2.30424e-11
      1299.66  4.14793e-08  2.89329e-11
      1300.00  4.63482e-08  2.90223e-11
      1300.34  4.15056e-08  2.68050e-11
      1300.68  3.10564e-08  2.31540e-11
      1301.02  3.11717e-08  2.34307e-11
      1301.35  4.78087e-08  3.00205e-11
      1301.69  5.64405e-08  3.25036e-11
      1302.03  5.43669e-08  3.15304e-11
      1302.37  4.93587e-08  2.87245e-11
      1302.71  5.42269e-08  2.94237e-11
      1303.05  5.93431e-08  2.96091e-11
      1303.39  6.55142e-08  3.12864e-11
      1303.73  6.95660e-08  3.28891e-11
      1304.07  6.64342e-08  3.33504e-11
      1304.41  6.74575e-08  3.56684e-11
      1304.75  7.06678e-08  3.79263e-11
      1305.09  7.29291e-08  3.75910e-11
      1305.43  8.15747e-08  3.88716e-11
      1305.77  9.19416e-08  4.06576e-11
      1306.11  9.07023e-08  3.95068e-11
      1306.46  6.64603e-08  3.34057e-11
      1306.80  3.79363e-08  2.52867e-11
      1307.14  2.31726e-08  2.07167e-11
      1307.48  1.69927e-08  1.89930e-11
      1307.82  1.38686e-08  1.71002e-11
      1308.16  1.35794e-08  1.63511e-11
      1308.51  1.56817e-08  1.69784e-11
      1308.85  1.31193e-08  1.46887e-11
      1309.19  9.90222e-09  1.25919e-11
      1309.53  9.15726e-09  1.23980e-11
      1309.88  8.96059e-09  1.26407e-11
      1310.22  9.51425e-09  1.36631e-11
      1310.56  1.17845e-08  1.57178e-11
      1310.91  1.90586e-08  1.97408e-11
      1311.25  3.24636e-08  2.62827e-11
      1311.60  3.27609e-08  2.47991e-11
      1311.94  2.10039e-08  1.90781e-11
      1312.28  1.22741e-08  1.48743e-11
      1312.63  8.74755e-09  1.33025e-11
      1312.97  7.62378e-09  1.28230e-11
      1313.32  9.79559e-09  1.46420e-11
      1313.66  1.48008e-08  1.89795e-11
      1314.01  1.28919e-08  1.69852e-11
      1314.35  8.17748e-09  1.28247e-11
      1314.70  6.44272e-09  1.09437e-11
      1315.05  6.33112e-09  1.06087e-11
      1315.39  7.07145e-09  1.12191e-11
      1315.74  8.79147e-09  1.26823e-11
      1316.08  1.27373e-08  1.53700e-11
      1316.43  2.27016e-08  2.08893e-11
      1316.78  3.49098e-08  2.72892e-11
      1317.12  2.94297e-08  2.47952e-11
      1317.47  1.58570e-08  1.70877e-11
      1317.82  1.02498e-08  1.37190e-11
      1318.17  1.03781e-08  1.37381e-11
      1318.51  1.58856e-08  1.75804e-11
      1318.86  1.94565e-08  2.02320e-11
      1319.21  1.38301e-08  1.72074e-11
      1319.56  8.50605e-09  1.41796e-11
      1319.91  8.64514e-09  1.44015e-11
      1320.25  8.86944e-09  1.37427e-11
      1320.60  8.81676e-09  1.25602e-11
      1320.95  1.03863e-08  1.30380e-11
      1321.30  1.40431e-08  1.49799e-11
      1321.65  2.45723e-08  1.98427e-11
      1322.00  4.22146e-08  2.82917e-11
      1322.35  3.71739e-08  2.69331e-11
      1322.70  2.13730e-08  2.06383e-11
      1323.05  1.48821e-08  1.73771e-11
      1323.40  1.62161e-08  1.77116e-11
      1323.75  1.87126e-08  1.83839e-11
      1324.10  1.93179e-08  1.91540e-11
      1324.45  1.47711e-08  1.69791e-11
      1324.80  1.10269e-08  1.53411e-11
      