227
      1249.95  1.47591e-08  2.18871e-11
      1250.27  7.45488e-09  1.53518e-11
      1250.58  2.49026e-09  9.94394e-12
      1250.89  1.62646e-09  9.16479e-12
      1251.20  2.16613e-09  1.06682e-11
      1251.52  3.44442e-09  1.23925e-11
      1251.83  6.07316e-09  1.60550e-11
      1252.14  8.05275e-09  1.79597e-11
      1252.46  7.83976e-09  1.74435e-11
      1252.77  7.21662e-09  1.60531e-11
      1253.09  1.14687e-08  1.81996e-11
      1253.40  2.12991e-08  2.36517e-11
      1253.71  2.64439e-08  2.62643e-11
      1254.03  1.69276e-08  2.07503e-11
      1254.34  8.48984e-09  1.54018e-11
      1254.66  9.94422e-09  1.71190e-11
      1254.97  1.52515e-08  2.20885e-11
      1255.29  1.06840e-08  1.81551e-11
      1255.60  5.01062e-09  1.25549e-11
      1255.92  5.31021e-09  1.25034e-11
      1256.23  8.98522e-09  1.44754e-11
      1256.55  1.42732e-08  1.79869e-11
      1256.87  1.05962e-08  1.52351e-11
      1257.18  4.96925e-09  1.11927e-11
      1257.50  3.45196e-09  1.02862e-11
      1257.81  3.88241e-09  1.10290e-11
      1258.13  4.90611e-09  1.19809e-11
      1258.45  4.98381e-09  1.16515e-11
      1258.76  5.27151e-09  1.11756e-11
      1259.08  9.15863e-09  1.32054e-11
      1259.40  1.84006e-08  1.82137e-11
      1259.72  2.50006e-08  2.17057e-11
      1260.03  1.94446e-08  1.92809e-11
      1260.35  1.43738e-08  1.69352e-11
      1260.67  1.79186e-08  2.02822e-11
      1260.99  1.70447e-08  1.99986e-11
      1261.30  1.38212e-08  1.75609e-11
      1261.62  1.66836e-08  1.93577e-11
      1261.94  1.78317e-08  1.90579e-11
      1262.26  1.81258e-08  1.94061e-11
      1262.58  1.38948e-08  1.67429e-11
      1262.90  1.42575e-08  1.72634e-11
      1263.22  2.11713e-08  2.23059e-11
      1263.54  1.82850e-08  2.09460e-11
      1263.86  1.18879e-08  1.72719e-11
      1264.17  9.24675e-09  1.57152e-11
      1264.49  6.81490e-09  1.31672e-11
      1264.81  7.14157e-09  1.25260e-11
      1265.13  1.36992e-08  1.63841e-11
      1265.45  2.10758e-08  2.03950e-11
      1265.77  1.92090e-08  1.95808e-11
      1266.10  1.08434e-08  1.50012e-11
      1266.42  5.60693e-09  1.16568e-11
      1266.74  4.66103e-09  1.10387e-11
      1267.06  6.20391e-09  1.17715e-11
      1267.38  1.25334e-08  1.52262e-11
      1267.70  2.25868e-08  1.97944e-11
      1268.02  2.48028e-08  1.94775e-11
      1268.34  2.42907e-08  1.90839e-11
      1268.67  2.23653e-08  1.83517e-11
      1268.99  2.17742e-08  1.90350e-11
      1269.31  1.74350e-08  1.74763e-11
      1269.63  1.16949e-08  1.47067e-11
      1269.95  9.67926e-09  1.35157e-11
      1270.28  1.16084e-08  1.41490e-11
      1270.60  1.86205e-08  1.75664e-11
      1270.92  2.26920e-08  1.88815e-11
      1271.25  2.47181e-08  1.98343e-11
      1271.57  2.44278e-08  2.07309e-11
      1271.89  1.54148e-08  1.69241e-11
      1272.22  7.10875e-09  1.25306e-11
      1272.54  4.34459e-09  1.10876e-11
      1272.86  3.52321e-09  1.01832e-11
      1273.19  3.29152e-09  9.55908e-12
      1273.51  3.96751e-09  9.69318e-12
      1273.84  6.05170e-09  1.12035e-11
      1274.16  8.11877e-09  1.26441e-11
      1274.49  1.05276e-08  1.41714e-11
      1274.81  1.78236e-08  1.89515e-11
      1275.14  2.44781e-08  2.27564e-11
      1275.46  2.24586e-08  2.18483e-11
      1275.79  1.51775e-08  1.78290e-11
      1276.11  1.00213e-08  1.39544e-11
      1276.44  1.16104e-08  1.51955e-11
      1276.76  2.17241e-08  2.05431e-11
      1277.09  2.18766e-08  1.80027e-11
      1277.42  2.19491e-08  1.85409e-11
      1277.74  1.58465e-08  1.61094e-11
      1278.07  7.58038e-09  1.16929e-11
      1278.40  4.49458e-09  9.98313e-12
      1278.72  3.45066e-09  9.12003e-12
      1279.05  3.35559e-09  8.73650e-12
      1279.38  4.45747e-09  9.34574e-12
      1279.71  6.62398e-09  1.06779e-11
      1280.03  8.98025e-09  1.26115e-11
      1280.36  8.27061e-09  1.22412e-11
      1280.69  8.65189e-09  1.31614e-11
      1281.02  1.13212e-08  1.55087e-11
      1281.34  1.64329e-08  1.90480e-11
      1281.67  2.03382e-08  2.15366e-11
      1282.00  1.60169e-08  1.82411e-11
      1282.33  1.58319e-08  1.71409e-11
      1282.66  2.41546e-08  2.08561e-11
      1282.99  3.04085e-08  2.31924e-11
      1283.32  3.04733e-08  2.36922e-11
      1283.65  2.18338e-08  2.03961e-11
      1283.98  1.16696e-08  1.54043e-11
      1284.31  6.77214e-09  1.24541e-11
      1284.64  5.07089e-09  1.09483e-11
      1284.97  4.93483e-09  1.02981e-11
      1285.30  5.95138e-09  1.08201e-11
      1285.63  5.04537e-09  9.37232e-12
      1285.96  4.50239e-09  8.68955e-12
      1286.29  6.85342e-09  1.07318e-11
      1286.62  9.84923e-09  1.34626e-11
      1286.95  9.09579e-09  1.30107e-11
      1287.28  1.10612e-08  1.43006e-11
      1287.61  1.96737e-08  1.95172e-11
      1287.95  2.34906e-08  2.07239e-11
      1288.28  2.35566e-08  2.00967e-11
      1288.61  2.35841e-08  1.97189e-11
      1288.94  2.36433e-08  2.06885e-11
      1289.27  1.71106e-08  1.77357e-11
      1289.61  1.29564e-08  1.65266e-11
      1289.94  1.04991e-08  1.57683e-11
      1290.27  7.20296e-09  1.33626e-11
      1290.61  6.07350e-09  1.24302e-11
      1290.94  4.57131e-09  1.06228e-11
      1291.27  3.34856e-09  8.91304e-12
      1291.61  3.84581e-09  9.08295e-12
      1291.94  6.24739e-09  1.08641e-11
      1292.27  1.05152e-08  1.37013e-11
      1292.61  1.47694e-08  1.69685e-11
      1292.94  1.11991e-08  1.44836e-11
      1293.28  8.73943e-09  1.27117e-11
      1293.61  1.12656e-08  1.42384e-11
      1293.95  1.43664e-08  1.49758e-11
      1294.28  2.07717e-08  1.76117e-11
      1294.62  2.35380e-08  1.85782e-11
      1294.95  2.03974e-08  1.74957e-11
      1295.29  1.94861e-08  1.83000e-11
      1295.62  1.70708e-08  1.80461e-11
      1295.96  1.28444e-08  1.62174e-11
      1296.29  1.11979e-08  1.55956e-11
      1296.63  1.17154e-08  1.57227e-11
      1296.97  1.43001e-08  1.64827e-11
      1297.30  2.10845e-08  1.94835e-11
      1297.64  2.77334e-08  2.24434e-11
      1297.98  2.43131e-08  2.10354e-11
      1298.31  1.58429e-08  1.73104e-11
      1298.65  9.20829e-09  1.37684e-11
      1298.99  6.90727e-09  1.19050e-11
      1299.33  1.11919e-08  1.44591e-11
      1299.66  1.96193e-08  1.84900e-11
      1300.00  2.23595e-08  1.86585e-11
      1300.34  1.96272e-08  1.68972e-11
      1300.68  1.38305e-08  1.39042e-11
      1301.02  1.35925e-08  1.39452e-11
      1301.35  2.33736e-08  1.95759e-11
      1301.69  2.82118e-08  2.18835e-11
      1302.03  2.74110e-08  2.21105e-11
      1302.37  2.40939e-08  2.04200e-11
      1302.71  2.78460e-08  2.21554e-11
      1303.05  3.05226e-08  2.24839e-11
      1303.39  3.47817e-08  2.42358e-11
      1303.73  3.77098e-08  2.59344e-11
      1304.07  3.48546e-08  2.52788e-11
      1304.41  3.53920e-08  2.62360e-11
      1304.75  3.73890e-08  2.74907e-11
      1305.09  3.84373e-08  2.71280e-11
      1305.43  4.44098e-08  2.81965e-11
      1305.77  5.15361e-08  2.88294e-11
      1306.11  5.12927e-08  2.80949e-11
      1306.46  3.53787e-08  2.26197e-11
      1306.80  1.81830e-08  1.60538e-11
      1307.14  1.00108e-08  1.26920e-11
      1307.48  6.89128e-09  1.11407e-11
      1307.82  5.49411e-09  1.03797e-11
      1308.16  5.49619e-09  1.03979e-11
      1308.51  6.42211e-09  1.11820e-11
      1308.85  5.34186e-09  1.00307e-11
      1309.19  3.91710e-09  8.81973e-12
      1309.53  3.56111e-09  8.86571e-12
      1309.88  3.54186e-09  9.25914e-12
      1310.22  3.82944e-09  9.91049e-12
      1310.56  4.95808e-09  1.10481e-11
      1310.91  8.75451e-09  1.38091e-11
      1311.25  1.52992e-08  1.76949e-11
      1311.60  1.56825e-08  1.70719e-11
      1311.94  9.64669e-09  1.29308e-11
      1312.28  5.12474e-09  9.53013e-12
      1312.63  3.42077e-09  8.42837e-12
      1312.97  2.92098e-09  8.00184e-12
      1313.32  3.86900e-09  8.96436e-12
      1313.66  6.22454e-09  1.12553e-11
      1314.01  5.42849e-09  1.03758e-11
      1314.35  3.09972e-09  8.13203e-12
      1314.70  2.33575e-09  7.25973e-12
      1315.05  2.33250e-09  7.31248e-12
      1315.39  2.67616e-09  8.02029e-12
      1315.74  3.46470e-09  9.23680e-12
      1316.08  5.28953e-09  1.11891e-11
      1316.43  1.03988e-08  1.51962e-11
      1316.78  1.80728e-08  2.05400e-11
      1317.12  1.43541e-08  1.74156e-11
      1317.47  6.80865e-09  1.16694e-11
      1317.82  4.04982e-09  9.07651e-12
      1318.17  4.06217e-09  8.87703e-12
      1318.51  6.83889e-09  1.13570e-11
      1318.86  8.51162e-09  1.28513e-11
      1319.21  5.66539e-09  1.06221e-11
      1319.56  3.30654e-09  8.69170e-12
      1319.91  3.35484e-09  8.72729e-12
      1320.25  3.41180e-09  8.49650e-12
      1320.60  3.43928e-09  8.33219e-12
      1320.95  4.21010e-09  9.01960e-12
      1321.30  6.08900e-09  1.06704e-11
      1321.65  1.19735e-08  1.50306e-11
      1322.00  2.10031e-08  2.12235e-11
      1322.35  1.87355e-08  2.04044e-11
      1322.70  1.01267e-08  1.49283e-11
      1323.05  6.41103e-09  1.19150e-11
      1323.40  6.84566e-09  1.17366e-11
      1323.75  8.07709e-09  1.21989e-11
      1324.10  8.33432e-09  1.24007e-11
      1324.45  6.24166e-09  1.08456e-11
      1324.80  4.36825e-09  9.47869e-12
      