227
      1249.95  1.63089e-08  2.20357e-11
      1250.27  8.20176e-09  1.52013e-11
      1250.58  2.77346e-09  9.88322e-12
      1250.89  1.84671e-09  9.16083e-12
      1251.20  2.43740e-09  1.03830e-11
      1251.52  3.79714e-09  1.22408e-11
      1251.83  6.68811e-09  1.57846e-11
      1252.14  8.87743e-09  1.81707e-11
      1252.46  8.68250e-09  1.77112e-11
      1252.77  7.95394e-09  1.60131e-11
      1253.09  1.25896e-08  1.87388e-11
      1253.40  2.33325e-08  2.43814e-11
      1253.71  2.91267e-08  2.74461e-11
      1254.03  1.85884e-08  2.15598e-11
      1254.34  9.41295e-09  1.60801e-11
      1254.66  1.10208e-08  1.78532e-11
      1254.97  1.70440e-08  2.34253e-11
      1255.29  1.18666e-08  1.90837e-11
      1255.60  5.61751e-09  1.32210e-11
      1255.92  6.00032e-09  1.34531e-11
      1256.23  1.00178e-08  1.53371e-11
      1256.55  1.59792e-08  1.93884e-11
      1256.87  1.17613e-08  1.63158e-11
      1257.18  5.57025e-09  1.19746e-11
      1257.50  3.91335e-09  1.10278e-11
      1257.81  4.39205e-09  1.17397e-11
      1258.13  5.56417e-09  1.27574e-11
      1258.45  5.66943e-09  1.23769e-11
      1258.76  5.97228e-09  1.17912e-11
      1259.08  1.02452e-08  1.38596e-11
      1259.40  2.03944e-08  1.89065e-11
      1259.72  2.76371e-08  2.24794e-11
      1260.03  2.14154e-08  1.98013e-11
      1260.35  1.58770e-08  1.73092e-11
      1260.67  1.98641e-08  2.07780e-11
      1260.99  1.88163e-08  2.03698e-11
      1261.30  1.52402e-08  1.77609e-11
      1261.62  1.84293e-08  1.96170e-11
      1261.94  1.95202e-08  1.92034e-11
      1262.26  1.99094e-08  1.96354e-11
      1262.58  1.51247e-08  1.67848e-11
      1262.90  1.55343e-08  1.72812e-11
      1263.22  2.30221e-08  2.26698e-11
      1263.54  1.97628e-08  2.11204e-11
      1263.86  1.29944e-08  1.75621e-11
      1264.17  1.02197e-08  1.60272e-11
      1264.49  7.54464e-09  1.35474e-11
      1264.81  7.91299e-09  1.28898e-11
      1265.13  1.51011e-08  1.72098e-11
      1265.45  2.31961e-08  2.14555e-11
      1265.77  2.11400e-08  2.06759e-11
      1266.10  1.19945e-08  1.58641e-11
      1266.42  6.34055e-09  1.24742e-11
      1266.74  5.30587e-09  1.18021e-11
      1267.06  7.01027e-09  1.26839e-11
      1267.38  1.39321e-08  1.63261e-11
      1267.70  2.48705e-08  2.13228e-11
      1268.02  2.71237e-08  2.08898e-11
      1268.34  2.66725e-08  2.06503e-11
      1268.67  2.45620e-08  1.96770e-11
      1268.99  2.40698e-08  2.03079e-11
      1269.31  1.93069e-08  1.84272e-11
      1269.63  1.31057e-08  1.54483e-11
      1269.95  1.08570e-08  1.40504e-11
      1270.28  1.29120e-08  1.45828e-11
      1270.60  2.04916e-08  1.79416e-11
      1270.92  2.48581e-08  1.91357e-11
      1271.25  2.70670e-08  2.00324e-11
      1271.57  2.65916e-08  2.08044e-11
      1271.89  1.68094e-08  1.69502e-11
      1272.22  7.89098e-09  1.24477e-11
      1272.54  4.86997e-09  1.10072e-11
      1272.86  3.93172e-09  1.02411e-11
      1273.19  3.66260e-09  9.61537e-12
      1273.51  4.41403e-09  9.79283e-12
      1273.84  6.71299e-09  1.15360e-11
      1274.16  8.94032e-09  1.30159e-11
      1274.49  1.15919e-08  1.46270e-11
      1274.81  1.94599e-08  1.94972e-11
      1275.14  2.66396e-08  2.35463e-11
      1275.46  2.45696e-08  2.28112e-11
      1275.79  1.67799e-08  1.87068e-11
      1276.11  1.13207e-08  1.47715e-11
      1276.44  1.39234e-08  1.55816e-11
      1276.76  2.25241e-08  1.95394e-11
      1277.09  2.39965e-08  1.91336e-11
      1277.42  2.39528e-08  1.96804e-11
      1277.74  1.74166e-08  1.72210e-11
      1278.07  8.52723e-09  1.24676e-11
      1278.40  5.11259e-09  1.05006e-11
      1278.72  3.94274e-09  9.42475e-12
      1279.05  3.83868e-09  9.04380e-12
      1279.38  5.07365e-09  9.59350e-12
      1279.71  7.45311e-09  1.09991e-11
      1280.03  9.93196e-09  1.28889e-11
      1280.36  9.22034e-09  1.24380e-11
      1280.69  9.57948e-09  1.33071e-11
      1281.02  1.24793e-08  1.57192e-11
      1281.34  1.78814e-08  1.92532e-11
      1281.67  2.18255e-08  2.16638e-11
      1282.00  1.74666e-08  1.86164e-11
      1282.33  1.73476e-08  1.76211e-11
      1282.66  2.61133e-08  2.15672e-11
      1282.99  3.28229e-08  2.39666e-11
      1283.32  3.28653e-08  2.47547e-11
      1283.65  2.38663e-08  2.16394e-11
      1283.98  1.30179e-08  1.65253e-11
      1284.31  7.65493e-09  1.33785e-11
      1284.64  5.74303e-09  1.17205e-11
      1284.97  5.57727e-09  1.10824e-11
      1285.30  6.66702e-09  1.17522e-11
      1285.63  5.71365e-09  1.02056e-11
      1285.96  5.08516e-09  9.40870e-12
      1286.29  7.66751e-09  1.14371e-11
      1286.62  1.09922e-08  1.40999e-11
      1286.95  1.01735e-08  1.35932e-11
      1287.28  1.21464e-08  1.46718e-11
      1287.61  2.16180e-08  2.00278e-11
      1287.95  2.57572e-08  2.09160e-11
      1288.28  2.57329e-08  2.03049e-11
      1288.61  2.56579e-08  1.98592e-11
      1288.94  2.57868e-08  2.08521e-11
      1289.27  1.84948e-08  1.77081e-11
      1289.61  1.40639e-08  1.66630e-11
      1289.94  1.14843e-08  1.59906e-11
      1290.27  7.85502e-09  1.34855e-11
      1290.61  6.72133e-09  1.29798e-11
      1290.94  5.10753e-09  1.10368e-11
      1291.27  3.75891e-09  9.35560e-12
      1291.61  4.32036e-09  9.54529e-12
      1291.94  7.01111e-09  1.15065e-11
      1292.27  1.16825e-08  1.46036e-11
      1292.61  1.64517e-08  1.81787e-11
      1292.94  1.23566e-08  1.54130e-11
      1293.28  9.71773e-09  1.37130e-11
      1293.61  1.25673e-08  1.53353e-11
      1293.95  1.59106e-08  1.58452e-11
      1294.28  2.29592e-08  1.84409e-11
      1294.62  2.58979e-08  1.92133e-11
      1294.95  2.24233e-08  1.79229e-11
      1295.29  2.14719e-08  1.85414e-11
      1295.62  1.87517e-08  1.81334e-11
      1295.96  1.41592e-08  1.64224e-11
      1296.29  1.23312e-08  1.57843e-11
      1296.63  1.28073e-08  1.58438e-11
      1296.97  1.55525e-08  1.68048e-11
      1297.30  2.28222e-08  1.99023e-11
      1297.64  2.99046e-08  2.30602e-11
      1297.98  2.63507e-08  2.17954e-11
      1298.31  1.74325e-08  1.81426e-11
      1298.65  1.02986e-08  1.46423e-11
      1298.99  7.84552e-09  1.29409e-11
      1299.33  1.25166e-08  1.56541e-11
      1299.66  2.14830e-08  1.97687e-11
      1300.00  2.44517e-08  2.00019e-11
      1300.34  2.14970e-08  1.81568e-11
      1300.68  1.53739e-08  1.48995e-11
      1301.02  1.52274e-08  1.47480e-11
      1301.35  2.54817e-08  2.01256e-11
      1301.69  3.07632e-08  2.23722e-11
      1302.03  2.98039e-08  2.24314e-11
      1302.37  2.64063e-08  2.06923e-11
      1302.71  2.99710e-08  2.20367e-11
      1303.05  3.29314e-08  2.25369e-11
      1303.39  3.71436e-08  2.41447e-11
      1303.73  4.01739e-08  2.58452e-11
      1304.07  3.73508e-08  2.54616e-11
      1304.41  3.79759e-08  2.66773e-11
      1304.75  4.02220e-08  2.81623e-11
      1305.09  4.14175e-08  2.80569e-11
      1305.43  4.78076e-08  2.94009e-11
      1305.77  5.55185e-08  3.03512e-11
      1306.11  5.54177e-08  2.96637e-11
      1306.46  3.82927e-08  2.39818e-11
      1306.80  1.97476e-08  1.71269e-11
      1307.14  1.10371e-08  1.35438e-11
      1307.48  7.71051e-09  1.18050e-11
      1307.82  6.18038e-09  1.08875e-11
      1308.16  6.17386e-09  1.06810e-11
      1308.51  7.22523e-09  1.15121e-11
      1308.85  5.96027e-09  1.01768e-11
      1309.19  4.37143e-09  8.92033e-12
      1309.53  3.97376e-09  9.01636e-12
      1309.88  3.92496e-09  9.35137e-12
      1310.22  4.22726e-09  1.00924e-11
      1310.56  5.45106e-09  1.13167e-11
      1310.91  9.59494e-09  1.43851e-11
      1311.25  1.67308e-08  1.85570e-11
      1311.60  1.71266e-08  1.82169e-11
      1311.94  1.06739e-08  1.39050e-11
      1312.28  5.75776e-09  1.04121e-11
      1312.63  3.87299e-09  9.04788e-12
      1312.97  3.29882e-09  8.66317e-12
      1313.32  4.37854e-09  9.64919e-12
      1313.66  6.92676e-09  1.19919e-11
      1314.01  6.05814e-09  1.09097e-11
      1314.35  3.51758e-09  8.40149e-12
      1314.70  2.66254e-09  7.43749e-12
      1315.05  2.65026e-09  7.38415e-12
      1315.39  3.02282e-09  7.97380e-12
      1315.74  3.87067e-09  9.20226e-12
      1316.08  5.89776e-09  1.11975e-11
      1316.43  1.13600e-08  1.53798e-11
      1316.78  1.92579e-08  2.06302e-11
      1317.12  1.56253e-08  1.78919e-11
      1317.47  7.53325e-09  1.20785e-11
      1317.82  4.51451e-09  9.47513e-12
      1318.17  4.51983e-09  9.40027e-12
      1318.51  7.63477e-09  1.21087e-11
      1318.86  9.55020e-09  1.38450e-11
      1319.21  6.30743e-09  1.13981e-11
      1319.56  3.67529e-09  9.13567e-12
      1319.91  3.79111e-09  9.20693e-12
      1320.25  3.84983e-09  8.73991e-12
      1320.60  3.86868e-09  8.47536e-12
      1320.95  4.71057e-09  9.18012e-12
      1321.30  6.72253e-09  1.11978e-11
      1321.65  1.30185e-08  1.51915e-11
      1322.00  2.27037e-08  2.15028e-11
      1322.35  2.00764e-08  2.06898e-11
      1322.70  1.09946e-08  1.52344e-11
      1323.05  7.09412e-09  1.23631e-11
      1323.40  7.61557e-09  1.24642e-11
      1323.75  9.00275e-09  1.30398e-11
      1324.10  9.28762e-09  1.34062e-11
      1324.45  6.98358e-09  1.16862e-11
      1324.80  4.91933e-09  1.02376e-11
      