227
      1249.95  2.22719e-08  2.09411e-11
      1250.27  1.10240e-08  1.46084e-11
      1250.58  4.17483e-09  9.76462e-12
      1250.89  3.02481e-09  8.98994e-12
      1251.20  3.81411e-09  1.01422e-11
      1251.52  5.53919e-09  1.19555e-11
      1251.83  9.26068e-09  1.55533e-11
      1252.14  1.21432e-08  1.77376e-11
      1252.46  1.19378e-08  1.75531e-11
      1252.77  1.09400e-08  1.61038e-11
      1253.09  1.66252e-08  1.87607e-11
      1253.40  2.99392e-08  2.45791e-11
      1253.71  3.72526e-08  2.79708e-11
      1254.03  2.43693e-08  2.30934e-11
      1254.34  1.26848e-08  1.79498e-11
      1254.66  1.47157e-08  1.99075e-11
      1254.97  2.22801e-08  2.57338e-11
      1255.29  1.57757e-08  2.09286e-11
      1255.60  7.90812e-09  1.47261e-11
      1255.92  8.51046e-09  1.50231e-11
      1256.23  1.35191e-08  1.72831e-11
      1256.55  2.10603e-08  2.20587e-11
      1256.87  1.58927e-08  1.87442e-11
      1257.18  8.04680e-09  1.39663e-11
      1257.50  5.92074e-09  1.29848e-11
      1257.81  6.53474e-09  1.34421e-11
      1258.13  8.11361e-09  1.48068e-11
      1258.45  8.29703e-09  1.41414e-11
      1258.76  8.74210e-09  1.36323e-11
      1259.08  1.41314e-08  1.60473e-11
      1259.40  2.68207e-08  2.16877e-11
      1259.72  3.59370e-08  2.54575e-11
      1260.03  2.84080e-08  2.24036e-11
      1260.35  2.14517e-08  1.94248e-11
      1260.67  2.65858e-08  2.25224e-11
      1260.99  2.55864e-08  2.16918e-11
      1261.30  2.10542e-08  1.86482e-11
      1261.62  2.52149e-08  2.02453e-11
      1261.94  2.68186e-08  1.97997e-11
      1262.26  2.75317e-08  2.11550e-11
      1262.58  2.10083e-08  1.59041e-11
      1262.90  1.99891e-08  1.66678e-11
      1263.22  2.91630e-08  2.17567e-11
      1263.54  2.52392e-08  2.03348e-11
      1263.86  1.70273e-08  1.69561e-11
      1264.17  1.37778e-08  1.56742e-11
      1264.49  1.04437e-08  1.33763e-11
      1264.81  1.07631e-08  1.30091e-11
      1265.13  1.93185e-08  1.80145e-11
      1265.45  2.93685e-08  2.33022e-11
      1265.77  2.68381e-08  2.25818e-11
      1266.10  1.57103e-08  1.74444e-11
      1266.42  8.82244e-09  1.38402e-11
      1266.74  7.56246e-09  1.30528e-11
      1267.06  9.73979e-09  1.41049e-11
      1267.38  1.82217e-08  1.80525e-11
      1267.70  3.14884e-08  2.39414e-11
      1268.02  3.45730e-08  2.38723e-11
      1268.34  3.42286e-08  2.40666e-11
      1268.67  3.16821e-08  2.29875e-11
      1268.99  3.11721e-08  2.32336e-11
      1269.31  2.54981e-08  2.11028e-11
      1269.63  1.78648e-08  1.76774e-11
      1269.95  1.50632e-08  1.59381e-11
      1270.28  1.75353e-08  1.61471e-11
      1270.60  2.69617e-08  1.94644e-11
      1270.92  3.26518e-08  2.07104e-11
      1271.25  3.55521e-08  2.14646e-11
      1271.57  3.52642e-08  2.20332e-11
      1271.89  2.31373e-08  1.79572e-11
      1272.22  1.16714e-08  1.32153e-11
      1272.54  7.61466e-09  1.16158e-11
      1272.86  5.80431e-09  9.57921e-12
      1273.19  5.37419e-09  9.32790e-12
      1273.51  6.26929e-09  9.55885e-12
      1273.84  9.17854e-09  1.13759e-11
      1274.16  1.19968e-08  1.31396e-11
      1274.49  1.51605e-08  1.53090e-11
      1274.81  2.47579e-08  2.12824e-11
      1275.14  3.33086e-08  2.54729e-11
      1275.46  3.08030e-08  2.45424e-11
      1275.79  2.15458e-08  2.02480e-11
      1276.11  1.50501e-08  1.62519e-11
      1276.44  1.82644e-08  1.70976e-11
      1276.76  2.83631e-08  2.17603e-11
      1277.09  3.05793e-08  2.19451e-11
      1277.42  3.06751e-08  2.23944e-11
      1277.74  2.27371e-08  1.96111e-11
      1278.07  1.18202e-08  1.43119e-11
      1278.40  7.45194e-09  1.19283e-11
      1278.72  5.91779e-09  1.06350e-11
      1279.05  5.79783e-09  1.01402e-11
      1279.38  7.44325e-09  1.06828e-11
      1279.71  1.05709e-08  1.22036e-11
      1280.03  1.38250e-08  1.39460e-11
      1280.36  1.30719e-08  1.34867e-11
      1280.69  1.37221e-08  1.41033e-11
      1281.02  1.75397e-08  1.60784e-11
      1281.34  2.27736e-08  1.90536e-11
      1281.67  2.69698e-08  1.94723e-11
      1282.00  2.22468e-08  1.77271e-11
      1282.33  2.23483e-08  1.72108e-11
      1282.66  3.23463e-08  2.15624e-11
      1282.99  4.02179e-08  2.54027e-11
      1283.32  4.00235e-08  2.62414e-11
      1283.65  2.95331e-08  2.30345e-11
      1283.98  1.69209e-08  1.77911e-11
      1284.31  1.04484e-08  1.45914e-11
      1284.64  8.05873e-09  1.28877e-11
      1284.97  7.86742e-09  1.22209e-11
      1285.30  9.23644e-09  1.29093e-11
      1285.63  8.12700e-09  1.16970e-11
      1285.96  7.38923e-09  1.10358e-11
      1286.29  1.06194e-08  1.33172e-11
      1286.62  1.47747e-08  1.61337e-11
      1286.95  1.39739e-08  1.51942e-11
      1287.28  1.64903e-08  1.59543e-11
      1287.61  2.80218e-08  2.09956e-11
      1287.95  3.35449e-08  2.15123e-11
      1288.28  3.38730e-08  2.07637e-11
      1288.61  3.40796e-08  2.02857e-11
      1288.94  3.42651e-08  2.09112e-11
      1289.27  2.61160e-08  1.90848e-11
      1289.61  1.83594e-08  1.58037e-11
      1289.94  1.50215e-08  1.55265e-11
      1290.27  1.05192e-08  1.33053e-11
      1290.61  9.04299e-09  1.34891e-11
      1290.94  6.98208e-09  1.16715e-11
      1291.27  5.28999e-09  9.99402e-12
      1291.61  6.07791e-09  1.04444e-11
      1291.94  9.57144e-09  1.29897e-11
      1292.27  1.54342e-08  1.64505e-11
      1292.61  2.14311e-08  2.02778e-11
      1292.94  1.65219e-08  1.73440e-11
      1293.28  1.33710e-08  1.54330e-11
      1293.61  1.71720e-08  1.72935e-11
      1293.95  2.12078e-08  1.78309e-11
      1294.28  2.98831e-08  2.06618e-11
      1294.62  3.37058e-08  2.14563e-11
      1294.95  2.94607e-08  1.97950e-11
      1295.29  2.86205e-08  2.00600e-11
      1295.62  2.55753e-08  1.92092e-11
      1295.96  1.98005e-08  1.67125e-11
      1296.29  1.73874e-08  1.55261e-11
      1296.63  1.72965e-08  1.57148e-11
      1296.97  1.98457e-08  1.56643e-11
      1297.30  2.85783e-08  1.91588e-11
      1297.64  3.70725e-08  2.29827e-11
      1297.98  3.26791e-08  2.29752e-11
      1298.31  2.21539e-08  1.95549e-11
      1298.65  1.35476e-08  1.57611e-11
      1298.99  1.06448e-08  1.40024e-11
      1299.33  1.64503e-08  1.69628e-11
      1299.66  2.75943e-08  2.14220e-11
      1300.00  3.12793e-08  2.19263e-11
      1300.34  2.79516e-08  2.03993e-11
      1300.68  2.03899e-08  1.69668e-11
      1301.02  2.02302e-08  1.68130e-11
      1301.35  3.29190e-08  2.22169e-11
      1301.69  3.94232e-08  2.41477e-11
      1302.03  3.82944e-08  2.33341e-11
      1302.37  3.43186e-08  2.08846e-11
      1302.71  3.89738e-08  2.17349e-11
      1303.05  4.28371e-08  2.18146e-11
      1303.39  4.76461e-08  2.32626e-11
      1303.73  4.98192e-08  2.44187e-11
      1304.07  4.52847e-08  2.47082e-11
      1304.41  4.58087e-08  2.70985e-11
      1304.75  4.82628e-08  2.90743e-11
      1305.09  4.97413e-08  2.89957e-11
      1305.43  5.69852e-08  3.04046e-11
      1305.77  6.56604e-08  3.17119e-11
      1306.11  6.56213e-08  3.15692e-11
      1306.46  4.65273e-08  2.62122e-11
      1306.80  2.53754e-08  1.93749e-11
      1307.14  1.50002e-08  1.55645e-11
      1307.48  1.07977e-08  1.34374e-11
      1307.82  8.82343e-09  1.22765e-11
      1308.16  8.75794e-09  1.19966e-11
      1308.51  1.01254e-08  1.23536e-11
      1308.85  8.56626e-09  1.07862e-11
      1309.19  6.54391e-09  9.48196e-12
      1309.53  6.03369e-09  9.20011e-12
      1309.88  5.88672e-09  9.47872e-12
      1310.22  5.89980e-09  9.22212e-12
      1310.56  7.28208e-09  1.10525e-11
      1310.91  1.22294e-08  1.44753e-11
      1311.25  2.09100e-08  1.91362e-11
      1311.60  2.12532e-08  1.86762e-11
      1311.94  1.35581e-08  1.45258e-11
      1312.28  7.74349e-09  1.12865e-11
      1312.63  5.44207e-09  1.00318e-11
      1312.97  4.76850e-09  9.75475e-12
      1313.32  6.23406e-09  1.08043e-11
      1313.66  9.55138e-09  1.32841e-11
      1314.01  8.46549e-09  1.21015e-11
      1314.35  5.17910e-09  9.14784e-12
      1314.70  4.04043e-09  8.09671e-12
      1315.05  4.05046e-09  8.02755e-12
      1315.39  4.60078e-09  8.41357e-12
      1315.74  5.79821e-09  9.28733e-12
      1316.08  8.24065e-09  1.10083e-11
      1316.43  1.37421e-08  1.37468e-11
      1316.78  2.32075e-08  1.97841e-11
      1317.12  1.92379e-08  1.81618e-11
      1317.47  9.84095e-09  1.26383e-11
      1317.82  6.18517e-09  1.03191e-11
      1318.17  6.26793e-09  1.03178e-11
      1318.51  1.01831e-08  1.34901e-11
      1318.86  1.27671e-08  1.54422e-11
      1319.21  8.77588e-09  1.27553e-11
      1319.56  5.29501e-09  1.00989e-11
      1319.91  5.47241e-09  1.01887e-11
      1320.25  5.58522e-09  9.69751e-12
      1320.60  5.61612e-09  9.30888e-12
      1320.95  6.79074e-09  9.96117e-12
      1321.30  9.47761e-09  1.12687e-11
      1321.65  1.73551e-08  1.47543e-11
      1322.00  2.99985e-08  2.00617e-11
      1322.35  2.74980e-08  1.98380e-11
      1322.70  1.50404e-08  1.43561e-11
      1323.05  9.18025e-09  1.24997e-11
      1323.40  1.00003e-08  1.30328e-11
      1323.75  1.17692e-08  1.38287e-11
      1324.10  1.22319e-08  1.44295e-11
      1324.45  9.35734e-09  1.28481e-11
      1324.80  6.89633e-09  1.14670e-11
      