227
      1249.95  1.63693e-08  2.27336e-11
      1250.27  8.30037e-09  1.57408e-11
      1250.58  2.72104e-09  9.92139e-12
      1250.89  1.81997e-09  9.23470e-12
      1251.20  2.42191e-09  1.03434e-11
      1251.52  3.75566e-09  1.19361e-11
      1251.83  6.61680e-09  1.52004e-11
      1252.14  8.85041e-09  1.71858e-11
      1252.46  8.68675e-09  1.67067e-11
      1252.77  7.93218e-09  1.51820e-11
      1253.09  1.23560e-08  1.70543e-11
      1253.40  2.30380e-08  2.20730e-11
      1253.71  2.92627e-08  2.50442e-11
      1254.03  1.89015e-08  1.98346e-11
      1254.34  9.30854e-09  1.44230e-11
      1254.66  1.08628e-08  1.61518e-11
      1254.97  1.71112e-08  2.12946e-11
      1255.29  1.22102e-08  1.76426e-11
      1255.60  5.52997e-09  1.19751e-11
      1255.92  6.00823e-09  1.22179e-11
      1256.23  9.93400e-09  1.41128e-11
      1256.55  1.61514e-08  1.81761e-11
      1256.87  1.21840e-08  1.57409e-11
      1257.18  5.59990e-09  1.15333e-11
      1257.50  3.96480e-09  1.09380e-11
      1257.81  4.43856e-09  1.19032e-11
      1258.13  5.62619e-09  1.31281e-11
      1258.45  5.76198e-09  1.28495e-11
      1258.76  5.97744e-09  1.23365e-11
      1259.08  1.00998e-08  1.48315e-11
      1259.40  2.03104e-08  2.05692e-11
      1259.72  2.80426e-08  2.45987e-11
      1260.03  2.17543e-08  2.17719e-11
      1260.35  1.56503e-08  1.98520e-11
      1260.67  2.01336e-08  2.36192e-11
      1260.99  1.90319e-08  2.21853e-11
      1261.30  1.48933e-08  1.86727e-11
      1261.62  1.83857e-08  2.06302e-11
      1261.94  1.93992e-08  1.98849e-11
      1262.26  2.00034e-08  2.03527e-11
      1262.58  1.51032e-08  1.70002e-11
      1262.90  1.49571e-08  1.70442e-11
      1263.22  2.32751e-08  2.27650e-11
      1263.54  1.99417e-08  2.08261e-11
      1263.86  1.27331e-08  1.67322e-11
      1264.17  1.02455e-08  1.51685e-11
      1264.49  7.49730e-09  1.23899e-11
      1264.81  7.57949e-09  1.15376e-11
      1265.13  1.48161e-08  1.54232e-11
      1265.45  2.35286e-08  1.94762e-11
      1265.77  2.15940e-08  1.88079e-11
      1266.10  1.19503e-08  1.42619e-11
      1266.42  6.18684e-09  1.10926e-11
      1266.74  5.24559e-09  1.07008e-11
      1267.06  6.86265e-09  1.16287e-11
      1267.38  1.36225e-08  1.48679e-11
      1267.70  2.56321e-08  2.04845e-11
      1268.02  2.73651e-08  2.01808e-11
      1268.34  2.71951e-08  2.06076e-11
      1268.67  2.45834e-08  1.97390e-11
      1268.99  2.46609e-08  2.11962e-11
      1269.31  1.95613e-08  1.94854e-11
      1269.63  1.30019e-08  1.63270e-11
      1269.95  1.07702e-08  1.52012e-11
      1270.28  1.24592e-08  1.53882e-11
      1270.60  2.06889e-08  2.02830e-11
      1270.92  2.50735e-08  2.18716e-11
      1271.25  2.75210e-08  2.41037e-11
      1271.57  2.71316e-08  2.26125e-11
      1271.89  1.66229e-08  1.77528e-11
      1272.22  7.63433e-09  1.28395e-11
      1272.54  4.79024e-09  1.10336e-11
      1272.86  3.90981e-09  1.01914e-11
      1273.19  3.63425e-09  9.58303e-12
      1273.51  4.30681e-09  9.38635e-12
      1273.84  6.69898e-09  1.09578e-11
      1274.16  8.91420e-09  1.21429e-11
      1274.49  1.12745e-08  1.31379e-11
      1274.81  1.95379e-08  1.78096e-11
      1275.14  2.69855e-08  2.15949e-11
      1275.46  2.46896e-08  2.07419e-11
      1275.79  1.67339e-08  1.70409e-11
      1276.11  1.11424e-08  1.33552e-11
      1276.44  1.38513e-08  1.39893e-11
      1276.76  2.29238e-08  1.84315e-11
      1277.09  2.40109e-08  1.83191e-11
      1277.42  2.46633e-08  1.98307e-11
      1277.74  1.75258e-08  1.72543e-11
      1278.07  8.63607e-09  1.29385e-11
      1278.40  5.16749e-09  1.09996e-11
      1278.72  3.95601e-09  1.00051e-11
      1279.05  3.83871e-09  9.80157e-12
      1279.38  5.07101e-09  1.05124e-11
      1279.71  7.46581e-09  1.19483e-11
      1280.03  9.91481e-09  1.39488e-11
      1280.36  9.12772e-09  1.32433e-11
      1280.69  9.57627e-09  1.41202e-11
      1281.02  1.24095e-08  1.61429e-11
      1281.34  1.77955e-08  1.94124e-11
      1281.67  2.14724e-08  2.13190e-11
      1282.00  1.73614e-08  1.78447e-11
      1282.33  1.75543e-08  1.68071e-11
      1282.66  2.59571e-08  1.98743e-11
      1282.99  3.26014e-08  2.19759e-11
      1283.32  3.25498e-08  2.22323e-11
      1283.65  2.37742e-08  1.95107e-11
      1283.98  1.32995e-08  1.50565e-11
      1284.31  7.84577e-09  1.22673e-11
      1284.64  5.86328e-09  1.08603e-11
      1284.97  5.70330e-09  1.03837e-11
      1285.30  6.60057e-09  1.08893e-11
      1285.63  5.81288e-09  1.01022e-11
      1285.96  5.32467e-09  9.65241e-12
      1286.29  7.76702e-09  1.19802e-11
      1286.62  1.07477e-08  1.47513e-11
      1286.95  1.03925e-08  1.47555e-11
      1287.28  1.25951e-08  1.61520e-11
      1287.61  2.11046e-08  2.10647e-11
      1287.95  2.55515e-08  2.24033e-11
      1288.28  2.56250e-08  2.13044e-11
      1288.61  2.56029e-08  2.07803e-11
      1288.94  2.52855e-08  2.10158e-11
      1289.27  1.88312e-08  1.82273e-11
      1289.61  1.39418e-08  1.62461e-11
      1289.94  1.14326e-08  1.52554e-11
      1290.27  7.92038e-09  1.27859e-11
      1290.61  6.63341e-09  1.17681e-11
      1290.94  5.15577e-09  1.00496e-11
      1291.27  3.77806e-09  8.31532e-12
      1291.61  4.32506e-09  8.58781e-12
      1291.94  6.98237e-09  1.05066e-11
      1292.27  1.16146e-08  1.34361e-11
      1292.61  1.66123e-08  1.69861e-11
      1292.94  1.26725e-08  1.49584e-11
      1293.28  9.64074e-09  1.33995e-11
      1293.61  1.27764e-08  1.56816e-11
      1293.95  1.58282e-08  1.65702e-11
      1294.28  2.31005e-08  1.99801e-11
      1294.62  2.63488e-08  2.12039e-11
      1294.95  2.21793e-08  1.93585e-11
      1295.29  2.15883e-08  2.03830e-11
      1295.62  1.89010e-08  1.95378e-11
      1295.96  1.39551e-08  1.71276e-11
      1296.29  1.21516e-08  1.60595e-11
      1296.63  1.26540e-08  1.57868e-11
      1296.97  1.51934e-08  1.60042e-11
      1297.30  2.26655e-08  1.86327e-11
      1297.64  3.04410e-08  2.15364e-11
      1297.98  2.63998e-08  1.97807e-11
      1298.31  1.73807e-08  1.64719e-11
      1298.65  1.01121e-08  1.29389e-11
      1298.99  7.68212e-09  1.15650e-11
      1299.33  1.24904e-08  1.42399e-11
      1299.66  2.18676e-08  1.87755e-11
      1300.00  2.46357e-08  1.91215e-11
      1300.34  2.18209e-08  1.81870e-11
      1300.68  1.53764e-08  1.52245e-11
      1301.02  1.54517e-08  1.57120e-11
      1301.35  2.56332e-08  2.18883e-11
      1301.69  3.06398e-08  2.42541e-11
      1302.03  2.96612e-08  2.42943e-11
      1302.37  2.65708e-08  2.20821e-11
      1302.71  2.98973e-08  2.32015e-11
      1303.05  3.28401e-08  2.31412e-11
      1303.39  3.69215e-08  2.41570e-11
      1303.73  3.95958e-08  2.51748e-11
      1304.07  3.74010e-08  2.44275e-11
      1304.41  3.78864e-08  2.49308e-11
      1304.75  4.00310e-08  2.56559e-11
      1305.09  4.16553e-08  2.55123e-11
      1305.43  4.77507e-08  2.63323e-11
      1305.77  5.52300e-08  2.75530e-11
      1306.11  5.48774e-08  2.72715e-11
      1306.46  3.89850e-08  2.30258e-11
      1306.80  2.04596e-08  1.71867e-11
      1307.14  1.13266e-08  1.39103e-11
      1307.48  7.84852e-09  1.26609e-11
      1307.82  6.24636e-09  1.17871e-11
      1308.16  6.13230e-09  1.16231e-11
      1308.51  7.17366e-09  1.23094e-11
      1308.85  6.05306e-09  1.10158e-11
      1309.19  4.33647e-09  1.02696e-11
      1309.53  3.95716e-09  1.03241e-11
      1309.88  3.90144e-09  9.43297e-12
      1310.22  4.16425e-09  9.79088e-12
      1310.56  5.29400e-09  1.06559e-11
      1310.91  9.17844e-09  1.28038e-11
      1311.25  1.71049e-08  1.70313e-11
      1311.60  1.75217e-08  1.62123e-11
      1311.94  1.05446e-08  1.21201e-11
      1312.28  5.64345e-09  9.34860e-12
      1312.63  3.84163e-09  8.44606e-12
      1312.97  3.27047e-09  8.30457e-12
      1313.32  4.35204e-09  9.59542e-12
      1313.66  7.17566e-09  1.27228e-11
      1314.01  6.04008e-09  1.14296e-11
      1314.35  3.51885e-09  8.84698e-12
      1314.70  2.65861e-09  7.87351e-12
      1315.05  2.64427e-09  7.90218e-12
      1315.39  3.01702e-09  8.49037e-12
      1315.74  3.87199e-09  9.62457e-12
      1316.08  5.87969e-09  1.13852e-11
      1316.43  1.14528e-08  1.48654e-11
      1316.78  1.86173e-08  1.88070e-11
      1317.12  1.53956e-08  1.63139e-11
      1317.47  7.82862e-09  1.09328e-11
      1317.82  4.65189e-09  8.62160e-12
      1318.17  4.69947e-09  8.64134e-12
      1318.51  7.55463e-09  1.13042e-11
      1318.86  9.38637e-09  1.31341e-11
      1319.21  6.57660e-09  1.14185e-11
      1319.56  3.80372e-09  9.50484e-12
      1319.91  3.76437e-09  1.00445e-11
      1320.25  3.86799e-09  9.65499e-12
      1320.60  3.85156e-09  9.20971e-12
      1320.95  4.67641e-09  1.00835e-11
      1321.30  6.61727e-09  1.13688e-11
      1321.65  1.24600e-08  1.52267e-11
      1322.00  2.30698e-08  2.20656e-11
      1322.35  2.05837e-08  2.03029e-11
      1322.70  1.07002e-08  1.40631e-11
      1323.05  6.87372e-09  1.09356e-11
      1323.40  7.62149e-09  1.11276e-11
      1323.75  9.01752e-09  1.15885e-11
      1324.10  9.47005e-09  1.21621e-11
      1324.45  6.93702e-09  1.07385e-11
      1324.80  4.96419e-09  9.91878e-12
      