227
      1249.95  2.00546e-08  2.89275e-11
      1250.27  9.79284e-09  2.21022e-11
      1250.58  3.70369e-09  1.50031e-11
      1250.89  2.67159e-09  1.39750e-11
      1251.20  3.41385e-09  1.56943e-11
      1251.52  5.01535e-09  1.76757e-11
      1251.83  8.51498e-09  2.24161e-11
      1252.14  1.12439e-08  2.54261e-11
      1252.46  1.11012e-08  2.50359e-11
      1252.77  1.02494e-08  2.31274e-11
      1253.09  1.57477e-08  2.72184e-11
      1253.40  2.87258e-08  3.51060e-11
      1253.71  3.66475e-08  4.10797e-11
      1254.03  3.02203e-08  4.48763e-11
      1254.34  1.35018e-08  1.65745e-11
      1254.66  1.31898e-08  1.82177e-11
      1254.97  2.01422e-08  2.39241e-11
      1255.29  1.38078e-08  1.93119e-11
      1255.60  6.73107e-09  1.34544e-11
      1255.92  7.43787e-09  1.38889e-11
      1256.23  1.19902e-08  1.61318e-11
      1256.55  1.88619e-08  2.08536e-11
      1256.87  1.38324e-08  1.74039e-11
      1257.18  6.81685e-09  1.28475e-11
      1257.50  5.06377e-09  1.20762e-11
      1257.81  5.66019e-09  1.27683e-11
      1258.13  7.07961e-09  1.41865e-11
      1258.45  7.22093e-09  1.37060e-11
      1258.76  7.65371e-09  1.33404e-11
      1259.08  1.26733e-08  1.60297e-11
      1259.40  2.44733e-08  2.21228e-11
      1259.72  3.28641e-08  2.62090e-11
      1260.03  2.56711e-08  2.30190e-11
      1260.35  1.93779e-08  2.01566e-11
      1260.67  2.44745e-08  2.40830e-11
      1260.99  2.34430e-08  2.31339e-11
      1261.30  1.92430e-08  2.01296e-11
      1261.62  2.34569e-08  2.24599e-11
      1261.94  2.50049e-08  2.21783e-11
      1262.26  2.57477e-08  2.43330e-11
      1262.58  1.91487e-08  2.27409e-11
      1262.90  1.80289e-08  2.49622e-11
      1263.22  2.71636e-08  3.24740e-11
      1263.54  2.35776e-08  2.99370e-11
      1263.86  1.57249e-08  2.43149e-11
      1264.17  1.29255e-08  2.25273e-11
      1264.49  9.85542e-09  1.90010e-11
      1264.81  9.52661e-09  1.88456e-11
      1265.13  1.31376e-08  2.47415e-11
      1265.45  2.53724e-08  2.03219e-11
      1265.77  2.39088e-08  2.10347e-11
      1266.10  1.36295e-08  1.61571e-11
      1266.42  7.51495e-09  1.25816e-11
      1266.74  6.49709e-09  1.21443e-11
      1267.06  8.53327e-09  1.32602e-11
      1267.38  1.63396e-08  1.71711e-11
      1267.70  2.84333e-08  2.25097e-11
      1268.02  3.08171e-08  2.24614e-11
      1268.34  3.03930e-08  2.25140e-11
      1268.67  2.81750e-08  2.17723e-11
      1268.99  2.77918e-08  2.27040e-11
      1269.31  2.25878e-08  2.07903e-11
      1269.63  1.57393e-08  1.75158e-11
      1269.95  1.33987e-08  1.61602e-11
      1270.28  1.59008e-08  1.67388e-11
      1270.60  2.48491e-08  2.07684e-11
      1270.92  3.01356e-08  2.22071e-11
      1271.25  3.29297e-08  2.32814e-11
      1271.57  3.27222e-08  2.41276e-11
      1271.89  2.12693e-08  1.97213e-11
      1272.22  1.06757e-08  1.47167e-11
      1272.54  6.94164e-09  1.39535e-11
      1272.86  5.23296e-09  1.41843e-11
      1273.19  4.90314e-09  1.37551e-11
      1273.51  5.78083e-09  1.40537e-11
      1273.84  8.63484e-09  1.67572e-11
      1274.16  1.13141e-08  1.93544e-11
      1274.49  1.24628e-08  2.43550e-11
      1274.81  2.08778e-08  1.80415e-11
      1275.14  2.99810e-08  2.40640e-11
      1275.46  2.71922e-08  2.30185e-11
      1275.79  1.86409e-08  1.87620e-11
      1276.11  1.29833e-08  1.50838e-11
      1276.44  1.62418e-08  1.62150e-11
      1276.76  2.54278e-08  2.05175e-11
      1277.09  2.70395e-08  2.06449e-11
      1277.42  2.70821e-08  2.15225e-11
      1277.74  1.97190e-08  1.87658e-11
      1278.07  1.01203e-08  1.38027e-11
      1278.40  6.42353e-09  1.16781e-11
      1278.72  5.15960e-09  1.06950e-11
      1279.05  5.13377e-09  1.03833e-11
      1279.38  6.71228e-09  1.11760e-11
      1279.71  9.66159e-09  1.30042e-11
      1280.03  1.26933e-08  1.50800e-11
      1280.36  1.19846e-08  1.46719e-11
      1280.69  1.27722e-08  1.56624e-11
      1281.02  1.65239e-08  1.82460e-11
      1281.34  2.14928e-08  2.30890e-11
      1281.67  2.53127e-08  2.86658e-11
      1282.00  2.09668e-08  2.56525e-11
      1282.33  2.10956e-08  2.49324e-11
      1282.66  2.84331e-08  3.50583e-11
      1282.99  3.42803e-08  2.66257e-11
      1283.32  3.57638e-08  2.53240e-11
      1283.65  2.57757e-08  2.19896e-11
      1283.98  1.44745e-08  1.67868e-11
      1284.31  8.84517e-09  1.36237e-11
      1284.64  6.82985e-09  1.21558e-11
      1284.97  6.74702e-09  1.16552e-11
      1285.30  7.88061e-09  1.22588e-11
      1285.63  6.89905e-09  1.12404e-11
      1285.96  6.43699e-09  1.07847e-11
      1286.29  9.45482e-09  1.32790e-11
      1286.62  1.31025e-08  1.61416e-11
      1286.95  1.24843e-08  1.56106e-11
      1287.28  1.52415e-08  1.68949e-11
      1287.61  2.58943e-08  2.22416e-11
      1287.95  3.10213e-08  2.33105e-11
      1288.28  3.15100e-08  2.28901e-11
      1288.61  3.19823e-08  2.29083e-11
      1288.94  3.22356e-08  2.39055e-11
      1289.27  2.46613e-08  2.32226e-11
      1289.61  1.72342e-08  2.31433e-11
      1289.94  1.42586e-08  2.25345e-11
      1290.27  1.00325e-08  1.97233e-11
      1290.61  8.23514e-09  2.03366e-11
      1290.94  6.05264e-09  1.08439e-11
      1291.27  4.47902e-09  9.61771e-12
      1291.61  5.20263e-09  1.02897e-11
      1291.94  8.27963e-09  1.23257e-11
      1292.27  1.34880e-08  1.57165e-11
      1292.61  1.85910e-08  1.93075e-11
      1292.94  1.40397e-08  1.64469e-11
      1293.28  1.14782e-08  1.48688e-11
      1293.61  1.51061e-08  1.70159e-11
      1293.95  1.89278e-08  1.79253e-11
      1294.28  2.71897e-08  2.14572e-11
      1294.62  3.06994e-08  2.27620e-11
      1294.95  2.67312e-08  2.08406e-11
      1295.29  2.63685e-08  2.17729e-11
      1295.62  2.35872e-08  2.09736e-11
      1295.96  1.82747e-08  1.85425e-11
      1296.29  1.63034e-08  1.77091e-11
      1296.63  1.62958e-08  1.93821e-11
      1296.97  1.85670e-08  2.27678e-11
      1297.30  2.71973e-08  2.81413e-11
      1297.64  3.56599e-08  3.94771e-11
      1297.98  3.14770e-08  2.39709e-11
      1298.31  1.88370e-08  1.88755e-11
      1298.65  1.11568e-08  1.48359e-11
      1298.99  8.83989e-09  1.32289e-11
      1299.33  1.43054e-08  1.63011e-11
      1299.66  2.45632e-08  2.13829e-11
      1300.00  2.73789e-08  2.15496e-11
      1300.34  2.44647e-08  2.03356e-11
      1300.68  1.74957e-08  1.68244e-11
      1301.02  1.80737e-08  1.71801e-11
      1301.35  3.05106e-08  2.37514e-11
      1301.69  3.61865e-08  2.54614e-11
      1302.03  3.53463e-08  2.52485e-11
      1302.37  3.18071e-08  2.28474e-11
      1302.71  3.69499e-08  2.47272e-11
      1303.05  4.07221e-08  2.51485e-11
      1303.39  4.60919e-08  2.77171e-11
      1303.73  4.81072e-08  3.22446e-11
      1304.07  4.34527e-08  3.71507e-11
      1304.41  4.17809e-08  4.13781e-11
      1304.75  4.29762e-08  2.80053e-11
      1305.09  4.42861e-08  2.89215e-11
      1305.43  5.11390e-08  3.04086e-11
      1305.77  5.88683e-08  3.16884e-11
      1306.11  5.80665e-08  3.14566e-11
      1306.46  4.03008e-08  2.58129e-11
      1306.80  2.17735e-08  1.91442e-11
      1307.14  1.28881e-08  1.54275e-11
      1307.48  9.34057e-09  1.34993e-11
      1307.82  7.74521e-09  1.25351e-11
      1308.16  7.89474e-09  1.23365e-11
      1308.51  9.17159e-09  1.30680e-11
      1308.85  7.78554e-09  1.17129e-11
      1309.19  6.04202e-09  1.05556e-11
      1309.53  5.66187e-09  1.06173e-11
      1309.88  5.61315e-09  1.12587e-11
      1310.22  5.65981e-09  1.28644e-11
      1310.56  6.59161e-09  1.64648e-11
      1310.91  8.67271e-09  1.82134e-11
      1311.25  1.80597e-08  1.87880e-11
      1311.60  1.81297e-08  1.85658e-11
      1311.94  1.12653e-08  1.42560e-11
      1312.28  6.36364e-09  1.09689e-11
      1312.63  4.47988e-09  9.80099e-12
      1312.97  3.99874e-09  9.54849e-12
      1313.32  5.44946e-09  1.09624e-11
      1313.66  8.40904e-09  1.36853e-11
      1314.01  7.33863e-09  1.24023e-11
      1314.35  4.53133e-09  9.52427e-12
      1314.70  3.61430e-09  8.66109e-12
      1315.05  3.69807e-09  8.82751e-12
      1315.39  4.27746e-09  9.41846e-12
      1315.74  5.51352e-09  1.06916e-11
      1316.08  7.97390e-09  1.30252e-11
      1316.43  1.31556e-08  1.83083e-11
      1316.78  2.19186e-08  3.17321e-11
      1317.12  1.91994e-08  2.12472e-11
      1317.47  8.13892e-09  1.25438e-11
      1317.82  5.08038e-09  1.02195e-11
      1318.17  5.32965e-09  1.04224e-11
      1318.51  8.72575e-09  1.34257e-11
      1318.86  1.07836e-08  1.52038e-11
      1319.21  7.32557e-09  1.26505e-11
      1319.56  4.51752e-09  1.02611e-11
      1319.91  4.82760e-09  1.05070e-11
      1320.25  4.96404e-09  1.01065e-11
      1320.60  5.07507e-09  9.84356e-12
      1320.95  6.26690e-09  1.09087e-11
      1321.30  8.93311e-09  1.26851e-11
      1321.65  1.68277e-08  1.70387e-11
      1322.00  2.94177e-08  2.38895e-11
      1322.35  2.69550e-08  2.41915e-11
      1322.70  1.60707e-08  2.27525e-11
      1323.05  9.24436e-09  1.47155e-11
      1323.40  8.46596e-09  1.32877e-11
      1323.75  9.92813e-09  1.40269e-11
      1324.10  1.02410e-08  1.45289e-11
      1324.45  7.64962e-09  1.27367e-11
      1324.80  5.75497e-09  1.14971e-11
      