227
      1249.95  1.42106e-08  2.13020e-11
      1250.27  7.16958e-09  1.50146e-11
      1250.58  2.37360e-09  9.78870e-12
      1250.89  1.54108e-09  9.11765e-12
      1251.20  2.05880e-09  1.06855e-11
      1251.52  3.30077e-09  1.25704e-11
      1251.83  5.83540e-09  1.66518e-11
      1252.14  8.06538e-09  2.14174e-11
      1252.46  8.10395e-09  2.27914e-11
      1252.77  7.44478e-09  2.10543e-11
      1253.09  1.17482e-08  2.38633e-11
      1253.40  2.16333e-08  3.10512e-11
      1253.71  2.66532e-08  3.45061e-11
      1254.03  1.70033e-08  2.73403e-11
      1254.34  8.50325e-09  2.03885e-11
      1254.66  9.89324e-09  2.27945e-11
      1254.97  1.50413e-08  2.95200e-11
      1255.29  1.05162e-08  2.44323e-11
      1255.60  4.89240e-09  1.70046e-11
      1255.92  5.12011e-09  1.69800e-11
      1256.23  8.62408e-09  1.98319e-11
      1256.55  1.35804e-08  2.34283e-11
      1256.87  1.01444e-08  1.73420e-11
      1257.18  4.88662e-09  1.22844e-11
      1257.50  3.38520e-09  1.11828e-11
      1257.81  3.79687e-09  1.19113e-11
      1258.13  4.78572e-09  1.27953e-11
      1258.45  4.84526e-09  1.22986e-11
      1258.76  5.11360e-09  1.16314e-11
      1259.08  8.89894e-09  1.35845e-11
      1259.40  1.79055e-08  1.85344e-11
      1259.72  2.43186e-08  2.18298e-11
      1260.03  1.88890e-08  1.92239e-11
      1260.35  1.39140e-08  1.67045e-11
      1260.67  1.73309e-08  1.98520e-11
      1260.99  1.64752e-08  1.94354e-11
      1261.30  1.33365e-08  1.70067e-11
      1261.62  1.60881e-08  1.87308e-11
      1261.94  1.72138e-08  1.84659e-11
      1262.26  1.74845e-08  1.88826e-11
      1262.58  1.34087e-08  1.63937e-11
      1262.90  1.37357e-08  1.70639e-11
      1263.22  2.04636e-08  2.22875e-11
      1263.54  1.77683e-08  2.12862e-11
      1263.86  1.19840e-08  1.95777e-11
      1264.17  9.55575e-09  2.03477e-11
      1264.49  7.01417e-09  1.72319e-11
      1264.81  7.31021e-09  1.64290e-11
      1265.13  1.38802e-08  2.15200e-11
      1265.45  2.11720e-08  2.68651e-11
      1265.77  1.91829e-08  2.59008e-11
      1266.10  1.07787e-08  1.99686e-11
      1266.42  5.51187e-09  1.56213e-11
      1266.74  4.52626e-09  1.49101e-11
      1267.06  5.96876e-09  1.59964e-11
      1267.38  1.25936e-08  2.00738e-11
      1267.70  2.27636e-08  2.28130e-11
      1268.02  2.45113e-08  2.13567e-11
      1268.34  2.39215e-08  2.06492e-11
      1268.67  2.19673e-08  1.96454e-11
      1268.99  2.13260e-08  2.00873e-11
      1269.31  1.70257e-08  1.82025e-11
      1269.63  1.13570e-08  1.50599e-11
      1269.95  9.37040e-09  1.36479e-11
      1270.28  1.12366e-08  1.40754e-11
      1270.60  1.80614e-08  1.73248e-11
      1270.92  2.20064e-08  1.84379e-11
      1271.25  2.39404e-08  1.91899e-11
      1271.57  2.36713e-08  2.00404e-11
      1271.89  1.49127e-08  1.63817e-11
      1272.22  6.82512e-09  1.21693e-11
      1272.54  4.14702e-09  1.08354e-11
      1272.86  3.36219e-09  1.00768e-11
      1273.19  3.14452e-09  9.59052e-12
      1273.51  3.80275e-09  1.04607e-11
      1273.84  6.16416e-09  1.42190e-11
      1274.16  8.35839e-09  1.65603e-11
      1274.49  1.07528e-08  1.85925e-11
      1274.81  1.80486e-08  2.49497e-11
      1275.14  2.45799e-08  3.00793e-11
      1275.46  2.23794e-08  2.90536e-11
      1275.79  1.50036e-08  2.39067e-11
      1276.11  9.74181e-09  1.89361e-11
      1276.44  1.02890e-08  2.27011e-11
      1276.76  2.17029e-08  3.03563e-11
      1277.09  2.14247e-08  2.08129e-11
      1277.42  2.16570e-08  2.02836e-11
      1277.74  1.55635e-08  1.73589e-11
      1278.07  7.39361e-09  1.24087e-11
      1278.40  4.36113e-09  1.04278e-11
      1278.72  3.33346e-09  9.42179e-12
      1279.05  3.23055e-09  8.80865e-12
      1279.38  4.28701e-09  9.27228e-12
      1279.71  6.38059e-09  1.04514e-11
      1280.03  8.67044e-09  1.22493e-11
      1280.36  7.95593e-09  1.18346e-11
      1280.69  8.31453e-09  1.27482e-11
      1281.02  1.08867e-08  1.50863e-11
      1281.34  1.58567e-08  1.87474e-11
      1281.67  1.97101e-08  2.14885e-11
      1282.00  1.55417e-08  1.87352e-11
      1282.33  1.56569e-08  2.03123e-11
      1282.66  2.47283e-08  2.72237e-11
      1282.99  3.09101e-08  3.03908e-11
      1283.32  3.07513e-08  3.11226e-11
      1283.65  2.18513e-08  2.69172e-11
      1283.98  1.15591e-08  2.04870e-11
      1284.31  6.62618e-09  1.67348e-11
      1284.64  4.90846e-09  1.48765e-11
      1284.97  4.77022e-09  1.37981e-11
      1285.30  5.89444e-09  1.27269e-11
      1285.63  4.94648e-09  1.02010e-11
      1285.96  4.40215e-09  9.28244e-12
      1286.29  6.69065e-09  1.12701e-11
      1286.62  9.59359e-09  1.39052e-11
      1286.95  8.83425e-09  1.31602e-11
      1287.28  1.07456e-08  1.42830e-11
      1287.61  1.90872e-08  1.91571e-11
      1287.95  2.27646e-08  2.00894e-11
      1288.28  2.28128e-08  1.94178e-11
      1288.61  2.28315e-08  1.90970e-11
      1288.94  2.28679e-08  2.01561e-11
      1289.27  1.65691e-08  1.74759e-11
      1289.61  1.25141e-08  1.65399e-11
      1289.94  1.02432e-08  1.63771e-11
      1290.27  7.40614e-09  1.61216e-11
      1290.61  6.23049e-09  1.62248e-11
      1290.94  4.63202e-09  1.39366e-11
      1291.27  3.35965e-09  1.17670e-11
      1291.61  3.80806e-09  1.21091e-11
      1291.94  6.10432e-09  1.46408e-11
      1292.27  1.01759e-08  1.86246e-11
      1292.61  1.41333e-08  2.18248e-11
      1292.94  1.08393e-08  1.63547e-11
      1293.28  8.58780e-09  1.37513e-11
      1293.61  1.10299e-08  1.51122e-11
      1293.95  1.40354e-08  1.55893e-11
      1294.28  2.02567e-08  1.79934e-11
      1294.62  2.29180e-08  1.86968e-11
      1294.95  1.98003e-08  1.73032e-11
      1295.29  1.88626e-08  1.78252e-11
      1295.62  1.65074e-08  1.74751e-11
      1295.96  1.23835e-08  1.57573e-11
      1296.29  1.07765e-08  1.52238e-11
      1296.63  1.12787e-08  1.55489e-11
      1296.97  1.37688e-08  1.66948e-11
      1297.30  2.04466e-08  2.20492e-11
      1297.64  2.82168e-08  2.90576e-11
      1297.98  2.46517e-08  2.75458e-11
      1298.31  1.59272e-08  2.27907e-11
      1298.65  9.15999e-09  1.82691e-11
      1298.99  6.74920e-09  1.59494e-11
      1299.33  1.08897e-08  1.94788e-11
      1299.66  1.97364e-08  2.27851e-11
      1300.00  2.21368e-08  2.06122e-11
      1300.34  1.93156e-08  1.82401e-11
      1300.68  1.35257e-08  1.47045e-11
      1301.02  1.32406e-08  1.43621e-11
      1301.35  2.28235e-08  1.98367e-11
      1301.69  2.74824e-08  2.17784e-11
      1302.03  2.66590e-08  2.16882e-11
      1302.37  2.33345e-08  1.97522e-11
      1302.71  2.70366e-08  2.14560e-11
      1303.05  2.96106e-08  2.19077e-11
      1303.39  3.37911e-08  2.39467e-11
      1303.73  3.67313e-08  2.62123e-11
      1304.07  3.46378e-08  2.82935e-11
      1304.41  3.60401e-08  3.38438e-11
      1304.75  3.78641e-08  3.60656e-11
      1305.09  3.85827e-08  3.58262e-11
      1305.43  4.41616e-08  3.76250e-11
      1305.77  5.07687e-08  3.89471e-11
      1306.11  5.00549e-08  3.83433e-11
      1306.46  3.32315e-08  2.82423e-11
      1306.80  1.75930e-08  1.77645e-11
      1307.14  9.81283e-09  1.35982e-11
      1307.48  6.71747e-09  1.16500e-11
      1307.82  5.32919e-09  1.06182e-11
      1308.16  5.31104e-09  1.04308e-11
      1308.51  6.18918e-09  1.09449e-11
      1308.85  5.14325e-09  9.71843e-12
      1309.19  3.75752e-09  8.55344e-12
      1309.53  3.40859e-09  8.72260e-12
      1309.88  3.38922e-09  9.16340e-12
      1310.22  3.67382e-09  1.00912e-11
      1310.56  4.86742e-09  1.27918e-11
      1310.91  8.94923e-09  1.79856e-11
      1311.25  1.54707e-08  2.32491e-11
      1311.60  1.56931e-08  2.25492e-11
      1311.94  9.54716e-09  1.72678e-11
      1312.28  4.99186e-09  1.28516e-11
      1312.63  3.25857e-09  1.07384e-11
      1312.97  2.85507e-09  8.93799e-12
      1313.32  3.78783e-09  9.61419e-12
      1313.66  6.08297e-09  1.17999e-11
      1314.01  5.27522e-09  1.06461e-11
      1314.35  2.98972e-09  8.16243e-12
      1314.70  2.24164e-09  7.13386e-12
      1315.05  2.23097e-09  7.10893e-12
      1315.39  2.55567e-09  7.76502e-12
      1315.74  3.31300e-09  9.00148e-12
      1316.08  5.05500e-09  1.10821e-11
      1316.43  9.77919e-09  1.60716e-11
      1316.78  1.81538e-08  2.57480e-11
      1317.12  1.45924e-08  2.27329e-11
      1317.47  6.85314e-09  1.53361e-11
      1317.82  4.04110e-09  1.20657e-11
      1318.17  3.98286e-09  1.19612e-11
      1318.51  6.63256e-09  1.52624e-11
      1318.86  8.31910e-09  1.53067e-11
      1319.21  5.55393e-09  1.15885e-11
      1319.56  3.23008e-09  9.28831e-12
      1319.91  3.25566e-09  9.06511e-12
      1320.25  3.29719e-09  8.63307e-12
      1320.60  3.31212e-09  8.26870e-12
      1320.95  4.04664e-09  8.75399e-12
      1321.30  5.85412e-09  1.03217e-11
      1321.65  1.15518e-08  1.46597e-11
      1322.00  2.03694e-08  2.10781e-11
      1322.35  1.89103e-08  2.20153e-11
      1322.70  1.05878e-08  1.89210e-11
      1323.05  6.54012e-09  1.55909e-11
      1323.40  6.88613e-09  1.54507e-11
      1323.75  8.00130e-09  1.62316e-11
      1324.10  8.14841e-09  1.67094e-11
      1324.45  5.99516e-09  1.45001e-11
      1324.80  4.20731e-09  1.10879e-11
      