227
      1249.95  1.22697e-08  1.98866e-11
      1250.27  6.09971e-09  1.39330e-11
      1250.58  1.89868e-09  9.05539e-12
      1250.89  1.17959e-09  8.63537e-12
      1251.20  1.57810e-09  9.83933e-12
      1251.52  2.62034e-09  1.20160e-11
      1251.83  4.71130e-09  1.47160e-11
      1252.14  6.29963e-09  1.68151e-11
      1252.46  6.11905e-09  1.67095e-11
      1252.77  5.60562e-09  1.53588e-11
      1253.09  9.40326e-09  1.71418e-11
      1253.40  1.78093e-08  2.11491e-11
      1253.71  2.22588e-08  2.35404e-11
      1254.03  1.42945e-08  1.89455e-11
      1254.34  6.90410e-09  1.46650e-11
      1254.66  7.99068e-09  1.71846e-11
      1254.97  1.25152e-08  2.21686e-11
      1255.29  8.83697e-09  1.84367e-11
      1255.60  4.03228e-09  1.27801e-11
      1255.92  4.32881e-09  1.27609e-11
      1256.23  7.59062e-09  1.45402e-11
      1256.55  1.22450e-08  1.81491e-11
      1256.87  9.20741e-09  1.54928e-11
      1257.18  4.22520e-09  1.13185e-11
      1257.50  2.93556e-09  1.04471e-11
      1257.81  3.33919e-09  1.11387e-11
      1258.13  4.23167e-09  1.18977e-11
      1258.45  4.32395e-09  1.17178e-11
      1258.76  4.58616e-09  1.11581e-11
      1259.08  8.09979e-09  1.29991e-11
      1259.40  1.64583e-08  1.78300e-11
      1259.72  2.24870e-08  2.10333e-11
      1260.03  1.75107e-08  1.85840e-11
      1260.35  1.27340e-08  1.61471e-11
      1260.67  1.57251e-08  1.90622e-11
      1260.99  1.49301e-08  1.87209e-11
      1261.30  1.19495e-08  1.63410e-11
      1261.62  1.42670e-08  1.78530e-11
      1261.94  1.52077e-08  1.74977e-11
      1262.26  1.52351e-08  1.77082e-11
      1262.58  1.15544e-08  1.52633e-11
      1262.90  1.15650e-08  1.57565e-11
      1263.22  1.73610e-08  2.06091e-11
      1263.54  1.49942e-08  1.95465e-11
      1263.86  9.47888e-09  1.61912e-11
      1264.17  7.28555e-09  1.50509e-11
      1264.49  5.31436e-09  1.25763e-11
      1264.81  5.72389e-09  1.12948e-11
      1265.13  1.13214e-08  1.46587e-11
      1265.45  1.77549e-08  1.85602e-11
      1265.77  1.62627e-08  1.87299e-11
      1266.10  8.79892e-09  1.50503e-11
      1266.42  4.43865e-09  1.16364e-11
      1266.74  3.73801e-09  1.10810e-11
      1267.06  5.13954e-09  1.20608e-11
      1267.38  1.07892e-08  1.53797e-11
      1267.70  1.99488e-08  2.00589e-11
      1268.02  2.20693e-08  1.98562e-11
      1268.34  2.17072e-08  1.94233e-11
      1268.67  2.00558e-08  1.86293e-11
      1268.99  1.96341e-08  1.92202e-11
      1269.31  1.57365e-08  1.74738e-11
      1269.63  1.03624e-08  1.44803e-11
      1269.95  8.50996e-09  1.31429e-11
      1270.28  1.02017e-08  1.34743e-11
      1270.60  1.66013e-08  1.67054e-11
      1270.92  2.01937e-08  1.77623e-11
      1271.25  2.17906e-08  1.83930e-11
      1271.57  2.14774e-08  1.91812e-11
      1271.89  1.32985e-08  1.55790e-11
      1272.22  5.80101e-09  1.13888e-11
      1272.54  3.38520e-09  9.94163e-12
      1272.86  2.68246e-09  9.29428e-12
      1273.19  2.47154e-09  8.70098e-12
      1273.51  2.99284e-09  9.02811e-12
      1273.84  4.70349e-09  1.06601e-11
      1274.16  6.40186e-09  1.22413e-11
      1274.49  8.52966e-09  1.30691e-11
      1274.81  1.49157e-08  1.69279e-11
      1275.14  2.07983e-08  2.07061e-11
      1275.46  1.89080e-08  2.14673e-11
      1275.79  1.25139e-08  1.77178e-11
      1276.11  8.21756e-09  1.36999e-11
      1276.44  1.00547e-08  1.52071e-11
      1276.76  1.82873e-08  1.98904e-11
      1277.09  1.92455e-08  1.80805e-11
      1277.42  1.97603e-08  1.89900e-11
      1277.74  1.41676e-08  1.62855e-11
      1278.07  6.60682e-09  1.16812e-11
      1278.40  3.89588e-09  9.81756e-12
      1278.72  2.98258e-09  8.96391e-12
      1279.05  2.87499e-09  8.41165e-12
      1279.38  3.81771e-09  8.87676e-12
      1279.71  5.72242e-09  1.00423e-11
      1280.03  7.86041e-09  1.18395e-11
      1280.36  6.99065e-09  1.12629e-11
      1280.69  7.21487e-09  1.20997e-11
      1281.02  9.32533e-09  1.40651e-11
      1281.34  1.35825e-08  1.75415e-11
      1281.67  1.68692e-08  2.01047e-11
      1282.00  1.29013e-08  1.69201e-11
      1282.33  1.27234e-08  1.62975e-11
      1282.66  1.99827e-08  2.03061e-11
      1282.99  2.58112e-08  2.18447e-11
      1283.32  2.61469e-08  2.19154e-11
      1283.65  1.85086e-08  2.00903e-11
      1283.98  9.51207e-09  1.56716e-11
      1284.31  5.50508e-09  1.26372e-11
      1284.64  4.16047e-09  1.11448e-11
      1284.97  4.15243e-09  1.04946e-11
      1285.30  5.07036e-09  1.10399e-11
      1285.63  4.33245e-09  9.60403e-12
      1285.96  3.95653e-09  8.95666e-12
      1286.29  6.07732e-09  1.09152e-11
      1286.62  8.69395e-09  1.33237e-11
      1286.95  8.10298e-09  1.27524e-11
      1287.28  9.96863e-09  1.40209e-11
      1287.61  1.74612e-08  1.84016e-11
      1287.95  2.07476e-08  1.91629e-11
      1288.28  2.06390e-08  1.85501e-11
      1288.61  2.04103e-08  1.81740e-11
      1288.94  2.00309e-08  1.88895e-11
      1289.27  1.43249e-08  1.62424e-11
      1289.61  1.04549e-08  1.50719e-11
      1289.94  8.30420e-09  1.45317e-11
      1290.27  5.64181e-09  1.26770e-11
      1290.61  4.72604e-09  1.15188e-11
      1290.94  3.65601e-09  9.55342e-12
      1291.27  2.65128e-09  8.48410e-12
      1291.61  3.03241e-09  9.12331e-12
      1291.94  5.08823e-09  1.07983e-11
      1292.27  8.87693e-09  1.37704e-11
      1292.61  1.27157e-08  1.70676e-11
      1292.94  9.82506e-09  1.47441e-11
      1293.28  7.62943e-09  1.28203e-11
      1293.61  9.96036e-09  1.42112e-11
      1293.95  1.28483e-08  1.49240e-11
      1294.28  1.86794e-08  1.72097e-11
      1294.62  2.12627e-08  1.80952e-11
      1294.95  1.82061e-08  1.67071e-11
      1295.29  1.71276e-08  1.71704e-11
      1295.62  1.48478e-08  1.67737e-11
      1295.96  1.08528e-08  1.50686e-11
      1296.29  9.20427e-09  1.42324e-11
      1296.63  9.41505e-09  1.42595e-11
      1296.97  1.14320e-08  1.51455e-11
      1297.30  1.72075e-08  1.84049e-11
      1297.64  2.31590e-08  2.15853e-11
      1297.98  2.04055e-08  1.91531e-11
      1298.31  1.32462e-08  1.59544e-11
      1298.65  7.41417e-09  1.35463e-11
      1298.99  5.51786e-09  1.19830e-11
      1299.33  9.41899e-09  1.45381e-11
      1299.66  1.73129e-08  1.88748e-11
      1300.00  1.98675e-08  1.89509e-11
      1300.34  1.75697e-08  1.71366e-11
      1300.68  1.21941e-08  1.39327e-11
      1301.02  1.19785e-08  1.36433e-11
      1301.35  2.13502e-08  1.92830e-11
      1301.69  2.55324e-08  2.10228e-11
      1302.03  2.46585e-08  2.10453e-11
      1302.37  2.11629e-08  1.88572e-11
      1302.71  2.44520e-08  2.05010e-11
      1303.05  2.62966e-08  2.06135e-11
      1303.39  2.96538e-08  2.23628e-11
      1303.73  3.18085e-08  2.43037e-11
      1304.07  2.93087e-08  2.41965e-11
      1304.41  2.98591e-08  2.54397e-11
      1304.75  3.20628e-08  2.54052e-11
      1305.09  3.32065e-08  2.53398e-11
      1305.43  3.83844e-08  2.83002e-11
      1305.77  4.54724e-08  2.96581e-11
      1306.11  4.57613e-08  2.88795e-11
      1306.46  3.17968e-08  2.31838e-11
      1306.80  1.63109e-08  1.63765e-11
      1307.14  8.88399e-09  1.27212e-11
      1307.48  6.07344e-09  1.11280e-11
      1307.82  4.82857e-09  1.02182e-11
      1308.16  4.81223e-09  1.01272e-11
      1308.51  5.56005e-09  1.05137e-11
      1308.85  4.59367e-09  9.32877e-12
      1309.19  3.24761e-09  8.21119e-12
      1309.53  2.85189e-09  8.61093e-12
      1309.88  2.74246e-09  8.58333e-12
      1310.22  2.94023e-09  9.30374e-12
      1310.56  3.83142e-09  1.06147e-11
      1310.91  7.14688e-09  1.32305e-11
      1311.25  1.28800e-08  1.64071e-11
      1311.60  1.31001e-08  1.68168e-11
      1311.94  7.90286e-09  1.30231e-11
      1312.28  4.18605e-09  1.02192e-11
      1312.63  2.82874e-09  8.56270e-12
      1312.97  2.43970e-09  8.19596e-12
      1313.32  3.31437e-09  9.14600e-12
      1313.66  5.56956e-09  1.13866e-11
      1314.01  4.81093e-09  1.02983e-11
      1314.35  2.66757e-09  7.81843e-12
      1314.70  1.98297e-09  6.85198e-12
      1315.05  1.93857e-09  6.84721e-12
      1315.39  2.17605e-09  7.39455e-12
      1315.74  2.76714e-09  8.43057e-12
      1316.08  4.16075e-09  1.01349e-11
      1316.43  8.40860e-09  1.40330e-11
      1316.78  1.47794e-08  1.93610e-11
      1317.12  1.15369e-08  1.59161e-11
      1317.47  5.64312e-09  1.05350e-11
      1317.82  3.28047e-09  8.70786e-12
      1318.17  3.32534e-09  8.97885e-12
      1318.51  5.76277e-09  1.15228e-11
      1318.86  7.25545e-09  1.30640e-11
      1319.21  4.92024e-09  1.07629e-11
      1319.56  2.88906e-09  8.70563e-12
      1319.91  2.91172e-09  8.66724e-12
      1320.25  2.96628e-09  8.27931e-12
      1320.60  2.96020e-09  7.92902e-12
      1320.95  3.57528e-09  8.38509e-12
      1321.30  5.11754e-09  9.83900e-12
      1321.65  1.00208e-08  1.38279e-11
      1322.00  1.76501e-08  1.99007e-11
      1322.35  1.56874e-08  1.93214e-11
      1322.70  8.14489e-09  1.41316e-11
      1323.05  5.07768e-09  1.08493e-11
      1323.40  5.45739e-09  1.10806e-11
      1323.75  6.52248e-09  1.21348e-11
      1324.10  6.91887e-09  1.24043e-11
      1324.45  5.22773e-09  1.08067e-11
      1324.80  3.69478e-09  9.55484e-12
      