227
      1249.95  2.73773e-08  6.84014e-11
      1250.27  2.79124e-08  7.39975e-11
      1250.58  0.00000e+00  0.00000e+00
      1250.89  0.00000e+00  0.00000e+00
      1251.20  0.00000e+00  0.00000e+00
      1251.52  0.00000e+00  0.00000e+00
      1251.83  0.00000e+00  0.00000e+00
      1252.14  0.00000e+00  0.00000e+00
      1252.46  0.00000e+00  0.00000e+00
      1252.77  0.00000e+00  0.00000e+00
      1253.09  0.00000e+00  0.00000e+00
      1253.40  0.00000e+00  0.00000e+00
      1253.71  0.00000e+00  0.00000e+00
      1254.03  0.00000e+00  0.00000e+00
      1254.34  0.00000e+00  0.00000e+00
      1254.66  0.00000e+00  0.00000e+00
      1254.97  0.00000e+00  0.00000e+00
      1255.29  0.00000e+00  0.00000e+00
      1255.60  0.00000e+00  0.00000e+00
      1255.92  0.00000e+00  0.00000e+00
      1256.23  0.00000e+00  0.00000e+00
      1256.55  0.00000e+00  0.00000e+00
      1256.87  0.00000e+00  0.00000e+00
      1257.18  0.00000e+00  0.00000e+00
      1257.50  0.00000e+00  0.00000e+00
      1257.81  0.00000e+00  0.00000e+00
      1258.13  0.00000e+00  0.00000e+00
      1258.45  0.00000e+00  0.00000e+00
      1258.76  0.00000e+00  0.00000e+00
      1259.08  0.00000e+00  0.00000e+00
      1259.40  0.00000e+00  0.00000e+00
      1259.72  0.00000e+00  0.00000e+00
      1260.03  0.00000e+00  0.00000e+00
      1260.35  0.00000e+00  0.00000e+00
      1260.67  2.25282e-08  5.67655e-11
      1260.99  2.26934e-08  5.54676e-11
      1261.30  2.37590e-08  4.80098e-11
      1261.62  2.72527e-08  3.70858e-11
      1261.94  2.86410e-08  3.54759e-11
      1262.26  3.02366e-08  4.38214e-11
      1262.58  3.11486e-08  5.97508e-11
      1262.90  3.13202e-08  6.37875e-11
      1263.22  0.00000e+00  0.00000e+00
      1263.54  0.00000e+00  0.00000e+00
      1263.86  0.00000e+00  0.00000e+00
      1264.17  0.00000e+00  0.00000e+00
      1264.49  0.00000e+00  0.00000e+00
      1264.81  0.00000e+00  0.00000e+00
      1265.13  0.00000e+00  0.00000e+00
      1265.45  0.00000e+00  0.00000e+00
      1265.77  0.00000e+00  0.00000e+00
      1266.10  0.00000e+00  0.00000e+00
      1266.42  0.00000e+00  0.00000e+00
      1266.74  0.00000e+00  0.00000e+00
      1267.06  0.00000e+00  0.00000e+00
      1267.38  0.00000e+00  0.00000e+00
      1267.70  0.00000e+00  0.00000e+00
      1268.02  0.00000e+00  0.00000e+00
      1268.34  0.00000e+00  0.00000e+00
      1268.67  0.00000e+00  0.00000e+00
      1268.99  0.00000e+00  0.00000e+00
      1269.31  0.00000e+00  0.00000e+00
      1269.63  0.00000e+00  0.00000e+00
      1269.95  0.00000e+00  0.00000e+00
      1270.28  0.00000e+00  0.00000e+00
      1270.60  0.00000e+00  0.00000e+00
      1270.92  4.01149e-08  6.67825e-11
      1271.25  3.95340e-08  6.29784e-11
      1271.57  3.58950e-08  4.63604e-11
      1271.89  2.34781e-08  3.13141e-11
      1272.22  1.22497e-08  2.42188e-11
      1272.54  9.00346e-09  2.95935e-11
      1272.86  8.50402e-09  3.46574e-11
      1273.19  8.43720e-09  3.55509e-11
      1273.51  0.00000e+00  0.00000e+00
      1273.84  0.00000e+00  0.00000e+00
      1274.16  0.00000e+00  0.00000e+00
      1274.49  0.00000e+00  0.00000e+00
      1274.81  0.00000e+00  0.00000e+00
      1275.14  0.00000e+00  0.00000e+00
      1275.46  0.00000e+00  0.00000e+00
      1275.79  0.00000e+00  0.00000e+00
      1276.11  0.00000e+00  0.00000e+00
      1276.44  0.00000e+00  0.00000e+00
      1276.76  0.00000e+00  0.00000e+00
      1277.09  0.00000e+00  0.00000e+00
      1277.42  0.00000e+00  0.00000e+00
      1277.74  0.00000e+00  0.00000e+00
      1278.07  0.00000e+00  0.00000e+00
      1278.40  0.00000e+00  0.00000e+00
      1278.72  0.00000e+00  0.00000e+00
      1279.05  0.00000e+00  0.00000e+00
      1279.38  0.00000e+00  0.00000e+00
      1279.71  1.24586e-08  3.87031e-11
      1280.03  1.25016e-08  3.69113e-11
      1280.36  1.28383e-08  2.88500e-11
      1280.69  1.49147e-08  2.56232e-11
      1281.02  1.90243e-08  3.01859e-11
      1281.34  2.26401e-08  4.50446e-11
      1281.67  2.36492e-08  5.50616e-11
      1282.00  2.38002e-08  5.67996e-11
      1282.33  0.00000e+00  0.00000e+00
      1282.66  0.00000e+00  0.00000e+00
      1282.99  0.00000e+00  0.00000e+00
      1283.32  0.00000e+00  0.00000e+00
      1283.65  0.00000e+00  0.00000e+00
      1283.98  0.00000e+00  0.00000e+00
      1284.31  0.00000e+00  0.00000e+00
      1284.64  0.00000e+00  0.00000e+00
      1284.97  0.00000e+00  0.00000e+00
      1285.30  0.00000e+00  0.00000e+00
      1285.63  0.00000e+00  0.00000e+00
      1285.96  0.00000e+00  0.00000e+00
      1286.29  0.00000e+00  0.00000e+00
      1286.62  0.00000e+00  0.00000e+00
      1286.95  0.00000e+00  0.00000e+00
      1287.28  0.00000e+00  0.00000e+00
      1287.61  3.59716e-08  6.11317e-11
      1287.95  3.59323e-08  5.76006e-11
      1288.28  3.57506e-08  4.29512e-11
      1288.61  3.61636e-08  3.63011e-11
      1288.94  3.63994e-08  3.90902e-11
      1289.27  3.12697e-08  4.94655e-11
      1289.61  2.94875e-08  5.78411e-11
      1289.94  2.92201e-08  5.92646e-11
      1290.27  0.00000e+00  0.00000e+00
      1290.61  0.00000e+00  0.00000e+00
      1290.94  0.00000e+00  0.00000e+00
      1291.27  0.00000e+00  0.00000e+00
      1291.61  0.00000e+00  0.00000e+00
      1291.94  0.00000e+00  0.00000e+00
      1292.27  0.00000e+00  0.00000e+00
      1292.61  0.00000e+00  0.00000e+00
      1292.94  0.00000e+00  0.00000e+00
      1293.28  0.00000e+00  0.00000e+00
      1293.61  0.00000e+00  0.00000e+00
      1293.95  0.00000e+00  0.00000e+00
      1294.28  0.00000e+00  0.00000e+00
      1294.62  0.00000e+00  0.00000e+00
      1294.95  2.74774e-08  5.67568e-11
      1295.29  2.71486e-08  5.34176e-11
      1295.62  2.52157e-08  3.89216e-11
      1295.96  2.07654e-08  2.97113e-11
      1296.29  1.86888e-08  2.91186e-11
      1296.63  1.85300e-08  3.96819e-11
      1296.97  1.85443e-08  4.66112e-11
      1297.30  1.85473e-08  4.77339e-11
      1297.64  0.00000e+00  0.00000e+00
      1297.98  0.00000e+00  0.00000e+00
      1298.31  0.00000e+00  0.00000e+00
      1298.65  0.00000e+00  0.00000e+00
      1298.99  0.00000e+00  0.00000e+00
      1299.33  0.00000e+00  0.00000e+00
      1299.66  0.00000e+00  0.00000e+00
      1300.00  0.00000e+00  0.00000e+00
      1300.34  0.00000e+00  0.00000e+00
      1300.68  0.00000e+00  0.00000e+00
      1301.02  0.00000e+00  0.00000e+00
      1301.35  0.00000e+00  0.00000e+00
      1301.69  0.00000e+00  0.00000e+00
      1302.03  3.76786e-08  6.19157e-11
      1302.37  3.85374e-08  5.66877e-11
      1302.71  4.25437e-08  4.23141e-11
      1303.05  4.56237e-08  3.99518e-11
      1303.39  5.11908e-08  4.64703e-11
      1303.73  5.50201e-08  6.91691e-11
      1304.07  5.56987e-08  7.66252e-11
      1304.41  5.57871e-08  7.76779e-11
      1304.75  0.00000e+00  0.00000e+00
      1305.09  0.00000e+00  0.00000e+00
      1305.43  0.00000e+00  0.00000e+00
      1305.77  0.00000e+00  0.00000e+00
      1306.11  0.00000e+00  0.00000e+00
      1306.46  0.00000e+00  0.00000e+00
      1306.80  0.00000e+00  0.00000e+00
      1307.14  0.00000e+00  0.00000e+00
      1307.48  0.00000e+00  0.00000e+00
      1307.82  0.00000e+00  0.00000e+00
      1308.16  0.00000e+00  0.00000e+00
      1308.51  7.28162e-09  2.76573e-11
      1308.85  7.19322e-09  2.41299e-11
      1309.19  6.83142e-09  1.75042e-11
      1309.53  6.56771e-09  1.71152e-11
      1309.88  6.48603e-09  1.99148e-11
      1310.22  6.44422e-09  2.73309e-11
      1310.56  6.43727e-09  2.91664e-11
      1310.91  0.00000e+00  0.00000e+00
      1311.25  0.00000e+00  0.00000e+00
      1311.60  0.00000e+00  0.00000e+00
      1311.94  0.00000e+00  0.00000e+00
      1312.28  0.00000e+00  0.00000e+00
      1312.63  0.00000e+00  0.00000e+00
      1312.97  0.00000e+00  0.00000e+00
      1313.32  0.00000e+00  0.00000e+00
      1313.66  0.00000e+00  0.00000e+00
      1314.01  0.00000e+00  0.00000e+00
      1314.35  0.00000e+00  0.00000e+00
      1314.70  4.61474e-09  2.36546e-11
      1315.05  4.68037e-09  2.15126e-11
      1315.39  5.11513e-09  1.63616e-11
      1315.74  6.50647e-09  1.74297e-11
      1316.08  8.87069e-09  2.25248e-11
      1316.43  1.02812e-08  3.44866e-11
      1316.78  1.05321e-08  3.79742e-11
      1317.12  0.00000e+00  0.00000e+00
      1317.47  0.00000e+00  0.00000e+00
      1317.82  0.00000e+00  0.00000e+00
      1318.17  0.00000e+00  0.00000e+00
      1318.51  0.00000e+00  0.00000e+00
      1318.86  0.00000e+00  0.00000e+00
      1319.21  0.00000e+00  0.00000e+00
      1319.56  0.00000e+00  0.00000e+00
      1319.91  0.00000e+00  0.00000e+00
      1320.25  0.00000e+00  0.00000e+00
      1320.60  8.25882e-09  3.00651e-11
      1320.95  8.58717e-09  2.66313e-11
      1321.30  1.08991e-08  2.14546e-11
      1321.65  2.02652e-08  2.85006e-11
      1322.00  3.26500e-08  3.86891e-11
      1322.35  3.14361e-08  4.58929e-11
      1322.70  2.91420e-08  5.80570e-11
      1323.05  2.87514e-08  6.06170e-11
      1323.40  0.00000e+00  0.00000e+00
      1323.75  0.00000e+00  0.00000e+00
      1324.10  0.00000e+00  0.00000e+00
      1324.45  0.00000e+00  0.00000e+00
      1324.80  0.00000e+00  0.00000e+00
      