227
      1249.95  2.29638e-08  2.84483e-11
      1250.27  1.18723e-08  1.97608e-11
      1250.58  4.55742e-09  1.28355e-11
      1250.89  3.28845e-09  1.15045e-11
      1251.20  4.11824e-09  1.28109e-11
      1251.52  5.93929e-09  1.48143e-11
      1251.83  9.87051e-09  1.88823e-11
      1252.14  1.29900e-08  2.10062e-11
      1252.46  1.28045e-08  2.03507e-11
      1252.77  1.17457e-08  1.83099e-11
      1253.09  1.77357e-08  2.08505e-11
      1253.40  3.18359e-08  2.69149e-11
      1253.71  3.96990e-08  3.02662e-11
      1254.03  2.59142e-08  2.38732e-11
      1254.34  1.38851e-08  1.78822e-11
      1254.66  1.60097e-08  1.97032e-11
      1254.97  2.42481e-08  2.56595e-11
      1255.29  1.72678e-08  2.08443e-11
      1255.60  8.73226e-09  1.46659e-11
      1255.92  9.31065e-09  1.49397e-11
      1256.23  1.46632e-08  1.72444e-11
      1256.55  2.29099e-08  2.24426e-11
      1256.87  1.72671e-08  1.91996e-11
      1257.18  8.80424e-09  1.44685e-11
      1257.50  6.46880e-09  1.34348e-11
      1257.81  7.08357e-09  1.43205e-11
      1258.13  8.77210e-09  1.60028e-11
      1258.45  8.94151e-09  1.55963e-11
      1258.76  9.32183e-09  1.50713e-11
      1259.08  1.49704e-08  1.80259e-11
      1259.40  2.83323e-08  2.47756e-11
      1259.72  3.79044e-08  2.94293e-11
      1260.03  2.97331e-08  2.60907e-11
      1260.35  2.23675e-08  2.28689e-11
      1260.67  2.77035e-08  2.72187e-11
      1260.99  2.63973e-08  2.62284e-11
      1261.30  2.15509e-08  2.25661e-11
      1261.62  2.58267e-08  2.46215e-11
      1261.94  2.71554e-08  2.38594e-11
      1262.26  2.77379e-08  2.44670e-11
      1262.58  2.10687e-08  2.14948e-11
      1262.90  2.12520e-08  2.18034e-11
      1263.22  3.09161e-08  2.77299e-11
      1263.54  2.67365e-08  2.52717e-11
      1263.86  1.82312e-08  2.05246e-11
      1264.17  1.48242e-08  1.84239e-11
      1264.49  1.12262e-08  1.52538e-11
      1264.81  1.16152e-08  1.43823e-11
      1265.13  2.10598e-08  1.88348e-11
      1265.45  3.18042e-08  2.33858e-11
      1265.77  2.92370e-08  2.26792e-11
      1266.10  1.72529e-08  1.74720e-11
      1266.42  9.77555e-09  1.38498e-11
      1266.74  8.33460e-09  1.31031e-11
      1267.06  1.06117e-08  1.43524e-11
      1267.38  1.96979e-08  1.84381e-11
      1267.70  3.41160e-08  2.43859e-11
      1268.02  3.71947e-08  2.45663e-11
      1268.34  3.68677e-08  2.50752e-11
      1268.67  3.39724e-08  2.44027e-11
      1268.99  3.34029e-08  2.57856e-11
      1269.31  2.71200e-08  2.37205e-11
      1269.63  1.89902e-08  2.03286e-11
      1269.95  1.59357e-08  1.86222e-11
      1270.28  1.84351e-08  1.91432e-11
      1270.60  2.82328e-08  2.33710e-11
      1270.92  3.38431e-08  2.48541e-11
      1271.25  3.66548e-08  2.59133e-11
      1271.57  3.61172e-08  2.67086e-11
      1271.89  2.34993e-08  2.17366e-11
      1272.22  1.18357e-08  1.57839e-11
      1272.54  7.62717e-09  1.36899e-11
      1272.86  6.20319e-09  1.27933e-11
      1273.19  5.79424e-09  1.17863e-11
      1273.51  6.73605e-09  1.16338e-11
      1273.84  9.82567e-09  1.33386e-11
      1274.16  1.28622e-08  1.48840e-11
      1274.49  1.63938e-08  1.63430e-11
      1274.81  2.66385e-08  2.15275e-11
      1275.14  3.59677e-08  2.56026e-11
      1275.46  3.34978e-08  2.46118e-11
      1275.79  2.36313e-08  2.04448e-11
      1276.11  1.65217e-08  1.63851e-11
      1276.44  1.98487e-08  1.72514e-11
      1276.76  3.06751e-08  2.17722e-11
      1277.09  3.29277e-08  2.23679e-11
      1277.42  3.29301e-08  2.35999e-11
      1277.74  2.43902e-08  2.10264e-11
      1278.07  1.27595e-08  1.58081e-11
      1278.40  8.00998e-09  1.35278e-11
      1278.72  6.30228e-09  1.22112e-11
      1279.05  6.15568e-09  1.18081e-11
      1279.38  7.85069e-09  1.27473e-11
      1279.71  1.10354e-08  1.45160e-11
      1280.03  1.42302e-08  1.66397e-11
      1280.36  1.34079e-08  1.61910e-11
      1280.69  1.39639e-08  1.70649e-11
      1281.02  1.78375e-08  1.95138e-11
      1281.34  2.42978e-08  2.32673e-11
      1281.67  2.87773e-08  2.56857e-11
      1282.00  2.37844e-08  2.19460e-11
      1282.33  2.37555e-08  2.03296e-11
      1282.66  3.45626e-08  2.40125e-11
      1282.99  4.30756e-08  2.63400e-11
      1283.32  4.31655e-08  2.67122e-11
      1283.65  3.22620e-08  2.34183e-11
      1283.98  1.86629e-08  1.81104e-11
      1284.31  1.15457e-08  1.48631e-11
      1284.64  8.86638e-09  1.31425e-11
      1284.97  8.59603e-09  1.25535e-11
      1285.30  1.00206e-08  1.34207e-11
      1285.63  8.83897e-09  1.24093e-11
      1285.96  7.96610e-09  1.19231e-11
      1286.29  1.12879e-08  1.47394e-11
      1286.62  1.56203e-08  1.82689e-11
      1286.95  1.47971e-08  1.79536e-11
      1287.28  1.72250e-08  1.91951e-11
      1287.61  2.91440e-08  2.55031e-11
      1287.95  3.47472e-08  2.64770e-11
      1288.28  3.47376e-08  2.54473e-11
      1288.61  3.45964e-08  2.47395e-11
      1288.94  3.47874e-08  2.55698e-11
      1289.27  2.54602e-08  2.20648e-11
      1289.61  1.93003e-08  2.04468e-11
      1289.94  1.61855e-08  1.89355e-11
      1290.27  1.13246e-08  1.54459e-11
      1290.61  9.90065e-09  1.45304e-11
      1290.94  7.69325e-09  1.20114e-11
      1291.27  5.82438e-09  1.01112e-11
      1291.61  6.64492e-09  1.03812e-11
      1291.94  1.04357e-08  1.30419e-11
      1292.27  1.66942e-08  1.65499e-11
      1292.61  2.33749e-08  2.09881e-11
      1292.94  1.78165e-08  1.82245e-11
      1293.28  1.43400e-08  1.65483e-11
      1293.61  1.83508e-08  1.90764e-11
      1293.95  2.23794e-08  2.00069e-11
      1294.28  3.14751e-08  2.37971e-11
      1294.62  3.52459e-08  2.50815e-11
      1294.95  3.06405e-08  2.33818e-11
      1295.29  2.96829e-08  2.42181e-11
      1295.62  2.62076e-08  2.33619e-11
      1295.96  2.01610e-08  2.05798e-11
      1296.29  1.76595e-08  1.92146e-11
      1296.63  1.80257e-08  1.90160e-11
      1296.97  2.12616e-08  1.98425e-11
      1297.30  3.03886e-08  2.25588e-11
      1297.64  3.93729e-08  2.53872e-11
      1297.98  3.52833e-08  2.39167e-11
      1298.31  2.43828e-08  2.00985e-11
      1298.65  1.50887e-08  1.61591e-11
      1298.99  1.18395e-08  1.43785e-11
      1299.33  1.79149e-08  1.74389e-11
      1299.66  2.94749e-08  2.22057e-11
      1300.00  3.34348e-08  2.30417e-11
      1300.34  2.97485e-08  2.19707e-11
      1300.68  2.18752e-08  1.89178e-11
      1301.02  2.15983e-08  1.92412e-11
      1301.35  3.42347e-08  2.59701e-11
      1301.69  4.10357e-08  2.90708e-11
      1302.03  3.96171e-08  2.86668e-11
      1302.37  3.56170e-08  2.61685e-11
      1302.71  3.95856e-08  2.69944e-11
      1303.05  4.35485e-08  2.71483e-11
      1303.39  4.83027e-08  2.82593e-11
      1303.73  5.13371e-08  2.99968e-11
      1304.07  4.80386e-08  2.92855e-11
      1304.41  4.89100e-08  2.93421e-11
      1304.75  5.18296e-08  3.01038e-11
      1305.09  5.36006e-08  2.96535e-11
      1305.43  6.10395e-08  3.06903e-11
      1305.77  7.00805e-08  3.20603e-11
      1306.11  7.00796e-08  3.20497e-11
      1306.46  5.00603e-08  2.72230e-11
      1306.80  2.71657e-08  2.04775e-11
      1307.14  1.59746e-08  1.69137e-11
      1307.48  1.14874e-08  1.51770e-11
      1307.82  9.30785e-09  1.42335e-11
      1308.16  9.12204e-09  1.38390e-11
      1308.51  1.06197e-08  1.49303e-11
      1308.85  8.87009e-09  1.30701e-11
      1309.19  6.64936e-09  1.11859e-11
      1309.53  6.10005e-09  1.09834e-11
      1309.88  5.97861e-09  1.11777e-11
      1310.22  6.27478e-09  1.18780e-11
      1310.56  7.86868e-09  1.29209e-11
      1310.91  1.31980e-08  1.55199e-11
      1311.25  2.26570e-08  1.98781e-11
      1311.60  2.32670e-08  1.91610e-11
      1311.94  1.49285e-08  1.48481e-11
      1312.28  8.52289e-09  1.16305e-11
      1312.63  5.95134e-09  1.04027e-11
      1312.97  5.16359e-09  1.02663e-11
      1313.32  6.67220e-09  1.18673e-11
      1313.66  1.01251e-08  1.50243e-11
      1314.01  8.94047e-09  1.39482e-11
      1314.35  5.46889e-09  1.08963e-11
      1314.70  4.23356e-09  9.65804e-12
      1315.05  4.19432e-09  9.57643e-12
      1315.39  4.69957e-09  1.01795e-11
      1315.74  5.87496e-09  1.13581e-11
      1316.08  8.57390e-09  1.35018e-11
      1316.43  1.54371e-08  1.78211e-11
      1316.78  2.49253e-08  2.27612e-11
      1317.12  2.10445e-08  1.95007e-11
      1317.47  1.09381e-08  1.31368e-11
      1317.82  6.86620e-09  1.05458e-11
      1318.17  6.84841e-09  1.05025e-11
      1318.51  1.09526e-08  1.37646e-11
      1318.86  1.37711e-08  1.61865e-11
      1319.21  9.46765e-09  1.37673e-11
      1319.56  5.62074e-09  1.12010e-11
      1319.91  5.78279e-09  1.16439e-11
      1320.25  5.87039e-09  1.12618e-11
      1320.60  5.84413e-09  1.10001e-11
      1320.95  6.99555e-09  1.18323e-11
      1321.30  9.63824e-09  1.36525e-11
      1321.65  1.75301e-08  1.81821e-11
      1322.00  3.02881e-08  2.49946e-11
      1322.35  2.69867e-08  2.32935e-11
      1322.70  1.51249e-08  1.70082e-11
      1323.05  1.01020e-08  1.33511e-11
      1323.40  1.09625e-08  1.34805e-11
      1323.75  1.28566e-08  1.41486e-11
      1324.10  1.33105e-08  1.47448e-11
      1324.45  1.02202e-08  1.33285e-11
      1324.80  7.46895e-09  1.22247e-11
      