227
      1249.95  2.52597e-08  3.90360e-11
      1250.27  1.21136e-08  2.38704e-11
      1250.58  4.60385e-09  1.60600e-11
      1250.89  3.36797e-09  1.46985e-11
      1251.20  4.21432e-09  1.66017e-11
      1251.52  6.11160e-09  1.95227e-11
      1251.83  1.00837e-08  2.51170e-11
      1252.14  1.31508e-08  2.81662e-11
      1252.46  1.28912e-08  2.75762e-11
      1252.77  1.18947e-08  2.51844e-11
      1253.09  1.80845e-08  2.91666e-11
      1253.40  3.21168e-08  3.79525e-11
      1253.71  3.93150e-08  4.26122e-11
      1254.03  2.55067e-08  3.38520e-11
      1254.34  1.38373e-08  2.56753e-11
      1254.66  1.61447e-08  2.85706e-11
      1254.97  2.39451e-08  3.68070e-11
      1255.29  1.69683e-08  2.99012e-11
      1255.60  8.73757e-09  2.12376e-11
      1255.92  9.35447e-09  2.17933e-11
      1256.23  1.47790e-08  2.52050e-11
      1256.55  2.25624e-08  3.22123e-11
      1256.87  1.70297e-08  2.74823e-11
      1257.18  8.78144e-09  2.07010e-11
      1257.50  6.46388e-09  1.94068e-11
      1257.81  7.10671e-09  2.02202e-11
      1258.13  8.75164e-09  2.24296e-11
      1258.45  8.92308e-09  2.15868e-11
      1258.76  9.44633e-09  2.09830e-11
      1259.08  1.52742e-08  2.40653e-11
      1259.40  2.83842e-08  3.18278e-11
      1259.72  3.75721e-08  3.74574e-11
      1260.03  2.96928e-08  3.31387e-11
      1260.35  2.26770e-08  2.90135e-11
      1260.67  2.79222e-08  3.37305e-11
      1260.99  2.68462e-08  3.26558e-11
      1261.30  2.23576e-08  2.82867e-11
      1261.62  2.66640e-08  3.08486e-11
      1261.94  2.84403e-08  3.03992e-11
      1262.26  2.97193e-08  3.48723e-11
      1262.58  2.52518e-08  2.91373e-11
      1262.90  2.19073e-08  2.76297e-11
      1263.22  3.13083e-08  3.56992e-11
      1263.54  2.67350e-08  3.27622e-11
      1263.86  1.83148e-08  2.71484e-11
      1264.17  1.48591e-08  2.47745e-11
      1264.49  1.12763e-08  2.08831e-11
      1264.81  1.18523e-08  2.01654e-11
      1265.13  2.13408e-08  2.67137e-11
      1265.45  3.16844e-08  3.33461e-11
      1265.77  2.87631e-08  3.22560e-11
      1266.10  1.69417e-08  2.49660e-11
      1266.42  9.67199e-09  2.00020e-11
      1266.74  8.32094e-09  1.89109e-11
      1267.06  1.06723e-08  2.05389e-11
      1267.38  1.97987e-08  2.64548e-11
      1267.70  3.38298e-08  3.46711e-11
      1268.02  3.69247e-08  3.48260e-11
      1268.34  3.64890e-08  3.53230e-11
      1268.67  3.37228e-08  3.40892e-11
      1268.99  3.29575e-08  3.53957e-11
      1269.31  2.68046e-08  3.22771e-11
      1269.63  1.88167e-08  2.62363e-11
      1269.95  1.59412e-08  2.33879e-11
      1270.28  1.85246e-08  2.38759e-11
      1270.60  2.82473e-08  2.89331e-11
      1270.92  3.41356e-08  3.09924e-11
      1271.25  3.72728e-08  3.24004e-11
      1271.57  3.69842e-08  3.34752e-11
      1271.89  2.43924e-08  2.74585e-11
      1272.22  1.25487e-08  2.05910e-11
      1272.54  8.67558e-09  2.11580e-11
      1272.86  6.57490e-09  1.48810e-11
      1273.19  5.90087e-09  1.52202e-11
      1273.51  6.90080e-09  1.54168e-11
      1273.84  1.00457e-08  1.81048e-11
      1274.16  1.30520e-08  2.05642e-11
      1274.49  1.66593e-08  2.30451e-11
      1274.81  2.68800e-08  3.07347e-11
      1275.14  3.58735e-08  3.66346e-11
      1275.46  3.31113e-08  3.53157e-11
      1275.79  2.32362e-08  2.92292e-11
      1276.11  1.63392e-08  2.36105e-11
      1276.44  1.98333e-08  2.50012e-11
      1276.76  3.05775e-08  3.13943e-11
      1277.09  3.27202e-08  3.21374e-11
      1277.42  3.26518e-08  3.34602e-11
      1277.74  2.40835e-08  2.95109e-11
      1278.07  1.25399e-08  2.17966e-11
      1278.40  7.90978e-09  1.81707e-11
      1278.72  6.28907e-09  1.56697e-11
      1279.05  6.15595e-09  1.49411e-11
      1279.38  7.88149e-09  1.58601e-11
      1279.71  1.11598e-08  1.82824e-11
      1280.03  1.46102e-08  2.10567e-11
      1280.36  1.38271e-08  2.04720e-11
      1280.69  1.46175e-08  2.16360e-11
      1281.02  1.86282e-08  2.50068e-11
      1281.34  2.31753e-08  3.28666e-11
      1281.67  2.81825e-08  2.88609e-11
      1282.00  2.37893e-08  2.84592e-11
      1282.33  2.41418e-08  2.74091e-11
      1282.66  3.51253e-08  3.31419e-11
      1282.99  4.33103e-08  3.68385e-11
      1283.32  4.29431e-08  3.76902e-11
      1283.65  3.16561e-08  3.30902e-11
      1283.98  1.82025e-08  2.56723e-11
      1284.31  1.13488e-08  2.12122e-11
      1284.64  8.77369e-09  1.88261e-11
      1284.97  8.55220e-09  1.79796e-11
      1285.30  1.00530e-08  1.91802e-11
      1285.63  8.74272e-09  1.74643e-11
      1285.96  7.89507e-09  1.67362e-11
      1286.29  1.13243e-08  2.04389e-11
      1286.62  1.57538e-08  2.42625e-11
      1286.95  1.46299e-08  2.22758e-11
      1287.28  1.72393e-08  2.36065e-11
      1287.61  2.94496e-08  3.13453e-11
      1287.95  3.50272e-08  3.22503e-11
      1288.28  3.54978e-08  3.14483e-11
      1288.61  3.59030e-08  3.10096e-11
      1288.94  3.64125e-08  3.25893e-11
      1289.27  2.96716e-08  3.47721e-11
      1289.61  2.07233e-08  2.43543e-11
      1289.94  1.61682e-08  2.48960e-11
      1290.27  1.13213e-08  2.08308e-11
      1290.61  9.91442e-09  2.01374e-11
      1290.94  7.61396e-09  1.68290e-11
      1291.27  5.83273e-09  1.44756e-11
      1291.61  6.73618e-09  1.51563e-11
      1291.94  1.05419e-08  1.90766e-11
      1292.27  1.68333e-08  2.42809e-11
      1292.61  2.30487e-08  3.00318e-11
      1292.94  1.76024e-08  2.57622e-11
      1293.28  1.44209e-08  2.33120e-11
      1293.61  1.82815e-08  2.64219e-11
      1293.95  2.25527e-08  2.73904e-11
      1294.28  3.15279e-08  3.07463e-11
      1294.62  3.50699e-08  3.16426e-11
      1294.95  3.07758e-08  2.95186e-11
      1295.29  2.99246e-08  3.01696e-11
      1295.62  2.68405e-08  2.91303e-11
      1295.96  2.10483e-08  2.56025e-11
      1296.29  1.86084e-08  2.41624e-11
      1296.63  1.84923e-08  2.77142e-11
      1296.97  2.14127e-08  2.36120e-11
      1297.30  3.10789e-08  3.04964e-11
      1297.64  3.96265e-08  3.50269e-11
      1297.98  3.50067e-08  3.34110e-11
      1298.31  2.39942e-08  2.83568e-11
      1298.65  1.48207e-08  2.29617e-11
      1298.99  1.18098e-08  2.05813e-11
      1299.33  1.80467e-08  2.51064e-11
      1299.66  2.94883e-08  3.16882e-11
      1300.00  3.32041e-08  3.26878e-11
      1300.34  2.94605e-08  3.07120e-11
      1300.68  2.15994e-08  2.59078e-11
      1301.02  2.16472e-08  2.57770e-11
      1301.35  3.44216e-08  3.29108e-11
      1301.69  4.09741e-08  3.57781e-11
      1302.03  3.97447e-08  3.48113e-11
      1302.37  3.58840e-08  3.14742e-11
      1302.71  4.08393e-08  3.31751e-11
      1303.05  4.51871e-08  3.36115e-11
      1303.39  5.03021e-08  3.66019e-11
      1303.73  5.35514e-08  4.21470e-11
      1304.07  4.85427e-08  3.78367e-11
      1304.41  4.92334e-08  4.05523e-11
      1304.75  5.18871e-08  4.23572e-11
      1305.09  5.33563e-08  4.22227e-11
      1305.43  6.08298e-08  4.43936e-11
      1305.77  6.96467e-08  4.64193e-11
      1306.11  6.92280e-08  4.64305e-11
      1306.46  4.87845e-08  3.87409e-11
      1306.80  2.66097e-08  2.89778e-11
      1307.14  1.58144e-08  2.36727e-11
      1307.48  1.13729e-08  2.06857e-11
      1307.82  9.28398e-09  1.84105e-11
      1308.16  9.22916e-09  1.78720e-11
      1308.51  1.06346e-08  1.84741e-11
      1308.85  9.02425e-09  1.62606e-11
      1309.19  6.98984e-09  1.45477e-11
      1309.53  6.51573e-09  1.43280e-11
      1309.88  6.40445e-09  1.53908e-11
      1310.22  6.43120e-09  1.49619e-11
      1310.56  8.08210e-09  1.73237e-11
      1310.91  1.36606e-08  2.17882e-11
      1311.25  2.28404e-08  2.80520e-11
      1311.60  2.28983e-08  2.72435e-11
      1311.94  1.45384e-08  2.11880e-11
      1312.28  8.34471e-09  1.66016e-11
      1312.63  5.88612e-09  1.48944e-11
      1312.97  5.14954e-09  1.46625e-11
      1313.32  6.67495e-09  1.64610e-11
      1313.66  1.01063e-08  2.04534e-11
      1314.01  8.81341e-09  1.81625e-11
      1314.35  5.42495e-09  1.35108e-11
      1314.70  4.26715e-09  1.21075e-11
      1315.05  4.30406e-09  1.21991e-11
      1315.39  4.92895e-09  1.29484e-11
      1315.74  6.25827e-09  1.44063e-11
      1316.08  8.69010e-09  1.73916e-11
      1316.43  1.29009e-08  2.15145e-11
      1316.78  2.49069e-08  2.99633e-11
      1317.12  2.06595e-08  2.66016e-11
      1317.47  1.06287e-08  1.84483e-11
      1317.82  6.74335e-09  1.51412e-11
      1318.17  6.84073e-09  1.52402e-11
      1318.51  1.11099e-08  2.01007e-11
      1318.86  1.37187e-08  2.31189e-11
      1319.21  9.24317e-09  1.91757e-11
      1319.56  5.61001e-09  1.53903e-11
      1319.91  5.80941e-09  1.52145e-11
      1320.25  5.87890e-09  1.43081e-11
      1320.60  5.93605e-09  1.39240e-11
      1320.95  7.20952e-09  1.51189e-11
      1321.30  1.01475e-08  1.73344e-11
      1321.65  1.86700e-08  2.29077e-11
      1322.00  3.16755e-08  3.09274e-11
      1322.35  3.04092e-08  3.28621e-11
      1322.70  1.86545e-08  2.26665e-11
      1323.05  1.01843e-08  1.85226e-11
      1323.40  1.10238e-08  1.92210e-11
      1323.75  1.28390e-08  2.03945e-11
      1324.10  1.31660e-08  2.13124e-11
      1324.45  1.00676e-08  1.90450e-11
      1324.80  7.38483e-09  1.72113e-11
      