227
      1249.95  2.31233e-08  2.99903e-11
      1250.27  1.19279e-08  2.11273e-11
      1250.58  4.59094e-09  1.37749e-11
      1250.89  3.31311e-09  1.23891e-11
      1251.20  4.14236e-09  1.38153e-11
      1251.52  5.97848e-09  1.60213e-11
      1251.83  9.91518e-09  2.04020e-11
      1252.14  1.30359e-08  2.26928e-11
      1252.46  1.28509e-08  2.20196e-11
      1252.77  1.17975e-08  1.98121e-11
      1253.09  1.78079e-08  2.25143e-11
      1253.40  3.18943e-08  2.89545e-11
      1253.71  3.96710e-08  3.23639e-11
      1254.03  2.59287e-08  2.54886e-11
      1254.34  1.39275e-08  1.89869e-11
      1254.66  1.60582e-08  2.07467e-11
      1254.97  2.42346e-08  2.67195e-11
      1255.29  1.72960e-08  2.16108e-11
      1255.60  8.78481e-09  1.51111e-11
      1255.92  9.35507e-09  1.52850e-11
      1256.23  1.47369e-08  1.75170e-11
      1256.55  2.29409e-08  2.25497e-11
      1256.87  1.73461e-08  1.92330e-11
      1257.18  8.88043e-09  1.44298e-11
      1257.50  6.52432e-09  1.33928e-11
      1257.81  7.14728e-09  1.41825e-11
      1258.13  8.84935e-09  1.58463e-11
      1258.45  9.03235e-09  1.54507e-11
      1258.76  9.44220e-09  1.50158e-11
      1259.08  1.51510e-08  1.80542e-11
      1259.40  2.86101e-08  2.49789e-11
      1259.72  3.82473e-08  2.99291e-11
      1260.03  3.01204e-08  2.68153e-11
      1260.35  2.27429e-08  2.38046e-11
      1260.67  2.80792e-08  2.86679e-11
      1260.99  2.68459e-08  2.80130e-11
      1261.30  2.20182e-08  2.38598e-11
      1261.62  2.61103e-08  2.49246e-11
      1261.94  2.74080e-08  2.41526e-11
      1262.26  2.79972e-08  2.51454e-11
      1262.58  2.12740e-08  2.28247e-11
      1262.90  2.13839e-08  2.34434e-11
      1263.22  3.10115e-08  2.98381e-11
      1263.54  2.68032e-08  2.72123e-11
      1263.86  1.82963e-08  2.21438e-11
      1264.17  1.48679e-08  1.98962e-11
      1264.49  1.12727e-08  1.65045e-11
      1264.81  1.16714e-08  1.55151e-11
      1265.13  2.11010e-08  2.01842e-11
      1265.45  3.18004e-08  2.49194e-11
      1265.77  2.92287e-08  2.39608e-11
      1266.10  1.72796e-08  1.83251e-11
      1266.42  9.80520e-09  1.44094e-11
      1266.74  8.36624e-09  1.34653e-11
      1267.06  1.06581e-08  1.45531e-11
      1267.38  1.97667e-08  1.85397e-11
      1267.70  3.41905e-08  2.43499e-11
      1268.02  3.73635e-08  2.44289e-11
      1268.34  3.70430e-08  2.48390e-11
      1268.67  3.41991e-08  2.41360e-11
      1268.99  3.36108e-08  2.54852e-11
      1269.31  2.73683e-08  2.35631e-11
      1269.63  1.92103e-08  2.03226e-11
      1269.95  1.61433e-08  1.87959e-11
      1270.28  1.86786e-08  1.95658e-11
      1270.60  2.85593e-08  2.42195e-11
      1270.92  3.43358e-08  2.61962e-11
      1271.25  3.72152e-08  2.76690e-11
      1271.57  3.64146e-08  2.75683e-11
      1271.89  2.36912e-08  2.19479e-11
      1272.22  1.19625e-08  1.60759e-11
      1272.54  7.72581e-09  1.43083e-11
      1272.86  6.24819e-09  1.37327e-11
      1273.19  5.82733e-09  1.27003e-11
      1273.51  6.77038e-09  1.25584e-11
      1273.84  9.87002e-09  1.44410e-11
      1274.16  1.29154e-08  1.61178e-11
      1274.49  1.64476e-08  1.76404e-11
      1274.81  2.66675e-08  2.30597e-11
      1275.14  3.59877e-08  2.72033e-11
      1275.46  3.35280e-08  2.59156e-11
      1275.79  2.36635e-08  2.12539e-11
      1276.11  1.65591e-08  1.68604e-11
      1276.44  1.98890e-08  1.75350e-11
      1276.76  3.07619e-08  2.19116e-11
      1277.09  3.30714e-08  2.23752e-11
      1277.42  3.30881e-08  2.34198e-11
      1277.74  2.45664e-08  2.08329e-11
      1278.07  1.28677e-08  1.56441e-11
      1278.40  8.09615e-09  1.34383e-11
      1278.72  6.38563e-09  1.22415e-11
      1279.05  6.24315e-09  1.19864e-11
      1279.38  7.96675e-09  1.31247e-11
      1279.71  1.12058e-08  1.52305e-11
      1280.03  1.44825e-08  1.77494e-11
      1280.36  1.35399e-08  1.67956e-11
      1280.69  1.40992e-08  1.72763e-11
      1281.02  1.80014e-08  1.99240e-11
      1281.34  2.43802e-08  2.42628e-11
      1281.67  2.88805e-08  2.75311e-11
      1282.00  2.38412e-08  2.36312e-11
      1282.33  2.38123e-08  2.19512e-11
      1282.66  3.46633e-08  2.59703e-11
      1282.99  4.31597e-08  2.83605e-11
      1283.32  4.32149e-08  2.85337e-11
      1283.65  3.22739e-08  2.47548e-11
      1283.98  1.86678e-08  1.89010e-11
      1284.31  1.15662e-08  1.53244e-11
      1284.64  8.89498e-09  1.33912e-11
      1284.97  8.62872e-09  1.26458e-11
      1285.30  1.00899e-08  1.34048e-11
      1285.63  8.89865e-09  1.23123e-11
      1285.96  8.01850e-09  1.17986e-11
      1286.29  1.13857e-08  1.46095e-11
      1286.62  1.58009e-08  1.82301e-11
      1286.95  1.49530e-08  1.80570e-11
      1287.28  1.74051e-08  1.96182e-11
      1287.61  2.95414e-08  2.65778e-11
      1287.95  3.52646e-08  2.81605e-11
      1288.28  3.52689e-08  2.72723e-11
      1288.61  3.49356e-08  2.53848e-11
      1288.94  3.50975e-08  2.61491e-11
      1289.27  2.57460e-08  2.31159e-11
      1289.61  1.94035e-08  2.19954e-11
      1289.94  1.62337e-08  2.04358e-11
      1290.27  1.13655e-08  1.67010e-11
      1290.61  9.92798e-09  1.56920e-11
      1290.94  7.70878e-09  1.28867e-11
      1291.27  5.84521e-09  1.07513e-11
      1291.61  6.67316e-09  1.09201e-11
      1291.94  1.04702e-08  1.34999e-11
      1292.27  1.67549e-08  1.69085e-11
      1292.61  2.34150e-08  2.10838e-11
      1292.94  1.79241e-08  1.81649e-11
      1293.28  1.44690e-08  1.63886e-11
      1293.61  1.84885e-08  1.88573e-11
      1293.95  2.25979e-08  1.99036e-11
      1294.28  3.17468e-08  2.39036e-11
      1294.62  3.56267e-08  2.55801e-11
      1294.95  3.10980e-08  2.43323e-11
      1295.29  3.01051e-08  2.56280e-11
      1295.62  2.63891e-08  2.40095e-11
      1295.96  2.03494e-08  2.08228e-11
      1296.29  1.78333e-08  1.96607e-11
      1296.63  1.81487e-08  1.99397e-11
      1296.97  2.13611e-08  2.13641e-11
      1297.30  3.04954e-08  2.44010e-11
      1297.64  3.94540e-08  2.74360e-11
      1297.98  3.53459e-08  2.57189e-11
      1298.31  2.44187e-08  2.13741e-11
      1298.65  1.51207e-08  1.69566e-11
      1298.99  1.18696e-08  1.48155e-11
      1299.33  1.79573e-08  1.77005e-11
      1299.66  2.95660e-08  2.22588e-11
      1300.00  3.35931e-08  2.29349e-11
      1300.34  2.99396e-08  2.17447e-11
      1300.68  2.20610e-08  1.87095e-11
      1301.02  2.17648e-08  1.91717e-11
      1301.35  3.45606e-08  2.62262e-11
      1301.69  4.15209e-08  2.98773e-11
      1302.03  4.01794e-08  3.01320e-11
      1302.37  3.61598e-08  2.78318e-11
      1302.71  4.00719e-08  2.76634e-11
      1303.05  4.38919e-08  2.77000e-11
      1303.39  4.86621e-08  2.92259e-11
      1303.73  5.16000e-08  3.18511e-11
      1304.07  4.81610e-08  3.16532e-11
      1304.41  4.90133e-08  3.17045e-11
      1304.75  5.19008e-08  3.23150e-11
      1305.09  5.36011e-08  3.14585e-11
      1305.43  6.10427e-08  3.21367e-11
      1305.77  7.01278e-08  3.30508e-11
      1306.11  7.02034e-08  3.25856e-11
      1306.46  5.01784e-08  2.72907e-11
      1306.80  2.73164e-08  2.03635e-11
      1307.14  1.61167e-08  1.67645e-11
      1307.48  1.16115e-08  1.50780e-11
      1307.82  9.43403e-09  1.43121e-11
      1308.16  9.26522e-09  1.42098e-11
      1308.51  1.07753e-08  1.56521e-11
      1308.85  8.96938e-09  1.37238e-11
      1309.19  6.71556e-09  1.13712e-11
      1309.53  6.17179e-09  1.12214e-11
      1309.88  6.04172e-09  1.15859e-11
      1310.22  6.31302e-09  1.26683e-11
      1310.56  7.91183e-09  1.39748e-11
      1310.91  1.32565e-08  1.67351e-11
      1311.25  2.26754e-08  2.11916e-11
      1311.60  2.32761e-08  2.02303e-11
      1311.94  1.49520e-08  1.54489e-11
      1312.28  8.55077e-09  1.18711e-11
      1312.63  5.98310e-09  1.04670e-11
      1312.97  5.20060e-09  1.02266e-11
      1313.32  6.71844e-09  1.17108e-11
      1313.66  1.02141e-08  1.48733e-11
      1314.01  9.06273e-09  1.39776e-11
      1314.35  5.55570e-09  1.11093e-11
      1314.70  4.31168e-09  1.01009e-11
      1315.05  4.28034e-09  1.01613e-11
      1315.39  4.76812e-09  1.04214e-11
      1315.74  5.93595e-09  1.16369e-11
      1316.08  8.57494e-09  1.43917e-11
      1316.43  1.55898e-08  1.95274e-11
      1316.78  2.50413e-08  2.46286e-11
      1317.12  2.10904e-08  2.09932e-11
      1317.47  1.09449e-08  1.40226e-11
      1317.82  6.87301e-09  1.10993e-11
      1318.17  6.85466e-09  1.08217e-11
      1318.51  1.10046e-08  1.39739e-11
      1318.86  1.38539e-08  1.61722e-11
      1319.21  9.53053e-09  1.36343e-11
      1319.56  5.67917e-09  1.10897e-11
      1319.91  5.85107e-09  1.16261e-11
      1320.25  5.95425e-09  1.14426e-11
      1320.60  5.94852e-09  1.14534e-11
      1320.95  7.14324e-09  1.24205e-11
      1321.30  9.77698e-09  1.38796e-11
      1321.65  1.77229e-08  1.85993e-11
      1322.00  3.05075e-08  2.59748e-11
      1322.35  2.71856e-08  2.53397e-11
      1322.70  1.51177e-08  1.84819e-11
      1323.05  1.01392e-08  1.43689e-11
      1323.40  1.09830e-08  1.43215e-11
      1323.75  1.28777e-08  1.47882e-11
      1324.10  1.33405e-08  1.51500e-11
      1324.45  1.02714e-08  1.34641e-11
      1324.80  7.51448e-09  1.21431e-11
      